   4.0536530e-01
   1.7917303e-01
   1.1357852e-02
  -1.1083735e-01
  -1.6595370e-01
  -1.9160431e-01
  -2.0108248e-01
  -2.2659819e-01
  -2.6503309e-01
  -3.1838865e-01
  -3.7669498e-01
  -4.4231123e-01
  -4.4748348e-01
  -4.1386028e-01
  -3.6722925e-01
  -3.1751458e-01
  -2.9430039e-01
  -3.2305742e-01
  -3.6117092e-01
  -3.6919260e-01
  -3.5267849e-01
  -3.0046815e-01
  -2.4550204e-01
  -2.0193535e-01
  -1.7994142e-01
  -1.7583193e-01
  -1.7474275e-01
  -1.6417269e-01
  -1.2948980e-01
  -9.2415435e-02
  -5.6658706e-02
  -1.5569445e-02
   2.1386782e-02
   1.3804117e-01
   3.2845207e-01
   5.6106486e-01
   8.9077251e-01
   1.1804742e+00
   1.4106932e+00
   1.6026064e+00
   1.6928023e+00
   1.7206542e+00
   1.7236208e+00
   1.7349092e+00
   1.7623829e+00
   1.7829734e+00
   1.7609011e+00
   1.7231114e+00
   1.6244485e+00
   1.4669852e+00
   1.2645536e+00
   1.0182073e+00
   8.5212022e-01
   7.3479932e-01
   6.7316514e-01
   6.8449603e-01
   7.3222772e-01
   8.0544326e-01
   8.4523447e-01
   8.3224119e-01
   6.8129942e-01
   4.8014329e-01
   2.7447281e-01
   8.1508978e-02
   3.6297988e-02
   1.2769587e-01
   3.9808567e-01
   6.8002406e-01
   9.0860887e-01
   9.9536520e-01
   9.0098740e-01
   7.0297549e-01
   2.6852995e-01
   2.9332130e-01
   3.1626590e-01
   3.0304364e-01
   2.6694129e-01
   2.2817410e-01
   1.8830756e-01
   1.5105342e-01
   1.0113319e-01
   2.9619489e-02
  -2.0046661e-02
  -7.4426026e-02
  -2.1254612e-01
  -4.2112491e-01
  -6.0904316e-01
  -5.7524762e-01
  -2.4757350e-01
   1.6563302e-01
   4.1565185e-01
   3.2241439e-01
   1.4608321e-01
   6.2820637e-02
   1.1770548e-01
   1.7398975e-01
   1.6363299e-01
   1.2293681e-01
   1.3135789e-01
   1.2826452e-01
   6.7447708e-02
  -7.1641540e-03
  -4.8887965e-02
  -8.9058617e-02
  -2.4069817e-01
  -5.2998867e-01
  -6.8495866e-01
  -6.6449344e-01
  -5.3375337e-01
  -4.5622815e-01
  -4.2823879e-01
  -4.2615347e-01
  -4.3004307e-01
  -4.1707967e-01
  -3.1917623e-01
  -1.2026106e-01
   1.7094516e-01
   5.6439785e-01
   8.9695243e-01
   1.2506433e+00
   1.6188425e+00
   1.7068053e+00
   1.4756406e+00
   8.4265595e-01
   2.8185349e-01
  -8.0825918e-02
  -1.6737673e-01
  -5.9325111e-02
   6.5156141e-02
   1.9855360e-01
   3.3503749e-01
   4.9358373e-01
   5.7798619e-01
   5.0480705e-01
   3.0052744e-01
  -8.8501367e-02
  -3.7585878e-01
  -4.6821070e-01
  -2.3056830e-01
   1.3757967e-01
   4.5030860e-01
   5.5114373e-01
   4.5508833e-01
   3.3005855e-01
   5.6328614e-01
   5.3849210e-01
   5.7256455e-01
   5.9242636e-01
   5.8065787e-01
   5.9860327e-01
   6.4563408e-01
   6.5663422e-01
   6.5779627e-01
   6.9294384e-01
   7.3341461e-01
   7.4370788e-01
   7.3690356e-01
   7.5382955e-01
   6.7897321e-01
   1.7828820e-01
  -3.7795307e-01
  -4.8915671e-01
   1.9903340e-01
   6.4741004e-01
   4.9942056e-01
   1.8111971e-01
   2.7341944e-01
   4.5487430e-01
   3.2410608e-01
   1.9354014e-01
   3.3051542e-01
   4.9791702e-01
   3.8287970e-01
   2.0113501e-01
   1.2512432e-01
   1.3292697e-01
   1.0334841e-01
  -3.7427962e-02
  -2.1695041e-01
  -3.1593415e-01
  -1.6484512e-01
   5.8211478e-02
   1.4204212e-01
  -1.0430851e-02
  -2.5583389e-01
  -6.1025365e-01
  -1.1524417e+00
  -1.4810548e+00
  -1.6012376e+00
  -1.6333916e+00
  -1.6433789e+00
  -1.5224792e+00
  -1.1505942e+00
  -8.0255017e-01
  -5.7221150e-01
  -4.7723886e-01
  -4.7344283e-01
  -4.9137127e-01
  -4.7900606e-01
  -3.8189054e-01
  -2.3671320e-01
  -1.0285598e-01
  -2.7429235e-02
   8.2329510e-02
   2.7633160e-01
   4.0795580e-01
   4.3842005e-01
   2.7316263e-01
   3.4632752e-02
  -9.4367690e-02
   1.0699741e-01
   4.5894087e-01
   7.3770268e-01
   8.2415171e-01
   7.3485971e-01
   6.5291460e-01
   5.8749676e-01
   7.1217462e-01
   7.2451687e-01
   7.7360127e-01
   8.8540860e-01
   9.1398211e-01
   9.8146410e-01
   1.0899748e+00
   1.1353924e+00
   1.2331029e+00
   1.3311204e+00
   1.3669119e+00
   1.4914132e+00
   1.5616752e+00
   1.5481826e+00
   1.6532942e+00
   1.3165311e+00
   2.9927455e-01
  -2.9831300e-01
   3.6992997e-01
   8.4201300e-01
   5.0346443e-01
   3.8892045e-01
   7.0395692e-01
   7.5918071e-01
   3.5284383e-01
   2.6277880e-01
   7.3247160e-01
   8.0636595e-01
   5.5608471e-01
   3.8841978e-01
   3.8993808e-01
   3.6409317e-01
   4.0576749e-01
   3.2148057e-01
   4.9316876e-02
  -2.3352677e-05
   2.5744108e-01
   4.0639299e-01
   4.4062513e-01
   4.9807142e-01
   3.2730805e-01
  -2.0192065e-01
  -5.1836455e-01
  -6.7907027e-01
  -8.5922364e-01
  -9.8348908e-01
  -1.0219821e+00
  -9.3852122e-01
  -7.8950045e-01
  -6.1988734e-01
  -4.2743836e-01
  -3.2946422e-01
  -3.1597407e-01
  -3.2198757e-01
  -2.7290500e-01
  -1.6553095e-01
   1.0853827e-02
   1.4694969e-01
   3.1180991e-01
   5.3654486e-01
   6.0009647e-01
   5.8956356e-01
   6.0674781e-01
   5.4096082e-01
   4.5296657e-01
   6.6418102e-01
   1.0141648e+00
   1.2366960e+00
   1.2353955e+00
   9.5678607e-01
   6.5293713e-01
   8.0725491e-01
   9.8155641e-01
   1.0846666e+00
   1.2497707e+00
   1.3249666e+00
   1.4236997e+00
   1.5818463e+00
   1.6424469e+00
   1.7446123e+00
   1.8579692e+00
   1.9135345e+00
   2.0511979e+00
   2.1338790e+00
   2.2011182e+00
   2.3816034e+00
   2.3780651e+00
   2.3921731e+00
   2.2693491e+00
   8.6817780e-01
   7.7940363e-02
   5.8819848e-01
   8.6836108e-01
   6.1642361e-01
   8.2546473e-01
   1.2683822e+00
   1.1274097e+00
   4.9883864e-01
   2.5586045e-01
   7.5338474e-01
   9.1528507e-01
   6.2399674e-01
   5.8606896e-01
   5.0316773e-01
   5.1407867e-01
   6.2972836e-01
   3.8904893e-01
   2.3645592e-01
   3.7015516e-01
   1.8321398e-01
   7.7811253e-02
   3.3912037e-01
   4.4055824e-01
   3.5008885e-01
   2.3064793e-01
   7.3809926e-02
  -2.0261972e-02
  -7.9659582e-02
  -1.1489704e-01
  -3.2796355e-02
   7.2393988e-03
   1.7610339e-02
   5.5144641e-02
   6.4474120e-02
   1.1010675e-01
   1.3949006e-01
   1.6322207e-01
   3.0043715e-01
   5.3140854e-01
   6.4601708e-01
   6.5051072e-01
   5.8152982e-01
   6.1216036e-01
   6.9118552e-01
   7.1979334e-01
   6.6912923e-01
   5.0280571e-01
   4.1356026e-01
   6.3153533e-01
   9.4532767e-01
   1.0518064e+00
   7.8421053e-01
   6.1547443e-01
   1.1793995e+00
   1.3721488e+00
   1.5821385e+00
   1.7534240e+00
   1.8862050e+00
   2.0274108e+00
   2.1381697e+00
   2.2528393e+00
   2.3370396e+00
   2.4059060e+00
   2.5006138e+00
   2.5386855e+00
   2.6573981e+00
   2.7488388e+00
   2.7903914e+00
   3.0000729e+00
   2.9652969e+00
   3.0452165e+00
   2.8543340e+00
   1.2405784e+00
   3.9120355e-01
   9.8953598e-01
   9.0161538e-01
   9.2539198e-01
   1.5505709e+00
   1.8526812e+00
   1.6746572e+00
   5.8708685e-01
   2.7931678e-01
   6.5488554e-01
   8.5489741e-01
   7.5047546e-01
   5.2998015e-01
   4.5982043e-01
   6.3347998e-01
   5.5780543e-01
   5.1382720e-01
   6.3916755e-01
   5.2431993e-01
   3.3658263e-01
   3.7186915e-01
   4.6757485e-01
   6.1598517e-01
   7.0156597e-01
   6.6105857e-01
   5.3984748e-01
   4.9675983e-01
   4.6347328e-01
   4.3280417e-01
   4.3648178e-01
   4.6611352e-01
   5.1848179e-01
   5.0010636e-01
   5.7986356e-01
   6.1532495e-01
   5.3543565e-01
   5.2254170e-01
   7.4757074e-01
   8.6448069e-01
   6.6745058e-01
   4.3685806e-01
   4.5753987e-01
   6.2980865e-01
   7.5022984e-01
   6.5483291e-01
   5.7322647e-01
   4.3623557e-01
   3.8124788e-01
   6.6003368e-01
   8.1819980e-01
   6.9866164e-01
   8.5057378e-01
   1.6164636e+00
   1.8347976e+00
   2.0474694e+00
   2.2647693e+00
   2.4163970e+00
   2.5555632e+00
   2.6843415e+00
   2.7704025e+00
   2.8424889e+00
   2.9056940e+00
   2.9457316e+00
   3.0091374e+00
   3.0712523e+00
   3.1650745e+00
   3.2621862e+00
   3.3673924e+00
   3.5122417e+00
   3.4803260e+00
   3.6936525e+00
   3.0275199e+00
   1.2590692e+00
   8.5573675e-01
   1.0290622e+00
   8.1379291e-01
   1.3848112e+00
   1.9363852e+00
   2.4308803e+00
   2.2863915e+00
   1.3098796e+00
   4.8632726e-01
   7.0999862e-01
   9.1818103e-01
   6.1204859e-01
   4.0166205e-01
   5.5574422e-01
   6.0539923e-01
   6.8569551e-01
   7.6098894e-01
   7.4436477e-01
   6.8291111e-01
   6.6919252e-01
   6.5476653e-01
   7.3460884e-01
   8.7134522e-01
   8.7295949e-01
   8.2747729e-01
   8.0235966e-01
   7.3141964e-01
   6.8736278e-01
   8.3733677e-01
   1.0992608e+00
   1.2803825e+00
   1.3827820e+00
   1.5294897e+00
   1.5588061e+00
   1.3801197e+00
   8.2384915e-01
   5.4068981e-01
   8.2521008e-01
   8.7825966e-01
   8.0527685e-01
   6.6810705e-01
   6.8024452e-01
   7.6909866e-01
   6.7654875e-01
   6.9613919e-01
   7.4201243e-01
   7.5911929e-01
   8.7350837e-01
   8.9742164e-01
   1.0196611e+00
   1.3151703e+00
   2.0755413e+00
   2.2858254e+00
   2.5066114e+00
   2.7174797e+00
   2.8841901e+00
   3.0211803e+00
   3.1468557e+00
   3.2382331e+00
   3.2879428e+00
   3.3534384e+00
   3.3905066e+00
   3.4351673e+00
   3.4985449e+00
   3.5539682e+00
   3.6362392e+00
   3.7456027e+00
   3.8039972e+00
   3.9041618e+00
   3.9147340e+00
   3.9640820e+00
   2.8396570e+00
   9.3897481e-01
   9.8796625e-01
   8.4351623e-01
   9.6018866e-01
   1.5896058e+00
   2.2707954e+00
   3.0537498e+00
   2.6246076e+00
   1.2074779e+00
   5.3818652e-01
   9.2259433e-01
   7.2292634e-01
   3.1793178e-01
   4.5707860e-01
   5.9224900e-01
   7.7138028e-01
   8.6853824e-01
   8.8787591e-01
   8.9842193e-01
   9.2306577e-01
   8.8634592e-01
   8.5616213e-01
   9.4828420e-01
   9.8519172e-01
   9.9372275e-01
   1.0246325e+00
   8.3831559e-01
   1.0540299e+00
   1.6643404e+00
   1.8502588e+00
   1.9422224e+00
   2.1320956e+00
   2.3069659e+00
   2.3517778e+00
   2.3197249e+00
   2.0778560e+00
   1.6851885e+00
   1.7273011e+00
   1.7419129e+00
   1.2672178e+00
   9.3769866e-01
   8.0826888e-01
   7.6134249e-01
   7.3967036e-01
   7.6075766e-01
   8.1253864e-01
   8.7296311e-01
   1.0663211e+00
   1.3796833e+00
   1.5737034e+00
   1.7964624e+00
   2.4434885e+00
   2.6660739e+00
   2.8607698e+00
   3.0718037e+00
   3.2178836e+00
   3.3391201e+00
   3.4541560e+00
   3.5280923e+00
   3.5808216e+00
   3.6497548e+00
   3.6833567e+00
   3.7378248e+00
   3.7539987e+00
   3.8155316e+00
   3.8257328e+00
   3.9290210e+00
   3.9347908e+00
   4.0100979e+00
   4.0313641e+00
   4.1449833e+00
   3.9565765e+00
   1.8524067e+00
   1.0670512e+00
   1.0079674e+00
   9.6396060e-01
   1.1716221e+00
   1.5417682e+00
   2.6599037e+00
   2.5048336e+00
   1.4560171e+00
   7.1042852e-01
   7.8592238e-01
   8.5446654e-01
   2.6933235e-01
   3.9513100e-01
   5.8679802e-01
   8.2176375e-01
   9.3079889e-01
   9.7822895e-01
   1.0287776e+00
   1.0909059e+00
   1.0840859e+00
   1.0466177e+00
   1.0344113e+00
   1.0772478e+00
   1.0823389e+00
   1.2519546e+00
   1.0745694e+00
   1.6918797e+00
   2.4749363e+00
   2.4467784e+00
   2.4775863e+00
   2.5978137e+00
   2.7191165e+00
   2.7642247e+00
   2.7876944e+00
   2.9458625e+00
   2.9888506e+00
   2.9311457e+00
   2.7398252e+00
   1.3406269e+00
   9.5846904e-01
   8.5122748e-01
   8.2033114e-01
   8.3652510e-01
   8.2570025e-01
   9.2343778e-01
   1.2828888e+00
   1.6949794e+00
   1.9523258e+00
   2.0227666e+00
   2.2006160e+00
   2.6245382e+00
   2.8158487e+00
   2.9721408e+00
   3.1422569e+00
   3.2482003e+00
   3.3508188e+00
   3.4449746e+00
   3.5188200e+00
   3.5810839e+00
   3.6523512e+00
   3.6957383e+00
   3.7247398e+00
   3.7631446e+00
   3.7971201e+00
   3.8393335e+00
   3.8790798e+00
   3.9201047e+00
   3.9340565e+00
   4.0080012e+00
   4.0563921e+00
   4.2190843e+00
   3.4164456e+00
   1.8312793e+00
   1.1696967e+00
   1.3697877e+00
   1.2014196e+00
   9.4030232e-01
   1.9764858e+00
   1.9612498e+00
   1.1371613e+00
   9.3105757e-01
   6.2248413e-01
   9.4456598e-01
   3.5934903e-01
   4.4852700e-01
   6.1763928e-01
   9.0156191e-01
   9.9361104e-01
   1.0497280e+00
   1.1223114e+00
   1.2290306e+00
   1.2498041e+00
   1.2628263e+00
   1.1942981e+00
   1.1714468e+00
   1.0074155e+00
   1.1275323e+00
   1.2869627e+00
   2.4830044e+00
   2.9640527e+00
   2.8843785e+00
   2.9298588e+00
   2.9797154e+00
   2.9967743e+00
   2.9672187e+00
   2.9615634e+00
   3.0257418e+00
   3.1643991e+00
   3.1580127e+00
   3.0798170e+00
   1.9305926e+00
   1.1508071e+00
   9.3921034e-01
   9.4655950e-01
   8.9917896e-01
   8.8586282e-01
   1.3357516e+00
   2.0119818e+00
   2.2409340e+00
   2.2393111e+00
   2.2811850e+00
   2.4281601e+00
   2.6087085e+00
   2.7306171e+00
   2.8397530e+00
   2.9408578e+00
   3.0160908e+00
   3.0923634e+00
   3.1928936e+00
   3.2633012e+00
   3.3437606e+00
   3.4132192e+00
   3.4695509e+00
   3.4952747e+00
   3.5529053e+00
   3.5921532e+00
   3.6509574e+00
   3.6883519e+00
   3.7324961e+00
   3.7601638e+00
   3.8311257e+00
   3.9044882e+00
   4.0365244e+00
   4.2952977e+00
   2.8896246e+00
   1.3327632e+00
   1.6007829e+00
   1.5649403e+00
   9.8176447e-01
   1.2839207e+00
   1.4478846e+00
   9.3940565e-01
   1.0923320e+00
   5.5699745e-01
   1.0216570e+00
   7.3002376e-01
   6.8182795e-01
   7.4289554e-01
   1.0207001e+00
   1.1138694e+00
   1.1212498e+00
   1.1846820e+00
   1.3136617e+00
   1.3771952e+00
   1.4204797e+00
   1.3744467e+00
   1.3127518e+00
   1.1005138e+00
   1.1273981e+00
   1.7464499e+00
   3.2182617e+00
   3.2579662e+00
   3.1505994e+00
   3.1368241e+00
   3.1209273e+00
   3.0438966e+00
   2.9342676e+00
   2.8694710e+00
   2.8888801e+00
   2.9516893e+00
   2.9442006e+00
   2.9801243e+00
   2.6566505e+00
   1.4273917e+00
   1.0453562e+00
   1.0120358e+00
   9.4911458e-01
   1.2023997e+00
   2.1004775e+00
   2.5838224e+00
   2.4781822e+00
   2.3846880e+00
   2.4076735e+00
   2.4854655e+00
   2.4240706e+00
   2.4729350e+00
   2.5240140e+00
   2.5726698e+00
   2.6234602e+00
   2.6891007e+00
   2.7882211e+00
   2.8620452e+00
   2.9405666e+00
   3.0206361e+00
   3.0784916e+00
   3.1286801e+00
   3.1838556e+00
   3.2384662e+00
   3.2848319e+00
   3.3373347e+00
   3.3780232e+00
   3.4362129e+00
   3.5153733e+00
   3.6399900e+00
   3.7400156e+00
   4.1777465e+00
   3.4577008e+00
   1.5563246e+00
   1.4939405e+00
   1.8936389e+00
   1.3857037e+00
   9.5682947e-01
   1.1166290e+00
   9.3349522e-01
   1.2048297e+00
   6.5939825e-01
   1.1952743e+00
   1.4481400e+00
   1.0310724e+00
   9.2560474e-01
   1.1552424e+00
   1.3173956e+00
   1.2738361e+00
   1.2829826e+00
   1.3825835e+00
   1.4728282e+00
   1.5009391e+00
   1.4732140e+00
   1.4202566e+00
   1.3135576e+00
   1.5821524e+00
   2.6804377e+00
   3.6457682e+00
   3.3731749e+00
   3.2393704e+00
   3.1377655e+00
   3.0619397e+00
   2.9271176e+00
   2.7809316e+00
   2.6508166e+00
   2.6318105e+00
   2.6684156e+00
   2.6910825e+00
   2.7427105e+00
   2.8050157e+00
   1.6624437e+00
   1.1594592e+00
   1.0066574e+00
   1.1716558e+00
   1.9516691e+00
   2.8210753e+00
   2.8148396e+00
   2.5751045e+00
   2.4612596e+00
   2.4148670e+00
   2.4023458e+00
   2.0877536e+00
   2.0682793e+00
   2.0636310e+00
   2.0810276e+00
   2.1186404e+00
   2.1768209e+00
   2.2662862e+00
   2.3432602e+00
   2.4173441e+00
   2.5009963e+00
   2.5613169e+00
   2.6263450e+00
   2.6788760e+00
   2.7298754e+00
   2.7742858e+00
   2.8156025e+00
   2.8818427e+00
   2.9426981e+00
   3.0832270e+00
   3.2239696e+00
   3.3915241e+00
   3.7178409e+00
   3.4655711e+00
   1.9790236e+00
   1.3302727e+00
   2.0870231e+00
   1.7648577e+00
   9.5809957e-01
   1.0699669e+00
   1.0218065e+00
   1.2688553e+00
   1.0210572e+00
   1.6524107e+00
   2.2879345e+00
   1.3745451e+00
   1.1204162e+00
   1.3061255e+00
   1.5943711e+00
   1.5212898e+00
   1.4264439e+00
   1.4638486e+00
   1.5193698e+00
   1.5137905e+00
   1.4683343e+00
   1.4381467e+00
   1.3743119e+00
   2.2241186e+00
   3.6842326e+00
   3.6838426e+00
   3.3155494e+00
   3.1735452e+00
   3.0150087e+00
   2.8836917e+00
   2.7359205e+00
   2.5515894e+00
   2.4031133e+00
   2.3050260e+00
   2.3285398e+00
   2.3508261e+00
   2.3853536e+00
   2.5640501e+00
   2.0551715e+00
   1.4314211e+00
   1.1003988e+00
   1.6873747e+00
   2.8188999e+00
   3.1016416e+00
   2.7748170e+00
   2.5434886e+00
   2.3819480e+00
   2.2617859e+00
   2.1650935e+00
   1.5849230e+00
   1.4931703e+00
   1.4426998e+00
   1.4388764e+00
   1.4613019e+00
   1.5043476e+00
   1.5788596e+00
   1.6589026e+00
   1.7348519e+00
   1.7978094e+00
   1.8611294e+00
   1.9230136e+00
   1.9634309e+00
   1.9973560e+00
   2.0349656e+00
   2.0729045e+00
   2.1532615e+00
   2.2581353e+00
   2.4115065e+00
   2.6133465e+00
   2.8479849e+00
   3.1361374e+00
   3.6418137e+00
   2.9215072e+00
   1.3396690e+00
   2.0788847e+00
   1.8755515e+00
   9.9352035e-01
   1.1352066e+00
   1.1492534e+00
   1.4407283e+00
   2.0942366e+00
   3.0555682e+00
   2.6994799e+00
   1.7154051e+00
   1.4387868e+00
   1.5500500e+00
   1.9167746e+00
   1.7463300e+00
   1.5005233e+00
   1.5171070e+00
   1.4750844e+00
   1.3972422e+00
   1.3625621e+00
   1.3272326e+00
   1.3436720e+00
   2.8242153e+00
   3.8729934e+00
   3.4241604e+00
   3.1438022e+00
   2.9560114e+00
   2.6984118e+00
   2.5685111e+00
   2.4229885e+00
   2.2181640e+00
   2.0655387e+00
   1.9200562e+00
   1.8839489e+00
   1.8835095e+00
   1.8923276e+00
   2.2792788e+00
   2.6152140e+00
   2.0814992e+00
   1.7081486e+00
   2.4848558e+00
   2.9111331e+00
   2.7290423e+00
   2.4766529e+00
   2.2776001e+00
   2.0808965e+00
   1.8966316e+00
   1.7313013e+00
   8.9453652e-01
   7.7682597e-01
   6.9537754e-01
   6.5237378e-01
   6.4279982e-01
   6.5669800e-01
   7.0749368e-01
   7.6120743e-01
   8.1091810e-01
   8.5657606e-01
   8.9743792e-01
   9.3019308e-01
   9.4216367e-01
   9.5190920e-01
   9.7575022e-01
   1.0396352e+00
   1.1353204e+00
   1.2698376e+00
   1.4995317e+00
   1.7451895e+00
   2.0186166e+00
   2.3860711e+00
   2.7661193e+00
   3.2729047e+00
   1.6002866e+00
   1.8509679e+00
   1.7228360e+00
   9.5844479e-01
   1.0588683e+00
   1.1552806e+00
   1.9166135e+00
   3.2365202e+00
   3.8362412e+00
   2.8090589e+00
   2.3991002e+00
   2.1852839e+00
   2.0469163e+00
   2.1585376e+00
   1.6440184e+00
   1.3970609e+00
   1.3444856e+00
   1.2189443e+00
   1.1587375e+00
   1.1610498e+00
   1.1224269e+00
   1.4261630e+00
   2.7380679e+00
   3.2960157e+00
   2.9001975e+00
   2.7148719e+00
   2.4921547e+00
   2.2322255e+00
   2.1020900e+00
   1.9498112e+00
   1.7453225e+00
   1.5751794e+00
   1.4119399e+00
   1.3168293e+00
   1.2602026e+00
   1.2259194e+00
   1.5273857e+00
   1.8918338e+00
   2.1055676e+00
   2.2697139e+00
   2.3392515e+00
   2.2502074e+00
   2.1281012e+00
   1.9202234e+00
   1.7401485e+00
   1.5062828e+00
   1.2862067e+00
   1.0838661e+00
   2.9176708e-01
   1.6107349e-01
   5.8530922e-02
  -2.3887921e-02
  -6.5350406e-02
  -8.2243036e-02
  -7.2339769e-02
  -4.8964746e-02
  -2.6406868e-02
  -6.4530211e-03
   9.2967651e-03
   1.4060236e-02
   9.1226237e-05
  -1.3119748e-03
   2.4774367e-02
   1.0693939e-01
   2.2455255e-01
   3.9193728e-01
   6.6498085e-01
   9.3860267e-01
   1.2427444e+00
   1.6545198e+00
   2.0227191e+00
   2.5224855e+00
   1.5626003e+00
   1.8185626e+00
   1.9254092e+00
   1.3888801e+00
   1.5295067e+00
   1.7523098e+00
   2.8127791e+00
   3.6193162e+00
   3.5153579e+00
   2.5803941e+00
   2.4945767e+00
   2.3627153e+00
   1.9378787e+00
   1.9434872e+00
   1.5458460e+00
   1.2957058e+00
   1.1159210e+00
   1.0229485e+00
   1.0091808e+00
   9.9008977e-01
   9.8672278e-01
   1.6170442e+00
   2.5732797e+00
   2.6124931e+00
   2.3272497e+00
   2.2530627e+00
   2.0565682e+00
   1.8048253e+00
   1.6512549e+00
   1.4739988e+00
   1.2436798e+00
   1.0564985e+00
   8.8411113e-01
   7.5836564e-01
   6.7801373e-01
   6.0530337e-01
   8.4168284e-01
   1.1859819e+00
   1.4367126e+00
   1.5869758e+00
   1.7079302e+00
   1.7164783e+00
   1.6160084e+00
   1.3900893e+00
   1.1855935e+00
   9.2632724e-01
   7.0073416e-01
   4.9230733e-01
  -3.0142383e-01
  -4.4439172e-01
  -5.6698111e-01
  -6.8685012e-01
  -7.6003131e-01
  -8.1092591e-01
  -8.4532839e-01
  -8.5251799e-01
  -8.5702747e-01
  -8.6547299e-01
  -8.7289445e-01
  -8.8785865e-01
  -9.1396259e-01
  -9.1578562e-01
  -8.8033667e-01
  -7.7606711e-01
  -6.3457100e-01
  -4.3877129e-01
  -1.4078577e-01
   1.4698569e-01
   4.6855591e-01
   8.9723065e-01
   1.2597915e+00
   1.6799923e+00
   1.4929352e+00
   1.6914495e+00
   2.0074070e+00
   1.8764895e+00
   2.0770252e+00
   2.3433435e+00
   3.1178740e+00
   3.3683560e+00
   2.9099975e+00
   2.1021273e+00
   2.1105483e+00
   2.1071764e+00
   1.5653574e+00
   1.5637034e+00
   1.3435140e+00
   1.1338834e+00
   9.2499995e-01
   9.2590258e-01
   9.8082663e-01
   8.9005926e-01
   9.0860521e-01
   1.6916609e+00
   2.2170476e+00
   2.0077031e+00
   1.8280220e+00
   1.7996195e+00
   1.6137798e+00
   1.3427191e+00
   1.1466866e+00
   9.3811830e-01
   6.8294805e-01
   4.8422759e-01
   3.0646914e-01
   1.6126939e-01
   7.0253517e-02
  -2.6728414e-02
   1.4113902e-01
   4.6642091e-01
   7.1880608e-01
   8.3434015e-01
   1.0118122e+00
   1.0879266e+00
   9.9782290e-01
   7.8389507e-01
   5.7695655e-01
   3.2074235e-01
   1.0737503e-01
  -9.5082326e-02
  -8.7924862e-01
  -1.0347625e+00
  -1.1768617e+00
  -1.3313762e+00
  -1.4353383e+00
  -1.5222573e+00
  -1.6014324e+00
  -1.6382550e+00
  -1.6689908e+00
  -1.7068628e+00
  -1.7347964e+00
  -1.7613212e+00
  -1.7864931e+00
  -1.7798674e+00
  -1.7301192e+00
  -1.5999561e+00
  -1.4339619e+00
  -1.2149577e+00
  -9.0682980e-01
  -6.1675470e-01
  -2.8993201e-01
   1.3274252e-01
   4.8474249e-01
   8.7738454e-01
   1.4234873e+00
   1.4595154e+00
   1.9396888e+00
   2.3611906e+00
   2.6308972e+00
   2.8573463e+00
   2.8182042e+00
   2.5994035e+00
   2.1573334e+00
   1.4330367e+00
   1.3407322e+00
   1.5046603e+00
   1.0119794e+00
   1.0819782e+00
   1.0476827e+00
   9.1891358e-01
   7.7965632e-01
   9.1872394e-01
   1.0588340e+00
   8.5640978e-01
   8.8005538e-01
   1.6444891e+00
   1.6968489e+00
   1.5023441e+00
   1.4153573e+00
   1.3684841e+00
   1.1725020e+00
   8.5568232e-01
   6.0254254e-01
   3.5921991e-01
   8.3248638e-02
  -1.2158943e-01
  -3.0185299e-01
  -4.5821088e-01
  -5.5043395e-01
  -6.5819606e-01
  -5.6232112e-01
  -2.4984954e-01
   3.8999084e-02
   1.5391682e-01
   3.1854261e-01
   3.7346382e-01
   2.8652933e-01
   1.1858935e-01
  -6.5861924e-02
  -2.9342202e-01
  -4.8105743e-01
  -6.6930186e-01
  -1.7886385e+00
  -1.9632102e+00
  -2.1311240e+00
  -2.3222219e+00
  -2.4677089e+00
  -2.5989564e+00
  -2.7277363e+00
  -2.8022729e+00
  -2.8595527e+00
  -2.9136667e+00
  -2.9441293e+00
  -2.9571387e+00
  -2.9447185e+00
  -2.9003726e+00
  -2.8104225e+00
  -2.6244710e+00
  -2.4281201e+00
  -2.2094250e+00
  -1.9278162e+00
  -1.6712585e+00
  -1.3916910e+00
  -1.0450770e+00
  -7.5976396e-01
  -4.6689697e-01
   6.4467415e-01
   2.6588991e-01
   4.8073425e-01
   7.2358479e-01
   8.7059918e-01
   9.4710289e-01
   9.3779892e-01
   9.1958057e-01
   8.3096966e-01
   5.2747515e-01
   3.5305053e-01
   7.4068777e-01
   5.4146840e-01
   2.0366216e-01
  -9.9596989e-03
   3.7514654e-01
   4.0114713e-01
   4.3833117e-01
   6.3928496e-01
   5.6859823e-01
   5.4312102e-01
   7.4955054e-01
   6.9985309e-01
   5.9100383e-01
   4.7007456e-01
   3.0750686e-01
   7.8804342e-02
  -2.4865448e-01
  -5.1615795e-01
  -7.5351663e-01
  -1.0073977e+00
  -1.1962228e+00
  -1.3594499e+00
  -1.4985866e+00
  -1.5763229e+00
  -1.6533590e+00
  -1.6253811e+00
  -1.3780659e+00
  -1.0630435e+00
  -9.1357120e-01
  -7.8986908e-01
  -7.6315157e-01
  -8.3339101e-01
  -9.4631182e-01
  -1.0869496e+00
  -1.2624863e+00
  -1.4139019e+00
  -1.5787497e+00
  -2.3184158e+00
  -2.5021651e+00
  -2.6796050e+00
  -2.8776045e+00
  -3.0334732e+00
  -3.1738324e+00
  -3.3081645e+00
  -3.3885718e+00
  -3.4512431e+00
  -3.4969799e+00
  -3.5089978e+00
  -3.4977282e+00
  -3.4518381e+00
  -3.3730138e+00
  -3.2488809e+00
  -3.0429151e+00
  -2.8518635e+00
  -2.6552345e+00
  -2.4141600e+00
  -2.2084712e+00
  -1.9980907e+00
  -1.7372409e+00
  -1.5097686e+00
  -1.2709680e+00
  -2.5981181e-02
  -7.4102533e-01
  -7.7172006e-01
  -6.8978476e-01
  -5.8563468e-01
  -5.6221823e-01
  -4.5250680e-01
  -2.0474177e-01
  -8.0186226e-02
  -7.5106760e-02
  -1.9049009e-01
   1.1267774e-01
   1.0413156e-01
  -5.3834877e-01
  -9.9052390e-01
  -5.3199260e-01
  -4.0024289e-01
  -3.8291393e-01
  -2.2905270e-01
  -2.2302333e-02
   2.7294971e-02
   9.3529715e-02
   8.2556281e-03
  -1.5129550e-01
  -3.4643980e-01
  -5.3836590e-01
  -7.6353537e-01
  -1.0655747e+00
  -1.3092523e+00
  -1.5189905e+00
  -1.7283497e+00
  -1.8853288e+00
  -2.0290375e+00
  -2.1459509e+00
  -2.2064464e+00
  -2.2456738e+00
  -2.2156793e+00
  -2.0116938e+00
  -1.7318794e+00
  -1.5918444e+00
  -1.4993763e+00
  -1.4720249e+00
  -1.5117904e+00
  -1.5868304e+00
  -1.6880748e+00
  -1.8308334e+00
  -1.9644924e+00
  -2.1143496e+00
  -2.7812270e+00
  -2.9689765e+00
  -3.1502833e+00
  -3.3483251e+00
  -3.5070698e+00
  -3.6482668e+00
  -3.7803925e+00
  -3.8614223e+00
  -3.9239302e+00
  -3.9582276e+00
  -3.9505060e+00
  -3.9154287e+00
  -3.8376503e+00
  -3.7284384e+00
  -3.5769027e+00
  -3.3624744e+00
  -3.1864018e+00
  -3.0183792e+00
  -2.8242549e+00
  -2.6742120e+00
  -2.5355384e+00
  -2.3652847e+00
  -2.2029096e+00
  -1.9948893e+00
  -6.6875489e-01
  -1.7276412e+00
  -2.0194688e+00
  -2.0601519e+00
  -1.9203002e+00
  -1.8146149e+00
  -1.5716770e+00
  -1.1897120e+00
  -8.9929492e-01
  -6.5162942e-01
  -6.9147391e-01
  -4.9731501e-01
  -2.9973277e-01
  -1.1371931e+00
  -1.8260743e+00
  -1.3361259e+00
  -1.1360195e+00
  -1.1039725e+00
  -9.4809049e-01
  -5.8965704e-01
  -5.0643543e-01
  -5.4339285e-01
  -6.7789048e-01
  -8.8335793e-01
  -1.1329935e+00
  -1.3430903e+00
  -1.5610373e+00
  -1.8350457e+00
  -2.0510457e+00
  -2.2287033e+00
  -2.3891448e+00
  -2.5145214e+00
  -2.6408295e+00
  -2.7312623e+00
  -2.7729833e+00
  -2.7796751e+00
  -2.7422244e+00
  -2.5763158e+00
  -2.3338211e+00
  -2.2001397e+00
  -2.1307615e+00
  -2.0995099e+00
  -2.1108881e+00
  -2.1518244e+00
  -2.2184637e+00
  -2.3326885e+00
  -2.4501763e+00
  -2.5855904e+00
  -3.3025512e+00
  -3.4845996e+00
  -3.6589427e+00
  -3.8418196e+00
  -3.9880680e+00
  -4.1121126e+00
  -4.2238225e+00
  -4.2941039e+00
  -4.3440452e+00
  -4.3549859e+00
  -4.3158149e+00
  -4.2473198e+00
  -4.1268904e+00
  -3.9827696e+00
  -3.8066149e+00
  -3.6055778e+00
  -3.4726747e+00
  -3.3605801e+00
  -3.2486625e+00
  -3.1897758e+00
  -3.1604987e+00
  -3.1321180e+00
  -3.0800848e+00
  -2.8649343e+00
  -1.5373489e+00
  -3.1108128e+00
  -3.8152707e+00
  -3.9484504e+00
  -3.5825254e+00
  -3.0573007e+00
  -2.5899595e+00
  -2.3062425e+00
  -1.8807253e+00
  -1.4283632e+00
  -1.3222380e+00
  -1.3403508e+00
  -8.1007043e-01
  -1.6862990e+00
  -2.7137371e+00
  -2.2715530e+00
  -2.0554924e+00
  -1.9253986e+00
  -1.6575752e+00
  -1.3586981e+00
  -1.3188079e+00
  -1.4230129e+00
  -1.6590585e+00
  -1.9203723e+00
  -2.2051092e+00
  -2.4166770e+00
  -2.6159792e+00
  -2.8436134e+00
  -3.0109974e+00
  -3.1323154e+00
  -3.2121858e+00
  -3.2923549e+00
  -3.3981748e+00
  -3.4408240e+00
  -3.4519628e+00
  -3.4232609e+00
  -3.3629424e+00
  -3.2404947e+00
  -3.0567113e+00
  -2.9253825e+00
  -2.8713518e+00
  -2.8272041e+00
  -2.8021207e+00
  -2.8020723e+00
  -2.8292450e+00
  -2.9115855e+00
  -3.0091828e+00
  -3.1249043e+00
  -3.5656086e+00
  -3.7219288e+00
  -3.8696694e+00
  -4.0147824e+00
  -4.1232224e+00
  -4.2137623e+00
  -4.2924237e+00
  -4.3328235e+00
  -4.3471065e+00
  -4.3159847e+00
  -4.2393845e+00
  -4.1327154e+00
  -3.9784550e+00
  -3.8328909e+00
  -3.6812762e+00
  -3.5468127e+00
  -3.4966876e+00
  -3.4790346e+00
  -3.4895798e+00
  -3.5357068e+00
  -3.6138635e+00
  -3.7162364e+00
  -3.7041691e+00
  -3.3919367e+00
  -2.6490267e+00
  -3.8359084e+00
  -3.9807835e+00
  -3.9251479e+00
  -3.7936027e+00
  -3.6553666e+00
  -3.3824149e+00
  -3.0441721e+00
  -2.6243334e+00
  -2.0802448e+00
  -1.8943489e+00
  -2.0840721e+00
  -1.5186205e+00
  -2.5016047e+00
  -3.6230633e+00
  -2.9269899e+00
  -2.5841931e+00
  -2.4148153e+00
  -2.1230161e+00
  -1.9509503e+00
  -1.9808659e+00
  -2.1807660e+00
  -2.4503734e+00
  -2.7390916e+00
  -3.0427022e+00
  -3.2490122e+00
  -3.4273881e+00
  -3.6177791e+00
  -3.7499443e+00
  -3.8317986e+00
  -3.8372377e+00
  -3.8605516e+00
  -3.9227796e+00
  -3.8722470e+00
  -3.8464321e+00
  -3.8490398e+00
  -3.7899293e+00
  -3.6862999e+00
  -3.5340193e+00
  -3.3957703e+00
  -3.3349195e+00
  -3.2708679e+00
  -3.2152906e+00
  -3.1858741e+00
  -3.1887990e+00
  -3.2391701e+00
  -3.3137050e+00
  -3.4114559e+00
  -3.6293721e+00
  -3.7618079e+00
  -3.8831623e+00
  -3.9961224e+00
  -4.0734387e+00
  -4.1349152e+00
  -4.1812791e+00
  -4.1922704e+00
  -4.1750790e+00
  -4.1086861e+00
  -4.0045135e+00
  -3.8744493e+00
  -3.7112374e+00
  -3.5859801e+00
  -3.4773715e+00
  -3.4139278e+00
  -3.4346716e+00
  -3.4944378e+00
  -3.5965319e+00
  -3.7120603e+00
  -3.8553077e+00
  -4.0213376e+00
  -4.0288104e+00
  -3.7343037e+00
  -3.2048194e+00
  -3.8511260e+00
  -3.7835091e+00
  -3.6841435e+00
  -3.5999579e+00
  -3.5489769e+00
  -3.3943310e+00
  -3.1585643e+00
  -2.8752609e+00
  -2.3234161e+00
  -2.1204185e+00
  -2.3148982e+00
  -1.7464361e+00
  -2.5905269e+00
  -3.6338112e+00
  -3.1942745e+00
  -2.8725947e+00
  -2.6777723e+00
  -2.3958149e+00
  -2.2864892e+00
  -2.3527371e+00
  -2.5808699e+00
  -2.8626697e+00
  -3.1619375e+00
  -3.4716474e+00
  -3.6726046e+00
  -3.8381605e+00
  -4.0075036e+00
  -4.1224084e+00
  -4.1844902e+00
  -4.1395698e+00
  -4.1281970e+00
  -4.2437710e+00
  -4.2377004e+00
  -4.1125516e+00
  -4.0536426e+00
  -3.9898143e+00
  -3.8940343e+00
  -3.7550773e+00
  -3.6069756e+00
  -3.5325708e+00
  -3.4535246e+00
  -3.3790900e+00
  -3.3345014e+00
  -3.3225943e+00
  -3.3522528e+00
  -3.4108285e+00
  -3.4943969e+00
  -3.6032037e+00
  -3.6994140e+00
  -3.7795973e+00
  -3.8457687e+00
  -3.8785865e+00
  -3.8973717e+00
  -3.8936482e+00
  -3.8588995e+00
  -3.7950793e+00
  -3.6777627e+00
  -3.5366566e+00
  -3.3793101e+00
  -3.2178131e+00
  -3.1380962e+00
  -3.1084883e+00
  -3.1590377e+00
  -3.2831988e+00
  -3.4534042e+00
  -3.6792758e+00
  -3.8809391e+00
  -4.0993179e+00
  -4.3225862e+00
  -4.3477361e+00
  -4.1535590e+00
  -3.7234963e+00
  -3.4261751e+00
  -3.2453253e+00
  -3.1692204e+00
  -3.0409455e+00
  -2.9370763e+00
  -2.9195402e+00
  -2.9434552e+00
  -2.9566250e+00
  -2.4457227e+00
  -2.2555706e+00
  -2.3520140e+00
  -1.7991704e+00
  -2.2705264e+00
  -3.0825689e+00
  -3.3673270e+00
  -3.1721768e+00
  -2.9462697e+00
  -2.7010988e+00
  -2.6494887e+00
  -2.7514535e+00
  -2.9811363e+00
  -3.2685140e+00
  -3.5736416e+00
  -3.8848245e+00
  -4.0773415e+00
  -4.2279524e+00
  -4.3745832e+00
  -4.4738197e+00
  -4.5173960e+00
  -4.4088550e+00
  -4.3571945e+00
  -4.6175650e+00
  -4.7681163e+00
  -4.4480236e+00
  -4.2341261e+00
  -4.1591659e+00
  -4.0687399e+00
  -3.9391486e+00
  -3.7737685e+00
  -3.6738876e+00
  -3.5744706e+00
  -3.4778711e+00
  -3.4185052e+00
  -3.3893309e+00
  -3.3936799e+00
  -3.4317620e+00
  -3.4955224e+00
  -3.2476556e+00
  -3.2877535e+00
  -3.3143932e+00
  -3.3279708e+00
  -3.3106450e+00
  -3.2705872e+00
  -3.1911894e+00
  -3.1037632e+00
  -2.9993619e+00
  -2.8502562e+00
  -2.7169220e+00
  -2.6070207e+00
  -2.5579289e+00
  -2.6089987e+00
  -2.7260895e+00
  -2.9379452e+00
  -3.1716564e+00
  -3.4379293e+00
  -3.7595488e+00
  -4.0197277e+00
  -4.2569990e+00
  -4.4197508e+00
  -4.3335438e+00
  -3.9877949e+00
  -3.1899022e+00
  -2.2765275e+00
  -2.0536188e+00
  -1.9601506e+00
  -1.8731034e+00
  -1.8140893e+00
  -1.8569826e+00
  -1.9466214e+00
  -2.2745859e+00
  -1.9269308e+00
  -1.7349561e+00
  -1.7132056e+00
  -1.2921824e+00
  -1.4254689e+00
  -1.5533698e+00
  -2.5922695e+00
  -3.2706040e+00
  -3.0853674e+00
  -2.8933044e+00
  -2.8476356e+00
  -2.9156243e+00
  -3.1327788e+00
  -3.4076538e+00
  -3.6867501e+00
  -3.9667280e+00
  -4.1337578e+00
  -4.2629875e+00
  -4.3906982e+00
  -4.5013524e+00
  -4.7085328e+00
  -4.8355599e+00
  -4.5619915e+00
  -4.5080881e+00
  -3.0734574e+00
  -3.8017457e+00
  -4.2670770e+00
  -4.1081939e+00
  -4.0086516e+00
  -3.8576245e+00
  -3.6566752e+00
  -3.5197756e+00
  -3.3972188e+00
  -3.2793015e+00
  -3.2046319e+00
  -3.1560389e+00
  -3.1401399e+00
  -3.1567965e+00
  -3.1908142e+00
  -2.9229894e+00
  -2.9367457e+00
  -2.9404418e+00
  -2.9277811e+00
  -2.8858500e+00
  -2.8186349e+00
  -2.7106009e+00
  -2.6106260e+00
  -2.5061504e+00
  -2.3820885e+00
  -2.2985532e+00
  -2.2622782e+00
  -2.3259409e+00
  -2.4773015e+00
  -2.6864105e+00
  -2.9769049e+00
  -3.2438884e+00
  -3.5243772e+00
  -3.8449330e+00
  -4.0864069e+00
  -4.2781764e+00
  -4.3438418e+00
  -4.1579337e+00
  -3.7133262e+00
  -2.7497645e+00
  -1.5794969e+00
  -1.4242062e+00
  -1.4033736e+00
  -1.3334735e+00
  -1.2961980e+00
  -1.3259236e+00
  -1.4153535e+00
  -1.8082279e+00
  -1.5785889e+00
  -1.3970721e+00
  -1.4075331e+00
  -1.0466257e+00
  -1.0445408e+00
  -1.0210005e+00
  -2.2706835e+00
  -3.2955728e+00
  -3.0899967e+00
  -2.9274592e+00
  -2.8680783e+00
  -2.9092768e+00
  -3.1085085e+00
  -3.3656847e+00
  -3.6196351e+00
  -3.8702971e+00
  -4.0185784e+00
  -4.1366274e+00
  -4.2624861e+00
  -4.3811058e+00
  -4.5923739e+00
  -4.2323633e+00
  -4.2515466e+00
  -4.2687926e+00
  -2.5044894e+00
  -3.5286524e+00
  -4.1625484e+00
  -3.9734234e+00
  -3.8517811e+00
  -3.6774021e+00
  -3.4546256e+00
  -3.2976281e+00
  -3.1612727e+00
  -3.0327826e+00
  -2.9506096e+00
  -2.8938940e+00
  -2.8694114e+00
  -2.8766058e+00
  -2.8952245e+00
  -2.3867122e+00
  -2.3693563e+00
  -2.3480765e+00
  -2.3029251e+00
  -2.2309001e+00
  -2.1320603e+00
  -1.9968763e+00
  -1.8938778e+00
  -1.8076956e+00
  -1.7519268e+00
  -1.7719124e+00
  -1.8723416e+00
  -2.1272853e+00
  -2.4347752e+00
  -2.7749936e+00
  -3.1611929e+00
  -3.4498891e+00
  -3.7172551e+00
  -3.9919862e+00
  -4.1666407e+00
  -4.2520024e+00
  -4.1364740e+00
  -3.7868694e+00
  -3.1986631e+00
  -2.0462132e+00
  -6.0382048e-01
  -6.1301590e-01
  -7.5622721e-01
  -7.0444211e-01
  -6.9350289e-01
  -6.6744287e-01
  -7.2653798e-01
  -1.1158100e+00
  -1.0656446e+00
  -9.0743856e-01
  -1.0408909e+00
  -7.4927645e-01
  -6.0990284e-01
  -5.7189297e-01
  -1.9317862e+00
  -3.3044931e+00
  -3.0366983e+00
  -2.9134845e+00
  -2.8219243e+00
  -2.8209798e+00
  -2.9873790e+00
  -3.2121925e+00
  -3.4239224e+00
  -3.6257518e+00
  -3.7453183e+00
  -3.8490538e+00
  -3.9795346e+00
  -4.1100862e+00
  -4.2557482e+00
  -2.7416123e+00
  -3.4910433e+00
  -3.8041483e+00
  -2.0519411e+00
  -3.2354440e+00
  -3.9228548e+00
  -3.7068786e+00
  -3.5418720e+00
  -3.3270395e+00
  -3.0735140e+00
  -2.8901440e+00
  -2.7346471e+00
  -2.5931217e+00
  -2.5017771e+00
  -2.4364301e+00
  -2.4027022e+00
  -2.3992975e+00
  -2.3983368e+00
  -1.7420355e+00
  -1.7139208e+00
  -1.6805995e+00
  -1.6172205e+00
  -1.5416532e+00
  -1.4577718e+00
  -1.3741627e+00
  -1.3416305e+00
  -1.3561098e+00
  -1.4729989e+00
  -1.6727388e+00
  -1.9671597e+00
  -2.4457540e+00
  -2.9095267e+00
  -3.3599665e+00
  -3.7819557e+00
  -4.0165337e+00
  -4.1730915e+00
  -4.2653993e+00
  -4.2502300e+00
  -4.1252170e+00
  -3.7610351e+00
  -3.2239196e+00
  -2.4342335e+00
  -9.9193084e-01
   7.0342051e-01
   4.7060858e-01
  -2.1379949e-01
  -2.4548262e-01
  -2.7038675e-01
  -2.6251626e-01
  -3.9410457e-01
  -6.4100324e-01
  -6.7050312e-01
  -6.1337382e-01
  -7.9613736e-01
  -6.6625189e-01
  -4.2593223e-01
  -3.8076916e-01
  -1.1493845e+00
  -2.5342872e+00
  -2.7881250e+00
  -2.6628328e+00
  -2.4767904e+00
  -2.4000113e+00
  -2.5070825e+00
  -2.6920938e+00
  -2.8693700e+00
  -3.0342541e+00
  -3.1369588e+00
  -3.2314248e+00
  -3.3522476e+00
  -3.4350685e+00
  -3.4595048e+00
  -1.7768773e+00
  -3.0315102e+00
  -3.8758807e+00
  -3.3651154e+00
  -3.5007468e+00
  -3.4248355e+00
  -3.1664691e+00
  -2.9356202e+00
  -2.6865598e+00
  -2.4218955e+00
  -2.2403817e+00
  -2.0894487e+00
  -1.9565017e+00
  -1.8740048e+00
  -1.8153234e+00
  -1.7827818e+00
  -1.7765450e+00
  -1.7686095e+00
  -1.5410290e+00
  -1.5173926e+00
  -1.4884936e+00
  -1.4350771e+00
  -1.3794249e+00
  -1.3267103e+00
  -1.2931046e+00
  -1.3113041e+00
  -1.3852855e+00
  -1.5848733e+00
  -1.8586699e+00
  -2.2241759e+00
  -2.7748893e+00
  -3.2831475e+00
  -3.7601552e+00
  -4.1791601e+00
  -4.3816026e+00
  -4.4832553e+00
  -4.4828904e+00
  -4.3678613e+00
  -4.1294907e+00
  -3.6229004e+00
  -2.9691192e+00
  -2.0524368e+00
  -4.6568868e-01
   1.3201800e+00
   1.1860513e+00
   1.7376963e-01
   5.7510456e-02
  -4.4928050e-02
  -4.0818891e-02
  -1.9991654e-01
  -4.2283548e-01
  -5.0498457e-01
  -4.7482199e-01
  -6.4985313e-01
  -6.0178377e-01
  -3.7404702e-01
  -2.9865739e-01
  -8.1218789e-01
  -2.1693894e+00
  -2.6010781e+00
  -2.4601437e+00
  -2.2015063e+00
  -2.0670268e+00
  -2.1326657e+00
  -2.2951697e+00
  -2.4595762e+00
  -2.6148683e+00
  -2.7143990e+00
  -2.8058087e+00
  -2.9188391e+00
  -2.9836915e+00
  -2.9968471e+00
  -1.6092175e+00
  -2.8067558e+00
  -3.4174162e+00
  -3.3553103e+00
  -3.3870311e+00
  -3.1057666e+00
  -2.8349524e+00
  -2.5918489e+00
  -2.3479196e+00
  -2.1035747e+00
  -1.9436989e+00
  -1.8129127e+00
  -1.7014046e+00
  -1.6363572e+00
  -1.5920131e+00
  -1.5695172e+00
  -1.5676346e+00
  -1.5631399e+00
  -1.4471425e+00
  -1.4452709e+00
  -1.4389750e+00
  -1.4295089e+00
  -1.4359536e+00
  -1.4643631e+00
  -1.5393160e+00
  -1.6534488e+00
  -1.8258423e+00
  -2.1365568e+00
  -2.4901805e+00
  -2.9155118e+00
  -3.5059036e+00
  -4.0242846e+00
  -4.4941145e+00
  -4.8762013e+00
  -5.0253015e+00
  -5.0501819e+00
  -4.9166276e+00
  -4.6527957e+00
  -4.2415102e+00
  -3.5054462e+00
  -2.6509905e+00
  -1.5138009e+00
   2.7622463e-01
   2.1336242e+00
   2.4685695e+00
   9.0345618e-01
   6.0063128e-01
   2.9530615e-01
   3.0245592e-01
   1.1818585e-01
  -1.4479957e-01
  -3.2139017e-01
  -2.9239908e-01
  -4.0578026e-01
  -4.7476732e-01
  -3.6356571e-01
  -2.0374019e-01
  -4.2047940e-01
  -1.6856148e+00
  -2.2385740e+00
  -2.0526729e+00
  -1.6517842e+00
  -1.4048168e+00
  -1.3935001e+00
  -1.5201300e+00
  -1.6731826e+00
  -1.8288353e+00
  -1.9321165e+00
  -2.0216815e+00
  -2.1190638e+00
  -2.1677714e+00
  -2.2422597e+00
  -1.8653088e+00
  -2.4971387e+00
  -1.9955836e+00
  -2.2977207e+00
  -2.8405328e+00
  -2.5453488e+00
  -2.2706522e+00
  -2.0426079e+00
  -1.8407680e+00
  -1.6656730e+00
  -1.5687978e+00
  -1.4944504e+00
  -1.4400853e+00
  -1.4200869e+00
  -1.4132303e+00
  -1.4197294e+00
  -1.4330349e+00
  -1.4442514e+00
  -2.2810594e+00
  -2.3357770e+00
  -2.3913686e+00
  -2.4685631e+00
  -2.5522606e+00
  -2.6547138e+00
  -2.8045665e+00
  -2.9611126e+00
  -3.1532007e+00
  -3.4459893e+00
  -3.7422070e+00
  -4.0774037e+00
  -4.5207514e+00
  -4.8915464e+00
  -5.2155911e+00
  -5.4712619e+00
  -5.5610153e+00
  -5.5493797e+00
  -5.3808316e+00
  -5.0791301e+00
  -4.6132845e+00
  -3.7814884e+00
  -2.8187916e+00
  -1.5599763e+00
   3.1344785e-01
   1.8667524e+00
   2.8394186e+00
   1.5548212e+00
   7.6654737e-01
   5.0816310e-01
   5.4055673e-01
   3.9683189e-01
   4.5402181e-02
  -1.5934182e-01
  -1.3604303e-01
  -2.4406967e-01
  -3.7181031e-01
  -4.3640946e-01
  -3.0066398e-01
  -3.5783290e-01
  -1.4596467e+00
  -1.8467190e+00
  -1.6377888e+00
  -1.0983048e+00
  -6.8479846e-01
  -5.8310858e-01
  -6.7841654e-01
  -8.2298033e-01
  -9.9270054e-01
  -1.1094343e+00
  -1.2058223e+00
  -1.3114764e+00
  -1.4188651e+00
  -1.6593242e+00
  -1.8869785e+00
  -1.8702610e+00
  -1.1071830e+00
  -1.6142762e+00
  -2.4264984e+00
  -2.2964814e+00
  -2.1264803e+00
  -2.0223837e+00
  -1.9427595e+00
  -1.9006116e+00
  -1.9023506e+00
  -1.9156552e+00
  -1.9490774e+00
  -1.9941795e+00
  -2.0470544e+00
  -2.1124954e+00
  -2.1663137e+00
  -2.2186769e+00
  -2.8828033e+00
  -2.9685689e+00
  -3.0568856e+00
  -3.1772789e+00
  -3.2976482e+00
  -3.4343028e+00
  -3.6184737e+00
  -3.7946194e+00
  -3.9958045e+00
  -4.2777598e+00
  -4.5422200e+00
  -4.8278831e+00
  -5.1881041e+00
  -5.4736126e+00
  -5.7120921e+00
  -5.8894621e+00
  -5.9369628e+00
  -5.8946273e+00
  -5.6954471e+00
  -5.3677011e+00
  -4.8708911e+00
  -3.9922225e+00
  -2.9810992e+00
  -1.6731288e+00
   2.2213466e-01
   1.6291489e+00
   2.8965972e+00
   1.7922379e+00
   7.8359460e-01
   5.6231263e-01
   6.4940138e-01
   5.4014471e-01
   1.4421361e-01
  -8.0679876e-02
  -5.5968757e-02
  -1.4930254e-01
  -3.1017103e-01
  -4.8166817e-01
  -3.8521042e-01
  -3.1468886e-01
  -1.2693724e+00
  -1.5718147e+00
  -1.3744925e+00
  -7.7854147e-01
  -2.5773414e-01
  -9.0406433e-02
  -1.6406238e-01
  -3.0312509e-01
  -4.8222458e-01
  -6.0972051e-01
  -7.1474613e-01
  -8.3246459e-01
  -9.7455468e-01
  -1.2889216e+00
  -1.7453858e+00
  -1.4497888e+00
  -6.9942742e-01
  -1.3582830e+00
  -2.2504790e+00
  -2.2420087e+00
  -2.1588316e+00
  -2.1382331e+00
  -2.1345395e+00
  -2.1699868e+00
  -2.2271947e+00
  -2.2895336e+00
  -2.3719848e+00
  -2.4528897e+00
  -2.5381357e+00
  -2.6355327e+00
  -2.7120318e+00
  -2.7874443e+00
  -4.4028809e+00
  -4.5304673e+00
  -4.6568140e+00
  -4.8140032e+00
  -4.9556590e+00
  -5.1067805e+00
  -5.3038392e+00
  -5.4883256e+00
  -5.6933571e+00
  -5.9558097e+00
  -6.1762068e+00
  -6.3947512e+00
  -6.6309455e+00
  -6.7803553e+00
  -6.8761278e+00
  -6.9040317e+00
  -6.8469337e+00
  -6.7107718e+00
  -6.4140816e+00
  -6.0253378e+00
  -5.4817534e+00
  -4.5677538e+00
  -3.5453268e+00
  -2.2576174e+00
  -4.5061453e-01
   8.6047066e-01
   2.2538581e+00
   1.5218315e+00
   4.4255139e-01
   3.2707897e-01
   6.8880269e-01
   6.8611173e-01
   2.5003616e-01
  -2.5137601e-02
   2.3790697e-02
   8.0840763e-03
  -2.0179805e-01
  -5.6867147e-01
  -6.5343078e-01
  -2.1341159e-01
  -6.8689315e-01
  -9.0675288e-01
  -8.4434492e-01
  -2.6863855e-01
   4.7507227e-01
   8.0980155e-01
   7.8728895e-01
   6.5978702e-01
   4.5988124e-01
   3.0125263e-01
   1.6051147e-01
  -1.0485914e-02
  -2.1164634e-01
  -5.4117291e-01
  -7.9951591e-01
  -5.0686890e-01
  -5.4216774e-01
  -1.5988654e+00
  -2.2650091e+00
  -2.5724246e+00
  -2.7507631e+00
  -2.9188658e+00
  -3.0611224e+00
  -3.2239831e+00
  -3.3626168e+00
  -3.4956466e+00
  -3.6483908e+00
  -3.7779410e+00
  -3.9048176e+00
  -4.0433766e+00
  -4.1526559e+00
  -4.2614479e+00
  -4.9121550e+00
  -5.0274460e+00
  -5.1406223e+00
  -5.2809159e+00
  -5.4067681e+00
  -5.5412508e+00
  -5.7170212e+00
  -5.8842440e+00
  -6.0703681e+00
  -6.3082471e+00
  -6.5065871e+00
  -6.7008388e+00
  -6.9036525e+00
  -7.0232945e+00
  -7.0883429e+00
  -7.0758801e+00
  -6.9832754e+00
  -6.8069559e+00
  -6.4678736e+00
  -6.0632468e+00
  -5.5317403e+00
  -4.6822203e+00
  -3.7656395e+00
  -2.6406388e+00
  -1.0842521e+00
   1.4371168e-01
   1.5497121e+00
   1.2314167e+00
   3.7113580e-01
   2.2432976e-01
   4.8708525e-01
   5.0332463e-01
   2.0624489e-01
   6.6261178e-03
   1.9471609e-02
   1.8806763e-02
  -1.6556952e-01
  -5.5631126e-01
  -7.6970118e-01
  -3.2605699e-01
  -3.3786553e-01
  -3.0802015e-01
  -2.6219754e-01
   5.7191083e-02
   8.2028307e-01
   1.2142238e+00
   1.2423473e+00
   1.1356852e+00
   9.1601627e-01
   7.1244960e-01
   5.1380914e-01
   2.6982017e-01
   4.0380792e-02
  -2.3051722e-01
  -2.6152448e-01
  -1.9628467e-01
  -7.2070236e-01
  -2.0245138e+00
  -2.4672295e+00
  -2.8945412e+00
  -3.1945779e+00
  -3.4114530e+00
  -3.5821715e+00
  -3.7622758e+00
  -3.9059655e+00
  -4.0410517e+00
  -4.1945740e+00
  -4.3215565e+00
  -4.4440962e+00
  -4.5775450e+00
  -4.6812783e+00
  -4.7816804e+00
  -5.2958774e+00
  -5.4019042e+00
  -5.5051570e+00
  -5.6327204e+00
  -5.7466650e+00
  -5.8686108e+00
  -6.0283413e+00
  -6.1825565e+00
  -6.3544343e+00
  -6.5737979e+00
  -6.7555185e+00
  -6.9314665e+00
  -7.1091290e+00
  -7.2063418e+00
  -7.2482405e+00
  -7.2053625e+00
  -7.0860047e+00
  -6.8794277e+00
  -6.5084043e+00
  -6.0918101e+00
  -5.5694038e+00
  -4.7684673e+00
  -3.9316384e+00
  -2.9292336e+00
  -1.5616787e+00
  -3.9634429e-01
   1.0191596e+00
   1.0125981e+00
   3.1732634e-01
   1.4691136e-01
   3.3509732e-01
   3.6560014e-01
   1.7324952e-01
   3.0559108e-02
   1.6217309e-02
   2.6885980e-02
  -1.3827243e-01
  -5.4699822e-01
  -8.5730736e-01
  -4.1093186e-01
  -7.4883902e-02
   1.4310665e-01
   1.7643270e-01
   3.0269374e-01
   1.0803889e+00
   1.5189435e+00
   1.5852198e+00
   1.4942600e+00
   1.2597001e+00
   1.0222739e+00
   7.8000813e-01
   4.8102223e-01
   2.3027552e-01
   3.5523390e-03
   1.4383560e-01
   3.7731046e-02
  -8.5522274e-01
  -2.3452269e+00
  -2.6195964e+00
  -3.1372462e+00
  -3.5289787e+00
  -3.7826024e+00
  -3.9747660e+00
  -4.1678630e+00
  -4.3153621e+00
  -4.4519978e+00
  -4.6061064e+00
  -4.7311542e+00
  -4.8504261e+00
  -4.9800245e+00
  -5.0795791e+00
  -5.1736597e+00
  -5.2612499e+00
  -5.3692890e+00
  -5.4739396e+00
  -5.6037253e+00
  -5.7207714e+00
  -5.8446390e+00
  -6.0078396e+00
  -6.1666096e+00
  -6.3441361e+00
  -6.5738900e+00
  -6.7659053e+00
  -6.9497733e+00
  -7.1301015e+00
  -7.2250372e+00
  -7.2562637e+00
  -7.1971320e+00
  -7.0692383e+00
  -6.8624136e+00
  -6.5029982e+00
  -6.0961321e+00
  -5.5931105e+00
  -4.8752550e+00
  -4.2068873e+00
  -3.5220032e+00
  -2.7097856e+00
  -1.8941869e+00
  -5.2636367e-01
   5.2836502e-01
   1.9784585e-01
   1.5382675e-01
   2.6911430e-01
   1.3561716e-01
   3.9331692e-02
   2.8430309e-02
  -1.5308901e-02
  -7.3597840e-02
  -1.9641935e-01
  -5.4298908e-01
  -1.0460901e+00
  -8.2888689e-01
  -6.4297891e-02
   1.6771735e-01
   2.0987972e-01
   3.5417709e-01
   1.3018793e+00
   1.7830024e+00
   1.8588320e+00
   1.7921305e+00
   1.5272313e+00
   1.2072378e+00
   8.3875955e-01
   3.6692428e-01
   2.7930603e-02
  -1.6968703e-01
   8.3484008e-02
  -3.4860563e-02
  -1.1066238e+00
  -2.1869527e+00
  -2.5007673e+00
  -2.9846833e+00
  -3.4125179e+00
  -3.6639392e+00
  -3.8608620e+00
  -4.0637431e+00
  -4.2189380e+00
  -4.3660987e+00
  -4.5315153e+00
  -4.6626679e+00
  -4.7891540e+00
  -4.9281138e+00
  -5.0327741e+00
  -5.1336981e+00
  -4.8529717e+00
  -4.9710470e+00
  -5.0854627e+00
  -5.2264480e+00
  -5.3532771e+00
  -5.4883188e+00
  -5.6657930e+00
  -5.8383211e+00
  -6.0325323e+00
  -6.2855903e+00
  -6.5009687e+00
  -6.7088713e+00
  -6.9136212e+00
  -7.0236788e+00
  -7.0655475e+00
  -7.0142009e+00
  -6.8920386e+00
  -6.6998410e+00
  -6.3826849e+00
  -6.0457798e+00
  -5.6492303e+00
  -5.1017883e+00
  -4.5872600e+00
  -4.0355018e+00
  -3.3349622e+00
  -2.6231402e+00
  -1.4323490e+00
   5.0219091e-02
   5.4781955e-02
   1.5591826e-01
   3.0379739e-01
  -6.8938984e-03
  -7.6217715e-02
  -2.3601938e-02
  -6.9121722e-02
  -1.2753093e-01
  -2.2813248e-01
  -5.7885201e-01
  -1.1093386e+00
  -9.6790012e-01
  -2.3243994e-01
   4.6219531e-02
   1.3867994e-01
   2.5047713e-01
   1.0733975e+00
   1.5917583e+00
   1.6698577e+00
   1.6107496e+00
   1.3504703e+00
   1.0157921e+00
   6.0996804e-01
   6.9374134e-02
  -3.2532077e-01
  -5.7241406e-01
  -3.8250819e-01
  -3.0565309e-01
  -1.2252845e+00
  -2.1137235e+00
  -2.3371803e+00
  -2.7140962e+00
  -3.0678485e+00
  -3.2760460e+00
  -3.4442697e+00
  -3.6240285e+00
  -3.7672121e+00
  -3.9073590e+00
  -4.0711139e+00
  -4.2066686e+00
  -4.3396012e+00
  -4.4877025e+00
  -4.6015235e+00
  -4.7128963e+00
  -4.3111074e+00
  -4.4425027e+00
  -4.5698784e+00
  -4.7257279e+00
  -4.8655409e+00
  -5.0154128e+00
  -5.2118308e+00
  -5.4026187e+00
  -5.6189736e+00
  -5.9029606e+00
  -6.1493464e+00
  -6.3891476e+00
  -6.6263098e+00
  -6.7564371e+00
  -6.8124300e+00
  -6.7714158e+00
  -6.6568602e+00
  -6.4840755e+00
  -6.2230058e+00
  -5.9789526e+00
  -5.7237121e+00
  -5.4024419e+00
  -5.0920882e+00
  -4.7170142e+00
  -4.1646929e+00
  -3.5906027e+00
  -2.6347671e+00
  -5.8437327e-01
  -1.3509158e-01
   1.5869410e-01
   3.4982857e-01
  -1.9603371e-01
  -2.2957418e-01
  -9.2658818e-02
  -1.4054177e-01
  -1.9911059e-01
  -2.7022194e-01
  -6.2644907e-01
  -1.1932817e+00
  -1.1523976e+00
  -4.5559704e-01
  -1.1503163e-01
   4.4184010e-02
   1.1284717e-01
   7.7015798e-01
   1.3379404e+00
   1.4190522e+00
   1.3700220e+00
   1.1158743e+00
   7.6170651e-01
   3.0631734e-01
  -3.2553260e-01
  -7.9415384e-01
  -1.1069109e+00
  -1.0009702e+00
  -6.6504729e-01
  -1.3827703e+00
  -2.0165341e+00
  -2.1200686e+00
  -2.3549746e+00
  -2.6104054e+00
  -2.7612365e+00
  -2.8913709e+00
  -3.0404419e+00
  -3.1676842e+00
  -3.2985226e+00
  -3.4600719e+00
  -3.6014691e+00
  -3.7429574e+00
  -3.9031913e+00
  -4.0291703e+00
  -4.1544106e+00
  -2.8520173e+00
  -2.9627741e+00
  -3.0747324e+00
  -3.2209065e+00
  -3.3575451e+00
  -3.5051097e+00
  -3.7031394e+00
  -3.8934366e+00
  -4.1041089e+00
  -4.3792836e+00
  -4.6232004e+00
  -4.8676930e+00
  -5.1389165e+00
  -5.3410319e+00
  -5.5192119e+00
  -5.6928858e+00
  -5.7945224e+00
  -5.8618562e+00
  -5.9356048e+00
  -6.0160421e+00
  -6.1039804e+00
  -6.1566740e+00
  -6.0765550e+00
  -5.8550048e+00
  -5.4221457e+00
  -4.9294796e+00
  -4.2191077e+00
  -2.6097898e+00
  -9.7057720e-01
   9.3211166e-02
   3.6075735e-01
  -5.0833512e-01
  -4.7981796e-01
  -2.2652246e-01
  -2.0958108e-01
  -1.9727081e-01
  -2.0044255e-01
  -4.8631866e-01
  -1.1130340e+00
  -1.2398435e+00
  -9.4572986e-01
  -6.5648280e-01
  -4.0727880e-01
  -1.1543941e-01
   9.6372588e-02
   4.1184067e-01
   5.6092099e-01
   5.5464340e-01
   3.7475025e-01
   6.0213005e-02
  -3.9053507e-01
  -1.0781919e+00
  -1.6855343e+00
  -2.1288664e+00
  -2.3318752e+00
  -2.3454195e+00
  -2.4822804e+00
  -2.2966769e+00
  -2.2209137e+00
  -2.2445986e+00
  -2.2719473e+00
  -2.2619804e+00
  -2.2499376e+00
  -2.2481360e+00
  -2.2596525e+00
  -2.2810635e+00
  -2.3257324e+00
  -2.3841428e+00
  -2.4548455e+00
  -2.5497930e+00
  -2.6330710e+00
  -2.7253140e+00
  -2.2808115e+00
  -2.3634334e+00
  -2.4521406e+00
  -2.5781526e+00
  -2.7037251e+00
  -2.8440561e+00
  -3.0391057e+00
  -3.2300261e+00
  -3.4428768e+00
  -3.7267074e+00
  -3.9849201e+00
  -4.2509906e+00
  -4.5672826e+00
  -4.8293022e+00
  -5.0879691e+00
  -5.3818174e+00
  -5.5974678e+00
  -5.7870245e+00
  -6.0097082e+00
  -6.2025290e+00
  -6.3816847e+00
  -6.5145303e+00
  -6.4903522e+00
  -6.3248731e+00
  -5.9579625e+00
  -5.5175962e+00
  -4.8693482e+00
  -3.4058663e+00
  -1.6467673e+00
  -2.6854469e-01
   1.9842854e-01
  -7.3187463e-01
  -6.8831365e-01
  -3.4671167e-01
  -2.4397463e-01
  -1.7037735e-01
  -1.7393307e-01
  -3.9171495e-01
  -1.0460792e+00
  -1.3989664e+00
  -1.3200793e+00
  -1.1203558e+00
  -8.7856456e-01
  -3.8901169e-01
  -1.1901413e-01
  -3.5095483e-02
   7.8742163e-02
   6.2681912e-02
  -5.9750533e-02
  -3.1770101e-01
  -7.2688525e-01
  -1.3701184e+00
  -2.0212056e+00
  -2.5253054e+00
  -2.8163086e+00
  -2.8751342e+00
  -2.8844212e+00
  -2.5713767e+00
  -2.4541684e+00
  -2.4126790e+00
  -2.3619226e+00
  -2.2964085e+00
  -2.2340280e+00
  -2.1741031e+00
  -2.1357120e+00
  -2.1037430e+00
  -2.0783209e+00
  -2.0750347e+00
  -2.0859287e+00
  -2.1153671e+00
  -2.1483062e+00
  -2.1964826e+00
  -1.4952005e+00
  -1.5201488e+00
  -1.5605871e+00
  -1.6433744e+00
  -1.7444316e+00
  -1.8688233e+00
  -2.0563574e+00
  -2.2489065e+00
  -2.4689197e+00
  -2.7761103e+00
  -3.0684274e+00
  -3.3828559e+00
  -3.7911625e+00
  -4.1655894e+00
  -4.5658533e+00
  -5.0591710e+00
  -5.4594314e+00
  -5.8437930e+00
  -6.2882158e+00
  -6.6217427e+00
  -6.8855415e+00
  -7.0659360e+00
  -7.0863421e+00
  -6.9941668e+00
  -6.7361095e+00
  -6.3870007e+00
  -5.7920500e+00
  -4.5037492e+00
  -2.9071260e+00
  -1.0841496e+00
  -1.8248733e-01
  -1.1351591e+00
  -1.0796610e+00
  -5.7615694e-01
  -2.9824822e-01
  -1.0862223e-01
  -1.3823750e-01
  -2.2399123e-01
  -9.2036273e-01
  -1.7359966e+00
  -2.0076113e+00
  -1.9967174e+00
  -1.8054719e+00
  -9.3957680e-01
  -3.6945982e-01
  -7.2964376e-01
  -7.2280533e-01
  -7.7741493e-01
  -7.9395236e-01
  -9.3521039e-01
  -1.2496181e+00
  -1.7690423e+00
  -2.4702997e+00
  -3.0671083e+00
  -3.4479523e+00
  -3.4824447e+00
  -3.4107319e+00
  -3.1053493e+00
  -2.9583414e+00
  -2.8437881e+00
  -2.6961931e+00
  -2.5612862e+00
  -2.4347095e+00
  -2.2957341e+00
  -2.1843466e+00
  -2.0689862e+00
  -1.9241368e+00
  -1.8083564e+00
  -1.7066191e+00
  -1.6081548e+00
  -1.5400442e+00
  -1.4981382e+00
  -1.6323782e+00
  -1.5966863e+00
  -1.5847569e+00
  -1.6045796e+00
  -1.6474856e+00
  -1.7114473e+00
  -1.8324486e+00
  -1.9777952e+00
  -2.1625806e+00
  -2.4587855e+00
  -2.7738065e+00
  -3.1359210e+00
  -3.6288745e+00
  -4.0948170e+00
  -4.5940574e+00
  -5.1907834e+00
  -5.6530810e+00
  -6.0740213e+00
  -6.5182225e+00
  -6.8187957e+00
  -7.0456501e+00
  -7.2136964e+00
  -7.2754182e+00
  -7.2735650e+00
  -7.1647980e+00
  -6.9468625e+00
  -6.5102552e+00
  -5.4093042e+00
  -3.9296601e+00
  -1.9503130e+00
  -1.4287063e+00
  -2.2806366e+00
  -2.1217308e+00
  -1.2975213e+00
  -6.0400351e-01
  -5.0139358e-02
  -5.1537113e-02
  -1.7331108e-01
  -9.2640580e-01
  -2.2833072e+00
  -3.0384153e+00
  -3.0232028e+00
  -2.6696337e+00
  -1.8371566e+00
  -7.7342473e-01
  -1.1129472e+00
  -1.4597304e+00
  -1.5833057e+00
  -1.4315189e+00
  -1.3660171e+00
  -1.6008279e+00
  -1.6963188e+00
  -2.1643263e+00
  -2.7045311e+00
  -3.2214499e+00
  -3.4131344e+00
  -3.9232172e+00
  -3.7739276e+00
  -3.6315526e+00
  -3.5205640e+00
  -3.3584309e+00
  -3.2224644e+00
  -3.1050539e+00
  -2.9809001e+00
  -2.8766321e+00
  -2.7545694e+00
  -2.5707746e+00
  -2.3953124e+00
  -2.2185411e+00
  -2.0178212e+00
  -1.8599713e+00
  -1.7281484e+00
  -1.9135763e+00
  -1.8503450e+00
  -1.8154438e+00
  -1.8038291e+00
  -1.8132068e+00
  -1.8391962e+00
  -1.9112869e+00
  -2.0136941e+00
  -2.1571275e+00
  -2.4179635e+00
  -2.7213720e+00
  -3.0861546e+00
  -3.5946884e+00
  -4.0808443e+00
  -4.6013043e+00
  -5.2162234e+00
  -5.6842204e+00
  -6.1019435e+00
  -6.5270778e+00
  -6.8040787e+00
  -7.0137950e+00
  -7.1847358e+00
  -7.2750687e+00
  -7.3239928e+00
  -7.2989302e+00
  -7.1626418e+00
  -6.8253928e+00
  -5.8605792e+00
  -4.4794744e+00
  -2.4646912e+00
  -2.3023950e+00
  -3.1552145e+00
  -2.8679530e+00
  -1.9414391e+00
  -9.8422068e-01
  -1.0706723e-01
  -1.9932843e-02
  -1.7590833e-01
  -9.0950282e-01
  -2.4750900e+00
  -3.5606912e+00
  -3.6415325e+00
  -3.0214136e+00
  -2.0773742e+00
  -8.1655853e-01
  -1.1666317e+00
  -1.8484824e+00
  -2.0412882e+00
  -1.7248789e+00
  -1.5254446e+00
  -1.7744237e+00
  -1.6931302e+00
  -2.0570246e+00
  -2.3861429e+00
  -2.8397435e+00
  -3.1364433e+00
  -3.9654333e+00
  -4.1614632e+00
  -4.0184662e+00
  -3.9142830e+00
  -3.7550714e+00
  -3.6287251e+00
  -3.5260086e+00
  -3.4237683e+00
  -3.3384155e+00
  -3.2299094e+00
  -3.0466447e+00
  -2.8558888e+00
  -2.6530580e+00
  -2.4119146e+00
  -2.2185427e+00
  -2.0501636e+00
  -2.8079961e+00
  -2.7174473e+00
  -2.6620391e+00
  -2.6112479e+00
  -2.5673502e+00
  -2.5260699e+00
  -2.4970787e+00
  -2.4964327e+00
  -2.5275600e+00
  -2.6678921e+00
  -2.8981384e+00
  -3.2121784e+00
  -3.6718862e+00
  -4.1180683e+00
  -4.5928544e+00
  -5.1449287e+00
  -5.5553873e+00
  -5.9141648e+00
  -6.2670578e+00
  -6.4964769e+00
  -6.6881804e+00
  -6.8858988e+00
  -7.0323024e+00
  -7.1590311e+00
  -7.2617197e+00
  -7.2684913e+00
  -7.1069755e+00
  -6.4207519e+00
  -5.2650839e+00
  -3.3151881e+00
  -4.0342873e+00
  -5.0191296e+00
  -4.3756887e+00
  -3.4695610e+00
  -2.0400151e+00
  -3.9828105e-01
  -1.0430889e-02
  -2.5050248e-01
  -8.3749279e-01
  -2.5056919e+00
  -4.2309935e+00
  -4.6827068e+00
  -3.2559947e+00
  -1.8449362e+00
  -4.6479004e-01
  -8.8137837e-01
  -2.3861665e+00
  -2.7542383e+00
  -2.0265964e+00
  -1.5817442e+00
  -1.9862551e+00
  -1.7738648e+00
  -2.0395904e+00
  -1.6380837e+00
  -1.6770841e+00
  -2.1725045e+00
  -3.4716009e+00
  -4.7817945e+00
  -4.6305156e+00
  -4.5476663e+00
  -4.4181309e+00
  -4.3297302e+00
  -4.2711998e+00
  -4.2333857e+00
  -4.2108892e+00
  -4.1625063e+00
  -4.0309880e+00
  -3.8582695e+00
  -3.6521299e+00
  -3.3878025e+00
  -3.1739072e+00
  -2.9812978e+00
  -3.7461188e+00
  -3.6567306e+00
  -3.6083699e+00
  -3.5693838e+00
  -3.5284799e+00
  -3.4807129e+00
  -3.4141456e+00
  -3.3537662e+00
  -3.2993365e+00
  -3.3019396e+00
  -3.3919200e+00
  -3.5571230e+00
  -3.8442576e+00
  -4.1459911e+00
  -4.4720156e+00
  -4.8593110e+00
  -5.1572762e+00
  -5.4301523e+00
  -5.7178736e+00
  -5.9226207e+00
  -6.1110680e+00
  -6.3332288e+00
  -6.5191334e+00
  -6.6982457e+00
  -6.8789434e+00
  -6.9793718e+00
  -6.9712884e+00
  -6.5745496e+00
  -5.5810865e+00
  -4.0292072e+00
  -4.6154850e+00
  -5.4141330e+00
  -4.9012312e+00
  -4.5379812e+00
  -3.3383857e+00
  -1.4016242e+00
  -3.5040466e-01
  -3.6979767e-01
  -7.1021131e-01
  -1.9792869e+00
  -3.8506610e+00
  -4.5191364e+00
  -2.9962329e+00
  -1.4764606e+00
   1.0869316e-02
  -3.3089262e-01
  -2.2009473e+00
  -3.0042353e+00
  -2.1524558e+00
  -1.2871281e+00
  -1.6978918e+00
  -1.9023488e+00
  -1.6540661e+00
  -1.5163523e+00
  -2.0376989e+00
  -3.0303234e+00
  -3.9077880e+00
  -5.1003372e+00
  -4.9383645e+00
  -4.8730846e+00
  -4.7827915e+00
  -4.7441319e+00
  -4.7335981e+00
  -4.7565552e+00
  -4.7908156e+00
  -4.8059989e+00
  -4.7554875e+00
  -4.6394775e+00
  -4.4754787e+00
  -4.2509257e+00
  -4.0686469e+00
  -3.9047891e+00
  -4.3591746e+00
  -4.2739109e+00
  -4.2328030e+00
  -4.2068440e+00
  -4.1746697e+00
  -4.1307790e+00
  -4.0535472e+00
  -3.9682336e+00
  -3.8729417e+00
  -3.7960995e+00
  -3.7925724e+00
  -3.8499009e+00
  -4.0027715e+00
  -4.1908186e+00
  -4.4027570e+00
  -4.6622761e+00
  -4.8708503e+00
  -5.0744692e+00
  -5.3083942e+00
  -5.4893894e+00
  -5.6678550e+00
  -5.8962898e+00
  -6.0997522e+00
  -6.3060318e+00
  -6.5320238e+00
  -6.6883848e+00
  -6.7744099e+00
  -6.5770908e+00
  -5.7643907e+00
  -4.5070144e+00
  -4.8432316e+00
  -5.4552868e+00
  -5.0458772e+00
  -5.0536255e+00
  -4.0780562e+00
  -2.1570642e+00
  -7.7164545e-01
  -5.7408924e-01
  -6.6900802e-01
  -1.6336389e+00
  -3.4853435e+00
  -4.3094163e+00
  -2.7695105e+00
  -1.1406180e+00
   3.6463671e-01
   3.7345886e-02
  -1.8286497e+00
  -2.7406360e+00
  -2.0629977e+00
  -1.1289767e+00
  -1.4792521e+00
  -1.8364394e+00
  -1.4523903e+00
  -1.5751632e+00
  -2.4538405e+00
  -3.6965256e+00
  -4.3094684e+00
  -5.2131001e+00
  -5.0699341e+00
  -5.0223706e+00
  -4.9637352e+00
  -4.9622331e+00
  -4.9882182e+00
  -5.0555227e+00
  -5.1276672e+00
  -5.1856304e+00
  -5.1924407e+00
  -5.1189589e+00
  -4.9890300e+00
  -4.7979233e+00
  -4.6423172e+00
  -4.5032972e+00
  -5.1944051e+00
  -5.1260883e+00
  -5.1037703e+00
  -5.1134379e+00
  -5.1159501e+00
  -5.1046512e+00
  -5.0596374e+00
  -4.9878069e+00
  -4.8874866e+00
  -4.7379428e+00
  -4.6008127e+00
  -4.4754650e+00
  -4.3730983e+00
  -4.3413413e+00
  -4.3410707e+00
  -4.3588832e+00
  -4.3922391e+00
  -4.4573452e+00
  -4.5802630e+00
  -4.7032244e+00
  -4.8416609e+00
  -5.0460044e+00
  -5.2456046e+00
  -5.4651217e+00
  -5.7336948e+00
  -5.9485187e+00
  -6.1420340e+00
  -6.2508772e+00
  -5.9360484e+00
  -5.1956764e+00
  -4.6417879e+00
  -4.7811682e+00
  -4.5739572e+00
  -5.1417802e+00
  -4.7196318e+00
  -3.5220084e+00
  -2.0154704e+00
  -1.2775608e+00
  -7.5412638e-01
  -1.1571857e+00
  -2.5946610e+00
  -3.6776495e+00
  -2.2689041e+00
  -3.6320743e-01
   9.9107427e-01
   5.6764200e-01
  -4.7588030e-01
  -9.4464116e-01
  -1.3632832e+00
  -1.0292010e+00
  -1.0797573e+00
  -1.2422833e+00
  -1.3467684e+00
  -2.1209100e+00
  -3.6281654e+00
  -4.9596157e+00
  -5.2492292e+00
  -5.0456752e+00
  -5.0149386e+00
  -5.0124940e+00
  -5.0172253e+00
  -5.0820024e+00
  -5.1750836e+00
  -5.3184020e+00
  -5.4448315e+00
  -5.5652507e+00
  -5.6649111e+00
  -5.6677767e+00
  -5.6062435e+00
  -5.4857894e+00
  -5.3867528e+00
  -5.3019275e+00
  -5.4402214e+00
  -5.3951402e+00
  -5.3843688e+00
  -5.4042038e+00
  -5.4223534e+00
  -5.4323441e+00
  -5.4289312e+00
  -5.4021772e+00
  -5.3443435e+00
  -5.2170217e+00
  -5.0629507e+00
  -4.8824952e+00
  -4.6639588e+00
  -4.5127577e+00
  -4.3924226e+00
  -4.2656154e+00
  -4.1836821e+00
  -4.1416245e+00
  -4.1462802e+00
  -4.1862332e+00
  -4.2539295e+00
  -4.3807469e+00
  -4.5182832e+00
  -4.6799241e+00
  -4.8984208e+00
  -5.0995093e+00
  -5.3126810e+00
  -5.5269621e+00
  -5.5052879e+00
  -4.8294112e+00
  -4.0639336e+00
  -4.0066873e+00
  -3.8107405e+00
  -4.5580004e+00
  -4.3246337e+00
  -3.7649412e+00
  -3.3033992e+00
  -2.5959873e+00
  -1.3508292e+00
  -1.2492653e+00
  -2.3436679e+00
  -3.0963619e+00
  -1.5412738e+00
   2.7546938e-01
   9.9485121e-01
   8.9622209e-02
  -5.0809223e-01
  -6.2513169e-01
  -9.8515785e-01
  -1.2901601e+00
  -1.0221810e+00
  -1.3531280e+00
  -2.0960799e+00
  -2.6625372e+00
  -3.7772820e+00
  -4.3015559e+00
  -4.4383528e+00
  -4.4522085e+00
  -4.5137633e+00
  -4.5742947e+00
  -4.6566435e+00
  -4.7863581e+00
  -4.9414133e+00
  -5.1458012e+00
  -5.3157166e+00
  -5.4803222e+00
  -5.6323719e+00
  -5.6861808e+00
  -5.6820172e+00
  -5.6222906e+00
  -5.5625378e+00
  -5.5111941e+00
  -5.4791290e+00
  -5.4523998e+00
  -5.4487638e+00
  -5.4720600e+00
  -5.4989992e+00
  -5.5229972e+00
  -5.5466839e+00
  -5.5499835e+00
  -5.5222988e+00
  -5.4194288e+00
  -5.2689597e+00
  -5.0715059e+00
  -4.8014635e+00
  -4.5880150e+00
  -4.3986737e+00
  -4.1871885e+00
  -4.0372176e+00
  -3.9264666e+00
  -3.8462442e+00
  -3.8211021e+00
  -3.8295577e+00
  -3.8858723e+00
  -3.9638991e+00
  -4.0670242e+00
  -4.2257172e+00
  -4.3952352e+00
  -4.6024318e+00
  -4.8767539e+00
  -5.0462501e+00
  -4.5313162e+00
  -3.6442973e+00
  -3.4572536e+00
  -3.2563938e+00
  -3.9486749e+00
  -3.8330518e+00
  -3.7471004e+00
  -3.8318200e+00
  -3.2660894e+00
  -2.0107359e+00
  -1.6751624e+00
  -2.3523148e+00
  -2.6426225e+00
  -9.9954192e-01
   5.6934060e-01
   7.6138896e-01
  -1.8474284e-01
  -4.1875130e-01
  -3.6396892e-01
  -6.1724336e-01
  -1.4094020e+00
  -1.0490726e+00
  -1.3125021e+00
  -2.3107266e+00
  -2.7940401e+00
  -3.4558873e+00
  -3.6308776e+00
  -3.7229773e+00
  -3.8552755e+00
  -3.9806429e+00
  -4.0969225e+00
  -4.2464138e+00
  -4.4284519e+00
  -4.6312220e+00
  -4.8823492e+00
  -5.0861734e+00
  -5.2824673e+00
  -5.4684049e+00
  -5.5570514e+00
  -5.5948694e+00
  -5.5810068e+00
  -5.5495403e+00
  -5.5215615e+00
  -5.2255494e+00
  -5.2258640e+00
  -5.2287684e+00
  -5.2480142e+00
  -5.2807739e+00
  -5.3197896e+00
  -5.3718790e+00
  -5.4083527e+00
  -5.4182703e+00
  -5.3652526e+00
  -5.2541023e+00
  -5.0847262e+00
  -4.8193902e+00
  -4.5784864e+00
  -4.3391758e+00
  -4.0620814e+00
  -3.8579548e+00
  -3.6779146e+00
  -3.4896948e+00
  -3.3695635e+00
  -3.2839763e+00
  -3.2178304e+00
  -3.1871550e+00
  -3.1784081e+00
  -3.2084145e+00
  -3.2899094e+00
  -3.4452417e+00
  -3.7615035e+00
  -4.1318587e+00
  -4.0743980e+00
  -3.0995541e+00
  -2.7723161e+00
  -2.5365595e+00
  -2.7538792e+00
  -2.7489564e+00
  -3.3008054e+00
  -3.6315298e+00
  -3.5100911e+00
  -3.3609276e+00
  -3.0100756e+00
  -2.7793985e+00
  -1.9847559e+00
  -2.6726970e-01
   5.8067086e-01
  -5.6181287e-02
  -3.8239242e-01
  -5.7217938e-02
   3.8518881e-02
   6.3631113e-02
  -1.4111395e+00
  -1.2336319e+00
  -9.9593649e-01
  -1.8716411e+00
  -2.3944362e+00
  -2.1027332e+00
  -2.3402956e+00
  -2.5187397e+00
  -2.7188833e+00
  -2.9200978e+00
  -3.1305612e+00
  -3.3906862e+00
  -3.6519003e+00
  -3.9225123e+00
  -4.2395208e+00
  -4.4924374e+00
  -4.7289964e+00
  -4.9498700e+00
  -5.0790411e+00
  -5.1720535e+00
  -5.2215704e+00
  -5.2262974e+00
  -5.2265815e+00
  -4.4623886e+00
  -4.4839802e+00
  -4.4982440e+00
  -4.5192575e+00
  -4.5567624e+00
  -4.6077496e+00
  -4.6722567e+00
  -4.7153339e+00
  -4.7378836e+00
  -4.7141894e+00
  -4.6437177e+00
  -4.5282782e+00
  -4.3350378e+00
  -4.1320029e+00
  -3.9074272e+00
  -3.6354674e+00
  -3.4241525e+00
  -3.2183645e+00
  -2.9764892e+00
  -2.7929019e+00
  -2.6277624e+00
  -2.4509203e+00
  -2.3241617e+00
  -2.2149135e+00
  -2.1180348e+00
  -2.0926438e+00
  -2.1424603e+00
  -2.3545763e+00
  -2.6997418e+00
  -2.9636880e+00
  -2.5257665e+00
  -2.1436779e+00
  -1.8150267e+00
  -1.2629154e+00
  -1.4979383e+00
  -2.7570604e+00
  -3.1567882e+00
  -2.9351815e+00
  -3.5767908e+00
  -3.6180592e+00
  -2.5518838e+00
  -1.0906394e+00
   2.0559248e-01
   1.1662215e-01
  -6.9981400e-01
  -3.2619956e-01
  -1.1449562e-01
   2.5826837e-01
   8.7927108e-01
  -2.8892765e-01
  -4.9235434e-01
  -2.6023180e-01
  -4.1019818e-01
  -7.2674513e-01
  -7.6552159e-01
  -9.1867247e-01
  -1.1056388e+00
  -1.3526942e+00
  -1.6083501e+00
  -1.8840669e+00
  -2.2370168e+00
  -2.5652203e+00
  -2.8896200e+00
  -3.2558849e+00
  -3.5346479e+00
  -3.7859746e+00
  -4.0196616e+00
  -4.1610891e+00
  -4.2725265e+00
  -4.3628820e+00
  -4.4037575e+00
  -4.4328495e+00
  -3.6758190e+00
  -3.7107174e+00
  -3.7383912e+00
  -3.7679938e+00
  -3.8099418e+00
  -3.8685117e+00
  -3.9357730e+00
  -3.9763235e+00
  -4.0007137e+00
  -3.9874306e+00
  -3.9368930e+00
  -3.8542017e+00
  -3.7094126e+00
  -3.5442279e+00
  -3.3497360e+00
  -3.0987910e+00
  -2.8905518e+00
  -2.6786136e+00
  -2.4165860e+00
  -2.2013734e+00
  -1.9922410e+00
  -1.7553406e+00
  -1.5768699e+00
  -1.4126958e+00
  -1.2466636e+00
  -1.1613535e+00
  -1.1462320e+00
  -1.2804234e+00
  -1.5667495e+00
  -1.9313602e+00
  -1.8558950e+00
  -1.5150779e+00
  -1.1638704e+00
  -4.5057641e-01
  -8.3853867e-01
  -2.1216040e+00
  -2.5594257e+00
  -2.3918526e+00
  -2.9615728e+00
  -2.9111483e+00
  -1.8040563e+00
  -3.7411322e-01
   3.2256869e-01
  -3.1821370e-01
  -7.9431815e-01
  -1.0831610e-01
  -5.8660708e-02
   5.1516753e-01
   1.4112588e+00
   6.1997753e-01
   5.2328975e-01
   6.2079526e-01
   6.3697877e-01
   4.0118570e-01
   2.6862599e-01
   1.4520204e-01
  -3.6593922e-02
  -3.0728604e-01
  -5.9011219e-01
  -9.0555132e-01
  -1.3137110e+00
  -1.6801990e+00
  -2.0348040e+00
  -2.4246980e+00
  -2.7086441e+00
  -2.9551058e+00
  -3.1837147e+00
  -3.3204424e+00
  -3.4271392e+00
  -3.5262401e+00
  -3.5851068e+00
  -3.6307086e+00
  -2.7200893e+00
  -2.7673872e+00
  -2.8120988e+00
  -2.8550957e+00
  -2.9022466e+00
  -2.9679514e+00
  -3.0341685e+00
  -3.0675694e+00
  -3.0893095e+00
  -3.0800168e+00
  -3.0440870e+00
  -2.9912022e+00
  -2.8939827e+00
  -2.7742723e+00
  -2.6228457e+00
  -2.4043076e+00
  -2.2043881e+00
  -1.9938887e+00
  -1.7227386e+00
  -1.4838636e+00
  -1.2378871e+00
  -9.5163078e-01
  -7.3101000e-01
  -5.2136638e-01
  -2.9824457e-01
  -1.6209170e-01
  -8.7218381e-02
  -1.3958445e-01
  -3.4004626e-01
  -7.2617291e-01
  -1.0076546e+00
  -7.5973612e-01
  -4.1311229e-01
   2.1984197e-01
  -3.1270260e-01
  -1.3166885e+00
  -1.7863606e+00
  -1.7531874e+00
  -1.8478791e+00
  -1.4693061e+00
  -6.7101819e-01
   4.0689531e-01
   3.0280125e-01
  -8.2757463e-01
  -6.6048829e-01
   2.2634836e-01
   5.9392482e-02
   8.4060767e-01
   1.9227337e+00
   1.6160681e+00
   1.8673479e+00
   1.7449540e+00
   1.7086887e+00
   1.5133966e+00
   1.3747774e+00
   1.2624386e+00
   1.0930243e+00
   8.0441491e-01
   5.0122559e-01
   1.4955609e-01
  -3.0800043e-01
  -7.0756104e-01
  -1.0878380e+00
  -1.4945805e+00
  -1.7754458e+00
  -2.0072167e+00
  -2.2216630e+00
  -2.3451042e+00
  -2.4356678e+00
  -2.5308192e+00
  -2.6031249e+00
  -2.6630252e+00
  -8.0646633e-01
  -8.6056167e-01
  -9.2798270e-01
  -1.0013048e+00
  -1.0615031e+00
  -1.1267201e+00
  -1.1920822e+00
  -1.2224934e+00
  -1.2332240e+00
  -1.2168906e+00
  -1.1839934e+00
  -1.1408497e+00
  -1.0679165e+00
  -9.9495749e-01
  -9.0741970e-01
  -7.6228028e-01
  -6.0979141e-01
  -4.3252854e-01
  -1.8080650e-01
   5.3763022e-02
   3.0327320e-01
   6.0627269e-01
   8.4812510e-01
   1.0736372e+00
   1.3154795e+00
   1.4754473e+00
   1.5823313e+00
   1.5955395e+00
   1.4859673e+00
   1.2585422e+00
   8.2159737e-01
   7.2863892e-01
   8.9389739e-01
   1.1779210e+00
   7.6832640e-01
   3.6094451e-01
  -7.6869252e-02
  -2.9967531e-01
  -1.4149627e-01
   1.6878665e-01
   6.1340910e-01
   7.5110541e-01
   2.7317360e-01
   3.4765354e-01
   9.9000502e-01
   3.2126921e-01
   4.6053071e-01
   1.8067593e+00
   2.9156363e+00
   2.6055360e+00
   3.0463954e+00
   2.8460185e+00
   2.7696249e+00
   2.6949255e+00
   2.6519287e+00
   2.5759861e+00
   2.5235466e+00
   2.3511063e+00
   2.0972949e+00
   1.7282414e+00
   1.2380939e+00
   8.3954405e-01
   4.6761965e-01
   8.7514654e-02
  -1.5961530e-01
  -3.4603551e-01
  -5.0162545e-01
  -5.8339044e-01
  -6.2943691e-01
  -6.6797120e-01
  -7.0998402e-01
  -7.5643068e-01
   5.0708337e-01
   4.5943165e-01
   3.9421730e-01
   3.1220400e-01
   2.4727514e-01
   1.8758376e-01
   1.2598500e-01
   9.3316762e-02
   8.6882313e-02
   1.0693049e-01
   1.3887804e-01
   1.8211870e-01
   2.4849223e-01
   3.0778486e-01
   3.7434514e-01
   4.8654170e-01
   6.0739489e-01
   7.5468387e-01
   9.7685854e-01
   1.1873382e+00
   1.4136150e+00
   1.6938079e+00
   1.9249209e+00
   2.1382651e+00
   2.3559135e+00
   2.4978556e+00
   2.5914418e+00
   2.6071043e+00
   2.5209697e+00
   2.3469071e+00
   1.9923781e+00
   1.7753859e+00
   1.7399804e+00
   1.6076212e+00
   1.2499878e+00
   1.0602887e+00
   8.2225728e-01
   6.0430864e-01
   6.5913454e-01
   9.1627679e-01
   1.0971119e+00
   8.3790449e-01
   7.8973230e-01
   1.0854292e+00
   1.3067974e+00
   7.5145859e-01
   1.1043074e+00
   2.1885973e+00
   3.0867800e+00
   2.7370916e+00
   3.0707966e+00
   2.8735985e+00
   2.9242493e+00
   2.9832820e+00
   2.9979228e+00
   2.9583164e+00
   3.0074507e+00
   3.0219996e+00
   2.8534482e+00
   2.4980056e+00
   2.0301581e+00
   1.6771724e+00
   1.3553241e+00
   1.0387824e+00
   8.4314541e-01
   7.0601736e-01
   6.0701953e-01
   5.6637946e-01
   5.5777180e-01
   5.6536168e-01
   5.6128078e-01
   5.4257948e-01
   1.8287724e+00
   1.7922135e+00
   1.7363391e+00
   1.6546045e+00
   1.5887075e+00
   1.5343532e+00
   1.4781381e+00
   1.4458867e+00
   1.4437472e+00
   1.4674521e+00
   1.4987346e+00
   1.5407393e+00
   1.5990484e+00
   1.6477205e+00
   1.6990749e+00
   1.7833052e+00
   1.8784273e+00
   1.9988094e+00
   2.1869159e+00
   2.3678188e+00
   2.5641323e+00
   2.8116401e+00
   3.0188948e+00
   3.2077765e+00
   3.3910671e+00
   3.5041855e+00
   3.5731847e+00
   3.5770573e+00
   3.5028086e+00
   3.3631488e+00
   3.0729069e+00
   2.7863981e+00
   2.5661390e+00
   2.1651935e+00
   1.8198294e+00
   1.7525775e+00
   1.6192217e+00
   1.3976312e+00
   1.3849800e+00
   1.6750887e+00
   1.6582177e+00
   1.1920160e+00
   1.4028288e+00
   1.7588364e+00
   1.7781281e+00
   1.3964772e+00
   1.5565704e+00
   2.3598299e+00
   3.0709947e+00
   2.6276415e+00
   2.8469325e+00
   2.7492974e+00
   3.0065406e+00
   3.2249146e+00
   3.1699523e+00
   3.1285215e+00
   3.2611020e+00
   3.4146638e+00
   3.3083477e+00
   3.0106287e+00
   2.6341129e+00
   2.3670330e+00
   2.1265880e+00
   1.9050177e+00
   1.7807399e+00
   1.7071558e+00
   1.6792460e+00
   1.6908635e+00
   1.7287745e+00
   1.7887726e+00
   1.8257889e+00
   1.8415706e+00
   3.1236652e+00
   3.1049702e+00
   3.0666522e+00
   2.9969480e+00
   2.9360281e+00
   2.8872155e+00
   2.8392743e+00
   2.8111731e+00
   2.8125104e+00
   2.8392363e+00
   2.8697625e+00
   2.9083296e+00
   2.9573903e+00
   2.9988084e+00
   3.0421092e+00
   3.1068415e+00
   3.1832475e+00
   3.2803859e+00
   3.4304451e+00
   3.5752162e+00
   3.7335768e+00
   3.9373881e+00
   4.1057202e+00
   4.2556923e+00
   4.3921776e+00
   4.4634885e+00
   4.4947905e+00
   4.4702495e+00
   4.3931667e+00
   4.2652445e+00
   4.0155276e+00
   3.7225853e+00
   3.3584010e+00
   2.8719104e+00
   2.5011377e+00
   2.4348016e+00
   2.2828920e+00
   2.0450826e+00
   1.9796603e+00
   2.2699537e+00
   2.1903659e+00
   1.8211434e+00
   2.0529692e+00
   2.2502921e+00
   2.3186428e+00
   2.1446400e+00
   1.7402451e+00
   2.3078199e+00
   2.8585624e+00
   2.2564012e+00
   2.3692396e+00
   2.4625209e+00
   2.9232239e+00
   3.2482865e+00
   3.1123179e+00
   3.1011479e+00
   3.2999070e+00
   3.4967922e+00
   3.4175025e+00
   3.2230046e+00
   3.0021400e+00
   2.8625748e+00
   2.7382988e+00
   2.6444427e+00
   2.6131301e+00
   2.6189504e+00
   2.6766977e+00
   2.7531062e+00
   2.8475117e+00
   2.9648062e+00
   3.0460483e+00
   3.1035669e+00
   4.4130430e+00
   4.4331233e+00
   4.4211197e+00
   4.3854278e+00
   4.3484038e+00
   4.3104924e+00
   4.2837155e+00
   4.2686638e+00
   4.2665704e+00
   4.2916251e+00
   4.3173582e+00
   4.3444398e+00
   4.3862214e+00
   4.4189436e+00
   4.4603292e+00
   4.5296095e+00
   4.5879758e+00
   4.6589026e+00
   4.7701328e+00
   4.8639241e+00
   4.9682538e+00
   5.1147311e+00
   5.2267645e+00
   5.3177615e+00
   5.3822389e+00
   5.3893190e+00
   5.3654780e+00
   5.2946887e+00
   5.1937036e+00
   5.0614792e+00
   4.8245521e+00
   4.5584042e+00
   4.2395602e+00
   3.8549212e+00
   3.5056496e+00
   3.2711397e+00
   2.9089622e+00
   2.6190670e+00
   2.2538099e+00
   1.3331685e+00
   1.7765679e+00
   2.4564388e+00
   2.2194146e+00
   1.8002093e+00
   2.0497347e+00
   1.8333996e+00
   1.3996445e+00
   2.3031220e+00
   2.6593622e+00
   1.7980493e+00
   1.9286621e+00
   2.1311027e+00
   1.9887314e+00
   1.6776461e+00
   2.6571449e+00
   3.3887326e+00
   3.6946800e+00
   3.5312234e+00
   3.3893075e+00
   3.2999799e+00
   3.1705047e+00
   3.1688256e+00
   3.1966921e+00
   3.2493252e+00
   3.3345708e+00
   3.4434679e+00
   3.5972685e+00
   3.7590523e+00
   3.9253297e+00
   4.0960042e+00
   4.2298531e+00
   4.3390511e+00
   5.1690412e+00
   5.2217457e+00
   5.2471741e+00
   5.2527410e+00
   5.2498239e+00
   5.2424354e+00
   5.2293523e+00
   5.2350264e+00
   5.2455065e+00
   5.2646265e+00
   5.2853486e+00
   5.3018904e+00
   5.3297898e+00
   5.3597406e+00
   5.4008524e+00
   5.4642882e+00
   5.5150522e+00
   5.5740314e+00
   5.6356073e+00
   5.6976681e+00
   5.7667873e+00
   5.8484790e+00
   5.9155772e+00
   5.9550842e+00
   5.9594367e+00
   5.9126123e+00
   5.8342892e+00
   5.7145463e+00
   5.5740555e+00
   5.4246935e+00
   5.1957692e+00
   4.9492095e+00
   4.6600495e+00
   4.2740367e+00
   3.9539445e+00
   3.6761552e+00
   3.2573095e+00
   2.9607752e+00
   1.9670617e+00
   9.6004261e-01
   1.5647330e+00
   1.6687768e+00
   1.3633190e+00
   1.2205928e+00
   1.3404863e+00
   1.2659321e+00
   1.3319170e+00
   2.4016523e+00
   2.3484198e+00
   1.3748936e+00
   1.3949156e+00
   1.6017831e+00
   1.4153053e+00
   9.1155170e-01
   1.5222284e+00
   2.0026300e+00
   2.3058132e+00
   2.9201570e+00
   2.8650951e+00
   2.9795205e+00
   3.0215042e+00
   3.1182854e+00
   3.2812569e+00
   3.4836359e+00
   3.6602809e+00
   3.8517835e+00
   4.0954599e+00
   4.3160595e+00
   4.5283908e+00
   4.7553670e+00
   4.9148586e+00
   5.0465327e+00
   5.5049738e+00
   5.5873172e+00
   5.6456786e+00
   5.6957701e+00
   5.7223260e+00
   5.7441414e+00
   5.7624430e+00
   5.7817026e+00
   5.8060626e+00
   5.8311866e+00
   5.8504054e+00
   5.8581026e+00
   5.8791240e+00
   5.8996829e+00
   5.9277857e+00
   5.9728596e+00
   6.0200946e+00
   6.0672958e+00
   6.1042172e+00
   6.1381039e+00
   6.1684458e+00
   6.2084647e+00
   6.2264274e+00
   6.2234719e+00
   6.1686515e+00
   6.0858518e+00
   5.9706258e+00
   5.8033010e+00
   5.6406955e+00
   5.4751175e+00
   5.2600827e+00
   5.0313263e+00
   4.7758191e+00
   4.4233762e+00
   4.1296520e+00
   3.8483119e+00
   3.4149890e+00
   3.0870264e+00
   2.0550997e+00
   1.1797406e+00
   1.4491450e+00
   1.2381082e+00
   1.0773465e+00
   1.0733534e+00
   1.0086738e+00
   8.9017292e-01
   1.2143201e+00
   2.3398118e+00
   1.9582595e+00
   8.5586408e-01
   8.6619396e-01
   1.1305521e+00
   1.2647136e+00
   1.0343657e+00
   1.1890363e+00
   1.0477250e+00
   1.2486940e+00
   2.0490472e+00
   2.4344702e+00
   2.7102147e+00
   2.8707556e+00
   2.9953682e+00
   3.2182563e+00
   3.5010711e+00
   3.7508437e+00
   3.9979988e+00
   4.3039982e+00
   4.5537684e+00
   4.7928171e+00
   5.0462375e+00
   5.2227382e+00
   5.3697972e+00
   5.4988619e+00
   5.6080287e+00
   5.6940880e+00
   5.7879472e+00
   5.8403649e+00
   5.8934453e+00
   5.9400597e+00
   5.9764932e+00
   6.0046016e+00
   6.0389188e+00
   6.0554386e+00
   6.0636532e+00
   6.0780649e+00
   6.0894357e+00
   6.1023809e+00
   6.1284365e+00
   6.1630995e+00
   6.1921455e+00
   6.2133193e+00
   6.2206099e+00
   6.2235677e+00
   6.2160819e+00
   6.1952494e+00
   6.1422991e+00
   6.0419369e+00
   5.9203089e+00
   5.7861506e+00
   5.5849490e+00
   5.4186224e+00
   5.2438631e+00
   5.0435844e+00
   4.8345916e+00
   4.6228233e+00
   4.3219851e+00
   4.0695529e+00
   3.8002854e+00
   3.4059508e+00
   3.0696263e+00
   2.5407941e+00
   1.5976982e+00
   1.2180179e+00
   1.0196022e+00
   1.0551842e+00
   1.1012139e+00
   9.1502919e-01
   7.4345715e-01
   1.2727578e+00
   2.3010293e+00
   1.6074224e+00
   4.4249368e-01
   4.6520747e-01
   7.9426054e-01
   1.0901526e+00
   1.1619522e+00
   1.2036650e+00
   1.0891716e+00
   1.3029929e+00
   1.6012160e+00
   1.9735769e+00
   2.3707976e+00
   2.6460652e+00
   2.8055970e+00
   3.0401191e+00
   3.3621744e+00
   3.6466843e+00
   3.9293206e+00
   4.2571337e+00
   4.5198394e+00
   4.7612591e+00
   5.0240934e+00
   5.2002765e+00
   5.3568539e+00
   5.1241307e+00
   5.2470286e+00
   5.3539433e+00
   5.4760578e+00
   5.5567038e+00
   5.6368715e+00
   5.7099335e+00
   5.7636651e+00
   5.7978624e+00
   5.8352397e+00
   5.8499114e+00
   5.8594016e+00
   5.8680148e+00
   5.8699880e+00
   5.8717437e+00
   5.8843190e+00
   5.8999886e+00
   5.9076322e+00
   5.9072115e+00
   5.8917153e+00
   5.8689995e+00
   5.8201185e+00
   5.7634642e+00
   5.6704112e+00
   5.5279765e+00
   5.3798386e+00
   5.2340380e+00
   5.0351929e+00
   4.8765308e+00
   4.7124642e+00
   4.5207371e+00
   4.3494951e+00
   4.1882049e+00
   3.9633916e+00
   3.7578607e+00
   3.5249989e+00
   3.1902593e+00
   2.8842580e+00
   2.7946893e+00
   1.9082830e+00
   1.0356640e+00
   9.5674172e-01
   1.0346060e+00
   1.0719692e+00
   8.8881853e-01
   8.7540968e-01
   1.6359881e+00
   2.3797901e+00
   1.3252050e+00
   2.1762246e-01
   2.7381112e-01
   6.9742869e-01
   9.9116063e-01
   1.1975358e+00
   1.3900049e+00
   1.5870736e+00
   1.7728853e+00
   1.6139810e+00
   1.6951873e+00
   2.0166678e+00
   2.3532280e+00
   2.5418858e+00
   2.7631868e+00
   3.0671189e+00
   3.3462877e+00
   3.6283444e+00
   3.9482783e+00
   4.1948693e+00
   4.4195187e+00
   4.6613051e+00
   4.8244099e+00
   4.9739562e+00
   4.3932809e+00
   4.5096143e+00
   4.6253180e+00
   4.7527412e+00
   4.8622758e+00
   4.9582988e+00
   5.0609161e+00
   5.1269733e+00
   5.1805168e+00
   5.2169444e+00
   5.2285717e+00
   5.2292572e+00
   5.2285006e+00
   5.2224950e+00
   5.2154321e+00
   5.2203257e+00
   5.2133964e+00
   5.2048733e+00
   5.1737107e+00
   5.1424220e+00
   5.0909458e+00
   5.0199688e+00
   4.9270358e+00
   4.8120015e+00
   4.6380096e+00
   4.4870226e+00
   4.3365562e+00
   4.1648175e+00
   4.0268118e+00
   3.8838448e+00
   3.7227766e+00
   3.6094397e+00
   3.5197296e+00
   3.3790219e+00
   3.2390037e+00
   3.0588437e+00
   2.7959655e+00
   2.5376638e+00
   2.5233405e+00
   1.9507728e+00
   9.8249051e-01
   8.9483543e-01
   7.9114281e-01
   7.4262833e-01
   6.7577219e-01
   9.9183780e-01
   2.0516569e+00
   2.5270104e+00
   1.0310593e+00
   5.9414486e-02
   2.7502106e-01
   7.8768473e-01
   1.0745234e+00
   1.2511824e+00
   1.4592053e+00
   1.6340971e+00
   1.6766011e+00
   1.5600424e+00
   1.5363184e+00
   1.7027003e+00
   1.9878770e+00
   2.1792125e+00
   2.3684604e+00
   2.6254379e+00
   2.8635995e+00
   3.1128875e+00
   3.3950794e+00
   3.5983031e+00
   3.7828282e+00
   3.9738666e+00
   4.1154318e+00
   4.2415331e+00
   3.3169041e+00
   3.4107093e+00
   3.5153034e+00
   3.6367698e+00
   3.7532049e+00
   3.8573680e+00
   3.9834665e+00
   4.0667601e+00
   4.1388404e+00
   4.1826041e+00
   4.1909719e+00
   4.1876702e+00
   4.1787465e+00
   4.1737701e+00
   4.1635040e+00
   4.1582375e+00
   4.1304558e+00
   4.1048267e+00
   4.0546898e+00
   4.0104267e+00
   3.9557547e+00
   3.8695912e+00
   3.7652091e+00
   3.6386303e+00
   3.4693525e+00
   3.3315029e+00
   3.1910823e+00
   3.0497569e+00
   2.9370795e+00
   2.8321589e+00
   2.7415477e+00
   2.7057630e+00
   2.6991488e+00
   2.6438134e+00
   2.5916670e+00
   2.4683075e+00
   2.3002843e+00
   2.1009395e+00
   2.1548348e+00
   1.8797432e+00
   9.9356230e-01
   8.1921671e-01
   6.6625441e-01
   6.1547825e-01
   6.8964954e-01
   1.1566235e+00
   2.3323858e+00
   2.4809267e+00
   6.8460048e-01
  -1.7780497e-03
   4.2735568e-01
   9.0652576e-01
   1.1350702e+00
   1.2300855e+00
   1.2714936e+00
   1.3018046e+00
   1.2704157e+00
   1.2239701e+00
   1.2250191e+00
   1.3319036e+00
   1.5109782e+00
   1.6612123e+00
   1.8078125e+00
   2.0195163e+00
   2.1993681e+00
   2.3981541e+00
   2.6015888e+00
   2.7496885e+00
   2.8687063e+00
   2.9995839e+00
   3.1033576e+00
   3.1947734e+00
   1.9576883e+00
   2.0213438e+00
   2.0972712e+00
   2.1965049e+00
   2.2906094e+00
   2.3847478e+00
   2.5123278e+00
   2.6010497e+00
   2.6691163e+00
   2.7246591e+00
   2.7422044e+00
   2.7610773e+00
   2.7656218e+00
   2.7679524e+00
   2.7674202e+00
   2.7440766e+00
   2.7156203e+00
   2.6774509e+00
   2.6330735e+00
   2.5973468e+00
   2.5579524e+00
   2.4786187e+00
   2.3877257e+00
   2.2844224e+00
   2.1561450e+00
   2.0433741e+00
   1.9364710e+00
   1.8311307e+00
   1.7569037e+00
   1.7145562e+00
   1.7048898e+00
   1.7567709e+00
   1.8093564e+00
   1.8610174e+00
   1.8691559e+00
   1.8217886e+00
   1.7318658e+00
   1.6264615e+00
   1.7635547e+00
   1.7972547e+00
   1.1738998e+00
   8.1735123e-01
   7.8963283e-01
   1.0191581e+00
   1.4923275e+00
   2.0233501e+00
   2.2705445e+00
   1.6014657e+00
   3.5554278e-01
   2.6774891e-01
   6.8891325e-01
   9.9037758e-01
   1.0551819e+00
   1.0233304e+00
   9.6518052e-01
   9.2409837e-01
   8.7158223e-01
   8.1052420e-01
   7.8922767e-01
   8.2330163e-01
   9.0525553e-01
   9.7388352e-01
   1.0674013e+00
   1.2059623e+00
   1.3364519e+00
   1.4621870e+00
   1.5847104e+00
   1.6670042e+00
   1.7260807e+00
   1.7911923e+00
   1.8422868e+00
   1.8937836e+00
   6.3436085e-01
   6.5422412e-01
   6.9021502e-01
   7.5398547e-01
   8.0271130e-01
   8.6737939e-01
   9.5494948e-01
   1.0112532e+00
   1.0606393e+00
   1.1058179e+00
   1.1378762e+00
   1.1666271e+00
   1.1868957e+00
   1.1960395e+00
   1.1882137e+00
   1.1639975e+00
   1.1374291e+00
   1.1092024e+00
   1.0864944e+00
   1.0649379e+00
   1.0449746e+00
   9.9710649e-01
   9.4651878e-01
   9.0321154e-01
   8.2604419e-01
   7.7006464e-01
   7.1199953e-01
   6.5167130e-01
   6.5041548e-01
   6.5448160e-01
   7.3232340e-01
   8.3616642e-01
   9.4335259e-01
   1.0936065e+00
   1.1140260e+00
   1.1301562e+00
   1.1384136e+00
   1.1382591e+00
   1.3803613e+00
   1.4622972e+00
   9.4422609e-01
   6.1173329e-01
   5.5880148e-01
   1.0008484e+00
   1.8474577e+00
   2.0588354e+00
   1.4013389e+00
   6.2489295e-01
   3.7369151e-01
   6.5699628e-01
   9.0769775e-01
   9.6278638e-01
   8.6661052e-01
   6.9213578e-01
   5.2826971e-01
   4.0495499e-01
   3.1004626e-01
   2.4752448e-01
   2.0497788e-01
   2.1299291e-01
   2.2476514e-01
   2.3987240e-01
   2.9406330e-01
   3.7067015e-01
   4.5262440e-01
   5.1721397e-01
   5.5996236e-01
   5.9284712e-01
   6.0095087e-01
   6.0818689e-01
   6.1851753e-01
   6.1917047e-01
  -3.9359158e-01
  -4.2830686e-01
  -4.2619299e-01
  -4.2664185e-01
  -4.2667179e-01
  -3.9752660e-01
  -3.8772856e-01
  -3.7325262e-01
  -3.4347471e-01
  -3.2514685e-01
  -2.9294902e-01
  -2.7225818e-01
  -2.6616144e-01
  -2.5283333e-01
  -2.7029608e-01
  -2.9323263e-01
  -3.0480726e-01
  -3.3008827e-01
  -3.2943354e-01
  -3.3443939e-01
  -3.5523018e-01
  -3.5497935e-01
  -3.7028335e-01
  -3.8041605e-01
  -3.7129981e-01
  -3.9591030e-01
  -3.9995733e-01
  -3.7804761e-01
  -3.6368143e-01
  -2.8619360e-01
  -1.6681328e-01
  -4.9500309e-02
   1.4366818e-01
   2.8274861e-01
   3.2653994e-01
   4.1674202e-01
   4.9454837e-01
   6.5387806e-01
   8.9386289e-01
   9.0506021e-01
   6.6367495e-01
   5.3231528e-01
   6.5408938e-01
   1.4322907e+00
   1.8979152e+00
   1.0310681e+00
   4.6440800e-01
   4.1525615e-01
   6.2919769e-01
   8.3290954e-01
   9.1767669e-01
   7.4672237e-01
   5.5656982e-01
   3.3001040e-01
   5.3825697e-02
  -8.7981863e-02
  -2.1530246e-01
  -3.0575387e-01
  -3.2350655e-01
  -3.5695777e-01
  -3.5388134e-01
  -3.2560514e-01
  -3.0145822e-01
  -2.3191938e-01
  -2.0191769e-01
  -2.0438626e-01
  -1.9461649e-01
  -2.1833327e-01
  -2.4750534e-01
  -2.6566017e-01
  -3.1320057e-01
  -3.5453969e-01
  -1.0160672e+00
  -1.0722586e+00
  -1.1269043e+00
  -1.1947326e+00
  -1.2303813e+00
  -1.2579521e+00
  -1.2904067e+00
  -1.3008776e+00
  -1.3022277e+00
  -1.2996168e+00
  -1.2929566e+00
  -1.2958620e+00
  -1.3054006e+00
  -1.3075116e+00
  -1.3163867e+00
  -1.3294673e+00
  -1.3298236e+00
  -1.3349739e+00
  -1.3443192e+00
  -1.3456485e+00
  -1.3540215e+00
  -1.3532674e+00
  -1.3304401e+00
  -1.3122406e+00
  -1.2930136e+00
  -1.2634810e+00
  -1.2332884e+00
  -1.1848219e+00
  -1.1258524e+00
  -1.0549758e+00
  -9.2733620e-01
  -7.8902661e-01
  -6.5770391e-01
  -5.2890682e-01
  -4.5911881e-01
  -3.9125573e-01
  -1.9253148e-01
   1.9989301e-02
   1.8501804e-01
   3.3608707e-01
   3.9522852e-01
   3.6588725e-01
   5.8794305e-01
   9.9654111e-01
   9.2245718e-01
   4.1156127e-01
   3.0695766e-01
   4.6474695e-01
   6.3246697e-01
   6.7659096e-01
   6.3244053e-01
   4.0581881e-01
   1.6613217e-01
  -4.8400316e-02
  -2.8478807e-01
  -4.3432461e-01
  -5.3287789e-01
  -6.1308131e-01
  -6.4234871e-01
  -6.4919801e-01
  -6.4754098e-01
  -6.2136919e-01
  -5.9101737e-01
  -5.8588282e-01
  -5.9065284e-01
  -6.0194885e-01
  -6.3692247e-01
  -6.7180986e-01
  -7.1662930e-01
  -7.9170698e-01
  -8.5633753e-01
  -9.2730107e-01
  -1.0894955e+00
  -1.1573142e+00
  -1.2266663e+00
  -1.3100811e+00
  -1.3685415e+00
  -1.4131366e+00
  -1.4532501e+00
  -1.4793542e+00
  -1.4994520e+00
  -1.5181470e+00
  -1.5318815e+00
  -1.5430945e+00
  -1.5544237e+00
  -1.5671788e+00
  -1.5823154e+00
  -1.5931617e+00
  -1.5934420e+00
  -1.5918438e+00
  -1.5924170e+00
  -1.5917086e+00
  -1.5860866e+00
  -1.5705518e+00
  -1.5511099e+00
  -1.5287210e+00
  -1.4975496e+00
  -1.4661526e+00
  -1.4285573e+00
  -1.3756048e+00
  -1.3249438e+00
  -1.2641114e+00
  -1.1706169e+00
  -1.0788323e+00
  -9.8947963e-01
  -8.9317865e-01
  -8.0744217e-01
  -6.9891837e-01
  -5.3442441e-01
  -4.0400451e-01
  -3.0230446e-01
  -2.3282756e-01
  -2.1301422e-01
  -2.2236115e-01
  -2.3101713e-01
  -1.9946942e-01
  -1.3056847e-01
   1.5762091e-02
   1.8256446e-01
   3.3461565e-01
   4.1932833e-01
   3.8691899e-01
   2.8172290e-01
   9.5876536e-02
  -7.4753059e-02
  -2.3316210e-01
  -3.9113300e-01
  -4.9195782e-01
  -5.6361388e-01
  -6.1013838e-01
  -6.2292041e-01
  -6.2018427e-01
  -6.0209718e-01
  -5.8474225e-01
  -5.7709117e-01
  -5.8641198e-01
  -6.0383107e-01
  -6.2570008e-01
  -6.6259612e-01
  -7.0812055e-01
  -7.6572180e-01
  -8.4735420e-01
  -9.2266100e-01
  -1.0010354e+00
  -8.8040264e-01
  -9.3681873e-01
  -9.8988558e-01
  -1.0460570e+00
  -1.0860976e+00
  -1.1220982e+00
  -1.1622873e+00
  -1.1939150e+00
  -1.2211756e+00
  -1.2458922e+00
  -1.2608447e+00
  -1.2727575e+00
  -1.2847254e+00
  -1.2914275e+00
  -1.2933072e+00
  -1.2898696e+00
  -1.2855721e+00
  -1.2804790e+00
  -1.2704310e+00
  -1.2568811e+00
  -1.2387685e+00
  -1.2120522e+00
  -1.1882019e+00
  -1.1651378e+00
  -1.1368538e+00
  -1.1129795e+00
  -1.0873500e+00
  -1.0502091e+00
  -1.0099124e+00
  -9.6128625e-01
  -8.9533717e-01
  -8.3774253e-01
  -7.7647691e-01
  -6.8975159e-01
  -6.0555380e-01
  -5.1830869e-01
  -4.3177019e-01
  -3.9097648e-01
  -3.7233789e-01
  -3.6277075e-01
  -3.5475672e-01
  -3.4465922e-01
  -3.1556936e-01
  -2.6664385e-01
  -1.9848182e-01
  -1.0522000e-01
  -3.8724850e-02
   8.0549579e-04
   4.8600762e-04
  -3.5932704e-02
  -9.5026516e-02
  -1.8456752e-01
  -2.6254697e-01
  -3.3539739e-01
  -4.1002191e-01
  -4.5781264e-01
  -4.9160787e-01
  -5.1446276e-01
  -5.1988023e-01
  -5.1699081e-01
  -5.0900321e-01
  -5.0397631e-01
  -5.0282805e-01
  -5.0808040e-01
  -5.1802238e-01
  -5.3392524e-01
  -5.6345691e-01
  -5.9745712e-01
  -6.3899026e-01
  -6.9809910e-01
  -7.5323063e-01
  -8.1082061e-01
  -5.0262579e-01
  -5.2842376e-01
  -5.5404094e-01
  -5.8463567e-01
  -6.0995134e-01
  -6.3488618e-01
  -6.6308279e-01
  -6.8407902e-01
  -7.0212366e-01
  -7.1942766e-01
  -7.3029321e-01
  -7.3858581e-01
  -7.4556794e-01
  -7.4910359e-01
  -7.5068367e-01
  -7.4937391e-01
  -7.4548588e-01
  -7.3941521e-01
  -7.2954715e-01
  -7.1974411e-01
  -7.0887560e-01
  -6.9462620e-01
  -6.8205874e-01
  -6.6876318e-01
  -6.5106905e-01
  -6.3474523e-01
  -6.1723313e-01
  -5.9431669e-01
  -5.7361893e-01
  -5.5144462e-01
  -5.2286930e-01
  -4.9763509e-01
  -4.7070215e-01
  -4.3737846e-01
  -4.1109494e-01
  -3.8773664e-01
  -3.6517776e-01
  -3.5264685e-01
  -3.4490817e-01
  -3.3932339e-01
  -3.3528320e-01
  -3.3022947e-01
  -3.2241402e-01
  -3.1485931e-01
  -3.0712918e-01
  -2.9909561e-01
  -2.9510405e-01
  -2.9402682e-01
  -2.9705301e-01
  -3.0297148e-01
  -3.1152223e-01
  -3.2420552e-01
  -3.3510472e-01
  -3.4536234e-01
  -3.5592514e-01
  -3.6236780e-01
  -3.6591436e-01
  -3.6591138e-01
  -3.6250971e-01
  -3.5696051e-01
  -3.4952518e-01
  -3.4401287e-01
  -3.3979672e-01
  -3.3829081e-01
  -3.4085502e-01
  -3.4703347e-01
  -3.5988648e-01
  -3.7518191e-01
  -3.9407962e-01
  -4.2099016e-01
  -4.4571429e-01
  -4.7136740e-01
