  4.890577e-01
  4.954409e-01
  4.134077e-01
  3.922788e-01
  3.774369e-01
  3.626719e-01
  3.493712e-01
  3.331971e-01
  3.218279e-01
  3.166388e-01
  3.096417e-01
  3.014478e-01
  2.909142e-01
  2.814625e-01
  2.739182e-01
  2.682810e-01
  2.553376e-01
  2.488169e-01
  2.432651e-01
  2.380081e-01
  2.365849e-01
  2.375996e-01
  2.386852e-01
  2.376101e-01
  2.374512e-01
  2.374467e-01
  2.388821e-01
  2.451473e-01
  2.503765e-01
  2.604629e-01
  2.575016e-01
  2.542475e-01
  2.341160e-01
  2.254642e-01
  2.129330e-01
  2.063993e-01
  2.062080e-01
  2.120419e-01
  2.231280e-01
  2.302403e-01
  2.418861e-01
  2.408766e-01
  2.399580e-01
  2.357948e-01
  2.327865e-01
  2.291331e-01
  2.290803e-01
  2.313212e-01
  2.343194e-01
  2.377258e-01
  2.392890e-01
  2.408478e-01
  2.428996e-01
  2.498722e-01
  2.580506e-01
  2.683983e-01
  2.780946e-01
  2.861463e-01
  2.967221e-01
  3.090188e-01
  3.210877e-01
  3.306023e-01
  3.359919e-01
  3.392496e-01
  3.467919e-01
  3.585356e-01
  3.814210e-01
  4.051710e-01
  4.271511e-01
  4.710423e-01
  5.242331e-01
  5.474796e-01
