   6.3770815e-01   6.6428513e-01   6.8954265e-01   7.1799895e-01   7.3993227e-01   7.6005465e-01   7.8067172e-01   7.9431150e-01   8.0473180e-01   8.1347184e-01   8.1786553e-01   8.2025370e-01   8.2064337e-01   8.1869119e-01   8.1482728e-01   8.0730732e-01   7.9878264e-01   7.8871099e-01   7.7496605e-01   7.6255765e-01   7.4927732e-01   7.3194734e-01   7.1654616e-01   7.0025212e-01   6.7895195e-01   6.5989629e-01   6.3994544e-01   6.1435405e-01   5.9150063e-01   5.6721140e-01   5.3643849e-01   5.0992068e-01   4.8224315e-01   4.4873888e-01   4.2280970e-01   4.0032218e-01   3.7952621e-01   3.6873573e-01   3.6238726e-01   3.5735810e-01   3.5286304e-01   3.4702769e-01   3.3826043e-01   3.3031067e-01   3.2282370e-01   3.1617695e-01   3.1437568e-01   3.1640230e-01   3.2355947e-01   3.3231896e-01   3.4274584e-01   3.5618299e-01   3.6644918e-01   3.7524640e-01   3.8347324e-01   3.8797655e-01   3.9011216e-01   3.8953779e-01   3.8686559e-01   3.8348520e-01   3.8100477e-01   3.8156716e-01   3.8513250e-01   3.9522765e-01   4.0877215e-01   4.2644863e-01   4.5305636e-01   4.7908599e-01   5.0751749e-01   5.4370023e-01   5.7422217e-01   6.0387746e-01
   1.1631651e+00   1.2100985e+00   1.2528414e+00   1.2960693e+00   1.3241548e+00   1.3468432e+00   1.3684776e+00   1.3832853e+00   1.3945930e+00   1.4029117e+00   1.4059092e+00   1.4065593e+00   1.4049538e+00   1.4005292e+00   1.3926729e+00   1.3803143e+00   1.3698300e+00   1.3584638e+00   1.3412432e+00   1.3229552e+00   1.3009140e+00   1.2702171e+00   1.2432131e+00   1.2164890e+00   1.1827035e+00   1.1534815e+00   1.1211533e+00   1.0743554e+00   1.0265139e+00   9.7210805e-01   9.0168083e-01   8.4168903e-01   7.7870559e-01   6.9108157e-01   6.0733060e-01   5.2247843e-01   4.4592550e-01   4.2027599e-01   4.1677068e-01   4.1658339e-01   4.0640082e-01   3.8404367e-01   3.3506050e-01   2.7507721e-01   2.0468232e-01   1.2616885e-01   1.2880538e-01   1.8387200e-01   2.5148576e-01   3.0179186e-01   3.5021808e-01   4.0762224e-01   4.5194028e-01   4.9039969e-01   5.2816763e-01   5.5182438e-01   5.6815031e-01   5.7782058e-01   5.7831210e-01   5.7589590e-01   5.7715877e-01   5.8705279e-01   6.0662247e-01   6.4350987e-01   6.8361033e-01   7.3065706e-01   7.9560196e-01   8.5485649e-01   9.1622238e-01   9.8952664e-01   1.0475874e+00   1.1021818e+00
   1.4663929e+00   1.5189001e+00   1.5674285e+00   1.6169240e+00   1.6470182e+00   1.6672472e+00   1.6795597e+00   1.6824393e+00   1.6824123e+00   1.6820463e+00   1.6823096e+00   1.6819132e+00   1.6807497e+00   1.6827877e+00   1.6874581e+00   1.6890287e+00   1.6847536e+00   1.6794409e+00   1.6740891e+00   1.6678864e+00   1.6581063e+00   1.6394514e+00   1.6161475e+00   1.5874582e+00   1.5480871e+00   1.5100170e+00   1.4638680e+00   1.3988303e+00   1.3404596e+00   1.2746879e+00   1.1779019e+00   1.0848035e+00   9.9486392e-01   8.9792727e-01   8.1177739e-01   7.0409325e-01   5.4669471e-01   4.3267671e-01   3.7189865e-01   3.8443787e-01   3.9463523e-01   3.7161980e-01   3.3665850e-01   3.3995165e-01   3.2467643e-01   2.3624379e-01   2.2590628e-01   3.4862411e-01   5.1003040e-01   5.9703562e-01   6.4284365e-01   6.5448771e-01   6.5084734e-01   6.5452384e-01   6.7036677e-01   6.8743004e-01   7.0409146e-01   7.1469099e-01   7.1317024e-01   7.0717629e-01   7.0421742e-01   7.1653315e-01   7.4788344e-01   8.0593474e-01   8.6394450e-01   9.2792229e-01   1.0134215e+00   1.0908613e+00   1.1693962e+00   1.2613814e+00   1.3324790e+00   1.3974286e+00
   1.4636397e+00   1.4969543e+00   1.5260640e+00   1.5355171e+00   1.5268645e+00   1.5227031e+00   1.5119752e+00   1.4918093e+00   1.4733377e+00   1.4487940e+00   1.4306255e+00   1.4274880e+00   1.4259206e+00   1.4198241e+00   1.4204281e+00   1.4200793e+00   1.4163033e+00   1.4200248e+00   1.4212721e+00   1.4184144e+00   1.4223684e+00   1.4114716e+00   1.3831724e+00   1.3584181e+00   1.3272638e+00   1.2904556e+00   1.2515651e+00   1.1922098e+00   1.1295757e+00   1.0583355e+00   9.3609441e-01   7.9997343e-01   6.7056722e-01   5.6344707e-01   5.2207802e-01   4.9586226e-01   4.0590718e-01   3.0938384e-01   2.9554654e-01   4.0797508e-01   4.6065205e-01   4.7273660e-01   9.1314474e-01   1.3313980e+00   1.1239062e+00   5.3276225e-01   3.7283707e-01   4.7692947e-01   7.3767352e-01   9.3107013e-01   1.0693544e+00   1.0645925e+00   9.6354609e-01   8.8102819e-01   8.0775765e-01   7.6366997e-01   7.5664005e-01   7.6915474e-01   7.6902059e-01   7.7410938e-01   7.8999972e-01   7.9929632e-01   8.2969291e-01   8.8699347e-01   9.3424073e-01   9.9973696e-01   1.0891291e+00   1.1558723e+00   1.2267242e+00   1.3061183e+00   1.3604540e+00   1.4125129e+00
   1.1314769e+00   1.0998922e+00   1.0571330e+00   9.8454065e-01   9.1538904e-01   8.6864515e-01   8.1156134e-01   7.6185494e-01   7.2538669e-01   6.8328253e-01   6.5839421e-01   6.4918528e-01   6.3358042e-01   6.2446546e-01   6.2373763e-01   6.1939906e-01   6.2139546e-01   6.2726710e-01   6.1322075e-01   6.0958967e-01   6.1150580e-01   5.8497525e-01   5.8153979e-01   5.7411895e-01   5.3699959e-01   5.4090172e-01   5.3101121e-01   5.1735989e-01   5.5236969e-01   5.4850905e-01   5.4788787e-01   5.6494833e-01   5.6008288e-01   6.7698047e-01   8.2168994e-01   8.8217851e-01   9.3850708e-01   9.7166290e-01   9.8923679e-01   9.5577128e-01   7.9114575e-01   8.5532884e-01   1.3775756e+00   2.0068747e+00   2.0568588e+00   1.0471302e+00   4.9166062e-01   4.2435354e-01   7.4768426e-01   1.1479227e+00   1.4529204e+00   1.4706427e+00   1.3407134e+00   1.1498501e+00   8.9658510e-01   7.4298771e-01   6.4065693e-01   5.7788818e-01   5.6344850e-01   5.8817147e-01   6.1000740e-01   6.4303300e-01   6.9220137e-01   7.4390886e-01   8.0779170e-01   8.7579075e-01   9.6221786e-01   1.0229095e+00   1.0634296e+00   1.1172742e+00   1.1395568e+00   1.1398640e+00
   1.1612443e+00   1.1083967e+00   1.0649818e+00   1.0288605e+00   9.9783507e-01   1.0103465e+00   1.0387716e+00   1.0613282e+00   1.0945831e+00   1.1246711e+00   1.1551360e+00   1.1817809e+00   1.1990229e+00   1.2087532e+00   1.1984701e+00   1.1742637e+00   1.1471976e+00   1.1172636e+00   1.0946297e+00   1.0722367e+00   1.0517147e+00   1.0020244e+00   9.5168833e-01   9.0867552e-01   8.3626317e-01   7.9364329e-01   7.7324518e-01   7.9415998e-01   8.6470579e-01   9.7126197e-01   1.0862623e+00   1.1942024e+00   1.3103036e+00   1.4581129e+00   1.5630778e+00   1.5868852e+00   1.5770706e+00   1.5419659e+00   1.5384248e+00   1.5335473e+00   1.0988186e+00   8.3748893e-01   1.0880982e+00   1.5625546e+00   2.0873351e+00   2.1197188e+00   1.4182950e+00   6.5247490e-01   5.7673543e-01   1.0776676e+00   1.5422492e+00   1.7356372e+00   1.6485959e+00   1.3938113e+00   1.0940237e+00   8.5021060e-01   6.5268030e-01   5.2955916e-01   4.7883029e-01   4.9533276e-01   5.3447879e-01   5.9551712e-01   6.7760233e-01   7.6898094e-01   8.8732965e-01   9.8711535e-01   1.0759903e+00   1.1448077e+00   1.1718305e+00   1.2128197e+00   1.2201570e+00   1.1911807e+00
   2.0736614e+00   2.1003551e+00   2.1462315e+00   2.2214158e+00   2.3045700e+00   2.3950058e+00   2.5234436e+00   2.6154189e+00   2.6876090e+00   2.7460189e+00   2.7648905e+00   2.7821745e+00   2.7865734e+00   2.7882736e+00   2.7874407e+00   2.7642806e+00   2.7361582e+00   2.6993788e+00   2.6559077e+00   2.6196870e+00   2.5786622e+00   2.5001771e+00   2.4103877e+00   2.3091437e+00   2.1878216e+00   2.0904524e+00   2.0092791e+00   1.9557135e+00   1.9412515e+00   1.9654958e+00   2.0233946e+00   2.0894779e+00   2.1683472e+00   2.2412741e+00   2.2716074e+00   2.2382317e+00   2.1231301e+00   2.0037343e+00   1.9470784e+00   1.8830386e+00   1.3619832e+00   1.0678613e+00   1.2002439e+00   1.4170458e+00   1.6744700e+00   2.0838526e+00   2.2869010e+00   1.6440977e+00   7.3577799e-01   9.3902792e-01   1.4531001e+00   1.8509604e+00   1.8299111e+00   1.6425224e+00   1.3598434e+00   1.1657118e+00   1.0069990e+00   8.8632711e-01   8.4192739e-01   8.6866159e-01   9.5887156e-01   1.0393948e+00   1.1464014e+00   1.2989404e+00   1.4534417e+00   1.6037626e+00   1.7490427e+00   1.8478261e+00   1.9153002e+00   1.9861989e+00   2.0213248e+00   2.0481458e+00
   3.3320800e+00   3.4184338e+00   3.5222986e+00   3.6504373e+00   3.7771636e+00   3.8937601e+00   4.0309388e+00   4.1212188e+00   4.1980569e+00   4.2421764e+00   4.2500681e+00   4.2439170e+00   4.2331456e+00   4.2272202e+00   4.2162663e+00   4.2086631e+00   4.1810098e+00   4.1558537e+00   4.1064974e+00   4.0602677e+00   4.0014528e+00   3.9122399e+00   3.8060315e+00   3.6818733e+00   3.5203915e+00   3.3977942e+00   3.2828395e+00   3.1847149e+00   3.1220460e+00   3.0685627e+00   3.0397023e+00   3.0270200e+00   3.0377888e+00   3.0022810e+00   2.9428643e+00   2.8187485e+00   2.6241033e+00   2.4306440e+00   2.3400885e+00   1.9926981e+00   1.2296081e+00   1.0168568e+00   8.2330300e-01   7.3466679e-01   7.1336377e-01   1.3234927e+00   2.3962371e+00   2.5223252e+00   1.0554535e+00   8.2741419e-01   1.2974012e+00   1.7995917e+00   1.8913971e+00   1.7899329e+00   1.5637263e+00   1.4634046e+00   1.3465494e+00   1.2513196e+00   1.2359588e+00   1.3378052e+00   1.5185006e+00   1.6679153e+00   1.8161497e+00   2.0297697e+00   2.2159114e+00   2.4235344e+00   2.6364197e+00   2.7927116e+00   2.9151790e+00   3.0459501e+00   3.1405852e+00   3.2222170e+00
   4.4001008e+00   4.5235624e+00   4.6515451e+00   4.7991392e+00   4.9267659e+00   5.0375220e+00   5.1522940e+00   5.2224551e+00   5.2766842e+00   5.3075356e+00   5.3166436e+00   5.3139957e+00   5.3104907e+00   5.3029242e+00   5.2953533e+00   5.2963485e+00   5.2891007e+00   5.2805373e+00   5.2488795e+00   5.2129978e+00   5.1566662e+00   5.0782476e+00   4.9823620e+00   4.8689328e+00   4.7050909e+00   4.5699260e+00   4.4443640e+00   4.3121843e+00   4.2119753e+00   4.1091767e+00   3.9964266e+00   3.9071704e+00   3.8293709e+00   3.6885152e+00   3.5341750e+00   3.3340906e+00   3.0595973e+00   2.8139711e+00   2.7043714e+00   2.0673208e+00   1.1744136e+00   1.0005753e+00   8.1255953e-01   7.7413598e-01   8.2503666e-01   1.4033771e+00   2.1535787e+00   2.5778381e+00   1.2723573e+00   7.4324310e-01   1.1388615e+00   1.6758834e+00   1.8346935e+00   1.7469257e+00   1.6676105e+00   1.7383362e+00   1.7328818e+00   1.5760695e+00   1.5379214e+00   1.7046196e+00   1.9907638e+00   2.1850004e+00   2.3767099e+00   2.6334224e+00   2.8696245e+00   3.1172186e+00   3.3995950e+00   3.6039499e+00   3.7896644e+00   3.9798216e+00   4.1198622e+00   4.2453242e+00
   5.1476689e+00   5.2836676e+00   5.4094217e+00   5.5556250e+00   5.6559175e+00   5.7485703e+00   5.8320883e+00   5.8855303e+00   5.9161952e+00   5.9441936e+00   5.9548167e+00   5.9603928e+00   5.9652155e+00   5.9652838e+00   5.9668568e+00   5.9763941e+00   5.9913200e+00   5.9988975e+00   5.9953019e+00   5.9740652e+00   5.9450822e+00   5.8878781e+00   5.8277508e+00   5.7368795e+00   5.6058771e+00   5.4751441e+00   5.3519307e+00   5.1859776e+00   5.0560166e+00   4.9208888e+00   4.7646106e+00   4.6121385e+00   4.4567402e+00   4.2176126e+00   3.9916234e+00   3.7324035e+00   3.3980593e+00   3.1130162e+00   2.9717583e+00   2.0203018e+00   1.1553253e+00   1.0243599e+00   1.0662547e+00   1.1189838e+00   1.0965050e+00   1.2082661e+00   1.6960202e+00   2.4108750e+00   1.5194035e+00   7.9413515e-01   1.0579734e+00   1.5726614e+00   1.7759934e+00   1.5039152e+00   1.4709804e+00   1.6729197e+00   1.8472178e+00   1.6218812e+00   1.7038153e+00   2.0249540e+00   2.3636571e+00   2.5615720e+00   2.7926244e+00   3.0979369e+00   3.3730018e+00   3.6459846e+00   3.9582897e+00   4.2007010e+00   4.4242158e+00   4.6660545e+00   4.8317005e+00   4.9858449e+00
   5.5394170e+00   5.6642529e+00   5.7707736e+00   5.8879767e+00   5.9580360e+00   6.0210774e+00   6.0748814e+00   6.1075727e+00   6.1292154e+00   6.1528193e+00   6.1634051e+00   6.1672002e+00   6.1770593e+00   6.1867429e+00   6.1993802e+00   6.2245703e+00   6.2586509e+00   6.2870538e+00   6.3030806e+00   6.3044007e+00   6.3004850e+00   6.2855956e+00   6.2621599e+00   6.2126508e+00   6.1249256e+00   6.0206875e+00   5.9043376e+00   5.7278400e+00   5.5830383e+00   5.4300680e+00   5.2521768e+00   5.0548869e+00   4.8396169e+00   4.5182298e+00   4.2411330e+00   3.9481026e+00   3.5622961e+00   3.2398352e+00   2.7132052e+00   1.7595365e+00   1.2889974e+00   1.0636937e+00   1.0968070e+00   1.1535584e+00   1.0318994e+00   8.6706913e-01   1.3284405e+00   2.3265881e+00   1.7801892e+00   8.9054279e-01   1.0547597e+00   1.5717815e+00   1.6881548e+00   1.3434027e+00   1.2179412e+00   1.1488671e+00   1.3582293e+00   1.6214501e+00   2.0047628e+00   2.3826712e+00   2.6689438e+00   2.8504028e+00   3.1040291e+00   3.4302065e+00   3.7066691e+00   3.9737742e+00   4.2859357e+00   4.5399792e+00   4.7773633e+00   5.0395600e+00   5.2193470e+00   5.3828656e+00
   5.5536724e+00   5.6518854e+00   5.7287636e+00   5.7996563e+00   5.8405120e+00   5.8700229e+00   5.8921621e+00   5.9058545e+00   5.9222107e+00   5.9360165e+00   5.9478463e+00   5.9506412e+00   5.9674857e+00   5.9869660e+00   6.0151196e+00   6.0610033e+00   6.1082128e+00   6.1536976e+00   6.1854131e+00   6.2139082e+00   6.2386234e+00   6.2731400e+00   6.2904301e+00   6.2920084e+00   6.2500503e+00   6.1813819e+00   6.0787855e+00   5.9272739e+00   5.7814766e+00   5.6316257e+00   5.4296098e+00   5.2034120e+00   4.9361448e+00   4.5602247e+00   4.2437635e+00   3.9443694e+00   3.5226820e+00   3.1923837e+00   2.1973740e+00   1.3820130e+00   1.4870823e+00   1.2567029e+00   1.1121721e+00   1.1078970e+00   1.0425600e+00   9.5537926e-01   1.3586914e+00   2.3818452e+00   2.0704018e+00   1.0908639e+00   1.2023925e+00   1.6850102e+00   1.5537242e+00   1.1806583e+00   1.2081031e+00   1.0765401e+00   1.2809624e+00   2.0959804e+00   2.4738781e+00   2.7241937e+00   2.9155644e+00   3.0807900e+00   3.3289060e+00   3.6132976e+00   3.8471595e+00   4.0717377e+00   4.3539386e+00   4.5907994e+00   4.8216962e+00   5.0721083e+00   5.2509442e+00   5.4052372e+00
   5.2153174e+00   5.2812251e+00   5.3216654e+00   5.3443124e+00   5.3526417e+00   5.3507780e+00   5.3396487e+00   5.3393200e+00   5.3409192e+00   5.3486444e+00   5.3616001e+00   5.3731692e+00   5.3977505e+00   5.4277609e+00   5.4701492e+00   5.5350881e+00   5.5860859e+00   5.6429649e+00   5.7006561e+00   5.7592390e+00   5.8249427e+00   5.9041509e+00   5.9721916e+00   6.0169257e+00   6.0314362e+00   5.9938792e+00   5.9231282e+00   5.8124841e+00   5.6849779e+00   5.5458609e+00   5.3226540e+00   5.0698419e+00   4.7641407e+00   4.3542585e+00   4.0173812e+00   3.7294638e+00   3.3203894e+00   3.0167072e+00   2.0409228e+00   1.1020030e+00   1.5765009e+00   1.6696024e+00   1.3755256e+00   1.2379280e+00   1.3485920e+00   1.3589065e+00   1.5679552e+00   2.4628693e+00   2.4264214e+00   1.4750774e+00   1.5663599e+00   1.8724002e+00   1.5435918e+00   9.5980615e-01   1.5356434e+00   2.0521630e+00   2.3846493e+00   2.9738405e+00   2.8828035e+00   3.0050761e+00   3.1046157e+00   3.2581472e+00   3.4450975e+00   3.6379594e+00   3.7897689e+00   3.9500466e+00   4.1635416e+00   4.3656911e+00   4.5652504e+00   4.7852663e+00   4.9453347e+00   5.0826080e+00
   4.4445279e+00   4.4724613e+00   4.4708316e+00   4.4478843e+00   4.4191363e+00   4.3860170e+00   4.3602046e+00   4.3397247e+00   4.3288623e+00   4.3430048e+00   4.3622693e+00   4.3849796e+00   4.4250326e+00   4.4588916e+00   4.5025219e+00   4.5735393e+00   4.6327655e+00   4.7035340e+00   4.8127446e+00   4.9060209e+00   5.0096570e+00   5.1560176e+00   5.2706580e+00   5.3657378e+00   5.4358072e+00   5.4462590e+00   5.4248284e+00   5.3599755e+00   5.2675163e+00   5.1411431e+00   4.9019783e+00   4.6227708e+00   4.2872749e+00   3.8778858e+00   3.5206550e+00   3.2881753e+00   2.9320695e+00   2.6384004e+00   2.2580845e+00   1.3357925e+00   1.7769464e+00   2.4576036e+00   2.2291036e+00   1.8010210e+00   2.0503039e+00   1.8904426e+00   1.5497054e+00   2.3446867e+00   2.7309388e+00   1.8884659e+00   2.0319365e+00   2.2256437e+00   2.0309193e+00   1.6965706e+00   2.7069593e+00   3.4432409e+00   3.7591739e+00   3.5697208e+00   3.4204199e+00   3.3592684e+00   3.3253242e+00   3.3762098e+00   3.4126817e+00   3.4414503e+00   3.4905366e+00   3.5603626e+00   3.6767728e+00   3.8136763e+00   3.9608640e+00   4.1208047e+00   4.2535731e+00   4.3649965e+00
   3.1309825e+00   3.1152070e+00   3.0819520e+00   3.0193241e+00   2.9639789e+00   2.9191468e+00   2.8721425e+00   2.8395676e+00   2.8349393e+00   2.8548565e+00   2.8815554e+00   2.9179873e+00   2.9667791e+00   3.0094848e+00   3.0548460e+00   3.1218691e+00   3.2007445e+00   3.2999298e+00   3.4507602e+00   3.5965772e+00   3.7558505e+00   3.9616061e+00   4.1317111e+00   4.2836350e+00   4.4211960e+00   4.4918087e+00   4.5228219e+00   4.5011863e+00   4.4284502e+00   4.3007347e+00   4.0426332e+00   3.7369549e+00   3.3638007e+00   2.8743813e+00   2.5025390e+00   2.4362616e+00   2.2850645e+00   2.0469775e+00   1.9859578e+00   2.2900012e+00   2.2073207e+00   1.8229805e+00   2.0878020e+00   2.3361352e+00   2.3438756e+00   2.1787737e+00   1.8018960e+00   2.3283196e+00   2.9508830e+00   2.3667448e+00   2.4652932e+00   2.5089974e+00   2.9433412e+00   3.2575913e+00   3.1488920e+00   3.1382078e+00   3.3298104e+00   3.5150180e+00   3.4559567e+00   3.3324627e+00   3.2114687e+00   3.1022820e+00   2.9776580e+00   2.8509724e+00   2.7780706e+00   2.7388644e+00   2.7506064e+00   2.7957819e+00   2.8678270e+00   2.9741848e+00   3.0531916e+00   3.1099806e+00
   1.8526485e+00   1.8142044e+00   1.7548455e+00   1.6696947e+00   1.6014930e+00   1.5460366e+00   1.4900010e+00   1.4576425e+00   1.4561442e+00   1.4834346e+00   1.5171153e+00   1.5594781e+00   1.6161978e+00   1.6612998e+00   1.7090154e+00   1.7900020e+00   1.8840539e+00   2.0050279e+00   2.1941680e+00   2.3765239e+00   2.5744389e+00   2.8240549e+00   3.0323857e+00   3.2217065e+00   3.4041042e+00   3.5158534e+00   3.5839533e+00   3.5886100e+00   3.5153278e+00   3.3744512e+00   3.0859100e+00   2.8205902e+00   2.6309994e+00   2.2107552e+00   1.8297596e+00   1.7613906e+00   1.6478048e+00   1.4188439e+00   1.4087992e+00   1.7323190e+00   1.7279448e+00   1.2045689e+00   1.4509363e+00   1.8703924e+00   1.8943378e+00   1.4495745e+00   1.6128786e+00   2.4027992e+00   3.1970491e+00   2.7332218e+00   2.9080044e+00   2.7659594e+00   3.0134721e+00   3.2359740e+00   3.2207505e+00   3.1919844e+00   3.3113436e+00   3.4704463e+00   3.4046680e+00   3.1776604e+00   2.8638529e+00   2.6091811e+00   2.3646310e+00   2.1090285e+00   1.9371637e+00   1.8135493e+00   1.7330712e+00   1.7122076e+00   1.7364319e+00   1.7981233e+00   1.8408806e+00   1.8624940e+00
   1.1956718e+00   1.1726754e+00   1.1326106e+00   1.0744256e+00   1.0305673e+00   1.0022502e+00   9.8074321e-01   9.6890008e-01   9.7462709e-01   9.9612889e-01   1.0135103e+00   1.0310724e+00   1.0479332e+00   1.0506494e+00   1.0474434e+00   1.0473060e+00   1.0536628e+00   1.0734658e+00   1.1255707e+00   1.2230967e+00   1.4189684e+00   1.6983652e+00   1.9299299e+00   2.1431926e+00   2.3602147e+00   2.5021224e+00   2.5966789e+00   2.6157910e+00   2.5385002e+00   2.3909960e+00   2.1755324e+00   2.0445791e+00   1.9300078e+00   1.6802212e+00   1.2944758e+00   1.2024606e+00   1.1795800e+00   9.7667526e-01   8.8763767e-01   1.1128228e+00   1.3123912e+00   1.0081767e+00   1.0967299e+00   1.3323034e+00   1.4581709e+00   1.0720073e+00   1.4677973e+00   2.2914567e+00   3.2390285e+00   2.8216047e+00   3.1001265e+00   2.8765560e+00   2.9288212e+00   3.0109307e+00   3.0833388e+00   3.0653670e+00   3.0984439e+00   3.1198725e+00   2.9849271e+00   2.6782813e+00   2.2399393e+00   1.8938446e+00   1.5779482e+00   1.2640170e+00   1.0906882e+00   1.0120423e+00   9.8490445e-01   9.9893132e-01   1.0426340e+00   1.1112532e+00   1.1626347e+00   1.1930994e+00
   1.1370502e+00   1.1630098e+00   1.1840006e+00   1.1970900e+00   1.2106993e+00   1.2443205e+00   1.2963568e+00   1.3224625e+00   1.3393911e+00   1.3426948e+00   1.3222917e+00   1.2874637e+00   1.2205126e+00   1.1403247e+00   1.0372101e+00   8.6665789e-01   6.9101033e-01   4.9694878e-01   2.5054436e-01   1.5253891e-01   3.0971762e-01   6.0638020e-01   8.4813043e-01   1.0739290e+00   1.3172665e+00   1.4800647e+00   1.5918785e+00   1.6155582e+00   1.5330405e+00   1.3863627e+00   1.3407903e+00   1.4230209e+00   1.2581215e+00   1.2556646e+00   8.6891243e-01   7.4967469e-01   8.8131316e-01   7.2422351e-01   4.6144741e-01   5.9551219e-01   1.0545615e+00   1.2127094e+00   1.0651664e+00   8.3543445e-01   1.1167237e+00   1.1327125e+00   1.4100374e+00   1.9990989e+00   3.0850780e+00   2.6565133e+00   3.0504873e+00   2.8490391e+00   2.7812435e+00   2.7516362e+00   2.7876810e+00   2.7375249e+00   2.6682415e+00   2.4887474e+00   2.2368185e+00   1.8789571e+00   1.3936493e+00   1.0079389e+00   6.6428943e-01   3.5743727e-01   2.7232921e-01   3.5706178e-01   5.1788139e-01   6.5855617e-01   7.8203717e-01   9.0516506e-01   1.0055534e+00   1.0842619e+00
   3.0172100e+00   3.0447639e+00   3.0542668e+00   3.0497679e+00   3.0644820e+00   3.1086808e+00   3.1611146e+00   3.1894081e+00   3.2174101e+00   3.2218832e+00   3.1950453e+00   3.1473153e+00   3.0486264e+00   2.9144710e+00   2.7399628e+00   2.4904170e+00   2.2662673e+00   2.0359980e+00   1.7478070e+00   1.4984337e+00   1.2466635e+00   9.5884657e-01   7.4179550e-01   5.4803286e-01   3.9220940e-01   3.8388002e-01   4.7736432e-01   6.9495546e-01   1.0152417e+00   1.6122247e+00   2.3694763e+00   1.7839014e+00   9.2754384e-01   5.3829903e-01   1.2149449e+00   2.1011094e+00   2.5616950e+00   2.0850404e+00   2.0356874e+00   1.6120121e+00   1.3324822e+00   1.8619922e+00   2.3537107e+00   2.1018425e+00   1.2289093e+00   1.1910681e+00   1.4151941e+00   1.3982843e+00   2.2148615e+00   1.6225526e+00   1.8725772e+00   1.7471045e+00   1.7388429e+00   1.6476955e+00   1.6346598e+00   1.5282390e+00   1.2865639e+00   8.9382264e-01   5.3349533e-01   1.5529885e-01   3.1280246e-01   7.1444507e-01   1.0973140e+00   1.5110723e+00   1.8024151e+00   2.0468502e+00   2.2962120e+00   2.4665047e+00   2.6081160e+00   2.7659579e+00   2.8795455e+00   2.9584767e+00
   3.9944459e+00   4.0047356e+00   3.9929209e+00   3.9754842e+00   3.9900366e+00   4.0304218e+00   4.0854518e+00   4.1240897e+00   4.1572788e+00   4.1562810e+00   4.1120437e+00   4.0301361e+00   3.8745867e+00   3.6856685e+00   3.4616312e+00   3.1770028e+00   2.9443051e+00   2.7127246e+00   2.4348173e+00   2.2113579e+00   1.9983735e+00   1.7609144e+00   1.5856163e+00   1.4330499e+00   1.3093175e+00   1.3010681e+00   1.4010228e+00   1.7042471e+00   2.1889967e+00   2.9517520e+00   3.2385119e+00   2.2916997e+00   1.5006247e+00   8.8945834e-01   1.7469589e+00   3.3189906e+00   3.5558349e+00   2.7425538e+00   3.2257980e+00   3.0195719e+00   2.1747261e+00   2.2667043e+00   3.1201055e+00   2.5855609e+00   1.4191325e+00   1.0945278e+00   1.3035491e+00   1.2057864e+00   1.6773930e+00   1.0590885e+00   1.1760337e+00   8.1036581e-01   7.3499231e-01   9.4075022e-01   1.0659570e+00   9.9974794e-01   9.4308587e-01   9.8185971e-01   1.0541972e+00   1.1075486e+00   1.3959999e+00   1.7504062e+00   2.0963432e+00   2.4848469e+00   2.7750728e+00   3.0333994e+00   3.2996836e+00   3.4844519e+00   3.6438646e+00   3.8044344e+00   3.8968435e+00   3.9536417e+00
   4.8001774e+00   4.7920971e+00   4.7634470e+00   4.7393052e+00   4.7543436e+00   4.7904368e+00   4.8449174e+00   4.8888546e+00   4.9213999e+00   4.9068481e+00   4.8378406e+00   4.7169428e+00   4.5026964e+00   4.2676984e+00   4.0090245e+00   3.7025367e+00   3.4675309e+00   3.2434092e+00   2.9880595e+00   2.7987310e+00   2.6314803e+00   2.4550031e+00   2.3315077e+00   2.2318839e+00   2.1637909e+00   2.1879208e+00   2.3262183e+00   2.7249452e+00   3.3460782e+00   4.1573641e+00   3.8907954e+00   2.7070857e+00   2.0261376e+00   1.5315813e+00   2.4960937e+00   4.3260694e+00   4.2992689e+00   3.3534167e+00   3.9738547e+00   3.7180917e+00   2.7236465e+00   2.6599678e+00   3.7756306e+00   3.1337212e+00   1.6099838e+00   1.0108032e+00   1.1314892e+00   9.7247675e-01   1.3147565e+00   1.0369383e+00   9.7439599e-01   4.3404063e-01   5.1837844e-01   9.2956162e-01   1.0257002e+00   1.0379225e+00   1.1308940e+00   1.4331349e+00   1.7513916e+00   2.0463123e+00   2.3876152e+00   2.6932679e+00   3.0000224e+00   3.3580470e+00   3.6398718e+00   3.9027129e+00   4.1766250e+00   4.3676388e+00   4.5327569e+00   4.6810677e+00   4.7474628e+00   4.7808059e+00
   5.5858737e+00   5.5487460e+00   5.5056740e+00   5.4856604e+00   5.5028402e+00   5.5316584e+00   5.5783612e+00   5.6187716e+00   5.6374424e+00   5.5853275e+00   5.4641021e+00   5.2760789e+00   4.9727861e+00   4.6903567e+00   4.4145990e+00   4.1058184e+00   3.8813219e+00   3.6874644e+00   3.4920130e+00   3.3703322e+00   3.2847075e+00   3.2200900e+00   3.1938919e+00   3.1969814e+00   3.2617021e+00   3.4043981e+00   3.6689472e+00   4.2278310e+00   4.9840650e+00   5.6053649e+00   4.3539239e+00   3.1032749e+00   2.6812870e+00   3.1069672e+00   4.0624830e+00   5.3160078e+00   4.8189812e+00   4.1341555e+00   4.0755278e+00   3.1554318e+00   2.8671824e+00   3.2038457e+00   4.4784768e+00   4.0702809e+00   1.8876551e+00   9.1804995e-01   7.4831272e-01   5.4414751e-01   1.1778732e+00   2.2064158e+00   1.7810358e+00   1.1332081e+00   1.9522195e+00   2.4577210e+00   2.1404041e+00   2.3509998e+00   2.5820501e+00   2.8926746e+00   3.1524100e+00   3.3753361e+00   3.6197993e+00   3.8515078e+00   4.0965461e+00   4.3988525e+00   4.6523476e+00   4.9009096e+00   5.1652329e+00   5.3470199e+00   5.4935476e+00   5.5908463e+00   5.6088503e+00   5.6053051e+00
   5.8443018e+00   5.7749631e+00   5.7271383e+00   5.7190960e+00   5.7352193e+00   5.7518864e+00   5.7718306e+00   5.7770988e+00   5.7499238e+00   5.6304892e+00   5.4533213e+00   5.2233050e+00   4.9067420e+00   4.6545330e+00   4.4363847e+00   4.2039024e+00   4.0438372e+00   3.9288127e+00   3.8476342e+00   3.8218331e+00   3.8298035e+00   3.8882332e+00   3.9739292e+00   4.0959508e+00   4.3076602e+00   4.5642849e+00   4.9170498e+00   5.5146650e+00   6.1902163e+00   6.4274103e+00   4.7625025e+00   3.6343519e+00   3.3636785e+00   4.3627018e+00   5.3644004e+00   6.1006756e+00   5.2169709e+00   4.0525064e+00   2.7284948e+00   1.7152784e+00   2.4042277e+00   3.6994234e+00   4.9244198e+00   4.6820448e+00   2.5686201e+00   9.7005879e-01   7.8171897e-01   7.1922764e-01   1.6039227e+00   2.6634659e+00   1.8082450e+00   1.5689265e+00   2.4748863e+00   2.8226811e+00   3.4669309e+00   3.6702168e+00   3.8582963e+00   4.1104131e+00   4.2868334e+00   4.4081304e+00   4.5390919e+00   4.6890192e+00   4.8627529e+00   5.0964219e+00   5.3003547e+00   5.5091529e+00   5.7401260e+00   5.8803683e+00   5.9641628e+00   5.9820363e+00   5.9522806e+00   5.9139238e+00
   5.7967201e+00   5.7076226e+00   5.6557861e+00   5.6489158e+00   5.6575270e+00   5.6600832e+00   5.6510461e+00   5.6221944e+00   5.5575673e+00   5.4021715e+00   5.2137470e+00   4.9970345e+00   4.7345120e+00   4.5520060e+00   4.4111906e+00   4.2721350e+00   4.1862603e+00   4.1438294e+00   4.1484502e+00   4.1871085e+00   4.2542125e+00   4.3852366e+00   4.5352603e+00   4.7244448e+00   5.0137094e+00   5.3226951e+00   5.7105339e+00   6.3204716e+00   6.9218452e+00   7.0194382e+00   5.0414281e+00   4.1224614e+00   3.9355716e+00   5.0616694e+00   6.0101980e+00   6.3159848e+00   4.7485674e+00   3.3144515e+00   1.9034569e+00   1.3125548e+00   2.4010645e+00   4.1168206e+00   5.2276199e+00   4.9823237e+00   3.0552803e+00   1.0564539e+00   7.3518390e-01   8.7817509e-01   1.9736750e+00   2.7211945e+00   1.6840249e+00   1.5911420e+00   2.2825029e+00   2.6991284e+00   3.8153911e+00   4.3832666e+00   4.6190273e+00   4.7569922e+00   4.8659769e+00   4.9259827e+00   4.9877405e+00   5.0841037e+00   5.2086385e+00   5.3938587e+00   5.5633561e+00   5.7408783e+00   5.9372958e+00   6.0387179e+00   6.0727774e+00   6.0330319e+00   5.9680111e+00   5.9015112e+00
   5.5287757e+00   5.4166174e+00   5.3589690e+00   5.3471063e+00   5.3398763e+00   5.3191028e+00   5.2632899e+00   5.1816694e+00   5.0637172e+00   4.8718480e+00   4.6940509e+00   4.5331237e+00   4.3977550e+00   4.3493300e+00   4.3420491e+00   4.3600822e+00   4.3965230e+00   4.4637937e+00   4.5847338e+00   4.7044405e+00   4.8423328e+00   5.0551086e+00   5.2757672e+00   5.5373680e+00   5.9041516e+00   6.2561866e+00   6.6653385e+00   7.2778719e+00   7.7672320e+00   7.8008506e+00   5.3961244e+00   4.8594385e+00   4.7610208e+00   5.8039306e+00   6.6064118e+00   6.2931134e+00   3.4675556e+00   1.7440486e+00   9.4184891e-01   1.3379348e+00   2.6867860e+00   4.7208360e+00   5.6120429e+00   5.2554972e+00   3.6943155e+00   1.2134450e+00   6.1179501e-01   1.1168102e+00   2.5169356e+00   2.5591242e+00   1.3938255e+00   1.3645102e+00   1.5292804e+00   2.1968748e+00   3.7425899e+00   5.1163435e+00   5.4840587e+00   5.4081400e+00   5.4215924e+00   5.4111473e+00   5.3925702e+00   5.4229168e+00   5.4844053e+00   5.6065411e+00   5.7316928e+00   5.8656176e+00   6.0071761e+00   6.0495468e+00   6.0139633e+00   5.8978000e+00   5.7854703e+00   5.6791279e+00
   4.6245336e+00   4.4987109e+00   4.4291406e+00   4.3831879e+00   4.3369968e+00   4.2778217e+00   4.1816196e+00   4.0801300e+00   3.9631526e+00   3.8509896e+00   3.8231153e+00   3.8644614e+00   4.0073838e+00   4.1932581e+00   4.4062803e+00   4.6676858e+00   4.8763598e+00   5.0783336e+00   5.3095263e+00   5.4914674e+00   5.6773239e+00   5.9300070e+00   6.1743464e+00   6.4478684e+00   6.8075709e+00   7.1403392e+00   7.5073962e+00   7.9412193e+00   7.9250806e+00   6.8827093e+00   5.2384108e+00   5.5576329e+00   5.3892957e+00   5.9362447e+00   5.9678967e+00   4.6825797e+00   1.8071848e+00   7.6946682e-01   7.2932919e-01   1.8529015e+00   3.5886885e+00   5.4849407e+00   5.7451459e+00   5.3138971e+00   4.2287640e+00   1.2472756e+00   1.8770380e+00   2.9739741e+00   3.5231751e+00   2.1125018e+00   1.5749990e+00   1.9473069e+00   1.5539540e+00   1.6833700e+00   2.7766416e+00   3.9883561e+00   4.6515513e+00   5.6509799e+00   5.5219084e+00   5.4618851e+00   5.3754480e+00   5.3378057e+00   5.3321672e+00   5.3769886e+00   5.4461354e+00   5.5160938e+00   5.5526957e+00   5.5003279e+00   5.3768030e+00   5.1712505e+00   4.9925279e+00   4.8214358e+00
   3.9499129e+00   3.8236197e+00   3.7508210e+00   3.6932032e+00   3.6383891e+00   3.5762027e+00   3.4927351e+00   3.4190231e+00   3.3485677e+00   3.3286656e+00   3.4053932e+00   3.5631535e+00   3.8470636e+00   4.1493194e+00   4.4766530e+00   4.8643276e+00   5.1613287e+00   5.4328317e+00   5.7210795e+00   5.9317885e+00   6.1345285e+00   6.3926156e+00   6.6320174e+00   6.8925889e+00   7.2264915e+00   7.5263806e+00   7.8334677e+00   8.1117001e+00   7.8857447e+00   6.4024248e+00   4.9408525e+00   5.5483156e+00   5.3552432e+00   5.5229958e+00   5.1053723e+00   3.6126840e+00   1.1534628e+00   4.6946686e-01   7.4225323e-01   2.1660555e+00   4.0489827e+00   5.8859611e+00   5.8623709e+00   5.2829268e+00   4.0984827e+00   1.2472077e+00   2.2438197e+00   3.3366847e+00   3.5365274e+00   2.0158096e+00   1.7556194e+00   2.0073742e+00   1.7320651e+00   1.6290719e+00   2.3337708e+00   3.3307008e+00   4.2839134e+00   5.5670069e+00   5.4084501e+00   5.3256444e+00   5.2022846e+00   5.1254789e+00   5.0823258e+00   5.0812990e+00   5.1105952e+00   5.1343518e+00   5.1032394e+00   4.9956224e+00   4.8252468e+00   4.5752523e+00   4.3641580e+00   4.1631482e+00
   2.9108221e+00   2.7897308e+00   2.7154130e+00   2.6482194e+00   2.5925839e+00   2.5413863e+00   2.5036603e+00   2.4986978e+00   2.5278095e+00   2.6700018e+00   2.9034246e+00   3.2194690e+00   3.6799240e+00   4.1258306e+00   4.5987295e+00   5.1471856e+00   5.5557503e+00   5.9154720e+00   6.2762403e+00   6.5204940e+00   6.7377190e+00   6.9892769e+00   7.2072961e+00   7.4346063e+00   7.7162655e+00   7.9542335e+00   8.1515418e+00   8.1765557e+00   7.7294060e+00   5.7874282e+00   4.3728920e+00   5.2108049e+00   4.9963517e+00   4.5744489e+00   3.5415050e+00   2.0450136e+00   5.0312300e-01   2.6770104e-01   8.6667295e-01   2.6050938e+00   4.6283893e+00   6.4006030e+00   6.0538511e+00   5.1897929e+00   3.5753881e+00   1.2316782e+00   2.4569809e+00   3.2719376e+00   3.1076774e+00   2.0110324e+00   2.0615254e+00   1.8714962e+00   2.1037399e+00   1.7458441e+00   1.8209427e+00   2.4298221e+00   3.8721394e+00   5.2760626e+00   5.1189279e+00   5.0096897e+00   4.8378125e+00   4.7077310e+00   4.6144546e+00   4.5500219e+00   4.5191157e+00   4.4726366e+00   4.3436811e+00   4.1603714e+00   3.9292669e+00   3.6243800e+00   3.3738848e+00   3.1380022e+00
   1.9460925e+00   1.8923706e+00   1.8702399e+00   1.8768463e+00   1.9011753e+00   1.9388637e+00   2.0183026e+00   2.1216044e+00   2.2623925e+00   2.5128505e+00   2.8007187e+00   3.1471784e+00   3.6350912e+00   4.1065491e+00   4.6142748e+00   5.2189741e+00   5.6849746e+00   6.1075565e+00   6.5498056e+00   6.8526963e+00   7.1013807e+00   7.3444792e+00   7.5246654e+00   7.6979710e+00   7.8906299e+00   8.0209900e+00   8.0615634e+00   7.7238449e+00   6.8748111e+00   4.9003697e+00   2.8164898e+00   3.3967101e+00   3.4951016e+00   2.8077644e+00   1.9386854e+00   1.1339880e+00   2.9391808e-01   2.2982152e-01   9.3611922e-01   2.6444918e+00   4.2970475e+00   5.2661213e+00   5.2834892e+00   4.7269568e+00   3.2363192e+00   1.7484435e+00   2.2433843e+00   2.6212110e+00   2.4529557e+00   1.8475720e+00   1.9019225e+00   1.7525928e+00   2.0819565e+00   2.4767812e+00   3.0618491e+00   3.5321231e+00   4.4776897e+00   4.6631154e+00   4.4635745e+00   4.3130657e+00   4.0903575e+00   3.9139821e+00   3.7709168e+00   3.6357070e+00   3.5332580e+00   3.4117139e+00   3.2082564e+00   2.9915712e+00   2.7572583e+00   2.4813059e+00   2.2661169e+00   2.0836562e+00
   1.7753365e+00   1.7696621e+00   1.7844300e+00   1.8329215e+00   1.8942227e+00   1.9685686e+00   2.0897087e+00   2.2262684e+00   2.3963711e+00   2.6646200e+00   2.9477124e+00   3.2748932e+00   3.7273582e+00   4.1620680e+00   4.6331180e+00   5.2049420e+00   5.6573551e+00   6.0794236e+00   6.5419118e+00   6.8732718e+00   7.1460192e+00   7.3959048e+00   7.5579805e+00   7.6955440e+00   7.8272664e+00   7.8885474e+00   7.8119802e+00   7.2404655e+00   6.2205150e+00   4.3819568e+00   2.0346649e+00   2.5042253e+00   2.6766871e+00   2.0078177e+00   1.3097240e+00   7.8249062e-01   2.3778104e-01   2.5346233e-01   9.5882477e-01   2.5251114e+00   3.8970597e+00   4.5559062e+00   4.6727162e+00   4.0965730e+00   2.9510170e+00   1.9040089e+00   2.0199883e+00   2.1749672e+00   2.0115251e+00   1.6403537e+00   1.7350987e+00   1.7470493e+00   2.1986453e+00   2.8340067e+00   3.5163247e+00   3.8786613e+00   4.4459658e+00   4.2278706e+00   4.0158686e+00   3.8479159e+00   3.6147097e+00   3.4293115e+00   3.2742091e+00   3.1201298e+00   3.0003459e+00   2.8666813e+00   2.6691936e+00   2.4819203e+00   2.2963465e+00   2.0957468e+00   1.9483668e+00   1.8361882e+00
   2.0222009e+00   2.1068902e+00   2.1907007e+00   2.3061636e+00   2.4149736e+00   2.5289045e+00   2.6825074e+00   2.8333498e+00   3.0033168e+00   3.2397748e+00   3.4660037e+00   3.7119383e+00   4.0373093e+00   4.3425456e+00   4.6770732e+00   5.1069241e+00   5.4738840e+00   5.8451955e+00   6.3041617e+00   6.6744046e+00   6.9941935e+00   7.2709211e+00   7.4086780e+00   7.4820664e+00   7.5019721e+00   7.4417535e+00   7.1389953e+00   6.1551232e+00   4.9407785e+00   3.5324075e+00   9.2465504e-01   1.2663922e+00   1.4144943e+00   1.0085049e+00   6.9140911e-01   4.4891223e-01   2.3439618e-01   3.5354721e-01   9.7207394e-01   2.1386520e+00   2.9650737e+00   3.3287872e+00   3.4566595e+00   2.5812690e+00   2.3667033e+00   1.9627087e+00   1.5218177e+00   1.3553143e+00   1.2093384e+00   1.1511100e+00   1.3631598e+00   1.8236529e+00   2.5632930e+00   3.3256800e+00   3.8983116e+00   4.0476743e+00   3.8772446e+00   3.4113954e+00   3.1954843e+00   3.0078904e+00   2.7832199e+00   2.6071990e+00   2.4552321e+00   2.3003724e+00   2.1849792e+00   2.0739961e+00   1.9526354e+00   1.8791107e+00   1.8412313e+00   1.8424302e+00   1.8693879e+00   1.9247269e+00
   3.0067603e+00   3.1175446e+00   3.2266120e+00   3.3657945e+00   3.4909767e+00   3.6219272e+00   3.7926659e+00   3.9516150e+00   4.1256332e+00   4.3566191e+00   4.5632802e+00   4.7698998e+00   5.0051603e+00   5.1906064e+00   5.3658609e+00   5.5571048e+00   5.6964925e+00   5.8284961e+00   6.0198928e+00   6.2243584e+00   6.4497778e+00   6.6901232e+00   6.8074013e+00   6.8366187e+00   6.7713740e+00   6.6003681e+00   6.2142133e+00   5.2253248e+00   3.5455669e+00   2.4953048e+00   1.0330222e+00   7.8964384e-01   8.5886559e-01   6.4694674e-01   4.8612610e-01   3.0698522e-01   2.3318947e-01   4.6928681e-01   1.0727329e+00   1.7929583e+00   1.9529597e+00   1.9930070e+00   1.9657161e+00   1.5626535e+00   1.8102044e+00   1.4827667e+00   1.0954623e+00   9.0771901e-01   7.3133541e-01   6.4873244e-01   8.6772514e-01   1.4637835e+00   2.1773713e+00   2.8056088e+00   3.1967708e+00   3.2948374e+00   3.1425801e+00   2.6926342e+00   2.5423912e+00   2.4642846e+00   2.4098873e+00   2.3670290e+00   2.3384814e+00   2.3307206e+00   2.3439071e+00   2.3704578e+00   2.4238271e+00   2.4893249e+00   2.5709944e+00   2.6830352e+00   2.7764284e+00   2.8755229e+00
   3.6156851e+00   3.7380283e+00   3.8581617e+00   4.0076586e+00   4.1403325e+00   4.2794916e+00   4.4589101e+00   4.6239991e+00   4.8041420e+00   5.0389735e+00   5.2422240e+00   5.4365820e+00   5.6354813e+00   5.7660079e+00   5.8623849e+00   5.9274259e+00   5.9407811e+00   5.9339172e+00   5.9533239e+00   6.0272017e+00   6.1481137e+00   6.3058618e+00   6.3787651e+00   6.3712822e+00   6.2604530e+00   6.0423472e+00   5.6230126e+00   4.5218180e+00   2.7230866e+00   1.9088232e+00   1.0148172e+00   5.3535302e-01   5.8609389e-01   4.6786041e-01   3.7996283e-01   2.4573078e-01   2.3792330e-01   5.3477834e-01   1.1358594e+00   1.6072409e+00   1.3982565e+00   1.3011503e+00   1.2279381e+00   1.0584860e+00   1.5281789e+00   1.3156074e+00   9.8912982e-01   8.0789930e-01   6.0971991e-01   4.8333941e-01   6.2454008e-01   1.2035219e+00   1.8721298e+00   2.4129374e+00   2.6855497e+00   2.6847565e+00   2.6334029e+00   2.3356677e+00   2.2482407e+00   2.2638029e+00   2.3295315e+00   2.3714293e+00   2.4169311e+00   2.4914322e+00   2.5721473e+00   2.6674328e+00   2.8036210e+00   2.9328149e+00   3.0681916e+00   3.2287063e+00   3.3511531e+00   3.4695152e+00
   4.7741157e+00   4.8984576e+00   5.0197632e+00   5.1698716e+00   5.3053014e+00   5.4499603e+00   5.6375199e+00   5.8192043e+00   6.0267960e+00   6.3004986e+00   6.5351971e+00   6.7588383e+00   6.9731069e+00   7.0828140e+00   7.1148060e+00   7.0330271e+00   6.8708415e+00   6.6396792e+00   6.3034965e+00   6.0064743e+00   5.7271730e+00   5.4654881e+00   5.3155724e+00   5.1973218e+00   5.0306684e+00   4.8164467e+00   4.4142959e+00   2.6228109e+00   1.3348138e+00   1.0328837e+00   6.0819449e-01   2.2864162e-01   3.7649340e-01   3.2151357e-01   2.6877657e-01   2.4496664e-01   2.7084811e-01   6.3278791e-01   1.2597566e+00   1.3765119e+00   6.5401966e-01   5.7107635e-01   6.2892395e-01   6.4851060e-01   1.2629331e+00   1.5635773e+00   1.4736530e+00   1.3905747e+00   1.1378829e+00   8.0294228e-01   4.3787185e-01   5.4388394e-01   1.0009259e+00   1.3559301e+00   1.3754472e+00   8.9356096e-01   1.4255248e+00   2.0387764e+00   2.1677562e+00   2.4747947e+00   2.8337219e+00   3.0473291e+00   3.2237429e+00   3.4167024e+00   3.5735328e+00   3.7283211e+00   3.9118712e+00   4.0649719e+00   4.2142219e+00   4.3793164e+00   4.5045061e+00   4.6255043e+00
   5.0922187e+00   5.2058670e+00   5.3165244e+00   5.4539421e+00   5.5781128e+00   5.7098570e+00   5.8819877e+00   6.0494054e+00   6.2385878e+00   6.4854663e+00   6.6942137e+00   6.8935300e+00   7.0873469e+00   7.1888586e+00   7.2213143e+00   7.1535991e+00   7.0110161e+00   6.7920201e+00   6.4365199e+00   6.0683575e+00   5.6530538e+00   5.1369718e+00   4.7413763e+00   4.4398806e+00   4.2543649e+00   4.1176329e+00   3.6400057e+00   1.7861486e+00   7.9164667e-01   5.7962913e-01   4.4324242e-01   2.3227445e-01   2.0185186e-01   1.8338071e-01   1.4973284e-01   1.9607848e-01   2.5521345e-01   5.8637767e-01   1.1459332e+00   1.0673454e+00   4.5976574e-01   3.7870980e-01   4.0050320e-01   5.8939056e-01   1.4821298e+00   1.7139596e+00   1.6936253e+00   1.6196406e+00   1.3612596e+00   1.0376160e+00   6.7623431e-01   4.8672551e-01   5.9768461e-01   7.6237342e-01   7.3479457e-01   5.2418193e-01   1.2503659e+00   2.1640753e+00   2.3841458e+00   2.7951710e+00   3.2085461e+00   3.4488972e+00   3.6392129e+00   3.8380825e+00   3.9932060e+00   4.1427866e+00   4.3148431e+00   4.4539460e+00   4.5886451e+00   4.7372650e+00   4.8494726e+00   4.9575316e+00
   5.3318997e+00   5.4374906e+00   5.5401249e+00   5.6679805e+00   5.7836678e+00   5.9056813e+00   6.0661866e+00   6.2228549e+00   6.3981665e+00   6.6248338e+00   6.8140278e+00   6.9950160e+00   7.1734233e+00   7.2687599e+00   7.3015650e+00   7.2444464e+00   7.1166333e+00   6.9068043e+00   6.5367489e+00   6.1149847e+00   5.5972072e+00   4.8894449e+00   4.3087370e+00   3.8691719e+00   3.6694440e+00   3.5910981e+00   3.0566016e+00   1.1557491e+00   3.8238682e-01   2.3811567e-01   3.1895609e-01   2.3501169e-01   7.0264810e-02   7.9301818e-02   6.0037028e-02   1.5924275e-01   2.4343321e-01   5.5140898e-01   1.0601708e+00   8.3439784e-01   3.1340134e-01   2.3376748e-01   2.2839515e-01   5.4484542e-01   1.6472877e+00   1.8272681e+00   1.8593676e+00   1.7922347e+00   1.5295671e+00   1.2144354e+00   8.5583314e-01   4.4365838e-01   2.9385460e-01   3.1514664e-01   2.5208244e-01   2.4586614e-01   1.1183890e+00   2.2584843e+00   2.5471887e+00   3.0365648e+00   3.4909647e+00   3.7514665e+00   3.9522568e+00   4.1555796e+00   4.3094169e+00   4.4550736e+00   4.6184700e+00   4.7470262e+00   4.8707614e+00   5.0069683e+00   5.1093943e+00   5.2077040e+00
   5.3636453e+00   5.4673662e+00   5.5682938e+00   5.6936221e+00   5.8060568e+00   5.9265580e+00   6.0841822e+00   6.2361851e+00   6.4062336e+00   6.6244553e+00   6.8055889e+00   6.9806080e+00   7.1560032e+00   7.2506302e+00   7.2895663e+00   7.2433364e+00   7.1224592e+00   6.9164664e+00   6.5514702e+00   6.1482051e+00   5.6535214e+00   4.9331483e+00   4.2634085e+00   3.6413047e+00   3.2740724e+00   3.2836387e+00   2.8956205e+00   1.1253676e+00   3.2421468e-01   1.6224158e-01   3.8364633e-01   4.0568859e-01   1.8505398e-01   1.5615050e-01   2.8811457e-01   2.0166215e-01   2.1756033e-01   5.7012724e-01   9.2578591e-01   4.8124381e-01   1.4685859e-01   2.7260704e-01   2.6937159e-01   6.5392437e-01   1.2316902e+00   1.5321241e+00   1.6291004e+00   1.5275148e+00   1.2730573e+00   1.0281735e+00   7.8258054e-01   4.8131162e-01   2.3418041e-01   1.5267470e-01   4.4271814e-01   4.0502882e-01   8.5692320e-01   2.3472716e+00   2.6497672e+00   3.2034382e+00   3.5974694e+00   3.8532410e+00   4.0469987e+00   4.2427217e+00   4.3917830e+00   4.5287616e+00   4.6821140e+00   4.8061536e+00   4.9245282e+00   5.0532876e+00   5.1514517e+00   5.2436956e+00
   5.1685474e+00   5.2806228e+00   5.3909810e+00   5.5282963e+00   5.6517624e+00   5.7832647e+00   5.9540769e+00   6.1165769e+00   6.2985610e+00   6.5322188e+00   6.7254021e+00   6.9109946e+00   7.0966246e+00   7.1963732e+00   7.2384846e+00   7.1990168e+00   7.0880891e+00   6.8982559e+00   6.5506189e+00   6.1474665e+00   5.6300390e+00   4.8361253e+00   4.0471009e+00   3.2350828e+00   2.7111998e+00   2.8674106e+00   2.8881607e+00   1.3029627e+00   3.7562333e-01   2.3417288e-01   5.1774627e-01   5.2725195e-01   2.1367291e-01   1.5112421e-01   2.8005411e-01   2.1976786e-01   3.1181431e-01   6.4503415e-01   8.8515561e-01   4.3585391e-01   4.5384764e-01   5.6408045e-01   5.3443881e-01   6.0636452e-01   9.4004987e-01   1.3206126e+00   1.4138122e+00   1.2991811e+00   1.0585609e+00   8.6029016e-01   6.8344409e-01   4.8225086e-01   3.5823986e-01   4.2643116e-01   8.0051090e-01   6.4169206e-01   7.3703003e-01   2.0293906e+00   2.5215083e+00   3.0158226e+00   3.3538894e+00   3.5969492e+00   3.7861584e+00   3.9847847e+00   4.1412362e+00   4.2858194e+00   4.4473753e+00   4.5786428e+00   4.7039623e+00   4.8396407e+00   4.9429716e+00   5.0413978e+00
   4.9096145e+00   5.0327782e+00   5.1556526e+00   5.3088768e+00   5.4469837e+00   5.5930868e+00   5.7814019e+00   5.9578337e+00   6.1556586e+00   6.4098032e+00   6.6189786e+00   6.8186041e+00   7.0178177e+00   7.1243635e+00   7.1706892e+00   7.1401961e+00   7.0424733e+00   6.8740870e+00   6.5494892e+00   6.1464862e+00   5.5988734e+00   4.7073571e+00   3.7600188e+00   2.6959476e+00   1.9641586e+00   2.3149951e+00   2.8782601e+00   1.5386659e+00   4.4385257e-01   3.2963967e-01   6.9572290e-01   6.8859010e-01   2.5165579e-01   1.4445334e-01   2.6935630e-01   2.4379765e-01   4.3690761e-01   7.4445014e-01   8.3123132e-01   3.7561271e-01   8.6128164e-01   9.5092217e-01   8.8623440e-01   5.4324338e-01   5.5298663e-01   1.0398959e+00   1.1280829e+00   9.9613791e-01   7.7388254e-01   6.3747646e-01   5.5187080e-01   4.8349741e-01   5.2289080e-01   7.8975907e-01   1.2753713e+00   9.5579006e-01   5.7790854e-01   1.6075008e+00   2.3512838e+00   2.7668204e+00   3.0306114e+00   3.2568002e+00   3.4399727e+00   3.6424523e+00   3.8087121e+00   3.9633880e+00   4.1358315e+00   4.2766920e+00   4.4112286e+00   4.5560899e+00   4.6662781e+00   4.7729093e+00
   3.7748744e+00   3.8841822e+00   3.9981385e+00   4.1447540e+00   4.2794470e+00   4.4229042e+00   4.6029743e+00   4.7681564e+00   4.9523430e+00   5.1989523e+00   5.4104038e+00   5.6175206e+00   5.8452077e+00   5.9931215e+00   6.0880044e+00   6.1207846e+00   6.0857007e+00   5.9882031e+00   5.7478287e+00   5.4000072e+00   4.8923028e+00   4.0119048e+00   3.0107824e+00   1.7335145e+00   6.3344942e-01   1.8737390e+00   3.0312413e+00   1.7987149e+00   7.9555202e-01   5.9983200e-01   6.8785360e-01   5.6780241e-01   2.3877064e-01   3.2453883e-01   3.8564346e-01   5.5219905e-01   6.7910703e-01   8.0155989e-01   6.7347052e-01   5.0699409e-01   1.3475700e+00   1.5935683e+00   1.3829507e+00   8.3904338e-01   7.2417551e-01   1.1441926e+00   1.2716871e+00   1.2561642e+00   1.2191648e+00   1.2323414e+00   1.2708869e+00   1.3046663e+00   1.3608096e+00   1.6137054e+00   2.1968934e+00   2.0088612e+00   8.6342519e-01   1.3891703e+00   2.2698840e+00   2.2998804e+00   2.3046099e+00   2.3856288e+00   2.4797033e+00   2.6187504e+00   2.7544382e+00   2.8902607e+00   3.0512752e+00   3.1851546e+00   3.3134230e+00   3.4534541e+00   3.5571044e+00   3.6542435e+00
   3.1388748e+00   3.2307953e+00   3.3278925e+00   3.4542239e+00   3.5734324e+00   3.7035079e+00   3.8696114e+00   4.0243538e+00   4.1990877e+00   4.4427570e+00   4.6674297e+00   4.9038813e+00   5.1931615e+00   5.4123935e+00   5.5818660e+00   5.6837058e+00   5.6866066e+00   5.6181288e+00   5.4097612e+00   5.0934059e+00   4.6283244e+00   3.8240820e+00   2.9178706e+00   1.7718369e+00   8.1592210e-01   1.9975940e+00   2.9046366e+00   1.5851936e+00   7.8736382e-01   5.5392026e-01   5.7377390e-01   4.5092906e-01   2.5191773e-01   3.9674665e-01   4.2335511e-01   5.7414003e-01   6.8754225e-01   7.2149219e-01   5.9644710e-01   5.7343879e-01   1.5134810e+00   1.8608606e+00   1.6493047e+00   1.1623730e+00   1.0710900e+00   1.4326729e+00   1.5762502e+00   1.6087146e+00   1.6268013e+00   1.6748143e+00   1.7426129e+00   1.8064972e+00   1.8554755e+00   2.0424721e+00   2.2972395e+00   2.4158754e+00   1.3414383e+00   1.7093658e+00   2.4903205e+00   2.3498984e+00   2.2234405e+00   2.1867036e+00   2.1832311e+00   2.2337512e+00   2.3124700e+00   2.4033577e+00   2.5259477e+00   2.6358561e+00   2.7437799e+00   2.8641960e+00   2.9543020e+00   3.0377610e+00
   2.0826817e+00   2.1393684e+00   2.2006286e+00   2.2823160e+00   2.3668401e+00   2.4668281e+00   2.6035609e+00   2.7382334e+00   2.8960741e+00   3.1357093e+00   3.3902335e+00   3.6920142e+00   4.1137431e+00   4.4832248e+00   4.8078786e+00   5.0466099e+00   5.1144924e+00   5.0871272e+00   4.9218674e+00   4.6581230e+00   4.2772122e+00   3.6456559e+00   2.9797168e+00   2.2173386e+00   1.7325145e+00   2.4486017e+00   2.5540361e+00   9.9314160e-01   6.3806749e-01   3.4723802e-01   3.1183830e-01   2.2433801e-01   2.8721367e-01   4.9767414e-01   4.6782923e-01   5.1083218e-01   6.1740342e-01   5.1444849e-01   4.7606945e-01   6.7902879e-01   1.7185203e+00   2.2433473e+00   2.0836722e+00   1.8034459e+00   1.8130804e+00   2.0637806e+00   2.2301350e+00   2.3308798e+00   2.4082284e+00   2.4817057e+00   2.5714279e+00   2.6673621e+00   2.6935012e+00   2.7326800e+00   2.1888298e+00   2.9707035e+00   2.3454385e+00   2.5336212e+00   3.0322466e+00   2.6389987e+00   2.3039410e+00   2.0475970e+00   1.8506625e+00   1.7191541e+00   1.6769371e+00   1.6704875e+00   1.7081035e+00   1.7649466e+00   1.8279597e+00   1.9046262e+00   1.9657094e+00   2.0209246e+00
   1.7231189e+00   1.7217940e+00   1.7201435e+00   1.7086937e+00   1.6998200e+00   1.7043384e+00   1.7465406e+00   1.8268787e+00   1.9529134e+00   2.1806538e+00   2.4416711e+00   2.7647815e+00   3.2304193e+00   3.6507652e+00   4.0340729e+00   4.3440527e+00   4.4707063e+00   4.5167529e+00   4.4863347e+00   4.3889334e+00   4.2220875e+00   3.9177514e+00   3.5794365e+00   3.1726003e+00   2.7204950e+00   2.2824652e+00   1.2838071e+00   3.3750359e-01   3.4519987e-01   2.2724887e-01   2.6052741e-01   3.5345276e-01   4.8384270e-01   5.7816737e-01   5.3010543e-01   6.7976376e-01   6.6079423e-01   4.4179552e-01   4.4604889e-01   1.0402290e+00   2.2262859e+00   2.6274997e+00   2.5599159e+00   2.4400102e+00   2.4978330e+00   2.7330176e+00   2.9272392e+00   3.0660912e+00   3.1715975e+00   3.2520538e+00   3.3490167e+00   3.4742151e+00   3.5474628e+00   3.6011050e+00   1.9171609e+00   3.1759427e+00   3.8161613e+00   3.7554106e+00   3.8049092e+00   3.4345132e+00   3.0879660e+00   2.7814580e+00   2.4789236e+00   2.1855771e+00   2.0090525e+00   1.8745974e+00   1.7724528e+00   1.7234737e+00   1.6984477e+00   1.6992363e+00   1.7139817e+00   1.7245060e+00
   1.7769575e+00   1.7564411e+00   1.7335333e+00   1.6898101e+00   1.6416646e+00   1.5969612e+00   1.5738408e+00   1.5993774e+00   1.6723454e+00   1.8427390e+00   2.0649583e+00   2.3603870e+00   2.8074621e+00   3.2230236e+00   3.6109955e+00   3.9444547e+00   4.1075125e+00   4.2072539e+00   4.2684887e+00   4.2751531e+00   4.2341495e+00   4.1051230e+00   3.9265050e+00   3.6887833e+00   3.2943664e+00   2.3189540e+00   8.9300694e-01   2.7217363e-01   3.7767354e-01   3.2231672e-01   3.4851883e-01   4.7747652e-01   6.7159457e-01   7.3862002e-01   6.3949696e-01   7.9999235e-01   7.1568133e-01   4.7167128e-01   4.7389246e-01   1.3508594e+00   2.6040292e+00   2.8379107e+00   2.8062498e+00   2.7607345e+00   2.8420108e+00   3.0725339e+00   3.2832323e+00   3.4468092e+00   3.5754860e+00   3.6640066e+00   3.7655046e+00   3.9028338e+00   4.0039381e+00   4.0969711e+00   2.1149503e+00   3.3850979e+00   4.3116581e+00   3.8111807e+00   3.9909618e+00   3.8590527e+00   3.5327677e+00   3.2360145e+00   2.9125496e+00   2.5637380e+00   2.3353941e+00   2.1509431e+00   1.9918993e+00   1.8990598e+00   1.8366477e+00   1.8051955e+00   1.8018423e+00   1.7974773e+00
   2.4408792e+00   2.4214416e+00   2.3980106e+00   2.3504594e+00   2.2721995e+00   2.1621803e+00   2.0113030e+00   1.8977738e+00   1.8095072e+00   1.7769611e+00   1.8433139e+00   2.0062140e+00   2.3266138e+00   2.6590269e+00   2.9898429e+00   3.3216307e+00   3.5481118e+00   3.7583487e+00   3.9960187e+00   4.1861062e+00   4.3504199e+00   4.4703766e+00   4.4808406e+00   4.4323727e+00   4.2156039e+00   2.6698905e+00   1.0285249e+00   8.6088444e-01   8.7516474e-01   8.3714196e-01   7.4873016e-01   7.8435207e-01   1.1346601e+00   1.2461456e+00   9.7606450e-01   1.0415889e+00   8.6904700e-01   6.7808185e-01   6.1813458e-01   2.0711692e+00   3.3924607e+00   3.1477096e+00   3.1350935e+00   3.1678173e+00   3.2767697e+00   3.5093743e+00   3.7471606e+00   3.9561224e+00   4.1369772e+00   4.2472604e+00   4.3567621e+00   4.5028644e+00   4.6497719e+00   4.8741659e+00   3.2141794e+00   3.9185806e+00   4.3183554e+00   2.4631704e+00   3.7120085e+00   4.4580461e+00   4.2235033e+00   4.0279096e+00   3.7596762e+00   3.4065495e+00   3.1526036e+00   2.9414384e+00   2.7444328e+00   2.6198905e+00   2.5276933e+00   2.4704986e+00   2.4574745e+00   2.4535425e+00
   3.0247796e+00   3.0395430e+00   3.0445400e+00   3.0370745e+00   2.9983388e+00   2.9266337e+00   2.8046710e+00   2.6889648e+00   2.5660942e+00   2.4216030e+00   2.3320435e+00   2.3060953e+00   2.4065039e+00   2.5950373e+00   2.8248832e+00   3.1004364e+00   3.3303022e+00   3.5681765e+00   3.8524194e+00   4.0969178e+00   4.3459184e+00   4.6126261e+00   4.7556056e+00   4.8164922e+00   4.6087725e+00   3.3126966e+00   1.9553805e+00   1.6542026e+00   1.6716285e+00   1.6034161e+00   1.5128134e+00   1.6105531e+00   1.9201029e+00   1.9598920e+00   1.6187357e+00   1.4264311e+00   1.2598998e+00   1.2225616e+00   1.1054485e+00   2.4093662e+00   3.4085297e+00   3.2650764e+00   3.2042876e+00   3.2402064e+00   3.3607017e+00   3.5925607e+00   3.8444124e+00   4.0925272e+00   4.3317009e+00   4.4781533e+00   4.6041635e+00   4.7453845e+00   4.8659224e+00   5.0784308e+00   4.6542807e+00   4.6699494e+00   4.8030626e+00   2.9642110e+00   3.9937289e+00   4.6846725e+00   4.4984135e+00   4.3724213e+00   4.1780660e+00   3.8766241e+00   3.6459699e+00   3.4511703e+00   3.2595086e+00   3.1379926e+00   3.0485523e+00   2.9911062e+00   2.9826645e+00   2.9964320e+00
   3.3721331e+00   3.4150663e+00   3.4454370e+00   3.4683931e+00   3.4600678e+00   3.4206878e+00   3.3311983e+00   3.2284840e+00   3.1009308e+00   2.9133527e+00   2.7488885e+00   2.6197875e+00   2.5817004e+00   2.6656280e+00   2.8126648e+00   3.0302538e+00   3.2438270e+00   3.4792663e+00   3.7682567e+00   4.0255130e+00   4.3067682e+00   4.6467221e+00   4.8670782e+00   4.9982717e+00   4.8187449e+00   3.8095088e+00   2.6846309e+00   2.3238154e+00   2.3295131e+00   2.2428367e+00   2.1272021e+00   2.2250728e+00   2.4453747e+00   2.4133454e+00   2.0558407e+00   1.7490210e+00   1.5628972e+00   1.6672155e+00   1.6660219e+00   2.7346261e+00   3.4048644e+00   3.3054383e+00   3.2114372e+00   3.2363307e+00   3.3594162e+00   3.5887772e+00   3.8450373e+00   4.1143496e+00   4.3878519e+00   4.5577158e+00   4.6963560e+00   4.8399513e+00   4.9486213e+00   5.1252224e+00   5.2314726e+00   4.9732968e+00   5.0225793e+00   3.5349683e+00   4.2507011e+00   4.7766037e+00   4.6316786e+00   4.5415223e+00   4.3903415e+00   4.1273593e+00   3.9164555e+00   3.7342692e+00   3.5487720e+00   3.4308915e+00   3.3457620e+00   3.2908116e+00   3.2875709e+00   3.3148122e+00
   3.7302079e+00   3.8311043e+00   3.9189146e+00   3.9975390e+00   4.0460635e+00   4.0752466e+00   4.0756915e+00   4.0391863e+00   3.9655945e+00   3.8205028e+00   3.6447918e+00   3.4433291e+00   3.2342789e+00   3.1400813e+00   3.1176748e+00   3.1848984e+00   3.3140015e+00   3.4771500e+00   3.6861626e+00   3.8840753e+00   4.1315782e+00   4.4950858e+00   4.7898279e+00   5.0129197e+00   4.9467793e+00   4.7446299e+00   4.0939689e+00   3.7448787e+00   3.6882112e+00   3.5806354e+00   3.3514768e+00   3.3133589e+00   3.2013606e+00   2.9874709e+00   2.7089835e+00   2.4277846e+00   2.1358155e+00   2.5719861e+00   3.2445385e+00   3.5285928e+00   3.3521975e+00   3.2381466e+00   3.0930688e+00   3.0588118e+00   3.1687579e+00   3.3879490e+00   3.6341183e+00   3.9175419e+00   4.2250839e+00   4.4260881e+00   4.5881333e+00   4.7536880e+00   4.8642423e+00   4.8972234e+00   4.7932143e+00   4.7550337e+00   4.9944262e+00   5.1314433e+00   4.8460285e+00   4.7128335e+00   4.6571366e+00   4.5833350e+00   4.4737979e+00   4.2789768e+00   4.1102235e+00   3.9516781e+00   3.7835727e+00   3.6762248e+00   3.6054119e+00   3.5628134e+00   3.5740837e+00   3.6260999e+00
   3.7430028e+00   3.8783909e+00   4.0091062e+00   4.1356917e+00   4.2298239e+00   4.3056525e+00   4.3636173e+00   4.3811663e+00   4.3637025e+00   4.2841691e+00   4.1586625e+00   3.9925195e+00   3.7743005e+00   3.6143617e+00   3.4887811e+00   3.4224113e+00   3.4455838e+00   3.5041163e+00   3.5993644e+00   3.7155332e+00   3.8846358e+00   4.1754306e+00   4.4481373e+00   4.5703126e+00   4.0674854e+00   4.7403118e+00   4.5849496e+00   4.2746034e+00   4.2393983e+00   4.1955312e+00   3.8654843e+00   3.5357570e+00   3.1755727e+00   2.9256965e+00   2.6351961e+00   2.4086153e+00   2.0839151e+00   2.8004815e+00   3.7186766e+00   3.3547937e+00   3.1256837e+00   3.0480999e+00   2.8882813e+00   2.7492081e+00   2.7378312e+00   2.9337708e+00   3.1637103e+00   3.4346139e+00   3.7413466e+00   3.9525898e+00   4.1298501e+00   4.3154423e+00   4.4420609e+00   4.5063912e+00   4.4795214e+00   4.4869498e+00   4.5915181e+00   4.5944018e+00   4.5078442e+00   4.5067418e+00   4.4707412e+00   4.3968215e+00   4.2809118e+00   4.1222649e+00   3.9873432e+00   3.8495907e+00   3.7005780e+00   3.6023854e+00   3.5436131e+00   3.5218871e+00   3.5493647e+00   3.6168711e+00
   3.6671760e+00   3.8246116e+00   3.9825568e+00   4.1418129e+00   4.2672516e+00   4.3747087e+00   4.4695073e+00   4.5216925e+00   4.5417206e+00   4.5075440e+00   4.4192501e+00   4.2839231e+00   4.0745266e+00   3.8853114e+00   3.7033301e+00   3.5517624e+00   3.4995025e+00   3.4819826e+00   3.4908354e+00   3.5404071e+00   3.6425733e+00   3.8590872e+00   4.1074642e+00   4.2447957e+00   3.3839792e+00   4.4419695e+00   4.7035659e+00   4.5286302e+00   4.4414474e+00   4.3257289e+00   3.8883165e+00   3.4402477e+00   2.9851012e+00   2.7351656e+00   2.4439666e+00   2.1874562e+00   1.8487558e+00   2.6643831e+00   3.6635288e+00   3.0960369e+00   2.9018969e+00   2.8534751e+00   2.7116265e+00   2.5025039e+00   2.3642079e+00   2.4905380e+00   2.6997851e+00   2.9566348e+00   3.2576023e+00   3.4745958e+00   3.6649721e+00   3.8700428e+00   4.0146273e+00   4.1080096e+00   4.1405353e+00   4.1839145e+00   4.2418678e+00   4.2151131e+00   4.2298555e+00   4.2810006e+00   4.2601545e+00   4.1863263e+00   4.0574557e+00   3.9155767e+00   3.8024844e+00   3.6807832e+00   3.5491726e+00   3.4611485e+00   3.4119318e+00   3.4068260e+00   3.4470112e+00   3.5255489e+00
   3.3833368e+00   3.5628573e+00   3.7475954e+00   3.9445605e+00   4.1066883e+00   4.2503127e+00   4.3821727e+00   4.4692612e+00   4.5308402e+00   4.5506388e+00   4.5122947e+00   4.4282256e+00   4.2640031e+00   4.0770028e+00   3.8621555e+00   3.6257304e+00   3.4788038e+00   3.3623825e+00   3.2508496e+00   3.1982104e+00   3.1916970e+00   3.2650026e+00   3.4636573e+00   3.8133084e+00   2.3987538e+00   3.4116586e+00   4.3392771e+00   4.5737897e+00   4.2719646e+00   3.8056905e+00   3.1546245e+00   2.7564317e+00   2.3637477e+00   2.1705295e+00   1.8959047e+00   1.4489525e+00   1.1133572e+00   1.8298202e+00   2.7218174e+00   2.4714264e+00   2.4822392e+00   2.4775101e+00   2.4214490e+00   2.1346102e+00   1.7470097e+00   1.6681323e+00   1.8311182e+00   2.0589161e+00   2.3411219e+00   2.5619090e+00   2.7738137e+00   3.0149028e+00   3.1965323e+00   3.3413206e+00   3.4583062e+00   3.5545175e+00   3.6636879e+00   3.7460739e+00   3.7984150e+00   3.8222446e+00   3.8229251e+00   3.7496018e+00   3.5857547e+00   3.4449459e+00   3.3542248e+00   3.2554331e+00   3.1541172e+00   3.0869606e+00   3.0519162e+00   3.0715713e+00   3.1302959e+00   3.2226798e+00
   2.8389543e+00   3.0206858e+00   3.2096455e+00   3.4199767e+00   3.5918528e+00   3.7526062e+00   3.9072073e+00   4.0076556e+00   4.0853633e+00   4.1355084e+00   4.1359131e+00   4.0954523e+00   3.9878261e+00   3.8455579e+00   3.6604858e+00   3.4067968e+00   3.2082137e+00   3.0303972e+00   2.8344618e+00   2.6911266e+00   2.5759513e+00   2.5107944e+00   2.6099161e+00   2.9806606e+00   1.8813816e+00   1.8765902e+00   2.2770011e+00   2.4532434e+00   2.4510102e+00   2.5178599e+00   2.3038331e+00   1.8122761e+00   1.5880324e+00   1.5461393e+00   1.2432661e+00   6.7566670e-01   6.3744964e-01   1.3064595e+00   1.8285769e+00   1.5349820e+00   1.6256976e+00   1.7546006e+00   1.9109186e+00   1.7960879e+00   1.3627230e+00   9.0722328e-01   8.2157532e-01   9.5455787e-01   1.1992831e+00   1.4102981e+00   1.6357395e+00   1.9240252e+00   2.1562591e+00   2.3615215e+00   2.5651410e+00   2.7116444e+00   2.8485576e+00   2.9847591e+00   3.0745828e+00   3.1414434e+00   3.1957263e+00   3.1310992e+00   2.9288495e+00   2.7342750e+00   2.6317377e+00   2.5419322e+00   2.4779248e+00   2.4444849e+00   2.4374802e+00   2.4805794e+00   2.5545435e+00   2.6628788e+00
   2.3595564e+00   2.5361733e+00   2.7187473e+00   2.9269795e+00   3.0936969e+00   3.2518999e+00   3.4090421e+00   3.5099148e+00   3.5896016e+00   3.6540947e+00   3.6777413e+00   3.6676249e+00   3.6012325e+00   3.4967350e+00   3.3457817e+00   3.1036666e+00   2.8869869e+00   2.6773817e+00   2.4330758e+00   2.2357128e+00   2.0538712e+00   1.9174919e+00   2.0006287e+00   2.4095050e+00   1.6005993e+00   1.0792010e+00   1.3051684e+00   1.5068965e+00   1.6023895e+00   1.7577663e+00   1.7147364e+00   1.4093920e+00   1.2772302e+00   1.2131662e+00   8.9682435e-01   5.8712211e-01   5.3482966e-01   9.1780428e-01   1.1708201e+00   9.3979327e-01   1.0280930e+00   1.2192262e+00   1.5520253e+00   1.4357219e+00   1.1904378e+00   8.4935292e-01   6.3513832e-01   6.3141146e-01   7.3124763e-01   8.0483776e-01   8.8659708e-01   1.1112842e+00   1.3627187e+00   1.5980948e+00   1.8517850e+00   2.0341584e+00   2.1932172e+00   2.3589261e+00   2.4740192e+00   2.5777263e+00   2.6719839e+00   2.6268143e+00   2.4388702e+00   2.1993119e+00   2.0580410e+00   1.9459687e+00   1.8916512e+00   1.8846673e+00   1.9037011e+00   1.9673898e+00   2.0541439e+00   2.1750221e+00
   1.8127630e+00   1.9799338e+00   2.1500557e+00   2.3487984e+00   2.5026007e+00   2.6488733e+00   2.7999685e+00   2.8955237e+00   2.9712141e+00   3.0457410e+00   3.0903300e+00   3.1107013e+00   3.0869369e+00   3.0246903e+00   2.9166927e+00   2.7014776e+00   2.4781712e+00   2.2437053e+00   1.9575076e+00   1.7117414e+00   1.4687100e+00   1.2770386e+00   1.3786069e+00   1.8409805e+00   1.3697839e+00   4.5335211e-01   6.2862479e-01   8.9871133e-01   1.0206936e+00   1.0821514e+00   1.1247443e+00   1.1691164e+00   1.1132047e+00   9.4433625e-01   6.1846816e-01   7.8920892e-01   5.7968801e-01   5.1146258e-01   4.8651367e-01   3.7832410e-01   4.2663500e-01   6.6037952e-01   1.1890751e+00   9.9284593e-01   1.0789209e+00   1.0965428e+00   7.8192792e-01   5.9504985e-01   4.7239045e-01   3.2333397e-01   1.6160769e-01   2.5995646e-01   5.2031539e-01   7.7819997e-01   1.0755856e+00   1.2945649e+00   1.4777133e+00   1.6679289e+00   1.8078846e+00   1.9530822e+00   2.0892361e+00   2.0722957e+00   1.9252879e+00   1.6356310e+00   1.4356890e+00   1.2827799e+00   1.2276637e+00   1.2491997e+00   1.2986211e+00   1.3857652e+00   1.4867849e+00   1.6211996e+00
   8.8137272e-01   1.0351587e+00   1.1775636e+00   1.3348863e+00   1.4431715e+00   1.5387497e+00   1.6358023e+00   1.6916999e+00   1.7405723e+00   1.7991868e+00   1.8404594e+00   1.8764199e+00   1.8998639e+00   1.8848874e+00   1.8305662e+00   1.6896594e+00   1.5069113e+00   1.2760975e+00   9.7275027e-01   7.2875741e-01   5.5947600e-01   6.7639985e-01   1.0736663e+00   1.7098516e+00   1.6173014e+00   1.4932755e+00   1.9760796e+00   2.3921941e+00   2.6442852e+00   2.8597386e+00   2.8198392e+00   2.6010086e+00   2.1701672e+00   1.4395578e+00   1.3448186e+00   1.5081928e+00   1.0352932e+00   1.1270319e+00   1.2333472e+00   9.3973891e-01   7.9824347e-01   9.4249124e-01   1.0622825e+00   8.5756927e-01   9.1161966e-01   1.7757297e+00   1.7804832e+00   1.5101900e+00   1.4166922e+00   1.3788841e+00   1.2241309e+00   9.4378317e-01   6.8159462e-01   4.0980202e-01   1.2208859e-01   1.6916510e-01   3.7398603e-01   5.9740973e-01   7.7417401e-01   9.6028853e-01   1.1678212e+00   1.3056642e+00   1.4164500e+00   1.2583046e+00   1.0927295e+00   8.5080956e-01   5.7063635e-01   4.1723230e-01   3.6987680e-01   4.1057955e-01   5.2204988e-01   6.8060275e-01
   4.2126403e-01   5.0755625e-01   6.0215026e-01   7.0004391e-01   7.6585719e-01   8.1700856e-01   8.6487009e-01   8.9410779e-01   9.2121708e-01   9.5606128e-01   9.7721004e-01   9.9806265e-01   1.0219835e+00   1.0198419e+00   9.8940307e-01   8.9432433e-01   7.6933681e-01   6.3756259e-01   5.9425729e-01   6.7103343e-01   8.2423535e-01   1.1691292e+00   1.5848507e+00   2.1919894e+00   1.5678634e+00   1.7044795e+00   2.0206252e+00   1.9048269e+00   2.1076121e+00   2.3914268e+00   3.1602786e+00   3.3939811e+00   2.9252162e+00   2.1600697e+00   2.1575642e+00   2.1229410e+00   1.6515591e+00   1.5865571e+00   1.4909189e+00   1.2201883e+00   9.5887337e-01   9.5454556e-01   1.0042728e+00   9.0580646e-01   9.3378234e-01   1.7464162e+00   2.2816244e+00   2.0223720e+00   1.8287720e+00   1.8034650e+00   1.6427568e+00   1.4132345e+00   1.2227803e+00   1.0015014e+00   7.2516931e-01   5.9543754e-01   5.3991920e-01   5.3466625e-01   5.8318457e-01   6.7475593e-01   1.0067264e+00   1.3360434e+00   1.5560518e+00   1.5104844e+00   1.4677093e+00   1.3326153e+00   1.1067823e+00   8.8687104e-01   7.2767043e-01   5.6464408e-01   4.6221895e-01   4.0409870e-01
   4.4384489e-01   4.3591486e-01   4.4962778e-01   4.6690415e-01   4.8267016e-01   4.9695526e-01   5.2212132e-01   5.4855435e-01   5.7569186e-01   6.0660395e-01   6.2731916e-01   6.4567974e-01   6.6413185e-01   6.6980889e-01   6.6650749e-01   6.4400272e-01   6.1700546e-01   6.1385050e-01   7.5833563e-01   1.0067430e+00   1.3168406e+00   1.7588711e+00   2.1797587e+00   2.7926912e+00   1.5800524e+00   1.8226861e+00   1.9272022e+00   1.4200175e+00   1.5621261e+00   1.8117614e+00   2.8839861e+00   3.6848473e+00   3.5519399e+00   2.6748834e+00   2.5802425e+00   2.4159550e+00   2.0643638e+00   1.9612759e+00   1.6668552e+00   1.4354461e+00   1.1753100e+00   1.0622888e+00   1.0470321e+00   1.0184392e+00   1.0186408e+00   1.6470611e+00   2.6124771e+00   2.6249346e+00   2.3325879e+00   2.2563653e+00   2.0718683e+00   1.8592362e+00   1.7210317e+00   1.5443301e+00   1.2946441e+00   1.0827201e+00   8.9351013e-01   7.7074848e-01   7.3699386e-01   7.5755061e-01   1.1546853e+00   1.5956017e+00   1.8699358e+00   1.9257772e+00   1.9369533e+00   1.8337158e+00   1.6365603e+00   1.3958946e+00   1.2025518e+00   9.4972033e-01   7.3755456e-01   5.5992218e-01
   9.9478184e-01   8.7892540e-01   7.9130834e-01   7.2049466e-01   6.8797705e-01   6.8011242e-01   7.1301734e-01   7.6211202e-01   8.1237049e-01   8.6021675e-01   9.0152569e-01   9.3278651e-01   9.4375439e-01   9.5374335e-01   9.7857310e-01   1.0433787e+00   1.1400222e+00   1.2760086e+00   1.5093999e+00   1.7614273e+00   2.0465818e+00   2.4405577e+00   2.8639491e+00   3.3956212e+00   1.6304969e+00   1.8585685e+00   1.7257922e+00   9.9858063e-01   1.0791111e+00   1.1914212e+00   1.9989279e+00   3.3552197e+00   3.9116417e+00   2.9246741e+00   2.5191907e+00   2.3047692e+00   2.1905423e+00   2.1909762e+00   1.7517388e+00   1.5707878e+00   1.4380536e+00   1.2754736e+00   1.2053655e+00   1.1996293e+00   1.1724673e+00   1.4849038e+00   2.7497335e+00   3.2978908e+00   2.9146628e+00   2.7258608e+00   2.5056002e+00   2.2741336e+00   2.1629003e+00   2.0207282e+00   1.8102017e+00   1.6190091e+00   1.4352546e+00   1.3205176e+00   1.2627010e+00   1.2455211e+00   1.6481206e+00   2.1022843e+00   2.2971418e+00   2.3887212e+00   2.4468146e+00   2.3492115e+00   2.1534021e+00   1.9352219e+00   1.7865513e+00   1.5695885e+00   1.3642927e+00   1.1772452e+00
   1.7089042e+00   1.6047517e+00   1.5387601e+00   1.5064579e+00   1.5089830e+00   1.5351387e+00   1.5926025e+00   1.6650643e+00   1.7380871e+00   1.7999788e+00   1.8630212e+00   1.9261957e+00   1.9704485e+00   2.0046305e+00   2.0404491e+00   2.0772819e+00   2.1554960e+00   2.2589294e+00   2.4118985e+00   2.6166260e+00   2.8577783e+00   3.1667800e+00   3.7064054e+00   2.9400608e+00   1.4173676e+00   2.0860199e+00   1.8778809e+00   1.0472731e+00   1.1601887e+00   1.1822365e+00   1.4925751e+00   2.2410963e+00   3.1489165e+00   2.8492936e+00   1.8830525e+00   1.6536470e+00   1.7296086e+00   1.9775536e+00   1.8389728e+00   1.6566240e+00   1.6299157e+00   1.5546440e+00   1.4594014e+00   1.4120370e+00   1.3720670e+00   1.4103581e+00   2.8465420e+00   3.8761721e+00   3.4395910e+00   3.1804905e+00   2.9866077e+00   2.7435808e+00   2.6277078e+00   2.4948179e+00   2.2941225e+00   2.1268771e+00   1.9602943e+00   1.8971577e+00   1.8864227e+00   1.8946652e+00   2.3511972e+00   2.7142307e+00   2.1018069e+00   1.7268312e+00   2.4945017e+00   2.9348096e+00   2.7468716e+00   2.4935150e+00   2.3447075e+00   2.1870160e+00   2.0196545e+00   1.8606593e+00
   2.2207581e+00   2.1830409e+00   2.1629175e+00   2.1537489e+00   2.1698119e+00   2.2130386e+00   2.2847633e+00   2.3544227e+00   2.4251895e+00   2.5077232e+00   2.5678615e+00   2.6344098e+00   2.6928356e+00   2.7450852e+00   2.7880613e+00   2.8270764e+00   2.8900485e+00   2.9485978e+00   3.0842648e+00   3.2256083e+00   3.3942591e+00   3.7413302e+00   3.4914314e+00   2.0675346e+00   1.5295191e+00   2.1074978e+00   1.7713883e+00   1.0134832e+00   1.1035637e+00   1.0795773e+00   1.2969255e+00   1.1693400e+00   1.7289461e+00   2.4383186e+00   1.5548378e+00   1.3552562e+00   1.4698374e+00   1.6548849e+00   1.6076490e+00   1.5551717e+00   1.5781987e+00   1.6052987e+00   1.5800458e+00   1.5253618e+00   1.4848484e+00   1.4335516e+00   2.2558860e+00   3.6882537e+00   3.6900721e+00   3.3468776e+00   3.2207458e+00   3.0688147e+00   2.9470641e+00   2.8128891e+00   2.6341067e+00   2.4798443e+00   2.3607883e+00   2.3557023e+00   2.3599035e+00   2.3879438e+00   2.6052446e+00   2.0781659e+00   1.4497120e+00   1.1302290e+00   1.7070162e+00   2.8251775e+00   3.1169173e+00   2.7845865e+00   2.5974678e+00   2.4869321e+00   2.3929745e+00   2.2992993e+00
   2.5355217e+00   2.5722477e+00   2.6138901e+00   2.6447595e+00   2.6754512e+00   2.7256962e+00   2.8096259e+00   2.8761965e+00   2.9508466e+00   3.0311488e+00   3.0888365e+00   3.1414626e+00   3.2012513e+00   3.2583076e+00   3.3044593e+00   3.3535484e+00   3.3908947e+00   3.4453672e+00   3.5191161e+00   3.6409632e+00   3.7407029e+00   4.1991511e+00   3.4881731e+00   1.7399252e+00   1.6367381e+00   1.9277323e+00   1.4242868e+00   9.9722898e-01   1.1539983e+00   1.0618140e+00   1.2323591e+00   8.4054974e-01   1.2691101e+00   1.5832617e+00   1.2173083e+00   1.1266377e+00   1.2783321e+00   1.3620980e+00   1.3318219e+00   1.3770185e+00   1.4737575e+00   1.5476649e+00   1.5637182e+00   1.5321574e+00   1.4684838e+00   1.3738915e+00   1.6431222e+00   2.7024205e+00   3.6473775e+00   3.3920868e+00   3.2822323e+00   3.1975035e+00   3.1297235e+00   3.0121833e+00   2.8703420e+00   2.7397747e+00   2.6998612e+00   2.7071138e+00   2.7062133e+00   2.7466251e+00   2.8297855e+00   1.6927297e+00   1.2098957e+00   1.0478248e+00   1.1948108e+00   1.9555683e+00   2.8279754e+00   2.8202544e+00   2.6028853e+00   2.5307122e+00   2.5135955e+00   2.5101369e+00
   2.6795774e+00   2.7996785e+00   2.9081002e+00   3.0034508e+00   3.0645699e+00   3.1265250e+00   3.2149759e+00   3.2786496e+00   3.3550773e+00   3.4253717e+00   3.4826491e+00   3.5117487e+00   3.5722463e+00   3.6146450e+00   3.6732885e+00   3.7086567e+00   3.7478914e+00   3.7722289e+00   3.8361284e+00   3.9058878e+00   4.0390280e+00   4.3096201e+00   2.9539545e+00   1.5556688e+00   1.6998161e+00   1.6146258e+00   1.0758235e+00   1.3132409e+00   1.5004513e+00   1.1126762e+00   1.1278100e+00   7.2150559e-01   1.0757948e+00   8.3226689e-01   8.3962209e-01   8.7709937e-01   1.0930001e+00   1.1403858e+00   1.1543523e+00   1.2471398e+00   1.3775204e+00   1.4386119e+00   1.4772351e+00   1.4379603e+00   1.3693937e+00   1.1702085e+00   1.1770032e+00   1.7682587e+00   3.2189726e+00   3.2651334e+00   3.1797374e+00   3.1912596e+00   3.1920211e+00   3.1338174e+00   3.0357988e+00   2.9673161e+00   2.9667185e+00   2.9944840e+00   2.9652885e+00   2.9844106e+00   2.6676514e+00   1.4698415e+00   1.1224753e+00   1.0676805e+00   9.9627375e-01   1.2175927e+00   2.1032570e+00   2.5879870e+00   2.4861313e+00   2.4151279e+00   2.4587306e+00   2.5473893e+00
   2.6568219e+00   2.8518183e+00   3.0158141e+00   3.1877752e+00   3.2893389e+00   3.3798035e+00   3.4659349e+00   3.5331601e+00   3.5924772e+00   3.6631359e+00   3.7098192e+00   3.7415598e+00   3.7841252e+00   3.8194211e+00   3.8636009e+00   3.8999854e+00   3.9371893e+00   3.9461557e+00   4.0136851e+00   4.0586860e+00   4.2219821e+00   3.4391269e+00   1.9622326e+00   1.3786743e+00   1.4917201e+00   1.2750299e+00   1.0478331e+00   2.0079508e+00   2.0258654e+00   1.2950438e+00   1.0337610e+00   7.7887462e-01   9.7618206e-01   4.1349918e-01   5.4465463e-01   6.7952493e-01   9.3071042e-01   1.0038016e+00   1.0662030e+00   1.1593606e+00   1.2717006e+00   1.2980843e+00   1.3168837e+00   1.2596082e+00   1.2387894e+00   1.1479505e+00   1.2088531e+00   1.3051396e+00   2.4892182e+00   2.9702427e+00   2.8976891e+00   2.9689833e+00   3.0432242e+00   3.0852783e+00   3.0741220e+00   3.0629601e+00   3.0986764e+00   3.2074671e+00   3.1852922e+00   3.0910088e+00   1.9555008e+00   1.1914372e+00   1.0066066e+00   1.0054444e+00   9.6673614e-01   9.4222107e-01   1.3418749e+00   2.0240829e+00   2.2424376e+00   2.2465138e+00   2.2979218e+00   2.4496550e+00
   2.4540955e+00   2.6795576e+00   2.8830086e+00   3.0996321e+00   3.2474691e+00   3.3618802e+00   3.4709993e+00   3.5403668e+00   3.5903980e+00   3.6582826e+00   3.6952713e+00   3.7529133e+00   3.7742321e+00   3.8361923e+00   3.8503423e+00   3.9473326e+00   3.9527923e+00   4.0189984e+00   4.0379159e+00   4.1470021e+00   3.9644785e+00   1.9967683e+00   1.2774858e+00   1.1937610e+00   1.1183416e+00   1.2451524e+00   1.5928781e+00   2.7027073e+00   2.5586911e+00   1.5722687e+00   9.8297093e-01   9.5076330e-01   8.7355973e-01   2.8499579e-01   4.3021882e-01   6.0172928e-01   8.2915960e-01   9.3182251e-01   9.8406573e-01   1.0454251e+00   1.1174616e+00   1.1175015e+00   1.1014865e+00   1.0978519e+00   1.1480801e+00   1.2606285e+00   1.3591590e+00   1.0979809e+00   1.7025379e+00   2.4958699e+00   2.4540020e+00   2.4974922e+00   2.6404162e+00   2.7911641e+00   2.8568421e+00   2.8767647e+00   3.0009545e+00   3.0370460e+00   2.9692200e+00   2.7774272e+00   1.4510939e+00   1.0397334e+00   8.9465064e-01   8.6511142e-01   8.9195870e-01   9.1707833e-01   9.6731862e-01   1.3089479e+00   1.7083586e+00   1.9541832e+00   2.0281154e+00   2.2054083e+00
   2.0781245e+00   2.2899836e+00   2.5133329e+00   2.7326306e+00   2.9008998e+00   3.0380407e+00   3.1583738e+00   3.2483560e+00   3.2954382e+00   3.3604584e+00   3.3994757e+00   3.4482377e+00   3.5154200e+00   3.5733392e+00   3.6563913e+00   3.7631391e+00   3.8183384e+00   3.9107337e+00   3.9190545e+00   3.9663391e+00   2.9295500e+00   1.3512815e+00   1.2185089e+00   1.0071235e+00   1.0688412e+00   1.6183164e+00   2.2792968e+00   3.0950556e+00   2.6532967e+00   1.3866024e+00   9.4337557e-01   1.0432289e+00   7.3126333e-01   3.2524532e-01   4.6423649e-01   5.9291640e-01   7.7378897e-01   8.7218892e-01   8.9047480e-01   9.0216642e-01   9.3316385e-01   9.0504346e-01   9.0235052e-01   9.9415828e-01   1.0311163e+00   1.0801957e+00   1.0713842e+00   8.6211239e-01   1.0640056e+00   1.6937170e+00   1.8698096e+00   1.9473245e+00   2.1508409e+00   2.3490510e+00   2.4159045e+00   2.3905451e+00   2.1762160e+00   1.7537275e+00   1.7562230e+00   1.7970601e+00   1.4143713e+00   1.0803576e+00   8.8097367e-01   7.9001762e-01   7.7418899e-01   8.2586948e-01   9.1282110e-01   9.3395971e-01   1.1120469e+00   1.4203984e+00   1.5765051e+00   1.7987633e+00
   1.6188738e+00   1.8365605e+00   2.0486972e+00   2.2698635e+00   2.4239712e+00   2.5642800e+00   2.6921050e+00   2.7777948e+00   2.8487822e+00   2.9123007e+00   2.9537171e+00   3.0198719e+00   3.0877243e+00   3.1820669e+00   3.2809643e+00   3.3831428e+00   3.5209287e+00   3.4853455e+00   3.6949763e+00   3.0768330e+00   1.7394610e+00   1.3795899e+00   1.1909518e+00   9.3385292e-01   1.4197937e+00   1.9514115e+00   2.4481514e+00   2.3050142e+00   1.4190356e+00   8.3278279e-01   1.0291867e+00   9.8891372e-01   6.1827218e-01   4.1206313e-01   5.5825864e-01   6.0605558e-01   6.9043752e-01   7.9219224e-01   7.7221335e-01   6.9596248e-01   6.9448094e-01   6.7100672e-01   7.5224852e-01   8.8307787e-01   8.8148280e-01   8.5063095e-01   8.2901779e-01   7.4908117e-01   6.9743396e-01   8.5065840e-01   1.1200144e+00   1.2840207e+00   1.3868125e+00   1.5498205e+00   1.6034278e+00   1.4906337e+00   1.1950405e+00   9.0931423e-01   9.0732026e-01   9.0898901e-01   8.9273232e-01   8.2512252e-01   8.1034398e-01   7.9360805e-01   7.0496628e-01   7.2995713e-01   8.2716959e-01   8.9062989e-01   9.3445038e-01   1.0155553e+00   1.0873994e+00   1.3198693e+00
   1.1950506e+00   1.3884314e+00   1.5895754e+00   1.7573503e+00   1.8896732e+00   2.0291547e+00   2.1401766e+00   2.2552645e+00   2.3394896e+00   2.4093337e+00   2.5052287e+00   2.5453987e+00   2.6679148e+00   2.7624355e+00   2.8049875e+00   3.0098244e+00   2.9718494e+00   3.0472448e+00   2.8756321e+00   1.6464332e+00   1.2533291e+00   1.3030327e+00   1.0150526e+00   1.0080294e+00   1.5632157e+00   1.8816071e+00   1.6883987e+00   8.0244958e-01   6.3693545e-01   9.3765482e-01   1.0095994e+00   7.9786293e-01   5.5005223e-01   4.7178772e-01   6.3916587e-01   5.6028609e-01   5.2588284e-01   7.2441069e-01   6.3895881e-01   4.1776932e-01   5.4002880e-01   6.0506790e-01   6.4708585e-01   7.1476537e-01   6.6811227e-01   5.4762290e-01   5.0529771e-01   4.6820049e-01   4.3949143e-01   4.4101068e-01   4.7368927e-01   5.2499826e-01   5.3396101e-01   6.4302292e-01   7.3480960e-01   7.9621741e-01   1.0418531e+00   1.2986218e+00   1.0789589e+00   6.9906346e-01   4.7619423e-01   5.6157161e-01   7.3827190e-01   7.8183102e-01   6.8105938e-01   6.1280095e-01   4.7817945e-01   4.5453162e-01   6.8505837e-01   9.5552534e-01   9.0143799e-01   9.2747381e-01
   9.0935767e-01   1.0557249e+00   1.1437666e+00   1.2861557e+00   1.3551909e+00   1.4445431e+00   1.5943829e+00   1.6521945e+00   1.7499657e+00   1.8605429e+00   1.9156653e+00   2.0526496e+00   2.1361315e+00   2.2052019e+00   2.3857294e+00   2.3838668e+00   2.3978450e+00   2.2982455e+00   1.2848652e+00   1.1160506e+00   1.2160143e+00   9.8734491e-01   7.1738304e-01   8.8350898e-01   1.2802738e+00   1.1591588e+00   7.7577813e-01   7.6469383e-01   9.4687169e-01   9.9590163e-01   7.0894078e-01   6.3027459e-01   5.3886431e-01   5.2484999e-01   6.4258733e-01   4.1187916e-01   3.5109288e-01   5.0834483e-01   5.7600325e-01   4.3681153e-01   6.8971164e-01   8.6738271e-01   6.4723374e-01   4.7597947e-01   3.8234066e-01   3.0333415e-01   2.9884422e-01   3.2683397e-01   3.5005585e-01   3.6242046e-01   3.0380713e-01   2.0619316e-01   1.3878211e-01   2.0055257e-01   3.1692315e-01   4.0341691e-01   5.5790574e-01   8.3740682e-01   9.4466494e-01   8.1872993e-01   6.1165124e-01   6.3617698e-01   7.2748202e-01   7.5386000e-01   7.3794219e-01   6.8832091e-01   7.2950236e-01   8.3087493e-01   9.7681294e-01   1.1872129e+00   1.0583837e+00   8.9712879e-01
   8.8857977e-01   8.9130510e-01   8.8408339e-01   9.3405566e-01   1.0116059e+00   1.0147323e+00   1.0813667e+00   1.1733420e+00   1.1901595e+00   1.2766176e+00   1.3705935e+00   1.3940758e+00   1.5080880e+00   1.5738711e+00   1.5566466e+00   1.6572839e+00   1.4546402e+00   1.0908441e+00   1.1989792e+00   1.1492881e+00   1.0050201e+00   5.7797978e-01   4.9686134e-01   7.3294530e-01   7.9234338e-01   6.3860986e-01   8.1916835e-01   9.2930200e-01   8.3017903e-01   5.9776427e-01   5.0104822e-01   4.7434121e-01   4.0619751e-01   4.0969138e-01   3.5025801e-01   2.8355876e-01   4.0623320e-01   3.7411711e-01   5.2644646e-01   6.9482027e-01   9.0598124e-01   9.5944543e-01   7.7573275e-01   7.6378518e-01   8.5729228e-01   1.0051953e+00   1.1084287e+00   1.1986111e+00   1.2925932e+00   1.2706317e+00   1.1076235e+00   7.9482294e-01   5.4018449e-01   3.7701467e-01   3.3265737e-01   2.9820823e-01   2.0194834e-01   2.2196741e-01   3.2229252e-01   4.4624597e-01   5.6746084e-01   6.0698672e-01   6.0463204e-01   6.1873559e-01   6.5761896e-01   8.3472297e-01   1.1144762e+00   1.2684143e+00   1.3045368e+00   1.2683699e+00   1.1528725e+00   1.0659967e+00
   8.8280952e-01   7.9585398e-01   8.0220996e-01   8.5415002e-01   8.5009208e-01   8.4392746e-01   8.8752453e-01   9.1288146e-01   8.9772564e-01   8.9078554e-01   9.3151008e-01   9.5039661e-01   8.9102336e-01   8.4263078e-01   8.3201978e-01   6.8177475e-01   1.0019933e+00   1.2145410e+00   1.0956117e+00   8.5675086e-01   5.3429842e-01   2.7942609e-01   3.7960947e-01   5.1096326e-01   4.9557094e-01   5.9583847e-01   7.0185550e-01   6.0428062e-01   4.3527721e-01   3.4898588e-01   4.3749484e-01   3.9174513e-01   2.6734368e-01   2.6573319e-01   3.6925559e-01   4.3791308e-01   3.3505196e-01   3.2096710e-01   4.4744971e-01   6.2938387e-01   8.6462065e-01   1.0722496e+00   1.3614280e+00   1.6200857e+00   1.7634102e+00   1.8497681e+00   1.8980632e+00   1.9114792e+00   2.0287486e+00   2.1631083e+00   2.0710991e+00   1.5988919e+00   1.1270845e+00   7.6192672e-01   5.2486205e-01   3.9370429e-01   2.6044038e-01   2.9008066e-01   3.4687624e-01   3.8343803e-01   4.7774688e-01   5.6554257e-01   5.6029932e-01   3.3072272e-01   3.5535852e-01   6.2020638e-01   6.2441467e-01   5.9195741e-01   7.7622375e-01   8.9490184e-01   8.6602868e-01   9.1370527e-01
   9.9432332e-01   8.7330385e-01   8.0741993e-01   7.7615826e-01   7.7864192e-01   7.9004427e-01   8.0432088e-01   8.0830332e-01   8.0419229e-01   7.8296637e-01   7.4189939e-01   6.8534786e-01   6.0652117e-01   6.0173756e-01   6.9943403e-01   8.2985023e-01   7.4961489e-01   6.5480588e-01   5.4162373e-01   4.0691102e-01   2.7683886e-01   2.8060140e-01   3.6858261e-01   4.3942764e-01   4.5195525e-01   4.4856794e-01   4.9113438e-01   5.2914691e-01   5.4684794e-01   6.1065711e-01   8.4157696e-01   1.0503159e+00   1.2333872e+00   1.5488541e+00   1.6472503e+00   1.4774279e+00   1.1155404e+00   9.1310969e-01   8.7814035e-01   9.9949238e-01   1.1240401e+00   1.2231002e+00   1.2994128e+00   1.3150530e+00   1.3615331e+00   1.5382227e+00   1.7232352e+00   1.9618254e+00   2.4368522e+00   2.7935910e+00   2.7919836e+00   2.2091741e+00   1.5134584e+00   9.2657185e-01   4.9481999e-01   3.3102743e-01   3.1145807e-01   4.5465804e-01   7.0686175e-01   9.8790960e-01   1.1333943e+00   9.9860684e-01   6.1635827e-01   2.0711522e-01   6.9865783e-01   9.2657616e-01   5.6470137e-01   3.1709560e-01   7.6261904e-01   1.1070062e+00   1.0921343e+00   1.0748247e+00
   1.3084784e+00   1.2154803e+00   1.0873729e+00   9.5148204e-01   8.6461717e-01   7.9849001e-01   7.4522873e-01   7.4323351e-01   7.4212466e-01   6.9560955e-01   6.4117311e-01   6.0285851e-01   5.3479444e-01   4.9987024e-01   4.8297953e-01   4.5168617e-01   4.1478686e-01   4.1295751e-01   4.0899289e-01   4.0334695e-01   4.0293959e-01   3.9454560e-01   3.9373752e-01   3.9785264e-01   4.0068800e-01   4.2282536e-01   4.6448992e-01   5.4888722e-01   6.6989168e-01   8.3117526e-01   1.1452724e+00   1.4447907e+00   1.6780753e+00   1.9058838e+00   2.0188118e+00   2.0073468e+00   1.9194960e+00   1.8653844e+00   1.8388343e+00   1.8604606e+00   1.8871874e+00   1.8894498e+00   1.8889295e+00   1.9053368e+00   1.9343835e+00   1.9503375e+00   1.9247565e+00   1.8834011e+00   1.7856588e+00   1.6391460e+00   1.4491786e+00   1.2083726e+00   1.0324839e+00   8.8721666e-01   7.6975093e-01   7.4330197e-01   7.8086531e-01   8.8491656e-01   9.8579758e-01   1.0480156e+00   9.5423177e-01   7.6190126e-01   5.7602820e-01   5.7902471e-01   7.6074681e-01   8.4782735e-01   8.0105382e-01   7.9398566e-01   9.9254447e-01   1.2486489e+00   1.3283632e+00   1.3219686e+00
