  3.612311e-01
  3.639944e-01
  3.617861e-01
  3.556179e-01
  3.519274e-01
  3.506539e-01
  3.491778e-01
  3.461878e-01
  3.375423e-01
  3.238813e-01
  3.085695e-01
  2.909389e-01
  2.744441e-01
  2.591572e-01
  2.465239e-01
  2.371657e-01
  2.287820e-01
  2.253525e-01
  2.218892e-01
  2.179457e-01
  2.173959e-01
  2.182297e-01
  2.192943e-01
  2.228954e-01
  2.269947e-01
  2.305272e-01
  2.363330e-01
  2.371587e-01
  2.377822e-01
  2.363552e-01
  2.342888e-01
  2.320179e-01
  2.212111e-01
  2.134789e-01
  2.011299e-01
  1.974200e-01
  1.979540e-01
  2.036173e-01
  2.170627e-01
  2.247929e-01
  2.287264e-01
  2.278036e-01
  2.269638e-01
  2.243333e-01
  2.194487e-01
  2.133933e-01
  2.051523e-01
  2.027066e-01
  2.003180e-01
  2.010194e-01
  2.032529e-01
  2.057506e-01
  2.094251e-01
  2.141606e-01
  2.196226e-01
  2.264577e-01
  2.403569e-01
  2.543700e-01
  2.717827e-01
  2.911733e-01
  3.097116e-01
  3.260874e-01
  3.454910e-01
  3.582155e-01
  3.739794e-01
  3.912481e-01
  4.003556e-01
  4.043160e-01
  4.063302e-01
  4.091603e-01
  4.191106e-01
  4.459043e-01
