   0.0000000e+00
   0.0000000e+00
   0.0000000e+00
   0.0000000e+00
   0.0000000e+00
   0.0000000e+00
   0.0000000e+00
   0.0000000e+00
   0.0000000e+00
   0.0000000e+00
   0.0000000e+00
   0.0000000e+00
   0.0000000e+00
   0.0000000e+00
   0.0000000e+00
   0.0000000e+00
   9.1054115e-03
   3.4188543e-03
  -3.7841749e-03
  -1.8068252e-02
  -3.3350455e-02
  -4.9257133e-02
   0.0000000e+00
   0.0000000e+00
   0.0000000e+00
   0.0000000e+00
   0.0000000e+00
   0.0000000e+00
   0.0000000e+00
   0.0000000e+00
   0.0000000e+00
   0.0000000e+00
   0.0000000e+00
   0.0000000e+00
   0.0000000e+00
   0.0000000e+00
   0.0000000e+00
   0.0000000e+00
   0.0000000e+00
   0.0000000e+00
   0.0000000e+00
   0.0000000e+00
   0.0000000e+00
   0.0000000e+00
   0.0000000e+00
   0.0000000e+00
   0.0000000e+00
   0.0000000e+00
   0.0000000e+00
   0.0000000e+00
   0.0000000e+00
   0.0000000e+00
   0.0000000e+00
   0.0000000e+00
   0.0000000e+00
   0.0000000e+00
   0.0000000e+00
   0.0000000e+00
   0.0000000e+00
   0.0000000e+00
   0.0000000e+00
   0.0000000e+00
   0.0000000e+00
   0.0000000e+00
   0.0000000e+00
   0.0000000e+00
   0.0000000e+00
   0.0000000e+00
   0.0000000e+00
   0.0000000e+00
   0.0000000e+00
   0.0000000e+00
   5.6833142e-02
   3.9959751e-02
   2.7625054e-02
   2.0715047e-02
   1.6996153e-02
   1.4838095e-02
   1.2460521e-02
   9.7210199e-03
   7.4269924e-03
   5.7006026e-03
  -4.5968963e-04
  -6.5528133e-03
  -9.3720596e-03
   0.0000000e+00
   0.0000000e+00
   0.0000000e+00
   0.0000000e+00
   0.0000000e+00
   2.3396991e-04
  -7.0563829e-03
  -1.7436491e-02
  -2.7855866e-02
  -2.7683338e-02
   0.0000000e+00
   0.0000000e+00
   0.0000000e+00
   0.0000000e+00
   0.0000000e+00
   0.0000000e+00
   0.0000000e+00
   0.0000000e+00
   0.0000000e+00
   0.0000000e+00
   0.0000000e+00
   0.0000000e+00
   0.0000000e+00
   0.0000000e+00
   0.0000000e+00
   0.0000000e+00
   0.0000000e+00
   0.0000000e+00
   0.0000000e+00
   0.0000000e+00
   0.0000000e+00
   0.0000000e+00
   0.0000000e+00
   0.0000000e+00
   0.0000000e+00
   0.0000000e+00
   0.0000000e+00
   0.0000000e+00
   0.0000000e+00
   0.0000000e+00
   0.0000000e+00
   0.0000000e+00
   0.0000000e+00
   0.0000000e+00
   0.0000000e+00
   0.0000000e+00
   0.0000000e+00
   0.0000000e+00
   0.0000000e+00
   0.0000000e+00
   0.0000000e+00
   0.0000000e+00
   0.0000000e+00
   0.0000000e+00
   0.0000000e+00
   0.0000000e+00
   0.0000000e+00
   0.0000000e+00
   0.0000000e+00
   2.9755752e-02
   1.8146686e-02
   1.3471588e-02
   1.0811381e-02
   7.4328070e-03
   5.3748437e-03
   4.5613466e-03
   3.7386395e-03
   3.0640928e-03
   2.9385195e-03
   2.0243040e-03
  -1.1527578e-03
  -4.1509366e-03
  -1.2172751e-02
  -1.9939812e-02
  -3.0018070e-02
   0.0000000e+00
   0.0000000e+00
   0.0000000e+00
  -0.0000000e+00
  -7.8176544e-03
  -1.2364476e-02
  -1.5542862e-02
  -1.8937617e-02
  -2.1556038e-02
   0.0000000e+00
   0.0000000e+00
   0.0000000e+00
   0.0000000e+00
   0.0000000e+00
   0.0000000e+00
   0.0000000e+00
   0.0000000e+00
   0.0000000e+00
   0.0000000e+00
   0.0000000e+00
   0.0000000e+00
   0.0000000e+00
   0.0000000e+00
   0.0000000e+00
   0.0000000e+00
   0.0000000e+00
   0.0000000e+00
   0.0000000e+00
   0.0000000e+00
   0.0000000e+00
   0.0000000e+00
   0.0000000e+00
   0.0000000e+00
   0.0000000e+00
   0.0000000e+00
   0.0000000e+00
   0.0000000e+00
   0.0000000e+00
   0.0000000e+00
   0.0000000e+00
   0.0000000e+00
   0.0000000e+00
   0.0000000e+00
   0.0000000e+00
   0.0000000e+00
   0.0000000e+00
   0.0000000e+00
   0.0000000e+00
   0.0000000e+00
   0.0000000e+00
   0.0000000e+00
   0.0000000e+00
   0.0000000e+00
   0.0000000e+00
   0.0000000e+00
   0.0000000e+00
   1.6180896e-02
   1.0118034e-02
   6.0463660e-03
   2.9595280e-03
   1.5463421e-04
  -2.0402501e-03
  -2.9966869e-03
  -3.4342803e-03
  -3.9650558e-03
  -3.2624218e-03
  -1.7081246e-03
  -1.7341817e-03
  -1.9338897e-03
  -3.7231297e-03
  -1.2178327e-02
  -1.8423545e-02
   0.0000000e+00
   0.0000000e+00
   0.0000000e+00
   0.0000000e+00
  -0.0000000e+00
  -9.6445783e-03
  -8.4162805e-03
  -1.0614333e-02
  -1.7677644e-02
   0.0000000e+00
   0.0000000e+00
   0.0000000e+00
   0.0000000e+00
   0.0000000e+00
   0.0000000e+00
   0.0000000e+00
   0.0000000e+00
   0.0000000e+00
   0.0000000e+00
   0.0000000e+00
   0.0000000e+00
   0.0000000e+00
   0.0000000e+00
   0.0000000e+00
   0.0000000e+00
   0.0000000e+00
   0.0000000e+00
   0.0000000e+00
   0.0000000e+00
   0.0000000e+00
   0.0000000e+00
   0.0000000e+00
   0.0000000e+00
   0.0000000e+00
   0.0000000e+00
   0.0000000e+00
   0.0000000e+00
   0.0000000e+00
   0.0000000e+00
   0.0000000e+00
   0.0000000e+00
   0.0000000e+00
   0.0000000e+00
   0.0000000e+00
   0.0000000e+00
   0.0000000e+00
   0.0000000e+00
   0.0000000e+00
   0.0000000e+00
   0.0000000e+00
   0.0000000e+00
   0.0000000e+00
   0.0000000e+00
   0.0000000e+00
   0.0000000e+00
   2.3116496e-02
   9.0142164e-03
   3.5522268e-03
  -3.8022232e-05
  -2.5920203e-03
  -5.4563343e-03
  -7.1813778e-03
  -7.5852996e-03
  -7.2547631e-03
  -6.6717050e-03
  -5.2996665e-03
  -3.7277785e-03
  -2.9737610e-03
  -2.2642325e-03
  -2.5367305e-03
  -4.2061264e-03
  -7.4400213e-03
  -1.3297285e-02
  -1.3110215e-02
   0.0000000e+00
   0.0000000e+00
   0.0000000e+00
  -0.0000000e+00
  -8.4036124e-03
  -6.3677632e-03
  -5.7218949e-03
  -1.0690957e-02
  -7.0607064e-03
   0.0000000e+00
   0.0000000e+00
   0.0000000e+00
   0.0000000e+00
   0.0000000e+00
   0.0000000e+00
   0.0000000e+00
   0.0000000e+00
   0.0000000e+00
   0.0000000e+00
   0.0000000e+00
   0.0000000e+00
   0.0000000e+00
   0.0000000e+00
   0.0000000e+00
   0.0000000e+00
   0.0000000e+00
   0.0000000e+00
   0.0000000e+00
   0.0000000e+00
   0.0000000e+00
   0.0000000e+00
   0.0000000e+00
   0.0000000e+00
   0.0000000e+00
   0.0000000e+00
   0.0000000e+00
   0.0000000e+00
   0.0000000e+00
   0.0000000e+00
   0.0000000e+00
   0.0000000e+00
   0.0000000e+00
   0.0000000e+00
   0.0000000e+00
   0.0000000e+00
   0.0000000e+00
   0.0000000e+00
   0.0000000e+00
   0.0000000e+00
   0.0000000e+00
   0.0000000e+00
   0.0000000e+00
   2.1034301e-02
   1.5927379e-02
   2.8271137e-03
  -1.4753205e-03
  -4.1536039e-03
  -6.6983838e-03
  -8.8425766e-03
  -9.5390182e-03
  -9.2900506e-03
  -8.1088603e-03
  -6.7106006e-03
  -5.0525117e-03
  -3.3452386e-03
  -2.5236818e-03
  -1.7427192e-03
  -1.7470772e-03
  -2.5847026e-03
  -3.7436243e-03
  -7.5316880e-03
  -1.0664264e-02
  -1.0384928e-02
   0.0000000e+00
   0.0000000e+00
   0.0000000e+00
   0.0000000e+00
  -7.2143467e-03
  -5.6674141e-03
  -1.6376712e-03
  -2.6604059e-03
  -1.2227452e-03
   0.0000000e+00
   0.0000000e+00
   0.0000000e+00
   0.0000000e+00
   0.0000000e+00
   0.0000000e+00
   0.0000000e+00
   0.0000000e+00
   0.0000000e+00
   0.0000000e+00
   0.0000000e+00
   0.0000000e+00
   0.0000000e+00
   0.0000000e+00
   0.0000000e+00
   0.0000000e+00
   0.0000000e+00
   0.0000000e+00
   0.0000000e+00
   0.0000000e+00
   0.0000000e+00
   0.0000000e+00
   0.0000000e+00
   0.0000000e+00
   0.0000000e+00
   0.0000000e+00
   0.0000000e+00
   0.0000000e+00
   0.0000000e+00
   0.0000000e+00
   0.0000000e+00
   0.0000000e+00
   0.0000000e+00
   0.0000000e+00
   0.0000000e+00
   0.0000000e+00
   0.0000000e+00
   0.0000000e+00
   0.0000000e+00
   0.0000000e+00
   0.0000000e+00
   0.0000000e+00
   1.7283687e-02
   8.4151061e-03
  -1.5120421e-03
  -4.2495760e-03
  -6.4748107e-03
  -8.0771434e-03
  -9.1065018e-03
  -8.9844483e-03
  -7.9664522e-03
  -6.5156064e-03
  -4.5820073e-03
  -3.0908048e-03
  -1.5464517e-03
  -9.6380509e-04
  -6.9300665e-04
  -6.3150112e-04
  -1.9782702e-03
  -2.5909539e-03
  -5.0752974e-03
  -6.6964897e-03
  -7.3646121e-03
   0.0000000e+00
   0.0000000e+00
   0.0000000e+00
   0.0000000e+00
   0.0000000e+00
  -1.0273679e-02
   1.2400227e-03
   4.1327058e-03
   3.2176526e-03
   0.0000000e+00
   0.0000000e+00
   0.0000000e+00
   0.0000000e+00
   0.0000000e+00
   0.0000000e+00
   0.0000000e+00
   0.0000000e+00
   0.0000000e+00
   0.0000000e+00
   0.0000000e+00
   0.0000000e+00
   0.0000000e+00
   0.0000000e+00
   0.0000000e+00
   0.0000000e+00
   0.0000000e+00
   0.0000000e+00
   0.0000000e+00
   0.0000000e+00
   0.0000000e+00
   0.0000000e+00
   0.0000000e+00
  -1.6823064e-02
  -1.3578067e-02
  -1.4682785e-02
   0.0000000e+00
   0.0000000e+00
   0.0000000e+00
   0.0000000e+00
   0.0000000e+00
   0.0000000e+00
   0.0000000e+00
   0.0000000e+00
   0.0000000e+00
   0.0000000e+00
   0.0000000e+00
   0.0000000e+00
   0.0000000e+00
   0.0000000e+00
   0.0000000e+00
   1.3650470e-02
   8.0593440e-03
   2.3258364e-03
  -2.4087074e-03
  -4.7911229e-03
  -6.2819026e-03
  -7.2776669e-03
  -7.4443685e-03
  -6.5021980e-03
  -5.4856648e-03
  -3.3214744e-03
  -1.7748003e-03
  -1.2622418e-04
   3.7110975e-04
   1.1062406e-03
   2.7586076e-04
  -2.1369955e-06
  -1.6238771e-03
  -2.7328406e-03
  -4.4396644e-03
  -4.7899275e-03
  -4.2291145e-03
  -5.7433439e-03
   0.0000000e+00
   0.0000000e+00
   0.0000000e+00
   0.0000000e+00
   0.0000000e+00
   0.0000000e+00
   1.1134273e-02
   1.3169403e-02
   0.0000000e+00
   0.0000000e+00
   0.0000000e+00
   0.0000000e+00
   0.0000000e+00
   0.0000000e+00
   0.0000000e+00
   0.0000000e+00
   0.0000000e+00
   0.0000000e+00
   0.0000000e+00
   0.0000000e+00
   0.0000000e+00
   0.0000000e+00
   0.0000000e+00
   0.0000000e+00
   0.0000000e+00
   0.0000000e+00
   0.0000000e+00
   0.0000000e+00
   0.0000000e+00
  -8.8096747e-03
  -5.8452121e-03
  -9.1566453e-03
  -1.0470576e-02
  -1.3862923e-02
  -2.3819507e-02
  -2.8714605e-02
   0.0000000e+00
   0.0000000e+00
   0.0000000e+00
   0.0000000e+00
   0.0000000e+00
   0.0000000e+00
   0.0000000e+00
   0.0000000e+00
   0.0000000e+00
   0.0000000e+00
   0.0000000e+00
   0.0000000e+00
   0.0000000e+00
   1.1979428e-02
   4.9208811e-03
  -1.1738897e-04
  -4.0817977e-03
  -5.9216363e-03
  -7.0515321e-03
  -7.2849025e-03
  -6.7557518e-03
  -5.1859676e-03
  -4.0396502e-03
  -1.4507234e-03
  -1.3541880e-04
   1.2649739e-03
   1.3602450e-03
   1.7999639e-03
   5.9860546e-04
  -2.5439941e-04
  -1.8157482e-03
  -3.3223117e-03
  -4.6191068e-03
  -4.6605702e-03
  -2.8987577e-03
  -2.2603309e-03
  -6.4597838e-04
   0.0000000e+00
   0.0000000e+00
   0.0000000e+00
   0.0000000e+00
   0.0000000e+00
   0.0000000e+00
   0.0000000e+00
   0.0000000e+00
   0.0000000e+00
   0.0000000e+00
   0.0000000e+00
   0.0000000e+00
   0.0000000e+00
   0.0000000e+00
   0.0000000e+00
   0.0000000e+00
   0.0000000e+00
   0.0000000e+00
   0.0000000e+00
   0.0000000e+00
   0.0000000e+00
   0.0000000e+00
   0.0000000e+00
   0.0000000e+00
   0.0000000e+00
   0.0000000e+00
   0.0000000e+00
   0.0000000e+00
  -3.2097218e-03
   2.9267429e-04
  -2.5016470e-03
  -7.7961139e-03
  -1.2007775e-02
  -1.6472663e-02
  -1.9311016e-02
  -1.7703101e-02
   0.0000000e+00
   0.0000000e+00
   0.0000000e+00
   0.0000000e+00
   0.0000000e+00
   0.0000000e+00
   0.0000000e+00
   0.0000000e+00
   0.0000000e+00
   0.0000000e+00
   0.0000000e+00
   2.0444245e-02
   9.5353159e-03
   2.5218507e-03
  -1.7301278e-03
  -8.0206222e-03
  -8.9205531e-03
  -9.0147943e-03
  -8.5159578e-03
  -6.7941100e-03
  -5.0529639e-03
  -3.1692230e-03
  -7.5127052e-04
   8.2643690e-04
   1.6347321e-03
   1.8477875e-03
   1.6387739e-03
   5.7277048e-04
  -6.5880476e-04
  -2.2361150e-03
  -3.6631730e-03
  -4.9820458e-03
  -4.4809476e-03
  -3.3272105e-03
  -4.3577771e-04
  -3.9773212e-04
  -1.6106848e-03
   0.0000000e+00
   0.0000000e+00
   0.0000000e+00
   0.0000000e+00
   0.0000000e+00
   0.0000000e+00
   0.0000000e+00
   0.0000000e+00
   0.0000000e+00
   0.0000000e+00
   0.0000000e+00
   0.0000000e+00
   0.0000000e+00
   0.0000000e+00
   0.0000000e+00
   0.0000000e+00
   0.0000000e+00
   0.0000000e+00
   0.0000000e+00
   0.0000000e+00
   0.0000000e+00
   0.0000000e+00
   0.0000000e+00
   0.0000000e+00
   0.0000000e+00
   0.0000000e+00
  -3.0663534e-03
   4.5843267e-03
   3.6483700e-03
  -2.9494010e-03
  -8.2944692e-03
  -1.0751080e-02
  -1.0402490e-02
  -1.0648228e-02
  -8.1889286e-03
  -3.9677331e-03
  -2.3713015e-03
  -7.9680469e-03
   0.0000000e+00
   0.0000000e+00
   0.0000000e+00
   0.0000000e+00
   0.0000000e+00
   0.0000000e+00
   0.0000000e+00
   2.4148018e-02
   1.3406563e-02
   3.3230569e-03
  -3.0947756e-03
  -6.2972908e-03
  -1.1658792e-02
  -1.1202274e-02
  -1.0233038e-02
  -8.9094776e-03
  -6.3593786e-03
  -4.3496829e-03
  -2.0144071e-03
   2.3997402e-04
   1.7623697e-03
   2.2011534e-03
   2.2121298e-03
   1.5765271e-03
   5.6790982e-04
  -9.4895361e-04
  -2.5370895e-03
  -3.8726514e-03
  -4.8609254e-03
  -4.1497626e-03
  -3.0375750e-03
  -3.8751424e-04
   4.2000896e-04
   7.3177497e-04
   0.0000000e+00
   0.0000000e+00
   0.0000000e+00
   0.0000000e+00
   0.0000000e+00
   0.0000000e+00
   0.0000000e+00
   0.0000000e+00
   0.0000000e+00
   0.0000000e+00
   0.0000000e+00
   0.0000000e+00
   0.0000000e+00
   0.0000000e+00
   0.0000000e+00
   0.0000000e+00
   0.0000000e+00
   0.0000000e+00
   0.0000000e+00
   0.0000000e+00
   0.0000000e+00
   0.0000000e+00
   0.0000000e+00
   0.0000000e+00
   0.0000000e+00
  -0.0000000e+00
   7.8990474e-04
   6.7681962e-03
   3.9536728e-04
  -6.1593539e-03
  -9.5462290e-03
  -1.0806686e-02
  -9.6429895e-03
  -7.3770598e-03
  -4.0927149e-03
  -3.0685226e-03
  -3.0383343e-04
  -3.2786931e-03
   0.0000000e+00
   0.0000000e+00
   0.0000000e+00
   0.0000000e+00
   0.0000000e+00
   0.0000000e+00
   2.7091089e-02
   1.7865959e-02
   4.0866727e-03
  -5.0188043e-03
  -9.6200466e-03
  -1.1408547e-02
  -1.3421993e-02
  -1.1631462e-02
  -1.0154143e-02
  -8.0025864e-03
  -5.2323326e-03
  -2.8240978e-03
  -4.7223089e-04
   1.5761233e-03
   2.7743513e-03
   2.9902075e-03
   2.6236619e-03
   1.7157225e-03
   6.1282615e-04
  -1.0230799e-03
  -2.4673361e-03
  -3.6638679e-03
  -4.0451433e-03
  -3.3901444e-03
  -2.0709422e-03
   4.6522487e-05
   1.5479905e-03
   2.7035746e-03
  -8.1855975e-04
   0.0000000e+00
   0.0000000e+00
   0.0000000e+00
   0.0000000e+00
   0.0000000e+00
   0.0000000e+00
   0.0000000e+00
   0.0000000e+00
   0.0000000e+00
   0.0000000e+00
   0.0000000e+00
   0.0000000e+00
   0.0000000e+00
   0.0000000e+00
   0.0000000e+00
   0.0000000e+00
   0.0000000e+00
   0.0000000e+00
   0.0000000e+00
   0.0000000e+00
   0.0000000e+00
   0.0000000e+00
   0.0000000e+00
   0.0000000e+00
  -0.0000000e+00
   5.6356908e-03
   4.3310513e-03
  -3.3269092e-03
  -8.1463378e-03
  -1.0489961e-02
  -1.0851373e-02
  -9.1796821e-03
  -6.6794220e-03
  -3.8725344e-03
  -1.7153403e-03
   2.9252047e-03
   5.3793025e-03
   9.5417321e-03
   0.0000000e+00
   0.0000000e+00
   0.0000000e+00
   0.0000000e+00
   0.0000000e+00
   2.3357548e-02
   9.3028561e-03
  -2.3056626e-03
  -1.1030590e-02
  -1.4316983e-02
  -1.4317570e-02
  -1.2916061e-02
  -1.0614794e-02
  -8.8088057e-03
  -6.3430697e-03
  -3.4302381e-03
  -9.0574422e-04
   1.3432639e-03
   2.9608560e-03
   3.8353242e-03
   3.8807020e-03
   3.1117592e-03
   2.0586554e-03
   7.2943328e-04
  -6.4519018e-04
  -1.8357853e-03
  -2.6622076e-03
  -2.6063431e-03
  -2.0917261e-03
  -5.9666540e-04
   8.5381731e-04
   2.3349536e-03
   5.5077035e-03
   8.7474803e-05
   0.0000000e+00
   0.0000000e+00
   0.0000000e+00
   0.0000000e+00
   0.0000000e+00
   0.0000000e+00
   0.0000000e+00
  -0.0000000e+00
  -0.0000000e+00
   0.0000000e+00
   0.0000000e+00
   0.0000000e+00
   0.0000000e+00
   0.0000000e+00
   0.0000000e+00
   0.0000000e+00
   0.0000000e+00
   0.0000000e+00
   0.0000000e+00
   0.0000000e+00
   0.0000000e+00
   0.0000000e+00
   0.0000000e+00
   0.0000000e+00
   7.1732980e-03
   8.2590422e-03
   1.1805726e-03
  -5.5376256e-03
  -8.5380248e-03
  -1.0590261e-02
  -1.0247369e-02
  -8.3484196e-03
  -5.7128632e-03
  -3.3815385e-03
  -9.0833909e-04
   4.6775978e-03
   8.8309326e-03
   9.8197647e-03
   0.0000000e+00
   0.0000000e+00
   0.0000000e+00
   0.0000000e+00
   1.9115722e-02
   1.6796849e-02
   3.8065515e-03
  -7.9054802e-03
  -1.4655445e-02
  -1.6019211e-02
  -1.4670596e-02
  -1.0226484e-02
  -8.1256381e-03
  -6.2934803e-03
  -3.8599722e-03
  -1.0316961e-03
   1.3569835e-03
   3.2806596e-03
   4.4556448e-03
   4.9223305e-03
   4.8346840e-03
   3.7422315e-03
   2.7105898e-03
   1.6125000e-03
   3.1443830e-04
  -2.1170484e-04
  -3.6140630e-04
  -5.4393439e-04
  -7.7915336e-05
   1.1314708e-03
   2.0471608e-03
   3.5699206e-03
   6.2121699e-03
   5.6367952e-03
   0.0000000e+00
   0.0000000e+00
   0.0000000e+00
   0.0000000e+00
   0.0000000e+00
   0.0000000e+00
   0.0000000e+00
  -1.8046377e-02
  -2.3754601e-02
   0.0000000e+00
   0.0000000e+00
   0.0000000e+00
   0.0000000e+00
   0.0000000e+00
   0.0000000e+00
   0.0000000e+00
   0.0000000e+00
   0.0000000e+00
   0.0000000e+00
   0.0000000e+00
   0.0000000e+00
   0.0000000e+00
   0.0000000e+00
   6.3676931e-03
   7.8929766e-03
   6.2962547e-03
  -1.1267743e-03
  -6.3702211e-03
  -8.4352876e-03
  -9.5319730e-03
  -8.5894369e-03
  -6.6244120e-03
  -4.0464047e-03
  -2.0475350e-03
   4.1397959e-04
   5.5622076e-03
   1.0170898e-02
   1.1522671e-02
   0.0000000e+00
   0.0000000e+00
   0.0000000e+00
   1.8787920e-02
   1.9719063e-02
   1.2850318e-02
  -3.0011331e-03
  -1.1579653e-02
  -1.4951689e-02
  -1.4239391e-02
  -1.2251204e-02
  -5.9338363e-03
  -4.3588982e-03
  -2.8594569e-03
  -8.6090639e-04
   1.5804748e-03
   3.5047674e-03
   4.9513567e-03
   5.8567675e-03
   6.0287864e-03
   5.8223930e-03
   5.0982525e-03
   4.3033030e-03
   3.5655636e-03
   2.9730245e-03
   2.7521170e-03
   2.7149329e-03
   2.3536879e-03
   2.2848876e-03
   2.8097355e-03
   3.3613623e-03
   4.4507458e-03
   7.3656134e-03
   9.8757517e-03
   0.0000000e+00
  -5.0367382e-03
  -1.2010302e-02
   0.0000000e+00
   0.0000000e+00
  -0.0000000e+00
  -2.0607169e-02
  -1.3531287e-02
  -2.3754601e-02
   0.0000000e+00
   0.0000000e+00
   0.0000000e+00
   0.0000000e+00
   0.0000000e+00
   0.0000000e+00
   0.0000000e+00
   0.0000000e+00
   0.0000000e+00
   0.0000000e+00
   0.0000000e+00
   0.0000000e+00
   0.0000000e+00
   0.0000000e+00
   9.6300924e-03
   9.8785974e-03
   4.6876613e-03
  -1.9805850e-03
  -5.6794915e-03
  -7.0095093e-03
  -7.2485399e-03
  -5.7915597e-03
  -3.7860316e-03
  -1.6300895e-03
   1.6965163e-04
   2.3872382e-03
   6.6082385e-03
   1.1485733e-02
   1.6797890e-02
   0.0000000e+00
   0.0000000e+00
   0.0000000e+00
   1.7392536e-02
   1.8020555e-02
   7.3410337e-03
  -4.4508312e-03
  -9.1463787e-03
  -1.0353478e-02
  -9.2143227e-03
  -7.5181254e-03
  -2.5566399e-03
  -1.5407913e-03
  -3.6284863e-04
   1.2631608e-03
   3.2680044e-03
   4.8653282e-03
   6.1134892e-03
   6.9563632e-03
   7.2132734e-03
   7.2424231e-03
   6.9487405e-03
   6.4748167e-03
   6.0363729e-03
   5.7424519e-03
   5.5019609e-03
   5.2027963e-03
   4.4095260e-03
   3.9349546e-03
   3.9120347e-03
   4.0247681e-03
   4.9902964e-03
   8.1640445e-03
   1.2950154e-02
   0.0000000e+00
  -2.3148478e-03
  -4.6319610e-03
  -2.4139074e-03
  -2.4194393e-03
  -4.3552617e-03
  -1.0083596e-02
  -1.0859571e-02
   0.0000000e+00
   0.0000000e+00
   0.0000000e+00
   0.0000000e+00
   0.0000000e+00
   0.0000000e+00
   0.0000000e+00
   0.0000000e+00
   0.0000000e+00
   0.0000000e+00
   0.0000000e+00
   0.0000000e+00
   0.0000000e+00
   0.0000000e+00
   5.3292262e-03
   9.8938373e-03
   7.5999288e-03
   2.5749590e-03
  -2.4125089e-03
  -4.9068088e-03
  -5.3765187e-03
  -4.6836942e-03
  -2.9260079e-03
  -9.8780328e-04
   8.3275236e-04
   2.4475588e-03
   4.4154695e-03
   8.0482070e-03
   1.2691478e-02
   1.7868578e-02
   2.4212944e-02
   2.1084853e-02
   1.9967278e-02
   2.0936801e-02
   1.7392623e-02
   6.5420050e-03
  -2.4419304e-03
  -5.0632486e-03
  -5.5364817e-03
  -4.6510409e-03
  -3.5058725e-03
   2.2748223e-04
   8.1062647e-04
   1.7526982e-03
   3.0917586e-03
   4.7783906e-03
   6.2221752e-03
   7.4030332e-03
   8.3587194e-03
   8.8351779e-03
   9.1317599e-03
   9.1740075e-03
   8.9403705e-03
   8.6684349e-03
   8.4121278e-03
   7.9664748e-03
   7.2777712e-03
   6.0253599e-03
   5.1498395e-03
   4.6270309e-03
   4.4177415e-03
   5.4509253e-03
   8.8744564e-03
   1.5836546e-02
   1.7973313e-02
   2.5203174e-03
  -8.0989206e-04
  -1.2021323e-03
  -5.4024748e-04
   1.3545923e-04
  -2.7670307e-03
  -5.7511390e-03
   0.0000000e+00
   0.0000000e+00
   0.0000000e+00
   0.0000000e+00
   0.0000000e+00
   0.0000000e+00
   0.0000000e+00
   0.0000000e+00
   0.0000000e+00
   0.0000000e+00
   0.0000000e+00
   0.0000000e+00
   0.0000000e+00
   0.0000000e+00
   6.5148070e-03
   8.4763106e-03
   4.9905303e-03
   1.0177861e-03
  -2.2756459e-03
  -3.5105262e-03
  -3.0865206e-03
  -1.6765904e-03
   1.4610154e-04
   1.8731865e-03
   3.3907950e-03
   4.8656317e-03
   6.6334751e-03
   9.8338760e-03
   1.4217173e-02
   1.9389930e-02
   2.4889613e-02
   2.3109949e-02
   2.2384081e-02
   2.3106609e-02
   1.6542010e-02
   6.7850876e-03
   6.0486375e-04
  -7.8959315e-04
  -1.0967237e-03
  -6.6463674e-04
  -1.2442863e-04
   2.4714507e-03
   2.7549013e-03
   3.5465623e-03
   4.6804589e-03
   6.1730302e-03
   7.6173049e-03
   8.8293406e-03
   1.0040378e-02
   1.0821383e-02
   1.1374809e-02
   1.1649618e-02
   1.1566138e-02
   1.1337325e-02
   1.0910827e-02
   1.0121430e-02
   8.9686160e-03
   7.2672285e-03
   5.9928911e-03
   5.0146097e-03
   4.6085883e-03
   5.8584841e-03
   9.5183356e-03
   1.7898455e-02
   1.7973313e-02
   7.3539652e-03
   7.7372363e-04
   1.1211714e-03
   3.0626759e-03
   4.3123769e-03
   3.4406125e-03
   0.0000000e+00
   0.0000000e+00
   0.0000000e+00
   0.0000000e+00
   0.0000000e+00
   0.0000000e+00
   0.0000000e+00
   0.0000000e+00
   0.0000000e+00
   0.0000000e+00
   0.0000000e+00
   0.0000000e+00
   0.0000000e+00
   0.0000000e+00
   7.2680011e-03
   8.2196184e-03
   5.5629770e-03
   2.5434441e-03
   7.1060086e-05
  -1.6467808e-03
  -1.5693017e-03
  -2.5433803e-04
   1.6454314e-03
   3.3299543e-03
   4.7260357e-03
   5.9704758e-03
   7.3498236e-03
   8.9698624e-03
   1.1863063e-02
   1.6016838e-02
   2.1321847e-02
   2.6186971e-02
   2.6992611e-02
   2.7017752e-02
   2.3554124e-02
   1.5400056e-02
   7.5521200e-03
   4.2219967e-03
   3.3990667e-03
   2.8562715e-03
   2.7234692e-03
   2.6477926e-03
   5.1418936e-03
   5.5008521e-03
   6.3880839e-03
   7.5639499e-03
   9.2282250e-03
   1.0759446e-02
   1.2198086e-02
   1.3792603e-02
   1.4738700e-02
   1.5307000e-02
   1.5525533e-02
   1.5303572e-02
   1.4727637e-02
   1.3599278e-02
   1.2038279e-02
   1.0169192e-02
   7.8442260e-03
   6.1158901e-03
   4.8249305e-03
   4.7149712e-03
   6.5234927e-03
   1.0741104e-02
   1.9122151e-02
   2.2910984e-02
   7.3539652e-03
   5.9814701e-03
   8.4095459e-03
   9.2034987e-03
   4.3123769e-03
   3.4406125e-03
   0.0000000e+00
   0.0000000e+00
   0.0000000e+00
   0.0000000e+00
   0.0000000e+00
   0.0000000e+00
   0.0000000e+00
   0.0000000e+00
  -0.0000000e+00
   8.6984917e-04
   6.4845885e-03
   1.2058949e-02
   1.3966159e-02
   0.0000000e+00
   1.2987143e-02
   9.5412756e-03
   4.4812471e-03
   2.6519566e-03
   1.7982583e-03
   2.3404307e-03
   3.7482609e-03
   5.4840829e-03
   7.0910274e-03
   8.1174260e-03
   9.0730447e-03
   1.0383198e-02
   1.1915937e-02
   1.3673914e-02
   1.6484100e-02
   2.0457566e-02
   2.5327570e-02
   3.0960589e-02
   3.2118985e-02
   2.9407971e-02
   2.2465799e-02
   1.6196521e-02
   1.2251886e-02
   1.0048051e-02
   8.3124605e-03
   6.9878578e-03
   6.1173472e-03
   5.5467255e-03
   6.7839644e-03
   7.3960149e-03
   8.4124884e-03
   9.6452514e-03
   1.1395668e-02
   1.2947056e-02
   1.4431947e-02
   1.6024735e-02
   1.6925474e-02
   1.7384077e-02
   1.7383306e-02
   1.6884480e-02
   1.5929917e-02
   1.4166766e-02
   1.2082846e-02
   9.9025915e-03
   7.3502064e-03
   5.5602548e-03
   4.4050630e-03
   4.7632867e-03
   7.0672914e-03
   1.1712810e-02
   1.9950156e-02
   2.3098008e-02
   0.0000000e+00
   5.9814701e-03
   8.4095459e-03
   9.2034987e-03
   0.0000000e+00
   0.0000000e+00
   0.0000000e+00
   0.0000000e+00
   0.0000000e+00
   0.0000000e+00
   0.0000000e+00
   0.0000000e+00
   0.0000000e+00
   0.0000000e+00
   0.0000000e+00
   5.4119842e-03
   1.0728348e-02
   1.6489723e-02
   2.1238882e-02
   2.0977983e-02
   1.5589334e-02
   1.0048025e-02
   5.4632582e-03
   4.5866133e-03
   4.5352074e-03
   5.7557682e-03
   7.3053009e-03
   8.8606699e-03
   1.0093939e-02
   1.0795743e-02
   1.1757968e-02
   1.3498153e-02
   1.5432829e-02
   1.7588545e-02
   2.0413538e-02
   2.4131801e-02
   2.8722477e-02
   3.3555211e-02
   3.2779943e-02
   2.8742495e-02
   2.2629256e-02
   1.8131274e-02
   1.4969341e-02
   1.2120500e-02
   9.9359115e-03
   8.4705138e-03
   7.5276418e-03
   7.0042989e-03
   8.2973147e-03
   9.1146023e-03
   1.0219960e-02
   1.1492154e-02
   1.3279559e-02
   1.4819402e-02
   1.6300985e-02
   1.7841104e-02
   1.8673712e-02
   1.9014667e-02
   1.8766833e-02
   1.7948207e-02
   1.6579435e-02
   1.4197756e-02
   1.1682421e-02
   9.2586655e-03
   6.5687539e-03
   4.8056644e-03
   3.8826144e-03
   4.7607818e-03
   7.5901702e-03
   1.2718564e-02
   2.1108608e-02
   2.3997078e-02
   0.0000000e+00
   0.0000000e+00
   0.0000000e+00
   0.0000000e+00
   0.0000000e+00
   0.0000000e+00
   0.0000000e+00
   0.0000000e+00
   0.0000000e+00
   0.0000000e+00
   0.0000000e+00
   0.0000000e+00
   0.0000000e+00
   0.0000000e+00
   0.0000000e+00
   9.3714260e-03
   1.4090685e-02
   1.9797071e-02
   2.2755238e-02
   2.1943909e-02
   1.6727327e-02
   1.0480132e-02
   6.9410067e-03
   6.7424626e-03
   7.2584831e-03
   8.9197889e-03
   1.0530107e-02
   1.1935665e-02
   1.2878161e-02
   1.3285527e-02
   1.4263834e-02
   1.6428047e-02
   1.8701283e-02
   2.1221945e-02
   2.4075222e-02
   2.7411953e-02
   3.1628443e-02
   3.5417316e-02
   3.2991331e-02
   2.8420769e-02
   2.3233777e-02
   1.9845451e-02
   1.6979674e-02
   1.3577011e-02
   1.1153420e-02
   9.6516075e-03
   8.7359872e-03
   8.3193233e-03
   1.0202329e-02
   1.1210497e-02
   1.2354942e-02
   1.3645450e-02
   1.5377291e-02
   1.6830034e-02
   1.8196824e-02
   1.9547625e-02
   2.0231060e-02
   2.0384058e-02
   1.9716961e-02
   1.8340087e-02
   1.6292731e-02
   1.3051764e-02
   1.0115027e-02
   7.4889752e-03
   4.7995111e-03
   3.2717000e-03
   2.8986183e-03
   4.6443508e-03
   8.3006566e-03
   1.4250070e-02
   2.3519069e-02
   2.6879087e-02
   0.0000000e+00
   0.0000000e+00
   0.0000000e+00
   0.0000000e+00
   0.0000000e+00
   0.0000000e+00
   0.0000000e+00
   0.0000000e+00
   0.0000000e+00
   0.0000000e+00
   0.0000000e+00
   0.0000000e+00
   0.0000000e+00
   0.0000000e+00
   0.0000000e+00
   1.3809740e-02
   1.7001542e-02
   2.2091157e-02
   2.4280368e-02
   2.1543191e-02
   1.5124644e-02
   1.0939971e-02
   1.0180580e-02
   1.0354256e-02
   1.1170359e-02
   1.2942197e-02
   1.4460897e-02
   1.5717606e-02
   1.6423194e-02
   1.6471267e-02
   1.7493891e-02
   2.0258601e-02
   2.2881265e-02
   2.5857434e-02
   2.8781565e-02
   3.1285579e-02
   3.4749839e-02
   3.6486955e-02
   3.2299435e-02
   2.8718052e-02
   2.5087910e-02
   2.1837293e-02
   1.8320255e-02
   1.4318277e-02
   1.2014829e-02
   1.0691993e-02
   1.0036931e-02
   9.9065458e-03
   1.1504417e-02
   1.2544726e-02
   1.3608004e-02
   1.4763184e-02
   1.6294979e-02
   1.7535613e-02
   1.8689368e-02
   1.9733129e-02
   2.0114144e-02
   1.9887844e-02
   1.8528592e-02
   1.6450178e-02
   1.3723670e-02
   9.9388998e-03
   6.8800059e-03
   4.2956081e-03
   1.9782987e-03
   1.0931510e-03
   1.5535037e-03
   4.4142388e-03
   9.0657560e-03
   1.6020619e-02
   2.7017456e-02
   3.4397237e-02
   3.6907625e-02
   0.0000000e+00
   0.0000000e+00
   0.0000000e+00
   0.0000000e+00
   0.0000000e+00
   0.0000000e+00
   0.0000000e+00
   0.0000000e+00
   0.0000000e+00
   0.0000000e+00
   0.0000000e+00
   0.0000000e+00
   0.0000000e+00
   0.0000000e+00
   1.3594744e-02
   1.5831763e-02
   2.0771399e-02
   2.2084229e-02
   2.0337228e-02
   1.6898535e-02
   1.4730009e-02
   1.4134270e-02
   1.4050130e-02
   1.4800448e-02
   1.6511357e-02
   1.8098736e-02
   1.9498395e-02
   2.0130294e-02
   1.9640381e-02
   1.9850054e-02
   2.2562077e-02
   2.4885471e-02
   2.7908904e-02
   3.1421275e-02
   3.3615998e-02
   3.6222963e-02
   3.6118092e-02
   3.2355693e-02
   2.9785853e-02
   2.5879789e-02
   2.1883320e-02
   1.7895356e-02
   1.4078076e-02
   1.2129935e-02
   1.1195031e-02
   1.0923940e-02
   1.1033272e-02
   1.2160853e-02
   1.3156429e-02
   1.4121846e-02
   1.5159866e-02
   1.6512314e-02
   1.7564588e-02
   1.8514444e-02
   1.9246666e-02
   1.9313349e-02
   1.8707402e-02
   1.6779073e-02
   1.4225556e-02
   1.1113229e-02
   7.1465148e-03
   4.1756055e-03
   1.8042326e-03
  -2.0296291e-05
  -3.1577595e-04
   8.0217028e-04
   4.4755996e-03
   9.8328708e-03
   1.7552563e-02
   2.9994535e-02
   4.0189360e-02
   4.3556431e-02
   0.0000000e+00
   0.0000000e+00
   0.0000000e+00
   0.0000000e+00
   0.0000000e+00
   0.0000000e+00
   0.0000000e+00
   0.0000000e+00
   0.0000000e+00
   0.0000000e+00
   0.0000000e+00
   0.0000000e+00
   0.0000000e+00
   0.0000000e+00
   1.3152440e-02
   1.5240744e-02
   2.0173034e-02
   2.1516990e-02
   2.0906122e-02
   1.8953933e-02
   1.7472228e-02
   1.6723384e-02
   1.6508378e-02
   1.7213648e-02
   1.8895637e-02
   2.0485478e-02
   2.1836141e-02
   2.2554018e-02
   2.3494764e-02
   2.3821146e-02
   2.3474760e-02
   2.5468913e-02
   2.8277918e-02
   3.2389535e-02
   3.4841215e-02
   3.6814763e-02
   3.5973418e-02
   3.2590176e-02
   3.0159244e-02
   2.5790399e-02
   2.1425908e-02
   1.7366956e-02
   1.3819759e-02
   1.2166602e-02
   1.1494129e-02
   1.1414000e-02
   1.1637223e-02
   1.2780338e-02
   1.3657284e-02
   1.4458944e-02
   1.5325035e-02
   1.6409800e-02
   1.7182210e-02
   1.7818633e-02
   1.8060294e-02
   1.7627357e-02
   1.6426848e-02
   1.3685432e-02
   1.0531285e-02
   7.0003968e-03
   2.9776086e-03
   2.7728854e-04
  -1.6522533e-03
  -2.6290712e-03
  -2.0349222e-03
   1.3294929e-06
   4.7559253e-03
   1.1035071e-02
   1.9799996e-02
   3.4325620e-02
   5.0542251e-02
   5.8168487e-02
   0.0000000e+00
   0.0000000e+00
   0.0000000e+00
   0.0000000e+00
   0.0000000e+00
   0.0000000e+00
   0.0000000e+00
   0.0000000e+00
   0.0000000e+00
   0.0000000e+00
   0.0000000e+00
   0.0000000e+00
   0.0000000e+00
   0.0000000e+00
   1.2037596e-02
   1.4681382e-02
   1.9692342e-02
   2.1658739e-02
   2.2918770e-02
   2.2349644e-02
   2.1102785e-02
   1.9914004e-02
   1.9574383e-02
   2.0222239e-02
   2.1879188e-02
   2.3431023e-02
   2.4583638e-02
   2.5537052e-02
   2.9962060e-02
   3.1058866e-02
   2.4024336e-02
   2.5484111e-02
   2.7791990e-02
   3.2848690e-02
   3.6060612e-02
   3.7184073e-02
   3.5888658e-02
   3.3069933e-02
   3.0304797e-02
   2.5093335e-02
   2.0391556e-02
   1.6474309e-02
   1.3403910e-02
   1.2174414e-02
   1.1833443e-02
   1.1930249e-02
   1.2252225e-02
   1.2700619e-02
   1.3298169e-02
   1.3860993e-02
   1.4460237e-02
   1.5092621e-02
   1.5378466e-02
   1.5359440e-02
   1.4695480e-02
   1.3423880e-02
   1.1363317e-02
   7.8312517e-03
   4.4139034e-03
   1.0883536e-03
  -2.1352489e-03
  -3.8946766e-03
  -4.7225506e-03
  -4.2401224e-03
  -2.4060925e-03
   7.6430686e-04
   6.6822529e-03
   1.3778514e-02
   2.3002470e-02
   3.6508204e-02
   4.7131694e-02
   5.1120899e-02
   0.0000000e+00
   0.0000000e+00
   0.0000000e+00
   0.0000000e+00
   0.0000000e+00
   0.0000000e+00
   0.0000000e+00
   0.0000000e+00
   0.0000000e+00
   0.0000000e+00
   0.0000000e+00
   0.0000000e+00
   0.0000000e+00
   0.0000000e+00
   1.1209633e-02
   1.4990337e-02
   2.0125044e-02
   2.3509211e-02
   2.5991070e-02
   2.5674140e-02
   2.4394631e-02
   2.3227249e-02
   2.3008198e-02
   2.3581386e-02
   2.4799704e-02
   2.5675803e-02
   2.6284351e-02
   2.8541271e-02
   3.0928163e-02
   3.1058866e-02
   3.3475588e-02
   4.0429565e-02
   2.7791990e-02
   3.4539412e-02
   3.7352752e-02
   3.7112035e-02
   3.6037985e-02
   3.2744124e-02
   2.8793942e-02
   2.2938031e-02
   1.8474984e-02
   1.5158305e-02
   1.2881106e-02
   1.2165470e-02
   1.1997145e-02
   1.2098272e-02
   1.2335934e-02
   1.1744541e-02
   1.2102360e-02
   1.2436207e-02
   1.2774089e-02
   1.3036651e-02
   1.2960149e-02
   1.2535239e-02
   1.1390083e-02
   9.7518100e-03
   7.4383116e-03
   3.9119992e-03
   7.8829662e-04
  -2.0218341e-03
  -4.4947018e-03
  -5.5763433e-03
  -5.6909587e-03
  -4.3105825e-03
  -1.7577821e-03
   2.0124219e-03
   8.4384193e-03
   1.5665171e-02
   2.4526013e-02
   3.6191364e-02
   4.2558924e-02
   3.0378342e-02
   0.0000000e+00
   0.0000000e+00
   0.0000000e+00
   0.0000000e+00
   0.0000000e+00
   0.0000000e+00
   0.0000000e+00
   0.0000000e+00
   0.0000000e+00
   0.0000000e+00
   0.0000000e+00
   0.0000000e+00
   0.0000000e+00
   0.0000000e+00
   1.2009138e-02
   1.4370776e-02
   1.9582685e-02
   2.3875485e-02
   2.6921710e-02
   2.6819551e-02
   2.5760488e-02
   2.4853564e-02
   2.4743130e-02
   2.5177525e-02
   2.5942645e-02
   2.6401616e-02
   2.6912180e-02
   2.9496015e-02
   3.1110204e-02
   0.0000000e+00
   3.9759024e-02
   4.6752117e-02
   0.0000000e+00
   3.5115185e-02
   3.7655887e-02
   3.6502436e-02
   3.5112533e-02
   3.1243118e-02
   2.6723862e-02
   2.0791156e-02
   1.6640590e-02
   1.3770807e-02
   1.1958901e-02
   1.1465976e-02
   1.1351620e-02
   1.1403540e-02
   1.1537528e-02
   9.7254614e-03
   9.6949686e-03
   9.6451753e-03
   9.5425304e-03
   9.2157763e-03
   8.5815666e-03
   7.5821542e-03
   5.8143473e-03
   3.7691740e-03
   1.3030079e-03
  -1.8514153e-03
  -4.2241711e-03
  -6.0196510e-03
  -7.2420305e-03
  -7.2944414e-03
  -6.3766770e-03
  -3.7294818e-03
  -1.9530012e-04
   4.3486173e-03
   1.1337802e-02
   1.8473522e-02
   2.6345030e-02
   3.4517779e-02
   3.4279455e-02
   2.0031684e-02
   0.0000000e+00
   0.0000000e+00
   0.0000000e+00
   0.0000000e+00
   0.0000000e+00
   0.0000000e+00
   0.0000000e+00
   0.0000000e+00
   0.0000000e+00
   0.0000000e+00
   0.0000000e+00
   0.0000000e+00
   0.0000000e+00
   0.0000000e+00
   1.4104362e-02
   1.2898390e-02
   1.8219994e-02
   2.3821440e-02
   2.7525328e-02
   2.7770193e-02
   2.7199880e-02
   2.6843147e-02
   2.6911384e-02
   2.7081362e-02
   2.7071673e-02
   2.6941194e-02
   2.7488511e-02
   3.0182406e-02
   3.0622941e-02
   0.0000000e+00
   5.2039246e-02
   0.0000000e+00
   0.0000000e+00
   3.5584155e-02
   3.7719994e-02
   3.5224707e-02
   3.3055143e-02
   2.8164482e-02
   2.2960720e-02
   1.7155967e-02
   1.3568602e-02
   1.1386443e-02
   1.0214121e-02
   9.9663049e-03
   9.8894652e-03
   9.8336379e-03
   9.7830914e-03
   3.5262918e-03
   2.9399368e-03
   2.3567191e-03
   1.7082714e-03
   7.9843247e-04
  -1.7464465e-04
  -1.3394616e-03
  -3.0035018e-03
  -4.5854727e-03
  -6.2079095e-03
  -7.9559506e-03
  -8.9929170e-03
  -9.5508494e-03
  -9.4826309e-03
  -8.5444834e-03
  -6.6787884e-03
  -2.9877426e-03
   1.2563802e-03
   6.3450871e-03
   1.3421299e-02
   1.9658743e-02
   2.5298562e-02
   2.8771846e-02
   2.5307449e-02
   1.2902527e-02
   0.0000000e+00
   0.0000000e+00
   0.0000000e+00
   0.0000000e+00
   0.0000000e+00
   0.0000000e+00
   0.0000000e+00
   0.0000000e+00
   0.0000000e+00
   0.0000000e+00
   0.0000000e+00
   0.0000000e+00
   0.0000000e+00
   0.0000000e+00
   1.6849320e-02
   8.8445272e-03
   1.3398564e-02
   2.0427180e-02
   2.4969800e-02
   2.5991411e-02
   2.6271043e-02
   2.6692164e-02
   2.6963337e-02
   2.6888426e-02
   2.6482113e-02
   2.6353471e-02
   2.7097718e-02
   2.8513525e-02
   3.0686380e-02
   4.9704388e-02
   5.2039246e-02
   0.0000000e+00
   0.0000000e+00
   3.4972648e-02
   3.2998512e-02
   2.8898800e-02
   2.4821246e-02
   1.9360772e-02
   1.4593660e-02
   1.0038812e-02
   7.4623619e-03
   6.0019583e-03
   5.2127177e-03
   4.9445977e-03
   4.7015130e-03
   4.3397584e-03
   3.9647304e-03
  -7.9671798e-04
  -1.6236219e-03
  -2.4177436e-03
  -3.2594301e-03
  -4.3422248e-03
  -5.3738719e-03
  -6.5096963e-03
  -7.9942565e-03
  -9.2720682e-03
  -1.0459788e-02
  -1.1560690e-02
  -1.2031464e-02
  -1.2063029e-02
  -1.1370826e-02
  -9.9147508e-03
  -7.5704659e-03
  -3.4577955e-03
   9.6890544e-04
   6.1008276e-03
   1.2888981e-02
   1.8393466e-02
   2.2738669e-02
   2.4100986e-02
   1.9655940e-02
   9.0082811e-03
  -3.7908974e-03
  -2.6345330e-03
   2.2387357e-03
   1.0720674e-02
   0.0000000e+00
   0.0000000e+00
   0.0000000e+00
   0.0000000e+00
   0.0000000e+00
   0.0000000e+00
   0.0000000e+00
   0.0000000e+00
   0.0000000e+00
   0.0000000e+00
   1.9632430e-02
   7.0210219e-03
   1.0476614e-02
   1.7893925e-02
   2.2768496e-02
   2.4205178e-02
   2.4874873e-02
   2.5613241e-02
   2.5959275e-02
   2.5810242e-02
   2.5315419e-02
   2.5238720e-02
   2.6068458e-02
   2.7236896e-02
   3.0276117e-02
   4.8398073e-02
   0.0000000e+00
   0.0000000e+00
   3.5562783e-02
   3.2298621e-02
   2.8240731e-02
   2.3549939e-02
   1.8894145e-02
   1.3665605e-02
   9.4522097e-03
   5.6686266e-03
   3.5837760e-03
   2.3960658e-03
   1.6727777e-03
   1.3126933e-03
   9.2704273e-04
   3.6668001e-04
  -1.8172454e-04
  -8.8192002e-03
  -9.9273312e-03
  -1.0931947e-02
  -1.1921813e-02
  -1.3063172e-02
  -1.4003909e-02
  -1.4923838e-02
  -1.5955033e-02
  -1.6689573e-02
  -1.7243120e-02
  -1.7517726e-02
  -1.7348040e-02
  -1.6780837e-02
  -1.5240637e-02
  -1.3017511e-02
  -9.9899703e-03
  -5.4388480e-03
  -1.0242645e-03
   3.8097464e-03
   9.6716896e-03
   1.3696326e-02
   1.5932871e-02
   1.4687399e-02
   9.8476558e-03
   2.9912839e-03
  -3.7908974e-03
  -2.6345330e-03
   2.2387357e-03
   1.0720674e-02
   0.0000000e+00
   0.0000000e+00
   0.0000000e+00
   0.0000000e+00
   0.0000000e+00
   0.0000000e+00
   0.0000000e+00
   0.0000000e+00
   0.0000000e+00
   0.0000000e+00
   2.5773003e-02
   4.7639230e-03
   5.5486113e-03
   1.3006093e-02
   1.8212638e-02
   2.0277427e-02
   2.1443414e-02
   2.2517625e-02
   2.2927725e-02
   2.2749682e-02
   2.2301816e-02
   2.2378402e-02
   2.3308578e-02
   2.4741065e-02
   2.9029202e-02
   3.2833254e-02
   0.0000000e+00
   0.0000000e+00
   3.5562783e-02
   2.4812218e-02
   1.7765951e-02
   1.2570940e-02
   7.6869049e-03
   3.5954787e-03
   6.8952148e-04
  -1.7754800e-03
  -3.1876485e-03
  -4.1282955e-03
  -4.9551285e-03
  -5.5732527e-03
  -6.2533821e-03
  -7.1657713e-03
  -7.9765134e-03
  -1.4504721e-02
  -1.5544880e-02
  -1.6424886e-02
  -1.7270245e-02
  -1.8230020e-02
  -1.9011763e-02
  -1.9773996e-02
  -2.0691852e-02
  -2.1439706e-02
  -2.2134593e-02
  -2.2769559e-02
  -2.2995444e-02
  -2.2733879e-02
  -2.1285408e-02
  -1.8984490e-02
  -1.5878113e-02
  -1.1500768e-02
  -7.6407633e-03
  -3.7563954e-03
   5.6921648e-04
   3.2234242e-03
   4.3212524e-03
   2.8226835e-03
  -4.0340646e-04
  -3.7146300e-03
  -4.6434470e-03
  -9.0905068e-05
   3.1790700e-03
   1.0720674e-02
   0.0000000e+00
   0.0000000e+00
   0.0000000e+00
   0.0000000e+00
   0.0000000e+00
   0.0000000e+00
   0.0000000e+00
   0.0000000e+00
   0.0000000e+00
   0.0000000e+00
   2.5773003e-02
   3.2195628e-03
   2.9865477e-03
   8.6924578e-03
   1.3416700e-02
   1.5749672e-02
   1.7025765e-02
   1.8098373e-02
   1.8394898e-02
   1.8121346e-02
   1.7720582e-02
   1.7876686e-02
   1.8926870e-02
   2.1254796e-02
   2.4649375e-02
   3.2833254e-02
   0.0000000e+00
   0.0000000e+00
   2.3568324e-02
   1.4255537e-02
   7.7065879e-03
   3.5480875e-03
  -2.7707427e-04
  -3.1475172e-03
  -5.2629302e-03
  -7.2092283e-03
  -8.4526614e-03
  -9.4143369e-03
  -1.0391228e-02
  -1.1161203e-02
  -1.1944238e-02
  -1.2891735e-02
  -1.3685907e-02
  -1.6751052e-02
  -1.7690304e-02
  -1.8459364e-02
  -1.9188479e-02
  -2.0005666e-02
  -2.0670037e-02
  -2.1323412e-02
  -2.2154585e-02
  -2.2885708e-02
  -2.3628050e-02
  -2.4423441e-02
  -2.4854325e-02
  -2.4804586e-02
  -2.3600067e-02
  -2.1544461e-02
  -1.8748184e-02
  -1.4869817e-02
  -1.1583476e-02
  -8.4322155e-03
  -5.1229460e-03
  -3.2860621e-03
  -2.8051576e-03
  -4.3466389e-03
  -6.6383502e-03
  -8.0800527e-03
  -6.0507949e-03
   3.5166069e-05
   3.7116556e-03
   0.0000000e+00
   0.0000000e+00
   0.0000000e+00
   0.0000000e+00
   0.0000000e+00
   0.0000000e+00
   0.0000000e+00
   0.0000000e+00
   0.0000000e+00
   0.0000000e+00
   0.0000000e+00
   0.0000000e+00
   2.5117673e-03
   1.8506576e-03
   6.2039922e-03
   1.0437472e-02
   1.2919373e-02
   1.4246056e-02
   1.5330882e-02
   1.5558794e-02
   1.5209500e-02
   1.4802481e-02
   1.4914546e-02
   1.5867437e-02
   1.8430655e-02
   1.9514427e-02
   0.0000000e+00
   0.0000000e+00
   0.0000000e+00
   1.6797630e-02
   8.3236633e-03
   2.3560263e-03
  -1.1383045e-03
  -4.3146826e-03
  -6.5137151e-03
  -8.1882371e-03
  -9.8140760e-03
  -1.0917533e-02
  -1.1829603e-02
  -1.2804299e-02
  -1.3586511e-02
  -1.4360205e-02
  -1.5260701e-02
  -1.5997005e-02
  -1.5481309e-02
  -1.5971659e-02
  -1.6381786e-02
  -1.6772475e-02
  -1.7186226e-02
  -1.7544214e-02
  -1.7941048e-02
  -1.8534928e-02
  -1.9125253e-02
  -1.9783459e-02
  -2.0611481e-02
  -2.1259299e-02
  -2.1712037e-02
  -2.1788775e-02
  -2.1480548e-02
  -2.0840513e-02
  -1.9620180e-02
  -1.8431989e-02
  -1.7311678e-02
  -1.6224688e-02
  -1.5810660e-02
  -1.6122179e-02
  -1.7249377e-02
  -1.8041208e-02
  -1.7336357e-02
  -1.2569364e-02
  -6.0410921e-03
  -3.1040681e-03
   0.0000000e+00
   0.0000000e+00
   0.0000000e+00
   0.0000000e+00
   0.0000000e+00
   0.0000000e+00
   0.0000000e+00
   0.0000000e+00
   0.0000000e+00
   0.0000000e+00
   0.0000000e+00
   0.0000000e+00
   1.4441021e-03
   1.6480602e-03
   2.2529399e-03
   4.7127106e-03
   7.4040208e-03
   8.7505347e-03
   9.9162546e-03
   1.0020757e-02
   9.4545983e-03
   8.8812379e-03
   8.5026427e-03
   8.5218369e-03
   1.0142477e-02
   1.0979379e-02
   0.0000000e+00
   0.0000000e+00
   1.1647488e-02
   9.2569318e-03
  -3.5482832e-04
  -4.0218102e-03
  -6.1517288e-03
  -8.1204815e-03
  -9.4076914e-03
  -1.0453134e-02
  -1.1470833e-02
  -1.2152535e-02
  -1.2696961e-02
  -1.3252831e-02
  -1.3701812e-02
  -1.4139187e-02
  -1.4650348e-02
  -1.5068724e-02
  -9.8597145e-03
  -1.0101168e-02
  -1.0319378e-02
  -1.0515895e-02
  -1.0707199e-02
  -1.0879481e-02
  -1.1074898e-02
  -1.1385070e-02
  -1.1713573e-02
  -1.2107148e-02
  -1.2655476e-02
  -1.3122947e-02
  -1.3493739e-02
  -1.3704196e-02
  -1.3718770e-02
  -1.3622187e-02
  -1.3390107e-02
  -1.3275410e-02
  -1.3395402e-02
  -1.3965428e-02
  -1.4917699e-02
  -1.6454920e-02
  -1.8904997e-02
  -2.0723215e-02
  -2.0991815e-02
  -1.6982721e-02
  -1.2017294e-02
  -1.0677312e-02
   0.0000000e+00
   0.0000000e+00
   0.0000000e+00
   0.0000000e+00
   0.0000000e+00
   0.0000000e+00
   0.0000000e+00
   0.0000000e+00
   0.0000000e+00
   0.0000000e+00
   0.0000000e+00
   0.0000000e+00
   0.0000000e+00
   1.6480602e-03
   1.4587326e-03
   2.4618898e-03
   4.9802294e-03
   6.3257994e-03
   7.7973125e-03
   7.9951569e-03
   7.1210146e-03
   6.1471274e-03
   5.2135081e-03
   4.1196431e-03
   4.0874114e-03
   4.5526098e-03
   0.0000000e+00
   0.0000000e+00
   8.9345969e-03
   6.2175842e-03
  -1.3323117e-03
  -3.5317543e-03
  -4.7621352e-03
  -5.9099928e-03
  -6.6560357e-03
  -7.2666403e-03
  -7.8476424e-03
  -8.2137466e-03
  -8.4851587e-03
  -8.7513355e-03
  -8.9737319e-03
  -9.1944078e-03
  -9.4509394e-03
  -9.6605598e-03
  -5.6240153e-03
  -5.6779324e-03
  -5.7515393e-03
  -5.8017539e-03
  -5.8254503e-03
  -5.8578092e-03
  -5.9014628e-03
  -5.9978715e-03
  -6.1290987e-03
  -6.3232826e-03
  -6.6608701e-03
  -6.9924544e-03
  -7.3015035e-03
  -7.6127126e-03
  -7.8705069e-03
  -8.1833997e-03
  -8.6959375e-03
  -9.3900865e-03
  -1.0444607e-02
  -1.2263144e-02
  -1.4244881e-02
  -1.6705631e-02
  -2.0152457e-02
  -2.2744026e-02
  -2.3746090e-02
  -2.0308051e-02
  -1.6520179e-02
  -1.6383519e-02
   0.0000000e+00
   0.0000000e+00
   0.0000000e+00
   0.0000000e+00
   0.0000000e+00
   0.0000000e+00
   0.0000000e+00
   0.0000000e+00
   0.0000000e+00
   0.0000000e+00
   0.0000000e+00
   0.0000000e+00
   0.0000000e+00
   0.0000000e+00
   6.6085153e-04
   7.6596522e-04
   3.1539767e-03
   4.4988355e-03
   6.2007544e-03
   6.4689294e-03
   5.3627307e-03
   4.0870588e-03
   2.7352457e-03
   8.0272481e-04
  -4.7489562e-04
  -2.8976422e-04
   0.0000000e+00
   7.7698333e-03
   7.9125567e-03
   3.9275288e-03
  -2.0688155e-03
  -3.1625122e-03
  -3.7151190e-03
  -4.2444572e-03
  -4.5827473e-03
  -4.8657149e-03
  -5.1176793e-03
  -5.2459898e-03
  -5.3116943e-03
  -5.3595961e-03
  -5.4112682e-03
  -5.4686677e-03
  -5.5333442e-03
  -5.5856735e-03
   5.5159741e-03
   5.5402026e-03
   5.5444288e-03
   5.5521421e-03
   5.5795440e-03
   5.6061792e-03
   5.6399301e-03
   5.6920473e-03
   5.7296034e-03
   5.7194842e-03
   5.5720403e-03
   5.3729255e-03
   5.1731856e-03
   4.9156693e-03
   4.5917181e-03
   4.0503096e-03
   2.9478724e-03
   1.5068776e-03
  -4.5049058e-04
  -3.5351313e-03
  -6.6158105e-03
  -9.9231513e-03
  -1.3937725e-02
  -1.7313806e-02
  -2.0584518e-02
  -2.1529736e-02
  -2.2610214e-02
  -2.5224241e-02
   0.0000000e+00
   0.0000000e+00
   0.0000000e+00
   0.0000000e+00
   0.0000000e+00
   0.0000000e+00
   0.0000000e+00
   0.0000000e+00
   0.0000000e+00
   0.0000000e+00
   0.0000000e+00
   0.0000000e+00
   0.0000000e+00
   0.0000000e+00
   0.0000000e+00
  -1.3457172e-03
   4.5068501e-04
   1.9337117e-03
   4.8433130e-03
   6.3804013e-03
   5.0198996e-03
   3.2094101e-03
   1.3830468e-03
  -2.2058277e-03
  -7.2733104e-03
  -8.5039755e-03
   0.0000000e+00
   2.8265405e-03
   5.4554991e-03
   2.5484602e-03
   1.1586755e-03
   2.4870651e-03
   3.5434566e-03
   4.2169441e-03
   4.4909262e-03
   4.6571959e-03
   4.8098637e-03
   4.9387620e-03
   5.0754791e-03
   5.2129436e-03
   5.2973943e-03
   5.3691108e-03
   5.4472595e-03
   5.4854750e-03
   9.2846229e-03
   9.4157943e-03
   9.5232767e-03
   9.6252580e-03
   9.7726578e-03
   9.9211296e-03
   1.0090748e-02
   1.0338107e-02
   1.0567124e-02
   1.0763868e-02
   1.0844641e-02
   1.0766991e-02
   1.0596564e-02
   1.0171388e-02
   9.5028246e-03
   8.4284253e-03
   6.4091062e-03
   4.0443901e-03
   1.0837657e-03
  -3.2981253e-03
  -7.5132380e-03
  -1.1875348e-02
  -1.6764009e-02
  -2.0305559e-02
  -2.3213524e-02
  -2.3956875e-02
  -2.3569339e-02
  -2.4331033e-02
   0.0000000e+00
   0.0000000e+00
   0.0000000e+00
   0.0000000e+00
   0.0000000e+00
   0.0000000e+00
   0.0000000e+00
   0.0000000e+00
   0.0000000e+00
   0.0000000e+00
   0.0000000e+00
   0.0000000e+00
   0.0000000e+00
   0.0000000e+00
   0.0000000e+00
  -1.5796425e-03
  -3.5151608e-04
   1.5270174e-03
   4.9048297e-03
   6.9674387e-03
   5.5449878e-03
   3.9037724e-03
   2.9033134e-03
  -2.6112150e-03
  -1.2295741e-02
  -1.9033417e-02
  -2.3710581e-02
  -6.4784715e-04
   3.2544096e-03
   1.0776988e-03
   9.9329457e-04
   3.0612680e-03
   4.6491124e-03
   5.7287169e-03
   6.2789565e-03
   6.7234432e-03
   7.1994124e-03
   7.5697928e-03
   7.9191476e-03
   8.2858094e-03
   8.5483030e-03
   8.7785208e-03
   9.0167125e-03
   9.1662438e-03
   1.4286351e-02
   1.4559456e-02
   1.4803979e-02
   1.5031073e-02
   1.5337733e-02
   1.5647905e-02
   1.5997846e-02
   1.6504328e-02
   1.6987451e-02
   1.7458744e-02
   1.7842404e-02
   1.7925962e-02
   1.7794438e-02
   1.7146747e-02
   1.6020815e-02
   1.4239034e-02
   1.1002835e-02
   7.4121612e-03
   3.1200212e-03
  -2.9835725e-03
  -8.7042984e-03
  -1.4466292e-02
  -2.0515037e-02
  -2.4276196e-02
  -2.6702724e-02
  -2.7178158e-02
  -2.4842283e-02
  -2.3145572e-02
   0.0000000e+00
   0.0000000e+00
   0.0000000e+00
   0.0000000e+00
   0.0000000e+00
   0.0000000e+00
   0.0000000e+00
   0.0000000e+00
   0.0000000e+00
   0.0000000e+00
   0.0000000e+00
   0.0000000e+00
   0.0000000e+00
   0.0000000e+00
   0.0000000e+00
  -0.0000000e+00
  -1.4161925e-03
   9.8725519e-04
   4.9864744e-03
   7.7465511e-03
   6.2418817e-03
   4.8253257e-03
   4.9210019e-03
  -3.1492427e-03
  -1.8961481e-02
  -2.6020722e-02
  -2.3710581e-02
  -5.2590332e-03
   3.3313712e-04
  -8.7428685e-04
   7.7380200e-04
   3.8233466e-03
   6.1165322e-03
   7.7351326e-03
   8.6520195e-03
   9.4657541e-03
   1.0370807e-02
   1.1061681e-02
   1.1693247e-02
   1.2364098e-02
   1.2862889e-02
   1.3303469e-02
   1.3754069e-02
   1.4051338e-02
   1.5404033e-02
   1.5873859e-02
   1.6251222e-02
   1.6582323e-02
   1.6982451e-02
   1.7363416e-02
   1.7752927e-02
   1.8237337e-02
   1.8641523e-02
   1.9021588e-02
   1.9326038e-02
   1.9302492e-02
   1.8918943e-02
   1.7695954e-02
   1.5818839e-02
   1.3069236e-02
   8.5677156e-03
   4.0107806e-03
  -1.0669638e-03
  -7.7060619e-03
  -1.3537681e-02
  -1.9462508e-02
  -2.6423794e-02
  -3.1572217e-02
  -3.5497148e-02
  -3.6890055e-02
  -3.3669882e-02
  -2.8794036e-02
  -3.0137963e-02
   0.0000000e+00
   0.0000000e+00
   0.0000000e+00
   0.0000000e+00
   0.0000000e+00
   0.0000000e+00
   0.0000000e+00
   0.0000000e+00
   0.0000000e+00
   0.0000000e+00
   0.0000000e+00
   0.0000000e+00
   0.0000000e+00
   0.0000000e+00
  -0.0000000e+00
  -4.0930525e-03
   9.8725519e-04
   8.9106546e-03
   1.3227068e-02
   9.6331369e-03
   5.2076311e-03
   4.9210019e-03
  -3.1492427e-03
  -1.8961481e-02
  -2.6020722e-02
  -3.1838706e-02
  -1.6394080e-02
  -9.0155104e-03
  -7.8362788e-03
  -4.4995612e-03
  -7.3929934e-04
   2.0127621e-03
   3.8816924e-03
   5.0619383e-03
   6.3134509e-03
   7.8884245e-03
   9.1532550e-03
   1.0343772e-02
   1.1671903e-02
   1.2693298e-02
   1.3582154e-02
   1.4440746e-02
   1.4980429e-02
   1.3656739e-02
   1.4224368e-02
   1.4631706e-02
   1.4967564e-02
   1.5353442e-02
   1.5711773e-02
   1.6069260e-02
   1.6471858e-02
   1.6750998e-02
   1.6960327e-02
   1.7050812e-02
   1.6857785e-02
   1.6314346e-02
   1.4944787e-02
   1.3008304e-02
   1.0271971e-02
   5.8905414e-03
   1.4774690e-03
  -3.4379636e-03
  -9.8085591e-03
  -1.5370696e-02
  -2.1132551e-02
  -2.8284334e-02
  -3.4005854e-02
  -3.8853587e-02
  -4.1588183e-02
  -3.9212989e-02
  -3.3394772e-02
  -3.0097703e-02
   0.0000000e+00
   0.0000000e+00
   0.0000000e+00
   0.0000000e+00
   0.0000000e+00
   0.0000000e+00
   0.0000000e+00
   0.0000000e+00
   0.0000000e+00
   0.0000000e+00
   0.0000000e+00
   0.0000000e+00
  -0.0000000e+00
  -3.7047698e-02
  -1.0982543e-02
  -6.0464881e-03
   0.0000000e+00
   6.8149440e-03
   1.0530869e-02
   9.6561880e-03
   5.2741656e-03
   0.0000000e+00
   0.0000000e+00
   0.0000000e+00
   0.0000000e+00
  -3.3567978e-02
  -2.1428038e-02
  -1.4627712e-02
  -1.2433422e-02
  -8.4526818e-03
  -4.4320267e-03
  -1.5306874e-03
   3.4570922e-04
   1.5087962e-03
   2.7999419e-03
   4.4932085e-03
   5.8933022e-03
   7.2715114e-03
   8.8966572e-03
   1.0173412e-02
   1.1306239e-02
   1.2414088e-02
   1.3112294e-02
   9.1861284e-03
   9.9079435e-03
   1.0335662e-02
   1.0644034e-02
   1.0962205e-02
   1.1241762e-02
   1.1510242e-02
   1.1731080e-02
   1.1749151e-02
   1.1595890e-02
   1.1218971e-02
   1.0672151e-02
   9.8508667e-03
   8.3541452e-03
   6.5581042e-03
   4.2111089e-03
   5.7722052e-04
  -3.1439067e-03
  -7.3914861e-03
  -1.2940341e-02
  -1.7835760e-02
  -2.3158934e-02
  -3.0414932e-02
  -3.6953059e-02
  -4.3388119e-02
  -4.8897743e-02
  -4.8811862e-02
  -4.3552859e-02
  -3.0004232e-02
   0.0000000e+00
   0.0000000e+00
   0.0000000e+00
   0.0000000e+00
   0.0000000e+00
   0.0000000e+00
   0.0000000e+00
   0.0000000e+00
   0.0000000e+00
   0.0000000e+00
   0.0000000e+00
   0.0000000e+00
  -6.4069056e-02
  -3.7047698e-02
  -1.4485435e-02
  -8.5983665e-03
   0.0000000e+00
   4.9577633e-04
   2.2410474e-03
   8.4534206e-03
   5.2398017e-03
   0.0000000e+00
   0.0000000e+00
   0.0000000e+00
   0.0000000e+00
   0.0000000e+00
  -2.8990067e-02
  -2.4193977e-02
  -2.0527229e-02
  -1.5676856e-02
  -1.1314948e-02
  -8.2370301e-03
  -6.4360337e-03
  -5.4103441e-03
  -4.1893591e-03
  -2.4696311e-03
  -9.6812719e-04
   6.3877296e-04
   2.7099874e-03
   4.3859960e-03
   5.9191681e-03
   7.4545628e-03
   8.4309972e-03
   1.5050465e-03
   2.4263906e-03
   2.9232681e-03
   3.2447622e-03
   3.6075737e-03
   3.9859590e-03
   4.4333610e-03
   4.9343638e-03
   5.1824752e-03
   5.1820985e-03
   4.9009190e-03
   4.4738128e-03
   3.8707659e-03
   2.8642556e-03
   1.7001016e-03
   1.7309932e-04
  -2.2167644e-03
  -4.7247773e-03
  -7.7541932e-03
  -1.2128080e-02
  -1.6425538e-02
  -2.1414610e-02
  -2.8619003e-02
  -3.5705530e-02
  -4.3610895e-02
  -5.2767489e-02
  -5.7304852e-02
  -5.5998416e-02
  -4.1217506e-02
   0.0000000e+00
   0.0000000e+00
   0.0000000e+00
   0.0000000e+00
   0.0000000e+00
   0.0000000e+00
   0.0000000e+00
   0.0000000e+00
   0.0000000e+00
   0.0000000e+00
   0.0000000e+00
  -0.0000000e+00
  -5.5155737e-02
  -3.9788599e-02
  -1.7528675e-02
  -8.5983665e-03
   2.2268547e-03
  -7.2752469e-03
  -8.4676666e-03
   8.4534206e-03
   5.2398017e-03
   0.0000000e+00
   0.0000000e+00
   0.0000000e+00
   0.0000000e+00
   0.0000000e+00
  -4.3553123e-02
  -3.1109578e-02
  -2.8000529e-02
  -2.3424000e-02
  -1.9243508e-02
  -1.6240826e-02
  -1.4608485e-02
  -1.3890152e-02
  -1.3031825e-02
  -1.1708270e-02
  -1.0428058e-02
  -8.9304171e-03
  -6.7012711e-03
  -4.7035909e-03
  -2.7702398e-03
  -7.6700801e-04
   5.1672205e-04
  -3.3004359e-03
  -2.2432404e-03
  -1.6766300e-03
  -1.3400477e-03
  -9.5811637e-04
  -5.2158888e-04
   4.8328644e-05
   7.7229503e-04
   1.2400312e-03
   1.4618772e-03
   1.4232579e-03
   1.2276905e-03
   9.0969088e-04
   3.2326862e-04
  -4.1134589e-04
  -1.4517887e-03
  -3.1791735e-03
  -5.0650103e-03
  -7.4661154e-03
  -1.1205981e-02
  -1.5143519e-02
  -1.9894309e-02
  -2.6953885e-02
  -3.4155105e-02
  -4.2607654e-02
  -5.3602949e-02
  -6.0973025e-02
  -6.2667304e-02
  -4.8166714e-02
   0.0000000e+00
   0.0000000e+00
   0.0000000e+00
   0.0000000e+00
   0.0000000e+00
   0.0000000e+00
   0.0000000e+00
   0.0000000e+00
   0.0000000e+00
   0.0000000e+00
   0.0000000e+00
  -0.0000000e+00
  -5.4295666e-02
  -4.2547378e-02
  -1.8890870e-02
   0.0000000e+00
   2.2268547e-03
  -9.8840557e-03
  -1.5657708e-02
   0.0000000e+00
   0.0000000e+00
   0.0000000e+00
   0.0000000e+00
  -5.1723135e-02
  -5.5202974e-02
  -5.9452842e-02
  -4.8845552e-02
  -3.4284136e-02
  -3.1535546e-02
  -2.7218963e-02
  -2.3263157e-02
  -2.0377406e-02
  -1.8867237e-02
  -1.8357242e-02
  -1.7761486e-02
  -1.6754574e-02
  -1.5697819e-02
  -1.4387399e-02
  -1.2239800e-02
  -1.0163672e-02
  -8.0731116e-03
  -5.8499725e-03
  -4.4141272e-03
  -1.1770720e-02
  -1.0451574e-02
  -9.7080343e-03
  -9.3308175e-03
  -8.9331625e-03
  -8.4016778e-03
  -7.5942223e-03
  -6.3799260e-03
  -5.3705545e-03
  -4.4986673e-03
  -3.7369189e-03
  -3.2046551e-03
  -2.7171007e-03
  -2.3316102e-03
  -2.2392720e-03
  -2.4760749e-03
  -3.2721390e-03
  -4.3404835e-03
  -5.9072087e-03
  -8.7358148e-03
  -1.2067891e-02
  -1.6338959e-02
  -2.2913596e-02
  -2.9850799e-02
  -3.8507179e-02
  -5.1839370e-02
  -6.4080599e-02
  -7.2141473e-02
  -6.0280669e-02
   0.0000000e+00
   0.0000000e+00
   0.0000000e+00
   0.0000000e+00
   0.0000000e+00
   0.0000000e+00
   0.0000000e+00
   0.0000000e+00
   0.0000000e+00
   0.0000000e+00
   0.0000000e+00
  -0.0000000e+00
  -5.6715082e-02
  -4.9540937e-02
   0.0000000e+00
   0.0000000e+00
   0.0000000e+00
   0.0000000e+00
   0.0000000e+00
   0.0000000e+00
   0.0000000e+00
   0.0000000e+00
   0.0000000e+00
  -5.1723135e-02
  -5.5202974e-02
  -5.9452842e-02
  -5.0380214e-02
  -3.7528374e-02
  -3.5438718e-02
  -3.1761200e-02
  -2.8428372e-02
  -2.5891319e-02
  -2.4630490e-02
  -2.4520471e-02
  -2.4460362e-02
  -2.4151972e-02
  -2.3662602e-02
  -2.2924790e-02
  -2.1289040e-02
  -1.9325272e-02
  -1.7147741e-02
  -1.4685541e-02
  -1.3063494e-02
  -1.7652438e-02
  -1.6323084e-02
  -1.5507927e-02
  -1.5138303e-02
  -1.4869432e-02
  -1.4492513e-02
  -1.3766172e-02
  -1.2414059e-02
  -1.1093333e-02
  -9.7559049e-03
  -8.2703932e-03
  -7.0869702e-03
  -5.8594113e-03
  -4.5160813e-03
  -3.6424714e-03
  -3.0901531e-03
  -3.0227440e-03
  -3.4842372e-03
  -4.5048493e-03
  -6.6928036e-03
  -9.4060333e-03
  -1.2998446e-02
  -1.8738520e-02
  -2.4979649e-02
  -3.2961243e-02
  -4.6165514e-02
  -6.0531840e-02
  -7.4003403e-02
  -6.7071196e-02
   0.0000000e+00
   0.0000000e+00
   0.0000000e+00
   0.0000000e+00
   0.0000000e+00
   0.0000000e+00
   0.0000000e+00
   0.0000000e+00
   0.0000000e+00
   0.0000000e+00
   0.0000000e+00
  -0.0000000e+00
  -5.9682387e-02
  -5.2840443e-02
   0.0000000e+00
   0.0000000e+00
   0.0000000e+00
   0.0000000e+00
   0.0000000e+00
   0.0000000e+00
  -0.0000000e+00
  -4.3171785e-02
  -1.8311355e-02
  -2.9633019e-02
  -3.3136012e-02
  -3.9127747e-02
  -4.0247272e-02
  -3.7288817e-02
  -3.5685183e-02
  -3.2405765e-02
  -2.9498803e-02
  -2.7202535e-02
  -2.6037631e-02
  -2.6188860e-02
  -2.6569884e-02
  -2.6902181e-02
  -2.6981998e-02
  -2.6839719e-02
  -2.5919905e-02
  -2.4411907e-02
  -2.2550651e-02
  -2.0354650e-02
  -1.8862398e-02
  -2.1281430e-02
  -1.9987924e-02
  -1.9158494e-02
  -1.8807303e-02
  -1.8661625e-02
  -1.8454092e-02
  -1.7875117e-02
  -1.6556589e-02
  -1.5103517e-02
  -1.3507205e-02
  -1.1587110e-02
  -1.0007398e-02
  -8.3392019e-03
  -6.3947869e-03
  -5.0012310e-03
  -3.9100311e-03
  -3.2198536e-03
  -3.2318926e-03
  -3.8373413e-03
  -5.5443796e-03
  -7.8064758e-03
  -1.0890102e-02
  -1.5953609e-02
  -2.1588426e-02
  -2.8931272e-02
  -4.1618205e-02
  -5.6729597e-02
  -7.3261291e-02
  -7.0639439e-02
   0.0000000e+00
   0.0000000e+00
   0.0000000e+00
   0.0000000e+00
   0.0000000e+00
   0.0000000e+00
   0.0000000e+00
   0.0000000e+00
   0.0000000e+00
   0.0000000e+00
   0.0000000e+00
  -0.0000000e+00
  -6.1213280e-02
  -5.4504606e-02
   0.0000000e+00
   0.0000000e+00
   0.0000000e+00
   0.0000000e+00
   0.0000000e+00
   0.0000000e+00
  -4.0755595e-02
  -3.7483773e-02
  -1.5774300e-02
  -1.7938435e-02
  -2.2364850e-02
  -2.9179535e-02
  -3.4899163e-02
  -3.6495828e-02
  -3.5257959e-02
  -3.2307799e-02
  -2.9698130e-02
  -2.7585483e-02
  -2.6490310e-02
  -2.6797663e-02
  -2.7477895e-02
  -2.8284370e-02
  -2.8786917e-02
  -2.9068515e-02
  -2.8655786e-02
  -2.7483057e-02
  -2.5854440e-02
  -2.3844752e-02
  -2.2438171e-02
  -2.5503185e-02
  -2.4401608e-02
  -2.3662197e-02
  -2.3381456e-02
  -2.3534975e-02
  -2.3788325e-02
  -2.3727658e-02
  -2.2870995e-02
  -2.1476957e-02
  -1.9680531e-02
  -1.7297549e-02
  -1.5276328e-02
  -1.3152343e-02
  -1.0472653e-02
  -8.3391162e-03
  -6.4356767e-03
  -4.7001837e-03
  -3.9219238e-03
  -3.7656151e-03
  -4.6079462e-03
  -6.0981828e-03
  -8.2689112e-03
  -1.1969185e-02
  -1.6268355e-02
  -2.2075384e-02
  -3.2597835e-02
  -4.6558191e-02
  -6.5658134e-02
  -7.2575366e-02
   0.0000000e+00
   0.0000000e+00
   0.0000000e+00
   0.0000000e+00
   0.0000000e+00
   0.0000000e+00
   0.0000000e+00
   0.0000000e+00
   0.0000000e+00
   0.0000000e+00
   0.0000000e+00
  -0.0000000e+00
  -6.1925217e-02
  -5.5116033e-02
   0.0000000e+00
   0.0000000e+00
   0.0000000e+00
   0.0000000e+00
   0.0000000e+00
   0.0000000e+00
  -2.2224917e-02
  -1.0592759e-02
  -3.7799555e-03
  -1.1230302e-02
  -1.9971420e-02
  -2.6846083e-02
  -3.1899166e-02
  -3.3273669e-02
  -3.2696171e-02
  -3.0427138e-02
  -2.8286415e-02
  -2.6512343e-02
  -2.5535880e-02
  -2.6006811e-02
  -2.7131466e-02
  -2.8770718e-02
  -3.0020050e-02
  -3.0995919e-02
  -3.1406056e-02
  -3.0816047e-02
  -2.9591729e-02
  -2.7877448e-02
  -2.6590447e-02
  -2.6921219e-02
  -2.5746752e-02
  -2.4967928e-02
  -2.4642049e-02
  -2.4905859e-02
  -2.5417640e-02
  -2.5776962e-02
  -2.5505350e-02
  -2.4490467e-02
  -2.2947674e-02
  -2.0715446e-02
  -1.8752403e-02
  -1.6640391e-02
  -1.3836688e-02
  -1.1469824e-02
  -9.2400057e-03
  -6.9228708e-03
  -5.5922138e-03
  -4.8660104e-03
  -4.9553939e-03
  -5.8225941e-03
  -7.3199694e-03
  -1.0026635e-02
  -1.3270871e-02
  -1.7715630e-02
  -2.5902292e-02
  -3.7110366e-02
  -5.4186055e-02
  -6.6131765e-02
   0.0000000e+00
   0.0000000e+00
   0.0000000e+00
   0.0000000e+00
   0.0000000e+00
   0.0000000e+00
   0.0000000e+00
   0.0000000e+00
   0.0000000e+00
   0.0000000e+00
   0.0000000e+00
  -0.0000000e+00
  -5.9511495e-02
  -5.8802125e-02
   0.0000000e+00
   0.0000000e+00
   0.0000000e+00
   0.0000000e+00
   0.0000000e+00
  -6.1458015e-03
  -5.4754454e-03
  -1.3890312e-03
  -8.5616981e-04
  -8.0617418e-03
  -1.5739661e-02
  -2.2168561e-02
  -2.7305902e-02
  -2.9108659e-02
  -2.9088872e-02
  -2.7411860e-02
  -2.5727550e-02
  -2.4358745e-02
  -2.3613907e-02
  -2.4136652e-02
  -2.5440807e-02
  -2.7563626e-02
  -2.9382598e-02
  -3.0920516e-02
  -3.1923552e-02
  -3.1798223e-02
  -3.0878396e-02
  -2.9294225e-02
  -2.8028227e-02
  -2.7372987e-02
  -2.6138601e-02
  -2.5300149e-02
  -2.4902672e-02
  -2.5185041e-02
  -2.5812698e-02
  -2.6405717e-02
  -2.6520863e-02
  -2.5804115e-02
  -2.4508425e-02
  -2.2490414e-02
  -2.0649699e-02
  -1.8625732e-02
  -1.5859189e-02
  -1.3440287e-02
  -1.1092481e-02
  -8.4830217e-03
  -6.8202371e-03
  -5.7379610e-03
  -5.3104243e-03
  -5.7245691e-03
  -6.7577273e-03
  -8.7829947e-03
  -1.1302867e-02
  -1.4809317e-02
  -2.1332770e-02
  -3.0381164e-02
  -4.5122721e-02
  -5.9641316e-02
   0.0000000e+00
   0.0000000e+00
   0.0000000e+00
   0.0000000e+00
   0.0000000e+00
   0.0000000e+00
   0.0000000e+00
   0.0000000e+00
  -0.0000000e+00
   1.6085769e-03
  -2.0404706e-03
  -3.7450324e-02
  -5.5953355e-02
  -6.3085030e-02
   0.0000000e+00
   0.0000000e+00
   0.0000000e+00
   0.0000000e+00
   0.0000000e+00
  -3.3232242e-03
   3.3105437e-03
   3.7527654e-03
   1.5080278e-03
  -5.2597833e-03
  -1.2191497e-02
  -1.8336424e-02
  -2.3560429e-02
  -2.5650875e-02
  -2.5988566e-02
  -2.4735856e-02
  -2.3398600e-02
  -2.2346248e-02
  -2.1805904e-02
  -2.2362314e-02
  -2.3741136e-02
  -2.6134324e-02
  -2.8323708e-02
  -3.0262045e-02
  -3.1692634e-02
  -3.1906403e-02
  -3.1229962e-02
  -2.9763222e-02
  -2.8508746e-02
  -2.6700422e-02
  -2.5373037e-02
  -2.4389641e-02
  -2.3814663e-02
  -2.3987092e-02
  -2.4608783e-02
  -2.5349869e-02
  -2.5884075e-02
  -2.5603994e-02
  -2.4766122e-02
  -2.3254341e-02
  -2.1746856e-02
  -2.0010024e-02
  -1.7568827e-02
  -1.5338099e-02
  -1.3096401e-02
  -1.0390769e-02
  -8.4471838e-03
  -7.0285427e-03
  -5.9950356e-03
  -5.8197305e-03
  -6.3042281e-03
  -7.5324235e-03
  -9.2028656e-03
  -1.1602288e-02
  -1.6038630e-02
  -2.1932827e-02
  -3.1762123e-02
  -4.7270847e-02
   0.0000000e+00
   0.0000000e+00
   0.0000000e+00
   0.0000000e+00
   0.0000000e+00
   0.0000000e+00
   0.0000000e+00
   0.0000000e+00
  -0.0000000e+00
   1.6085769e-03
  -2.0404706e-03
  -2.5400492e-02
  -4.7402085e-02
  -5.4651038e-02
   0.0000000e+00
   0.0000000e+00
   0.0000000e+00
   0.0000000e+00
   0.0000000e+00
   6.4890343e-03
   7.3591369e-03
   7.0688470e-03
   5.1019132e-03
  -5.3127701e-04
  -6.5507043e-03
  -1.2413554e-02
  -1.7805558e-02
  -2.0218688e-02
  -2.0916906e-02
  -2.0202742e-02
  -1.9350011e-02
  -1.8756702e-02
  -1.8560863e-02
  -1.9152343e-02
  -2.0506797e-02
  -2.3074972e-02
  -2.5650971e-02
  -2.8092242e-02
  -3.0071301e-02
  -3.0728853e-02
  -3.0416858e-02
  -2.9152542e-02
  -2.7904896e-02
  -2.4142870e-02
  -2.2739225e-02
  -2.1699189e-02
  -2.1015719e-02
  -2.0983649e-02
  -2.1429948e-02
  -2.2093703e-02
  -2.2721050e-02
  -2.2667863e-02
  -2.2151678e-02
  -2.1110132e-02
  -2.0020773e-02
  -1.8696370e-02
  -1.6699263e-02
  -1.4870403e-02
  -1.2964207e-02
  -1.0559414e-02
  -8.7479131e-03
  -7.3685989e-03
  -6.1673004e-03
  -5.6551400e-03
  -5.7797442e-03
  -6.5128776e-03
  -7.6281001e-03
  -9.2941621e-03
  -1.2418340e-02
  -1.6496172e-02
  -2.2440598e-02
  -3.2265341e-02
  -3.5265221e-02
   0.0000000e+00
   0.0000000e+00
   0.0000000e+00
   0.0000000e+00
   0.0000000e+00
   0.0000000e+00
   0.0000000e+00
   0.0000000e+00
   4.1054364e-03
  -2.3138456e-03
  -1.7332566e-02
  -4.7402085e-02
  -5.4651038e-02
   0.0000000e+00
   0.0000000e+00
   0.0000000e+00
   0.0000000e+00
   0.0000000e+00
   1.0295813e-02
   1.1437788e-02
   1.1185692e-02
   9.4666764e-03
   5.0380878e-03
  -1.5100436e-04
  -5.6575817e-03
  -1.1191998e-02
  -1.3980087e-02
  -1.5081800e-02
  -1.4769272e-02
  -1.4266226e-02
  -1.4079587e-02
  -1.4318014e-02
  -1.5078133e-02
  -1.6381851e-02
  -1.8793478e-02
  -2.1459599e-02
  -2.4174617e-02
  -2.6549074e-02
  -2.7556269e-02
  -2.7593054e-02
  -2.6553848e-02
  -2.5378638e-02
  -2.1635230e-02
  -2.0215232e-02
  -1.9181280e-02
  -1.8484928e-02
  -1.8353725e-02
  -1.8669760e-02
  -1.9235578e-02
  -1.9828201e-02
  -1.9864032e-02
  -1.9516830e-02
  -1.8731968e-02
  -1.7891849e-02
  -1.6857164e-02
  -1.5212421e-02
  -1.3675308e-02
  -1.2047274e-02
  -9.9301131e-03
  -8.2885610e-03
  -7.0256047e-03
  -5.8645628e-03
  -5.2484642e-03
  -5.1946770e-03
  -5.6703754e-03
  -6.4710240e-03
  -7.6946828e-03
  -1.0025807e-02
  -1.3082955e-02
  -1.7210930e-02
  -2.4238737e-02
  -2.6055109e-02
  -1.9444757e-02
   0.0000000e+00
   0.0000000e+00
   0.0000000e+00
  -2.3823278e-02
  -2.8111112e-02
   0.0000000e+00
   0.0000000e+00
   4.2984745e-03
  -2.6388270e-03
  -1.2645048e-02
   0.0000000e+00
   0.0000000e+00
   0.0000000e+00
   0.0000000e+00
   0.0000000e+00
   0.0000000e+00
   0.0000000e+00
   9.4547064e-03
   1.2285877e-02
   1.3212227e-02
   1.2339637e-02
   9.2179733e-03
   4.8265439e-03
  -2.4898387e-04
  -5.6121618e-03
  -8.5082963e-03
  -9.9201982e-03
  -1.0023446e-02
  -9.8190053e-03
  -9.9495595e-03
  -1.0606424e-02
  -1.1621554e-02
  -1.3015469e-02
  -1.5319472e-02
  -1.7940391e-02
  -2.0739024e-02
  -2.3328691e-02
  -2.4550575e-02
  -2.4837576e-02
  -2.3984051e-02
  -2.2860649e-02
  -1.8644403e-02
  -1.7231742e-02
  -1.6233361e-02
  -1.5564601e-02
  -1.5361746e-02
  -1.5541579e-02
  -1.5980426e-02
  -1.6473718e-02
  -1.6554404e-02
  -1.6341465e-02
  -1.5768841e-02
  -1.5152136e-02
  -1.4410306e-02
  -1.3147659e-02
  -1.1911514e-02
  -1.0591903e-02
  -8.8144243e-03
  -7.3941504e-03
  -6.3057198e-03
  -5.2867812e-03
  -4.6507178e-03
  -4.4643354e-03
  -4.7377413e-03
  -5.2687957e-03
  -6.0919204e-03
  -7.7039368e-03
  -9.8930431e-03
  -1.2770130e-02
  -1.6047598e-02
  -1.8446779e-02
  -1.9444757e-02
  -9.3624830e-03
   0.0000000e+00
  -0.0000000e+00
  -2.3823278e-02
  -2.8111112e-02
  -1.6032248e-02
   5.2481832e-03
   3.4925314e-03
  -3.0525912e-03
  -9.7467799e-03
   0.0000000e+00
   0.0000000e+00
   0.0000000e+00
   0.0000000e+00
   0.0000000e+00
   0.0000000e+00
   0.0000000e+00
   6.3500420e-03
   1.1849566e-02
   1.4705702e-02
   1.5119859e-02
   1.3614763e-02
   1.0167128e-02
   5.6432601e-03
   6.2715654e-04
  -2.2785639e-03
  -4.0211681e-03
  -4.6304052e-03
  -4.7617708e-03
  -5.2331705e-03
  -6.3857213e-03
  -7.7461988e-03
  -9.3119917e-03
  -1.1508709e-02
  -1.4014344e-02
  -1.6827796e-02
  -1.9594895e-02
  -2.1013962e-02
  -2.1557229e-02
  -2.0909066e-02
  -1.9838625e-02
  -1.2970831e-02
  -1.1640042e-02
  -1.0671774e-02
  -1.0114540e-02
  -9.9287133e-03
  -1.0103335e-02
  -1.0455652e-02
  -1.0778232e-02
  -1.0839180e-02
  -1.0793589e-02
  -1.0391003e-02
  -9.9307983e-03
  -9.4224665e-03
  -8.5980141e-03
  -7.7937893e-03
  -6.8995758e-03
  -5.6829318e-03
  -4.7294710e-03
  -3.9625911e-03
  -3.2774557e-03
  -2.8387477e-03
  -2.6582390e-03
  -2.8025643e-03
  -3.1238877e-03
  -3.4754831e-03
  -4.1593829e-03
  -5.2885028e-03
  -6.7872284e-03
  -8.2111286e-03
  -8.4482404e-03
  -8.3610697e-03
  -9.3624830e-03
   0.0000000e+00
  -9.8597094e-03
  -1.5216484e-02
  -1.7480750e-02
  -1.6032248e-02
   1.0167676e-04
   1.6445627e-03
  -3.3992390e-03
  -6.4485301e-03
   0.0000000e+00
   0.0000000e+00
   0.0000000e+00
   0.0000000e+00
   0.0000000e+00
   0.0000000e+00
   0.0000000e+00
  -5.7115893e-03
   5.8415294e-03
   1.1330813e-02
   1.2955082e-02
   1.3766890e-02
   1.2524024e-02
   9.7305979e-03
   7.5864487e-03
   7.1481567e-03
   6.5564051e-03
   5.6588679e-03
   5.0486160e-03
   4.1210953e-03
   2.1652350e-03
   6.6404187e-06
  -2.3072495e-03
  -4.9725600e-03
  -7.4676257e-03
  -1.0207796e-02
  -1.3063083e-02
  -1.4630165e-02
  -1.5376298e-02
  -1.5033166e-02
  -1.4084416e-02
  -8.8731517e-03
  -7.5628569e-03
  -6.5943145e-03
  -6.0352506e-03
  -5.9148901e-03
  -6.2051260e-03
  -6.6196418e-03
  -6.9529401e-03
  -7.0321258e-03
  -7.0425757e-03
  -6.7414235e-03
  -6.3567865e-03
  -5.9581806e-03
  -5.2870351e-03
  -4.6904529e-03
  -4.0538365e-03
  -3.1394721e-03
  -2.4408433e-03
  -1.8501648e-03
  -1.3272852e-03
  -1.0279260e-03
  -9.0260379e-04
  -9.9993334e-04
  -1.2458291e-03
  -1.4761104e-03
  -1.8042445e-03
  -2.4336716e-03
  -3.2499669e-03
  -4.0158307e-03
  -4.2198518e-03
  -4.2216017e-03
  -4.8616497e-03
  -5.3053138e-03
  -7.1324309e-03
  -1.1525009e-02
  -1.3360188e-02
  -1.3133582e-02
   3.9464135e-04
   2.1520974e-03
  -3.0809628e-03
  -7.2012111e-03
  -8.2545229e-03
  -9.1611115e-03
   0.0000000e+00
   0.0000000e+00
   0.0000000e+00
   0.0000000e+00
   0.0000000e+00
  -1.2702979e-02
  -1.8841916e-03
   3.8868075e-03
   6.6844847e-03
   9.2734004e-03
   8.8791019e-03
   6.2777442e-03
   5.1927669e-03
   8.1858910e-03
   1.0248381e-02
   1.0544483e-02
   1.0352875e-02
   9.5942187e-03
   7.6797472e-03
   5.3983069e-03
   2.8182706e-03
  -2.9337193e-04
  -3.0104357e-03
  -5.7800264e-03
  -8.6563395e-03
  -1.0319470e-02
  -1.1132636e-02
  -1.0907897e-02
  -9.9941132e-03
  -4.5381894e-03
  -3.1942448e-03
  -2.1987268e-03
  -1.5762306e-03
  -1.4500079e-03
  -1.8448964e-03
  -2.3578749e-03
  -2.7410523e-03
  -2.8963675e-03
  -2.9579191e-03
  -2.7033471e-03
  -2.4070162e-03
  -2.1746663e-03
  -1.7149167e-03
  -1.3143302e-03
  -9.4182903e-04
  -3.4492896e-04
   1.2166046e-04
   5.4612216e-04
   9.7042832e-04
   1.1843232e-03
   1.2918612e-03
   1.2446497e-03
   1.0789938e-03
   9.4680955e-04
   8.4291624e-04
   6.0904597e-04
   3.5504892e-04
   2.0787061e-04
   1.6927365e-04
   5.8873005e-05
  -1.1491948e-03
  -3.3148602e-03
  -4.4295370e-03
  -7.7566063e-03
  -9.2034228e-03
  -9.6357579e-03
   5.4744411e-04
   2.1783091e-03
  -1.9747139e-03
  -5.7638977e-03
  -6.8696920e-03
  -9.1611115e-03
   0.0000000e+00
   0.0000000e+00
   0.0000000e+00
   0.0000000e+00
   0.0000000e+00
  -1.5871704e-02
  -7.7651489e-03
  -2.6425871e-03
   1.7192471e-03
   5.7372214e-03
   5.1243344e-03
   2.7526243e-03
   1.1884682e-03
   6.0599673e-03
   1.0832910e-02
   1.3233529e-02
   1.4130053e-02
   1.3938767e-02
   1.2421083e-02
   1.0273612e-02
   7.6413320e-03
   4.2678692e-03
   1.3901462e-03
  -1.3831216e-03
  -4.2202579e-03
  -5.9016771e-03
  -6.7450747e-03
  -6.6041717e-03
  -5.7108643e-03
  -1.4449152e-05
   1.4224050e-03
   2.4775990e-03
   3.2401565e-03
   3.4717078e-03
   3.0082676e-03
   2.3663091e-03
   1.8944559e-03
   1.5995462e-03
   1.4921592e-03
   1.7686510e-03
   1.9714587e-03
   1.9805729e-03
   2.1591305e-03
   2.3676417e-03
   2.4651172e-03
   2.7178657e-03
   2.9742793e-03
   3.2428393e-03
   3.6397873e-03
   3.8409722e-03
   3.9848417e-03
   4.0040693e-03
   3.9212652e-03
   3.8686926e-03
   3.8389603e-03
   3.8689384e-03
   4.0176931e-03
   4.3928782e-03
   4.6548567e-03
   4.4498476e-03
   2.9183723e-03
   8.0992150e-04
  -1.0175530e-03
  -3.9638299e-03
  -5.0904365e-03
  -5.4324418e-03
   0.0000000e+00
   1.2972757e-03
   1.3148153e-04
  -2.5653789e-03
  -1.7541570e-03
   0.0000000e+00
   0.0000000e+00
   0.0000000e+00
   0.0000000e+00
   0.0000000e+00
   0.0000000e+00
  -1.4835308e-02
  -1.1359762e-02
  -7.7836758e-03
  -1.4107638e-03
   3.5347039e-03
   1.7270569e-03
  -2.8504277e-04
  -3.7651013e-03
   9.7632429e-04
   8.0173510e-03
   1.3235274e-02
   1.5939709e-02
   1.6775611e-02
   1.6055620e-02
   1.4354051e-02
   1.1922864e-02
   8.5171416e-03
   5.5666144e-03
   2.8317516e-03
   1.1994565e-04
  -1.4804739e-03
  -2.2923711e-03
  -2.1749232e-03
  -1.2810146e-03
   5.0131817e-03
   6.5692512e-03
   7.7339225e-03
   8.7634129e-03
   9.3351498e-03
   9.0163384e-03
   8.2981976e-03
   7.7519533e-03
   7.2778969e-03
   7.1116643e-03
   7.4989446e-03
   7.6669057e-03
   7.4393830e-03
   7.2020219e-03
   7.0847501e-03
   6.7995431e-03
   6.5220464e-03
   6.4852741e-03
   6.5520762e-03
   6.9316897e-03
   7.2508460e-03
   7.5680322e-03
   7.7944396e-03
   7.7907716e-03
   7.9037138e-03
   7.9033593e-03
   8.0917091e-03
   8.4742876e-03
   8.9963487e-03
   9.5496158e-03
   9.5654531e-03
   7.9244275e-03
   5.6628644e-03
   3.2056494e-03
   2.4297168e-04
  -7.0760653e-04
   3.6032577e-04
   0.0000000e+00
   0.0000000e+00
   5.4641652e-03
   0.0000000e+00
   0.0000000e+00
   0.0000000e+00
   0.0000000e+00
   0.0000000e+00
   0.0000000e+00
   0.0000000e+00
   0.0000000e+00
  -1.3169820e-02
  -1.3254242e-02
  -1.3248529e-02
   0.0000000e+00
   0.0000000e+00
   2.2991306e-03
   1.3048300e-03
  -2.2890728e-03
  -7.2696958e-04
   4.3536573e-03
   1.0439138e-02
   1.5323563e-02
   1.7695478e-02
   1.8108558e-02
   1.7274053e-02
   1.5288684e-02
   1.2114001e-02
   9.2724684e-03
   6.7200051e-03
   4.3622480e-03
   3.0026298e-03
   2.4370626e-03
   2.7421166e-03
   3.6872866e-03
   8.3818321e-03
   9.9672939e-03
   1.1238579e-02
   1.2524073e-02
   1.3421281e-02
   1.3493729e-02
   1.3000574e-02
   1.2386257e-02
   1.1948987e-02
   1.1783765e-02
   1.2172224e-02
   1.2394998e-02
   1.2145906e-02
   1.1634485e-02
   1.1202062e-02
   1.0544464e-02
   9.6375556e-03
   9.2053020e-03
   8.9859401e-03
   9.1831133e-03
   9.6142940e-03
   1.0099301e-02
   1.0749949e-02
   1.0981424e-02
   1.1243459e-02
   1.1492777e-02
   1.1771016e-02
   1.2216381e-02
   1.2767537e-02
   1.3302472e-02
   1.3427643e-02
   1.2098934e-02
   9.9347057e-03
   7.1533635e-03
   4.0659940e-03
   2.8505899e-03
   3.4417309e-03
   2.9241313e-03
   0.0000000e+00
   5.4641652e-03
   0.0000000e+00
   0.0000000e+00
   0.0000000e+00
   0.0000000e+00
   0.0000000e+00
   0.0000000e+00
   0.0000000e+00
  -0.0000000e+00
  -1.0839967e-02
  -1.6169745e-02
  -1.7378029e-02
   0.0000000e+00
   0.0000000e+00
   0.0000000e+00
   1.3048300e-03
  -4.0760289e-03
  -4.4441623e-03
  -1.8213325e-03
   4.7115534e-03
   1.1374256e-02
   1.5708223e-02
   1.7707872e-02
   1.7628756e-02
   1.6102314e-02
   1.3314579e-02
   1.0749996e-02
   8.4034592e-03
   6.5303218e-03
   5.4346614e-03
   5.1781856e-03
   5.8889117e-03
   6.9646113e-03
   9.9334607e-03
   1.1654836e-02
   1.3029530e-02
   1.4327509e-02
   1.5654199e-02
   1.6069838e-02
   1.5952960e-02
   1.5409109e-02
   1.5109800e-02
   1.5066120e-02
   1.5362668e-02
   1.5663104e-02
   1.5438874e-02
   1.4867264e-02
   1.4139283e-02
   1.3204526e-02
   1.1869994e-02
   1.0984474e-02
   1.0382362e-02
   1.0387299e-02
   1.0845451e-02
   1.1448152e-02
   1.2377721e-02
   1.2994229e-02
   1.3624255e-02
   1.4104612e-02
   1.4625602e-02
   1.5150136e-02
   1.5694426e-02
   1.6176267e-02
   1.6322328e-02
   1.5294321e-02
   1.3194522e-02
   1.0453489e-02
   7.0445271e-03
   5.6658773e-03
   5.5666024e-03
   4.4448597e-03
   5.7803092e-03
   0.0000000e+00
   0.0000000e+00
   0.0000000e+00
   0.0000000e+00
   0.0000000e+00
   0.0000000e+00
   0.0000000e+00
   0.0000000e+00
  -0.0000000e+00
  -1.2390830e-02
  -1.9055501e-02
  -2.0592094e-02
  -1.9924714e-02
   0.0000000e+00
   0.0000000e+00
   0.0000000e+00
  -0.0000000e+00
  -3.3302452e-03
  -2.2784640e-03
   2.6769536e-03
   9.1153540e-03
   1.3889195e-02
   1.6493263e-02
   1.6633226e-02
   1.5353877e-02
   1.2701575e-02
   1.0427942e-02
   8.2795583e-03
   6.7452945e-03
   6.0102037e-03
   6.1279000e-03
   7.1629619e-03
   8.3668466e-03
   9.8378358e-03
   1.1728183e-02
   1.3274504e-02
   1.4543420e-02
   1.6152572e-02
   1.6913775e-02
   1.7218910e-02
   1.6935405e-02
   1.6907176e-02
   1.7064228e-02
   1.7386786e-02
   1.7649087e-02
   1.7507961e-02
   1.6848579e-02
   1.5920937e-02
   1.4788236e-02
   1.3189302e-02
   1.1912593e-02
   1.0876688e-02
   1.0709493e-02
   1.1094403e-02
   1.1803473e-02
   1.2854492e-02
   1.3934995e-02
   1.4946497e-02
   1.5935711e-02
   1.6671299e-02
   1.7410574e-02
   1.7882327e-02
   1.8378307e-02
   1.8536422e-02
   1.7787416e-02
   1.5856901e-02
   1.3212921e-02
   9.5792935e-03
   7.8701499e-03
   7.1216299e-03
   8.0371364e-03
   5.7803092e-03
   0.0000000e+00
   0.0000000e+00
   0.0000000e+00
   0.0000000e+00
   0.0000000e+00
   0.0000000e+00
   0.0000000e+00
   0.0000000e+00
  -0.0000000e+00
  -1.4990796e-02
  -2.1240350e-02
  -2.2677566e-02
  -1.9258622e-02
   0.0000000e+00
   0.0000000e+00
   0.0000000e+00
  -0.0000000e+00
  -3.7267992e-03
  -1.0988441e-03
   2.3740230e-03
   7.7125794e-03
   1.2076825e-02
   1.4485420e-02
   1.4599861e-02
   1.3334281e-02
   1.0967442e-02
   8.8492742e-03
   7.0663635e-03
   5.5951278e-03
   5.2192671e-03
   5.5414208e-03
   6.9083069e-03
   8.1343017e-03
   7.9693392e-03
   1.0038079e-02
   1.1714423e-02
   1.3048047e-02
   1.4722384e-02
   1.5735812e-02
   1.6420838e-02
   1.6636177e-02
   1.6971268e-02
   1.7383834e-02
   1.7877733e-02
   1.8100603e-02
   1.8033912e-02
   1.7278197e-02
   1.6285161e-02
   1.5010882e-02
   1.3332652e-02
   1.1833655e-02
   1.0550715e-02
   1.0092424e-02
   1.0331276e-02
   1.0989988e-02
   1.2207665e-02
   1.3593602e-02
   1.5026484e-02
   1.6591933e-02
   1.7688986e-02
   1.8625342e-02
   1.9144867e-02
   1.9641586e-02
   1.9865423e-02
   1.9308410e-02
   1.7781078e-02
   1.5288766e-02
   1.1492224e-02
   9.2806075e-03
   7.9897164e-03
   1.1757663e-02
   0.0000000e+00
   0.0000000e+00
   0.0000000e+00
   0.0000000e+00
   0.0000000e+00
   0.0000000e+00
   0.0000000e+00
   0.0000000e+00
   0.0000000e+00
  -0.0000000e+00
  -1.7501505e-02
  -2.3301029e-02
  -2.5334594e-02
  -2.2309262e-02
  -1.8254038e-02
  -1.2593545e-02
  -1.0947089e-02
  -9.7422658e-03
  -4.9613472e-03
  -2.1345471e-04
   2.8379845e-03
   6.8163327e-03
   1.0308217e-02
   1.2097414e-02
   1.2072202e-02
   1.0771339e-02
   8.5582414e-03
   6.5346580e-03
   4.9996611e-03
   3.5360090e-03
   3.2340517e-03
   3.5845041e-03
   4.9999272e-03
   6.2444446e-03
   4.4779363e-03
   6.7247308e-03
   8.3939095e-03
   9.8911380e-03
   1.1543775e-02
   1.2668550e-02
   1.3605892e-02
   1.4430135e-02
   1.5173609e-02
   1.5873615e-02
   1.6600579e-02
   1.6885906e-02
   1.6844811e-02
   1.6111432e-02
   1.5191200e-02
   1.3902623e-02
   1.2268390e-02
   1.0795078e-02
   9.5487963e-03
   8.7404670e-03
   8.7758445e-03
   9.3154168e-03
   1.0691952e-02
   1.2144205e-02
   1.3928259e-02
   1.5980743e-02
   1.7546236e-02
   1.8628140e-02
   1.9306211e-02
   1.9796881e-02
   2.0031398e-02
   1.9711104e-02
   1.8638040e-02
   1.6570904e-02
   1.2615680e-02
   9.9873516e-03
   7.9198760e-03
   9.3675697e-03
   1.2546894e-02
   0.0000000e+00
   0.0000000e+00
   0.0000000e+00
   0.0000000e+00
   0.0000000e+00
   0.0000000e+00
   0.0000000e+00
  -0.0000000e+00
  -1.9460220e-02
  -1.9122800e-02
  -2.5513928e-02
  -2.7210595e-02
  -2.5885351e-02
  -1.8935398e-02
  -1.3389391e-02
  -1.0927418e-02
  -8.8778937e-03
  -3.8811881e-03
   6.2676576e-04
   3.5013314e-03
   6.2931405e-03
   8.7145362e-03
   9.8072231e-03
   9.4579901e-03
   8.0443336e-03
   5.6374103e-03
   3.6265647e-03
   2.1656159e-03
   7.2720815e-04
   2.0233916e-04
   4.4365121e-04
   1.5481806e-03
   2.8240439e-03
  -5.7745159e-05
   2.3456789e-03
   3.8850876e-03
   5.4762038e-03
   7.1359786e-03
   8.3062559e-03
   9.4477128e-03
   1.0596883e-02
   1.1774505e-02
   1.2720497e-02
   1.3772293e-02
   1.4188635e-02
   1.4122103e-02
   1.3563525e-02
   1.2759676e-02
   1.1720088e-02
   1.0193324e-02
   9.0069715e-03
   7.8740789e-03
   6.9400870e-03
   6.8321127e-03
   7.4334111e-03
   8.7064740e-03
   1.0063520e-02
   1.1989278e-02
   1.4379791e-02
   1.6301884e-02
   1.7422233e-02
   1.8337098e-02
   1.8802981e-02
   1.8933826e-02
   1.8992418e-02
   1.8187051e-02
   1.6942978e-02
   1.2751683e-02
   1.0074088e-02
   6.7550872e-03
   5.4070451e-03
   1.1425428e-02
   0.0000000e+00
   0.0000000e+00
   0.0000000e+00
   0.0000000e+00
   0.0000000e+00
   0.0000000e+00
   0.0000000e+00
  -0.0000000e+00
  -1.7991999e-02
  -2.0229191e-02
  -2.7542050e-02
  -2.8148618e-02
  -2.5961775e-02
  -2.0069201e-02
  -1.4532996e-02
  -1.0454563e-02
  -6.0197156e-03
  -2.0188173e-03
   1.1715500e-03
   3.2444427e-03
   5.2583360e-03
   6.6769622e-03
   7.2452914e-03
   6.4966218e-03
   4.8098255e-03
   2.2858708e-03
   7.5269112e-05
  -1.1959695e-03
  -2.7376086e-03
  -3.4759071e-03
  -3.4692596e-03
  -2.7477876e-03
  -1.5352375e-03
  -4.3853352e-03
  -2.1556607e-03
  -6.9890626e-04
   8.3224536e-04
   2.3706470e-03
   3.5958609e-03
   4.9133837e-03
   6.0966394e-03
   7.5337447e-03
   8.6950280e-03
   1.0041726e-02
   1.0567153e-02
   1.0469052e-02
   1.0191588e-02
   9.4762729e-03
   8.7691824e-03
   7.5556287e-03
   6.7055740e-03
   5.8507284e-03
   4.8407584e-03
   4.8897945e-03
   5.5019353e-03
   6.6229691e-03
   7.9002938e-03
   9.5964270e-03
   1.2231303e-02
   1.4070143e-02
   1.5197665e-02
   1.6346185e-02
   1.6580918e-02
   1.6881744e-02
   1.6758376e-02
   1.6655281e-02
   1.5970414e-02
   1.1838417e-02
   9.4234871e-03
   4.6761681e-03
   3.7232422e-03
   1.0939345e-02
   0.0000000e+00
   0.0000000e+00
   0.0000000e+00
   0.0000000e+00
   0.0000000e+00
   0.0000000e+00
  -1.5014973e-02
  -9.7709653e-03
  -1.4834334e-02
  -2.2254547e-02
  -2.9058910e-02
  -2.9464783e-02
  -2.6696533e-02
  -2.1164643e-02
  -1.5392803e-02
  -1.0432548e-02
  -5.7004550e-03
  -2.3503305e-03
   1.1558371e-04
   2.0840534e-03
   3.4406122e-03
   4.2791732e-03
   4.5835846e-03
   3.6194746e-03
   1.9724832e-03
  -5.8660561e-04
  -2.7224591e-03
  -4.0243937e-03
  -5.5847460e-03
  -6.4996315e-03
  -6.9152458e-03
  -6.4771782e-03
  -5.5741741e-03
  -7.6585486e-03
  -6.0089231e-03
  -4.4788800e-03
  -3.2533989e-03
  -1.8330174e-03
  -6.6576858e-04
   5.7486243e-04
   2.1580322e-03
   3.5457364e-03
   4.9085791e-03
   6.2888718e-03
   6.6302037e-03
   6.7805227e-03
   6.7384792e-03
   6.2985016e-03
   5.9658605e-03
   5.2260285e-03
   4.6216119e-03
   3.9319160e-03
   3.0536995e-03
   3.1699141e-03
   3.6779576e-03
   4.7877077e-03
   6.0439619e-03
   7.5172900e-03
   9.9419682e-03
   1.1419785e-02
   1.2598738e-02
   1.3447678e-02
   1.3589094e-02
   1.3603021e-02
   1.2957266e-02
   1.3553213e-02
   1.3069672e-02
   9.9114040e-03
   7.2897190e-03
   2.0847788e-03
   1.1557933e-03
   7.2345956e-03
   0.0000000e+00
   0.0000000e+00
   0.0000000e+00
   0.0000000e+00
   0.0000000e+00
  -2.3561967e-03
  -6.5969125e-03
  -9.1044655e-03
  -1.6562354e-02
  -2.4526549e-02
  -2.9488844e-02
  -2.9843154e-02
  -2.7354411e-02
  -2.2429645e-02
  -1.7156398e-02
  -1.1873393e-02
  -6.7464505e-03
  -3.2600502e-03
  -7.5755981e-04
   1.3239476e-03
   2.2809951e-03
   2.8647383e-03
   2.7942258e-03
   1.7397948e-03
   2.5821899e-04
  -2.1359312e-03
  -4.0567737e-03
  -5.4517402e-03
  -7.0418605e-03
  -8.1109499e-03
  -8.7969553e-03
  -8.8633677e-03
  -8.4055163e-03
  -1.0239278e-02
  -9.1274813e-03
  -7.9961120e-03
  -7.0276672e-03
  -5.5501837e-03
  -4.5938913e-03
  -3.4157527e-03
  -1.4178574e-03
   1.6007727e-05
   1.3782994e-03
   2.6825663e-03
   3.0968385e-03
   3.6169340e-03
   3.7987654e-03
   3.6568500e-03
   3.8312435e-03
   3.7616464e-03
   3.2969740e-03
   2.6530194e-03
   2.1347901e-03
   2.2061948e-03
   2.5997402e-03
   3.5342265e-03
   4.8292837e-03
   6.2719936e-03
   8.1011490e-03
   9.3860043e-03
   1.0281459e-02
   1.1049867e-02
   1.1060187e-02
   1.0253826e-02
   9.1265269e-03
   8.9580284e-03
   8.7209980e-03
   7.3781648e-03
   4.4540909e-03
   5.3910461e-04
  -2.6355871e-03
  -7.9871117e-04
   1.7197987e-03
   1.0770371e-02
   0.0000000e+00
   0.0000000e+00
  -4.8797083e-03
   3.8949350e-04
  -2.3329555e-03
  -1.0603857e-02
  -1.8212088e-02
  -2.4705614e-02
  -2.8222664e-02
  -2.8433676e-02
  -2.6542263e-02
  -2.1918447e-02
  -1.7350821e-02
  -1.2568989e-02
  -7.3615244e-03
  -4.1280828e-03
  -1.6520171e-03
   5.4994025e-05
   8.5833325e-04
   1.4865531e-03
   1.0685472e-03
  -6.8590290e-05
  -1.4824909e-03
  -3.6954491e-03
  -5.3552729e-03
  -6.8189006e-03
  -8.4082190e-03
  -9.3529271e-03
  -1.0169563e-02
  -1.0568358e-02
  -1.0410774e-02
  -1.1757781e-02
  -1.1240758e-02
  -1.0593753e-02
  -9.8143210e-03
  -8.7073634e-03
  -7.6924528e-03
  -6.5445756e-03
  -4.9109782e-03
  -3.3168037e-03
  -1.7885869e-03
  -4.4406662e-04
   3.3690211e-04
   1.0427292e-03
   1.6447884e-03
   1.9349674e-03
   2.2344322e-03
   2.6885957e-03
   2.7903929e-03
   2.5746086e-03
   2.6328056e-03
   2.7757265e-03
   2.9005776e-03
   3.6610332e-03
   4.8238614e-03
   6.2546003e-03
   7.6987680e-03
   8.5173150e-03
   9.4301246e-03
   1.0449537e-02
   1.0641383e-02
   1.0118160e-02
   8.7800332e-03
   8.1668250e-03
   8.1330087e-03
   7.7596014e-03
   5.6314140e-03
   2.4731171e-03
  -1.2312726e-03
  -3.1738010e-03
  -6.8764383e-04
   7.2716922e-03
   1.1908091e-02
   8.3409835e-03
   4.5879361e-03
   1.8137171e-03
  -3.1284699e-03
  -1.0697298e-02
  -1.6589370e-02
  -2.1115072e-02
  -2.3861821e-02
  -2.4049325e-02
  -2.2719327e-02
  -1.9404216e-02
  -1.5833549e-02
  -1.2262836e-02
  -8.2901368e-03
  -5.4320243e-03
  -3.2421425e-03
  -1.6540646e-03
  -8.1219594e-04
  -4.0420874e-04
  -7.9444975e-04
  -1.7767878e-03
  -3.0850321e-03
  -4.8100551e-03
  -6.2372264e-03
  -7.6720283e-03
  -9.1471577e-03
  -1.0168853e-02
  -1.1042502e-02
  -1.1594214e-02
  -1.1769350e-02
  -1.0637777e-02
  -1.0406088e-02
  -9.9694088e-03
  -9.4902022e-03
  -8.8374005e-03
  -8.0809449e-03
  -7.1313684e-03
  -5.7234531e-03
  -4.4128735e-03
  -3.0671596e-03
  -1.6416131e-03
  -6.3364434e-04
   2.7967376e-04
   1.1978171e-03
   1.8971085e-03
   2.4032581e-03
   2.9159087e-03
   3.3563263e-03
   3.8232575e-03
   4.2865041e-03
   4.5351061e-03
   4.7599695e-03
   5.4293015e-03
   6.4393929e-03
   7.6558815e-03
   8.7230932e-03
   9.3161389e-03
   9.9550027e-03
   1.0828924e-02
   1.1373723e-02
   1.1409624e-02
   1.0838104e-02
   1.0568268e-02
   1.0565596e-02
   9.7120280e-03
   7.4782810e-03
   4.8233882e-03
   2.2448957e-03
   1.0381927e-03
   1.1189557e-03
   2.9132687e-03
   4.8982842e-03
   5.7597247e-03
   4.1825569e-03
   1.0340488e-03
  -3.1309348e-03
  -8.5598017e-03
  -1.2679833e-02
  -1.5863113e-02
  -1.8025488e-02
  -1.8466765e-02
  -1.7809462e-02
  -1.5839441e-02
  -1.3573517e-02
  -1.1033767e-02
  -8.0944394e-03
  -6.0241994e-03
  -4.2521932e-03
  -2.7965284e-03
  -2.0970398e-03
  -1.7364769e-03
  -1.8436479e-03
  -2.5144627e-03
  -3.4607304e-03
  -4.6504591e-03
  -5.7667471e-03
  -6.9404344e-03
  -8.1570980e-03
  -8.9885686e-03
  -9.6977452e-03
  -1.0309128e-02
  -1.0582854e-02
  -6.9338421e-03
  -6.7019902e-03
  -6.3659446e-03
  -6.0065114e-03
  -5.5153013e-03
  -5.0319783e-03
  -4.3924366e-03
  -3.3139819e-03
  -2.2853010e-03
  -1.2535271e-03
  -1.1289137e-04
   7.3919543e-04
   1.5583342e-03
   2.5262507e-03
   3.3458757e-03
   4.1219760e-03
   4.9307816e-03
   5.4933242e-03
   5.9344346e-03
   6.3983398e-03
   6.8097774e-03
   7.2540167e-03
   7.8760794e-03
   8.5056335e-03
   9.1427007e-03
   9.5954813e-03
   9.7873347e-03
   9.9978628e-03
   1.0356813e-02
   1.0612938e-02
   1.0663221e-02
   1.0518056e-02
   1.0350948e-02
   1.0071439e-02
   9.1284751e-03
   7.6892204e-03
   6.1386637e-03
   4.7832968e-03
   4.1639121e-03
   4.0527507e-03
   4.1412578e-03
   3.9201470e-03
   3.0731181e-03
   1.2111349e-03
  -8.5617338e-04
  -3.1650989e-03
  -5.9465799e-03
  -7.9946462e-03
  -9.5420073e-03
  -1.0628752e-02
  -1.0917007e-02
  -1.0748102e-02
  -1.0077207e-02
  -9.1711076e-03
  -7.9477981e-03
  -6.3130227e-03
  -5.0750083e-03
  -3.9991213e-03
  -2.9540800e-03
  -2.3286257e-03
  -1.9528544e-03
  -1.8679359e-03
  -2.1140118e-03
  -2.5555493e-03
  -3.2357178e-03
  -3.8712599e-03
  -4.4934108e-03
  -5.1713013e-03
  -5.6868355e-03
  -6.1614109e-03
  -6.6383915e-03
  -6.8968656e-03
  -2.4216639e-03
  -2.2754140e-03
  -2.0728954e-03
  -1.8094463e-03
  -1.4034097e-03
  -9.8463651e-04
  -5.0710599e-04
   1.0184727e-04
   6.2482510e-04
   1.1543914e-03
   1.8011874e-03
   2.3524076e-03
   2.9197106e-03
   3.6072086e-03
   4.1682283e-03
   4.7068467e-03
   5.3031583e-03
   5.7414851e-03
   6.1034208e-03
   6.4883448e-03
   6.7773241e-03
   7.0141406e-03
   7.2119709e-03
   7.3004168e-03
   7.3383887e-03
   7.3325654e-03
   7.2948431e-03
   7.2616575e-03
   7.2420324e-03
   7.1963418e-03
   7.0888260e-03
   6.8792603e-03
   6.6172762e-03
   6.2413014e-03
   5.6252455e-03
   5.0324679e-03
   4.4335391e-03
   3.7047863e-03
   3.1148052e-03
   2.5651351e-03
   1.9170083e-03
   1.3270566e-03
   6.6538893e-04
  -2.4302309e-04
  -1.0495919e-03
  -1.8186175e-03
  -2.6433643e-03
  -3.2412871e-03
  -3.7361036e-03
  -4.1504120e-03
  -4.3405443e-03
  -4.4168228e-03
  -4.3891300e-03
  -4.2767015e-03
  -4.0817986e-03
  -3.7524354e-03
  -3.4286186e-03
  -3.0983868e-03
  -2.7279872e-03
  -2.4571337e-03
  -2.2227846e-03
  -2.0192102e-03
  -1.9384455e-03
  -1.9216953e-03
  -1.9689911e-03
  -2.0471547e-03
  -2.1402633e-03
  -2.2586764e-03
  -2.3393202e-03
  -2.3997153e-03
  -2.4541215e-03
  -2.4643171e-03
