   6.5187219e-03
   7.6755884e-03
   1.1007913e-02
   1.3353868e-02
   1.3862190e-02
   1.2896638e-02
   1.1851852e-02
   1.1965069e-02
   1.3518647e-02
   1.6443491e-02
   1.7355514e-02
   1.7456942e-02
   1.5534793e-02
   1.3722151e-02
   1.2314585e-02
   1.0835991e-02
   9.8637403e-03
   9.3693120e-03
   8.3181493e-03
   5.2623330e-03
   1.4013186e-03
  -2.5696093e-03
  -6.3700514e-03
  -7.4626663e-03
   0.0000000e+00
   0.0000000e+00
   0.0000000e+00
   0.0000000e+00
   0.0000000e+00
   0.0000000e+00
   0.0000000e+00
   0.0000000e+00
   0.0000000e+00
   0.0000000e+00
   0.0000000e+00
   0.0000000e+00
   0.0000000e+00
   0.0000000e+00
   0.0000000e+00
   0.0000000e+00
   0.0000000e+00
   0.0000000e+00
   0.0000000e+00
   0.0000000e+00
   0.0000000e+00
   0.0000000e+00
   0.0000000e+00
   0.0000000e+00
   0.0000000e+00
   0.0000000e+00
   0.0000000e+00
   0.0000000e+00
   0.0000000e+00
   0.0000000e+00
   0.0000000e+00
   0.0000000e+00
   0.0000000e+00
   0.0000000e+00
   0.0000000e+00
   0.0000000e+00
   0.0000000e+00
   0.0000000e+00
   0.0000000e+00
   1.4165111e-02
   1.0247130e-02
   7.8118234e-03
   7.0907327e-03
   8.2610454e-03
   8.7008642e-03
   7.8979268e-03
   6.5835218e-03
   6.6306308e-03
   0.0000000e+00
   0.0000000e+00
   0.0000000e+00
   0.0000000e+00
   0.0000000e+00
   0.0000000e+00
   0.0000000e+00
   0.0000000e+00
   0.0000000e+00
   0.0000000e+00
   0.0000000e+00
   0.0000000e+00
   0.0000000e+00
   0.0000000e+00
   0.0000000e+00
   1.5360326e-02
   1.1798101e-02
   9.7948491e-03
   8.2667227e-03
   6.4873919e-03
   2.7995007e-03
  -2.1660347e-03
   0.0000000e+00
   0.0000000e+00
   0.0000000e+00
   0.0000000e+00
   0.0000000e+00
   0.0000000e+00
   0.0000000e+00
   0.0000000e+00
   0.0000000e+00
   0.0000000e+00
   0.0000000e+00
   0.0000000e+00
   0.0000000e+00
   0.0000000e+00
   0.0000000e+00
   0.0000000e+00
   0.0000000e+00
   0.0000000e+00
   0.0000000e+00
   0.0000000e+00
   0.0000000e+00
   0.0000000e+00
   0.0000000e+00
   0.0000000e+00
   0.0000000e+00
   0.0000000e+00
   0.0000000e+00
   0.0000000e+00
   0.0000000e+00
   0.0000000e+00
   0.0000000e+00
   0.0000000e+00
   0.0000000e+00
   0.0000000e+00
   0.0000000e+00
   0.0000000e+00
   0.0000000e+00
   0.0000000e+00
   0.0000000e+00
   0.0000000e+00
   0.0000000e+00
   1.3643613e-02
   1.0890619e-02
   9.4441897e-03
   8.9283294e-03
   9.8004726e-03
   6.7632438e-03
   2.5366506e-03
   3.4522228e-03
   0.0000000e+00
  -0.0000000e+00
   0.0000000e+00
   0.0000000e+00
   0.0000000e+00
   0.0000000e+00
   0.0000000e+00
   0.0000000e+00
   0.0000000e+00
   0.0000000e+00
   0.0000000e+00
   0.0000000e+00
   0.0000000e+00
   0.0000000e+00
   0.0000000e+00
   2.9191220e-02
   2.0861027e-02
   0.0000000e+00
   0.0000000e+00
   0.0000000e+00
   9.1344659e-03
   8.8421263e-03
   5.7080998e-03
   4.0798358e-03
  -1.3013401e-03
  -5.4470027e-03
   0.0000000e+00
   0.0000000e+00
   0.0000000e+00
   0.0000000e+00
   0.0000000e+00
   0.0000000e+00
   0.0000000e+00
   0.0000000e+00
   0.0000000e+00
   0.0000000e+00
   0.0000000e+00
   0.0000000e+00
   0.0000000e+00
   0.0000000e+00
   0.0000000e+00
   0.0000000e+00
   0.0000000e+00
   0.0000000e+00
   0.0000000e+00
   0.0000000e+00
   0.0000000e+00
   0.0000000e+00
   0.0000000e+00
   0.0000000e+00
   0.0000000e+00
   0.0000000e+00
   0.0000000e+00
   0.0000000e+00
   0.0000000e+00
   0.0000000e+00
   0.0000000e+00
   0.0000000e+00
   0.0000000e+00
   0.0000000e+00
   0.0000000e+00
   0.0000000e+00
   0.0000000e+00
   0.0000000e+00
   0.0000000e+00
   1.7436489e-02
   1.4717996e-02
   9.0187979e-03
   0.0000000e+00
   0.0000000e+00
   0.0000000e+00
   0.0000000e+00
  -0.0000000e+00
   6.8866335e-04
   0.0000000e+00
   0.0000000e+00
   0.0000000e+00
   0.0000000e+00
   0.0000000e+00
   0.0000000e+00
   2.8312458e-02
   2.3127200e-02
   1.8810595e-02
   1.6236744e-02
   1.7764091e-02
   1.9524789e-02
   2.2497919e-02
   2.1316527e-02
   1.7115007e-02
   1.5131143e-03
  -7.8993680e-03
   0.0000000e+00
   0.0000000e+00
   0.0000000e+00
   0.0000000e+00
   3.2172686e-03
  -1.3196582e-03
  -5.8849746e-03
  -9.7628577e-03
  -1.0630803e-02
  -9.4687981e-03
  -8.5193209e-03
  -8.1116478e-03
  -6.4588645e-03
  -3.7548553e-03
  -1.6005459e-03
   1.9605034e-03
  -3.2364017e-03
   0.0000000e+00
   0.0000000e+00
   0.0000000e+00
   0.0000000e+00
   0.0000000e+00
   0.0000000e+00
   0.0000000e+00
   0.0000000e+00
   0.0000000e+00
   0.0000000e+00
   0.0000000e+00
   0.0000000e+00
   0.0000000e+00
   0.0000000e+00
   0.0000000e+00
   0.0000000e+00
   0.0000000e+00
   0.0000000e+00
   0.0000000e+00
   0.0000000e+00
   0.0000000e+00
   0.0000000e+00
   0.0000000e+00
   0.0000000e+00
   0.0000000e+00
   0.0000000e+00
   0.0000000e+00
   0.0000000e+00
   1.5805198e-02
   1.4287346e-02
   1.4412145e-02
   1.4055768e-02
   1.2598931e-02
   8.1940069e-03
   9.4903841e-03
   1.6511374e-02
   1.1092553e-02
   7.7542785e-03
   3.1022208e-03
   1.3076463e-03
   1.8967124e-03
   2.0057927e-03
   3.9479470e-03
   7.4760621e-03
   1.1806346e-02
   1.2553852e-02
   1.2209239e-02
   1.0792629e-02
   1.0289934e-02
   1.0477016e-02
   8.9499509e-03
   8.2892888e-03
   7.2781184e-03
   1.7674490e-03
  -1.7292409e-03
  -1.2504442e-02
  -4.1321209e-02
   0.0000000e+00
   0.0000000e+00
  -8.8483342e-05
  -4.4829654e-03
  -9.4858031e-03
  -1.7105017e-02
  -1.8200528e-02
  -1.4868294e-02
  -1.1854196e-02
  -1.1141665e-02
  -9.3934370e-03
  -8.2840912e-03
  -6.0239471e-03
  -6.2148006e-04
  -3.2364017e-03
   0.0000000e+00
   0.0000000e+00
   0.0000000e+00
   0.0000000e+00
   0.0000000e+00
   0.0000000e+00
   0.0000000e+00
   0.0000000e+00
   0.0000000e+00
   0.0000000e+00
   0.0000000e+00
   0.0000000e+00
   0.0000000e+00
   0.0000000e+00
   0.0000000e+00
   0.0000000e+00
   0.0000000e+00
   0.0000000e+00
   0.0000000e+00
   0.0000000e+00
   0.0000000e+00
   0.0000000e+00
   0.0000000e+00
   0.0000000e+00
   0.0000000e+00
   0.0000000e+00
   0.0000000e+00
   0.0000000e+00
   9.2813884e-03
   1.0978428e-02
   1.3237528e-02
   1.4054756e-02
   1.3125035e-02
   1.0829784e-02
   8.9482732e-03
   8.7951457e-03
   9.4761619e-03
   3.7229353e-03
   1.5887469e-03
   5.6034006e-04
  -1.7115988e-05
  -2.0726306e-04
   1.3310526e-03
   2.6006495e-03
   4.9885800e-03
   6.2343429e-03
   6.1046483e-03
   6.1897312e-03
   3.8216740e-03
   3.2815020e-03
   2.6516666e-03
   3.0349790e-04
   1.0750417e-03
  -3.1886652e-03
  -4.3676218e-03
  -6.4508797e-03
  -3.5468053e-02
   0.0000000e+00
   0.0000000e+00
  -5.4575984e-04
  -9.0447252e-03
  -1.2269086e-02
   0.0000000e+00
   0.0000000e+00
   0.0000000e+00
   0.0000000e+00
   0.0000000e+00
   0.0000000e+00
   0.0000000e+00
   0.0000000e+00
   0.0000000e+00
   0.0000000e+00
   0.0000000e+00
   0.0000000e+00
   0.0000000e+00
   0.0000000e+00
   0.0000000e+00
   0.0000000e+00
   0.0000000e+00
   0.0000000e+00
   0.0000000e+00
   0.0000000e+00
   0.0000000e+00
   0.0000000e+00
   0.0000000e+00
   0.0000000e+00
   0.0000000e+00
   0.0000000e+00
   0.0000000e+00
   0.0000000e+00
   0.0000000e+00
   0.0000000e+00
   0.0000000e+00
   0.0000000e+00
   0.0000000e+00
   0.0000000e+00
   0.0000000e+00
   0.0000000e+00
   0.0000000e+00
   0.0000000e+00
   0.0000000e+00
   1.2252371e-02
   1.4275123e-02
   1.1029405e-02
   1.0879274e-02
   1.1087122e-02
   1.0796286e-02
   6.7881594e-03
   4.5634176e-03
  -1.1200428e-03
  -1.6886619e-03
  -2.0152199e-03
  -2.2352380e-03
  -2.3306073e-03
  -1.0118922e-03
   2.4440187e-05
   1.4810905e-03
   2.2321484e-03
   2.0901588e-03
   1.4343183e-03
  -1.6189711e-04
  -1.4980127e-03
  -2.1828494e-03
  -3.8250465e-03
  -4.8365275e-03
  -6.2842602e-03
  -8.4239957e-03
  -6.8137205e-03
  -1.6229136e-02
   0.0000000e+00
   0.0000000e+00
  -4.2401818e-03
  -1.1391515e-02
  -1.5740837e-02
   0.0000000e+00
   0.0000000e+00
   0.0000000e+00
   0.0000000e+00
   0.0000000e+00
   0.0000000e+00
   0.0000000e+00
   0.0000000e+00
   0.0000000e+00
   0.0000000e+00
   0.0000000e+00
   0.0000000e+00
   0.0000000e+00
   0.0000000e+00
   0.0000000e+00
   0.0000000e+00
   0.0000000e+00
   0.0000000e+00
   0.0000000e+00
   0.0000000e+00
  -9.2197779e-03
  -2.6927603e-02
   0.0000000e+00
   0.0000000e+00
   0.0000000e+00
   0.0000000e+00
   0.0000000e+00
   0.0000000e+00
   0.0000000e+00
   0.0000000e+00
   0.0000000e+00
   0.0000000e+00
   0.0000000e+00
   0.0000000e+00
   0.0000000e+00
   0.0000000e+00
   0.0000000e+00
   0.0000000e+00
   0.0000000e+00
   0.0000000e+00
   1.4312605e-02
   1.0150712e-02
   0.0000000e+00
   1.0244019e-02
   1.0403015e-02
   4.9818897e-03
   1.0083074e-03
  -5.4921974e-03
  -5.3420052e-03
  -5.4068676e-03
  -5.0593550e-03
  -4.7160464e-03
  -3.1604340e-03
  -2.3756910e-03
  -1.0814413e-03
  -9.4061751e-04
  -1.0509181e-03
  -2.3099581e-03
  -3.7176865e-03
  -4.8677410e-03
  -6.5934992e-03
  -7.1935080e-03
  -9.0357670e-03
  -9.0045987e-03
  -1.0606941e-02
  -8.8152904e-03
  -7.4276086e-03
  -9.6911645e-03
   0.0000000e+00
  -9.3010969e-03
  -1.2236048e-02
   0.0000000e+00
   0.0000000e+00
   0.0000000e+00
   0.0000000e+00
   0.0000000e+00
   0.0000000e+00
   0.0000000e+00
   0.0000000e+00
   0.0000000e+00
   0.0000000e+00
   0.0000000e+00
   0.0000000e+00
   0.0000000e+00
   0.0000000e+00
   0.0000000e+00
   0.0000000e+00
   0.0000000e+00
   0.0000000e+00
   0.0000000e+00
  -0.0000000e+00
  -2.8685011e-03
  -1.0580600e-02
  -2.6927603e-02
   0.0000000e+00
   0.0000000e+00
   0.0000000e+00
   0.0000000e+00
   0.0000000e+00
   0.0000000e+00
   0.0000000e+00
   0.0000000e+00
   0.0000000e+00
   0.0000000e+00
   0.0000000e+00
   0.0000000e+00
   0.0000000e+00
   0.0000000e+00
   0.0000000e+00
   0.0000000e+00
   0.0000000e+00
   0.0000000e+00
   1.1736936e-02
   1.2855198e-02
   0.0000000e+00
   9.0542122e-03
   6.7481896e-03
   1.1615952e-03
  -3.3142495e-03
  -9.4106141e-03
  -9.3089033e-03
  -8.7279317e-03
  -8.0798301e-03
  -6.7487425e-03
  -5.2505291e-03
  -4.3007471e-03
  -3.5207292e-03
  -3.2994260e-03
  -3.8926370e-03
  -4.9489034e-03
  -6.4870199e-03
  -7.5782066e-03
  -9.5127876e-03
  -1.0016451e-02
  -1.1167323e-02
  -1.1137514e-02
  -1.1511854e-02
  -1.0382210e-02
  -8.6751207e-03
  -8.1953489e-03
  -1.0347848e-02
  -1.0488350e-02
  -1.0229101e-02
   0.0000000e+00
   0.0000000e+00
   0.0000000e+00
   0.0000000e+00
   0.0000000e+00
   0.0000000e+00
   0.0000000e+00
   0.0000000e+00
   0.0000000e+00
   0.0000000e+00
   0.0000000e+00
   0.0000000e+00
   0.0000000e+00
   0.0000000e+00
   0.0000000e+00
   0.0000000e+00
   0.0000000e+00
  -0.0000000e+00
   9.9127371e-04
  -2.0441709e-03
  -5.2126863e-03
  -1.0757315e-02
   0.0000000e+00
   0.0000000e+00
   0.0000000e+00
   0.0000000e+00
   0.0000000e+00
   0.0000000e+00
   0.0000000e+00
   0.0000000e+00
   0.0000000e+00
   0.0000000e+00
   0.0000000e+00
   0.0000000e+00
   0.0000000e+00
   0.0000000e+00
   0.0000000e+00
   0.0000000e+00
   0.0000000e+00
   0.0000000e+00
   4.4751872e-03
   9.4738833e-03
   1.2075422e-02
   1.0543959e-02
   8.7354698e-03
   3.4821151e-03
  -3.0877102e-03
  -7.7247384e-03
  -1.3055990e-02
  -1.2625647e-02
  -1.1445909e-02
  -1.0420220e-02
  -8.2935810e-03
  -6.8771387e-03
  -5.6544363e-03
  -5.1557717e-03
  -4.9888809e-03
  -5.7657329e-03
  -6.7170942e-03
  -8.0752841e-03
  -9.3512083e-03
  -1.0872174e-02
  -1.1405263e-02
  -1.1889803e-02
  -1.1885554e-02
  -1.1632821e-02
  -1.0774236e-02
  -9.2990150e-03
  -7.9121387e-03
  -9.1615797e-03
  -7.5819998e-03
  -5.3046753e-03
   0.0000000e+00
   0.0000000e+00
   0.0000000e+00
   0.0000000e+00
   0.0000000e+00
   0.0000000e+00
   0.0000000e+00
   0.0000000e+00
   0.0000000e+00
   0.0000000e+00
   0.0000000e+00
   0.0000000e+00
   0.0000000e+00
   0.0000000e+00
   0.0000000e+00
   0.0000000e+00
  -0.0000000e+00
  -1.0924505e-03
  -1.4207595e-03
  -4.9618189e-03
  -7.3309016e-03
  -8.4561144e-03
   0.0000000e+00
   0.0000000e+00
   0.0000000e+00
   0.0000000e+00
   0.0000000e+00
   0.0000000e+00
   0.0000000e+00
   0.0000000e+00
   0.0000000e+00
   0.0000000e+00
   0.0000000e+00
   0.0000000e+00
   0.0000000e+00
   0.0000000e+00
   0.0000000e+00
   0.0000000e+00
   0.0000000e+00
   0.0000000e+00
   2.7125963e-03
   9.4143092e-03
   1.4182313e-02
   1.3329576e-02
   8.3047009e-03
   4.1986097e-05
  -7.3433843e-03
  -1.1810015e-02
  -1.5908098e-02
  -1.4691632e-02
  -1.3104711e-02
  -1.1556291e-02
  -9.0659404e-03
  -7.4990805e-03
  -6.2131285e-03
  -5.6587470e-03
  -5.7476468e-03
  -6.4569044e-03
  -7.4486228e-03
  -8.5573690e-03
  -9.8523553e-03
  -1.0906716e-02
  -1.1299390e-02
  -1.1404244e-02
  -1.1414368e-02
  -1.0982986e-02
  -1.0289371e-02
  -8.8537845e-03
  -7.6140558e-03
  -7.0516489e-03
  -4.3326824e-03
   5.9100262e-04
   4.7617990e-03
   0.0000000e+00
   0.0000000e+00
   0.0000000e+00
   0.0000000e+00
   0.0000000e+00
   0.0000000e+00
   0.0000000e+00
   0.0000000e+00
   0.0000000e+00
   0.0000000e+00
   0.0000000e+00
   0.0000000e+00
   0.0000000e+00
   0.0000000e+00
   0.0000000e+00
  -3.6122846e-03
  -3.5597190e-03
  -5.4724304e-03
  -8.1935313e-03
  -7.3069504e-03
  -7.0640244e-03
   0.0000000e+00
   0.0000000e+00
   0.0000000e+00
   0.0000000e+00
   0.0000000e+00
   0.0000000e+00
   0.0000000e+00
   0.0000000e+00
   0.0000000e+00
  -0.0000000e+00
  -1.4368112e-02
  -9.4049686e-03
   0.0000000e+00
   0.0000000e+00
   0.0000000e+00
   0.0000000e+00
   0.0000000e+00
   0.0000000e+00
   1.4072975e-03
   1.2008857e-02
   1.7601155e-02
   1.5518048e-02
   5.6838632e-03
  -4.5354589e-03
  -1.1893523e-02
  -1.5335986e-02
  -1.7240482e-02
  -1.5389890e-02
  -1.3412656e-02
  -1.1448616e-02
  -8.7391845e-03
  -7.0975713e-03
  -5.8513432e-03
  -5.2568210e-03
  -5.4870419e-03
  -6.1203158e-03
  -7.0865691e-03
  -8.0642676e-03
  -9.1658265e-03
  -9.9429888e-03
  -1.0072720e-02
  -9.9789720e-03
  -1.0033988e-02
  -9.6675156e-03
  -9.1004810e-03
  -7.8398017e-03
  -6.4944800e-03
  -5.1531038e-03
  -1.4052245e-03
   3.6649225e-03
   7.8304667e-03
   0.0000000e+00
   0.0000000e+00
   0.0000000e+00
   0.0000000e+00
   0.0000000e+00
   0.0000000e+00
   0.0000000e+00
   0.0000000e+00
   0.0000000e+00
   0.0000000e+00
   0.0000000e+00
   0.0000000e+00
   0.0000000e+00
   0.0000000e+00
  -8.7530805e-03
  -5.2316278e-03
  -6.9960929e-03
  -8.5123145e-03
  -9.5653543e-03
  -6.6458035e-03
  -5.2983884e-03
   0.0000000e+00
   0.0000000e+00
   0.0000000e+00
   0.0000000e+00
   0.0000000e+00
   0.0000000e+00
   0.0000000e+00
  -0.0000000e+00
  -1.7538222e-02
  -1.4475250e-02
  -1.2551719e-02
  -8.2716676e-03
   0.0000000e+00
   0.0000000e+00
   0.0000000e+00
   0.0000000e+00
   0.0000000e+00
   0.0000000e+00
   1.3313482e-03
   1.5176082e-02
   1.9440426e-02
   1.3144885e-02
   3.5556816e-04
  -9.4651997e-03
  -1.5552029e-02
  -1.7553988e-02
  -1.6980996e-02
  -1.4660206e-02
  -1.2420814e-02
  -1.0171774e-02
  -7.4636673e-03
  -5.8675557e-03
  -4.7764573e-03
  -4.1733541e-03
  -4.4158328e-03
  -4.9432332e-03
  -5.8240005e-03
  -6.7990968e-03
  -7.6683351e-03
  -8.2873713e-03
  -8.1426432e-03
  -7.9126840e-03
  -8.1081593e-03
  -7.8546284e-03
  -7.5326553e-03
  -6.4080014e-03
  -5.2114730e-03
  -3.6805800e-03
   4.5931739e-04
   5.7312839e-03
   1.0065148e-02
   2.4127421e-02
   0.0000000e+00
   0.0000000e+00
   0.0000000e+00
   0.0000000e+00
   0.0000000e+00
   0.0000000e+00
   0.0000000e+00
   0.0000000e+00
   0.0000000e+00
   0.0000000e+00
   0.0000000e+00
   0.0000000e+00
  -0.0000000e+00
  -9.5336605e-03
  -7.7659469e-03
  -9.2390925e-03
  -1.0127569e-02
  -1.0093678e-02
  -6.0066621e-03
  -4.6260667e-03
   0.0000000e+00
   0.0000000e+00
   0.0000000e+00
   0.0000000e+00
   0.0000000e+00
   0.0000000e+00
  -0.0000000e+00
  -2.3315656e-02
  -1.7028988e-02
  -1.1304768e-02
  -8.1500632e-03
  -5.0656550e-03
   0.0000000e+00
   0.0000000e+00
   0.0000000e+00
   0.0000000e+00
   0.0000000e+00
   0.0000000e+00
   2.8890630e-03
   1.6966065e-02
   1.8492574e-02
   7.4436602e-03
  -5.5341026e-03
  -1.3372147e-02
  -1.7392064e-02
  -1.7990862e-02
  -1.4916917e-02
  -1.2097857e-02
  -9.8634968e-03
  -7.6260047e-03
  -5.1772985e-03
  -3.7515721e-03
  -2.8397458e-03
  -2.4376023e-03
  -2.5096831e-03
  -2.8371189e-03
  -3.7435786e-03
  -4.7386411e-03
  -5.5499463e-03
  -5.7498013e-03
  -5.5365763e-03
  -5.4371554e-03
  -5.6233607e-03
  -5.5785895e-03
  -5.4772122e-03
  -4.7885132e-03
  -3.7938455e-03
  -2.1226932e-03
   1.6850493e-03
   6.8852558e-03
   1.3824336e-02
   2.4127421e-02
   0.0000000e+00
   0.0000000e+00
   0.0000000e+00
   0.0000000e+00
   0.0000000e+00
   0.0000000e+00
   0.0000000e+00
   0.0000000e+00
   0.0000000e+00
   0.0000000e+00
   0.0000000e+00
   0.0000000e+00
  -1.5339068e-02
  -1.3119358e-02
  -1.1405752e-02
  -1.1425650e-02
  -1.1783708e-02
  -9.9853970e-03
  -5.0049978e-03
  -5.4965840e-03
   0.0000000e+00
   0.0000000e+00
   0.0000000e+00
   0.0000000e+00
   0.0000000e+00
   0.0000000e+00
  -1.9641732e-02
  -1.7661093e-02
  -1.3910006e-02
  -9.1965911e-03
  -4.6964887e-03
  -9.5339377e-05
   0.0000000e+00
   0.0000000e+00
   0.0000000e+00
   0.0000000e+00
   0.0000000e+00
   0.0000000e+00
   5.3490074e-03
   1.8130417e-02
   1.4547590e-02
   6.7775227e-04
  -1.0051215e-02
  -1.5311368e-02
  -1.7015752e-02
  -1.6467248e-02
  -1.0676873e-02
  -7.9877676e-03
  -6.0274525e-03
  -4.1059448e-03
  -2.0987717e-03
  -8.5022740e-04
  -1.3847390e-04
   1.7911551e-06
   6.6303437e-05
  -1.6541487e-04
  -1.1297408e-03
  -2.0857937e-03
  -2.7608103e-03
  -2.8715894e-03
  -2.6987909e-03
  -2.7883501e-03
  -3.0680565e-03
  -3.1150385e-03
  -3.2006076e-03
  -3.0713735e-03
  -2.2694477e-03
  -6.8274962e-04
   2.7573144e-03
   7.6745376e-03
   1.4708282e-02
   1.9709118e-02
   1.5228781e-02
   8.3120459e-03
   0.0000000e+00
   0.0000000e+00
   0.0000000e+00
   0.0000000e+00
  -1.4558711e-02
  -1.9639075e-02
  -2.8415528e-02
  -3.1073083e-02
   0.0000000e+00
  -0.0000000e+00
  -1.4521465e-02
  -1.2100068e-02
  -1.2241713e-02
  -1.2169109e-02
  -1.1506248e-02
  -7.8693613e-03
  -2.0926893e-03
   1.9892096e-03
   2.4807161e-03
   8.7095523e-04
  -7.1964989e-04
  -3.5345448e-04
  -6.4073922e-04
  -2.7605054e-03
  -7.6122094e-03
  -9.6308285e-03
  -8.8324119e-03
  -4.9988845e-03
  -1.5133517e-04
   5.7543298e-03
   0.0000000e+00
   0.0000000e+00
   0.0000000e+00
   0.0000000e+00
   0.0000000e+00
   0.0000000e+00
   6.6808234e-03
   1.3756952e-02
   7.1335594e-03
  -4.1711800e-03
  -1.1480527e-02
  -1.4105425e-02
  -1.3984992e-02
  -1.2599045e-02
  -6.7830736e-03
  -4.5250826e-03
  -2.8267276e-03
  -1.1790394e-03
   4.6704903e-04
   1.5529622e-03
   2.1142631e-03
   2.2079157e-03
   2.2571692e-03
   1.9948365e-03
   1.0571178e-03
   1.1176378e-04
  -5.4747443e-04
  -7.1918067e-04
  -6.0492989e-04
  -7.8368547e-04
  -1.0988087e-03
  -1.2772481e-03
  -1.5277724e-03
  -1.6405599e-03
  -1.0673838e-03
   3.5356234e-04
   3.5499009e-03
   8.0446499e-03
   1.4056478e-02
   1.9960753e-02
   1.7875012e-02
   1.2783739e-02
   1.5502192e-02
   1.5592128e-02
   0.0000000e+00
   0.0000000e+00
  -0.0000000e+00
  -1.1261194e-02
  -1.4544276e-02
  -1.0169428e-02
  -7.6906837e-03
  -1.1217374e-02
  -1.1452658e-02
  -1.0227927e-02
  -1.0730070e-02
  -1.0490791e-02
  -9.0233134e-03
  -4.4665718e-03
   9.5701001e-04
   4.8815666e-03
   5.5087124e-03
   4.9601337e-03
   4.1119951e-03
   4.4853661e-03
   3.1622951e-03
   1.0272174e-03
  -2.0971952e-03
  -4.5371969e-03
  -5.0579559e-03
  -1.6290791e-03
   3.7377046e-03
   1.0733813e-02
   0.0000000e+00
   0.0000000e+00
   0.0000000e+00
   0.0000000e+00
   0.0000000e+00
   0.0000000e+00
   7.6163075e-03
   9.5543840e-03
   2.9276236e-03
  -5.4065157e-03
  -1.0115351e-02
  -1.1097001e-02
  -1.0110074e-02
  -8.5727353e-03
  -3.1944341e-03
  -1.3206156e-03
   1.4793538e-04
   1.5260370e-03
   2.8698040e-03
   3.8134477e-03
   4.2772702e-03
   4.3834187e-03
   4.3845486e-03
   4.0567264e-03
   3.1085763e-03
   2.1679662e-03
   1.4892113e-03
   1.2401352e-03
   1.2915345e-03
   1.0725501e-03
   7.1826315e-04
   3.9219773e-04
   3.3520986e-05
  -2.7385178e-04
   4.3968611e-05
   1.2780481e-03
   4.2425754e-03
   8.2968180e-03
   1.3467537e-02
   2.0679901e-02
   2.0285043e-02
   1.6938866e-02
   1.8507167e-02
   1.9269193e-02
   0.0000000e+00
   0.0000000e+00
   0.0000000e+00
  -5.2132388e-03
  -8.0658551e-03
  -6.7214769e-03
  -9.0726419e-03
  -1.0542741e-02
  -9.2349039e-03
  -8.3739666e-03
  -8.6901745e-03
  -7.9276785e-03
  -5.6583609e-03
  -5.6589115e-04
   4.2394720e-03
   7.5931437e-03
   8.7738794e-03
   8.7958379e-03
   8.2482063e-03
   8.2843880e-03
   6.4584556e-03
   4.5773846e-03
   2.2158070e-03
  -1.0853272e-03
  -2.0688986e-03
   1.6365476e-03
   7.7885833e-03
   1.6027729e-02
   0.0000000e+00
   0.0000000e+00
   0.0000000e+00
   0.0000000e+00
   0.0000000e+00
   0.0000000e+00
   0.0000000e+00
   5.5498069e-03
   8.4512622e-04
  -5.1146292e-03
  -7.7021682e-03
  -7.4314506e-03
  -6.0713132e-03
  -4.6954499e-03
   5.0705656e-05
   1.6230158e-03
   2.8966115e-03
   4.0117713e-03
   5.1083784e-03
   5.9310771e-03
   6.3449933e-03
   6.4983664e-03
   6.4361720e-03
   6.0237490e-03
   5.0224291e-03
   4.0835500e-03
   3.3640706e-03
   3.0384453e-03
   3.0262391e-03
   2.8045883e-03
   2.4030095e-03
   1.9215637e-03
   1.5088293e-03
   1.0259500e-03
   1.0731501e-03
   2.1129139e-03
   4.8507274e-03
   8.4718059e-03
   1.3099772e-02
   2.1479638e-02
   2.2158802e-02
   2.0263521e-02
   2.4268524e-02
   2.6319130e-02
   0.0000000e+00
   0.0000000e+00
   0.0000000e+00
   0.0000000e+00
  -1.0044052e-02
  -1.0960368e-02
  -1.1722233e-02
   0.0000000e+00
  -7.0235706e-03
  -6.6650292e-03
  -6.4284921e-03
  -4.8269891e-03
  -1.7576329e-03
   3.5834740e-03
   7.6464494e-03
   1.0507603e-02
   1.1890874e-02
   1.1905144e-02
   1.1162947e-02
   1.0545196e-02
   8.8303426e-03
   7.4521658e-03
   5.0486024e-03
   1.0156612e-03
   2.3090269e-04
   4.8022567e-03
   1.1954170e-02
   2.1569750e-02
   0.0000000e+00
   0.0000000e+00
   0.0000000e+00
   0.0000000e+00
   0.0000000e+00
   0.0000000e+00
   0.0000000e+00
   1.8149211e-03
   5.0723260e-04
  -3.7377746e-03
  -4.6296655e-03
  -3.4108197e-03
  -2.0595627e-03
  -1.0701172e-03
   4.2162608e-03
   5.5320733e-03
   6.5466983e-03
   7.4094741e-03
   8.4112745e-03
   9.0580294e-03
   9.4610226e-03
   9.6509825e-03
   9.4259511e-03
   8.7867055e-03
   7.7056972e-03
   6.8092796e-03
   5.9801545e-03
   5.5827184e-03
   5.5597765e-03
   5.2997197e-03
   4.6518428e-03
   4.0201682e-03
   3.4314573e-03
   2.5905355e-03
   2.4216897e-03
   3.2263249e-03
   5.8698570e-03
   9.5179890e-03
   1.5765682e-02
   2.1479638e-02
   2.2158802e-02
   2.4982680e-02
   2.9231333e-02
   3.5657257e-02
   3.7899513e-02
   0.0000000e+00
   0.0000000e+00
   0.0000000e+00
  -1.6687407e-02
  -1.8477258e-02
  -1.7623813e-02
   0.0000000e+00
  -1.9135033e-03
  -2.7599789e-03
  -2.3817541e-03
   7.2591853e-04
   4.9847406e-03
   1.0038324e-02
   1.3326437e-02
   1.6263139e-02
   1.7771403e-02
   1.6773893e-02
   1.4202172e-02
   1.1702957e-02
   9.8523076e-03
   8.2721138e-03
   5.3663273e-03
   2.8085850e-03
   4.5023421e-03
   1.0414224e-02
   1.9149357e-02
   3.7665213e-02
   0.0000000e+00
   0.0000000e+00
   0.0000000e+00
   0.0000000e+00
   0.0000000e+00
   0.0000000e+00
  -0.0000000e+00
  -1.7547578e-03
   3.7592566e-04
  -8.6539892e-04
   7.1136737e-04
   2.2989410e-03
   3.1659042e-03
   3.5354901e-03
   6.3657752e-03
   7.5543202e-03
   8.4448431e-03
   9.2539683e-03
   1.0219952e-02
   1.0790357e-02
   1.1207571e-02
   1.1345608e-02
   1.0965583e-02
   1.0195681e-02
   9.0717250e-03
   8.1307419e-03
   7.2514392e-03
   6.7978946e-03
   6.6765624e-03
   6.2704117e-03
   5.4822832e-03
   4.7821498e-03
   4.0627698e-03
   3.1580990e-03
   3.0234626e-03
   3.9206715e-03
   6.9611802e-03
   1.1464963e-02
   1.9102465e-02
   0.0000000e+00
   0.0000000e+00
   2.4982680e-02
   3.1398256e-02
   3.8361555e-02
   4.1296285e-02
   0.0000000e+00
   0.0000000e+00
   0.0000000e+00
  -0.0000000e+00
  -2.1494722e-02
  -2.1146373e-02
   0.0000000e+00
  -1.9135033e-03
  -2.7599789e-03
  -3.4763479e-04
   4.1970347e-03
   8.6814378e-03
   1.3119043e-02
   1.6373304e-02
   1.9754348e-02
   2.1820619e-02
   2.3641751e-02
   2.4956206e-02
   1.8562615e-02
   1.1898234e-02
   8.1948148e-03
   5.3645285e-03
   4.1402596e-03
   7.4324949e-03
   1.4323525e-02
   2.3401200e-02
   3.9654244e-02
   0.0000000e+00
   0.0000000e+00
   0.0000000e+00
   0.0000000e+00
   0.0000000e+00
   0.0000000e+00
  -0.0000000e+00
  -2.3681909e-03
  -8.8765130e-04
   1.7910517e-03
   3.5264381e-03
   5.0986450e-03
   5.6882916e-03
   5.8309997e-03
   8.2125831e-03
   9.2760704e-03
   1.0074227e-02
   1.0841523e-02
   1.1767271e-02
   1.2294632e-02
   1.2691567e-02
   1.2727319e-02
   1.2197660e-02
   1.1324430e-02
   1.0137067e-02
   9.1306635e-03
   8.1975172e-03
   7.6624064e-03
   7.3992598e-03
   6.8349519e-03
   5.9315991e-03
   5.1931932e-03
   4.4028467e-03
   3.5174427e-03
   3.5103197e-03
   4.6342693e-03
   8.1945821e-03
   1.3518760e-02
   2.1819699e-02
   0.0000000e+00
   0.0000000e+00
   0.0000000e+00
   0.0000000e+00
   4.0604844e-02
   4.4279023e-02
   0.0000000e+00
   0.0000000e+00
   0.0000000e+00
   0.0000000e+00
  -0.0000000e+00
  -2.3523112e-02
  -1.8706445e-02
  -2.1881639e-02
   0.0000000e+00
   2.0597808e-03
   7.6068780e-03
   1.1826038e-02
   1.5718074e-02
   1.9029558e-02
   2.3013181e-02
   2.8705217e-02
   3.3481984e-02
   3.1465247e-02
   2.2827422e-02
   1.5383344e-02
   1.0942244e-02
   7.1191558e-03
   5.6630873e-03
   9.9841660e-03
   1.7707084e-02
   2.6841655e-02
   4.0103699e-02
   0.0000000e+00
   0.0000000e+00
   0.0000000e+00
   0.0000000e+00
   0.0000000e+00
   0.0000000e+00
  -0.0000000e+00
  -2.5469179e-03
  -1.1402860e-03
   4.0329139e-03
   6.0576315e-03
   7.5381866e-03
   7.8537440e-03
   7.8054406e-03
   1.0214120e-02
   1.1101478e-02
   1.1836366e-02
   1.2569352e-02
   1.3427045e-02
   1.3966027e-02
   1.4257028e-02
   1.4032924e-02
   1.3298546e-02
   1.2336399e-02
   1.1011837e-02
   9.8644380e-03
   8.8452096e-03
   8.1355156e-03
   7.5706900e-03
   6.7506562e-03
   5.7360575e-03
   5.0092516e-03
   4.2486941e-03
   3.5754495e-03
   3.9600201e-03
   5.7100083e-03
   1.0295430e-02
   1.6728959e-02
   2.4377980e-02
   0.0000000e+00
   0.0000000e+00
   0.0000000e+00
   0.0000000e+00
   4.2828953e-02
   4.7677822e-02
   0.0000000e+00
   0.0000000e+00
   0.0000000e+00
   0.0000000e+00
  -0.0000000e+00
  -2.4420339e-02
  -1.8706445e-02
  -2.1881639e-02
   0.0000000e+00
   6.3733644e-03
   1.2406977e-02
   1.5152698e-02
   1.8411255e-02
   2.2007728e-02
   2.7214886e-02
   4.4965026e-02
   7.5166944e-02
   0.0000000e+00
   2.4483505e-02
   2.3622929e-02
   2.1189422e-02
   1.3557863e-02
   8.2918377e-03
   1.2837870e-02
   2.1438162e-02
   3.0021056e-02
   3.7336970e-02
   0.0000000e+00
   0.0000000e+00
   0.0000000e+00
   0.0000000e+00
   0.0000000e+00
   0.0000000e+00
  -0.0000000e+00
  -1.8407363e-03
   7.3796524e-04
   6.3579914e-03
   9.0916827e-03
   1.0270234e-02
   1.0196182e-02
   9.9509815e-03
   1.1534648e-02
   1.2258298e-02
   1.2885730e-02
   1.3547925e-02
   1.4330389e-02
   1.4727575e-02
   1.4769081e-02
   1.4163857e-02
   1.3268617e-02
   1.2128792e-02
   1.0445980e-02
   9.0699638e-03
   7.9445344e-03
   6.9733891e-03
   6.1581996e-03
   5.2777018e-03
   4.3801411e-03
   3.8369170e-03
   3.3661168e-03
   3.3236794e-03
   4.5427628e-03
   7.2314695e-03
   1.2705248e-02
   1.8887126e-02
   2.4504954e-02
   2.0866300e-02
   1.6466616e-02
   1.7823910e-02
   0.0000000e+00
   4.7388336e-02
   5.2961850e-02
   0.0000000e+00
   0.0000000e+00
   0.0000000e+00
   0.0000000e+00
  -0.0000000e+00
  -2.1805115e-02
  -1.7054108e-02
  -5.0346604e-03
   7.7488245e-03
   1.2939353e-02
   1.5382217e-02
   1.7202688e-02
   2.0168413e-02
   2.4119336e-02
   3.0079486e-02
   4.5503973e-02
   7.1435401e-02
   0.0000000e+00
   0.0000000e+00
   2.3622929e-02
   2.1189422e-02
   1.3231943e-02
   1.1612180e-02
   1.4127633e-02
   2.3194690e-02
   3.1221965e-02
   3.8436259e-02
   4.0377000e-02
   0.0000000e+00
   0.0000000e+00
   0.0000000e+00
   0.0000000e+00
   0.0000000e+00
  -0.0000000e+00
  -5.7318224e-03
   2.6688745e-03
   9.1206903e-03
   1.1701150e-02
   1.2265876e-02
   1.1757648e-02
   1.1344805e-02
   1.2216199e-02
   1.2812889e-02
   1.3363070e-02
   1.3950496e-02
   1.4563593e-02
   1.4752678e-02
   1.4536738e-02
   1.3611778e-02
   1.2562706e-02
   1.1243946e-02
   9.3157693e-03
   7.8570415e-03
   6.7105471e-03
   5.6426104e-03
   4.7937561e-03
   3.9948451e-03
   3.2890953e-03
   2.9545968e-03
   2.8005764e-03
   3.3695898e-03
   5.1797794e-03
   8.3781351e-03
   1.4065335e-02
   1.9663541e-02
   2.3933033e-02
   2.1001760e-02
   1.8162996e-02
   2.3320857e-02
   3.9792388e-02
   5.0801651e-02
   5.6299139e-02
   0.0000000e+00
   0.0000000e+00
   0.0000000e+00
   0.0000000e+00
   0.0000000e+00
  -2.0802060e-02
  -1.5142269e-02
  -1.8413587e-03
   9.0108364e-03
   1.5642828e-02
   1.6815143e-02
   1.8243776e-02
   2.1033848e-02
   2.5092299e-02
   3.1035468e-02
   4.2895361e-02
   5.8878805e-02
   5.6609623e-02
   0.0000000e+00
   0.0000000e+00
   0.0000000e+00
   0.0000000e+00
   1.2567304e-02
   1.6232008e-02
   2.3946205e-02
   3.1957641e-02
   3.8687524e-02
   4.0179608e-02
   3.5326024e-02
   0.0000000e+00
   0.0000000e+00
   0.0000000e+00
   0.0000000e+00
  -0.0000000e+00
  -4.3177547e-03
   4.9363165e-03
   1.1073624e-02
   1.3284878e-02
   1.3376431e-02
   1.2576549e-02
   1.2089054e-02
   1.2879224e-02
   1.3300387e-02
   1.3748724e-02
   1.4216587e-02
   1.4505022e-02
   1.4326406e-02
   1.3702406e-02
   1.2315704e-02
   1.1030250e-02
   9.4305710e-03
   7.1896368e-03
   5.6936622e-03
   4.5680120e-03
   3.4526430e-03
   2.6880799e-03
   2.1066963e-03
   1.7484989e-03
   1.7566581e-03
   2.1156431e-03
   3.6296525e-03
   6.2113467e-03
   9.9363118e-03
   1.5530941e-02
   2.0005502e-02
   2.2595854e-02
   2.1299460e-02
   2.1891125e-02
   2.6341012e-02
   3.8075147e-02
   5.5420702e-02
   6.0293001e-02
   0.0000000e+00
   0.0000000e+00
   0.0000000e+00
   0.0000000e+00
   0.0000000e+00
   0.0000000e+00
  -1.1985212e-02
  -1.4865918e-04
   1.1784355e-02
   1.7433324e-02
   1.8083375e-02
   1.9235797e-02
   2.1824962e-02
   2.5895650e-02
   3.1325470e-02
   3.6821713e-02
   4.6260528e-02
   5.6609623e-02
   0.0000000e+00
   0.0000000e+00
   0.0000000e+00
   0.0000000e+00
   0.0000000e+00
   2.1311219e-02
   2.4487354e-02
   3.2815236e-02
   3.8544773e-02
   3.9854253e-02
   3.5326024e-02
   0.0000000e+00
   0.0000000e+00
   0.0000000e+00
   0.0000000e+00
  -1.0788881e-03
   1.2498244e-03
   8.6987723e-03
   1.3619041e-02
   1.5115764e-02
   1.4555479e-02
   1.3389109e-02
   1.2843532e-02
   1.2719750e-02
   1.2847256e-02
   1.3046857e-02
   1.3105904e-02
   1.2694625e-02
   1.1956517e-02
   1.0792737e-02
   9.0333580e-03
   7.5339267e-03
   5.7679587e-03
   3.6950472e-03
   2.5286936e-03
   1.6769634e-03
   8.8744376e-04
   5.0766072e-04
   2.8759204e-04
   4.6868509e-04
   1.0572273e-03
   2.2005463e-03
   4.6411079e-03
   7.5918478e-03
   1.1195218e-02
   1.5803256e-02
   1.9018638e-02
   2.0942479e-02
   2.1919456e-02
   2.4715754e-02
   3.0749679e-02
   4.3747901e-02
   5.8415382e-02
   6.2323770e-02
   0.0000000e+00
   0.0000000e+00
   0.0000000e+00
   0.0000000e+00
   0.0000000e+00
   0.0000000e+00
  -6.5728889e-03
   1.6027913e-03
   1.1191992e-02
   1.7879901e-02
   1.8826654e-02
   1.9584209e-02
   2.1769803e-02
   2.5530183e-02
   3.0061452e-02
   3.3064312e-02
   2.9930468e-02
   2.8537463e-02
   0.0000000e+00
   0.0000000e+00
   0.0000000e+00
   0.0000000e+00
   0.0000000e+00
   2.1311219e-02
   2.9201625e-02
   3.2997644e-02
   3.7963354e-02
   3.8082632e-02
   3.4967970e-02
   0.0000000e+00
   0.0000000e+00
   0.0000000e+00
   0.0000000e+00
  -2.0987351e-03
   4.2818402e-03
   1.2181922e-02
   1.5820673e-02
   1.6160615e-02
   1.4894896e-02
   1.3491184e-02
   1.2894181e-02
   1.1860529e-02
   1.1788618e-02
   1.1783758e-02
   1.1557848e-02
   1.0771078e-02
   9.7740189e-03
   8.4406429e-03
   6.6368818e-03
   5.1504880e-03
   3.5092301e-03
   1.7606417e-03
   8.6354901e-04
   2.4183546e-04
  -2.5901225e-04
  -4.0590349e-04
  -3.8851217e-04
   1.1102226e-04
   9.8447675e-04
   2.4298962e-03
   5.1130946e-03
   8.0596338e-03
   1.1427048e-02
   1.5486247e-02
   1.8284737e-02
   2.0235254e-02
   2.2277982e-02
   2.5857613e-02
   3.2204676e-02
   4.4654595e-02
   5.6683892e-02
   5.9491204e-02
   0.0000000e+00
   0.0000000e+00
   0.0000000e+00
   0.0000000e+00
   0.0000000e+00
   0.0000000e+00
  -0.0000000e+00
   3.0379429e-03
   1.0973333e-02
   1.8295936e-02
   1.9316802e-02
   1.9684437e-02
   2.1515811e-02
   2.4969668e-02
   2.8823325e-02
   3.0088160e-02
   2.3318957e-02
   1.1001566e-02
  -2.2870466e-04
  -2.5092480e-03
   0.0000000e+00
   0.0000000e+00
   0.0000000e+00
   0.0000000e+00
   3.0756178e-02
   3.3457524e-02
   3.6757228e-02
   3.6074077e-02
   3.2969133e-02
   0.0000000e+00
   0.0000000e+00
   0.0000000e+00
   0.0000000e+00
  -4.4963165e-04
   6.5272865e-03
   1.3774061e-02
   1.6226243e-02
   1.5886655e-02
   1.4338602e-02
   1.2846687e-02
   1.2179578e-02
   1.0085934e-02
   9.7188577e-03
   9.3875621e-03
   8.7349635e-03
   7.4591553e-03
   6.1598256e-03
   4.7073058e-03
   2.9775977e-03
   1.6165306e-03
   3.1898220e-04
  -8.0879563e-04
  -1.2769292e-03
  -1.5287207e-03
  -1.5571655e-03
  -1.3783638e-03
  -1.0147891e-03
  -7.5910113e-05
   1.1461243e-03
   2.8843340e-03
   5.6678215e-03
   8.4375190e-03
   1.1352979e-02
   1.4680931e-02
   1.7155776e-02
   1.9466718e-02
   2.2766799e-02
   2.7027917e-02
   3.3327857e-02
   4.4024263e-02
   5.1599890e-02
   5.2478473e-02
   0.0000000e+00
   0.0000000e+00
   0.0000000e+00
   0.0000000e+00
   0.0000000e+00
   0.0000000e+00
   0.0000000e+00
   7.6155462e-03
   1.0772627e-02
   1.8987240e-02
   2.0032516e-02
   1.9741475e-02
   2.0994875e-02
   2.3930884e-02
   2.6736434e-02
   2.5398733e-02
   1.6531421e-02
   4.7683433e-03
  -2.2870466e-04
  -2.5092480e-03
   0.0000000e+00
   0.0000000e+00
   0.0000000e+00
   0.0000000e+00
   0.0000000e+00
   3.4363206e-02
   3.4428739e-02
   3.2561776e-02
   2.8834950e-02
   0.0000000e+00
   0.0000000e+00
   0.0000000e+00
   0.0000000e+00
   3.2114622e-03
   9.9757236e-03
   1.5612912e-02
   1.6096998e-02
   1.4822597e-02
   1.2988372e-02
   1.1414765e-02
   1.0620330e-02
   5.1711223e-03
   4.4869900e-03
   3.7908512e-03
   2.8539023e-03
   1.4576335e-03
   2.1511979e-04
  -1.0010257e-03
  -2.2582981e-03
  -3.1033257e-03
  -3.7428583e-03
  -4.1110536e-03
  -4.0357432e-03
  -3.7555971e-03
  -3.1966508e-03
  -2.5520524e-03
  -1.6892354e-03
  -3.0885684e-04
   1.1473560e-03
   2.9273308e-03
   5.5087866e-03
   7.9809267e-03
   1.0543630e-02
   1.3583218e-02
   1.6096671e-02
   1.8646324e-02
   2.2156947e-02
   2.6088131e-02
   3.1047272e-02
   3.7939450e-02
   3.9751655e-02
   3.8254511e-02
   0.0000000e+00
   0.0000000e+00
   0.0000000e+00
   0.0000000e+00
   0.0000000e+00
   0.0000000e+00
   0.0000000e+00
   0.0000000e+00
   1.5045813e-02
   1.9256931e-02
   2.0349483e-02
   1.9770546e-02
   2.0410599e-02
   2.2414933e-02
   2.3842063e-02
   2.1009336e-02
   1.3711238e-02
   5.7522855e-03
   1.8377785e-03
   1.7740430e-03
   2.6719687e-03
   0.0000000e+00
   0.0000000e+00
   0.0000000e+00
   0.0000000e+00
   3.7168651e-02
   3.2111374e-02
   2.5740944e-02
   1.3194400e-02
   4.2133356e-03
   0.0000000e+00
   0.0000000e+00
   4.1845085e-03
   6.7519005e-03
   1.0497811e-02
   1.3009087e-02
   1.1639458e-02
   9.8906468e-03
   8.1252988e-03
   6.6625618e-03
   5.8325331e-03
   1.4944887e-03
   6.8192186e-04
  -1.4577998e-04
  -1.1595848e-03
  -2.5413291e-03
  -3.6988245e-03
  -4.7533630e-03
  -5.7472940e-03
  -6.3341397e-03
  -6.6837585e-03
  -6.7162720e-03
  -6.3864017e-03
  -5.8388336e-03
  -4.9447858e-03
  -4.0036855e-03
  -2.8326751e-03
  -1.1343249e-03
   5.2794277e-04
   2.4095226e-03
   4.9762901e-03
   7.3626568e-03
   9.8244035e-03
   1.2799797e-02
   1.5315297e-02
   1.7864284e-02
   2.1247033e-02
   2.4763347e-02
   2.8868025e-02
   3.4007550e-02
   3.3847642e-02
   3.1256989e-02
   0.0000000e+00
   0.0000000e+00
   0.0000000e+00
   0.0000000e+00
   0.0000000e+00
   0.0000000e+00
   0.0000000e+00
   1.3916347e-02
   1.6410214e-02
   1.9411322e-02
   2.0213866e-02
   1.9454705e-02
   1.9710643e-02
   2.1249103e-02
   2.2158975e-02
   1.9034778e-02
   1.2653828e-02
   6.3131785e-03
   2.9839683e-03
   3.2356379e-03
   5.6732259e-03
   1.7929819e-02
   0.0000000e+00
   0.0000000e+00
   0.0000000e+00
   0.0000000e+00
   3.2775749e-02
   2.2597570e-02
   9.5086920e-03
   3.1740260e-03
   0.0000000e+00
  -0.0000000e+00
   3.3161188e-03
   6.6767384e-03
   8.9099338e-03
   9.8700293e-03
   7.8702859e-03
   6.0530118e-03
   4.4070634e-03
   3.0370727e-03
   2.2028529e-03
  -5.6084080e-03
  -6.5552555e-03
  -7.4891339e-03
  -8.5091920e-03
  -9.7533346e-03
  -1.0702075e-02
  -1.1460336e-02
  -1.2039812e-02
  -1.2261720e-02
  -1.2263065e-02
  -1.1890511e-02
  -1.1227954e-02
  -1.0300373e-02
  -8.8681401e-03
  -7.4086089e-03
  -5.7105337e-03
  -3.4107716e-03
  -1.3181069e-03
   8.3342272e-04
   3.5146536e-03
   5.8785472e-03
   8.3158223e-03
   1.1325820e-02
   1.3817183e-02
   1.6177248e-02
   1.9014205e-02
   2.1553100e-02
   2.4162552e-02
   2.7060536e-02
   2.5539664e-02
   2.1552201e-02
   0.0000000e+00
   0.0000000e+00
   0.0000000e+00
   0.0000000e+00
   0.0000000e+00
   0.0000000e+00
   0.0000000e+00
   1.5164771e-02
   1.9281319e-02
   2.0406090e-02
   1.9561670e-02
   1.8491120e-02
   1.8083200e-02
   1.8963554e-02
   1.9412113e-02
   1.6590497e-02
   1.1712617e-02
   7.2133937e-03
   4.7798764e-03
   5.9122017e-03
   7.9082343e-03
   1.7929819e-02
   0.0000000e+00
   0.0000000e+00
   0.0000000e+00
   0.0000000e+00
   3.6569557e-02
   1.8575784e-02
   4.6541127e-03
   7.8169193e-05
   0.0000000e+00
  -2.4069523e-03
   1.3760735e-03
   3.6802342e-03
   3.7711647e-03
   2.5586483e-03
   1.3363748e-04
  -1.5160479e-03
  -2.8602730e-03
  -4.0408194e-03
  -4.8596492e-03
  -1.0881636e-02
  -1.1866741e-02
  -1.2776578e-02
  -1.3737690e-02
  -1.4899280e-02
  -1.5761446e-02
  -1.6457417e-02
  -1.7035274e-02
  -1.7338118e-02
  -1.7512247e-02
  -1.7446923e-02
  -1.7065369e-02
  -1.6346791e-02
  -1.4946658e-02
  -1.3314484e-02
  -1.1318790e-02
  -8.5534763e-03
  -6.0743940e-03
  -3.5903011e-03
  -6.3269325e-04
   1.8030759e-03
   4.2350366e-03
   7.1950821e-03
   9.5528007e-03
   1.1744821e-02
   1.4383952e-02
   1.6700415e-02
   1.8830908e-02
   1.9460261e-02
   1.4769184e-02
   0.0000000e+00
   0.0000000e+00
   0.0000000e+00
   0.0000000e+00
   0.0000000e+00
   0.0000000e+00
   0.0000000e+00
   0.0000000e+00
   1.2073555e-02
   1.3362278e-02
   1.7774273e-02
   1.6963414e-02
   1.5399578e-02
   1.4182588e-02
   1.4759120e-02
   1.5776221e-02
   1.4453250e-02
   1.0923032e-02
   7.4565953e-03
   5.6941212e-03
   6.8876001e-03
   8.9107695e-03
   9.9783571e-03
   6.3184070e-03
   0.0000000e+00
   0.0000000e+00
   0.0000000e+00
   2.5762863e-02
   1.1891083e-02
   2.0747690e-03
  -2.3062009e-03
  -6.7581863e-04
   1.0463616e-03
   3.3795068e-06
  -1.4353170e-03
  -2.4591635e-03
  -4.0164929e-03
  -5.9240937e-03
  -7.1983138e-03
  -8.2841107e-03
  -9.3477806e-03
  -1.0127738e-02
  -1.3043167e-02
  -1.3995112e-02
  -1.4843875e-02
  -1.5728744e-02
  -1.6801315e-02
  -1.7596592e-02
  -1.8255726e-02
  -1.8850272e-02
  -1.9226379e-02
  -1.9532373e-02
  -1.9695920e-02
  -1.9537931e-02
  -1.9029435e-02
  -1.7804253e-02
  -1.6231679e-02
  -1.4232579e-02
  -1.1393768e-02
  -8.8380699e-03
  -6.2908744e-03
  -3.3016496e-03
  -9.0103005e-04
   1.4695262e-03
   4.3358633e-03
   6.5830156e-03
   8.6572922e-03
   1.1168842e-02
   1.3410547e-02
   1.5419400e-02
   1.5224241e-02
   9.4537139e-03
   5.4951689e-03
   0.0000000e+00
   0.0000000e+00
   0.0000000e+00
   0.0000000e+00
   0.0000000e+00
   0.0000000e+00
   0.0000000e+00
   9.4218863e-03
   9.2116813e-03
   1.5882285e-02
   1.5057574e-02
   1.3132792e-02
   1.1358184e-02
   1.1654920e-02
   1.3038544e-02
   1.2824798e-02
   1.0179440e-02
   7.3334760e-03
   5.9598337e-03
   7.1072698e-03
   8.9339963e-03
   6.9132094e-03
   5.4619364e-03
   0.0000000e+00
   0.0000000e+00
   0.0000000e+00
   1.6292975e-02
   6.9591478e-03
   3.3096569e-04
  -2.6067781e-03
  -8.1753312e-04
   1.2211878e-03
  -1.1481019e-03
  -4.0341776e-03
  -5.4966539e-03
  -7.1096004e-03
  -8.6808388e-03
  -9.7246978e-03
  -1.0642485e-02
  -1.1598966e-02
  -1.2322480e-02
  -1.2354935e-02
  -1.2995789e-02
  -1.3526692e-02
  -1.4092863e-02
  -1.4830387e-02
  -1.5440165e-02
  -1.6036592e-02
  -1.6740098e-02
  -1.7356871e-02
  -1.8022848e-02
  -1.8791407e-02
  -1.9275968e-02
  -1.9519882e-02
  -1.9304485e-02
  -1.8571474e-02
  -1.7354421e-02
  -1.5311722e-02
  -1.3318979e-02
  -1.1274047e-02
  -8.8327373e-03
  -6.8464267e-03
  -4.8463514e-03
  -2.4324506e-03
  -5.1746174e-04
   1.2725266e-03
   3.5185393e-03
   5.8921651e-03
   8.4316095e-03
   9.1931885e-03
   5.2154132e-03
   2.9909243e-03
   0.0000000e+00
   0.0000000e+00
   0.0000000e+00
   0.0000000e+00
   0.0000000e+00
   0.0000000e+00
   0.0000000e+00
   1.1481903e-03
  -8.2240516e-04
   1.1129449e-02
   1.0127326e-02
   7.2720680e-03
   4.1868485e-03
   3.5502306e-03
   5.6961401e-03
   8.3885120e-03
   7.6507165e-03
   5.9053705e-03
   5.1571326e-03
   5.8509346e-03
   6.3732824e-03
   3.8020022e-03
   9.4361912e-05
   0.0000000e+00
   0.0000000e+00
   0.0000000e+00
  -4.1596816e-03
  -5.9048016e-03
  -3.6348304e-03
  -2.8814085e-03
  -1.7056700e-03
  -2.3441583e-03
  -4.6590374e-03
  -6.5123652e-03
  -7.7145047e-03
  -8.7452088e-03
  -9.6051486e-03
  -1.0218859e-02
  -1.0781327e-02
  -1.1381542e-02
  -1.1856253e-02
  -7.6667609e-03
  -8.0437174e-03
  -8.3439218e-03
  -8.6773019e-03
  -9.1537699e-03
  -9.5633985e-03
  -9.9643380e-03
  -1.0458709e-02
  -1.0912410e-02
  -1.1402784e-02
  -1.1960113e-02
  -1.2304191e-02
  -1.2459348e-02
  -1.2291918e-02
  -1.1803789e-02
  -1.1022393e-02
  -9.7660893e-03
  -8.5868658e-03
  -7.4154961e-03
  -6.0908258e-03
  -5.0851852e-03
  -4.1173205e-03
  -2.9484122e-03
  -1.9842367e-03
  -1.0149378e-03
   3.5686839e-04
   2.0168454e-03
   4.1717800e-03
   5.6573884e-03
   3.7570109e-03
  -9.9458003e-05
   0.0000000e+00
   0.0000000e+00
   0.0000000e+00
   0.0000000e+00
   0.0000000e+00
   0.0000000e+00
  -0.0000000e+00
  -2.6566244e-03
  -4.0872552e-03
   5.3621024e-03
   8.1459514e-03
   4.8787985e-03
   8.2493001e-04
  -1.4053739e-03
   3.3627063e-05
   4.5057055e-03
   5.0602646e-03
   3.9212152e-03
   3.3158907e-03
   3.6965960e-03
   3.5993265e-03
   1.3285637e-03
  -9.9677856e-04
  -1.9295736e-03
   0.0000000e+00
   0.0000000e+00
  -4.7800537e-03
  -3.6470454e-03
  -2.2588262e-03
  -1.6006649e-03
  -9.0966777e-04
  -1.5150951e-03
  -2.9753939e-03
  -4.1180922e-03
  -4.8812754e-03
  -5.4874274e-03
  -5.9836807e-03
  -6.3610238e-03
  -6.7091897e-03
  -7.0670945e-03
  -7.3563340e-03
  -4.1343647e-03
  -4.3124827e-03
  -4.4388628e-03
  -4.5968424e-03
  -4.8766128e-03
  -5.1354345e-03
  -5.3890804e-03
  -5.7258744e-03
  -6.0567066e-03
  -6.4147688e-03
  -6.8129426e-03
  -7.0511706e-03
  -7.1394517e-03
  -7.0081633e-03
  -6.7045450e-03
  -6.2514037e-03
  -5.5876245e-03
  -5.0213635e-03
  -4.5081960e-03
  -4.0248794e-03
  -3.7581436e-03
  -3.5680180e-03
  -3.3371735e-03
  -3.0894067e-03
  -2.7384723e-03
  -2.0253539e-03
  -9.0308944e-04
   9.6212881e-04
   2.9932711e-03
   2.6581494e-03
  -6.8158513e-04
   0.0000000e+00
   0.0000000e+00
   0.0000000e+00
   0.0000000e+00
   0.0000000e+00
   0.0000000e+00
  -0.0000000e+00
  -5.5234359e-03
  -4.7022463e-03
   4.2757226e-03
   6.6530461e-03
   3.0755432e-03
  -1.7081728e-03
  -5.1392702e-03
  -4.2329033e-03
   1.5801296e-03
   3.1084384e-03
   2.4262149e-03
   1.9285713e-03
   2.0733677e-03
   1.5092357e-03
  -5.3509654e-04
  -1.4078490e-03
  -1.9295736e-03
   0.0000000e+00
   0.0000000e+00
  -5.2474850e-03
  -1.9458952e-03
  -1.2220492e-03
  -6.3566383e-04
  -3.0990446e-04
  -8.9042132e-04
  -1.7068200e-03
  -2.3140806e-03
  -2.7465238e-03
  -3.0327888e-03
  -3.2550153e-03
  -3.4542633e-03
  -3.6409589e-03
  -3.8162903e-03
  -3.9657829e-03
   6.3940864e-03
   6.3800773e-03
   6.3812004e-03
   6.3575614e-03
   6.2502537e-03
   6.1149630e-03
   5.9780572e-03
   5.7976048e-03
   5.6322532e-03
   5.4980669e-03
   5.3920471e-03
   5.3407969e-03
   5.3432345e-03
   5.4605254e-03
   5.6220440e-03
   5.7938335e-03
   5.9526636e-03
   6.0077616e-03
   5.9600639e-03
   5.6856459e-03
   5.2489570e-03
   4.6534086e-03
   3.7214596e-03
   2.7204774e-03
   1.3950804e-03
  -9.5806089e-04
  -3.6072184e-03
  -5.7573685e-03
  -4.7216500e-03
  -1.9928587e-03
  -4.9788619e-04
  -2.4390224e-03
   0.0000000e+00
   0.0000000e+00
   0.0000000e+00
   0.0000000e+00
   0.0000000e+00
  -0.0000000e+00
  -9.7096579e-03
  -7.2974269e-03
   2.7693840e-03
   5.6957389e-03
   3.5021688e-03
  -1.8772984e-03
  -7.7294423e-03
  -1.0983988e-02
  -4.3564517e-03
  -1.3444245e-03
  -1.3120302e-03
  -1.4935590e-03
  -1.4925909e-03
  -1.9744445e-03
  -3.4536575e-03
  -4.3243591e-03
  -1.1223453e-02
   0.0000000e+00
   0.0000000e+00
   1.3129063e-03
   1.3234647e-03
   2.4980080e-03
   3.9109367e-03
   4.8519777e-03
   5.1255593e-03
   5.3858736e-03
   5.7719000e-03
   6.0884474e-03
   6.3430218e-03
   6.4937994e-03
   6.5320384e-03
   6.5219554e-03
   6.4712891e-03
   6.4272550e-03
   1.0338433e-02
   1.0450136e-02
   1.0533440e-02
   1.0598112e-02
   1.0606904e-02
   1.0547994e-02
   1.0457160e-02
   1.0327633e-02
   1.0223148e-02
   1.0156999e-02
   1.0119622e-02
   1.0106360e-02
   1.0121172e-02
   1.0214202e-02
   1.0309507e-02
   1.0338241e-02
   1.0180844e-02
   9.8442212e-03
   9.3008487e-03
   8.2945138e-03
   7.1657494e-03
   5.8025724e-03
   3.8128520e-03
   1.8706553e-03
  -4.2438884e-04
  -3.9692066e-03
  -7.5297670e-03
  -1.0375704e-02
  -9.3873868e-03
  -5.0658753e-03
  -2.9151231e-04
  -2.4390224e-03
   0.0000000e+00
   0.0000000e+00
   0.0000000e+00
   0.0000000e+00
   0.0000000e+00
  -0.0000000e+00
  -1.1483378e-02
  -9.2466201e-03
   1.3048851e-03
   5.6417441e-03
   4.1602278e-03
  -1.1235504e-03
  -7.1882851e-03
  -1.2708692e-02
  -6.8438731e-03
  -3.2984713e-03
  -3.0827231e-03
  -3.1458719e-03
  -3.0481782e-03
  -3.4073397e-03
  -4.6310016e-03
  -5.5520529e-03
  -1.0912642e-02
  -2.5687751e-02
   0.0000000e+00
   3.5792526e-04
   6.7936324e-04
   2.2253198e-03
   4.1008727e-03
   5.5732569e-03
   6.3368163e-03
   7.0725115e-03
   7.9890171e-03
   8.6966495e-03
   9.2686967e-03
   9.7019569e-03
   9.9300238e-03
   1.0079822e-02
   1.0181881e-02
   1.0252878e-02
   1.5573346e-02
   1.5851893e-02
   1.6044266e-02
   1.6226144e-02
   1.6389025e-02
   1.6431485e-02
   1.6401799e-02
   1.6339859e-02
   1.6316155e-02
   1.6340305e-02
   1.6394031e-02
   1.6431187e-02
   1.6462421e-02
   1.6523252e-02
   1.6530679e-02
   1.6369550e-02
   1.5792459e-02
   1.4935947e-02
   1.3734718e-02
   1.1756987e-02
   9.7097047e-03
   7.3277355e-03
   3.9341474e-03
   7.4277651e-04
  -2.8391774e-03
  -7.9655807e-03
  -1.2735750e-02
  -1.6505131e-02
  -1.5579724e-02
  -9.1443643e-03
  -1.7614142e-05
   0.0000000e+00
   0.0000000e+00
   0.0000000e+00
   0.0000000e+00
   0.0000000e+00
   0.0000000e+00
  -0.0000000e+00
  -1.3837449e-02
  -1.1833577e-02
  -6.3878886e-04
   5.5700825e-03
   5.0335996e-03
  -1.2318059e-04
  -6.4700646e-03
  -1.4997708e-02
  -1.0145164e-02
  -5.8918703e-03
  -5.4327760e-03
  -5.3388116e-03
  -5.1127442e-03
  -5.3090694e-03
  -6.1935655e-03
  -7.1814405e-03
  -1.0500136e-02
  -2.5687751e-02
   0.0000000e+00
  -9.0951972e-04
  -1.7548435e-04
   1.8634098e-03
   4.3529546e-03
   6.5305342e-03
   7.9443892e-03
   9.3110070e-03
   1.0931561e-02
   1.2158239e-02
   1.3151635e-02
   1.3959804e-02
   1.4439809e-02
   1.4801800e-02
   1.5106555e-02
   1.5330222e-02
   1.6737129e-02
   1.7464142e-02
   1.7965266e-02
   1.8398565e-02
   1.8791950e-02
   1.8936725e-02
   1.8918896e-02
   1.8740731e-02
   1.8571704e-02
   1.8427498e-02
   1.8185415e-02
   1.7890875e-02
   1.7535470e-02
   1.6968801e-02
   1.6299617e-02
   1.5346475e-02
   1.3802308e-02
   1.2233911e-02
   1.0477341e-02
   8.0674969e-03
   5.6990304e-03
   2.9347647e-03
  -9.7147829e-04
  -4.7548853e-03
  -9.0770855e-03
  -1.5127424e-02
  -2.0780932e-02
  -2.5876767e-02
  -2.7893354e-02
  -1.9324410e-02
  -8.6027015e-03
   0.0000000e+00
   0.0000000e+00
   0.0000000e+00
   0.0000000e+00
   0.0000000e+00
   0.0000000e+00
  -0.0000000e+00
  -2.0547990e-02
  -1.7666364e-02
  -5.8150916e-03
   3.7855777e-03
   5.9900101e-03
  -1.2318059e-04
  -6.4700646e-03
  -1.3352556e-02
  -1.4454041e-02
  -1.0463702e-02
  -9.5824325e-03
  -9.4022913e-03
  -8.9257585e-03
  -8.9017914e-03
  -9.6595226e-03
  -1.0427955e-02
  -1.1723244e-02
  -1.4442538e-02
  -1.0825115e-02
  -7.2133434e-03
  -6.0277281e-03
  -3.7199597e-03
  -8.5060408e-04
   1.8071683e-03
   3.6995869e-03
   5.6510331e-03
   7.9776632e-03
   9.7393464e-03
   1.1285121e-02
   1.2736853e-02
   1.3738400e-02
   1.4593065e-02
   1.5435967e-02
   1.6084986e-02
   1.4491438e-02
   1.5421262e-02
   1.6080792e-02
   1.6641602e-02
   1.7176444e-02
   1.7422780e-02
   1.7483955e-02
   1.7344615e-02
   1.7137453e-02
   1.6905232e-02
   1.6507898e-02
   1.6043295e-02
   1.5490144e-02
   1.4636074e-02
   1.3705928e-02
   1.2520192e-02
   1.0773865e-02
   9.1111043e-03
   7.3122109e-03
   4.9094286e-03
   2.5888458e-03
  -6.7583272e-05
  -3.7682073e-03
  -7.3540640e-03
  -1.1437937e-02
  -1.7235235e-02
  -2.3034003e-02
  -2.9154009e-02
  -3.4163843e-02
  -2.9310664e-02
  -2.5224623e-02
   0.0000000e+00
   0.0000000e+00
   0.0000000e+00
   0.0000000e+00
   0.0000000e+00
   0.0000000e+00
   0.0000000e+00
  -0.0000000e+00
  -2.1149053e-02
  -8.8858873e-03
   2.3876660e-03
   6.6580326e-03
   0.0000000e+00
   0.0000000e+00
  -1.3002547e-02
  -1.5092153e-02
  -1.2580802e-02
  -1.1501224e-02
  -1.1438555e-02
  -1.0897044e-02
  -1.0762374e-02
  -1.1453176e-02
  -1.2294131e-02
  -1.3260049e-02
  -1.4387656e-02
  -1.2911670e-02
  -1.0779109e-02
  -9.6455171e-03
  -7.3306741e-03
  -4.4617852e-03
  -1.7457145e-03
   2.1986865e-04
   2.2814232e-03
   4.7558575e-03
   6.6031494e-03
   8.2498692e-03
   9.8465373e-03
   1.0960922e-02
   1.1932103e-02
   1.2919038e-02
   1.3699497e-02
   8.8466547e-03
   1.0081196e-02
   1.0994111e-02
   1.1757816e-02
   1.2535680e-02
   1.2979902e-02
   1.3220100e-02
   1.3213951e-02
   1.2972091e-02
   1.2597897e-02
   1.1949711e-02
   1.1213161e-02
   1.0344146e-02
   9.0552920e-03
   7.7699406e-03
   6.3376060e-03
   4.4801902e-03
   2.8620677e-03
   1.1706419e-03
  -1.0556709e-03
  -3.1461036e-03
  -5.4105551e-03
  -8.4438962e-03
  -1.1351795e-02
  -1.4608139e-02
  -1.9475702e-02
  -2.5284477e-02
  -3.3290846e-02
  -4.4160033e-02
  -4.8723866e-02
  -5.1093250e-02
   0.0000000e+00
   0.0000000e+00
   0.0000000e+00
   0.0000000e+00
   0.0000000e+00
   0.0000000e+00
   0.0000000e+00
  -3.3006246e-02
  -2.7073822e-02
  -1.4097586e-02
  -1.9670037e-04
   7.8546326e-03
   0.0000000e+00
   0.0000000e+00
   0.0000000e+00
  -1.4977396e-02
  -1.5802295e-02
  -1.4418713e-02
  -1.4660698e-02
  -1.4061113e-02
  -1.3751042e-02
  -1.4333417e-02
  -1.5424036e-02
  -1.6374842e-02
  -1.7384564e-02
  -1.7755876e-02
  -1.7306065e-02
  -1.5876730e-02
  -1.3645066e-02
  -1.0917961e-02
  -8.2444297e-03
  -6.2862685e-03
  -4.1857318e-03
  -1.6297154e-03
   2.1813666e-04
   1.8945853e-03
   3.5893360e-03
   4.7724843e-03
   5.8316607e-03
   6.9536320e-03
   7.8816759e-03
   6.6925873e-04
   2.0535783e-03
   3.2116214e-03
   4.2327031e-03
   5.3520975e-03
   6.1513419e-03
   6.8265451e-03
   7.4024979e-03
   7.5536429e-03
   7.4491991e-03
   7.0651532e-03
   6.5273979e-03
   5.8220355e-03
   4.6987800e-03
   3.5324497e-03
   2.2203278e-03
   4.9462360e-04
  -1.0272572e-03
  -2.6112955e-03
  -4.6790329e-03
  -6.5309691e-03
  -8.3965377e-03
  -1.0745318e-02
  -1.2985297e-02
  -1.5548283e-02
  -1.9553258e-02
  -2.4506818e-02
  -3.1891855e-02
  -4.6382167e-02
  -6.8047082e-02
  -8.1999922e-02
   0.0000000e+00
  -0.0000000e+00
  -1.5044353e-02
  -2.0707900e-02
  -2.8443910e-02
  -5.4434411e-02
  -5.5238026e-02
  -3.7639217e-02
  -3.2896222e-02
  -2.0229913e-02
  -4.1702219e-03
   5.0467318e-03
   0.0000000e+00
   0.0000000e+00
   0.0000000e+00
  -1.6344458e-02
  -1.7528494e-02
  -1.7349451e-02
  -1.7719604e-02
  -1.7118233e-02
  -1.6514882e-02
  -1.6697487e-02
  -1.7590871e-02
  -1.8939293e-02
  -2.0867521e-02
  -2.2358920e-02
  -2.2754350e-02
  -2.1809451e-02
  -2.0285721e-02
  -1.8145038e-02
  -1.5889610e-02
  -1.4144368e-02
  -1.2173313e-02
  -9.6367321e-03
  -7.7840882e-03
  -6.1679754e-03
  -4.5450896e-03
  -3.4263245e-03
  -2.4091146e-03
  -1.2767917e-03
  -3.3255597e-04
  -4.3459048e-03
  -2.9234044e-03
  -1.6616507e-03
  -5.1061400e-04
   8.0404430e-04
   1.8244258e-03
   2.7895902e-03
   3.8034427e-03
   4.3082686e-03
   4.4912578e-03
   4.4032304e-03
   4.1000314e-03
   3.6135021e-03
   2.7140184e-03
   1.6965538e-03
   4.9757950e-04
  -1.1344980e-03
  -2.6034700e-03
  -4.1391444e-03
  -6.1577472e-03
  -7.9406010e-03
  -9.6809295e-03
  -1.1809173e-02
  -1.3833278e-02
  -1.6155918e-02
  -1.9745966e-02
  -2.4054694e-02
  -3.0418076e-02
  -4.3888846e-02
  -6.5854742e-02
  -5.7733431e-02
  -1.8237965e-02
  -1.4245371e-02
  -1.6914686e-02
  -2.1933365e-02
  -2.8860186e-02
  -5.0722461e-02
  -5.2926450e-02
  -4.0172214e-02
  -3.6897558e-02
  -2.4474827e-02
  -7.2686917e-03
   1.2761724e-03
   0.0000000e+00
   0.0000000e+00
   0.0000000e+00
  -0.0000000e+00
  -1.9331841e-02
  -1.9235169e-02
  -1.9495547e-02
  -1.8859621e-02
  -1.8038196e-02
  -1.7906801e-02
  -1.8612102e-02
  -2.0056201e-02
  -2.2405357e-02
  -2.4395521e-02
  -2.5262921e-02
  -2.4770147e-02
  -2.3698944e-02
  -2.1960915e-02
  -2.0040581e-02
  -1.8511654e-02
  -1.6717184e-02
  -1.4298925e-02
  -1.2495026e-02
  -1.0956399e-02
  -9.4073161e-03
  -8.3410925e-03
  -7.3655634e-03
  -6.2502000e-03
  -5.3296797e-03
  -1.2979989e-02
  -1.1603517e-02
  -1.0260294e-02
  -8.9436024e-03
  -7.3223350e-03
  -5.9141582e-03
  -4.4015472e-03
  -2.4653709e-03
  -1.1170984e-03
  -1.8525904e-04
   5.1538440e-04
   8.5051352e-04
   9.8738155e-04
   7.2759540e-04
   1.2438564e-04
  -7.9771526e-04
  -2.2418538e-03
  -3.6324717e-03
  -5.1213120e-03
  -7.1555130e-03
  -8.9801431e-03
  -1.0753445e-02
  -1.2916973e-02
  -1.4972853e-02
  -1.7266663e-02
  -2.0379930e-02
  -2.3327977e-02
  -2.6598711e-02
  -3.1567548e-02
  -3.2841369e-02
  -2.4791536e-02
  -1.8237965e-02
  -1.9663654e-02
  -2.4028826e-02
  -2.6594637e-02
  -3.0443564e-02
  -3.6603405e-02
  -4.4133965e-02
  -4.6848925e-02
  -4.4682538e-02
  -3.2790544e-02
  -2.0692014e-02
   0.0000000e+00
   0.0000000e+00
   0.0000000e+00
   0.0000000e+00
  -2.5883923e-02
  -2.3986949e-02
  -2.2665482e-02
  -2.2344650e-02
  -2.1579565e-02
  -2.0303157e-02
  -1.9487887e-02
  -1.9729636e-02
  -2.1029931e-02
  -2.3807290e-02
  -2.6264315e-02
  -2.7847627e-02
  -2.8455996e-02
  -2.8202075e-02
  -2.7246793e-02
  -2.6067160e-02
  -2.5089141e-02
  -2.3801005e-02
  -2.1807986e-02
  -2.0195615e-02
  -1.8874674e-02
  -1.7514547e-02
  -1.6565962e-02
  -1.5695384e-02
  -1.4657748e-02
  -1.3848109e-02
  -1.8459404e-02
  -1.7484895e-02
  -1.6504811e-02
  -1.5500282e-02
  -1.4155762e-02
  -1.2840352e-02
  -1.1259751e-02
  -8.8469657e-03
  -6.8202995e-03
  -5.1358988e-03
  -3.5669889e-03
  -2.5266400e-03
  -1.6963755e-03
  -1.1119445e-03
  -1.0760202e-03
  -1.5222805e-03
  -2.6103771e-03
  -3.8654825e-03
  -5.3460805e-03
  -7.4101630e-03
  -9.3014711e-03
  -1.1182072e-02
  -1.3517544e-02
  -1.5703289e-02
  -1.8098828e-02
  -2.1424926e-02
  -2.4787006e-02
  -2.8458237e-02
  -3.2091315e-02
  -3.1866643e-02
  -2.6783992e-02
  -2.2798189e-02
  -2.4301866e-02
  -2.8004270e-02
  -3.2053792e-02
  -3.5684076e-02
  -3.9970027e-02
  -4.4979263e-02
  -4.7159427e-02
  -4.7232374e-02
  -4.0476744e-02
  -3.1062132e-02
   0.0000000e+00
  -0.0000000e+00
  -1.5696761e-02
  -1.5460449e-02
  -2.1115256e-02
  -2.4910063e-02
  -2.4848656e-02
  -2.4267642e-02
  -2.3276835e-02
  -2.1671597e-02
  -2.0339205e-02
  -2.0157225e-02
  -2.1104093e-02
  -2.3727980e-02
  -2.6302466e-02
  -2.8366198e-02
  -2.9707499e-02
  -2.9957253e-02
  -2.9539371e-02
  -2.8857378e-02
  -2.8251435e-02
  -2.7412215e-02
  -2.5857598e-02
  -2.4414487e-02
  -2.3185471e-02
  -2.1982778e-02
  -2.1140178e-02
  -2.0419696e-02
  -1.9623639e-02
  -1.9071794e-02
  -2.1704629e-02
  -2.1003904e-02
  -2.0306589e-02
  -1.9582869e-02
  -1.8527942e-02
  -1.7389163e-02
  -1.5914817e-02
  -1.3405677e-02
  -1.1067198e-02
  -8.9626809e-03
  -6.8740188e-03
  -5.3713245e-03
  -4.0635792e-03
  -2.8849619e-03
  -2.3578405e-03
  -2.3949358e-03
  -3.1222668e-03
  -4.1893176e-03
  -5.5844390e-03
  -7.6118477e-03
  -9.5022914e-03
  -1.1402839e-02
  -1.3759325e-02
  -1.5929445e-02
  -1.8277273e-02
  -2.1559248e-02
  -2.4957913e-02
  -2.8641804e-02
  -3.1519803e-02
  -3.0719696e-02
  -2.7397965e-02
  -2.4919945e-02
  -2.6425522e-02
  -2.9716266e-02
  -3.4396409e-02
  -3.7876476e-02
  -4.1105158e-02
  -4.4677106e-02
  -4.6636117e-02
  -4.8210323e-02
  -4.4973351e-02
  -3.7488309e-02
   0.0000000e+00
  -0.0000000e+00
  -1.4021473e-02
  -1.5233961e-02
  -2.0688806e-02
  -2.5277781e-02
  -2.5908586e-02
  -2.5331197e-02
  -2.4273291e-02
  -2.2515841e-02
  -2.0891185e-02
  -2.0436017e-02
  -2.1126630e-02
  -2.3582241e-02
  -2.6178463e-02
  -2.8482786e-02
  -3.0256533e-02
  -3.0861255e-02
  -3.0809728e-02
  -3.0460268e-02
  -3.0077332e-02
  -2.9497652e-02
  -2.8216738e-02
  -2.6895913e-02
  -2.5732383e-02
  -2.4621860e-02
  -2.3850571e-02
  -2.3221265e-02
  -2.2553888e-02
  -2.2149179e-02
  -2.4996792e-02
  -2.4706446e-02
  -2.4547362e-02
  -2.4464712e-02
  -2.4170274e-02
  -2.3662532e-02
  -2.2840051e-02
  -2.0923522e-02
  -1.8602801e-02
  -1.6167122e-02
  -1.3530713e-02
  -1.1393102e-02
  -9.3528852e-03
  -7.2217321e-03
  -5.7779599e-03
  -4.9271147e-03
  -4.7318641e-03
  -5.2078708e-03
  -6.2170132e-03
  -8.0053266e-03
  -9.7450477e-03
  -1.1503925e-02
  -1.3581627e-02
  -1.5392282e-02
  -1.7290827e-02
  -1.9896159e-02
  -2.2557247e-02
  -2.5420228e-02
  -2.7666030e-02
  -2.7440903e-02
  -2.5918877e-02
  -2.4922186e-02
  -2.6265235e-02
  -2.9067325e-02
  -3.3465908e-02
  -3.6716631e-02
  -3.9067897e-02
  -4.1389655e-02
  -4.3479238e-02
  -4.7226217e-02
  -4.9328538e-02
  -4.5063462e-02
   0.0000000e+00
  -0.0000000e+00
  -6.1012716e-03
  -1.4163203e-02
  -2.1294469e-02
  -2.4986144e-02
  -2.6118407e-02
  -2.6130341e-02
  -2.5251613e-02
  -2.3497707e-02
  -2.1628574e-02
  -2.0813708e-02
  -2.1070083e-02
  -2.3067658e-02
  -2.5508322e-02
  -2.7893548e-02
  -3.0099914e-02
  -3.1275140e-02
  -3.1773779e-02
  -3.1902031e-02
  -3.1755137e-02
  -3.1415233e-02
  -3.0464173e-02
  -2.9349240e-02
  -2.8293151e-02
  -2.7272150e-02
  -2.6604916e-02
  -2.6076575e-02
  -2.5486283e-02
  -2.5210248e-02
  -2.5628700e-02
  -2.5371765e-02
  -2.5392313e-02
  -2.5618653e-02
  -2.5832399e-02
  -2.5818427e-02
  -2.5587205e-02
  -2.4538546e-02
  -2.2884489e-02
  -2.0806266e-02
  -1.8415129e-02
  -1.6370277e-02
  -1.4241299e-02
  -1.1706623e-02
  -9.7374506e-03
  -8.2345750e-03
  -7.1601539e-03
  -6.9120618e-03
  -7.2972117e-03
  -8.5041157e-03
  -9.9288706e-03
  -1.1418596e-02
  -1.3172590e-02
  -1.4692980e-02
  -1.6234439e-02
  -1.8222349e-02
  -2.0123943e-02
  -2.2108637e-02
  -2.3728004e-02
  -2.3875578e-02
  -2.3343261e-02
  -2.3439153e-02
  -2.5076221e-02
  -2.7679635e-02
  -3.1261177e-02
  -3.3958740e-02
  -3.5866554e-02
  -3.8196566e-02
  -4.0672499e-02
  -4.3902720e-02
  -4.6257043e-02
  -4.3009368e-02
   0.0000000e+00
   5.6548310e-03
  -3.9075646e-03
  -1.1854206e-02
  -1.8588209e-02
  -2.2372544e-02
  -2.4316920e-02
  -2.5086836e-02
  -2.4649848e-02
  -2.3242306e-02
  -2.1496495e-02
  -2.0559372e-02
  -2.0571776e-02
  -2.2160775e-02
  -2.4346009e-02
  -2.6564419e-02
  -2.8809735e-02
  -3.0229785e-02
  -3.1101788e-02
  -3.1595456e-02
  -3.1667946e-02
  -3.1477591e-02
  -3.0709131e-02
  -2.9724817e-02
  -2.8769440e-02
  -2.7844191e-02
  -2.7231598e-02
  -2.6735518e-02
  -2.6129246e-02
  -2.5822757e-02
  -2.5618874e-02
  -2.5355857e-02
  -2.5438461e-02
  -2.5832837e-02
  -2.6352477e-02
  -2.6637902e-02
  -2.6779235e-02
  -2.6335036e-02
  -2.5197507e-02
  -2.3476647e-02
  -2.1369979e-02
  -1.9527391e-02
  -1.7493872e-02
  -1.4829558e-02
  -1.2595339e-02
  -1.0712579e-02
  -9.0843134e-03
  -8.3158789e-03
  -8.2191756e-03
  -8.9477039e-03
  -1.0073143e-02
  -1.1295075e-02
  -1.2748169e-02
  -1.4037762e-02
  -1.5330983e-02
  -1.6912849e-02
  -1.8308551e-02
  -1.9710739e-02
  -2.0875395e-02
  -2.1216272e-02
  -2.1274807e-02
  -2.2015401e-02
  -2.3871504e-02
  -2.6424597e-02
  -2.9509251e-02
  -3.1726213e-02
  -3.3272414e-02
  -3.5628350e-02
  -3.8281388e-02
  -4.0938668e-02
  -4.2167229e-02
  -3.4582178e-02
  -3.7932938e-03
   6.3928901e-03
  -2.4121128e-03
  -9.7454738e-03
  -1.6136067e-02
  -1.9945953e-02
  -2.2397554e-02
  -2.3755838e-02
  -2.3667087e-02
  -2.2541374e-02
  -2.0965666e-02
  -2.0002346e-02
  -1.9865916e-02
  -2.1169434e-02
  -2.3144426e-02
  -2.5235422e-02
  -2.7460539e-02
  -2.8999942e-02
  -3.0091914e-02
  -3.0853439e-02
  -3.1098289e-02
  -3.1038423e-02
  -3.0416497e-02
  -2.9534548e-02
  -2.8640032e-02
  -2.7801201e-02
  -2.7241429e-02
  -2.6759872e-02
  -2.6129076e-02
  -2.5800910e-02
  -2.4585157e-02
  -2.4248142e-02
  -2.4262333e-02
  -2.4752093e-02
  -2.5531276e-02
  -2.6076461e-02
  -2.6577655e-02
  -2.6861961e-02
  -2.6465522e-02
  -2.5421552e-02
  -2.3915823e-02
  -2.2629652e-02
  -2.1068382e-02
  -1.8591699e-02
  -1.6267171e-02
  -1.4095191e-02
  -1.1932256e-02
  -1.0500321e-02
  -9.7155688e-03
  -9.7007788e-03
  -1.0283909e-02
  -1.1000649e-02
  -1.1919756e-02
  -1.2866162e-02
  -1.3861266e-02
  -1.5008232e-02
  -1.5846655e-02
  -1.6613136e-02
  -1.7187958e-02
  -1.7611283e-02
  -1.8158288e-02
  -1.9411828e-02
  -2.1564290e-02
  -2.4256715e-02
  -2.6906421e-02
  -2.8327648e-02
  -2.9318210e-02
  -3.1751212e-02
  -3.4408798e-02
  -3.5891751e-02
  -3.2808146e-02
  -2.1558858e-02
  -3.7932938e-03
   5.7180367e-03
  -6.8344046e-04
  -6.0671922e-03
  -1.1892369e-02
  -1.5644508e-02
  -1.8574787e-02
  -2.0779461e-02
  -2.1202546e-02
  -2.0508686e-02
  -1.9329243e-02
  -1.8468241e-02
  -1.8200328e-02
  -1.9157711e-02
  -2.0805871e-02
  -2.2717803e-02
  -2.4811089e-02
  -2.6378138e-02
  -2.7644208e-02
  -2.8758876e-02
  -2.9255880e-02
  -2.9413082e-02
  -2.9011724e-02
  -2.8279016e-02
  -2.7436764e-02
  -2.6746888e-02
  -2.6284312e-02
  -2.5802209e-02
  -2.5111438e-02
  -2.4756084e-02
  -2.2094822e-02
  -2.1696431e-02
  -2.1548739e-02
  -2.1972442e-02
  -2.2858077e-02
  -2.3501359e-02
  -2.4087778e-02
  -2.4630463e-02
  -2.4671860e-02
  -2.4181009e-02
  -2.3225022e-02
  -2.2448872e-02
  -2.1514641e-02
  -1.9639490e-02
  -1.7611789e-02
  -1.5547039e-02
  -1.3359288e-02
  -1.1703533e-02
  -1.0547859e-02
  -1.0016412e-02
  -1.0126759e-02
  -1.0430603e-02
  -1.0823489e-02
  -1.1313233e-02
  -1.1981654e-02
  -1.2888979e-02
  -1.3505529e-02
  -1.3983282e-02
  -1.4020312e-02
  -1.4195333e-02
  -1.4979932e-02
  -1.6515362e-02
  -1.8792535e-02
  -2.1748334e-02
  -2.4680962e-02
  -2.5058897e-02
  -2.4738713e-02
  -2.7340082e-02
  -2.9942079e-02
  -3.1834939e-02
  -2.8097309e-02
  -1.6662714e-02
  -2.9154672e-03
   5.2306808e-03
   1.9720489e-03
  -2.2398385e-03
  -7.1649747e-03
  -1.0631239e-02
  -1.3610163e-02
  -1.6355494e-02
  -1.7282651e-02
  -1.6918035e-02
  -1.6075409e-02
  -1.5441325e-02
  -1.5145641e-02
  -1.5888742e-02
  -1.7352837e-02
  -1.9204647e-02
  -2.1210418e-02
  -2.2717414e-02
  -2.3959719e-02
  -2.5132881e-02
  -2.5828830e-02
  -2.6236303e-02
  -2.6171030e-02
  -2.5620551e-02
  -2.4811112e-02
  -2.4159815e-02
  -2.3851653e-02
  -2.3511565e-02
  -2.2767704e-02
  -2.2302262e-02
  -1.9783903e-02
  -1.9343631e-02
  -1.9104443e-02
  -1.9438486e-02
  -2.0310030e-02
  -2.0988959e-02
  -2.1577693e-02
  -2.2175683e-02
  -2.2407809e-02
  -2.2190274e-02
  -2.1555467e-02
  -2.1068517e-02
  -2.0493153e-02
  -1.9085867e-02
  -1.7357627e-02
  -1.5463505e-02
  -1.3385984e-02
  -1.1713988e-02
  -1.0411219e-02
  -9.6384419e-03
  -9.5185389e-03
  -9.6088343e-03
  -9.7382717e-03
  -9.9300390e-03
  -1.0353264e-02
  -1.1124021e-02
  -1.1718457e-02
  -1.2221466e-02
  -1.2185719e-02
  -1.2078817e-02
  -1.2792308e-02
  -1.4444647e-02
  -1.6760311e-02
  -1.9996875e-02
  -2.3346949e-02
  -2.3820096e-02
  -2.3489969e-02
  -2.4122989e-02
  -2.6423978e-02
  -2.8529629e-02
  -2.4422839e-02
  -1.2741110e-02
  -6.4310517e-04
   6.9086301e-03
   4.8769254e-03
   1.1327595e-03
  -3.3655739e-03
  -6.6008969e-03
  -9.4829573e-03
  -1.2455062e-02
  -1.3719745e-02
  -1.3634865e-02
  -1.3046473e-02
  -1.2595775e-02
  -1.2337316e-02
  -1.2943450e-02
  -1.4310508e-02
  -1.6133933e-02
  -1.8149786e-02
  -1.9655162e-02
  -2.0884092e-02
  -2.2051643e-02
  -2.2822523e-02
  -2.3373798e-02
  -2.3562425e-02
  -2.3185949e-02
  -2.2430663e-02
  -2.1767036e-02
  -2.1505350e-02
  -2.1289432e-02
  -2.0592469e-02
  -2.0055620e-02
  -1.7087811e-02
  -1.6605994e-02
  -1.6288570e-02
  -1.6504238e-02
  -1.7304545e-02
  -1.7998176e-02
  -1.8552337e-02
  -1.9125297e-02
  -1.9475289e-02
  -1.9460127e-02
  -1.9108298e-02
  -1.8869380e-02
  -1.8604438e-02
  -1.7699142e-02
  -1.6331937e-02
  -1.4671411e-02
  -1.2787189e-02
  -1.1189196e-02
  -9.8105065e-03
  -8.8717730e-03
  -8.5844559e-03
  -8.5079481e-03
  -8.4391957e-03
  -8.3443889e-03
  -8.5096817e-03
  -9.1627705e-03
  -9.8206254e-03
  -1.0495440e-02
  -1.0581736e-02
  -1.0120915e-02
  -1.0609885e-02
  -1.2328380e-02
  -1.4651454e-02
  -1.8233234e-02
  -2.2145540e-02
  -2.2671928e-02
   0.0000000e+00
  -2.0795093e-02
  -2.2623810e-02
  -2.4896359e-02
  -2.0474302e-02
  -8.4677494e-03
   2.7157454e-03
   9.9004469e-03
   8.4799315e-03
   4.9805774e-03
   7.8191147e-04
  -2.2006495e-03
  -4.9007585e-03
  -8.0039576e-03
  -9.5991968e-03
  -9.8281605e-03
  -9.5080640e-03
  -9.2581204e-03
  -9.0736735e-03
  -9.5500520e-03
  -1.0839714e-02
  -1.2643328e-02
  -1.4715264e-02
  -1.6245018e-02
  -1.7462558e-02
  -1.8594487e-02
  -1.9399537e-02
  -2.0075644e-02
  -2.0532346e-02
  -2.0361257e-02
  -1.9680658e-02
  -1.8979280e-02
  -1.8724813e-02
  -1.8650066e-02
  -1.8054503e-02
  -1.7449274e-02
  -1.1993393e-02
  -1.1505591e-02
  -1.1193441e-02
  -1.1322645e-02
  -1.1931170e-02
  -1.2482352e-02
  -1.2888890e-02
  -1.3301948e-02
  -1.3645832e-02
  -1.3766459e-02
  -1.3582384e-02
  -1.3519798e-02
  -1.3466140e-02
  -1.2967982e-02
  -1.2127400e-02
  -1.0907622e-02
  -9.4117124e-03
  -8.1189589e-03
  -6.7765459e-03
  -5.6697795e-03
  -5.3002217e-03
  -5.2417365e-03
  -5.1555518e-03
  -4.9195636e-03
  -4.8546909e-03
  -5.2464301e-03
  -5.9811605e-03
  -7.0045145e-03
  -8.0916298e-03
  -7.8105226e-03
  -7.6343741e-03
  -8.8238920e-03
  -1.1177001e-02
  -1.5617243e-02
  -2.3846952e-02
   0.0000000e+00
   0.0000000e+00
  -1.7609325e-02
  -1.4615112e-02
  -1.3601664e-02
   0.0000000e+00
   7.5111715e-03
   1.0575901e-02
   1.7652534e-02
   1.7058451e-02
   1.3312166e-02
   8.7903188e-03
   5.9202545e-03
   3.5513286e-03
   6.4605453e-04
  -1.3051114e-03
  -2.1029685e-03
  -2.3271542e-03
  -2.4335792e-03
  -2.5091198e-03
  -2.9703830e-03
  -4.2283901e-03
  -6.1098147e-03
  -8.3589446e-03
  -1.0028256e-02
  -1.1321614e-02
  -1.2535777e-02
  -1.3371579e-02
  -1.4091103e-02
  -1.4717827e-02
  -1.4866405e-02
  -1.4453569e-02
  -1.3760633e-02
  -1.3408604e-02
  -1.3360435e-02
  -1.2970932e-02
  -1.2428681e-02
  -8.1814229e-03
  -7.7941978e-03
  -7.5365448e-03
  -7.6544233e-03
  -8.2554498e-03
  -8.7687801e-03
  -9.0664928e-03
  -9.3644234e-03
  -9.6107659e-03
  -9.7406459e-03
  -9.6109858e-03
  -9.5529529e-03
  -9.5523056e-03
  -9.1665164e-03
  -8.4847123e-03
  -7.4730785e-03
  -6.1988913e-03
  -5.1630451e-03
  -3.9908223e-03
  -2.8000203e-03
  -2.2641487e-03
  -2.1562064e-03
  -2.1462719e-03
  -1.9331059e-03
  -1.8223959e-03
  -2.0521325e-03
  -2.7195396e-03
  -3.8048555e-03
  -5.6070795e-03
  -6.0128776e-03
  -5.6123899e-03
  -6.0437482e-03
  -8.0894735e-03
  -1.2878195e-02
  -2.9789899e-02
   0.0000000e+00
   0.0000000e+00
  -1.7609325e-02
  -1.4615112e-02
  -1.3601664e-02
   0.0000000e+00
   0.0000000e+00
   1.4565615e-02
   1.9091756e-02
   2.0783484e-02
   1.8173161e-02
   1.4038069e-02
   1.1443798e-02
   9.4524343e-03
   7.1024147e-03
   5.2172360e-03
   4.1170588e-03
   3.4624359e-03
   3.0781591e-03
   2.7603741e-03
   2.1174659e-03
   7.6428650e-04
  -1.2808350e-03
  -3.7567014e-03
  -5.6321234e-03
  -7.0845493e-03
  -8.3804708e-03
  -9.2404045e-03
  -9.9162958e-03
  -1.0529668e-02
  -1.0735654e-02
  -1.0431949e-02
  -9.8034383e-03
  -9.4362651e-03
  -9.3536117e-03
  -9.0487005e-03
  -8.5997033e-03
  -3.9075116e-03
  -3.6224279e-03
  -3.4596314e-03
  -3.5802535e-03
  -4.2004279e-03
  -4.7468150e-03
  -4.9878676e-03
  -5.2117329e-03
  -5.3756329e-03
  -5.4770351e-03
  -5.3966524e-03
  -5.3188411e-03
  -5.3358587e-03
  -5.0152011e-03
  -4.4614705e-03
  -3.6157010e-03
  -2.4767816e-03
  -1.6461071e-03
  -7.0317598e-04
   4.5282953e-04
   1.1261540e-03
   1.3994343e-03
   1.4500325e-03
   1.6188102e-03
   1.7514583e-03
   1.6792646e-03
   1.1315810e-03
   6.7752151e-05
  -2.2736443e-03
  -3.6081636e-03
  -3.2655846e-03
  -2.7439892e-03
  -4.1030422e-03
  -8.8994445e-03
  -3.0831406e-02
  -3.1386856e-02
   0.0000000e+00
   0.0000000e+00
   0.0000000e+00
   0.0000000e+00
   0.0000000e+00
   0.0000000e+00
   1.7340190e-02
   1.8396634e-02
   2.1640978e-02
   2.0813890e-02
   1.7977752e-02
   1.6120407e-02
   1.4820692e-02
   1.3464209e-02
   1.2066558e-02
   1.0984020e-02
   1.0018999e-02
   9.3257459e-03
   8.7387175e-03
   7.8504572e-03
   6.3333078e-03
   4.0893131e-03
   1.3540070e-03
  -7.8779952e-04
  -2.4942576e-03
  -3.9463319e-03
  -4.8261178e-03
  -5.4321160e-03
  -5.9840479e-03
  -6.2138349e-03
  -5.9364092e-03
  -5.3335904e-03
  -4.9692269e-03
  -4.8318034e-03
  -4.5974374e-03
  -4.2621796e-03
   9.4302580e-04
   1.1151726e-03
   1.1368442e-03
   9.8640786e-04
   3.1940594e-04
  -3.4568081e-04
  -6.1330786e-04
  -8.2171389e-04
  -9.2419894e-04
  -9.5818136e-04
  -9.1784538e-04
  -7.8848458e-04
  -7.7670317e-04
  -4.7247509e-04
  -9.6474474e-06
   7.1403125e-04
   1.8250222e-03
   2.5308583e-03
   3.1916177e-03
   4.1719942e-03
   4.9215376e-03
   5.4701822e-03
   5.7125030e-03
   5.8282396e-03
   5.9605413e-03
   6.0386086e-03
   5.6765195e-03
   4.7496670e-03
   2.1475963e-03
  -3.6991693e-04
  -5.3445711e-04
   1.1112657e-03
   9.1478027e-04
  -3.4161481e-03
  -2.6622148e-02
  -3.1386856e-02
   0.0000000e+00
   0.0000000e+00
   0.0000000e+00
   0.0000000e+00
   0.0000000e+00
   0.0000000e+00
   0.0000000e+00
   1.4263759e-02
   1.8739787e-02
   2.0375318e-02
   1.9845562e-02
   1.9290449e-02
   1.9075461e-02
   1.9253715e-02
   1.8892919e-02
   1.8294361e-02
   1.7273773e-02
   1.6294337e-02
   1.5447491e-02
   1.4262395e-02
   1.2513491e-02
   1.0044164e-02
   7.0200280e-03
   4.5631597e-03
   2.5054260e-03
   8.0460749e-04
  -1.0124367e-04
  -6.2187490e-04
  -1.0548495e-03
  -1.2594823e-03
  -9.1042208e-04
  -2.7022863e-04
   8.4662730e-05
   3.0262980e-04
   4.8854692e-04
   7.0583241e-04
   7.7489454e-03
   7.6919585e-03
   7.5142301e-03
   7.2140553e-03
   6.5011896e-03
   5.6068953e-03
   5.0536928e-03
   4.7323924e-03
   4.6635671e-03
   4.6935180e-03
   4.7181402e-03
   4.9625726e-03
   5.0864473e-03
   5.3432571e-03
   5.7269823e-03
   6.2747446e-03
   7.4757253e-03
   8.2532234e-03
   8.6691481e-03
   9.3204828e-03
   9.8813116e-03
   1.0620758e-02
   1.1330178e-02
   1.1521213e-02
   1.1689133e-02
   1.1933258e-02
   1.1888491e-02
   1.1368539e-02
   9.2672745e-03
   5.3496142e-03
   3.1933266e-03
   5.8606307e-03
   7.7247245e-03
   4.9516538e-03
  -7.0246187e-03
   0.0000000e+00
   0.0000000e+00
   0.0000000e+00
   0.0000000e+00
   0.0000000e+00
   0.0000000e+00
   0.0000000e+00
   0.0000000e+00
  -1.5636364e-03
   9.0380008e-03
   1.3523187e-02
   1.6021449e-02
   1.7704552e-02
   1.9339937e-02
   2.2056855e-02
   2.3860045e-02
   2.4994766e-02
   2.5089678e-02
   2.4292336e-02
   2.3489944e-02
   2.2102919e-02
   2.0131227e-02
   1.7491859e-02
   1.4163932e-02
   1.1473229e-02
   9.0332841e-03
   6.9094014e-03
   5.8667072e-03
   5.3277705e-03
   5.0932606e-03
   5.0381017e-03
   5.5499547e-03
   6.4364758e-03
   6.9029011e-03
   7.2572762e-03
   7.4470479e-03
   7.6888772e-03
   1.4401265e-02
   1.4155035e-02
   1.3821280e-02
   1.3214219e-02
   1.2485992e-02
   1.1430353e-02
   1.0490613e-02
   1.0009027e-02
   9.8683327e-03
   9.9833731e-03
   1.0007650e-02
   1.0294875e-02
   1.0606787e-02
   1.0792952e-02
   1.1188189e-02
   1.1604818e-02
   1.2650612e-02
   1.3599513e-02
   1.4063189e-02
   1.4552701e-02
   1.4817903e-02
   1.5440421e-02
   1.6172630e-02
   1.6482028e-02
   1.6891152e-02
   1.6887044e-02
   1.7270507e-02
   1.7372525e-02
   1.6326862e-02
   1.2848987e-02
   8.7313821e-03
   8.9329863e-03
   1.1572549e-02
   1.4833398e-02
  -7.0246187e-03
   0.0000000e+00
   0.0000000e+00
   0.0000000e+00
   0.0000000e+00
   0.0000000e+00
   0.0000000e+00
   0.0000000e+00
  -2.5249329e-02
  -1.9332929e-02
  -7.7677242e-03
  -6.9984991e-04
   4.0970786e-03
   8.4580760e-03
   1.2325427e-02
   1.7487052e-02
   2.1676864e-02
   2.5320143e-02
   2.7847425e-02
   2.8186740e-02
   2.8385148e-02
   2.7448291e-02
   2.5688198e-02
   2.3400573e-02
   2.0103978e-02
   1.7387273e-02
   1.4769396e-02
   1.2416279e-02
   1.1283815e-02
   1.0609389e-02
   1.0501894e-02
   1.0516905e-02
   1.1158450e-02
   1.2396796e-02
   1.3100657e-02
   1.3738540e-02
   1.4038421e-02
   1.4331214e-02
   2.0092681e-02
   1.9802210e-02
   1.9406964e-02
   1.8585873e-02
   1.7602155e-02
   1.6475814e-02
   1.5343880e-02
   1.4587975e-02
   1.4410273e-02
   1.4507156e-02
   1.4589742e-02
   1.4932325e-02
   1.5237483e-02
   1.5524406e-02
   1.5848764e-02
   1.6207264e-02
   1.7061886e-02
   1.7974960e-02
   1.8696852e-02
   1.9058832e-02
   1.9349472e-02
   1.9641139e-02
   2.0276043e-02
   2.0482853e-02
   2.0799729e-02
   2.0839568e-02
   2.1220461e-02
   2.1697208e-02
   2.1774824e-02
   1.9666374e-02
   1.5689848e-02
   1.4005013e-02
   1.4859823e-02
   2.7789312e-02
   0.0000000e+00
   0.0000000e+00
   0.0000000e+00
   0.0000000e+00
   0.0000000e+00
   0.0000000e+00
   0.0000000e+00
  -0.0000000e+00
  -2.4915332e-02
  -2.9827894e-02
  -2.2100099e-02
  -1.5075134e-02
  -8.7248276e-03
  -2.8124232e-03
   3.0432918e-03
   1.0000612e-02
   1.5911372e-02
   2.1608219e-02
   2.6687427e-02
   2.8638814e-02
   3.0121684e-02
   3.0239714e-02
   2.8991243e-02
   2.7153119e-02
   2.4375856e-02
   2.1887004e-02
   1.9279176e-02
   1.6965332e-02
   1.5684466e-02
   1.5067457e-02
   1.4783002e-02
   1.4920195e-02
   1.5652464e-02
   1.7152866e-02
   1.8142019e-02
   1.8987739e-02
   1.9664200e-02
   1.9969315e-02
   2.4852636e-02
   2.4708013e-02
   2.4307225e-02
   2.3353680e-02
   2.2035067e-02
   2.0771759e-02
   1.9498483e-02
   1.8433071e-02
   1.8198306e-02
   1.8195404e-02
   1.8331085e-02
   1.8643144e-02
   1.9039232e-02
   1.9269673e-02
   1.9544082e-02
   1.9811870e-02
   2.0567121e-02
   2.1293474e-02
   2.2072314e-02
   2.2504281e-02
   2.2971974e-02
   2.3128081e-02
   2.3515629e-02
   2.3475940e-02
   2.3569865e-02
   2.3633242e-02
   2.3879326e-02
   2.4398884e-02
   2.5300769e-02
   2.4878851e-02
   2.2273040e-02
   2.0431515e-02
   1.9872482e-02
   5.7605153e-02
   0.0000000e+00
   0.0000000e+00
   0.0000000e+00
   0.0000000e+00
   0.0000000e+00
   0.0000000e+00
  -0.0000000e+00
  -1.1708132e-02
  -2.0364956e-02
  -2.9222830e-02
  -2.6138611e-02
  -2.1549970e-02
  -1.5749008e-02
  -9.8175994e-03
  -3.1757580e-03
   4.7029739e-03
   1.1373146e-02
   1.8133342e-02
   2.4851753e-02
   2.8167210e-02
   3.0525257e-02
   3.1612221e-02
   3.0924572e-02
   2.9474752e-02
   2.6965145e-02
   2.4728023e-02
   2.2320528e-02
   2.0207883e-02
   1.8929103e-02
   1.8343176e-02
   1.7993498e-02
   1.8181577e-02
   1.8863579e-02
   2.0596845e-02
   2.1930102e-02
   2.3120037e-02
   2.4150997e-02
   2.4645153e-02
   2.8002916e-02
   2.8054739e-02
   2.7716788e-02
   2.6721017e-02
   2.5160595e-02
   2.3701939e-02
   2.2275245e-02
   2.0981743e-02
   2.0513030e-02
   2.0329796e-02
   2.0404349e-02
   2.0649963e-02
   2.1072793e-02
   2.1233207e-02
   2.1373039e-02
   2.1528988e-02
   2.2197028e-02
   2.2804396e-02
   2.3406422e-02
   2.3921606e-02
   2.4489497e-02
   2.4742511e-02
   2.4880829e-02
   2.4645571e-02
   2.4475174e-02
   2.4491283e-02
   2.4539676e-02
   2.4935531e-02
   2.6123611e-02
   2.7133641e-02
   2.6400998e-02
   2.5777633e-02
   2.4406562e-02
   7.7739125e-02
   0.0000000e+00
   0.0000000e+00
   3.0305105e-02
   3.9568945e-02
   4.1373727e-02
   8.8194246e-03
  -2.9388291e-03
  -6.9919768e-03
  -1.4106967e-02
  -2.2470390e-02
  -2.2811960e-02
  -2.1277902e-02
  -1.7530281e-02
  -1.2617082e-02
  -6.3845931e-03
   1.5409280e-03
   8.2385502e-03
   1.5065121e-02
   2.2324690e-02
   2.6417424e-02
   2.9224260e-02
   3.0857508e-02
   3.0746968e-02
   2.9654282e-02
   2.7363690e-02
   2.5235864e-02
   2.3180958e-02
   2.1312400e-02
   2.0252295e-02
   1.9631862e-02
   1.9457965e-02
   1.9708221e-02
   2.0448920e-02
   2.2265386e-02
   2.3925980e-02
   2.5424602e-02
   2.6859848e-02
   2.7630953e-02
   2.8872678e-02
   2.9029704e-02
   2.8751672e-02
   2.7799925e-02
   2.6146118e-02
   2.4590348e-02
   2.3061547e-02
   2.1653081e-02
   2.0788715e-02
   2.0321840e-02
   2.0146782e-02
   2.0282133e-02
   2.0508748e-02
   2.0666458e-02
   2.0551053e-02
   2.0575674e-02
   2.1083015e-02
   2.1664659e-02
   2.2117866e-02
   2.2518915e-02
   2.2994521e-02
   2.3312484e-02
   2.3357694e-02
   2.3090339e-02
   2.2877286e-02
   2.2784490e-02
   2.2761863e-02
   2.3004547e-02
   2.4235602e-02
   2.5831473e-02
   2.6903551e-02
   2.7996362e-02
   2.7828051e-02
   6.1507546e-02
   4.7473350e-02
   5.1816121e-02
   2.8013494e-02
   2.9526045e-02
   2.8416460e-02
   8.1346444e-03
   1.1058392e-03
  -2.6566232e-03
  -9.7071879e-03
  -1.6954439e-02
  -1.9214397e-02
  -1.9713278e-02
  -1.7982881e-02
  -1.4286201e-02
  -9.1248851e-03
  -1.7024773e-03
   4.6689395e-03
   1.1175617e-02
   1.8379317e-02
   2.2773864e-02
   2.5798687e-02
   2.7749341e-02
   2.8065193e-02
   2.7379168e-02
   2.5516355e-02
   2.3530620e-02
   2.1835225e-02
   2.0279932e-02
   1.9445040e-02
   1.8811185e-02
   1.8801228e-02
   1.9159981e-02
   2.0109614e-02
   2.1962174e-02
   2.3795208e-02
   2.5423462e-02
   2.7231447e-02
   2.8281358e-02
   2.6981042e-02
   2.7172050e-02
   2.6909631e-02
   2.6075627e-02
   2.4446167e-02
   2.2981461e-02
   2.1556473e-02
   2.0102982e-02
   1.8897931e-02
   1.8036126e-02
   1.7530579e-02
   1.7388458e-02
   1.7382706e-02
   1.7449875e-02
   1.7097996e-02
   1.6927939e-02
   1.7216917e-02
   1.7644488e-02
   1.8055089e-02
   1.8332500e-02
   1.8614734e-02
   1.8844937e-02
   1.8830574e-02
   1.8650373e-02
   1.8634140e-02
   1.8625994e-02
   1.8763551e-02
   1.8992890e-02
   2.0266878e-02
   2.1793598e-02
   2.3990666e-02
   2.6793038e-02
   2.9414603e-02
   3.7189041e-02
   4.3800318e-02
   3.7740764e-02
   2.8561091e-02
   2.0434885e-02
   1.5101635e-02
   1.0995286e-02
   7.0448440e-03
   1.4169810e-03
  -5.3670922e-03
  -1.2240079e-02
  -1.5715526e-02
  -1.7590593e-02
  -1.7385872e-02
  -1.5002288e-02
  -1.1238754e-02
  -4.8818341e-03
   7.4956417e-04
   6.5662958e-03
   1.3347135e-02
   1.7725805e-02
   2.0819195e-02
   2.3087700e-02
   2.3603382e-02
   2.3259228e-02
   2.1890003e-02
   2.0294890e-02
   1.8862285e-02
   1.7605652e-02
   1.6803683e-02
   1.6215702e-02
   1.6179796e-02
   1.6593073e-02
   1.7567015e-02
   1.9437389e-02
   2.1241997e-02
   2.2916922e-02
   2.4831930e-02
   2.6169783e-02
   2.2495972e-02
   2.2719192e-02
   2.2460575e-02
   2.1767920e-02
   2.0394015e-02
   1.9127490e-02
   1.7873883e-02
   1.6455481e-02
   1.5078040e-02
   1.3879297e-02
   1.3092584e-02
   1.2648449e-02
   1.2501810e-02
   1.2387613e-02
   1.1896741e-02
   1.1597500e-02
   1.1762734e-02
   1.1981663e-02
   1.2242182e-02
   1.2495908e-02
   1.2611031e-02
   1.2741543e-02
   1.2652928e-02
   1.2555567e-02
   1.2611928e-02
   1.2991273e-02
   1.3428798e-02
   1.3908580e-02
   1.5215109e-02
   1.6793650e-02
   1.9086063e-02
   2.2889193e-02
   2.6513289e-02
   3.1631982e-02
   3.6590388e-02
   3.6587031e-02
   3.3781246e-02
   2.7951902e-02
   2.2628388e-02
   1.7669466e-02
   1.1770056e-02
   5.9507781e-03
  -3.5967322e-04
  -7.1758630e-03
  -1.1342568e-02
  -1.4231274e-02
  -1.5308653e-02
  -1.4254458e-02
  -1.1898017e-02
  -7.2349530e-03
  -2.7145998e-03
   1.8691799e-03
   7.5862718e-03
   1.1580816e-02
   1.4619367e-02
   1.7130788e-02
   1.7952527e-02
   1.7765379e-02
   1.6860517e-02
   1.5788006e-02
   1.4639994e-02
   1.3402366e-02
   1.2488598e-02
   1.1936882e-02
   1.1926118e-02
   1.2301804e-02
   1.3160729e-02
   1.4791895e-02
   1.6446427e-02
   1.8076871e-02
   1.9884551e-02
   2.1450723e-02
   1.6340141e-02
   1.6704460e-02
   1.6469498e-02
   1.5966129e-02
   1.4999622e-02
   1.3955694e-02
   1.2764288e-02
   1.1344111e-02
   1.0016395e-02
   8.7638293e-03
   7.8302328e-03
   7.3051561e-03
   6.9781629e-03
   6.5200071e-03
   6.0396630e-03
   5.8527097e-03
   6.1667025e-03
   6.4089198e-03
   6.5664797e-03
   6.6825689e-03
   6.7518630e-03
   6.8153959e-03
   6.8048747e-03
   6.7326984e-03
   6.8262436e-03
   7.5198919e-03
   8.2429372e-03
   8.9115954e-03
   1.0350224e-02
   1.2048197e-02
   1.4287110e-02
   1.8217440e-02
   2.2412788e-02
   2.7153318e-02
   3.1484234e-02
   3.3425744e-02
   3.2980405e-02
   2.9102539e-02
   2.4597846e-02
   1.9895600e-02
   1.3898456e-02
   8.3965667e-03
   2.6424511e-03
  -3.8291378e-03
  -8.2303981e-03
  -1.1603769e-02
  -1.3652550e-02
  -1.3584056e-02
  -1.2287722e-02
  -9.3312790e-03
  -6.0326975e-03
  -2.4922261e-03
   1.7411381e-03
   4.9060729e-03
   7.5529378e-03
   1.0221050e-02
   1.1492175e-02
   1.1593103e-02
   1.0961191e-02
   1.0310160e-02
   9.5291907e-03
   8.3387033e-03
   7.3008920e-03
   6.7261004e-03
   6.7133834e-03
   6.9358622e-03
   7.5751939e-03
   8.9812398e-03
   1.0519025e-02
   1.2005434e-02
   1.3513481e-02
   1.5088696e-02
   9.2858385e-03
   9.9120158e-03
   9.8706258e-03
   9.6565477e-03
   9.0642986e-03
   8.3498069e-03
   7.4075424e-03
   5.9772066e-03
   4.7480422e-03
   3.6743564e-03
   2.7895592e-03
   2.2883838e-03
   1.7578085e-03
   1.1073160e-03
   8.0640892e-04
   8.0860380e-04
   1.2495196e-03
   1.6092772e-03
   1.8519602e-03
   2.0105846e-03
   2.1530073e-03
   2.2848852e-03
   2.3784778e-03
   2.5314211e-03
   2.8741242e-03
   3.5934667e-03
   4.2234804e-03
   4.9074498e-03
   6.2649394e-03
   7.9186107e-03
   1.0017049e-02
   1.3608206e-02
   1.7803223e-02
   2.2057162e-02
   2.5886709e-02
   2.7880169e-02
   2.8347713e-02
   2.6171222e-02
   2.2703834e-02
   1.8648432e-02
   1.3285790e-02
   8.5389470e-03
   3.6937729e-03
  -1.9678542e-03
  -6.1399140e-03
  -9.5025536e-03
  -1.2006905e-02
  -1.2681581e-02
  -1.2319470e-02
  -1.0734435e-02
  -8.5522968e-03
  -6.0603289e-03
  -3.1491196e-03
  -1.0129501e-03
   1.0644534e-03
   3.2878786e-03
   4.6909819e-03
   5.3519559e-03
   4.9913997e-03
   4.4909693e-03
   4.0817793e-03
   3.1744873e-03
   2.2603055e-03
   1.6306958e-03
   1.4082243e-03
   1.4176427e-03
   1.6559003e-03
   2.7626817e-03
   4.1961024e-03
   5.5359237e-03
   6.7686699e-03
   8.0246324e-03
   2.7406234e-03
   3.3798066e-03
   3.6324096e-03
   3.6718139e-03
   3.4231080e-03
   3.1757030e-03
   2.7906431e-03
   1.9036795e-03
   9.1490944e-04
  -6.9626493e-05
  -9.7401630e-04
  -1.4953486e-03
  -1.8831649e-03
  -2.1903219e-03
  -2.1803743e-03
  -1.8923319e-03
  -1.5138927e-03
  -1.4133040e-03
  -1.2668062e-03
  -9.4815910e-04
  -7.3164859e-04
  -5.4395777e-04
  -2.3952177e-04
   3.9602543e-04
   1.0975153e-03
   1.5391608e-03
   1.8448693e-03
   2.4584557e-03
   3.6808991e-03
   5.0917545e-03
   6.8382874e-03
   9.8263725e-03
   1.3029829e-02
   1.6091863e-02
   1.8918663e-02
   2.0390695e-02
   2.1097939e-02
   2.0222886e-02
   1.7889625e-02
   1.4598414e-02
   1.0212639e-02
   6.6218617e-03
   3.0626202e-03
  -1.2202804e-03
  -4.4675944e-03
  -7.1401919e-03
  -9.4296067e-03
  -1.0567818e-02
  -1.0996083e-02
  -1.0625492e-02
  -9.5200105e-03
  -8.1981670e-03
  -6.5005051e-03
  -5.0819384e-03
  -3.5380034e-03
  -1.8722041e-03
  -9.4426379e-04
  -2.9580234e-04
  -9.8752949e-05
  -2.0630300e-04
  -5.4890982e-04
  -1.1884227e-03
  -1.8192971e-03
  -2.4114619e-03
  -2.9101997e-03
  -3.1969587e-03
  -3.1812621e-03
  -2.4579386e-03
  -1.3295485e-03
  -1.4743282e-04
   9.7813453e-04
   1.8582185e-03
  -3.4477018e-05
   5.1774570e-04
   7.9245715e-04
   8.5861091e-04
   8.5150289e-04
   8.2399560e-04
   6.9831786e-04
   2.6409010e-04
  -3.8462252e-04
  -1.1355943e-03
  -1.9224175e-03
  -2.2807142e-03
  -2.4417948e-03
  -2.4287989e-03
  -2.1946122e-03
  -1.8159493e-03
  -1.3528885e-03
  -1.2286321e-03
  -1.3059085e-03
  -1.3300953e-03
  -1.1801963e-03
  -8.8251404e-04
  -3.0805736e-04
   3.1350698e-04
   8.5983984e-04
   1.1442148e-03
   1.3580889e-03
   1.9170253e-03
   2.9518553e-03
   4.0912730e-03
   5.5736135e-03
   7.8803356e-03
   9.9275056e-03
   1.1575842e-02
   1.2954010e-02
   1.3726736e-02
   1.4282756e-02
   1.4202350e-02
   1.3135756e-02
   1.1236141e-02
   8.4107579e-03
   5.9836132e-03
   3.5101832e-03
   5.2209559e-04
  -1.8396589e-03
  -4.0263067e-03
  -6.1494191e-03
  -7.4428188e-03
  -8.2087194e-03
  -8.4664961e-03
  -8.2917263e-03
  -7.7799322e-03
  -6.9089863e-03
  -5.9898958e-03
  -4.9594948e-03
  -3.8377653e-03
  -3.1386035e-03
  -2.5919589e-03
  -2.1578449e-03
  -2.0886059e-03
  -2.3038634e-03
  -2.7232222e-03
  -3.2044621e-03
  -3.6286994e-03
  -4.0337049e-03
  -4.3364855e-03
  -4.3639869e-03
  -3.8698236e-03
  -3.1064215e-03
  -2.1681136e-03
  -1.1776533e-03
  -5.8384055e-04
  -1.6867141e-04
   2.3133971e-04
   4.5187309e-04
   5.4728145e-04
   6.4312895e-04
   6.7897342e-04
   6.1318176e-04
   3.0692447e-04
  -3.1212484e-05
  -3.4502211e-04
  -5.5952633e-04
  -5.0919542e-04
  -3.4915615e-04
  -1.3169281e-04
   1.3358919e-04
   5.0360377e-04
   1.0090177e-03
   1.2407805e-03
   1.2640994e-03
   1.1751065e-03
   1.1734850e-03
   1.4335928e-03
   1.9958709e-03
   2.5107641e-03
   2.9502060e-03
   3.2564287e-03
   3.5710624e-03
   4.0603301e-03
   4.7094817e-03
   5.3915224e-03
   6.3118256e-03
   7.4905798e-03
   8.3385498e-03
   8.9126923e-03
   9.1942961e-03
   9.3595134e-03
   9.6138605e-03
   9.8076732e-03
   9.6082341e-03
   8.9207378e-03
   7.4990065e-03
   6.0220359e-03
   4.3739863e-03
   2.3622039e-03
   7.7886211e-04
  -7.4673918e-04
  -2.4280631e-03
  -3.6057235e-03
  -4.5241674e-03
  -5.2322525e-03
  -5.4734342e-03
  -5.4411330e-03
  -5.1142659e-03
  -4.6278406e-03
  -4.0640758e-03
  -3.4311308e-03
  -2.9618446e-03
  -2.6001143e-03
  -2.3691731e-03
  -2.3574500e-03
  -2.4588869e-03
  -2.6678759e-03
  -2.8894080e-03
  -3.1072751e-03
  -3.2576956e-03
  -3.2596195e-03
  -3.1199799e-03
  -2.7299000e-03
  -2.2121515e-03
  -1.6299252e-03
  -9.9173549e-04
  -5.5395195e-04
   2.0103624e-04
   5.2991829e-04
   7.8939188e-04
   1.0189325e-03
   1.2319924e-03
   1.3655254e-03
   1.4820037e-03
   1.5995129e-03
   1.6976167e-03
   1.8059204e-03
   1.9788547e-03
   2.1927632e-03
   2.4550850e-03
   2.8327245e-03
   3.1790881e-03
   3.5333363e-03
   3.9288994e-03
   4.2127141e-03
   4.4361413e-03
   4.6347919e-03
   4.7657833e-03
   4.9251822e-03
   5.2200184e-03
   5.5164884e-03
   5.8120965e-03
   6.1346900e-03
   6.3915629e-03
   6.6297472e-03
   6.8730604e-03
   7.0361263e-03
   7.1652289e-03
   7.2476061e-03
   7.2202426e-03
   7.1031604e-03
   6.8495193e-03
   6.5717432e-03
   6.2800277e-03
   5.9269840e-03
   5.6021280e-03
   5.2140622e-03
   4.6102405e-03
   3.9840468e-03
   3.2619291e-03
   2.3164479e-03
   1.5160181e-03
   7.3984600e-04
  -1.3202016e-04
  -8.0965324e-04
  -1.4385801e-03
  -2.0949788e-03
  -2.4984861e-03
  -2.7551474e-03
  -2.8631224e-03
  -2.8393310e-03
  -2.7864609e-03
  -2.6944455e-03
  -2.6008630e-03
  -2.5079649e-03
  -2.4062198e-03
  -2.3313027e-03
  -2.2829414e-03
  -2.2435942e-03
  -2.2129219e-03
  -2.1868144e-03
  -2.1174651e-03
  -1.9855528e-03
  -1.7805795e-03
  -1.4677240e-03
  -1.1588076e-03
  -8.3097845e-04
  -4.3273713e-04
  -1.0175712e-04
