  4.800133e-01
  4.539153e-01
  4.285506e-01
  4.096174e-01
  3.946554e-01
  3.814140e-01
  3.710459e-01
  3.626456e-01
  3.541649e-01
  3.446186e-01
  3.299138e-01
  3.096976e-01
  2.896132e-01
  2.698538e-01
  2.529886e-01
  2.402862e-01
  2.266178e-01
  2.211963e-01
  2.175474e-01
  2.152736e-01
  2.134261e-01
  2.127696e-01
  2.122725e-01
  2.123977e-01
  2.133379e-01
  2.143997e-01
  2.188859e-01
  2.223791e-01
  2.252913e-01
  2.307738e-01
  2.301407e-01
  2.294450e-01
  2.208931e-01
  2.160714e-01
  2.086608e-01
  2.078791e-01
  2.096357e-01
  2.168442e-01
  2.272358e-01
  2.341568e-01
  2.479666e-01
  2.467943e-01
  2.457275e-01
  2.329628e-01
  2.275883e-01
  2.212207e-01
  2.122075e-01
  2.082103e-01
  2.038320e-01
  2.018309e-01
  2.023713e-01
  2.031725e-01
  2.051118e-01
  2.085798e-01
  2.129182e-01
  2.186292e-01
  2.333973e-01
  2.529443e-01
  2.693012e-01
  2.835638e-01
  2.978965e-01
  3.111962e-01
  3.239879e-01
  3.317124e-01
  3.380254e-01
  3.401080e-01
  3.461278e-01
  3.561709e-01
  3.640640e-01
  3.814495e-01
  4.064698e-01
  4.491278e-01
