  -7.9380763e-03
  -8.4031390e-03
  -8.8268897e-03
  -9.2376688e-03
  -9.6585641e-03
  -9.9766059e-03
  -1.0267079e-02
  -1.0568990e-02
  -1.0791179e-02
  -1.0998835e-02
  -1.1296635e-02
  -1.1566890e-02
  -1.1813283e-02
  -1.1987563e-02
  -1.1987331e-02
  -1.1876888e-02
  -1.1602027e-02
  -1.1220449e-02
  -1.0680807e-02
  -9.8419468e-03
  -9.0075481e-03
  -8.0586031e-03
  -6.6750206e-03
  -5.3300779e-03
  -3.8781402e-03
  -1.9798771e-03
  -2.2137835e-04
   1.7022719e-03
   4.1681889e-03
   6.2575170e-03
   8.3307875e-03
   1.0779787e-02
   1.2811222e-02
   1.4780679e-02
   1.6746520e-02
   1.7949589e-02
   1.8902193e-02
   1.9614255e-02
   1.9773161e-02
   1.9690573e-02
   1.9241038e-02
   1.8607818e-02
   1.7812080e-02
   1.6697812e-02
   1.5668924e-02
   1.4624475e-02
   1.3524219e-02
   1.2610366e-02
   1.1622807e-02
   1.0621198e-02
   1.0115265e-02
   9.8418619e-03
   9.5243206e-03
   9.0376045e-03
   8.4698567e-03
   7.6105118e-03
   6.4421158e-03
   5.1030663e-03
   3.6190984e-03
   2.6124215e-03
   1.7202607e-03
   5.7415442e-04
  -4.3284258e-04
  -1.4106837e-03
  -2.5416677e-03
  -3.4510291e-03
  -4.2860739e-03
  -5.1640397e-03
  -5.8268364e-03
  -6.4659139e-03
  -7.1196200e-03
  -7.5546803e-03
  -6.2371264e-03
  -5.7547311e-03
  -5.8834683e-03
  -6.2108962e-03
  -6.2416103e-03
  -5.9855818e-03
  -5.8977176e-03
  -6.1243461e-03
  -6.2369774e-03
  -6.1295535e-03
  -6.0907714e-03
  -6.4990730e-03
  -7.1628354e-03
  -7.7420063e-03
  -7.8381952e-03
  -7.8671090e-03
  -8.1249848e-03
  -8.2505159e-03
  -7.9116048e-03
  -7.0811627e-03
  -6.4631752e-03
  -5.8820159e-03
  -4.7060582e-03
  -3.1398821e-03
  -1.2826489e-03
   9.1787206e-04
   2.7653188e-03
   5.0472505e-03
   8.5179042e-03
   1.1380098e-02
   1.3646470e-02
   1.5926864e-02
   1.8553399e-02
   2.2004619e-02
   2.5134949e-02
   2.4694815e-02
   2.2228593e-02
   2.6134117e-02
   2.6610153e-02
   2.2328914e-02
   2.4142100e-02
   2.3959856e-02
   2.2090755e-02
   2.0444889e-02
   1.9840842e-02
   1.8834069e-02
   1.9081930e-02
   1.9553627e-02
   0.0000000e+00
   0.0000000e+00
   1.7089353e-02
   1.6522917e-02
   0.0000000e+00
   0.0000000e+00
   0.0000000e+00
   1.6698753e-02
   9.7738710e-03
   6.3848368e-03
   6.0595211e-04
  -3.3881054e-03
  -5.9393048e-03
  -7.7174515e-03
  -8.2731768e-03
  -8.1521021e-03
  -7.9002120e-03
  -8.1831887e-03
  -8.4833773e-03
  -8.0091702e-03
  -7.1630804e-03
  -6.6485084e-03
  -6.6962503e-03
  -6.6687437e-03
   1.2239726e-02
   1.2925768e-02
   1.3420753e-02
   1.3685184e-02
   1.3552190e-02
   1.3346194e-02
   1.2875586e-02
   1.2430294e-02
   1.2678039e-02
   1.2604526e-02
   1.1698566e-02
   1.1456573e-02
   1.1468908e-02
   1.0282422e-02
   9.4084924e-03
   9.6702548e-03
   9.3464479e-03
   8.2495221e-03
   8.3635198e-03
   9.2592919e-03
   8.6805670e-03
   8.3430577e-03
   9.9234097e-03
   1.0840294e-02
   1.1054343e-02
   1.3084281e-02
   1.5231208e-02
   1.6114045e-02
   1.8032609e-02
   2.1219663e-02
   2.3462536e-02
   2.3916109e-02
   2.4534729e-02
   2.5424154e-02
   2.4971407e-02
   2.3535582e-02
   1.9629367e-02
   2.0046291e-02
   2.1377888e-02
   2.2130401e-02
   2.2705052e-02
   2.0544648e-02
   1.9686916e-02
   2.2849754e-02
   2.3573634e-02
   2.0619659e-02
   0.0000000e+00
   0.0000000e+00
   0.0000000e+00
   0.0000000e+00
   0.0000000e+00
   0.0000000e+00
   0.0000000e+00
   0.0000000e+00
   0.0000000e+00
   0.0000000e+00
   0.0000000e+00
   0.0000000e+00
   1.0913191e-03
  -1.1641820e-02
  -1.3269249e-02
  -7.8758942e-03
  -7.8580631e-03
  -8.3945971e-03
  -4.1057933e-03
  -1.0206939e-03
  -1.8300125e-04
   2.4585910e-03
   5.8372945e-03
   7.6062437e-03
   8.9127086e-03
   1.0796587e-02
   3.4820087e-02
   3.5928071e-02
   3.7762627e-02
   3.8130801e-02
   3.7097842e-02
   3.7661176e-02
   3.7672725e-02
   3.6113665e-02
   3.5821639e-02
   3.5736449e-02
   3.4616053e-02
   3.4029059e-02
   3.3715427e-02
   3.2860920e-02
   3.1991623e-02
   3.1325951e-02
   3.0852640e-02
   2.9897567e-02
   2.8881837e-02
   2.8776003e-02
   2.8363775e-02
   2.7317103e-02
   2.7155003e-02
   2.7294300e-02
   2.6903173e-02
   2.7717270e-02
   2.8589388e-02
   2.8715406e-02
   3.0338060e-02
   3.2318581e-02
   3.3497643e-02
   3.4795333e-02
   3.4475967e-02
   3.0293269e-02
   2.3135051e-02
   0.0000000e+00
   1.8049063e-02
   2.0025419e-02
   2.4588829e-02
   3.2851230e-02
   3.5737098e-02
   2.8014424e-02
   2.4585775e-02
   0.0000000e+00
   0.0000000e+00
   0.0000000e+00
   0.0000000e+00
   0.0000000e+00
   0.0000000e+00
   0.0000000e+00
   0.0000000e+00
   0.0000000e+00
   0.0000000e+00
   0.0000000e+00
   0.0000000e+00
   0.0000000e+00
   0.0000000e+00
   0.0000000e+00
  -1.0394773e-02
  -1.0482123e-02
  -7.6368595e-03
  -3.7135752e-03
  -1.4203230e-03
   1.7545634e-03
   6.6190092e-03
   1.0417214e-02
   1.4124471e-02
   1.9158840e-02
   2.3163833e-02
   2.6076060e-02
   2.9607922e-02
   3.3016052e-02
   5.8008436e-02
   6.0451992e-02
   6.1365452e-02
   6.2789798e-02
   6.3136354e-02
   6.3293993e-02
   6.3772187e-02
   6.2825479e-02
   6.2693931e-02
   6.2028900e-02
   6.0545128e-02
   6.0449727e-02
   5.9267029e-02
   5.8654785e-02
   5.8704798e-02
   5.7281833e-02
   5.6803428e-02
   5.5804022e-02
   5.4114692e-02
   5.3382203e-02
   5.1551813e-02
   5.0067775e-02
   4.8911523e-02
   4.6810010e-02
   4.5981631e-02
   4.4998806e-02
   4.3245646e-02
   4.3533962e-02
   4.2870893e-02
   3.9171691e-02
   3.6208256e-02
   0.0000000e+00
   0.0000000e+00
   3.0483323e-02
   2.7408520e-02
   2.4117793e-02
   2.2246653e-02
   0.0000000e+00
   0.0000000e+00
   0.0000000e+00
   0.0000000e+00
   0.0000000e+00
   0.0000000e+00
   0.0000000e+00
   0.0000000e+00
   0.0000000e+00
   0.0000000e+00
   0.0000000e+00
   0.0000000e+00
   0.0000000e+00
   0.0000000e+00
   0.0000000e+00
   0.0000000e+00
   0.0000000e+00
   0.0000000e+00
   0.0000000e+00
  -7.3415143e-04
  -8.3573491e-03
  -2.2897816e-03
   2.0940786e-03
   6.4404048e-03
   1.1315243e-02
   1.4822629e-02
   1.9238668e-02
   2.4034137e-02
   2.8527109e-02
   3.3608228e-02
   3.9244875e-02
   4.3452720e-02
   4.7633927e-02
   5.2402679e-02
   5.5237749e-02
   7.3443167e-02
   7.7032059e-02
   7.8206226e-02
   8.0112062e-02
   8.1292309e-02
   8.1236102e-02
   8.2104355e-02
   8.1717022e-02
   8.2014531e-02
   8.2076527e-02
   8.1319593e-02
   8.1281267e-02
   8.0521092e-02
   8.0285296e-02
   8.0220640e-02
   7.9227202e-02
   7.8670844e-02
   7.7213883e-02
   7.5435802e-02
   7.4105524e-02
   7.1573809e-02
   7.0005722e-02
   6.7585781e-02
   6.4071238e-02
   6.2663883e-02
   5.8488946e-02
   5.6141477e-02
   5.5989671e-02
   4.6882798e-02
   0.0000000e+00
   4.1884249e-02
   4.1192391e-02
   3.4927875e-02
   3.2385242e-02
   3.6062010e-02
   3.2709301e-02
   0.0000000e+00
   0.0000000e+00
   0.0000000e+00
   0.0000000e+00
   0.0000000e+00
   0.0000000e+00
   0.0000000e+00
   0.0000000e+00
   0.0000000e+00
   0.0000000e+00
   0.0000000e+00
   0.0000000e+00
   0.0000000e+00
   0.0000000e+00
   0.0000000e+00
   0.0000000e+00
   0.0000000e+00
   0.0000000e+00
   0.0000000e+00
   0.0000000e+00
   2.6542777e-03
   5.0766482e-03
   1.3398516e-02
   1.5012428e-02
   2.1523697e-02
   2.7268779e-02
   3.0986328e-02
   3.7187129e-02
   4.0400475e-02
   4.5661174e-02
   5.0388556e-02
   5.5125818e-02
   6.0670510e-02
   6.3704580e-02
   6.8423040e-02
   7.1393788e-02
   8.3247051e-02
   8.6102106e-02
   8.8305429e-02
   9.0263769e-02
   9.1428280e-02
   9.2452005e-02
   9.3016110e-02
   9.4079301e-02
   9.4716720e-02
   9.4865143e-02
   9.6104011e-02
   9.5944203e-02
   9.6294373e-02
   9.6155360e-02
   9.5792621e-02
   9.6078910e-02
   9.4378054e-02
   9.3662158e-02
   9.1923192e-02
   9.0022877e-02
   8.8326290e-02
   8.5105717e-02
   8.2646511e-02
   7.8404710e-02
   7.4950449e-02
   7.0557289e-02
   6.5957539e-02
   6.4069793e-02
   5.6014191e-02
   5.8768793e-02
   5.0557665e-02
   4.5353636e-02
   3.7938207e-02
   3.6942784e-02
   3.5119560e-02
   3.2078363e-02
   0.0000000e+00
   0.0000000e+00
   0.0000000e+00
   0.0000000e+00
   0.0000000e+00
   0.0000000e+00
   0.0000000e+00
   0.0000000e+00
   0.0000000e+00
   0.0000000e+00
   0.0000000e+00
   0.0000000e+00
   0.0000000e+00
   0.0000000e+00
   0.0000000e+00
   0.0000000e+00
   0.0000000e+00
   0.0000000e+00
   0.0000000e+00
   0.0000000e+00
   0.0000000e+00
   2.0295622e-02
   2.4426088e-02
   2.8667502e-02
   3.4276120e-02
   4.0717345e-02
   4.5352161e-02
   4.9948458e-02
   5.4506496e-02
   5.8546100e-02
   6.2230531e-02
   6.7192897e-02
   7.0964225e-02
   7.4437462e-02
   7.8094192e-02
   8.0438182e-02
   8.6431965e-02
   8.9456193e-02
   9.1739424e-02
   9.3483098e-02
   9.5737115e-02
   9.6940868e-02
   9.8694727e-02
   9.9962443e-02
   1.0135506e-01
   1.0194035e-01
   1.0393427e-01
   1.0441773e-01
   1.0535766e-01
   1.0488583e-01
   1.0478857e-01
   1.0444169e-01
   1.0367790e-01
   1.0304367e-01
   1.0184306e-01
   1.0084541e-01
   9.8620690e-02
   9.6378922e-02
   9.2293136e-02
   8.8984743e-02
   8.4381498e-02
   7.9458952e-02
   7.3663421e-02
   6.9483817e-02
   6.2859297e-02
   5.8768795e-02
   5.7342513e-02
   4.7931837e-02
   3.9935872e-02
   3.6354870e-02
   3.3016005e-02
   3.0818696e-02
   3.2217251e-02
   0.0000000e+00
   0.0000000e+00
   0.0000000e+00
   0.0000000e+00
   0.0000000e+00
   0.0000000e+00
   0.0000000e+00
   0.0000000e+00
   0.0000000e+00
   0.0000000e+00
   0.0000000e+00
   0.0000000e+00
   0.0000000e+00
   0.0000000e+00
   0.0000000e+00
   0.0000000e+00
   0.0000000e+00
   2.3776757e-02
   0.0000000e+00
   0.0000000e+00
   3.0311074e-02
   3.5004005e-02
   4.0510610e-02
   4.5299821e-02
   5.1359836e-02
   5.5519998e-02
   5.9573833e-02
   6.3328713e-02
   6.6868126e-02
   6.9395229e-02
   7.3660642e-02
   7.5943336e-02
   7.9159021e-02
   8.1597418e-02
   8.4242642e-02
   8.4327325e-02
   8.6564809e-02
   8.8937063e-02
   9.0780735e-02
   9.3923599e-02
   9.5496315e-02
   9.7740933e-02
   9.8961011e-02
   1.0104659e-01
   1.0191149e-01
   1.0446493e-01
   1.0501120e-01
   1.0632127e-01
   1.0572008e-01
   1.0596524e-01
   1.0520853e-01
   1.0558604e-01
   1.0504303e-01
   1.0502943e-01
   1.0394134e-01
   1.0267793e-01
   1.0054223e-01
   9.7087242e-02
   9.3952615e-02
   8.9683563e-02
   8.4121548e-02
   7.7154270e-02
   7.1340546e-02
   6.0720791e-02
   0.0000000e+00
   0.0000000e+00
   0.0000000e+00
   3.4738386e-02
   3.1156506e-02
   3.0397691e-02
   0.0000000e+00
   3.2217249e-02
   0.0000000e+00
   0.0000000e+00
   0.0000000e+00
   0.0000000e+00
   0.0000000e+00
   0.0000000e+00
   0.0000000e+00
   0.0000000e+00
   0.0000000e+00
   0.0000000e+00
   0.0000000e+00
   0.0000000e+00
   0.0000000e+00
   0.0000000e+00
   0.0000000e+00
   0.0000000e+00
   0.0000000e+00
   3.3457210e-02
   0.0000000e+00
   0.0000000e+00
   4.0060366e-02
   4.5035928e-02
   4.9596747e-02
   5.2840263e-02
   5.7219222e-02
   6.1159872e-02
   6.4868733e-02
   6.7606255e-02
   6.9757304e-02
   7.1436785e-02
   7.4157394e-02
   7.5959286e-02
   7.7910602e-02
   8.0055356e-02
   8.2202857e-02
   7.7349015e-02
   7.8709409e-02
   8.1135964e-02
   8.3247043e-02
   8.6725481e-02
   8.8382144e-02
   9.0492129e-02
   9.1893598e-02
   9.4007228e-02
   9.5288478e-02
   9.7677439e-02
   9.8439264e-02
   9.9526837e-02
   9.9595919e-02
   9.9992763e-02
   9.9897787e-02
   1.0054246e-01
   1.0067625e-01
   1.0079451e-01
   1.0046268e-01
   9.9641773e-02
   9.8557465e-02
   9.5585324e-02
   9.3341176e-02
   8.8850081e-02
   8.3732516e-02
   7.5084677e-02
   6.7923792e-02
   5.7344152e-02
   0.0000000e+00
   0.0000000e+00
   0.0000000e+00
   0.0000000e+00
   2.4342354e-02
   2.7133182e-02
   2.0890395e-02
   0.0000000e+00
   0.0000000e+00
   0.0000000e+00
   0.0000000e+00
   0.0000000e+00
   0.0000000e+00
   0.0000000e+00
   0.0000000e+00
   0.0000000e+00
   0.0000000e+00
   0.0000000e+00
   0.0000000e+00
   0.0000000e+00
   0.0000000e+00
   0.0000000e+00
   0.0000000e+00
   0.0000000e+00
   0.0000000e+00
   4.7200253e-02
   5.5506808e-02
   0.0000000e+00
   4.8326313e-02
   5.3813294e-02
   5.7336108e-02
   5.9218045e-02
   6.1723687e-02
   6.4277135e-02
   6.7051806e-02
   6.8792507e-02
   6.9392762e-02
   7.0089266e-02
   7.0883222e-02
   7.1975774e-02
   7.2589293e-02
   7.4140310e-02
   7.5407720e-02
   6.6328742e-02
   6.7450404e-02
   6.9244459e-02
   7.1636759e-02
   7.4472621e-02
   7.6418035e-02
   7.8076892e-02
   8.0063872e-02
   8.1803091e-02
   8.3350249e-02
   8.5296258e-02
   8.6340792e-02
   8.7345339e-02
   8.7718032e-02
   8.8435248e-02
   8.8779949e-02
   8.9744911e-02
   9.0085641e-02
   9.0418972e-02
   9.0844274e-02
   9.0636075e-02
   9.0816401e-02
   8.8440388e-02
   8.7324649e-02
   8.2349867e-02
   7.7935778e-02
   6.7851827e-02
   5.9511665e-02
   0.0000000e+00
   0.0000000e+00
   0.0000000e+00
   0.0000000e+00
   0.0000000e+00
   2.0982181e-02
   2.6318351e-02
   2.4902403e-02
   0.0000000e+00
   0.0000000e+00
   0.0000000e+00
   0.0000000e+00
   0.0000000e+00
   0.0000000e+00
   0.0000000e+00
   0.0000000e+00
   0.0000000e+00
   0.0000000e+00
   0.0000000e+00
   0.0000000e+00
   0.0000000e+00
   0.0000000e+00
   0.0000000e+00
   0.0000000e+00
   0.0000000e+00
   0.0000000e+00
   6.0261085e-02
   6.4296848e-02
   7.2801283e-02
   6.2559409e-02
   6.4180687e-02
   6.6644326e-02
   6.7478284e-02
   6.7988373e-02
   6.7921989e-02
   6.8426482e-02
   6.8495587e-02
   6.7717448e-02
   6.6974163e-02
   6.5720268e-02
   6.5418594e-02
   6.4883143e-02
   6.4971432e-02
   6.5266982e-02
   5.2707285e-02
   5.3473230e-02
   5.4567210e-02
   5.6810498e-02
   5.8995266e-02
   6.1183888e-02
   6.2524736e-02
   6.5095380e-02
   6.6528820e-02
   6.8055913e-02
   6.9656976e-02
   7.0775270e-02
   7.1873039e-02
   7.2136045e-02
   7.3263034e-02
   7.3693149e-02
   7.5026825e-02
   7.5332724e-02
   7.6403461e-02
   7.7199377e-02
   7.8101531e-02
   7.8429028e-02
   7.7854492e-02
   7.6593868e-02
   7.2684422e-02
   6.7091234e-02
   5.7350915e-02
   4.7208693e-02
   0.0000000e+00
   0.0000000e+00
   0.0000000e+00
   0.0000000e+00
   0.0000000e+00
   0.0000000e+00
   0.0000000e+00
   0.0000000e+00
   0.0000000e+00
   0.0000000e+00
   0.0000000e+00
   0.0000000e+00
   0.0000000e+00
   0.0000000e+00
   0.0000000e+00
   0.0000000e+00
   0.0000000e+00
   0.0000000e+00
   3.3628646e-02
   0.0000000e+00
   0.0000000e+00
   0.0000000e+00
   0.0000000e+00
   0.0000000e+00
   7.3555152e-02
   7.2924655e-02
   7.1424201e-02
   7.4593753e-02
   7.5466841e-02
   7.4749522e-02
   7.4337594e-02
   7.4933469e-02
   7.4440129e-02
   7.2610274e-02
   7.0346624e-02
   6.8032503e-02
   6.5960728e-02
   6.3487470e-02
   6.1166458e-02
   5.8072060e-02
   5.6242827e-02
   5.4604195e-02
   5.3204842e-02
   5.2510936e-02
   3.7548698e-02
   3.7523404e-02
   3.8532674e-02
   4.0094629e-02
   4.2510457e-02
   4.4374455e-02
   4.5994464e-02
   4.8427030e-02
   4.9973875e-02
   5.1283576e-02
   5.2738603e-02
   5.3715490e-02
   5.4705482e-02
   5.5230606e-02
   5.6346424e-02
   5.7511512e-02
   5.8280911e-02
   5.9545383e-02
   6.0716256e-02
   6.2604181e-02
   6.3681319e-02
   6.4151868e-02
   6.4707927e-02
   6.3173652e-02
   6.0614537e-02
   5.3547598e-02
   4.4597659e-02
   3.3793490e-02
   0.0000000e+00
   0.0000000e+00
   0.0000000e+00
   0.0000000e+00
   0.0000000e+00
   0.0000000e+00
   0.0000000e+00
   0.0000000e+00
   0.0000000e+00
   0.0000000e+00
   0.0000000e+00
   0.0000000e+00
   0.0000000e+00
   0.0000000e+00
   0.0000000e+00
   0.0000000e+00
   0.0000000e+00
   0.0000000e+00
   3.5530025e-02
   4.4190872e-02
   0.0000000e+00
   5.2340380e-02
   6.0696196e-02
   6.9416364e-02
   7.4279048e-02
   8.0809571e-02
   8.0768339e-02
   7.9860918e-02
   8.1201360e-02
   8.1092842e-02
   7.9652309e-02
   7.7967674e-02
   7.5725444e-02
   7.1763821e-02
   6.7871295e-02
   6.3645579e-02
   5.9138298e-02
   5.5254940e-02
   5.1230915e-02
   4.7316886e-02
   4.3868206e-02
   4.1483086e-02
   3.9066244e-02
   3.7791796e-02
   1.9174361e-02
   1.9322484e-02
   2.0096129e-02
   2.1629359e-02
   2.3932771e-02
   2.5835138e-02
   2.7861060e-02
   2.9638566e-02
   3.1322509e-02
   3.2782442e-02
   3.3690721e-02
   3.4830244e-02
   3.5873226e-02
   3.6631203e-02
   3.8008675e-02
   3.9567150e-02
   4.0703945e-02
   4.2435489e-02
   4.4428061e-02
   4.5787752e-02
   4.7124141e-02
   4.8144073e-02
   4.7860498e-02
   4.7099273e-02
   4.4630612e-02
   3.7757422e-02
   2.9050112e-02
   1.9457335e-02
   0.0000000e+00
   0.0000000e+00
   0.0000000e+00
   0.0000000e+00
   0.0000000e+00
   0.0000000e+00
   0.0000000e+00
   0.0000000e+00
   0.0000000e+00
   0.0000000e+00
   0.0000000e+00
   0.0000000e+00
   0.0000000e+00
   0.0000000e+00
   0.0000000e+00
   0.0000000e+00
   0.0000000e+00
   3.8444020e-02
   4.4264341e-02
   4.4190872e-02
   0.0000000e+00
   5.2340381e-02
   6.0696202e-02
   6.9416364e-02
   7.8712798e-02
   7.8910972e-02
   7.9616522e-02
   8.0711073e-02
   8.1829205e-02
   8.1269697e-02
   7.8989371e-02
   7.4873327e-02
   7.0328326e-02
   6.4792743e-02
   5.8691538e-02
   5.2619208e-02
   4.6339107e-02
   4.1140768e-02
   3.6361943e-02
   3.1473594e-02
   2.7596005e-02
   2.4460562e-02
   2.1598715e-02
   1.9935432e-02
   3.1641650e-04
   4.7777646e-04
   1.3425525e-03
   2.8781437e-03
   5.2532740e-03
   6.9294488e-03
   8.5106511e-03
   1.0338734e-02
   1.1743389e-02
   1.3014874e-02
   1.4313699e-02
   1.5383575e-02
   1.6565649e-02
   1.8296037e-02
   1.9813053e-02
   2.1241527e-02
   2.3054041e-02
   2.4715099e-02
   2.6439829e-02
   2.8105740e-02
   2.9111736e-02
   2.9714633e-02
   2.9693808e-02
   2.8706521e-02
   2.6064703e-02
   1.9871000e-02
   1.1786908e-02
   2.9744525e-03
   0.0000000e+00
   0.0000000e+00
   0.0000000e+00
   0.0000000e+00
   0.0000000e+00
   0.0000000e+00
   0.0000000e+00
   0.0000000e+00
   0.0000000e+00
   0.0000000e+00
   0.0000000e+00
   0.0000000e+00
   0.0000000e+00
   0.0000000e+00
   0.0000000e+00
   0.0000000e+00
   2.8450415e-02
   3.6078816e-02
   3.9992288e-02
   4.1222185e-02
   4.2110522e-02
   4.9819160e-02
   5.2589513e-02
   5.6807257e-02
   6.3735969e-02
   6.7323998e-02
   6.9949239e-02
   7.1278453e-02
   7.0608772e-02
   6.8529397e-02
   6.4226396e-02
   5.9267689e-02
   5.3578094e-02
   4.6072491e-02
   3.9612427e-02
   3.3577025e-02
   2.6961450e-02
   2.1801677e-02
   1.7144863e-02
   1.2357053e-02
   8.7493062e-03
   5.5661760e-03
   2.5526916e-03
   1.0406815e-03
  -1.2840200e-02
  -1.2688960e-02
  -1.1855377e-02
  -1.0489949e-02
  -8.4444676e-03
  -6.9228821e-03
  -5.4693418e-03
  -3.6948668e-03
  -2.2594861e-03
  -8.6607737e-04
   6.0586678e-04
   1.7244588e-03
   3.1069675e-03
   5.2667055e-03
   6.9736871e-03
   8.4520923e-03
   1.0320937e-02
   1.1892374e-02
   1.3338184e-02
   1.4750374e-02
   1.5594346e-02
   1.6026570e-02
   1.5792638e-02
   1.4508357e-02
   1.1756815e-02
   5.9504821e-03
  -5.4098153e-04
  -6.0868175e-03
   0.0000000e+00
   0.0000000e+00
   0.0000000e+00
   0.0000000e+00
   0.0000000e+00
   0.0000000e+00
   0.0000000e+00
   0.0000000e+00
   0.0000000e+00
   0.0000000e+00
   0.0000000e+00
   0.0000000e+00
   0.0000000e+00
   0.0000000e+00
   0.0000000e+00
   0.0000000e+00
   1.8329408e-02
   2.8236642e-02
   3.2020610e-02
   3.3680033e-02
   3.4774207e-02
   4.0223021e-02
   4.2608298e-02
   4.5632519e-02
   5.0393976e-02
   5.2549023e-02
   5.3699911e-02
   5.3559028e-02
   5.1827837e-02
   4.9163371e-02
   4.4579227e-02
   3.9762527e-02
   3.4364685e-02
   2.7366411e-02
   2.1665266e-02
   1.6416417e-02
   1.0656642e-02
   6.1934553e-03
   2.1956523e-03
  -2.0876492e-03
  -5.3090537e-03
  -8.0993446e-03
  -1.0738110e-02
  -1.2147212e-02
  -2.4023693e-02
  -2.3868928e-02
  -2.3117494e-02
  -2.1951849e-02
  -2.0194605e-02
  -1.8728936e-02
  -1.7192883e-02
  -1.5290690e-02
  -1.3730343e-02
  -1.2193627e-02
  -1.0575131e-02
  -9.3356632e-03
  -7.7847163e-03
  -5.4405648e-03
  -3.5948146e-03
  -2.0217975e-03
  -1.9328087e-04
   1.1838095e-03
   2.2675893e-03
   3.2767328e-03
   3.8770388e-03
   4.0273219e-03
   3.3047623e-03
   1.6413468e-03
  -1.2549140e-03
  -6.6487491e-03
  -1.1136409e-02
  -1.2169442e-02
   0.0000000e+00
   0.0000000e+00
   0.0000000e+00
   0.0000000e+00
   0.0000000e+00
   0.0000000e+00
   0.0000000e+00
   0.0000000e+00
   0.0000000e+00
   0.0000000e+00
   0.0000000e+00
   0.0000000e+00
   0.0000000e+00
   0.0000000e+00
   0.0000000e+00
   0.0000000e+00
   1.0586540e-02
   1.9065920e-02
   2.2453304e-02
   2.4060052e-02
   2.5230061e-02
   2.8795995e-02
   3.0729042e-02
   3.2533936e-02
   3.4797687e-02
   3.5253759e-02
   3.4971986e-02
   3.3617131e-02
   3.1467319e-02
   2.8792333e-02
   2.4562670e-02
   2.0327624e-02
   1.5765946e-02
   9.9800667e-03
   5.2978685e-03
   9.3581062e-04
  -3.8337740e-03
  -7.5448332e-03
  -1.0905255e-02
  -1.4550311e-02
  -1.7336387e-02
  -1.9758524e-02
  -2.2046387e-02
  -2.3360610e-02
  -3.3617086e-02
  -3.3443806e-02
  -3.2808741e-02
  -3.1849271e-02
  -3.0295590e-02
  -2.8798345e-02
  -2.7014241e-02
  -2.4806674e-02
  -2.3065417e-02
  -2.1398587e-02
  -1.9641354e-02
  -1.8227388e-02
  -1.6548220e-02
  -1.4202908e-02
  -1.2274908e-02
  -1.0584796e-02
  -8.8272593e-03
  -7.7365102e-03
  -7.0830017e-03
  -6.5538539e-03
  -6.2842311e-03
  -6.5373358e-03
  -7.9502998e-03
  -1.0054013e-02
  -1.3130444e-02
  -1.8070347e-02
  -2.0309625e-02
  -1.6006472e-02
   0.0000000e+00
   0.0000000e+00
   0.0000000e+00
   0.0000000e+00
   0.0000000e+00
   0.0000000e+00
   0.0000000e+00
   0.0000000e+00
   0.0000000e+00
   0.0000000e+00
   0.0000000e+00
   0.0000000e+00
   0.0000000e+00
   0.0000000e+00
   0.0000000e+00
  -0.0000000e+00
   9.9444051e-04
   9.4535952e-03
   1.1975441e-02
   1.3302720e-02
   1.4546830e-02
   1.6606755e-02
   1.7536726e-02
   1.7810911e-02
   1.7308492e-02
   1.6319834e-02
   1.5005857e-02
   1.2872033e-02
   1.0850016e-02
   8.6164353e-03
   5.1642108e-03
   1.8161266e-03
  -1.5550358e-03
  -5.7320544e-03
  -9.2828626e-03
  -1.2757644e-02
  -1.6549312e-02
  -1.9537734e-02
  -2.2348505e-02
  -2.5283933e-02
  -2.7610523e-02
  -2.9739179e-02
  -3.1757789e-02
  -3.2982416e-02
  -4.4993225e-02
  -4.4571601e-02
  -4.3798320e-02
  -4.2663179e-02
  -4.0835969e-02
  -3.8934331e-02
  -3.6715955e-02
  -3.3932138e-02
  -3.1925131e-02
  -3.0121785e-02
  -2.7973484e-02
  -2.6204884e-02
  -2.4439989e-02
  -2.2403944e-02
  -2.0843556e-02
  -1.9480925e-02
  -1.8400749e-02
  -1.8088914e-02
  -1.8191501e-02
  -1.8669467e-02
  -1.9604776e-02
  -2.1205053e-02
  -2.3989756e-02
  -2.6992800e-02
  -3.0406455e-02
  -3.3628859e-02
  -3.0679036e-02
  -1.5919762e-02
   0.0000000e+00
   0.0000000e+00
   0.0000000e+00
   0.0000000e+00
   0.0000000e+00
   0.0000000e+00
   0.0000000e+00
   0.0000000e+00
   0.0000000e+00
   0.0000000e+00
   0.0000000e+00
   0.0000000e+00
   0.0000000e+00
   0.0000000e+00
   0.0000000e+00
   0.0000000e+00
  -8.4387204e-03
  -5.2815247e-03
  -1.9700238e-03
  -8.1952428e-04
  -5.8546686e-04
  -1.4070382e-03
  -2.6480353e-03
  -4.0756483e-03
  -6.0324604e-03
  -7.9655452e-03
  -1.0116602e-02
  -1.2636438e-02
  -1.4420903e-02
  -1.6026840e-02
  -1.8040402e-02
  -1.9981487e-02
  -2.2034837e-02
  -2.4482563e-02
  -2.6651304e-02
  -2.9024020e-02
  -3.1788118e-02
  -3.3945665e-02
  -3.6203701e-02
  -3.8574252e-02
  -4.0405147e-02
  -4.2059720e-02
  -4.3731235e-02
  -4.4625878e-02
  -4.9548373e-02
  -4.8881713e-02
  -4.7852898e-02
  -4.6435505e-02
  -4.4252880e-02
  -4.2057692e-02
  -3.9573841e-02
  -3.6542557e-02
  -3.4339293e-02
  -3.2357216e-02
  -3.0030888e-02
  -2.8224033e-02
  -2.6598990e-02
  -2.5009958e-02
  -2.3993474e-02
  -2.3256617e-02
  -2.3025060e-02
  -2.3413253e-02
  -2.4242420e-02
  -2.5764721e-02
  -2.7645782e-02
  -3.0140020e-02
  -3.3796445e-02
  -3.7248663e-02
  -4.0554330e-02
  -4.1825704e-02
  -3.4936580e-02
  -1.6125523e-02
   0.0000000e+00
   0.0000000e+00
   0.0000000e+00
   0.0000000e+00
   0.0000000e+00
   0.0000000e+00
   0.0000000e+00
   0.0000000e+00
   0.0000000e+00
   0.0000000e+00
   0.0000000e+00
   0.0000000e+00
   0.0000000e+00
   0.0000000e+00
   0.0000000e+00
   0.0000000e+00
  -0.0000000e+00
  -1.0019220e-02
  -8.2484968e-03
  -8.0132400e-03
  -8.6928289e-03
  -1.0275623e-02
  -1.2006760e-02
  -1.3927175e-02
  -1.6368527e-02
  -1.8595669e-02
  -2.0905619e-02
  -2.3572808e-02
  -2.5381849e-02
  -2.6731648e-02
  -2.8028110e-02
  -2.9404503e-02
  -3.1008823e-02
  -3.2878250e-02
  -3.4566450e-02
  -3.6521479e-02
  -3.8894776e-02
  -4.0671776e-02
  -4.2649858e-02
  -4.4919729e-02
  -4.6518544e-02
  -4.7876086e-02
  -4.9131460e-02
  -4.9547562e-02
  -5.2953262e-02
  -5.2032497e-02
  -5.0755195e-02
  -4.9062036e-02
  -4.6549223e-02
  -4.4086471e-02
  -4.1376278e-02
  -3.8160514e-02
  -3.5818681e-02
  -3.3732016e-02
  -3.1356540e-02
  -2.9626388e-02
  -2.8246189e-02
  -2.7167296e-02
  -2.6707005e-02
  -2.6617905e-02
  -2.7261723e-02
  -2.8386261e-02
  -2.9971082e-02
  -3.2514427e-02
  -3.5269011e-02
  -3.8542349e-02
  -4.2915098e-02
  -4.6630226e-02
  -4.9609009e-02
  -4.8759568e-02
  -3.8304016e-02
  -1.6441654e-02
   0.0000000e+00
   0.0000000e+00
   0.0000000e+00
   0.0000000e+00
   0.0000000e+00
   0.0000000e+00
   0.0000000e+00
   0.0000000e+00
   0.0000000e+00
   0.0000000e+00
   0.0000000e+00
   0.0000000e+00
   0.0000000e+00
   0.0000000e+00
   0.0000000e+00
  -0.0000000e+00
  -1.4769396e-02
  -1.3890386e-02
  -1.3420612e-02
  -1.3961094e-02
  -1.5309196e-02
  -1.7461732e-02
  -1.9643351e-02
  -2.2034582e-02
  -2.4946168e-02
  -2.7450815e-02
  -2.9914249e-02
  -3.2673925e-02
  -3.4468703e-02
  -3.5585761e-02
  -3.6338858e-02
  -3.7243947e-02
  -3.8429193e-02
  -3.9839137e-02
  -4.1162271e-02
  -4.2773515e-02
  -4.4812232e-02
  -4.6297543e-02
  -4.8035964e-02
  -5.0152037e-02
  -5.1490538e-02
  -5.2524034e-02
  -5.3332511e-02
  -5.3300276e-02
  -5.5328961e-02
  -5.4020242e-02
  -5.2398853e-02
  -5.0320925e-02
  -4.7386116e-02
  -4.4593704e-02
  -4.1642757e-02
  -3.8299740e-02
  -3.5885342e-02
  -3.3811860e-02
  -3.1651297e-02
  -3.0287345e-02
  -2.9494653e-02
  -2.9294357e-02
  -2.9666465e-02
  -3.0563859e-02
  -3.2534277e-02
  -3.4805349e-02
  -3.7548564e-02
  -4.1518286e-02
  -4.5377043e-02
  -4.9523236e-02
  -5.4588003e-02
  -5.8270305e-02
  -6.0290030e-02
  -5.5993588e-02
  -4.1202945e-02
  -1.7144280e-02
   0.0000000e+00
   0.0000000e+00
   0.0000000e+00
   0.0000000e+00
   0.0000000e+00
   0.0000000e+00
   0.0000000e+00
   0.0000000e+00
   0.0000000e+00
   0.0000000e+00
   0.0000000e+00
   0.0000000e+00
   0.0000000e+00
   0.0000000e+00
   0.0000000e+00
  -1.5558727e-02
  -1.6397883e-02
  -1.7570862e-02
  -1.8451997e-02
  -1.9805779e-02
  -2.1577506e-02
  -2.4129781e-02
  -2.6875484e-02
  -2.9899465e-02
  -3.3460019e-02
  -3.6329619e-02
  -3.9003229e-02
  -4.1775010e-02
  -4.3462932e-02
  -4.4295021e-02
  -4.4647189e-02
  -4.5077281e-02
  -4.5722410e-02
  -4.6730906e-02
  -4.7781872e-02
  -4.9059519e-02
  -5.0738684e-02
  -5.1998971e-02
  -5.3479946e-02
  -5.5255460e-02
  -5.6154425e-02
  -5.6658905e-02
  -5.6752157e-02
  -5.6137938e-02
  -5.3596381e-02
  -5.1725145e-02
  -4.9737595e-02
  -4.7527197e-02
  -4.4668148e-02
  -4.2168453e-02
  -3.9731501e-02
  -3.7085494e-02
  -3.5170034e-02
  -3.3559205e-02
  -3.2072594e-02
  -3.1401329e-02
  -3.1356065e-02
  -3.2066001e-02
  -3.3300202e-02
  -3.5184080e-02
  -3.8385315e-02
  -4.1711517e-02
  -4.5440650e-02
  -5.0370707e-02
  -5.4730304e-02
  -5.9079129e-02
  -6.3874606e-02
  -6.6746198e-02
  -6.7196537e-02
  -5.9691142e-02
  -4.1607831e-02
  -1.5293154e-02
   0.0000000e+00
   0.0000000e+00
   0.0000000e+00
   0.0000000e+00
   0.0000000e+00
   0.0000000e+00
   0.0000000e+00
   0.0000000e+00
   0.0000000e+00
   0.0000000e+00
   0.0000000e+00
   0.0000000e+00
  -2.3093701e-02
  -2.2284316e-02
  -2.1718266e-02
  -2.0661007e-02
  -1.7421531e-02
  -1.8462955e-02
  -2.0119523e-02
  -2.2362545e-02
  -2.4834739e-02
  -2.8129618e-02
  -3.1337421e-02
  -3.4614535e-02
  -3.8478902e-02
  -4.1641869e-02
  -4.4490504e-02
  -4.7223839e-02
  -4.8765980e-02
  -4.9506000e-02
  -4.9664534e-02
  -4.9593531e-02
  -4.9779530e-02
  -5.0388328e-02
  -5.1253982e-02
  -5.2358694e-02
  -5.3740940e-02
  -5.4683380e-02
  -5.5569723e-02
  -5.6487564e-02
  -5.6726396e-02
  -5.6496378e-02
  -5.5852048e-02
  -5.4867506e-02
  -5.0515001e-02
  -4.8633368e-02
  -4.6831677e-02
  -4.4955211e-02
  -4.2682337e-02
  -4.0792580e-02
  -3.9000067e-02
  -3.7058826e-02
  -3.5640344e-02
  -3.4464325e-02
  -3.3527538e-02
  -3.3356271e-02
  -3.3819746e-02
  -3.5198699e-02
  -3.7071060e-02
  -3.9593014e-02
  -4.3445779e-02
  -4.7211105e-02
  -5.1263311e-02
  -5.6359113e-02
  -6.0617790e-02
  -6.4650058e-02
  -6.8785287e-02
  -7.0796928e-02
  -6.9865852e-02
  -6.0010501e-02
  -4.0049179e-02
  -1.3673963e-02
   0.0000000e+00
   0.0000000e+00
   0.0000000e+00
   0.0000000e+00
   0.0000000e+00
   0.0000000e+00
   0.0000000e+00
   0.0000000e+00
   0.0000000e+00
   0.0000000e+00
   0.0000000e+00
   0.0000000e+00
  -2.3151740e-02
  -2.2048532e-02
  -2.1416004e-02
  -1.9512357e-02
  -1.6797133e-02
  -1.8128529e-02
  -2.0671915e-02
  -2.3637683e-02
  -2.6630104e-02
  -3.0281687e-02
  -3.3556509e-02
  -3.6815188e-02
  -4.0741882e-02
  -4.3984065e-02
  -4.6851316e-02
  -4.9573393e-02
  -5.1087299e-02
  -5.1846315e-02
  -5.1935037e-02
  -5.1620641e-02
  -5.1496097e-02
  -5.1790499e-02
  -5.2519427e-02
  -5.3493546e-02
  -5.4578849e-02
  -5.5104406e-02
  -5.5415948e-02
  -5.5584089e-02
  -5.5266333e-02
  -5.4446240e-02
  -5.3198231e-02
  -5.1947289e-02
  -4.4838370e-02
  -4.3289493e-02
  -4.2127735e-02
  -4.1068903e-02
  -4.0036372e-02
  -3.9302009e-02
  -3.8600875e-02
  -3.7767855e-02
  -3.7126152e-02
  -3.6613242e-02
  -3.6458741e-02
  -3.6948410e-02
  -3.8057441e-02
  -4.0331257e-02
  -4.3061087e-02
  -4.6361717e-02
  -5.0868242e-02
  -5.4931598e-02
  -5.9070550e-02
  -6.3923524e-02
  -6.7643752e-02
  -7.0852223e-02
  -7.3706676e-02
  -7.4340922e-02
  -7.1366023e-02
  -5.8374838e-02
  -3.6367764e-02
  -1.1285715e-02
   0.0000000e+00
   0.0000000e+00
   0.0000000e+00
   0.0000000e+00
   0.0000000e+00
   0.0000000e+00
   0.0000000e+00
   0.0000000e+00
   0.0000000e+00
   0.0000000e+00
   0.0000000e+00
   0.0000000e+00
  -2.3279291e-02
  -2.1530356e-02
  -2.0751728e-02
  -1.6181578e-02
  -1.4777755e-02
  -1.6829594e-02
  -2.0831731e-02
  -2.4823708e-02
  -2.8516616e-02
  -3.2482670e-02
  -3.5612634e-02
  -3.8670776e-02
  -4.2542391e-02
  -4.5773209e-02
  -4.8570723e-02
  -5.1292359e-02
  -5.2836354e-02
  -5.3695359e-02
  -5.3753051e-02
  -5.3220512e-02
  -5.2703752e-02
  -5.2559887e-02
  -5.3105494e-02
  -5.3901948e-02
  -5.4522349e-02
  -5.4332661e-02
  -5.3756885e-02
  -5.2819597e-02
  -5.1695958e-02
  -5.0043415e-02
  -4.7934979e-02
  -4.6332665e-02
  -3.7490580e-02
  -3.8054973e-02
  -3.8923970e-02
  -3.9939471e-02
  -4.1300409e-02
  -4.2380775e-02
  -4.3229185e-02
  -4.3953054e-02
  -4.4471422e-02
  -4.5018107e-02
  -4.5994855e-02
  -4.7313938e-02
  -4.9179442e-02
  -5.2162249e-02
  -5.5129015e-02
  -5.8258716e-02
  -6.1996631e-02
  -6.5081201e-02
  -6.7994028e-02
  -7.1135089e-02
  -7.3308444e-02
  -7.4896067e-02
  -7.5153723e-02
  -7.2390682e-02
  -6.5725841e-02
  -5.2362897e-02
  -3.7139005e-02
  -2.2025074e-02
   0.0000000e+00
   0.0000000e+00
   0.0000000e+00
   0.0000000e+00
   0.0000000e+00
   0.0000000e+00
   0.0000000e+00
   0.0000000e+00
   0.0000000e+00
  -2.7662658e-02
   0.0000000e+00
  -3.1793762e-02
  -2.2150645e-02
  -1.8727671e-02
  -1.7072057e-02
  -1.3361205e-02
  -1.3854791e-02
  -1.7261645e-02
  -2.2616696e-02
  -2.7227112e-02
  -3.0990787e-02
  -3.4228522e-02
  -3.6417886e-02
  -3.8658224e-02
  -4.1711323e-02
  -4.4354940e-02
  -4.6827067e-02
  -4.9462840e-02
  -5.1200402e-02
  -5.2409638e-02
  -5.2817374e-02
  -5.2300052e-02
  -5.1392227e-02
  -5.0561301e-02
  -5.0624014e-02
  -5.0933693e-02
  -5.0484236e-02
  -4.8969293e-02
  -4.7067314e-02
  -4.4711970e-02
  -4.2676697e-02
  -4.0559690e-02
  -3.8528789e-02
  -3.7643465e-02
  -3.4384970e-02
  -3.6431640e-02
  -3.8636173e-02
  -4.0939454e-02
  -4.3680739e-02
  -4.5778426e-02
  -4.7529969e-02
  -4.9233276e-02
  -5.0496525e-02
  -5.1710736e-02
  -5.3324457e-02
  -5.5021073e-02
  -5.7096690e-02
  -6.0029931e-02
  -6.2686365e-02
  -6.5286785e-02
  -6.8142131e-02
  -7.0354913e-02
  -7.2304122e-02
  -7.4157901e-02
  -7.5146501e-02
  -7.5393602e-02
  -7.3693469e-02
  -6.9176678e-02
  -6.1401054e-02
  -4.8468105e-02
  -3.7037918e-02
  -3.1111490e-02
   0.0000000e+00
   0.0000000e+00
   0.0000000e+00
   0.0000000e+00
   0.0000000e+00
   0.0000000e+00
   0.0000000e+00
   0.0000000e+00
   0.0000000e+00
  -3.3091136e-02
  -4.5046436e-02
  -3.6105417e-02
  -2.4797110e-02
  -2.0152000e-02
  -1.7218882e-02
  -1.3719324e-02
  -1.5166502e-02
  -1.8863685e-02
  -2.4203237e-02
  -2.8578123e-02
  -3.1955834e-02
  -3.4545328e-02
  -3.6083428e-02
  -3.7664104e-02
  -3.9973747e-02
  -4.2118589e-02
  -4.4306144e-02
  -4.6804257e-02
  -4.8634275e-02
  -5.0156809e-02
  -5.1028885e-02
  -5.0704855e-02
  -4.9662855e-02
  -4.8263047e-02
  -4.7774802e-02
  -4.7636528e-02
  -4.6492938e-02
  -4.4317591e-02
  -4.1845594e-02
  -3.9009947e-02
  -3.6856810e-02
  -3.4960102e-02
  -3.3576556e-02
  -3.3503836e-02
  -3.1049875e-02
  -3.5322117e-02
  -3.9474278e-02
  -4.3602732e-02
  -4.8223087e-02
  -5.1682547e-02
  -5.4671015e-02
  -5.7771907e-02
  -6.0108944e-02
  -6.2276352e-02
  -6.4745028e-02
  -6.6876080e-02
  -6.9059443e-02
  -7.1563724e-02
  -7.3445245e-02
  -7.4985595e-02
  -7.6293150e-02
  -7.7076840e-02
  -7.7512125e-02
  -7.7376928e-02
  -7.6521995e-02
  -7.4624396e-02
  -6.9896321e-02
  -6.3154182e-02
  -5.4668555e-02
  -4.2829012e-02
  -3.5901895e-02
   0.0000000e+00
   0.0000000e+00
   0.0000000e+00
   0.0000000e+00
   0.0000000e+00
   0.0000000e+00
   0.0000000e+00
   0.0000000e+00
   0.0000000e+00
   0.0000000e+00
  -4.1843541e-02
  -4.5046429e-02
  -4.3057141e-02
  -3.0999561e-02
  -2.4488371e-02
  -1.9207727e-02
  -1.5771661e-02
  -1.8406039e-02
  -2.2111206e-02
  -2.6802253e-02
  -3.0389581e-02
  -3.2905408e-02
  -3.4432514e-02
  -3.4998265e-02
  -3.5532706e-02
  -3.6616313e-02
  -3.7955901e-02
  -3.9679673e-02
  -4.1920892e-02
  -4.3861642e-02
  -4.5898451e-02
  -4.7609567e-02
  -4.7694114e-02
  -4.6541512e-02
  -4.4231181e-02
  -4.2778062e-02
  -4.1898183e-02
  -3.9748858e-02
  -3.6756409e-02
  -3.3662066e-02
  -3.0438706e-02
  -2.8446723e-02
  -2.7234823e-02
  -2.7207662e-02
  -2.8555807e-02
  -3.0965505e-02
  -3.6506057e-02
  -4.1790728e-02
  -4.7027044e-02
  -5.2795660e-02
  -5.7130441e-02
  -6.1027739e-02
  -6.5266490e-02
  -6.8511382e-02
  -7.1483761e-02
  -7.4615382e-02
  -7.6867141e-02
  -7.8777671e-02
  -8.0444425e-02
  -8.1319898e-02
  -8.1690788e-02
  -8.1307776e-02
  -8.0382720e-02
  -7.8876026e-02
  -7.6066040e-02
  -7.2688162e-02
  -6.8148389e-02
  -6.0730193e-02
  -5.2499272e-02
  -4.1642074e-02
  -2.7477821e-02
  -3.5901900e-02
   0.0000000e+00
   0.0000000e+00
   0.0000000e+00
   0.0000000e+00
   0.0000000e+00
   0.0000000e+00
   0.0000000e+00
   0.0000000e+00
   0.0000000e+00
   0.0000000e+00
  -4.6442192e-02
  -4.9015328e-02
  -4.5875506e-02
  -3.0999560e-02
  -2.9146359e-02
  -2.3868077e-02
  -1.9477291e-02
  -2.2026286e-02
  -2.4675645e-02
  -2.7360125e-02
  -2.9269189e-02
  -3.0517576e-02
  -3.0863348e-02
  -3.0487420e-02
  -2.9953945e-02
  -2.9641256e-02
  -2.9945374e-02
  -3.0859070e-02
  -3.2536734e-02
  -3.4426447e-02
  -3.6958277e-02
  -3.9842315e-02
  -4.0819727e-02
  -4.0169910e-02
  -3.7540179e-02
  -3.4975268e-02
  -3.3377729e-02
  -3.1036913e-02
  -2.8520949e-02
  -2.6143895e-02
  -2.4084363e-02
  -2.3362134e-02
  -2.3563871e-02
  -2.5097061e-02
  -2.7501646e-02
  -3.2897240e-02
  -3.8608736e-02
  -4.3974869e-02
  -4.9268778e-02
  -5.5060684e-02
  -5.9407972e-02
  -6.3383084e-02
  -6.7831297e-02
  -7.1305402e-02
  -7.4499150e-02
  -7.7759345e-02
  -7.9928093e-02
  -8.1598130e-02
  -8.2784926e-02
  -8.3117574e-02
  -8.2840701e-02
  -8.1566503e-02
  -7.9805888e-02
  -7.7355904e-02
  -7.3294584e-02
  -6.8849958e-02
  -6.3251969e-02
  -5.4691344e-02
  -4.5688905e-02
  -3.4200588e-02
  -1.9093786e-02
   0.0000000e+00
   0.0000000e+00
   0.0000000e+00
   0.0000000e+00
   0.0000000e+00
   0.0000000e+00
   0.0000000e+00
   0.0000000e+00
   0.0000000e+00
   0.0000000e+00
   0.0000000e+00
  -0.0000000e+00
  -5.0058759e-02
  -4.8839324e-02
   0.0000000e+00
  -0.0000000e+00
  -2.5720805e-02
  -2.0683592e-02
  -2.2970067e-02
  -2.4902321e-02
  -2.6471812e-02
  -2.7514715e-02
  -2.8116165e-02
  -2.7887212e-02
  -2.7071208e-02
  -2.6048550e-02
  -2.5061922e-02
  -2.4822617e-02
  -2.5288738e-02
  -2.6624582e-02
  -2.8414266e-02
  -3.1137329e-02
  -3.4732549e-02
  -3.6279209e-02
  -3.5898647e-02
  -3.3482133e-02
  -3.0843267e-02
  -2.9314935e-02
  -2.7430454e-02
  -2.5675856e-02
  -2.4136064e-02
  -2.3109585e-02
  -2.3233745e-02
  -2.4194827e-02
  -2.6416484e-02
  -2.9193515e-02
  -3.8717491e-02
  -4.3944956e-02
  -4.8666847e-02
  -5.3264716e-02
  -5.8226772e-02
  -6.1925839e-02
  -6.5420986e-02
  -6.9602059e-02
  -7.3047974e-02
  -7.6270732e-02
  -7.9394727e-02
  -8.1221707e-02
  -8.2388992e-02
  -8.2802004e-02
  -8.2305653e-02
  -8.1015015e-02
  -7.8410099e-02
  -7.5498757e-02
  -7.1759705e-02
  -6.6065713e-02
  -6.0419289e-02
  -5.3738245e-02
  -4.3881312e-02
  -3.3746613e-02
  -2.2235557e-02
  -1.0148976e-02
   0.0000000e+00
   0.0000000e+00
   0.0000000e+00
   0.0000000e+00
   0.0000000e+00
   0.0000000e+00
   0.0000000e+00
   0.0000000e+00
   0.0000000e+00
   0.0000000e+00
   0.0000000e+00
   0.0000000e+00
   0.0000000e+00
   0.0000000e+00
   0.0000000e+00
  -0.0000000e+00
  -2.7590016e-02
  -2.1374904e-02
  -2.2946268e-02
  -2.3569262e-02
  -2.3388861e-02
  -2.3165971e-02
  -2.2832909e-02
  -2.1817130e-02
  -2.0427703e-02
  -1.8784181e-02
  -1.6883530e-02
  -1.5836411e-02
  -1.5603691e-02
  -1.6362671e-02
  -1.7894388e-02
  -2.0799396e-02
  -2.5594521e-02
  -2.8137617e-02
  -2.8165340e-02
  -2.6634089e-02
  -2.4645614e-02
  -2.3885433e-02
  -2.3510224e-02
  -2.3650413e-02
  -2.4042904e-02
  -2.5182210e-02
  -2.6833195e-02
  -2.8949116e-02
  -3.1999609e-02
  -3.5058751e-02
  -5.2310295e-02
  -5.6681819e-02
  -6.0212672e-02
  -6.3394897e-02
  -6.6441573e-02
  -6.8383627e-02
  -7.0050225e-02
  -7.2032750e-02
  -7.3657013e-02
  -7.5118452e-02
  -7.6269798e-02
  -7.6648720e-02
  -7.6517083e-02
  -7.5499997e-02
  -7.3791534e-02
  -7.1310699e-02
  -6.7470908e-02
  -6.3749105e-02
  -5.9445303e-02
  -5.3395048e-02
  -4.7772374e-02
  -4.1381888e-02
  -3.1927753e-02
  -2.1999944e-02
  -1.1633797e-02
  -8.4043480e-04
   0.0000000e+00
   0.0000000e+00
   0.0000000e+00
   0.0000000e+00
   0.0000000e+00
   0.0000000e+00
   0.0000000e+00
   0.0000000e+00
   0.0000000e+00
   0.0000000e+00
   0.0000000e+00
   0.0000000e+00
   0.0000000e+00
   0.0000000e+00
   0.0000000e+00
  -0.0000000e+00
  -2.4162315e-02
  -1.9465262e-02
  -2.0000057e-02
  -1.9552987e-02
  -1.8279621e-02
  -1.7275995e-02
  -1.6364861e-02
  -1.4980882e-02
  -1.3374850e-02
  -1.1462995e-02
  -9.0822689e-03
  -7.5479420e-03
  -6.8756356e-03
  -7.5854366e-03
  -8.9208893e-03
  -1.2108329e-02
  -1.8889952e-02
  -2.3196882e-02
  -2.3846693e-02
  -2.3406558e-02
  -2.3875792e-02
  -2.5278114e-02
  -2.7495200e-02
  -2.9941944e-02
  -3.2442246e-02
  -3.5634223e-02
  -3.8593356e-02
  -4.1668072e-02
  -4.5394655e-02
  -4.8736490e-02
  -6.1294235e-02
  -6.5269060e-02
  -6.8173796e-02
  -7.0574470e-02
  -7.2511449e-02
  -7.3376276e-02
  -7.3873602e-02
  -7.4376553e-02
  -7.4718952e-02
  -7.4910156e-02
  -7.4609265e-02
  -7.3897339e-02
  -7.2794139e-02
  -7.0762865e-02
  -6.8273693e-02
  -6.5088391e-02
  -6.0542107e-02
  -5.6352586e-02
  -5.1741965e-02
  -4.5544438e-02
  -3.9986655e-02
  -3.3825170e-02
  -2.4772657e-02
  -1.5215292e-02
  -5.4028947e-03
   5.5681181e-03
   0.0000000e+00
   0.0000000e+00
   0.0000000e+00
   0.0000000e+00
   0.0000000e+00
   0.0000000e+00
   0.0000000e+00
   0.0000000e+00
   0.0000000e+00
   0.0000000e+00
   0.0000000e+00
   0.0000000e+00
   0.0000000e+00
   0.0000000e+00
   0.0000000e+00
   0.0000000e+00
  -2.1745111e-02
  -1.8120609e-02
  -1.8016562e-02
  -1.6892791e-02
  -1.4985263e-02
  -1.3541998e-02
  -1.2315986e-02
  -1.0756903e-02
  -9.0608355e-03
  -7.0107528e-03
  -4.3829922e-03
  -2.5806718e-03
  -1.6632072e-03
  -2.3060683e-03
  -3.5383804e-03
  -6.9613573e-03
  -1.4862297e-02
  -2.0501442e-02
  -2.1918399e-02
  -2.2197690e-02
  -2.4353590e-02
  -2.7072072e-02
  -3.0813888e-02
  -3.4559064e-02
  -3.8228542e-02
  -4.2563740e-02
  -4.6270311e-02
  -4.9926598e-02
  -5.4120969e-02
  -5.7694148e-02
  -8.0904548e-02
  -8.4703789e-02
  -8.6899642e-02
  -8.8223697e-02
  -8.8376603e-02
  -8.7233238e-02
  -8.5338728e-02
  -8.2503790e-02
  -7.9730143e-02
  -7.6715312e-02
  -7.2638079e-02
  -6.8998627e-02
  -6.5312887e-02
  -6.0786062e-02
  -5.6676181e-02
  -5.2288742e-02
  -4.6648227e-02
  -4.1715295e-02
  -3.6706368e-02
  -3.0547498e-02
  -2.5332312e-02
  -1.9821677e-02
  -1.2198843e-02
  -4.4046015e-03
   5.0280124e-03
   2.0603329e-02
   0.0000000e+00
   0.0000000e+00
   0.0000000e+00
   0.0000000e+00
   0.0000000e+00
   0.0000000e+00
   0.0000000e+00
   0.0000000e+00
   0.0000000e+00
   0.0000000e+00
   0.0000000e+00
   0.0000000e+00
   0.0000000e+00
   0.0000000e+00
   0.0000000e+00
   0.0000000e+00
  -1.8933411e-02
  -1.4848494e-02
  -1.3538892e-02
  -1.1062763e-02
  -8.1312708e-03
  -6.0402938e-03
  -4.4013595e-03
  -2.7388258e-03
  -1.0632067e-03
   1.1288070e-03
   4.0088265e-03
   6.1755116e-03
   7.4427655e-03
   7.0866650e-03
   5.9709420e-03
   1.8342465e-03
  -7.7191410e-03
  -1.6946054e-02
  -2.1491500e-02
  -2.3334095e-02
  -2.9426066e-02
  -3.4555522e-02
  -4.0855242e-02
  -4.6511377e-02
  -5.1818323e-02
  -5.7777108e-02
  -6.2636718e-02
  -6.7349586e-02
  -7.2650558e-02
  -7.6910453e-02
  -8.4727146e-02
  -8.8479578e-02
  -9.0625837e-02
  -9.1877356e-02
  -9.1869086e-02
  -9.0480730e-02
  -8.8156015e-02
  -8.4461957e-02
  -8.0719173e-02
  -7.6599360e-02
  -7.1134008e-02
  -6.6428915e-02
  -6.1786480e-02
  -5.6326162e-02
  -5.1672030e-02
  -4.6966664e-02
  -4.1252464e-02
  -3.6438610e-02
  -3.1629726e-02
  -2.5742970e-02
  -2.0770347e-02
  -1.5510997e-02
  -8.2809078e-03
  -1.1370815e-03
   7.3066312e-03
   2.2152004e-02
   0.0000000e+00
   0.0000000e+00
   0.0000000e+00
   0.0000000e+00
   0.0000000e+00
   0.0000000e+00
   0.0000000e+00
   0.0000000e+00
   0.0000000e+00
   0.0000000e+00
   0.0000000e+00
   0.0000000e+00
   0.0000000e+00
   0.0000000e+00
   0.0000000e+00
   0.0000000e+00
  -1.8993249e-02
  -1.4474951e-02
  -1.2555720e-02
  -9.3402984e-03
  -5.6113857e-03
  -2.8704249e-03
  -7.0653169e-04
   1.2403851e-03
   3.0598701e-03
   5.5304142e-03
   8.6752903e-03
   1.1051288e-02
   1.1931266e-02
   1.4156760e-02
   1.2948699e-02
   8.2097705e-03
  -2.8822199e-04
  -1.6946054e-02
  -2.1491499e-02
  -2.5328347e-02
  -3.1447794e-02
  -3.7051320e-02
  -4.3940339e-02
  -4.9842041e-02
  -5.5349868e-02
  -6.1472058e-02
  -6.6374779e-02
  -7.1142286e-02
  -7.6503031e-02
  -8.0750704e-02
  -8.7607369e-02
  -9.1324538e-02
  -9.3433395e-02
  -9.4630286e-02
  -9.4500564e-02
  -9.2927620e-02
  -9.0278752e-02
  -8.5937381e-02
  -8.1464380e-02
  -7.6511987e-02
  -7.0000738e-02
  -6.4492717e-02
  -5.9129436e-02
  -5.2965771e-02
  -4.7901563e-02
  -4.2956647e-02
  -3.7186917e-02
  -3.2462787e-02
  -2.7804630e-02
  -2.2122907e-02
  -1.7333046e-02
  -1.2263032e-02
  -5.3288653e-03
   1.3248953e-03
   9.0235015e-03
   2.3318884e-02
   0.0000000e+00
   0.0000000e+00
   0.0000000e+00
   0.0000000e+00
   0.0000000e+00
   0.0000000e+00
   0.0000000e+00
   0.0000000e+00
   0.0000000e+00
   0.0000000e+00
   0.0000000e+00
   0.0000000e+00
   0.0000000e+00
   0.0000000e+00
   0.0000000e+00
   0.0000000e+00
  -1.9038337e-02
  -1.4193498e-02
  -1.1814931e-02
  -8.0424752e-03
  -3.7127300e-03
  -4.8202503e-04
   2.0774081e-03
   4.2385990e-03
   6.1664828e-03
   8.8468920e-03
   1.2191328e-02
   1.4725037e-02
   1.5313212e-02
   1.9483861e-02
   1.8206228e-02
   1.3013534e-02
   7.1770723e-03
   0.0000000e+00
   0.0000000e+00
  -2.6830956e-02
  -3.2971110e-02
  -3.8931835e-02
  -4.6264876e-02
  -5.2351587e-02
  -5.8010779e-02
  -6.4256102e-02
  -6.9191292e-02
  -7.3999986e-02
  -7.9405755e-02
  -8.3644211e-02
  -8.4191196e-02
  -8.7962121e-02
  -9.0277545e-02
  -9.1819510e-02
  -9.2295572e-02
  -9.1327563e-02
  -8.9355625e-02
  -8.5784823e-02
  -8.1759423e-02
  -7.7077530e-02
  -7.0655905e-02
  -6.4984888e-02
  -5.9296180e-02
  -5.2598916e-02
  -4.7104087e-02
  -4.1794226e-02
  -3.5534129e-02
  -3.0256882e-02
  -2.4961550e-02
  -1.8452961e-02
  -1.2918473e-02
  -7.1829492e-03
  -1.3239542e-04
   5.7100942e-03
   1.0612716e-02
   1.3133648e-02
   0.0000000e+00
   0.0000000e+00
   0.0000000e+00
   0.0000000e+00
   0.0000000e+00
   0.0000000e+00
   0.0000000e+00
   0.0000000e+00
   0.0000000e+00
   0.0000000e+00
   0.0000000e+00
   0.0000000e+00
   0.0000000e+00
   0.0000000e+00
   0.0000000e+00
   0.0000000e+00
  -2.1994169e-02
  -1.7543931e-02
  -1.4864580e-02
  -1.0345817e-02
  -4.4311141e-03
   6.4933830e-04
   5.0984202e-03
   8.8888537e-03
   1.1801401e-02
   1.5393921e-02
   2.0691514e-02
   2.2421874e-02
   2.1169255e-02
   0.0000000e+00
   1.2583823e-02
   1.2583823e-02
   0.0000000e+00
   0.0000000e+00
   0.0000000e+00
  -2.6021082e-02
  -2.9668175e-02
  -3.5507496e-02
  -4.3717202e-02
  -4.9947202e-02
  -5.5721000e-02
  -6.2155180e-02
  -6.6901274e-02
  -7.1453586e-02
  -7.6581270e-02
  -8.0457076e-02
  -7.9239704e-02
  -8.3175942e-02
  -8.5675612e-02
  -8.7448493e-02
  -8.8320903e-02
  -8.7803364e-02
  -8.6391360e-02
  -8.3618917e-02
  -8.0279015e-02
  -7.6266877e-02
  -7.0586264e-02
  -6.5387316e-02
  -6.0046166e-02
  -5.3561550e-02
  -4.8059214e-02
  -4.2576510e-02
  -3.5895221e-02
  -3.0127537e-02
  -2.4266468e-02
  -1.7088173e-02
  -1.1041257e-02
  -4.9150838e-03
   2.1522110e-03
   7.6526469e-03
   1.1827433e-02
   1.3100187e-02
   0.0000000e+00
   0.0000000e+00
   0.0000000e+00
   0.0000000e+00
   0.0000000e+00
   0.0000000e+00
   0.0000000e+00
   0.0000000e+00
   0.0000000e+00
   0.0000000e+00
   0.0000000e+00
   0.0000000e+00
   0.0000000e+00
   0.0000000e+00
   0.0000000e+00
   0.0000000e+00
  -2.4466321e-02
  -2.0384859e-02
  -1.7647870e-02
  -1.2986491e-02
  -6.4477399e-03
  -4.6026887e-04
   5.1912954e-03
   1.0234038e-02
   1.3540259e-02
   1.7700823e-02
   2.5274159e-02
   2.8023260e-02
   2.3769552e-02
   0.0000000e+00
   0.0000000e+00
   8.0955410e-03
   0.0000000e+00
   0.0000000e+00
  -2.7361245e-02
  -2.4216300e-02
  -2.6536150e-02
  -3.1918935e-02
  -3.9861429e-02
  -4.5777865e-02
  -5.1291287e-02
  -5.7504609e-02
  -6.2089931e-02
  -6.6514567e-02
  -7.1565472e-02
  -7.5458221e-02
  -7.2668139e-02
  -7.6823769e-02
  -7.9567975e-02
  -8.1647317e-02
  -8.3045780e-02
  -8.3126069e-02
  -8.2457223e-02
  -8.0744352e-02
  -7.8314234e-02
  -7.5190985e-02
  -7.0493829e-02
  -6.5921423e-02
  -6.1041545e-02
  -5.4839152e-02
  -4.9326855e-02
  -4.3614754e-02
  -3.6374458e-02
  -2.9955873e-02
  -2.3343960e-02
  -1.5276831e-02
  -8.5498288e-03
  -1.9051869e-03
   5.1843271e-03
   1.0230792e-02
   1.3439598e-02
   1.3055777e-02
   0.0000000e+00
   0.0000000e+00
   0.0000000e+00
   0.0000000e+00
   0.0000000e+00
   0.0000000e+00
   0.0000000e+00
   0.0000000e+00
   0.0000000e+00
   0.0000000e+00
   0.0000000e+00
   0.0000000e+00
   0.0000000e+00
   0.0000000e+00
   0.0000000e+00
   0.0000000e+00
  -2.7747348e-02
  -2.4155321e-02
  -2.1341834e-02
  -1.6491178e-02
  -9.1241939e-03
  -1.9329326e-03
   5.3145605e-03
   1.2019359e-02
   1.5848061e-02
   2.0762530e-02
   3.1356214e-02
   3.5457386e-02
   3.7573959e-02
   0.0000000e+00
   2.1387225e-03
   2.1387225e-03
   0.0000000e+00
   0.0000000e+00
  -2.7361245e-02
  -2.1821007e-02
  -2.2379352e-02
  -2.7156219e-02
  -3.4744071e-02
  -4.0244342e-02
  -4.5412200e-02
  -5.1332402e-02
  -5.5704355e-02
  -5.9959532e-02
  -6.4908538e-02
  -6.8823782e-02
  -5.8896802e-02
  -6.2574580e-02
  -6.5271966e-02
  -6.7594029e-02
  -6.9623940e-02
  -7.0677534e-02
  -7.1220778e-02
  -7.1064666e-02
  -7.0114598e-02
  -6.8639725e-02
  -6.6125900e-02
  -6.3336149e-02
  -6.0050037e-02
  -5.5428967e-02
  -5.0961759e-02
  -4.5981903e-02
  -3.9085932e-02
  -3.2504678e-02
  -2.5389802e-02
  -1.6244244e-02
  -8.4598213e-03
  -9.8495046e-04
   6.9357455e-03
   1.1696842e-02
   1.3572792e-02
   1.3055776e-02
   0.0000000e+00
   0.0000000e+00
   0.0000000e+00
   0.0000000e+00
   0.0000000e+00
   0.0000000e+00
   0.0000000e+00
   0.0000000e+00
   0.0000000e+00
   0.0000000e+00
   0.0000000e+00
   0.0000000e+00
   0.0000000e+00
   0.0000000e+00
   0.0000000e+00
   0.0000000e+00
  -3.4331399e-02
  -3.2601938e-02
  -2.9658414e-02
  -2.5155766e-02
  -1.7315043e-02
  -8.4775146e-03
   2.3709941e-03
   1.3361763e-02
   1.8685792e-02
   2.5886096e-02
   3.1356210e-02
   3.5457382e-02
   3.7573959e-02
   0.0000000e+00
   1.9463007e-03
   7.6443236e-04
   0.0000000e+00
   0.0000000e+00
  -2.7361243e-02
  -1.9992986e-02
  -2.0345747e-02
  -2.4490057e-02
  -3.0412419e-02
  -3.4661587e-02
  -3.8515560e-02
  -4.2890098e-02
  -4.6082012e-02
  -4.9150422e-02
  -5.2761111e-02
  -5.5761773e-02
  -5.9514824e-02
  -6.3137449e-02
  -6.5901853e-02
  -6.8394735e-02
  -7.0754610e-02
  -7.2231382e-02
  -7.3280863e-02
  -7.3785298e-02
  -7.3453054e-02
  -7.2624929e-02
  -7.0883535e-02
  -6.8693854e-02
  -6.5915927e-02
  -6.1734419e-02
  -5.7442136e-02
  -5.2414659e-02
  -4.5151535e-02
  -3.8010851e-02
  -3.0161606e-02
  -1.9948758e-02
  -1.1202093e-02
  -2.7889060e-03
   6.1606867e-03
   1.0851518e-02
   1.3088657e-02
   0.0000000e+00
   0.0000000e+00
   0.0000000e+00
   0.0000000e+00
   0.0000000e+00
   0.0000000e+00
   0.0000000e+00
   0.0000000e+00
   0.0000000e+00
   0.0000000e+00
   0.0000000e+00
   0.0000000e+00
   0.0000000e+00
   0.0000000e+00
   0.0000000e+00
   0.0000000e+00
   0.0000000e+00
  -3.8245770e-02
  -3.7286658e-02
  -3.4364469e-02
  -3.0374717e-02
  -2.2866597e-02
  -1.3733863e-02
  -1.4965478e-03
   1.2481647e-02
   1.9581703e-02
   2.6703628e-02
   0.0000000e+00
   0.0000000e+00
   1.6455743e-02
   1.5316316e-02
   1.9309488e-03
   3.9300959e-03
   4.2783603e-03
   2.0865881e-03
   0.0000000e+00
  -0.0000000e+00
  -2.2293815e-02
  -2.6615044e-02
  -3.2297075e-02
  -3.6431164e-02
  -4.0136807e-02
  -4.4306278e-02
  -4.7356799e-02
  -5.0250966e-02
  -5.3648893e-02
  -5.6502141e-02
  -6.6051199e-02
  -6.9722808e-02
  -7.2660164e-02
  -7.5459699e-02
  -7.8351698e-02
  -8.0450379e-02
  -8.2226136e-02
  -8.3687440e-02
  -8.4241274e-02
  -8.4303998e-02
  -8.3547104e-02
  -8.2090196e-02
  -7.9901660e-02
  -7.6154850e-02
  -7.1881540e-02
  -6.6472244e-02
  -5.8229172e-02
  -4.9849955e-02
  -4.0482099e-02
  -2.8190905e-02
  -1.7601981e-02
  -7.3179253e-03
   3.7124756e-03
   8.3458953e-03
   8.3953850e-03
   0.0000000e+00
   0.0000000e+00
   0.0000000e+00
   0.0000000e+00
   0.0000000e+00
   0.0000000e+00
   0.0000000e+00
   0.0000000e+00
   0.0000000e+00
   0.0000000e+00
   0.0000000e+00
   0.0000000e+00
   0.0000000e+00
   0.0000000e+00
   0.0000000e+00
   0.0000000e+00
   0.0000000e+00
  -4.4894458e-02
  -4.5033811e-02
  -4.2209344e-02
  -3.9281420e-02
  -3.2720984e-02
  -2.3512745e-02
  -9.3851204e-03
   9.9410493e-03
   2.1639199e-02
   0.0000000e+00
   0.0000000e+00
   0.0000000e+00
   1.6455742e-02
   2.4602507e-02
   0.0000000e+00
   6.5496319e-03
   4.2783600e-03
   2.0865884e-03
   0.0000000e+00
  -0.0000000e+00
  -2.7569855e-02
  -3.2536167e-02
  -3.8277197e-02
  -4.2607600e-02
  -4.6455582e-02
  -5.0721562e-02
  -5.3880965e-02
  -5.6810235e-02
  -6.0209975e-02
  -6.3059770e-02
  -8.3756541e-02
  -8.8214418e-02
  -9.1814741e-02
  -9.5282389e-02
  -9.8990953e-02
  -1.0161629e-01
  -1.0376914e-01
  -1.0557090e-01
  -1.0637181e-01
  -1.0662836e-01
  -1.0586614e-01
  -1.0417117e-01
  -1.0152104e-01
  -9.6762141e-02
  -9.1241032e-02
  -8.4329230e-02
  -7.4223061e-02
  -6.4304523e-02
  -5.3260374e-02
  -3.8885756e-02
  -2.6521571e-02
  -1.4481555e-02
  -1.4670049e-03
   5.0113853e-03
   5.7626721e-03
   0.0000000e+00
   0.0000000e+00
   0.0000000e+00
   0.0000000e+00
   0.0000000e+00
   9.1618847e-04
   0.0000000e+00
   0.0000000e+00
   0.0000000e+00
   0.0000000e+00
   0.0000000e+00
   0.0000000e+00
   0.0000000e+00
   0.0000000e+00
   0.0000000e+00
   0.0000000e+00
  -0.0000000e+00
  -5.2508859e-02
  -5.1220543e-02
  -4.8706777e-02
  -4.7248623e-02
  -4.3117552e-02
  -3.6403839e-02
  -2.5785815e-02
  -6.3145017e-03
   2.1639197e-02
   0.0000000e+00
   0.0000000e+00
   0.0000000e+00
   2.4684407e-02
   2.4602508e-02
   0.0000000e+00
   6.5496321e-03
   4.2783602e-03
   2.0865880e-03
   0.0000000e+00
  -0.0000000e+00
  -3.5205074e-02
  -4.1283759e-02
  -4.8256300e-02
  -5.3668704e-02
  -5.8663931e-02
  -6.4177338e-02
  -6.8336502e-02
  -7.2178979e-02
  -7.6536876e-02
  -8.0095805e-02
  -9.1815136e-02
  -9.6467130e-02
  -1.0020205e-01
  -1.0380147e-01
  -1.0767584e-01
  -1.1039298e-01
  -1.1259154e-01
  -1.1442476e-01
  -1.1525139e-01
  -1.1550506e-01
  -1.1466009e-01
  -1.1285782e-01
  -1.1005143e-01
  -1.0497212e-01
  -9.9088359e-02
  -9.1791026e-02
  -8.1282631e-02
  -7.1053109e-02
  -5.9542011e-02
  -4.4278216e-02
  -3.1035919e-02
  -1.8186552e-02
  -4.1160909e-03
   3.3049493e-03
   4.3718899e-03
   0.0000000e+00
   0.0000000e+00
   0.0000000e+00
   0.0000000e+00
  -0.0000000e+00
  -3.6658285e-03
   0.0000000e+00
   0.0000000e+00
   0.0000000e+00
   0.0000000e+00
   0.0000000e+00
   0.0000000e+00
   0.0000000e+00
   0.0000000e+00
   0.0000000e+00
  -6.4089891e-02
  -5.7373467e-02
  -5.5429600e-02
  -5.3982764e-02
  -5.1725936e-02
  -5.1087819e-02
  -4.8541624e-02
  -4.3526525e-02
  -3.5344061e-02
  -1.9304971e-02
   0.0000000e+00
   0.0000000e+00
   2.3148154e-02
   2.4766499e-02
   2.7788879e-02
   0.0000000e+00
   0.0000000e+00
   0.0000000e+00
   0.0000000e+00
   0.0000000e+00
   0.0000000e+00
  -0.0000000e+00
  -3.9585075e-02
  -4.5983572e-02
  -5.3471860e-02
  -5.9327945e-02
  -6.4792730e-02
  -7.0809998e-02
  -7.5350000e-02
  -7.9517886e-02
  -8.4186338e-02
  -8.7958407e-02
  -9.9858917e-02
  -1.0424517e-01
  -1.0764562e-01
  -1.1089309e-01
  -1.1435537e-01
  -1.1674930e-01
  -1.1864022e-01
  -1.2015831e-01
  -1.2076731e-01
  -1.2076248e-01
  -1.1960954e-01
  -1.1770317e-01
  -1.1489183e-01
  -1.0988607e-01
  -1.0421632e-01
  -9.7371108e-02
  -8.7711853e-02
  -7.8265077e-02
  -6.7118366e-02
  -5.1132792e-02
  -3.6817346e-02
  -2.3131701e-02
  -7.5785192e-03
   1.0721586e-03
   2.4435929e-03
   0.0000000e+00
   0.0000000e+00
   0.0000000e+00
   0.0000000e+00
  -2.8993890e-02
  -1.6737227e-02
   0.0000000e+00
   0.0000000e+00
   0.0000000e+00
   0.0000000e+00
   0.0000000e+00
   0.0000000e+00
   0.0000000e+00
   0.0000000e+00
   0.0000000e+00
  -6.4089896e-02
  -6.0597610e-02
  -5.9246837e-02
  -5.6589341e-02
  -5.4913065e-02
  -5.5517304e-02
  -5.5897329e-02
  -5.4157882e-02
  -5.0757971e-02
  -4.1040235e-02
   0.0000000e+00
   0.0000000e+00
   2.3148156e-02
   3.8214870e-02
   4.3500199e-02
   0.0000000e+00
   0.0000000e+00
   0.0000000e+00
   0.0000000e+00
   0.0000000e+00
   0.0000000e+00
  -4.3669529e-02
  -4.6495540e-02
  -5.2690038e-02
  -6.0567520e-02
  -6.6729616e-02
  -7.2515462e-02
  -7.8856360e-02
  -8.3568370e-02
  -8.7807856e-02
  -9.2434081e-02
  -9.6111341e-02
  -9.3713641e-02
  -9.6582547e-02
  -9.8904341e-02
  -1.0121010e-01
  -1.0375632e-01
  -1.0561121e-01
  -1.0716671e-01
  -1.0863742e-01
  -1.0945165e-01
  -1.0981151e-01
  -1.0948102e-01
  -1.0858190e-01
  -1.0700265e-01
  -1.0386013e-01
  -1.0009493e-01
  -9.5437624e-02
  -8.8649765e-02
  -8.1381887e-02
  -7.1804285e-02
  -5.5907223e-02
  -4.0266447e-02
  -2.4886714e-02
  -7.3693548e-03
   1.0939627e-03
   2.4435931e-03
   0.0000000e+00
   0.0000000e+00
   0.0000000e+00
  -3.7421194e-02
  -3.6102572e-02
  -2.3918672e-02
   0.0000000e+00
   0.0000000e+00
   0.0000000e+00
   0.0000000e+00
   0.0000000e+00
   0.0000000e+00
   0.0000000e+00
   0.0000000e+00
  -6.4657788e-02
  -6.3375890e-02
  -6.1663397e-02
  -5.9826821e-02
  -5.5595648e-02
  -5.3687893e-02
  -5.4408357e-02
  -5.5867415e-02
  -5.7077885e-02
  -5.4684512e-02
  -4.2335751e-02
  -6.4347570e-03
   2.9503427e-02
   3.6999572e-02
   4.3520935e-02
   4.3500206e-02
   0.0000000e+00
   0.0000000e+00
   0.0000000e+00
   0.0000000e+00
  -0.0000000e+00
  -4.5133634e-02
  -4.8498667e-02
  -5.0494500e-02
  -5.5983119e-02
  -6.3012183e-02
  -6.8109542e-02
  -7.2873391e-02
  -7.8069746e-02
  -8.1854522e-02
  -8.5203096e-02
  -8.8643141e-02
  -9.1219194e-02
  -8.8185839e-02
  -9.0000778e-02
  -9.1560189e-02
  -9.3191154e-02
  -9.5097154e-02
  -9.6602898e-02
  -9.7970270e-02
  -9.9473901e-02
  -1.0049467e-01
  -1.0118453e-01
  -1.0148517e-01
  -1.0127715e-01
  -1.0050628e-01
  -9.8552614e-02
  -9.6008386e-02
  -9.2765674e-02
  -8.7926082e-02
  -8.2386283e-02
  -7.4281670e-02
  -5.8919042e-02
  -4.2483459e-02
  -2.5766641e-02
  -7.3400172e-03
   3.2151376e-04
   0.0000000e+00
  -0.0000000e+00
  -2.5113727e-02
  -2.6628032e-02
  -3.6014680e-02
  -3.8700200e-02
  -2.9824348e-02
   0.0000000e+00
   0.0000000e+00
   0.0000000e+00
   0.0000000e+00
   0.0000000e+00
   0.0000000e+00
   0.0000000e+00
  -0.0000000e+00
  -6.3511640e-02
  -6.2444769e-02
  -6.1723784e-02
  -5.9544206e-02
  -5.4353509e-02
  -5.1865907e-02
  -5.2201264e-02
  -5.3976990e-02
  -5.7676282e-02
  -5.6153126e-02
  -4.1162569e-02
  -5.1120127e-03
   2.9773079e-02
   4.3370230e-02
   4.8457381e-02
   0.0000000e+00
   0.0000000e+00
   0.0000000e+00
   0.0000000e+00
  -0.0000000e+00
  -4.1378976e-02
  -4.5543864e-02
  -4.9467869e-02
  -5.2812875e-02
  -5.7695668e-02
  -6.3853562e-02
  -6.8036049e-02
  -7.1970053e-02
  -7.6289184e-02
  -7.9424737e-02
  -8.2159281e-02
  -8.4779084e-02
  -8.6576064e-02
  -7.5566747e-02
  -7.5735797e-02
  -7.6063090e-02
  -7.6574877e-02
  -7.7468582e-02
  -7.8509140e-02
  -7.9724751e-02
  -8.1488256e-02
  -8.3034174e-02
  -8.4482129e-02
  -8.5957761e-02
  -8.6801915e-02
  -8.7143238e-02
  -8.6712549e-02
  -8.5752287e-02
  -8.4385646e-02
  -8.2442091e-02
  -8.0280355e-02
  -7.5688757e-02
  -6.2658135e-02
  -4.5379592e-02
  -2.6067044e-02
  -7.6612989e-03
  -3.4262594e-03
   0.0000000e+00
  -0.0000000e+00
  -2.5113726e-02
  -2.6628031e-02
  -2.9365168e-02
  -4.3164316e-02
  -4.1951137e-02
   0.0000000e+00
   0.0000000e+00
   0.0000000e+00
   0.0000000e+00
   0.0000000e+00
   0.0000000e+00
   0.0000000e+00
  -6.0587340e-02
  -5.9447669e-02
  -5.9612963e-02
  -5.9665395e-02
  -5.6932599e-02
  -5.0666369e-02
  -4.5946528e-02
  -4.4205614e-02
  -4.5105474e-02
  -5.4083735e-02
  -5.4461069e-02
  -3.3479402e-02
   1.1414598e-03
   3.1047892e-02
   4.2912497e-02
   0.0000000e+00
   0.0000000e+00
   0.0000000e+00
   0.0000000e+00
   0.0000000e+00
  -0.0000000e+00
  -4.4594522e-02
  -4.7483264e-02
  -5.1394882e-02
  -5.4978991e-02
  -5.8549975e-02
  -6.2455057e-02
  -6.4653846e-02
  -6.6912238e-02
  -6.9601187e-02
  -7.1706603e-02
  -7.3497379e-02
  -7.4848042e-02
  -7.5383595e-02
  -6.8091012e-02
  -6.7833773e-02
  -6.7617490e-02
  -6.7424870e-02
  -6.7476153e-02
  -6.7895866e-02
  -6.8593881e-02
  -6.9940119e-02
  -7.1444250e-02
  -7.3185040e-02
  -7.5479141e-02
  -7.7190710e-02
  -7.8400208e-02
  -7.8712827e-02
  -7.7958291e-02
  -7.6704821e-02
  -7.5603923e-02
  -7.4876866e-02
  -7.2232215e-02
  -6.1412729e-02
  -4.4237921e-02
  -2.3447168e-02
  -5.4523007e-03
  -1.7716566e-03
   0.0000000e+00
  -0.0000000e+00
  -1.9368664e-02
  -1.5593218e-02
  -2.9365168e-02
  -4.3164316e-02
  -4.8645987e-02
   0.0000000e+00
   0.0000000e+00
   0.0000000e+00
   0.0000000e+00
   0.0000000e+00
   0.0000000e+00
  -0.0000000e+00
  -5.4339180e-02
  -5.3901439e-02
  -5.4439527e-02
  -5.4320038e-02
  -5.2279008e-02
  -4.6264062e-02
  -3.9553042e-02
  -3.2518033e-02
  -4.5105469e-02
  -5.4083737e-02
  -4.7615715e-02
  -2.6769411e-02
  -2.9818667e-03
   3.1047895e-02
   4.2912496e-02
   0.0000000e+00
   0.0000000e+00
   0.0000000e+00
   0.0000000e+00
   0.0000000e+00
  -0.0000000e+00
  -4.5666348e-02
  -4.7693549e-02
  -5.1499361e-02
  -5.3918951e-02
  -5.5985247e-02
  -5.8204510e-02
  -5.9249260e-02
  -6.0620040e-02
  -6.2626176e-02
  -6.4494110e-02
  -6.6228151e-02
  -6.7617729e-02
  -6.8103037e-02
  -6.3112687e-02
  -6.2817056e-02
  -6.2374983e-02
  -6.1808255e-02
  -6.1336063e-02
  -6.1325598e-02
  -6.1611548e-02
  -6.2520262e-02
  -6.3820873e-02
  -6.5596689e-02
  -6.8272796e-02
  -7.0488889e-02
  -7.2244462e-02
  -7.2981623e-02
  -7.2159518e-02
  -7.0536260e-02
  -6.9351819e-02
  -6.9517363e-02
  -6.8692949e-02
  -5.9572857e-02
  -4.2189403e-02
  -2.0557759e-02
  -3.5362190e-03
  -1.0187784e-03
   0.0000000e+00
   0.0000000e+00
  -0.0000000e+00
  -1.0572152e-02
   0.0000000e+00
   0.0000000e+00
  -5.2910933e-02
  -4.8919170e-02
   0.0000000e+00
   0.0000000e+00
   0.0000000e+00
   0.0000000e+00
   0.0000000e+00
  -5.3397644e-02
  -5.0598103e-02
  -4.8946115e-02
  -4.9382690e-02
  -4.9217030e-02
  -4.7770343e-02
  -4.2531448e-02
  -3.5042620e-02
  -2.7056555e-02
   0.0000000e+00
   0.0000000e+00
  -4.0580201e-02
  -2.1069403e-02
  -4.5879346e-03
   0.0000000e+00
   0.0000000e+00
   0.0000000e+00
   0.0000000e+00
   0.0000000e+00
   0.0000000e+00
   0.0000000e+00
   0.0000000e+00
  -0.0000000e+00
  -4.6602594e-02
  -5.0067066e-02
  -5.1671013e-02
  -5.2629571e-02
  -5.3845141e-02
  -5.4281376e-02
  -5.5175792e-02
  -5.6891180e-02
  -5.8752563e-02
  -6.0614448e-02
  -6.2269416e-02
  -6.2979575e-02
  -5.7631463e-02
  -5.7876670e-02
  -5.7509480e-02
  -5.6756491e-02
  -5.5797112e-02
  -5.5273181e-02
  -5.4945443e-02
  -5.4993185e-02
  -5.5652414e-02
  -5.7086723e-02
  -5.9796198e-02
  -6.2394051e-02
  -6.4674687e-02
  -6.5711938e-02
  -6.4329509e-02
  -6.1241785e-02
  -5.8433954e-02
  -5.9433097e-02
  -6.1856812e-02
  -5.5146772e-02
  -3.6873909e-02
  -1.4657288e-02
   6.8613683e-04
   0.0000000e+00
   0.0000000e+00
   0.0000000e+00
   0.0000000e+00
   0.0000000e+00
   0.0000000e+00
   0.0000000e+00
  -5.3617397e-02
  -4.8919171e-02
   0.0000000e+00
   0.0000000e+00
   0.0000000e+00
   0.0000000e+00
   0.0000000e+00
  -5.1997087e-02
  -4.2534463e-02
  -4.0492721e-02
  -3.9986721e-02
  -3.9932480e-02
  -3.9457707e-02
  -3.6519184e-02
  -2.9476064e-02
  -2.5062613e-02
   0.0000000e+00
   0.0000000e+00
  -3.0559646e-02
  -1.1868071e-02
   2.8734844e-03
   0.0000000e+00
   0.0000000e+00
   0.0000000e+00
   0.0000000e+00
   0.0000000e+00
   0.0000000e+00
   0.0000000e+00
   0.0000000e+00
   0.0000000e+00
  -4.1102346e-02
  -4.4922647e-02
  -4.5533136e-02
  -4.5020970e-02
  -4.5413985e-02
  -4.5560302e-02
  -4.6202719e-02
  -4.7987442e-02
  -5.0201692e-02
  -5.2597754e-02
  -5.5113786e-02
  -5.6685031e-02
  -5.1458016e-02
  -5.2581958e-02
  -5.2659839e-02
  -5.2197926e-02
  -5.1313549e-02
  -5.0639827e-02
  -5.0028972e-02
  -4.9481768e-02
  -4.9482189e-02
  -5.0263375e-02
  -5.2291241e-02
  -5.4548778e-02
  -5.6764118e-02
  -5.7996489e-02
  -5.6440450e-02
  -5.1872063e-02
  -4.5117624e-02
  -4.4380896e-02
  -4.8891906e-02
  -4.8045915e-02
  -2.8910294e-02
  -6.7018690e-03
   1.2104150e-02
   0.0000000e+00
   0.0000000e+00
   0.0000000e+00
   0.0000000e+00
   0.0000000e+00
   0.0000000e+00
   0.0000000e+00
  -5.3617402e-02
  -4.6261062e-02
   0.0000000e+00
   0.0000000e+00
   0.0000000e+00
   0.0000000e+00
  -4.6951961e-02
  -4.0575989e-02
  -3.2670535e-02
  -2.9914012e-02
  -2.8700650e-02
  -2.8557561e-02
  -2.8495971e-02
  -2.8340515e-02
  -2.7930899e-02
  -2.7340613e-02
   0.0000000e+00
  -0.0000000e+00
  -1.4613599e-02
  -2.5744815e-03
   2.8734847e-03
   0.0000000e+00
   0.0000000e+00
   0.0000000e+00
   0.0000000e+00
   0.0000000e+00
   0.0000000e+00
   0.0000000e+00
   0.0000000e+00
   0.0000000e+00
  -4.1102347e-02
  -3.1511817e-02
  -3.3211578e-02
  -3.2143712e-02
  -3.2550570e-02
  -3.3422537e-02
  -3.4755711e-02
  -3.7494846e-02
  -4.0523328e-02
  -4.3643937e-02
  -4.7069907e-02
  -4.9563870e-02
  -4.5885243e-02
  -4.7609650e-02
  -4.8030635e-02
  -4.7831692e-02
  -4.7109369e-02
  -4.6379047e-02
  -4.5610897e-02
  -4.4744544e-02
  -4.4371849e-02
  -4.4661190e-02
  -4.5977399e-02
  -4.7688397e-02
  -4.9545113e-02
  -5.0713554e-02
  -4.9253238e-02
  -4.4159621e-02
  -3.5123065e-02
  -3.2877710e-02
  -3.6342695e-02
  -4.0740833e-02
  -2.1355092e-02
  -9.7333960e-04
   1.5217638e-02
   0.0000000e+00
   0.0000000e+00
   0.0000000e+00
   0.0000000e+00
   0.0000000e+00
   0.0000000e+00
   0.0000000e+00
   0.0000000e+00
  -3.9627646e-02
  -3.6452843e-02
   0.0000000e+00
   0.0000000e+00
   0.0000000e+00
  -4.6951961e-02
  -3.4276622e-02
  -2.3207328e-02
  -2.0628059e-02
  -1.9411573e-02
  -1.9143378e-02
  -1.9127969e-02
  -1.9960491e-02
  -2.2306045e-02
  -1.9057280e-02
  -5.5948660e-03
  -6.7298728e-03
  -5.0368453e-03
   8.0444358e-04
   0.0000000e+00
   0.0000000e+00
   0.0000000e+00
   0.0000000e+00
   0.0000000e+00
   0.0000000e+00
   0.0000000e+00
   0.0000000e+00
   0.0000000e+00
   0.0000000e+00
   0.0000000e+00
  -2.0193886e-02
  -2.1476726e-02
  -2.0240704e-02
  -2.1007961e-02
  -2.2763097e-02
  -2.5005534e-02
  -2.8741810e-02
  -3.2476168e-02
  -3.6197115e-02
  -4.0316060e-02
  -4.3401024e-02
  -3.9459303e-02
  -4.1779906e-02
  -4.2567268e-02
  -4.2671647e-02
  -4.2183276e-02
  -4.1426931e-02
  -4.0526450e-02
  -3.9400823e-02
  -3.8708501e-02
  -3.8479466e-02
  -3.8926966e-02
  -3.9888337e-02
  -4.1181963e-02
  -4.2156860e-02
  -4.0932920e-02
  -3.5638582e-02
  -2.4609603e-02
  -2.0653790e-02
  -2.1450209e-02
  -3.1870663e-02
  -1.2460379e-02
   4.9071005e-03
   0.0000000e+00
   0.0000000e+00
   0.0000000e+00
   0.0000000e+00
   0.0000000e+00
   0.0000000e+00
   0.0000000e+00
   0.0000000e+00
   0.0000000e+00
  -3.2306150e-02
  -3.6452845e-02
   0.0000000e+00
   0.0000000e+00
   0.0000000e+00
   0.0000000e+00
  -0.0000000e+00
  -1.2016398e-02
  -1.0051995e-02
  -9.1490308e-03
  -8.7141674e-03
  -8.5889045e-03
  -9.7999200e-03
  -1.3708980e-02
  -1.5379349e-02
  -5.5948659e-03
   2.7926895e-03
   5.3975806e-03
   0.0000000e+00
   0.0000000e+00
   0.0000000e+00
   0.0000000e+00
   0.0000000e+00
   0.0000000e+00
   0.0000000e+00
   0.0000000e+00
   0.0000000e+00
   0.0000000e+00
   0.0000000e+00
   0.0000000e+00
  -7.5365696e-03
  -7.6398710e-03
  -6.3763685e-03
  -7.7328230e-03
  -1.0620194e-02
  -1.4053673e-02
  -1.9007415e-02
  -2.3541182e-02
  -2.7927555e-02
  -3.2781463e-02
  -3.6427177e-02
  -2.6537405e-02
  -2.9290373e-02
  -3.0559924e-02
  -3.1168341e-02
  -3.0972863e-02
  -3.0177302e-02
  -2.9167671e-02
  -2.7871743e-02
  -2.6905830e-02
  -2.6151695e-02
  -2.5460114e-02
  -2.5367004e-02
  -2.5744157e-02
  -2.6312384e-02
  -2.5919925e-02
  -2.2284178e-02
  -1.2434018e-02
  -6.3132725e-03
  -6.2525943e-03
  -6.6593446e-03
   1.1880485e-03
   1.9130580e-02
   0.0000000e+00
   0.0000000e+00
   0.0000000e+00
   0.0000000e+00
   0.0000000e+00
   0.0000000e+00
   0.0000000e+00
   0.0000000e+00
   0.0000000e+00
  -1.6774901e-02
  -1.9146095e-02
  -2.4979120e-02
   0.0000000e+00
   0.0000000e+00
   0.0000000e+00
   0.0000000e+00
   7.9765326e-03
   9.6334447e-03
   9.9964789e-03
   1.0716553e-02
   1.1586736e-02
   1.0178198e-02
   6.5054592e-03
   1.7628482e-03
   7.3957058e-03
   1.7274527e-02
   1.9852397e-02
   0.0000000e+00
   0.0000000e+00
   0.0000000e+00
   0.0000000e+00
   0.0000000e+00
   0.0000000e+00
   0.0000000e+00
   0.0000000e+00
   0.0000000e+00
   0.0000000e+00
   0.0000000e+00
   0.0000000e+00
   1.3436790e-02
   1.6874337e-02
   1.8117867e-02
   1.6352096e-02
   1.1791180e-02
   6.2018594e-03
  -1.0804497e-03
  -7.0973461e-03
  -1.2736856e-02
  -1.8747276e-02
  -2.3043340e-02
  -1.6103579e-02
  -1.8949974e-02
  -2.0386335e-02
  -2.1171592e-02
  -2.0961674e-02
  -2.0191599e-02
  -1.9220028e-02
  -1.7983152e-02
  -1.7012276e-02
  -1.6028557e-02
  -1.4963432e-02
  -1.4461700e-02
  -1.4346928e-02
  -1.4543908e-02
  -1.4667731e-02
  -1.3491116e-02
  -8.9581650e-03
  -6.3132723e-03
  -6.2525941e-03
   0.0000000e+00
   6.2551880e-03
   1.7314663e-02
   0.0000000e+00
   0.0000000e+00
   0.0000000e+00
   0.0000000e+00
   0.0000000e+00
   0.0000000e+00
   0.0000000e+00
   0.0000000e+00
   0.0000000e+00
  -0.0000000e+00
  -1.9146093e-02
  -1.1881483e-02
  -4.3413288e-03
  -3.5474142e-03
   0.0000000e+00
   0.0000000e+00
   0.0000000e+00
   2.1516241e-02
   2.3332685e-02
   2.4707854e-02
   2.6189586e-02
   2.1887843e-02
   1.7617658e-02
   1.5135466e-02
   1.6060402e-02
   1.7274526e-02
   1.9852395e-02
   4.1680871e-02
   0.0000000e+00
   0.0000000e+00
   0.0000000e+00
   0.0000000e+00
   0.0000000e+00
   0.0000000e+00
   0.0000000e+00
   0.0000000e+00
   0.0000000e+00
   0.0000000e+00
   0.0000000e+00
   2.5232367e-02
   2.9865591e-02
   3.1010790e-02
   3.0788526e-02
   2.6803177e-02
   2.0486347e-02
   1.1636561e-02
   4.6403855e-03
  -1.5881259e-03
  -8.0625582e-03
  -1.2563906e-02
  -4.1650976e-03
  -6.9485623e-03
  -8.3024232e-03
  -8.9798663e-03
  -8.7798061e-03
  -7.9945410e-03
  -7.0159626e-03
  -5.9249098e-03
  -4.9186843e-03
  -3.7943386e-03
  -2.5758222e-03
  -1.7548985e-03
  -1.2582463e-03
  -1.2708417e-03
  -1.7170601e-03
  -2.5126652e-03
  -2.4239275e-03
   0.0000000e+00
   0.0000000e+00
   0.0000000e+00
   1.2997666e-02
   1.6529920e-02
   0.0000000e+00
   0.0000000e+00
   0.0000000e+00
   0.0000000e+00
   0.0000000e+00
   0.0000000e+00
   0.0000000e+00
   0.0000000e+00
   0.0000000e+00
   0.0000000e+00
   0.0000000e+00
  -2.7729289e-03
   2.1711760e-03
   2.7635160e-03
   0.0000000e+00
   0.0000000e+00
   0.0000000e+00
   3.1926238e-02
   3.6741491e-02
   3.9522395e-02
   4.0559322e-02
   3.2321602e-02
   2.5656577e-02
   2.2110305e-02
   2.6368678e-02
   0.0000000e+00
   0.0000000e+00
   4.1680869e-02
   0.0000000e+00
   0.0000000e+00
   0.0000000e+00
   0.0000000e+00
   0.0000000e+00
   0.0000000e+00
   0.0000000e+00
   0.0000000e+00
   0.0000000e+00
   0.0000000e+00
   0.0000000e+00
   3.2623176e-02
   3.7813071e-02
   3.8859833e-02
   4.0811494e-02
   3.9278060e-02
   3.3676535e-02
   2.4190199e-02
   1.6686972e-02
   1.0256561e-02
   3.6998324e-03
  -7.3554926e-04
   9.5306989e-03
   7.1109706e-03
   6.1243465e-03
   5.8886930e-03
   6.1398619e-03
   6.9732349e-03
   7.9947421e-03
   8.9040212e-03
   9.9583874e-03
   1.1091570e-02
   1.2241619e-02
   1.3253306e-02
   1.3965822e-02
   1.3920951e-02
   1.3350498e-02
   1.1294378e-02
   7.9263285e-03
   3.2645343e-02
   3.7229153e-02
   2.3460792e-02
   2.1081668e-02
   2.2077945e-02
   0.0000000e+00
   0.0000000e+00
   0.0000000e+00
   0.0000000e+00
   0.0000000e+00
   0.0000000e+00
   0.0000000e+00
   0.0000000e+00
   0.0000000e+00
   0.0000000e+00
   0.0000000e+00
   0.0000000e+00
   1.4562391e-02
   1.7450587e-02
   3.8256348e-02
   0.0000000e+00
   0.0000000e+00
   4.2299494e-02
   4.8887412e-02
   5.4082621e-02
   5.3558033e-02
   4.0848672e-02
   3.4702260e-02
   0.0000000e+00
   3.6036109e-02
   5.2628965e-02
   5.1778715e-02
   0.0000000e+00
   0.0000000e+00
   0.0000000e+00
   0.0000000e+00
   0.0000000e+00
   0.0000000e+00
   0.0000000e+00
   0.0000000e+00
   0.0000000e+00
   0.0000000e+00
   0.0000000e+00
   0.0000000e+00
   3.4910709e-02
   3.9716392e-02
   4.0690847e-02
   4.5477830e-02
   4.8215374e-02
   4.4724781e-02
   3.5914335e-02
   2.8667726e-02
   2.2595650e-02
   1.6604206e-02
   1.2612077e-02
   2.7894453e-02
   2.7179228e-02
   2.6778792e-02
   2.7325513e-02
   2.8477413e-02
   2.9262079e-02
   3.0211291e-02
   3.1452564e-02
   3.2372991e-02
   3.3184443e-02
   3.4421848e-02
   3.5377985e-02
   3.5921976e-02
   3.5712708e-02
   3.4859438e-02
   3.2945763e-02
   3.0215504e-02
   3.2645341e-02
   3.7229153e-02
   3.5363874e-02
   3.2165629e-02
   0.0000000e+00
   0.0000000e+00
   0.0000000e+00
   0.0000000e+00
   0.0000000e+00
   0.0000000e+00
   0.0000000e+00
   0.0000000e+00
   0.0000000e+00
   0.0000000e+00
   0.0000000e+00
   0.0000000e+00
   0.0000000e+00
   3.0261330e-02
   3.3850298e-02
   3.8256346e-02
   0.0000000e+00
   0.0000000e+00
   0.0000000e+00
   5.8729096e-02
   6.1402080e-02
   5.9245226e-02
   4.6653995e-02
   4.2925318e-02
   0.0000000e+00
   5.0301564e-02
   5.2628966e-02
   5.1778717e-02
   0.0000000e+00
   0.0000000e+00
   0.0000000e+00
   0.0000000e+00
   0.0000000e+00
   0.0000000e+00
   0.0000000e+00
   0.0000000e+00
   0.0000000e+00
   0.0000000e+00
   0.0000000e+00
   0.0000000e+00
   0.0000000e+00
   3.4077853e-02
   3.8031366e-02
   4.6141003e-02
   5.2090363e-02
   4.9561995e-02
   4.4447992e-02
   3.9904227e-02
   3.5605108e-02
   3.2538623e-02
   2.9884643e-02
   4.4975311e-02
   4.5446388e-02
   4.6873651e-02
   4.8146311e-02
   5.0360374e-02
   5.1517084e-02
   5.2594390e-02
   5.4578826e-02
   5.5300578e-02
   5.6479573e-02
   5.6966290e-02
   5.8042057e-02
   5.8710739e-02
   5.7926144e-02
   5.7163276e-02
   5.4638468e-02
   5.2689575e-02
   5.1255047e-02
   5.0975397e-02
   4.8018966e-02
   4.4702504e-02
   0.0000000e+00
   0.0000000e+00
   0.0000000e+00
   0.0000000e+00
   3.0191930e-02
   3.3965044e-02
   0.0000000e+00
   0.0000000e+00
   0.0000000e+00
   0.0000000e+00
   0.0000000e+00
   0.0000000e+00
   0.0000000e+00
   0.0000000e+00
   4.3441951e-02
   4.5420094e-02
   0.0000000e+00
   0.0000000e+00
   0.0000000e+00
   0.0000000e+00
   6.1402076e-02
   5.1610525e-02
   5.0193779e-02
   5.2187306e-02
   5.6612393e-02
   5.8540605e-02
   5.3019986e-02
   4.9686749e-02
   0.0000000e+00
   0.0000000e+00
   0.0000000e+00
   0.0000000e+00
   0.0000000e+00
   0.0000000e+00
   0.0000000e+00
   0.0000000e+00
   0.0000000e+00
   0.0000000e+00
   0.0000000e+00
   0.0000000e+00
   0.0000000e+00
   0.0000000e+00
   3.8031363e-02
   4.3279678e-02
   4.6822339e-02
   4.6935253e-02
   4.5399889e-02
   4.4448737e-02
   4.4649765e-02
   4.3581679e-02
   4.4397872e-02
   5.7742011e-02
   6.0538553e-02
   6.3167036e-02
   6.5831177e-02
   6.8654262e-02
   7.0538804e-02
   7.2758950e-02
   7.4622720e-02
   7.6386660e-02
   7.7289850e-02
   7.8713909e-02
   7.9110675e-02
   7.9908110e-02
   7.9071499e-02
   7.7924594e-02
   7.5975053e-02
   7.2858639e-02
   7.1110494e-02
   6.7357808e-02
   6.1822884e-02
   4.6749371e-02
   0.0000000e+00
   0.0000000e+00
   0.0000000e+00
   2.9857626e-02
   3.6780678e-02
   4.0529419e-02
   0.0000000e+00
   0.0000000e+00
   0.0000000e+00
   0.0000000e+00
   0.0000000e+00
   0.0000000e+00
   0.0000000e+00
   0.0000000e+00
   4.1010081e-02
   5.0098530e-02
   0.0000000e+00
   0.0000000e+00
   0.0000000e+00
   0.0000000e+00
   0.0000000e+00
   4.9948526e-02
   4.9537061e-02
   5.0668664e-02
   5.5804290e-02
   5.4432504e-02
   5.3083829e-02
   4.9345194e-02
   0.0000000e+00
   0.0000000e+00
   0.0000000e+00
   0.0000000e+00
   0.0000000e+00
   0.0000000e+00
   0.0000000e+00
   0.0000000e+00
   0.0000000e+00
   0.0000000e+00
   0.0000000e+00
   0.0000000e+00
   0.0000000e+00
   0.0000000e+00
   0.0000000e+00
   0.0000000e+00
   3.6349427e-02
   3.8431805e-02
   4.0417541e-02
   4.3898262e-02
   4.7890972e-02
   5.1049896e-02
   5.4819584e-02
   6.7127109e-02
   7.2510570e-02
   7.6663777e-02
   8.1159107e-02
   8.4497310e-02
   8.7517619e-02
   9.0104654e-02
   9.3130752e-02
   9.5269419e-02
   9.7138427e-02
   9.8601185e-02
   9.9559963e-02
   1.0011467e-01
   9.9655144e-02
   9.7986154e-02
   9.5622659e-02
   9.2221938e-02
   8.8695496e-02
   8.4805042e-02
   7.3578000e-02
   0.0000000e+00
   0.0000000e+00
   0.0000000e+00
   0.0000000e+00
   2.9857626e-02
   3.9899046e-02
   4.3636254e-02
   0.0000000e+00
   0.0000000e+00
   0.0000000e+00
   0.0000000e+00
   0.0000000e+00
   0.0000000e+00
   0.0000000e+00
   0.0000000e+00
   0.0000000e+00
   0.0000000e+00
   0.0000000e+00
   0.0000000e+00
   0.0000000e+00
   0.0000000e+00
   0.0000000e+00
   0.0000000e+00
   0.0000000e+00
   4.1893095e-02
   4.6323910e-02
   5.0991216e-02
   0.0000000e+00
   0.0000000e+00
   0.0000000e+00
   0.0000000e+00
   0.0000000e+00
   0.0000000e+00
   0.0000000e+00
   0.0000000e+00
   0.0000000e+00
   0.0000000e+00
   0.0000000e+00
   0.0000000e+00
   0.0000000e+00
   0.0000000e+00
   0.0000000e+00
   0.0000000e+00
   0.0000000e+00
   0.0000000e+00
   1.8321315e-02
   2.2323163e-02
   2.9375648e-02
   3.8020629e-02
   4.6540610e-02
   5.5108793e-02
   6.1871976e-02
   7.2824642e-02
   8.1215635e-02
   8.6760838e-02
   9.3136221e-02
   9.6663319e-02
   1.0108638e-01
   1.0335460e-01
   1.0805555e-01
   1.0984085e-01
   1.1338684e-01
   1.1453770e-01
   1.1666728e-01
   1.1653452e-01
   1.1641014e-01
   1.1427669e-01
   1.1169824e-01
   1.0817819e-01
   1.0292483e-01
   9.5834054e-02
   7.7220367e-02
   0.0000000e+00
   0.0000000e+00
   6.7719944e-02
   6.7719944e-02
   0.0000000e+00
   0.0000000e+00
   0.0000000e+00
   0.0000000e+00
   0.0000000e+00
   0.0000000e+00
   0.0000000e+00
   0.0000000e+00
   0.0000000e+00
   0.0000000e+00
   0.0000000e+00
   0.0000000e+00
   0.0000000e+00
   0.0000000e+00
   0.0000000e+00
   0.0000000e+00
   0.0000000e+00
   0.0000000e+00
   0.0000000e+00
   0.0000000e+00
   3.0481495e-02
   3.5220296e-02
   0.0000000e+00
   0.0000000e+00
   0.0000000e+00
   0.0000000e+00
   0.0000000e+00
   0.0000000e+00
   0.0000000e+00
   0.0000000e+00
   0.0000000e+00
   0.0000000e+00
   0.0000000e+00
   0.0000000e+00
   0.0000000e+00
   0.0000000e+00
   0.0000000e+00
   0.0000000e+00
   0.0000000e+00
   0.0000000e+00
   0.0000000e+00
   2.3928491e-03
   6.3477247e-03
   1.8412555e-02
   3.0562695e-02
   4.3265771e-02
   5.6073401e-02
   6.5852396e-02
   7.5116165e-02
   8.5946806e-02
   9.2406962e-02
   9.9320360e-02
   1.0344802e-01
   1.0823824e-01
   1.1107124e-01
   1.1600306e-01
   1.1822605e-01
   1.2221677e-01
   1.2413280e-01
   1.2676044e-01
   1.2596083e-01
   1.2619740e-01
   1.2293279e-01
   1.2196863e-01
   1.1619454e-01
   1.1213876e-01
   9.7494230e-02
   0.0000000e+00
   0.0000000e+00
   0.0000000e+00
   0.0000000e+00
   0.0000000e+00
   0.0000000e+00
   0.0000000e+00
   0.0000000e+00
   0.0000000e+00
   0.0000000e+00
   0.0000000e+00
   0.0000000e+00
   0.0000000e+00
   0.0000000e+00
   0.0000000e+00
   0.0000000e+00
   0.0000000e+00
   0.0000000e+00
  -3.2271309e-03
   0.0000000e+00
   0.0000000e+00
   0.0000000e+00
   0.0000000e+00
   0.0000000e+00
   0.0000000e+00
   0.0000000e+00
   0.0000000e+00
   0.0000000e+00
   0.0000000e+00
   0.0000000e+00
   0.0000000e+00
   0.0000000e+00
   0.0000000e+00
   0.0000000e+00
   0.0000000e+00
   0.0000000e+00
   0.0000000e+00
   0.0000000e+00
   0.0000000e+00
   0.0000000e+00
   0.0000000e+00
   0.0000000e+00
   0.0000000e+00
   0.0000000e+00
   0.0000000e+00
  -0.0000000e+00
  -4.9638399e-03
  -7.3230168e-04
   1.3949735e-02
   2.6279737e-02
   4.0989712e-02
   5.5053189e-02
   6.7019894e-02
   7.2538428e-02
   8.3877936e-02
   9.0438418e-02
   9.7327761e-02
   1.0196485e-01
   1.0694677e-01
   1.1025102e-01
   1.1481293e-01
   1.1823215e-01
   1.2093189e-01
   1.2499728e-01
   1.2612809e-01
   1.2705690e-01
   1.2534001e-01
   1.2239432e-01
   1.2097797e-01
   1.1316173e-01
   1.0945275e-01
   9.6186413e-02
   0.0000000e+00
   0.0000000e+00
   0.0000000e+00
   0.0000000e+00
   0.0000000e+00
   0.0000000e+00
   0.0000000e+00
   0.0000000e+00
   0.0000000e+00
   0.0000000e+00
   0.0000000e+00
   0.0000000e+00
   0.0000000e+00
   0.0000000e+00
   0.0000000e+00
   0.0000000e+00
   0.0000000e+00
   0.0000000e+00
  -3.2271312e-03
   0.0000000e+00
   0.0000000e+00
   0.0000000e+00
   0.0000000e+00
   0.0000000e+00
   0.0000000e+00
   0.0000000e+00
   0.0000000e+00
   0.0000000e+00
   0.0000000e+00
   0.0000000e+00
   0.0000000e+00
   0.0000000e+00
   0.0000000e+00
   0.0000000e+00
   0.0000000e+00
   0.0000000e+00
   0.0000000e+00
   0.0000000e+00
   0.0000000e+00
   0.0000000e+00
   0.0000000e+00
   0.0000000e+00
   0.0000000e+00
   0.0000000e+00
   0.0000000e+00
   0.0000000e+00
  -0.0000000e+00
   1.6293247e-03
   1.3558224e-02
   2.5115157e-02
   3.8130630e-02
   5.1977158e-02
   6.3495606e-02
   6.2675588e-02
   7.3570885e-02
   8.0137469e-02
   8.6357012e-02
   9.2681587e-02
   9.6952625e-02
   1.0068055e-01
   1.0511663e-01
   1.0820740e-01
   1.1129581e-01
   1.1429729e-01
   1.1558048e-01
   1.1641923e-01
   1.1303987e-01
   1.1078006e-01
   1.0392963e-01
   9.8821327e-02
   9.5432340e-02
   9.4596255e-02
   0.0000000e+00
   0.0000000e+00
   0.0000000e+00
   0.0000000e+00
   0.0000000e+00
   0.0000000e+00
   0.0000000e+00
   0.0000000e+00
   0.0000000e+00
   0.0000000e+00
   0.0000000e+00
   0.0000000e+00
   0.0000000e+00
   0.0000000e+00
   0.0000000e+00
   0.0000000e+00
   0.0000000e+00
   0.0000000e+00
   0.0000000e+00
   2.3220819e-03
   0.0000000e+00
   0.0000000e+00
   0.0000000e+00
   0.0000000e+00
   0.0000000e+00
   0.0000000e+00
   0.0000000e+00
   0.0000000e+00
   0.0000000e+00
   0.0000000e+00
  -6.7998107e-03
  -3.9214018e-03
  -2.7423294e-03
   0.0000000e+00
   0.0000000e+00
   0.0000000e+00
   0.0000000e+00
   0.0000000e+00
   0.0000000e+00
   0.0000000e+00
   0.0000000e+00
   0.0000000e+00
   0.0000000e+00
   0.0000000e+00
   0.0000000e+00
  -0.0000000e+00
   1.2707785e-03
   7.2426931e-03
   1.3321538e-02
   2.3080753e-02
   3.2791432e-02
   4.4121642e-02
   5.4606009e-02
   4.6948861e-02
   5.6323580e-02
   6.3101292e-02
   6.7769349e-02
   7.5333036e-02
   7.8478567e-02
   8.2161918e-02
   8.7300636e-02
   8.9026213e-02
   9.2849873e-02
   9.4681256e-02
   9.4966695e-02
   9.5679991e-02
   8.9859277e-02
   8.4209085e-02
   7.4924350e-02
   8.9768422e-02
   8.1540793e-02
   0.0000000e+00
   0.0000000e+00
   0.0000000e+00
   0.0000000e+00
   0.0000000e+00
   0.0000000e+00
   0.0000000e+00
   0.0000000e+00
   0.0000000e+00
   0.0000000e+00
   0.0000000e+00
   0.0000000e+00
   0.0000000e+00
   0.0000000e+00
   0.0000000e+00
   0.0000000e+00
   0.0000000e+00
   0.0000000e+00
   0.0000000e+00
   0.0000000e+00
   2.3220818e-03
   0.0000000e+00
   0.0000000e+00
   0.0000000e+00
   0.0000000e+00
   0.0000000e+00
   0.0000000e+00
   0.0000000e+00
   0.0000000e+00
   0.0000000e+00
   0.0000000e+00
  -6.7998111e-03
  -6.6010031e-03
  -6.9710783e-03
   0.0000000e+00
   0.0000000e+00
   0.0000000e+00
   0.0000000e+00
   0.0000000e+00
   0.0000000e+00
   0.0000000e+00
   0.0000000e+00
   0.0000000e+00
   0.0000000e+00
  -2.1937060e-04
   2.7319463e-03
   6.3506352e-03
   6.2841214e-03
   9.9153211e-03
   1.2987689e-02
   1.8126277e-02
   2.3846135e-02
   3.1825691e-02
   4.0568613e-02
   2.7283620e-02
   3.3655249e-02
   3.9559990e-02
   4.4543732e-02
   4.8722386e-02
   5.2843574e-02
   5.5610221e-02
   5.8738377e-02
   6.1865591e-02
   6.3116483e-02
   6.5283313e-02
   6.5818645e-02
   6.3741453e-02
   5.9464838e-02
   5.5715488e-02
   6.4793656e-02
   0.0000000e+00
   0.0000000e+00
   0.0000000e+00
   0.0000000e+00
   0.0000000e+00
   0.0000000e+00
   0.0000000e+00
   0.0000000e+00
   0.0000000e+00
   0.0000000e+00
   0.0000000e+00
   0.0000000e+00
   0.0000000e+00
   0.0000000e+00
   0.0000000e+00
   0.0000000e+00
   0.0000000e+00
   0.0000000e+00
   0.0000000e+00
   0.0000000e+00
   0.0000000e+00
   0.0000000e+00
  -0.0000000e+00
  -6.1709884e-03
   0.0000000e+00
   0.0000000e+00
   0.0000000e+00
  -0.0000000e+00
   0.0000000e+00
   0.0000000e+00
   0.0000000e+00
   0.0000000e+00
   0.0000000e+00
   0.0000000e+00
   0.0000000e+00
   0.0000000e+00
   0.0000000e+00
   0.0000000e+00
   0.0000000e+00
   0.0000000e+00
   0.0000000e+00
   0.0000000e+00
   0.0000000e+00
   0.0000000e+00
   0.0000000e+00
   0.0000000e+00
  -2.1937059e-04
   2.7319464e-03
   3.7279549e-03
   5.0122361e-03
   6.7224926e-03
   7.1788677e-03
   6.9841258e-03
   9.6121188e-03
   1.5132626e-02
   2.1050792e-02
   4.9486929e-03
   1.0022762e-02
   1.2919463e-02
   1.6599067e-02
   1.9055074e-02
   1.9954091e-02
   2.2227673e-02
   2.3181006e-02
   2.3545569e-02
   2.5897983e-02
   2.5866238e-02
   2.5467198e-02
   2.7033523e-02
   1.8048897e-02
   9.7060353e-03
   0.0000000e+00
   0.0000000e+00
   0.0000000e+00
   0.0000000e+00
   8.5727562e-03
   9.6035275e-03
   0.0000000e+00
   0.0000000e+00
   0.0000000e+00
   0.0000000e+00
   0.0000000e+00
   0.0000000e+00
   0.0000000e+00
   0.0000000e+00
   0.0000000e+00
   0.0000000e+00
   0.0000000e+00
   0.0000000e+00
   0.0000000e+00
   0.0000000e+00
   0.0000000e+00
   0.0000000e+00
   0.0000000e+00
  -0.0000000e+00
  -1.0190269e-02
  -1.6097091e-02
  -1.3078027e-02
  -1.3288983e-02
  -1.3327594e-02
   0.0000000e+00
   0.0000000e+00
   0.0000000e+00
  -0.0000000e+00
  -8.1021102e-03
   0.0000000e+00
   0.0000000e+00
   0.0000000e+00
   0.0000000e+00
   0.0000000e+00
   0.0000000e+00
   0.0000000e+00
   0.0000000e+00
   0.0000000e+00
   0.0000000e+00
   0.0000000e+00
   0.0000000e+00
   0.0000000e+00
   0.0000000e+00
   0.0000000e+00
   0.0000000e+00
  -4.1108508e-03
  -7.8931162e-03
  -1.2572148e-02
  -1.8293375e-02
  -1.8603737e-02
  -1.0435067e-02
  -2.2030589e-03
  -1.2925920e-02
  -1.0586643e-02
  -8.9124804e-03
  -8.7478235e-03
  -1.1874449e-02
  -1.4096496e-02
  -1.4051359e-02
  -1.4510443e-02
  -1.5845343e-02
  -1.4653964e-02
  -1.0257710e-02
  -9.1036567e-03
  -1.2104445e-02
  -1.4494935e-02
  -1.2872605e-02
   0.0000000e+00
  -7.8720213e-03
  -9.2052447e-03
  -1.0195186e-02
  -5.3343219e-03
  -6.6769138e-03
  -9.6573503e-03
  -1.1976027e-02
   0.0000000e+00
   0.0000000e+00
  -9.7612510e-03
  -9.0730841e-03
  -9.8500108e-03
  -1.1117148e-02
   0.0000000e+00
   0.0000000e+00
   0.0000000e+00
   0.0000000e+00
   0.0000000e+00
   0.0000000e+00
  -0.0000000e+00
  -3.5213595e-03
  -1.8737791e-03
  -1.8123373e-03
  -9.7532017e-03
  -1.1113579e-02
  -1.2365439e-02
  -1.3362571e-02
  -1.2884613e-02
   0.0000000e+00
  -1.2758336e-02
  -1.2252240e-02
  -8.6760455e-03
  -8.1021102e-03
   0.0000000e+00
   0.0000000e+00
   0.0000000e+00
   0.0000000e+00
   0.0000000e+00
   0.0000000e+00
   0.0000000e+00
   0.0000000e+00
   0.0000000e+00
   0.0000000e+00
   0.0000000e+00
   0.0000000e+00
   0.0000000e+00
   0.0000000e+00
   0.0000000e+00
   0.0000000e+00
  -0.0000000e+00
  -2.0821878e-02
  -2.8245100e-02
  -3.4104763e-02
  -3.4735132e-02
  -2.2996446e-02
  -1.7362320e-02
  -1.0984029e-02
  -1.3358455e-02
  -1.9118621e-02
  -2.2491708e-02
  -3.0602391e-02
  -3.5217788e-02
  -3.6286962e-02
  -4.1792031e-02
  -4.3077420e-02
  -3.8593033e-02
  -2.8883088e-02
  -3.1668387e-02
  -3.3667482e-02
  -3.1823843e-02
  -2.9296776e-02
  -2.8583066e-02
  -2.9411822e-02
  -2.3318204e-02
  -2.2633076e-02
  -2.1263391e-02
  -1.7772928e-02
  -1.5123841e-02
  -1.4941435e-02
  -9.6776326e-03
   0.0000000e+00
   0.0000000e+00
  -0.0000000e+00
  -1.1833026e-02
  -1.3266605e-02
  -1.3356111e-02
  -1.1052130e-02
  -8.3086210e-03
  -8.3035435e-03
  -8.8979958e-03
  -8.2716758e-03
  -5.9851839e-03
  -4.5540058e-03
  -3.2032754e-03
  -2.4706026e-03
  -1.1768947e-03
  -3.0271471e-03
  -5.0551030e-03
  -4.5817168e-03
  -2.8736141e-03
  -1.8503802e-04
  -1.5806092e-03
  -1.4143065e-03
  -6.5411426e-04
   3.8752236e-03
   0.0000000e+00
   0.0000000e+00
   0.0000000e+00
   0.0000000e+00
   0.0000000e+00
   0.0000000e+00
   0.0000000e+00
   0.0000000e+00
   0.0000000e+00
   0.0000000e+00
   0.0000000e+00
   0.0000000e+00
   0.0000000e+00
   0.0000000e+00
   0.0000000e+00
   0.0000000e+00
   0.0000000e+00
   0.0000000e+00
   0.0000000e+00
   0.0000000e+00
   0.0000000e+00
   0.0000000e+00
  -0.0000000e+00
  -0.0000000e+00
  -4.0503141e-03
  -7.8191694e-03
  -9.0521155e-03
  -0.0000000e+00
  -1.2155951e-02
  -1.3998493e-02
  -1.6714822e-02
  -1.7120495e-02
  -1.9482672e-02
  -2.5013988e-02
  -2.9172584e-02
  -3.1275095e-02
  -3.0991004e-02
  -2.9999301e-02
  -2.9252827e-02
  -2.9236801e-02
  -2.8919351e-02
  -2.7829231e-02
  -2.5562353e-02
  -2.3280785e-02
  -2.0868061e-02
  -1.7431399e-02
  -1.5075426e-02
  -1.2438656e-02
  -1.3171153e-02
  -1.1163083e-02
  -9.6198821e-03
  -7.7347010e-03
  -6.8681892e-03
  -7.2143033e-03
  -6.8323780e-03
  -5.8385331e-03
  -4.3043978e-03
  -2.1100217e-03
  -4.7588907e-04
   7.9063313e-04
   1.7741210e-03
   2.4310904e-03
   3.2378140e-03
   4.5813553e-03
   5.8040363e-03
   6.7611654e-03
   7.0366899e-03
   6.5512280e-03
   6.2830833e-03
   6.7563586e-03
   7.3655322e-03
   8.8332174e-03
   1.1420685e-02
   1.2533211e-02
   1.4621910e-02
   1.3624326e-02
   1.3662621e-02
   1.3893429e-02
   1.4484792e-02
   1.5193481e-02
   1.5583765e-02
   0.0000000e+00
   0.0000000e+00
   0.0000000e+00
   0.0000000e+00
   0.0000000e+00
   0.0000000e+00
   0.0000000e+00
   0.0000000e+00
   0.0000000e+00
   0.0000000e+00
   0.0000000e+00
   0.0000000e+00
   0.0000000e+00
   0.0000000e+00
