   4.9980694e-03
   4.5649753e-03
   4.0931359e-03
   3.4940187e-03
   2.9809835e-03
   2.4412795e-03
   1.7459255e-03
   1.1446155e-03
   5.0845875e-04
  -3.2756995e-04
  -1.1010535e-03
  -1.9600755e-03
  -3.0817110e-03
  -4.0947414e-03
  -5.1453772e-03
  -6.4172000e-03
  -7.4460616e-03
  -8.4097727e-03
  -9.4835605e-03
  -1.0321491e-02
  -1.1124973e-02
  -1.2002602e-02
  -1.2638080e-02
  -1.3237242e-02
  -1.3893165e-02
  -1.4360944e-02
  -1.4733716e-02
  -1.5047292e-02
  -1.5195866e-02
  -1.5179593e-02
  -1.4882451e-02
  -1.4444952e-02
  -1.3840877e-02
  -1.2966157e-02
  -1.2171391e-02
  -1.1352387e-02
  -1.0369412e-02
  -9.5545870e-03
  -8.7458675e-03
  -7.8285774e-03
  -7.1078901e-03
  -6.4441047e-03
  -5.7087403e-03
  -5.1138642e-03
  -4.5350056e-03
  -3.8785040e-03
  -3.3674094e-03
  -2.8994801e-03
  -2.3693639e-03
  -1.8902944e-03
  -1.3462932e-03
  -5.5401259e-04
   1.5389373e-04
   8.6767350e-04
   1.7811386e-03
   2.5511036e-03
   3.2966976e-03
   4.0548218e-03
   4.5970126e-03
   5.0890772e-03
   5.5607137e-03
   5.8727938e-03
   6.1192111e-03
   6.3144536e-03
   6.4033473e-03
   6.4417371e-03
   6.4162032e-03
   6.3312539e-03
   6.1971545e-03
   5.9866975e-03
   5.7360079e-03
   5.4355484e-03
   5.7466198e-03
   5.5839643e-03
   5.5454387e-03
   5.0463863e-03
   4.3067271e-03
   3.6911271e-03
   3.2890963e-03
   2.9952384e-03
   2.4933508e-03
   1.7068374e-03
   1.2375133e-03
   8.2920131e-04
  -1.1009386e-04
  -1.3174560e-03
  -2.6136586e-03
  -3.9516250e-03
  -5.0486228e-03
  -6.3299169e-03
  -7.8684948e-03
  -8.8669136e-03
  -9.7207660e-03
  -1.1072348e-02
  -1.2623859e-02
  -1.4232469e-02
  -1.5835077e-02
  -1.6941072e-02
  -1.8160786e-02
  -1.9869745e-02
  -2.1015383e-02
  -2.1491421e-02
  -2.1344146e-02
  -2.1005269e-02
  -2.0454088e-02
  -1.9306811e-02
  -1.8127685e-02
  -1.7336974e-02
  -1.7207358e-02
  -1.6141377e-02
  -1.3707233e-02
  -1.1030416e-02
  -8.7287202e-03
  -6.4011556e-03
  -4.3239202e-03
  -2.9837817e-03
  -2.2268253e-03
  -2.7251770e-03
  -3.6335201e-03
  -2.5356237e-03
  -0.0000000e+00
  -0.0000000e+00
  -3.5709205e-04
  -2.3416464e-04
   0.0000000e+00
   0.0000000e+00
   0.0000000e+00
   7.3315698e-03
   9.6184313e-03
   9.5694568e-03
   8.9719538e-03
   8.9944443e-03
   9.6957916e-03
   1.0202158e-02
   1.0319363e-02
   1.0232931e-02
   1.0186414e-02
   1.0035242e-02
   9.4171688e-03
   8.7179365e-03
   8.1758164e-03
   7.7518444e-03
   7.2260806e-03
   6.4739604e-03
   2.8918919e-03
   3.0630685e-03
   3.6933685e-03
   3.1128360e-03
   2.0616651e-03
   1.6182999e-03
   1.4399133e-03
   8.5568440e-04
   1.6464433e-04
  -2.9622609e-04
  -3.5146993e-04
  -3.7039176e-04
  -9.0239325e-04
  -2.0923000e-03
  -3.7444204e-03
  -5.3255269e-03
  -6.4330343e-03
  -8.2322722e-03
  -1.0414318e-02
  -1.1128669e-02
  -1.1729779e-02
  -1.4179630e-02
  -1.6768148e-02
  -1.8499888e-02
  -2.0431183e-02
  -2.2647565e-02
  -2.4586309e-02
  -2.6051758e-02
  -2.7250368e-02
  -2.8456211e-02
  -2.8209321e-02
  -2.6524846e-02
  -2.4775920e-02
  -2.3097429e-02
  -2.1385835e-02
  -1.9731149e-02
  -1.8428886e-02
  -1.6493487e-02
  -9.0030165e-03
  -3.9480549e-03
  -4.4180313e-03
  -2.4780885e-03
   9.7521627e-04
   2.1663301e-03
  -1.3301679e-04
  -2.8909636e-03
  -0.0000000e+00
  -0.0000000e+00
   0.0000000e+00
   0.0000000e+00
  -0.0000000e+00
   0.0000000e+00
   0.0000000e+00
   0.0000000e+00
   0.0000000e+00
   0.0000000e+00
   0.0000000e+00
   0.0000000e+00
   2.1195758e-02
   2.1236807e-02
   1.3997739e-02
   1.1225812e-02
   1.1898123e-02
   1.1472327e-02
   9.2984550e-03
   8.1317779e-03
   7.8874752e-03
   6.5993904e-03
   4.9108835e-03
   4.5819865e-03
   4.9753622e-03
   4.2249854e-03
  -9.3525276e-04
  -9.2019379e-04
  -8.6309051e-04
  -1.0612911e-04
  -4.9526390e-04
  -1.2424958e-03
  -1.0425629e-03
  -1.6738293e-03
  -2.9990955e-03
  -2.8225267e-03
  -2.2845748e-03
  -3.1870147e-03
  -4.2829383e-03
  -4.5178812e-03
  -6.1413026e-03
  -9.2031835e-03
  -9.9781882e-03
  -1.0693057e-02
  -1.3612511e-02
  -1.4732895e-02
  -1.4513404e-02
  -1.7423606e-02
  -2.1077966e-02
  -2.2308936e-02
  -2.3859674e-02
  -2.6890807e-02
  -2.8241940e-02
  -2.8468976e-02
  -3.0698664e-02
  -3.2364324e-02
  -2.9915374e-02
  -2.6396384e-02
  -2.2733839e-02
  -1.7585697e-02
  -1.5021276e-02
  -1.6072076e-02
  -1.6808600e-02
  -1.4886819e-02
  -1.1955029e-02
  -7.2715362e-03
   6.0762284e-04
   6.9318700e-03
   3.2240211e-03
   0.0000000e+00
  -0.0000000e+00
   0.0000000e+00
   0.0000000e+00
   0.0000000e+00
   0.0000000e+00
   0.0000000e+00
   0.0000000e+00
   0.0000000e+00
   0.0000000e+00
   0.0000000e+00
   0.0000000e+00
   0.0000000e+00
   0.0000000e+00
   0.0000000e+00
   3.8180828e-02
   2.9777575e-02
   1.1613323e-02
   8.0753388e-03
   9.9964291e-03
   6.9135865e-03
   2.9234847e-03
   2.7237800e-03
   2.5041387e-03
  -1.6887956e-04
  -1.0744765e-03
   2.2863458e-04
  -2.8450522e-04
  -1.2520911e-03
  -6.4977757e-03
  -5.3483940e-03
  -5.0830534e-03
  -4.0574446e-03
  -3.7980345e-03
  -4.7777593e-03
  -4.6698973e-03
  -4.8080989e-03
  -5.9256246e-03
  -5.9953397e-03
  -6.0495187e-03
  -6.6937790e-03
  -7.5062914e-03
  -9.0868183e-03
  -1.0311502e-02
  -1.1678165e-02
  -1.3602712e-02
  -1.4393354e-02
  -1.5716519e-02
  -1.7537365e-02
  -1.8212527e-02
  -2.0150337e-02
  -2.3100938e-02
  -2.4817320e-02
  -2.6770860e-02
  -2.8378299e-02
  -2.8903469e-02
  -3.0920263e-02
  -3.2629050e-02
  -3.2477353e-02
  -3.2971250e-02
  -0.0000000e+00
  -0.0000000e+00
  -1.0259401e-02
  -5.2493055e-03
  -7.9739135e-03
  -1.7550152e-02
   0.0000000e+00
   0.0000000e+00
   0.0000000e+00
   0.0000000e+00
   0.0000000e+00
   0.0000000e+00
   0.0000000e+00
   0.0000000e+00
   0.0000000e+00
   0.0000000e+00
   0.0000000e+00
   0.0000000e+00
   0.0000000e+00
   0.0000000e+00
   0.0000000e+00
   0.0000000e+00
   0.0000000e+00
   0.0000000e+00
   0.0000000e+00
   0.0000000e+00
   2.3715419e-02
   2.4568552e-02
   1.6083416e-02
   7.2757383e-03
   4.5186285e-03
   1.8604974e-03
  -3.1917196e-04
  -3.2174735e-03
  -5.2806665e-03
  -5.8603548e-03
  -7.1390007e-03
  -7.5505697e-03
  -6.2837698e-03
  -6.4099675e-03
  -7.2276741e-03
  -1.1307499e-02
  -8.7868664e-03
  -7.4475729e-03
  -8.2698730e-03
  -6.5091914e-03
  -7.8717438e-03
  -7.8246067e-03
  -7.3249470e-03
  -9.0659564e-03
  -8.1064538e-03
  -9.0082493e-03
  -9.7105546e-03
  -1.0437525e-02
  -1.3217397e-02
  -1.3571758e-02
  -1.5344632e-02
  -1.6611742e-02
  -1.6879310e-02
  -1.8924791e-02
  -1.8783815e-02
  -2.0621826e-02
  -2.2563969e-02
  -2.3661444e-02
  -2.6827780e-02
  -2.6707181e-02
  -2.8109970e-02
  -2.9571595e-02
  -2.9633662e-02
  -3.4008473e-02
  -3.3801250e-02
   0.0000000e+00
   0.0000000e+00
   0.0000000e+00
  -1.4787995e-03
  -1.7781926e-03
  -9.1402154e-03
  -1.7550150e-02
   0.0000000e+00
   0.0000000e+00
   0.0000000e+00
   0.0000000e+00
   0.0000000e+00
   0.0000000e+00
   0.0000000e+00
   0.0000000e+00
   0.0000000e+00
   0.0000000e+00
   0.0000000e+00
   0.0000000e+00
   0.0000000e+00
   0.0000000e+00
   0.0000000e+00
   0.0000000e+00
   0.0000000e+00
   0.0000000e+00
   0.0000000e+00
   3.1572979e-02
   1.8300487e-02
   1.3839253e-02
   7.0878216e-03
   1.5366476e-03
  -3.5261078e-04
  -4.7440718e-03
  -6.2526822e-03
  -9.3869278e-03
  -1.2393781e-02
  -1.2099479e-02
  -1.3881345e-02
  -1.2547240e-02
  -1.1957783e-02
  -1.2427762e-02
  -1.0780872e-02
  -1.3349386e-02
  -1.2038434e-02
  -1.0177617e-02
  -1.0825226e-02
  -9.4027389e-03
  -9.7083263e-03
  -1.0327260e-02
  -9.6489321e-03
  -1.1334355e-02
  -1.0696048e-02
  -1.1371957e-02
  -1.2488334e-02
  -1.3603976e-02
  -1.6629297e-02
  -1.7011750e-02
  -1.8719517e-02
  -1.9694807e-02
  -1.9400323e-02
  -2.1049969e-02
  -2.0374419e-02
  -2.2255927e-02
  -2.3980211e-02
  -2.4298882e-02
  -2.6640218e-02
  -2.5643069e-02
  -2.6911227e-02
  -2.7759686e-02
  -2.8721262e-02
  -3.1776894e-02
  -3.1907234e-02
  -2.0605111e-02
  -1.8775227e-02
  -1.3878479e-02
  -6.5328005e-03
  -3.0959356e-03
  -6.5580485e-03
   0.0000000e+00
   0.0000000e+00
   0.0000000e+00
   0.0000000e+00
   0.0000000e+00
   0.0000000e+00
   0.0000000e+00
   0.0000000e+00
   0.0000000e+00
   0.0000000e+00
   0.0000000e+00
   0.0000000e+00
   0.0000000e+00
   0.0000000e+00
   0.0000000e+00
   0.0000000e+00
   0.0000000e+00
   0.0000000e+00
   0.0000000e+00
   0.0000000e+00
   0.0000000e+00
   1.0480563e-02
   6.6052852e-03
   2.4839849e-03
  -3.5715234e-03
  -5.5714427e-03
  -9.0628564e-03
  -1.2505066e-02
  -1.4506370e-02
  -1.7906776e-02
  -1.8043512e-02
  -1.8431265e-02
  -1.8137414e-02
  -1.6007677e-02
  -1.6409185e-02
  -1.4708391e-02
  -1.5480561e-02
  -1.4118960e-02
  -1.2807485e-02
  -1.2647494e-02
  -1.1084698e-02
  -1.1608727e-02
  -1.1456436e-02
  -1.2396054e-02
  -1.2775795e-02
  -1.3346961e-02
  -1.4224835e-02
  -1.4903447e-02
  -1.7390408e-02
  -1.8881632e-02
  -2.0705404e-02
  -2.1066075e-02
  -2.1656891e-02
  -2.1547597e-02
  -2.1658016e-02
  -2.2304935e-02
  -2.2698680e-02
  -2.4287112e-02
  -2.4012645e-02
  -2.4718722e-02
  -2.3959666e-02
  -2.4473264e-02
  -2.5398305e-02
  -2.6658187e-02
  -2.8242855e-02
  -2.6721671e-02
  -2.2846701e-02
  -1.3885954e-02
  -1.0611311e-02
  -6.7417589e-03
  -1.7922187e-03
  -3.2949960e-03
   2.8683478e-03
   2.8683478e-03
   0.0000000e+00
   0.0000000e+00
   0.0000000e+00
   0.0000000e+00
   0.0000000e+00
   0.0000000e+00
   0.0000000e+00
   0.0000000e+00
   0.0000000e+00
   0.0000000e+00
   0.0000000e+00
   0.0000000e+00
   0.0000000e+00
   0.0000000e+00
   0.0000000e+00
   0.0000000e+00
   1.1476797e-02
   1.1476797e-02
   0.0000000e+00
   1.0614734e-02
   4.1495547e-03
  -1.6551894e-03
  -6.0865930e-03
  -1.0519670e-02
  -1.1901371e-02
  -1.7204277e-02
  -1.8673911e-02
  -2.1242423e-02
  -2.2213455e-02
  -2.1451761e-02
  -2.1637399e-02
  -1.8751500e-02
  -1.8715363e-02
  -1.6629577e-02
  -1.6664581e-02
  -1.5455122e-02
  -1.4329249e-02
  -1.3116942e-02
  -1.2067962e-02
  -1.2419797e-02
  -1.2815985e-02
  -1.3837765e-02
  -1.3720005e-02
  -1.5026812e-02
  -1.5709766e-02
  -1.7037640e-02
  -1.8807941e-02
  -2.0465172e-02
  -2.1412363e-02
  -2.1899536e-02
  -2.1808266e-02
  -2.1774278e-02
  -2.2001581e-02
  -2.2238053e-02
  -2.2618705e-02
  -2.2560980e-02
  -2.2810827e-02
  -2.1825497e-02
  -2.2090904e-02
  -2.1600570e-02
  -2.2891227e-02
  -2.3196442e-02
  -2.6636405e-02
  -2.9373858e-02
   0.0000000e+00
   0.0000000e+00
  -2.4447121e-03
  -1.5237592e-03
   2.1311719e-03
   3.4141822e-03
   2.8683478e-03
   2.8683478e-03
   0.0000000e+00
   0.0000000e+00
   0.0000000e+00
   0.0000000e+00
   0.0000000e+00
   0.0000000e+00
   0.0000000e+00
   0.0000000e+00
   0.0000000e+00
   0.0000000e+00
   0.0000000e+00
   0.0000000e+00
   0.0000000e+00
   0.0000000e+00
   0.0000000e+00
   0.0000000e+00
   1.1369219e-02
   1.1369219e-02
   0.0000000e+00
   3.2226480e-03
   1.0569844e-03
  -3.9521239e-03
  -7.1687121e-03
  -1.1092045e-02
  -1.3984013e-02
  -1.7909390e-02
  -2.0711041e-02
  -2.1965075e-02
  -2.3261578e-02
  -2.2441348e-02
  -2.2237373e-02
  -2.0147964e-02
  -1.9475616e-02
  -1.7732398e-02
  -1.6887155e-02
  -1.5764373e-02
  -1.4426424e-02
  -1.3013100e-02
  -1.2575704e-02
  -1.2759483e-02
  -1.3418220e-02
  -1.3889912e-02
  -1.4130357e-02
  -1.5143682e-02
  -1.6141397e-02
  -1.7351364e-02
  -1.8831871e-02
  -1.9978117e-02
  -2.0557613e-02
  -2.0887195e-02
  -2.0805727e-02
  -2.0902130e-02
  -2.1195161e-02
  -2.1177833e-02
  -2.1089441e-02
  -2.0622165e-02
  -2.0460463e-02
  -1.9296038e-02
  -1.9448010e-02
  -1.8555167e-02
  -1.9124137e-02
  -1.8649477e-02
  -2.3583077e-02
  -3.0959419e-02
   0.0000000e+00
   0.0000000e+00
   0.0000000e+00
   2.5200573e-03
   3.8357500e-03
   6.8802138e-03
   0.0000000e+00
   0.0000000e+00
   0.0000000e+00
   0.0000000e+00
   0.0000000e+00
   0.0000000e+00
   0.0000000e+00
   0.0000000e+00
   0.0000000e+00
   0.0000000e+00
   0.0000000e+00
   0.0000000e+00
   0.0000000e+00
   0.0000000e+00
   0.0000000e+00
   0.0000000e+00
   0.0000000e+00
   0.0000000e+00
   9.9939868e-03
   9.8893932e-03
   7.3981231e-03
   2.0107800e-03
   7.8022520e-04
  -1.0749631e-03
  -4.6296760e-03
  -9.4646184e-03
  -1.3668888e-02
  -1.7813738e-02
  -2.0267303e-02
  -2.1427599e-02
  -2.1851595e-02
  -2.1628843e-02
  -2.1234318e-02
  -2.0193265e-02
  -1.9281258e-02
  -1.8113910e-02
  -1.5875713e-02
  -1.4534939e-02
  -1.3198014e-02
  -1.2390941e-02
  -1.1748658e-02
  -1.2141648e-02
  -1.1908163e-02
  -1.2720310e-02
  -1.2436001e-02
  -1.4157931e-02
  -1.4690376e-02
  -1.6310002e-02
  -1.6544099e-02
  -1.8145802e-02
  -1.7767869e-02
  -1.9002179e-02
  -1.8506165e-02
  -1.9299331e-02
  -1.8618052e-02
  -1.8975756e-02
  -1.8288463e-02
  -1.8210997e-02
  -1.7339049e-02
  -1.6233253e-02
  -1.6142773e-02
  -1.4476169e-02
  -1.4730493e-02
  -1.0905775e-02
  -7.5993861e-03
   0.0000000e+00
   0.0000000e+00
   0.0000000e+00
   0.0000000e+00
   1.4425279e-03
   6.0274505e-03
   8.6645109e-03
   0.0000000e+00
   0.0000000e+00
   0.0000000e+00
   0.0000000e+00
   0.0000000e+00
   0.0000000e+00
   0.0000000e+00
   0.0000000e+00
   0.0000000e+00
   0.0000000e+00
   0.0000000e+00
   0.0000000e+00
   0.0000000e+00
   0.0000000e+00
   0.0000000e+00
   0.0000000e+00
   0.0000000e+00
   0.0000000e+00
   7.7920525e-03
   7.5950878e-03
   7.3981228e-03
   2.3514811e-03
   2.0573172e-03
   5.2276611e-04
  -6.3336171e-03
  -1.1246747e-02
  -1.6514792e-02
  -1.8797241e-02
  -2.0707553e-02
  -2.0639561e-02
  -2.1221794e-02
  -2.0430402e-02
  -2.0290629e-02
  -1.9101119e-02
  -1.8472852e-02
  -1.7553787e-02
  -1.3856479e-02
  -1.2704471e-02
  -1.1359632e-02
  -1.0481745e-02
  -9.6800169e-03
  -9.2720352e-03
  -9.4208447e-03
  -9.4046760e-03
  -1.0129027e-02
  -1.0835901e-02
  -1.2178082e-02
  -1.2625050e-02
  -1.3936372e-02
  -1.4482141e-02
  -1.4563113e-02
  -1.5307354e-02
  -1.5310075e-02
  -1.6129313e-02
  -1.5132682e-02
  -1.5727963e-02
  -1.4521757e-02
  -1.5321096e-02
  -1.3544122e-02
  -1.3508478e-02
  -1.1395006e-02
  -9.8056300e-03
  -7.4068671e-03
  -2.0932388e-03
   1.4376855e-03
   0.0000000e+00
   0.0000000e+00
   0.0000000e+00
   0.0000000e+00
   0.0000000e+00
   0.0000000e+00
   0.0000000e+00
   0.0000000e+00
   0.0000000e+00
   0.0000000e+00
   0.0000000e+00
   0.0000000e+00
   0.0000000e+00
   0.0000000e+00
   0.0000000e+00
   0.0000000e+00
   0.0000000e+00
   0.0000000e+00
   0.0000000e+00
   0.0000000e+00
   0.0000000e+00
   0.0000000e+00
   0.0000000e+00
   0.0000000e+00
   0.0000000e+00
   6.8665637e-03
   7.2116968e-03
   2.7923109e-03
  -1.1433510e-03
  -2.1510676e-03
  -6.8633547e-03
  -1.4586187e-02
  -1.8705059e-02
  -2.2765476e-02
  -2.3144498e-02
  -2.3137415e-02
  -2.2328708e-02
  -2.1906089e-02
  -2.0815155e-02
  -1.9761886e-02
  -1.8859714e-02
  -1.7488459e-02
  -1.6563356e-02
  -1.1458237e-02
  -1.0035867e-02
  -8.6615821e-03
  -7.8276265e-03
  -6.8145106e-03
  -6.3613392e-03
  -6.1720726e-03
  -6.2762396e-03
  -7.0104632e-03
  -7.7117654e-03
  -8.8633047e-03
  -9.3255779e-03
  -1.0358669e-02
  -1.0788264e-02
  -1.0975197e-02
  -1.1778019e-02
  -1.1971733e-02
  -1.2242333e-02
  -1.2200817e-02
  -1.2445541e-02
  -1.2160801e-02
  -1.1804731e-02
  -1.0594985e-02
  -9.9986885e-03
  -7.1928492e-03
  -4.4631194e-03
   2.3250619e-04
   8.0463486e-03
   1.2267811e-02
   0.0000000e+00
   0.0000000e+00
   0.0000000e+00
   0.0000000e+00
   0.0000000e+00
   0.0000000e+00
   0.0000000e+00
   0.0000000e+00
   0.0000000e+00
   0.0000000e+00
   0.0000000e+00
   0.0000000e+00
   0.0000000e+00
   0.0000000e+00
   0.0000000e+00
   0.0000000e+00
   0.0000000e+00
   1.2160744e-03
   1.2160744e-03
   0.0000000e+00
   0.0000000e+00
   0.0000000e+00
   0.0000000e+00
   2.5487269e-03
   3.7555825e-03
   5.7094675e-03
   2.8781721e-03
   1.3992073e-03
  -3.2667769e-03
  -7.6074810e-03
  -1.3237632e-02
  -1.9326270e-02
  -2.2197612e-02
  -2.4545670e-02
  -2.4319207e-02
  -2.3249935e-02
  -2.2103194e-02
  -2.0732835e-02
  -1.9233651e-02
  -1.8036319e-02
  -1.6701888e-02
  -1.5293689e-02
  -1.3809649e-02
  -7.5815562e-03
  -6.3572498e-03
  -5.3434866e-03
  -4.6437909e-03
  -3.8009118e-03
  -3.4132805e-03
  -3.4151794e-03
  -3.5225777e-03
  -3.9543575e-03
  -4.9116490e-03
  -5.7177981e-03
  -6.1099096e-03
  -7.1086325e-03
  -7.3398049e-03
  -7.4630049e-03
  -8.6999321e-03
  -8.9072138e-03
  -8.9594238e-03
  -9.8127741e-03
  -9.8515525e-03
  -9.4668325e-03
  -9.0537816e-03
  -7.6563456e-03
  -6.0177376e-03
  -3.1886951e-03
   1.2211830e-03
   8.0446694e-03
   1.8868668e-02
   2.1812608e-02
   0.0000000e+00
   0.0000000e+00
   0.0000000e+00
   0.0000000e+00
   0.0000000e+00
   0.0000000e+00
   0.0000000e+00
   0.0000000e+00
   0.0000000e+00
   0.0000000e+00
   0.0000000e+00
   0.0000000e+00
   0.0000000e+00
   0.0000000e+00
   0.0000000e+00
   0.0000000e+00
  -3.7403365e-03
   5.3596408e-04
   3.9999250e-03
   0.0000000e+00
  -1.0561117e-03
   9.5766697e-04
   3.0066167e-03
   4.4163353e-03
   4.5859227e-03
   4.1727624e-03
   2.7940405e-04
  -2.0908252e-03
  -7.3152520e-03
  -1.2337057e-02
  -1.7330846e-02
  -2.1001250e-02
  -2.2693522e-02
  -2.3584722e-02
  -2.2069812e-02
  -2.0525498e-02
  -1.9208817e-02
  -1.7163977e-02
  -1.5499098e-02
  -1.4277450e-02
  -1.2706418e-02
  -1.1245660e-02
  -9.5960153e-03
  -3.4350553e-03
  -2.6385786e-03
  -2.1326758e-03
  -1.7204278e-03
  -1.1800645e-03
  -9.8361867e-04
  -1.0701010e-03
  -1.0774377e-03
  -1.3447568e-03
  -2.2945001e-03
  -2.8723076e-03
  -3.2619159e-03
  -4.0976582e-03
  -4.3137940e-03
  -4.5983125e-03
  -5.9442227e-03
  -6.2332246e-03
  -6.4346804e-03
  -7.5443722e-03
  -7.5523583e-03
  -6.9243927e-03
  -6.3148830e-03
  -4.6961792e-03
  -2.3896515e-03
   1.0637695e-03
   6.8744207e-03
   1.5806980e-02
   3.0418545e-02
   3.2133371e-02
   0.0000000e+00
   0.0000000e+00
   0.0000000e+00
   0.0000000e+00
   0.0000000e+00
   0.0000000e+00
   0.0000000e+00
   0.0000000e+00
   0.0000000e+00
   0.0000000e+00
   0.0000000e+00
   0.0000000e+00
   0.0000000e+00
   0.0000000e+00
   0.0000000e+00
   0.0000000e+00
  -3.7462426e-03
   1.1106773e-03
   4.8771719e-03
   2.3668921e-03
   9.5613545e-04
   2.2549247e-03
   3.9504408e-03
   5.4542813e-03
   4.2983517e-03
   1.3788564e-03
  -2.7154479e-03
  -5.9494101e-03
  -1.0560207e-02
  -1.4568334e-02
  -1.8025137e-02
  -1.9652802e-02
  -2.0065915e-02
  -1.9645296e-02
  -1.7377922e-02
  -1.5698968e-02
  -1.4310979e-02
  -1.2101074e-02
  -1.0474005e-02
  -9.2967525e-03
  -7.7529098e-03
  -6.3475212e-03
  -4.9052318e-03
   3.0055430e-04
   6.1802828e-04
   6.3877448e-04
   7.0424692e-04
   9.8008499e-04
   9.7616966e-04
   1.0324884e-03
   1.1519651e-03
   8.7372051e-04
   1.4424679e-04
  -3.3075167e-04
  -7.8085711e-04
  -1.3552986e-03
  -1.7445317e-03
  -2.3586580e-03
  -3.5028558e-03
  -3.9543877e-03
  -4.4885422e-03
  -5.3883581e-03
  -5.4034921e-03
  -4.6447553e-03
  -3.5357012e-03
  -1.8222167e-03
   7.7760563e-04
   5.4263012e-03
   1.2341071e-02
   2.3463169e-02
   4.2244185e-02
   4.3155774e-02
   0.0000000e+00
   0.0000000e+00
   0.0000000e+00
   0.0000000e+00
   0.0000000e+00
   0.0000000e+00
   0.0000000e+00
   0.0000000e+00
   0.0000000e+00
   0.0000000e+00
   0.0000000e+00
   0.0000000e+00
   0.0000000e+00
   0.0000000e+00
   0.0000000e+00
  -4.8444629e-03
  -3.1012828e-03
   2.3491434e-03
   5.3785187e-03
   2.4045892e-03
   2.4053284e-03
   3.8188212e-03
   4.7729514e-03
   5.3606834e-03
   2.4784172e-03
  -1.9717002e-03
  -5.6694369e-03
  -8.5505359e-03
  -1.1580921e-02
  -1.3859216e-02
  -1.5503360e-02
  -1.5687760e-02
  -1.4941310e-02
  -1.3536170e-02
  -1.1293862e-02
  -9.7360909e-03
  -8.3868317e-03
  -6.4403256e-03
  -5.0308625e-03
  -3.9710067e-03
  -2.6615923e-03
  -1.4720210e-03
  -4.7807553e-04
   3.5504908e-03
   3.4016162e-03
   3.0766165e-03
   2.9117082e-03
   3.1391401e-03
   3.2237877e-03
   3.5636135e-03
   3.7445068e-03
   3.4111017e-03
   2.7642062e-03
   2.3763528e-03
   1.9456224e-03
   1.3865404e-03
   7.1675606e-04
  -1.1274970e-04
  -1.1084619e-03
  -1.7280069e-03
  -2.5176878e-03
  -3.2449338e-03
  -2.9733785e-03
  -2.0422237e-03
  -5.7621006e-04
   1.3462576e-03
   4.3593468e-03
   1.0335248e-02
   1.8760909e-02
   3.2911892e-02
   5.6272300e-02
   5.6037736e-02
   0.0000000e+00
   0.0000000e+00
   0.0000000e+00
   0.0000000e+00
   0.0000000e+00
   0.0000000e+00
   0.0000000e+00
   0.0000000e+00
   0.0000000e+00
   0.0000000e+00
   0.0000000e+00
   0.0000000e+00
   0.0000000e+00
   0.0000000e+00
   0.0000000e+00
  -4.8444627e-03
   6.0145035e-04
   3.2700851e-03
   4.3307488e-03
   2.6203156e-03
   2.5960279e-03
   2.3213834e-03
   1.8791066e-03
   6.8990052e-04
  -1.8648906e-03
  -4.4677223e-03
  -5.9612784e-03
  -6.8281912e-03
  -7.5503655e-03
  -8.0437954e-03
  -8.0550506e-03
  -7.1413165e-03
  -5.9195960e-03
  -4.4862356e-03
  -3.1289798e-03
  -2.1588643e-03
  -1.1359532e-03
   1.3726547e-04
   9.6705103e-04
   1.7223357e-03
   2.5406897e-03
   3.1762691e-03
   3.4734083e-03
   6.1281212e-03
   5.7524508e-03
   5.3941319e-03
   5.3450800e-03
   5.5647762e-03
   5.7237325e-03
   6.0442793e-03
   6.0416507e-03
   5.5524381e-03
   4.8603062e-03
   4.5527415e-03
   4.1540763e-03
   3.2709567e-03
   2.3273737e-03
   1.3838217e-03
   3.5708502e-04
  -4.0746611e-04
  -1.2575667e-03
  -1.5841307e-03
  -9.8452973e-04
   5.8752681e-05
   1.8123884e-03
   4.2196107e-03
   7.9171993e-03
   1.5130020e-02
   2.5309112e-02
   4.2608473e-02
   6.8426102e-02
   6.7311883e-02
   0.0000000e+00
   0.0000000e+00
   0.0000000e+00
   0.0000000e+00
   0.0000000e+00
   0.0000000e+00
   0.0000000e+00
   0.0000000e+00
   0.0000000e+00
   0.0000000e+00
   0.0000000e+00
   0.0000000e+00
   0.0000000e+00
   0.0000000e+00
   0.0000000e+00
   8.6203512e-04
   2.4692018e-03
   3.7395791e-03
   3.9609415e-03
   2.4685906e-03
   2.0279209e-03
   1.5046508e-03
   9.0257940e-04
   3.5140652e-04
  -3.7629262e-04
  -7.6893508e-04
  -4.9373927e-04
   1.9277912e-05
   4.5705709e-04
   6.9283694e-04
   1.0254143e-03
   1.5131962e-03
   2.1190024e-03
   2.7584017e-03
   3.0902419e-03
   3.4692734e-03
   4.1695829e-03
   4.8014461e-03
   5.1605599e-03
   5.5566030e-03
   6.1186594e-03
   6.4712139e-03
   6.4463615e-03
   8.1031732e-03
   7.6280851e-03
   7.3179621e-03
   7.2757592e-03
   7.3733660e-03
   7.4184434e-03
   7.5311232e-03
   7.3287850e-03
   6.6979607e-03
   5.9921714e-03
   5.6730271e-03
   5.1272525e-03
   3.9646854e-03
   2.8688558e-03
   1.8647704e-03
   8.4662111e-04
   9.9004086e-05
  -5.5490492e-04
  -5.2168529e-04
   2.3352307e-04
   1.4223289e-03
   3.5870869e-03
   6.5230676e-03
   1.0849620e-02
   1.9165911e-02
   3.0736936e-02
   4.9801301e-02
   7.5076617e-02
   7.1491867e-02
   0.0000000e+00
   0.0000000e+00
   0.0000000e+00
   0.0000000e+00
   0.0000000e+00
   0.0000000e+00
   0.0000000e+00
   0.0000000e+00
   0.0000000e+00
   0.0000000e+00
   0.0000000e+00
   0.0000000e+00
   0.0000000e+00
   0.0000000e+00
   0.0000000e+00
   1.9265236e-03
   3.9849542e-03
   3.4472914e-03
   3.2095211e-03
   2.2141011e-03
   2.1946717e-03
   2.2602908e-03
   2.3848726e-03
   2.6114529e-03
   2.8900472e-03
   3.6006477e-03
   4.5355605e-03
   5.3842226e-03
   5.9830858e-03
   6.2467065e-03
   6.3438164e-03
   6.2849098e-03
   6.5094260e-03
   6.7221522e-03
   6.6038892e-03
   6.7305113e-03
   7.2787539e-03
   7.5766053e-03
   7.7135600e-03
   8.0230534e-03
   8.5436758e-03
   8.7530911e-03
   8.6217374e-03
   9.9240865e-03
   9.3759110e-03
   9.1054559e-03
   9.0059627e-03
   8.9265423e-03
   8.7899546e-03
   8.6249643e-03
   8.2069952e-03
   7.4530677e-03
   6.7173737e-03
   6.3201126e-03
   5.5820418e-03
   4.1837156e-03
   2.9912173e-03
   1.9703051e-03
   1.0134748e-03
   3.6497861e-04
  -1.3038689e-05
   3.6561971e-04
   1.2637364e-03
   2.6502858e-03
   5.3056090e-03
   8.8061419e-03
   1.3787063e-02
   2.3208288e-02
   3.6024853e-02
   5.6242951e-02
   7.9640066e-02
   7.2986847e-02
   0.0000000e+00
   0.0000000e+00
   0.0000000e+00
   0.0000000e+00
   0.0000000e+00
   0.0000000e+00
   0.0000000e+00
   0.0000000e+00
   0.0000000e+00
   0.0000000e+00
   0.0000000e+00
   0.0000000e+00
   0.0000000e+00
   0.0000000e+00
   0.0000000e+00
   0.0000000e+00
   4.7347861e-03
   2.8488090e-03
   2.5053482e-03
   2.2242155e-03
   2.8227073e-03
   3.5932586e-03
   4.5742848e-03
   5.5353747e-03
   6.5379251e-03
   7.9859663e-03
   9.2559297e-03
   1.0143666e-02
   1.0620718e-02
   1.0706928e-02
   1.0442199e-02
   9.8884904e-03
   9.8168987e-03
   9.7318802e-03
   9.3582569e-03
   9.3382288e-03
   9.7692625e-03
   9.8435671e-03
   9.8607929e-03
   1.0170946e-02
   1.0693034e-02
   1.0798780e-02
   1.0601338e-02
   1.2254523e-02
   1.1592383e-02
   1.1216760e-02
   1.0813892e-02
   1.0332285e-02
   9.8110445e-03
   9.1224558e-03
   8.3467099e-03
   7.5174847e-03
   6.6056957e-03
   5.8406321e-03
   4.8228838e-03
   3.3050274e-03
   2.1446486e-03
   1.2837602e-03
   6.6179914e-04
   4.0662128e-04
   5.1673884e-04
   1.3262430e-03
   2.5702921e-03
   4.4785558e-03
   8.0833040e-03
   1.2484207e-02
   1.8557206e-02
   2.9634814e-02
   4.3740329e-02
   6.3787460e-02
   8.0924856e-02
   6.8835709e-02
   0.0000000e+00
   0.0000000e+00
   0.0000000e+00
   0.0000000e+00
   0.0000000e+00
   0.0000000e+00
   0.0000000e+00
   0.0000000e+00
   0.0000000e+00
   0.0000000e+00
   0.0000000e+00
   0.0000000e+00
   0.0000000e+00
   0.0000000e+00
   0.0000000e+00
   0.0000000e+00
   1.7565150e-03
   1.2893424e-03
   2.3502985e-03
   3.9098478e-03
   5.3572838e-03
   6.6247807e-03
   8.3190272e-03
   9.8206574e-03
   1.1240425e-02
   1.3020070e-02
   1.4327671e-02
   1.4936080e-02
   1.4938624e-02
   1.4531023e-02
   1.3822363e-02
   1.3071974e-02
   1.2788466e-02
   1.2566642e-02
   1.2217712e-02
   1.2165578e-02
   1.2415987e-02
   1.2424848e-02
   1.2546462e-02
   1.3000676e-02
   1.3487740e-02
   1.3498432e-02
   1.3160808e-02
   1.3387589e-02
   1.2543350e-02
   1.1884159e-02
   1.0979007e-02
   1.0037022e-02
   9.0963542e-03
   7.9084206e-03
   6.9227587e-03
   5.9797121e-03
   4.9017821e-03
   4.0465957e-03
   3.0641137e-03
   1.7900259e-03
   9.6202944e-04
   4.1148200e-04
   1.0563809e-04
   2.0187092e-04
   6.9846568e-04
   2.0187013e-03
   3.7934715e-03
   6.3700001e-03
   1.0904945e-02
   1.6177231e-02
   2.3229409e-02
   3.5309188e-02
   4.9550787e-02
   6.7614086e-02
   7.7846013e-02
   6.3216805e-02
   0.0000000e+00
   0.0000000e+00
   0.0000000e+00
   0.0000000e+00
   0.0000000e+00
   0.0000000e+00
   0.0000000e+00
   0.0000000e+00
   0.0000000e+00
   0.0000000e+00
   0.0000000e+00
   0.0000000e+00
   0.0000000e+00
   0.0000000e+00
   0.0000000e+00
   5.4972847e-03
   1.5698659e-03
   1.6360119e-03
   3.2160371e-03
   5.2867727e-03
   6.9384151e-03
   8.6114155e-03
   1.0841234e-02
   1.2652922e-02
   1.4270167e-02
   1.6258776e-02
   1.7558940e-02
   1.7943623e-02
   1.7454706e-02
   1.6591968e-02
   1.5725130e-02
   1.4838682e-02
   1.4433663e-02
   1.4249066e-02
   1.3971979e-02
   1.3898255e-02
   1.4101902e-02
   1.4373519e-02
   1.4636908e-02
   1.5017810e-02
   1.5349547e-02
   1.5107607e-02
   1.4483130e-02
   1.3636254e-02
   1.2530585e-02
   1.1528172e-02
   1.0150201e-02
   8.8482555e-03
   7.6104691e-03
   6.1996132e-03
   5.1688207e-03
   4.2422167e-03
   3.1853043e-03
   2.3717240e-03
   1.5027463e-03
   4.9700704e-04
  -6.8356356e-05
  -4.0131228e-04
  -4.2766536e-04
  -1.8752071e-05
   8.3052984e-04
   2.6379856e-03
   4.9078967e-03
   8.0533922e-03
   1.3318599e-02
   1.9228969e-02
   2.6911946e-02
   3.9523471e-02
   5.3459328e-02
   6.9327131e-02
   7.3754020e-02
   5.7034507e-02
   0.0000000e+00
   0.0000000e+00
   0.0000000e+00
   0.0000000e+00
   0.0000000e+00
   0.0000000e+00
   0.0000000e+00
   0.0000000e+00
   0.0000000e+00
   0.0000000e+00
   0.0000000e+00
   6.1600736e-03
   8.2575075e-03
   9.2764031e-03
   8.5085288e-03
   6.0943091e-03
   1.3245376e-03
   1.8241365e-03
   3.7496754e-03
   6.1870907e-03
   8.1390748e-03
   1.0219029e-02
   1.2856126e-02
   1.4862165e-02
   1.6635682e-02
   1.8776590e-02
   2.0037288e-02
   2.0232003e-02
   1.9325320e-02
   1.8113254e-02
   1.7081818e-02
   1.6044114e-02
   1.5593865e-02
   1.5442893e-02
   1.5245868e-02
   1.5175271e-02
   1.5388938e-02
   1.5806250e-02
   1.6063318e-02
   1.6293818e-02
   1.6388865e-02
   1.5863165e-02
   1.4968985e-02
   1.3101108e-02
   1.1502253e-02
   9.8988972e-03
   7.8098934e-03
   6.0482282e-03
   4.4722238e-03
   3.0008065e-03
   2.0716096e-03
   1.3070934e-03
   4.7897334e-04
  -1.3150535e-04
  -7.4053473e-04
  -1.2995146e-03
  -1.5257772e-03
  -1.6143669e-03
  -1.2405139e-03
  -3.8152059e-04
   9.8578130e-04
   3.5330965e-03
   6.5426636e-03
   1.0476989e-02
   1.6678813e-02
   2.3346257e-02
   3.1654468e-02
   4.4608156e-02
   5.7602039e-02
   6.9803582e-02
   6.6273588e-02
   4.6744926e-02
   0.0000000e+00
   0.0000000e+00
   0.0000000e+00
   0.0000000e+00
   0.0000000e+00
   0.0000000e+00
   0.0000000e+00
   0.0000000e+00
   0.0000000e+00
   0.0000000e+00
   0.0000000e+00
   6.1600738e-03
   8.2575079e-03
   9.2764032e-03
   8.5085290e-03
   7.2653448e-03
   8.7821956e-04
   1.9534300e-03
   4.2395021e-03
   7.1010574e-03
   9.6248628e-03
   1.2344855e-02
   1.5486754e-02
   1.7676672e-02
   1.9652279e-02
   2.1972856e-02
   2.3138117e-02
   2.3070092e-02
   2.1585018e-02
   1.9935556e-02
   1.8639145e-02
   1.7348224e-02
   1.6906813e-02
   1.6804836e-02
   1.6742031e-02
   1.6702195e-02
   1.6990990e-02
   1.7514429e-02
   1.7606635e-02
   1.7520497e-02
   1.7159043e-02
   1.6155549e-02
   1.4856145e-02
   9.1073345e-03
   7.0503290e-03
   5.1265676e-03
   2.9222327e-03
   1.2851368e-03
   5.0444665e-05
  -8.4057648e-04
  -1.3349565e-03
  -1.7701897e-03
  -2.2411244e-03
  -2.6017813e-03
  -2.9284356e-03
  -3.1305715e-03
  -3.0744175e-03
  -2.7363966e-03
  -1.6166213e-03
  -2.1885932e-05
   2.1364051e-03
   5.6514568e-03
   9.4748640e-03
   1.4132099e-02
   2.1004856e-02
   2.7999757e-02
   3.6476955e-02
   4.8993073e-02
   5.9922699e-02
   6.8709031e-02
   5.3108197e-02
   2.9997550e-02
   0.0000000e+00
   0.0000000e+00
   0.0000000e+00
   0.0000000e+00
   0.0000000e+00
   0.0000000e+00
   0.0000000e+00
   0.0000000e+00
   0.0000000e+00
   0.0000000e+00
   0.0000000e+00
   1.0175211e-02
   1.0156132e-02
   7.3637567e-03
   3.0258793e-03
   6.5383606e-04
  -8.4495707e-04
   2.1941373e-03
   5.1643522e-03
   8.8003129e-03
   1.2010706e-02
   1.5179314e-02
   1.8433971e-02
   2.0768185e-02
   2.3013407e-02
   2.5280608e-02
   2.6187778e-02
   2.5787506e-02
   2.3754802e-02
   2.1695576e-02
   1.9993121e-02
   1.8475505e-02
   1.8006244e-02
   1.8044420e-02
   1.8162094e-02
   1.8092015e-02
   1.8211404e-02
   1.8241214e-02
   1.7793128e-02
   1.7000219e-02
   1.5573769e-02
   1.3731962e-02
   1.1692129e-02
   6.0339145e-03
   4.0293525e-03
   2.1976811e-03
   2.4688208e-04
  -1.0803841e-03
  -1.9752638e-03
  -2.4825727e-03
  -2.7362184e-03
  -2.9924870e-03
  -3.2833106e-03
  -3.5007035e-03
  -3.6591019e-03
  -3.6079921e-03
  -3.2732971e-03
  -2.5633652e-03
  -9.1880938e-04
   1.1301460e-03
   3.7333788e-03
   7.7630398e-03
   1.1984370e-02
   1.6974838e-02
   2.4113975e-02
   3.1163642e-02
   3.9427611e-02
   5.0933480e-02
   6.0424972e-02
   6.6341516e-02
   4.9228523e-02
   2.6138466e-02
   0.0000000e+00
   0.0000000e+00
   0.0000000e+00
   0.0000000e+00
   0.0000000e+00
   0.0000000e+00
   0.0000000e+00
   0.0000000e+00
  -3.1491086e-03
  -3.1491086e-03
   1.5433501e-02
   1.2759950e-02
   1.0151541e-02
   4.0789012e-03
  -1.1041552e-03
  -2.3554523e-03
  -8.7012752e-04
   3.0603606e-03
   6.4035020e-03
   1.0374088e-02
   1.3771405e-02
   1.6981690e-02
   2.0174762e-02
   2.2545617e-02
   2.4824516e-02
   2.6959663e-02
   2.7703099e-02
   2.7096163e-02
   2.4769779e-02
   2.2514807e-02
   2.0620077e-02
   1.8965884e-02
   1.8458720e-02
   1.8529068e-02
   1.8669239e-02
   1.8437778e-02
   1.8199298e-02
   1.7642320e-02
   1.6680147e-02
   1.5305514e-02
   1.3197403e-02
   1.0985836e-02
   8.7175747e-03
   1.5703326e-03
  -1.0665883e-04
  -1.5943654e-03
  -2.9644767e-03
  -3.7089532e-03
  -4.0624236e-03
  -4.0515252e-03
  -4.0138240e-03
  -4.0563839e-03
  -4.1444523e-03
  -4.1841889e-03
  -4.1286721e-03
  -3.7230297e-03
  -2.9458109e-03
  -1.6686756e-03
   7.0746098e-04
   3.3465834e-03
   6.4943559e-03
   1.1128551e-02
   1.5786030e-02
   2.1121989e-02
   2.8492844e-02
   3.5499611e-02
   4.3240829e-02
   5.2861410e-02
   6.0357637e-02
   6.1956388e-02
   4.6890163e-02
   0.0000000e+00
   0.0000000e+00
   0.0000000e+00
   0.0000000e+00
   0.0000000e+00
   0.0000000e+00
   0.0000000e+00
   0.0000000e+00
   0.0000000e+00
  -3.1491083e-03
  -3.1491083e-03
   1.5433501e-02
   1.4480107e-02
   9.2350638e-03
  -1.8171437e-03
  -7.0469398e-03
  -5.4356121e-03
  -9.9156726e-05
   4.7411090e-03
   8.5305390e-03
   1.2824895e-02
   1.6281738e-02
   1.9364127e-02
   2.2375653e-02
   2.4753542e-02
   2.6973467e-02
   2.8860355e-02
   2.9387636e-02
   2.8511002e-02
   2.5837400e-02
   2.3372371e-02
   2.1273013e-02
   1.9443985e-02
   1.8871536e-02
   1.8941636e-02
   1.9042233e-02
   1.8490652e-02
   1.7591208e-02
   1.6053594e-02
   1.4283779e-02
   1.2040824e-02
   9.0283336e-03
   6.4506790e-03
   4.0625759e-03
  -2.5187382e-03
  -3.3746591e-03
  -4.0457868e-03
  -4.4373572e-03
  -4.3963664e-03
  -4.0691490e-03
  -3.4367014e-03
  -2.9418642e-03
  -2.5351471e-03
  -2.1113725e-03
  -1.7377986e-03
  -1.2368204e-03
  -1.8701862e-04
   1.1651715e-03
   2.9932975e-03
   5.9020459e-03
   8.8860484e-03
   1.2333923e-02
   1.7174542e-02
   2.1761728e-02
   2.6755845e-02
   3.3219259e-02
   3.8891072e-02
   4.4543318e-02
   5.0831877e-02
   5.5722126e-02
   5.3848904e-02
   4.6890165e-02
   0.0000000e+00
   0.0000000e+00
   0.0000000e+00
   0.0000000e+00
   0.0000000e+00
   0.0000000e+00
   0.0000000e+00
   0.0000000e+00
   0.0000000e+00
   6.7860951e-03
   1.0442805e-02
   1.8143469e-02
   1.5811169e-02
   6.7130518e-03
  -8.3707329e-03
  -1.0993830e-02
  -5.0859093e-03
   3.1592180e-03
   8.3553213e-03
   1.2094662e-02
   1.5956724e-02
   1.8922513e-02
   2.1436105e-02
   2.3885010e-02
   2.5895712e-02
   2.7735200e-02
   2.9256059e-02
   2.9363562e-02
   2.8142460e-02
   2.5373273e-02
   2.3068800e-02
   2.0993168e-02
   1.9000370e-02
   1.8074976e-02
   1.7648995e-02
   1.6872780e-02
   1.5234854e-02
   1.3162995e-02
   1.0494898e-02
   7.9997265e-03
   5.3135478e-03
   2.3691945e-03
   4.2047102e-04
  -1.1122690e-03
  -4.6982122e-03
  -5.1651462e-03
  -5.4173407e-03
  -5.2549004e-03
  -4.7401874e-03
  -3.9702323e-03
  -2.8531138e-03
  -1.9618741e-03
  -1.1713401e-03
  -3.1725936e-04
   3.9559515e-04
   1.2356287e-03
   2.6730780e-03
   4.3045999e-03
   6.3541016e-03
   9.4373681e-03
   1.2503464e-02
   1.5977172e-02
   2.0718650e-02
   2.5056388e-02
   2.9593088e-02
   3.5129066e-02
   3.9704993e-02
   4.4015637e-02
   4.8435086e-02
   5.0800335e-02
   5.0794496e-02
   0.0000000e+00
   0.0000000e+00
   0.0000000e+00
   0.0000000e+00
   0.0000000e+00
   0.0000000e+00
   0.0000000e+00
   0.0000000e+00
   0.0000000e+00
   0.0000000e+00
   9.0042610e-03
   1.3565376e-02
   2.0408453e-02
   1.6108347e-02
   6.1499789e-03
  -1.0500508e-02
  -1.2048436e-02
  -4.1245706e-03
   5.0683374e-03
   1.0191772e-02
   1.3695940e-02
   1.7174346e-02
   1.9810366e-02
   2.1962033e-02
   2.4037822e-02
   2.5771923e-02
   2.7337896e-02
   2.8517673e-02
   2.8290642e-02
   2.6839983e-02
   2.4108249e-02
   2.1924237e-02
   1.9796222e-02
   1.7694462e-02
   1.6682032e-02
   1.5941156e-02
   1.4418002e-02
   1.2144237e-02
   9.6113428e-03
   6.6066158e-03
   3.9761672e-03
   1.3429236e-03
  -1.2502330e-03
  -2.7478593e-03
  -3.8115655e-03
  -7.7717079e-03
  -7.7395358e-03
  -7.4175256e-03
  -6.4408372e-03
  -5.2021020e-03
  -3.7265516e-03
  -1.7700326e-03
  -1.6451520e-04
   1.3140102e-03
   2.9350019e-03
   4.2472585e-03
   5.6687286e-03
   7.6978815e-03
   9.6957397e-03
   1.1983933e-02
   1.5202140e-02
   1.8280590e-02
   2.1654407e-02
   2.6043466e-02
   2.9813944e-02
   3.3425840e-02
   3.7202862e-02
   3.9842654e-02
   4.2029448e-02
   4.3718394e-02
   4.1368123e-02
   3.8716274e-02
   0.0000000e+00
   0.0000000e+00
   0.0000000e+00
   0.0000000e+00
   0.0000000e+00
   0.0000000e+00
   0.0000000e+00
   0.0000000e+00
   0.0000000e+00
   0.0000000e+00
   0.0000000e+00
   2.1214089e-02
   2.7247617e-02
   0.0000000e+00
   0.0000000e+00
  -1.2118147e-02
  -1.2469255e-02
  -1.9811632e-03
   7.9358302e-03
   1.2690128e-02
   1.5650746e-02
   1.8432350e-02
   2.0534162e-02
   2.2115719e-02
   2.3590905e-02
   2.4852698e-02
   2.5961071e-02
   2.6511459e-02
   2.5700020e-02
   2.3878949e-02
   2.1289889e-02
   1.9311194e-02
   1.7043226e-02
   1.4765767e-02
   1.3733341e-02
   1.2497101e-02
   9.6363936e-03
   6.4082077e-03
   3.3917360e-03
   1.8259698e-04
  -2.3831426e-03
  -4.6477893e-03
  -6.4256149e-03
  -7.1693160e-03
  -7.5582498e-03
  -1.3428783e-02
  -1.3200304e-02
  -1.2504172e-02
  -1.0867938e-02
  -8.9781675e-03
  -6.8138614e-03
  -4.0026871e-03
  -1.6232904e-03
   7.2381087e-04
   3.5124668e-03
   5.8500655e-03
   8.2347412e-03
   1.1173990e-02
   1.3661429e-02
   1.6205961e-02
   1.9495873e-02
   2.2443581e-02
   2.5511080e-02
   2.9227024e-02
   3.2144528e-02
   3.4697704e-02
   3.6926717e-02
   3.7839338e-02
   3.8131293e-02
   3.7376545e-02
   3.3243500e-02
   3.1074032e-02
   0.0000000e+00
   0.0000000e+00
   0.0000000e+00
   0.0000000e+00
   0.0000000e+00
   0.0000000e+00
   0.0000000e+00
   0.0000000e+00
   0.0000000e+00
   0.0000000e+00
   0.0000000e+00
   2.1214089e-02
   2.7247617e-02
   0.0000000e+00
   0.0000000e+00
  -1.1604616e-02
  -1.2214170e-02
  -3.7325465e-04
   8.9217033e-03
   1.3109302e-02
   1.5603371e-02
   1.7836865e-02
   1.9391764e-02
   2.0405782e-02
   2.1304782e-02
   2.2108950e-02
   2.2758920e-02
   2.2676315e-02
   2.1373911e-02
   1.9189818e-02
   1.6652079e-02
   1.4683947e-02
   1.1898783e-02
   8.8350689e-03
   7.8426190e-03
   6.5964228e-03
   2.9212825e-03
  -7.2627427e-04
  -3.8471292e-03
  -7.0047174e-03
  -9.2951767e-03
  -1.1138857e-02
  -1.2518216e-02
  -1.3099303e-02
  -1.3360219e-02
  -1.7036881e-02
  -1.6765093e-02
  -1.5942898e-02
  -1.4067985e-02
  -1.1935264e-02
  -9.5072025e-03
  -6.3529448e-03
  -3.6447449e-03
  -9.0926839e-04
   2.4307345e-03
   5.2765001e-03
   8.1598731e-03
   1.1596993e-02
   1.4377772e-02
   1.7092731e-02
   2.0409115e-02
   2.3239288e-02
   2.6098223e-02
   2.9458629e-02
   3.1985480e-02
   3.4082688e-02
   3.5696976e-02
   3.5974688e-02
   3.5461165e-02
   3.3524673e-02
   2.9426802e-02
   2.7749109e-02
   0.0000000e+00
   0.0000000e+00
   0.0000000e+00
   0.0000000e+00
   0.0000000e+00
   0.0000000e+00
   0.0000000e+00
   0.0000000e+00
   0.0000000e+00
   0.0000000e+00
   0.0000000e+00
   0.0000000e+00
   0.0000000e+00
   0.0000000e+00
   0.0000000e+00
  -1.1820754e-02
  -1.2386844e-02
  -1.3113246e-04
   8.7845288e-03
   1.2690528e-02
   1.4991653e-02
   1.6980397e-02
   1.8247265e-02
   1.8963268e-02
   1.9566096e-02
   2.0142037e-02
   2.0575432e-02
   2.0257633e-02
   1.8813828e-02
   1.6502267e-02
   1.4154174e-02
   1.2335353e-02
   9.3583483e-03
   5.6128148e-03
   4.3473374e-03
   3.1204035e-03
  -9.4421883e-04
  -4.7045396e-03
  -7.8352382e-03
  -1.0934484e-02
  -1.3093081e-02
  -1.4778238e-02
  -1.6064007e-02
  -1.6658984e-02
  -1.6950199e-02
  -2.4026189e-02
  -2.3841630e-02
  -2.3010400e-02
  -2.1053377e-02
  -1.8810016e-02
  -1.6237792e-02
  -1.2841047e-02
  -9.8402170e-03
  -6.6984311e-03
  -2.6944856e-03
   8.3101965e-04
   4.4388067e-03
   8.6677927e-03
   1.1977285e-02
   1.5036876e-02
   1.8364282e-02
   2.0895433e-02
   2.3322792e-02
   2.6148623e-02
   2.8239209e-02
   2.9911332e-02
   3.1113315e-02
   3.1136298e-02
   2.9904615e-02
   2.6466343e-02
   2.4885940e-02
   2.4545545e-02
   0.0000000e+00
   0.0000000e+00
   0.0000000e+00
   0.0000000e+00
   0.0000000e+00
   0.0000000e+00
   0.0000000e+00
   0.0000000e+00
   0.0000000e+00
   0.0000000e+00
   0.0000000e+00
   0.0000000e+00
   0.0000000e+00
   0.0000000e+00
   0.0000000e+00
  -1.8039296e-02
  -1.3422063e-02
  -1.2989933e-03
   6.9183602e-03
   1.0445684e-02
   1.2591668e-02
   1.4325332e-02
   1.5161286e-02
   1.5433653e-02
   1.5611749e-02
   1.5878601e-02
   1.6050843e-02
   1.5629567e-02
   1.4270682e-02
   1.1929662e-02
   1.0276795e-02
   9.0451051e-03
   5.9848787e-03
   5.4176363e-04
  -1.8763479e-03
  -3.0124536e-03
  -7.5599909e-03
  -1.1215489e-02
  -1.4246712e-02
  -1.7179743e-02
  -1.9174245e-02
  -2.0782091e-02
  -2.2222022e-02
  -2.3089649e-02
  -2.3673461e-02
  -2.2153407e-02
  -2.2320287e-02
  -2.1943050e-02
  -2.0670246e-02
  -1.9035686e-02
  -1.7043777e-02
  -1.4277006e-02
  -1.1733141e-02
  -8.9666983e-03
  -5.2889292e-03
  -1.9672979e-03
   1.4448863e-03
   5.4355171e-03
   8.5299071e-03
   1.1340246e-02
   1.4302074e-02
   1.6485605e-02
   1.8510345e-02
   2.0850027e-02
   2.2634372e-02
   2.4100844e-02
   2.5175853e-02
   2.5301591e-02
   2.4497848e-02
   2.1584801e-02
   2.0013720e-02
   2.0091463e-02
   0.0000000e+00
   0.0000000e+00
   0.0000000e+00
   0.0000000e+00
   0.0000000e+00
   0.0000000e+00
   0.0000000e+00
   0.0000000e+00
   0.0000000e+00
   0.0000000e+00
   0.0000000e+00
   0.0000000e+00
   0.0000000e+00
   0.0000000e+00
   0.0000000e+00
  -2.0441670e-02
  -1.5782926e-02
  -4.2424691e-03
   3.1988267e-03
   6.5746522e-03
   8.8962540e-03
   1.0881466e-02
   1.1765521e-02
   1.1952873e-02
   1.1990189e-02
   1.2249695e-02
   1.2487927e-02
   1.2509613e-02
   1.1193058e-02
   9.1339238e-03
   8.4864702e-03
   8.0939075e-03
   6.0032029e-03
  -3.3534598e-05
  -3.8845805e-03
  -4.7410075e-03
  -8.4807063e-03
  -1.1204449e-02
  -1.3442675e-02
  -1.5601246e-02
  -1.7102595e-02
  -1.8399075e-02
  -1.9732695e-02
  -2.0686805e-02
  -2.1476258e-02
  -2.0135077e-02
  -2.0508876e-02
  -2.0416690e-02
  -1.9596236e-02
  -1.8376816e-02
  -1.6789027e-02
  -1.4473904e-02
  -1.2270065e-02
  -9.8015303e-03
  -6.4212577e-03
  -3.3182751e-03
  -1.2421916e-04
   3.6022249e-03
   6.4727059e-03
   9.0517122e-03
   1.1717261e-02
   1.3640895e-02
   1.5383562e-02
   1.7392173e-02
   1.8964266e-02
   2.0291442e-02
   2.1303140e-02
   2.1523956e-02
   2.1010213e-02
   1.8483378e-02
   1.6788233e-02
   1.6945060e-02
   0.0000000e+00
   0.0000000e+00
   0.0000000e+00
   0.0000000e+00
   0.0000000e+00
   0.0000000e+00
   0.0000000e+00
   0.0000000e+00
   0.0000000e+00
   0.0000000e+00
   0.0000000e+00
   0.0000000e+00
   0.0000000e+00
   0.0000000e+00
   0.0000000e+00
  -2.1966461e-02
  -1.7331025e-02
  -6.2987423e-03
   5.9541682e-04
   3.8621156e-03
   6.3100490e-03
   8.5189613e-03
   9.4976425e-03
   9.6647907e-03
   9.6275527e-03
   9.9102752e-03
   1.0222022e-02
   1.0506518e-02
   9.0941153e-03
   7.2854660e-03
   7.4383984e-03
   7.6741902e-03
   6.0854339e-03
  -3.6051418e-04
  -4.7318909e-03
  -5.3102565e-03
  -8.4764920e-03
  -1.0557619e-02
  -1.2254375e-02
  -1.3891019e-02
  -1.5065569e-02
  -1.6151585e-02
  -1.7394835e-02
  -1.8381255e-02
  -1.9277999e-02
  -7.5195551e-03
  -7.9881792e-03
  -8.2533261e-03
  -8.2721185e-03
  -7.9668410e-03
  -7.3615748e-03
  -6.2841900e-03
  -5.1423641e-03
  -3.7923683e-03
  -1.8947732e-03
  -1.5098578e-04
   1.6285835e-03
   3.6527633e-03
   5.1788844e-03
   6.5720237e-03
   8.0672187e-03
   9.1666142e-03
   1.0205129e-02
   1.1489563e-02
   1.2556584e-02
   1.3587288e-02
   1.4716201e-02
   1.5421984e-02
   1.5526874e-02
   1.4159786e-02
   1.0753811e-02
   8.8134795e-03
   0.0000000e+00
   0.0000000e+00
   0.0000000e+00
   0.0000000e+00
   0.0000000e+00
   0.0000000e+00
   0.0000000e+00
   0.0000000e+00
   0.0000000e+00
   0.0000000e+00
   0.0000000e+00
   0.0000000e+00
   0.0000000e+00
   0.0000000e+00
   0.0000000e+00
  -2.4074099e-02
  -2.0058926e-02
  -1.1368002e-02
  -5.8763999e-03
  -2.9141493e-03
  -1.1550918e-04
   3.1610613e-03
   5.0296013e-03
   5.5686049e-03
   5.6035747e-03
   6.2485763e-03
   7.0365519e-03
   7.4670796e-03
   4.4688931e-03
   3.8540900e-03
   7.0348728e-03
   9.2732502e-03
   9.8845415e-03
   0.0000000e+00
   3.0471300e-03
   1.5440642e-04
  -1.5000025e-03
  -2.0861818e-03
  -2.5826394e-03
  -3.1381353e-03
  -3.6976123e-03
  -4.3405916e-03
  -5.1878356e-03
  -5.9514870e-03
  -6.7214333e-03
  -3.5806681e-04
  -6.9911976e-04
  -9.2546473e-04
  -1.0284928e-03
  -9.0735045e-04
  -5.7312037e-04
   8.1489619e-05
   7.9097762e-04
   1.6329132e-03
   2.8318721e-03
   3.9296085e-03
   5.0319228e-03
   6.2470688e-03
   7.1341582e-03
   7.9577519e-03
   8.9028291e-03
   9.6614454e-03
   1.0445657e-02
   1.1543776e-02
   1.2577247e-02
   1.3600475e-02
   1.4644475e-02
   1.5067752e-02
   1.4610807e-02
   1.2380205e-02
   7.9477699e-03
   5.6570955e-03
   0.0000000e+00
   0.0000000e+00
   0.0000000e+00
   0.0000000e+00
   0.0000000e+00
   0.0000000e+00
   0.0000000e+00
   0.0000000e+00
   0.0000000e+00
   0.0000000e+00
   0.0000000e+00
   0.0000000e+00
   0.0000000e+00
   0.0000000e+00
   0.0000000e+00
  -2.4699297e-02
  -2.1193108e-02
  -1.3869591e-02
  -9.1636907e-03
  -6.4706677e-03
  -3.6322467e-03
   2.1981567e-04
   2.7642690e-03
   3.8693999e-03
   4.1729487e-03
   5.1885988e-03
   6.8769325e-03
   6.9169933e-03
   5.5513183e-03
   3.8540906e-03
   1.1039668e-02
   9.2732497e-03
   0.0000000e+00
   0.0000000e+00
   3.4481306e-03
   3.2778997e-03
   2.6356254e-03
   2.6451622e-03
   2.6982813e-03
   2.6113824e-03
   2.3231881e-03
   1.9073169e-03
   1.3276418e-03
   7.7657029e-04
   2.1552324e-04
   6.8034222e-03
   6.5899392e-03
   6.4023970e-03
   6.2151323e-03
   6.1521402e-03
   6.2153352e-03
   6.4471692e-03
   6.7243189e-03
   7.0581945e-03
   7.5585176e-03
   8.0102023e-03
   8.4352622e-03
   8.8413732e-03
   9.0894314e-03
   9.3434783e-03
   9.7384372e-03
   1.0156275e-02
   1.0686186e-02
   1.1597987e-02
   1.2597909e-02
   1.3613662e-02
   1.4572744e-02
   1.4713517e-02
   1.3694736e-02
   1.0600622e-02
   5.1417282e-03
   2.5007118e-03
   0.0000000e+00
   0.0000000e+00
   0.0000000e+00
   0.0000000e+00
   0.0000000e+00
   0.0000000e+00
   0.0000000e+00
   0.0000000e+00
   0.0000000e+00
   0.0000000e+00
   0.0000000e+00
   0.0000000e+00
   0.0000000e+00
   0.0000000e+00
   0.0000000e+00
  -2.5324493e-02
  -2.2327289e-02
  -1.6371180e-02
  -1.2450980e-02
  -1.0027185e-02
  -7.1489832e-03
  -2.7214301e-03
   4.9893668e-04
   2.1701938e-03
   2.7423221e-03
   4.1286219e-03
   6.7173120e-03
   6.3669065e-03
   7.7161668e-03
   0.0000000e+00
   1.6379392e-02
   0.0000000e+00
   0.0000000e+00
   0.0000000e+00
   3.8491310e-03
   6.4013926e-03
   6.7712529e-03
   7.3765061e-03
   7.9792019e-03
   8.3609006e-03
   8.3439880e-03
   8.1552254e-03
   7.8431185e-03
   7.5046282e-03
   7.1524798e-03
   1.5195685e-02
   1.5119042e-02
   1.4921049e-02
   1.4531065e-02
   1.4112260e-02
   1.3667889e-02
   1.3110260e-02
   1.2626104e-02
   1.2074362e-02
   1.1253058e-02
   1.0389995e-02
   9.3947649e-03
   8.2161091e-03
   7.3842350e-03
   6.7058853e-03
   6.1258115e-03
   5.8748550e-03
   5.9251818e-03
   6.4872713e-03
   7.3351171e-03
   8.3464710e-03
   9.3831960e-03
   9.3652522e-03
   7.8489184e-03
   4.7078598e-03
   2.9151922e-03
   3.2587233e-03
   0.0000000e+00
   0.0000000e+00
   0.0000000e+00
   0.0000000e+00
   0.0000000e+00
   0.0000000e+00
   0.0000000e+00
   0.0000000e+00
   0.0000000e+00
   0.0000000e+00
   0.0000000e+00
   0.0000000e+00
   0.0000000e+00
   0.0000000e+00
   0.0000000e+00
  -2.6727842e-02
  -2.5085339e-02
  -2.2400655e-02
  -2.0114625e-02
  -1.8110275e-02
  -1.5211754e-02
  -9.8389192e-03
  -4.6790475e-03
  -8.4059901e-04
  -3.2334725e-04
   1.0132061e-03
   5.1964289e-03
   6.6245201e-03
   0.0000000e+00
   0.0000000e+00
   6.9589075e-03
   0.0000000e+00
   0.0000000e+00
   3.8609832e-03
   4.3637588e-03
   5.3970385e-03
   9.0619456e-03
   1.0713011e-02
   1.2323715e-02
   1.3744641e-02
   1.4428419e-02
   1.4830080e-02
   1.5123380e-02
   1.5194808e-02
   1.5205236e-02
   1.2066429e-02
   1.1851704e-02
   1.1511544e-02
   1.0941047e-02
   1.0336375e-02
   9.6745724e-03
   8.7946756e-03
   7.9619708e-03
   7.0397025e-03
   5.8256546e-03
   4.7046579e-03
   3.5119690e-03
   2.1601231e-03
   1.2485220e-03
   5.3748995e-04
  -2.8177281e-05
  -2.0765851e-04
  -3.7362974e-05
   7.0328359e-04
   1.7207230e-03
   2.9743004e-03
   4.3720216e-03
   4.7581526e-03
   4.0232358e-03
   1.7844641e-03
   1.3421567e-03
   3.3160392e-03
   0.0000000e+00
   0.0000000e+00
   0.0000000e+00
   0.0000000e+00
   0.0000000e+00
   0.0000000e+00
   0.0000000e+00
   0.0000000e+00
   0.0000000e+00
   0.0000000e+00
   0.0000000e+00
   0.0000000e+00
   0.0000000e+00
   0.0000000e+00
   0.0000000e+00
  -2.7292348e-02
  -2.6190098e-02
  -2.4817083e-02
  -2.3133300e-02
  -2.1470549e-02
  -1.8901652e-02
  -1.3411542e-02
  -6.8556378e-03
  -1.7722489e-03
  -1.6574082e-03
   5.5140083e-04
   5.0814309e-03
   6.6504933e-03
   0.0000000e+00
  -3.6911009e-03
   4.6912767e-03
   0.0000000e+00
   0.0000000e+00
   3.8609832e-03
   4.3832152e-03
   3.8585352e-03
   7.5432435e-03
   8.7770512e-03
   1.0150963e-02
   1.1389823e-02
   1.1966469e-02
   1.2255871e-02
   1.2388377e-02
   1.2339847e-02
   1.2232007e-02
   5.4442331e-03
   4.9683629e-03
   4.3794633e-03
   3.5183333e-03
   2.6339720e-03
   1.6571428e-03
   3.1525945e-04
  -1.0294087e-03
  -2.4857708e-03
  -4.2149990e-03
  -5.6149042e-03
  -6.9660568e-03
  -8.4117893e-03
  -9.3199928e-03
  -9.9644852e-03
  -1.0375088e-02
  -1.0339840e-02
  -9.8946637e-03
  -8.7933349e-03
  -7.4572753e-03
  -5.7769392e-03
  -3.7543989e-03
  -2.6362102e-03
  -1.9300839e-03
  -2.5750986e-03
  -3.6007182e-03
   0.0000000e+00
   0.0000000e+00
   0.0000000e+00
   0.0000000e+00
   0.0000000e+00
   0.0000000e+00
   0.0000000e+00
   0.0000000e+00
   0.0000000e+00
   0.0000000e+00
   0.0000000e+00
   0.0000000e+00
   0.0000000e+00
   0.0000000e+00
   0.0000000e+00
   0.0000000e+00
  -2.8098862e-02
  -2.7766926e-02
  -2.8266483e-02
  -2.7424904e-02
  -2.6307374e-02
  -2.4321129e-02
  -1.8750442e-02
  -9.9963379e-03
  -3.0108772e-03
  -3.5967512e-03
  -2.4470010e-04
   0.0000000e+00
   0.0000000e+00
   0.0000000e+00
  -3.6911007e-03
   1.9548034e-03
   0.0000000e+00
   0.0000000e+00
   0.0000000e+00
   0.0000000e+00
   4.2750035e-04
   4.5664462e-03
   4.9269865e-03
   5.7501737e-03
   6.5304435e-03
   6.8253827e-03
   6.8387220e-03
   6.6077800e-03
   6.2936648e-03
   5.9295023e-03
  -8.3403289e-03
  -9.5337406e-03
  -1.0800057e-02
  -1.2471256e-02
  -1.3993739e-02
  -1.5614066e-02
  -1.7688587e-02
  -1.9510947e-02
  -2.1332968e-02
  -2.3410549e-02
  -2.5020877e-02
  -2.6473485e-02
  -2.7963212e-02
  -2.8924469e-02
  -2.9556559e-02
  -2.9664554e-02
  -2.9060828e-02
  -2.7799901e-02
  -2.5380019e-02
  -2.2650581e-02
  -1.9351255e-02
  -1.4864844e-02
  -1.0925263e-02
  -7.6954719e-03
  -5.5169811e-03
  -0.0000000e+00
   0.0000000e+00
   0.0000000e+00
   0.0000000e+00
   0.0000000e+00
   0.0000000e+00
   0.0000000e+00
   0.0000000e+00
   0.0000000e+00
   0.0000000e+00
   0.0000000e+00
   0.0000000e+00
   0.0000000e+00
   0.0000000e+00
   0.0000000e+00
   0.0000000e+00
   0.0000000e+00
  -2.8982913e-02
  -2.9351112e-02
  -3.0775178e-02
  -3.0956417e-02
  -3.1292692e-02
  -3.1168649e-02
  -2.7695464e-02
  -1.9196365e-02
  -6.6684023e-03
  -3.5967511e-03
  -0.0000000e+00
   0.0000000e+00
   6.3257857e-03
   8.8677467e-03
   4.9623959e-03
   4.4594142e-03
   2.4195361e-03
  -4.0589275e-03
   0.0000000e+00
   0.0000000e+00
  -2.5278555e-03
  -1.6768379e-04
  -9.3265221e-04
  -1.3029040e-03
  -1.9107356e-03
  -2.7005109e-03
  -3.6653914e-03
  -4.9076439e-03
  -5.9501277e-03
  -7.0017101e-03
  -1.4237598e-02
  -1.5724085e-02
  -1.7268889e-02
  -1.9263003e-02
  -2.1031298e-02
  -2.2879358e-02
  -2.5173826e-02
  -2.7117221e-02
  -2.9030155e-02
  -3.1227235e-02
  -3.2953903e-02
  -3.4514457e-02
  -3.6120746e-02
  -3.7175998e-02
  -3.7855204e-02
  -3.7883908e-02
  -3.7101556e-02
  -3.5594292e-02
  -3.2740872e-02
  -2.9494520e-02
  -2.5561091e-02
  -2.0065654e-02
  -1.5076072e-02
  -1.0523048e-02
  -5.9927162e-03
   0.0000000e+00
   0.0000000e+00
   0.0000000e+00
   0.0000000e+00
   0.0000000e+00
  -5.5032905e-02
  -5.5032905e-02
   0.0000000e+00
   0.0000000e+00
   0.0000000e+00
   0.0000000e+00
   0.0000000e+00
   0.0000000e+00
   0.0000000e+00
   0.0000000e+00
   0.0000000e+00
   0.0000000e+00
  -2.8788643e-02
  -2.9925736e-02
  -3.1413637e-02
  -3.2015115e-02
  -3.3148505e-02
  -3.4248911e-02
  -3.3101227e-02
  -2.5901536e-02
  -9.5628953e-03
   0.0000000e+00
   0.0000000e+00
   0.0000000e+00
   5.6515091e-04
   8.5685768e-03
   1.1409708e-02
   6.3254816e-03
   2.4195361e-03
  -4.0589276e-03
   0.0000000e+00
   0.0000000e+00
  -3.4456439e-03
  -2.2314643e-03
  -3.3852905e-03
  -4.2166589e-03
  -5.4364135e-03
  -6.7168223e-03
  -8.1133256e-03
  -9.8087648e-03
  -1.1190448e-02
  -1.2550061e-02
  -2.1712277e-02
  -2.3545864e-02
  -2.5423774e-02
  -2.7785705e-02
  -2.9817883e-02
  -3.1871153e-02
  -3.4280418e-02
  -3.6231074e-02
  -3.8144309e-02
  -4.0441055e-02
  -4.2361346e-02
  -4.4171929e-02
  -4.6097396e-02
  -4.7396831e-02
  -4.8227695e-02
  -4.8243892e-02
  -4.7348429e-02
  -4.5708988e-02
  -4.2535060e-02
  -3.8772454e-02
  -3.4137958e-02
  -2.7442631e-02
  -2.1397629e-02
  -1.4740218e-02
  -4.4867461e-03
   0.0000000e+00
   0.0000000e+00
   0.0000000e+00
   0.0000000e+00
   0.0000000e+00
  -5.5032908e-02
  -5.5032908e-02
   0.0000000e+00
   0.0000000e+00
   0.0000000e+00
   0.0000000e+00
   0.0000000e+00
   0.0000000e+00
   0.0000000e+00
   0.0000000e+00
   0.0000000e+00
   0.0000000e+00
  -2.8476049e-02
  -3.0473204e-02
  -3.1460256e-02
  -3.2563937e-02
  -3.5014882e-02
  -3.8417546e-02
  -4.2722371e-02
  -3.9257431e-02
  -3.3567154e-02
   0.0000000e+00
   0.0000000e+00
   0.0000000e+00
  -3.7862393e-03
   6.7607117e-03
   0.0000000e+00
   0.0000000e+00
   0.0000000e+00
   0.0000000e+00
   0.0000000e+00
   0.0000000e+00
  -4.0010581e-03
  -4.9146907e-03
  -6.3988757e-03
  -7.7279530e-03
  -9.7550043e-03
  -1.1703897e-02
  -1.3670490e-02
  -1.5976347e-02
  -1.7836354e-02
  -1.9610836e-02
  -2.1023396e-02
  -2.2409864e-02
  -2.3743670e-02
  -2.5292676e-02
  -2.6605843e-02
  -2.7982790e-02
  -2.9699383e-02
  -3.1204745e-02
  -3.2830000e-02
  -3.4944061e-02
  -3.6784999e-02
  -3.8628738e-02
  -4.0806629e-02
  -4.2553589e-02
  -4.4114310e-02
  -4.5580015e-02
  -4.6351574e-02
  -4.6648141e-02
  -4.5872465e-02
  -4.3599978e-02
  -3.9568290e-02
  -3.3068784e-02
  -2.6839662e-02
  -1.8952988e-02
  -5.9729847e-03
   0.0000000e+00
   0.0000000e+00
   0.0000000e+00
   0.0000000e+00
   0.0000000e+00
  -5.2618792e-02
  -5.3059835e-02
   0.0000000e+00
   0.0000000e+00
   0.0000000e+00
   0.0000000e+00
   0.0000000e+00
   0.0000000e+00
   0.0000000e+00
   0.0000000e+00
  -2.2818346e-02
  -2.3670171e-02
  -2.9184239e-02
  -3.0704703e-02
  -3.0337743e-02
  -3.1165816e-02
  -3.4306228e-02
  -3.9736297e-02
  -4.7750842e-02
  -4.9947876e-02
  -4.8828777e-02
   0.0000000e+00
  -2.5833744e-02
  -2.1642301e-02
  -6.1811041e-03
   6.7607118e-03
   0.0000000e+00
   0.0000000e+00
   0.0000000e+00
   0.0000000e+00
   0.0000000e+00
   0.0000000e+00
  -4.3061431e-03
  -5.2227029e-03
  -6.4675286e-03
  -7.7658286e-03
  -9.8883528e-03
  -1.1925778e-02
  -1.3923851e-02
  -1.6136516e-02
  -1.7815484e-02
  -1.9333931e-02
  -1.9435097e-02
  -2.0413953e-02
  -2.1285286e-02
  -2.2215661e-02
  -2.3010920e-02
  -2.3911124e-02
  -2.5154404e-02
  -2.6365400e-02
  -2.7804490e-02
  -2.9816210e-02
  -3.1643841e-02
  -3.3555117e-02
  -3.5948873e-02
  -3.8028619e-02
  -4.0112242e-02
  -4.2604476e-02
  -4.4577761e-02
  -4.6318363e-02
  -4.7494389e-02
  -4.6641452e-02
  -4.3304220e-02
  -3.6834650e-02
  -3.0412611e-02
  -2.1573039e-02
  -6.5854384e-03
   0.0000000e+00
   0.0000000e+00
   0.0000000e+00
  -3.0619004e-02
  -3.4589607e-02
  -5.2832961e-02
  -5.3636355e-02
   0.0000000e+00
   0.0000000e+00
   0.0000000e+00
   0.0000000e+00
   0.0000000e+00
   0.0000000e+00
   0.0000000e+00
  -1.6054688e-02
  -2.1483927e-02
  -2.3818808e-02
  -2.9426333e-02
  -3.0615185e-02
  -2.9605040e-02
  -2.9964138e-02
  -3.3313341e-02
  -3.9632536e-02
  -5.0013866e-02
  -5.3727583e-02
  -4.4599406e-02
  -2.3270559e-02
  -2.5626494e-02
  -2.1198455e-02
  -7.4969483e-03
   0.0000000e+00
   0.0000000e+00
   0.0000000e+00
   0.0000000e+00
   0.0000000e+00
   1.4523060e-03
   3.0296575e-03
  -3.6438503e-03
  -5.2130292e-03
  -6.2363355e-03
  -7.4316817e-03
  -9.4540948e-03
  -1.1415815e-02
  -1.3318924e-02
  -1.5358461e-02
  -1.6851658e-02
  -1.8130343e-02
  -1.3592563e-02
  -1.3570988e-02
  -1.3375153e-02
  -1.3035088e-02
  -1.2837753e-02
  -1.2850951e-02
  -1.3252715e-02
  -1.3967134e-02
  -1.5103913e-02
  -1.6994411e-02
  -1.8908920e-02
  -2.1061464e-02
  -2.3956221e-02
  -2.6700512e-02
  -2.9779092e-02
  -3.4193777e-02
  -3.8472742e-02
  -4.3107897e-02
  -4.8599099e-02
  -5.1354012e-02
  -5.0014607e-02
  -4.3317684e-02
  -3.6371430e-02
  -2.5532672e-02
   0.0000000e+00
   0.0000000e+00
   0.0000000e+00
   0.0000000e+00
  -3.0619004e-02
  -3.4589602e-02
  -5.4906188e-02
  -5.9860370e-02
   0.0000000e+00
   0.0000000e+00
   0.0000000e+00
   0.0000000e+00
   0.0000000e+00
   0.0000000e+00
   0.0000000e+00
  -1.6054690e-02
  -1.8495487e-02
  -2.4484561e-02
  -2.9203559e-02
  -2.9786959e-02
  -2.8395078e-02
  -2.7162346e-02
  -3.0174160e-02
  -3.6733739e-02
  -5.0868836e-02
  -5.0925358e-02
  -3.2821348e-02
  -2.3270558e-02
  -2.5162356e-02
  -1.9210449e-02
   0.0000000e+00
   0.0000000e+00
   0.0000000e+00
   0.0000000e+00
   0.0000000e+00
   0.0000000e+00
   1.4523058e-03
   3.0296573e-03
  -9.9670371e-04
  -4.6011991e-03
  -5.0741075e-03
  -5.8651239e-03
  -7.2629293e-03
  -8.7221515e-03
  -1.0141816e-02
  -1.1577912e-02
  -1.2573191e-02
  -1.3250555e-02
  -1.0086874e-02
  -9.6571427e-03
  -8.9940229e-03
  -8.0904314e-03
  -7.4127610e-03
  -6.9452910e-03
  -6.8050534e-03
  -7.1049361e-03
  -7.9074451e-03
  -9.5638462e-03
  -1.1412733e-02
  -1.3601563e-02
  -1.6632293e-02
  -1.9465523e-02
  -2.2570839e-02
  -2.7016984e-02
  -3.1659547e-02
  -3.7410071e-02
  -4.6056292e-02
  -5.2986778e-02
  -5.5717583e-02
  -4.9963593e-02
  -4.0901437e-02
  -2.7958380e-02
   0.0000000e+00
   0.0000000e+00
  -8.9141842e-03
  -1.6148988e-02
  -1.9797690e-02
  -2.6352143e-02
  -5.2987858e-02
  -6.3096542e-02
   0.0000000e+00
   0.0000000e+00
   0.0000000e+00
   0.0000000e+00
   0.0000000e+00
   0.0000000e+00
   0.0000000e+00
  -8.8544554e-03
  -1.6490251e-02
  -2.2817375e-02
  -2.7463132e-02
  -2.9067382e-02
  -2.8149918e-02
  -2.4976611e-02
  -2.5756102e-02
  -2.9840477e-02
  -4.6789962e-02
  -5.3229272e-02
  -4.2439348e-02
  -3.0483194e-02
  -2.2808891e-02
  -1.8819579e-02
   0.0000000e+00
   0.0000000e+00
   0.0000000e+00
   0.0000000e+00
   0.0000000e+00
   1.2278239e-03
   2.4734849e-03
   3.6125411e-03
  -2.4724660e-04
  -3.7957022e-03
  -4.2134030e-03
  -4.6751744e-03
  -5.4253087e-03
  -6.3870829e-03
  -7.4897450e-03
  -8.7114252e-03
  -9.5676584e-03
  -1.0075378e-02
  -8.2189320e-03
  -7.6571051e-03
  -6.8127173e-03
  -5.6636031e-03
  -4.7412253e-03
  -3.9955596e-03
  -3.4976515e-03
  -3.4994218e-03
  -4.0344996e-03
  -5.4615373e-03
  -7.2066915e-03
  -9.3864324e-03
  -1.2502600e-02
  -1.5385759e-02
  -1.8430540e-02
  -2.2595830e-02
  -2.7030197e-02
  -3.3009712e-02
  -4.3260172e-02
  -5.3029933e-02
  -5.9180956e-02
  -5.5017684e-02
  -4.4274068e-02
  -2.9107584e-02
   0.0000000e+00
   0.0000000e+00
  -8.9141838e-03
  -1.4289943e-02
  -1.6289681e-02
  -2.2378565e-02
  -5.2458416e-02
  -6.3660070e-02
   0.0000000e+00
   0.0000000e+00
   0.0000000e+00
   0.0000000e+00
   0.0000000e+00
   0.0000000e+00
   4.6909077e-03
  -7.1085733e-03
  -1.4819675e-02
  -2.1171143e-02
  -2.5936259e-02
  -2.8394122e-02
  -2.8170167e-02
  -2.3733828e-02
  -2.2902099e-02
  -2.6515314e-02
  -4.4907640e-02
  -5.3402499e-02
  -4.7840286e-02
  -3.3962413e-02
  -2.1673630e-02
  -1.8065387e-02
   0.0000000e+00
   0.0000000e+00
   0.0000000e+00
   0.0000000e+00
   0.0000000e+00
   1.2278238e-03
   2.8319752e-03
   3.8996176e-03
   6.3340808e-04
  -3.0758858e-03
  -3.5865510e-03
  -3.8662599e-03
  -4.1971281e-03
  -4.8286085e-03
  -5.7262466e-03
  -6.8623228e-03
  -7.7244728e-03
  -8.2506593e-03
  -7.4513492e-03
  -7.1706892e-03
  -6.5178684e-03
  -5.4829281e-03
  -4.5041137e-03
  -3.5573824e-03
  -2.6419063e-03
  -2.2177380e-03
  -2.2919970e-03
  -3.2137167e-03
  -4.6460721e-03
  -6.7104098e-03
  -9.9126923e-03
  -1.2826359e-02
  -1.5552458e-02
  -1.8433050e-02
  -2.1202770e-02
  -2.5841123e-02
  -3.6448856e-02
  -4.9799190e-02
  -6.2272492e-02
  -6.3038579e-02
  -4.9427308e-02
  -2.9016837e-02
   0.0000000e+00
   0.0000000e+00
   0.0000000e+00
  -6.2221908e-03
  -8.4953295e-03
   0.0000000e+00
  -5.9331063e-02
  -5.9331063e-02
   0.0000000e+00
   0.0000000e+00
   0.0000000e+00
   0.0000000e+00
   0.0000000e+00
   0.0000000e+00
   4.6909079e-03
  -3.3001453e-03
  -1.1767577e-02
  -1.7517039e-02
  -2.2953426e-02
  -2.6978723e-02
  -2.8771255e-02
  -2.2916079e-02
  -1.6628316e-02
   0.0000000e+00
  -4.6387220e-02
  -4.9331238e-02
  -5.1144641e-02
   0.0000000e+00
   0.0000000e+00
   0.0000000e+00
   0.0000000e+00
   0.0000000e+00
   0.0000000e+00
   0.0000000e+00
   0.0000000e+00
   0.0000000e+00
   2.2499968e-03
   3.9252470e-03
   2.8863016e-03
  -1.6382983e-03
  -2.6679741e-03
  -2.8468194e-03
  -2.7140169e-03
  -2.9534652e-03
  -3.6249663e-03
  -4.8383958e-03
  -6.0173031e-03
  -6.9787723e-03
  -7.2075916e-03
  -7.5755687e-03
  -7.4204104e-03
  -6.8394146e-03
  -6.0783913e-03
  -5.2051558e-03
  -4.2449380e-03
  -3.6380519e-03
  -3.3445938e-03
  -3.6420804e-03
  -4.6183295e-03
  -6.4195907e-03
  -9.7499099e-03
  -1.3189681e-02
  -1.6570976e-02
  -1.9429950e-02
  -2.0613834e-02
  -2.2354655e-02
  -3.0308930e-02
  -4.5012750e-02
  -6.2231645e-02
  -6.7734197e-02
  -5.4026976e-02
  -3.5780305e-02
   0.0000000e+00
   0.0000000e+00
   0.0000000e+00
  -0.0000000e+00
  -0.0000000e+00
   0.0000000e+00
  -4.3669887e-02
  -4.7589203e-02
  -5.3007152e-02
   0.0000000e+00
   0.0000000e+00
   0.0000000e+00
   0.0000000e+00
   1.1385805e-02
   7.1263535e-03
  -2.3002094e-03
  -8.3839092e-03
  -1.3809159e-02
  -1.9470312e-02
  -2.4423199e-02
  -2.9406231e-02
  -2.6080417e-02
  -0.0000000e+00
   0.0000000e+00
  -4.5243490e-02
  -4.7561083e-02
  -5.0682202e-02
   0.0000000e+00
   0.0000000e+00
   0.0000000e+00
   0.0000000e+00
   0.0000000e+00
   0.0000000e+00
   0.0000000e+00
   0.0000000e+00
   0.0000000e+00
   4.2813680e-03
   5.7266532e-03
   5.0336337e-03
   7.0556818e-04
  -1.0077456e-03
  -1.4784025e-03
  -1.3340473e-03
  -1.3352375e-03
  -1.7635406e-03
  -2.9894989e-03
  -4.5061628e-03
  -5.9524458e-03
  -6.4889831e-03
  -7.3922873e-03
  -7.6880767e-03
  -7.5247865e-03
  -6.9906400e-03
  -6.2047606e-03
  -5.2651498e-03
  -4.6035778e-03
  -4.1117193e-03
  -3.9642421e-03
  -4.5514689e-03
  -6.0366448e-03
  -9.2392312e-03
  -1.2935564e-02
  -1.6896788e-02
  -2.0385180e-02
  -2.1059586e-02
  -2.0675883e-02
  -2.5816156e-02
  -4.0688675e-02
  -6.2269676e-02
  -7.0417643e-02
  -5.5678356e-02
  -4.5151558e-02
   0.0000000e+00
   0.0000000e+00
   0.0000000e+00
   0.0000000e+00
   0.0000000e+00
   0.0000000e+00
  -3.7681529e-02
  -4.4364458e-02
  -4.9137797e-02
   0.0000000e+00
   0.0000000e+00
   0.0000000e+00
   1.1106668e-02
   1.1312262e-02
   6.6649653e-03
  -1.8112750e-03
  -6.1989627e-03
  -1.1165453e-02
  -1.6786680e-02
  -2.2053855e-02
  -2.8261054e-02
  -2.8882489e-02
   0.0000000e+00
   0.0000000e+00
  -3.6496670e-02
  -4.5033723e-02
  -4.9872765e-02
   0.0000000e+00
   0.0000000e+00
   0.0000000e+00
   0.0000000e+00
   0.0000000e+00
   0.0000000e+00
   0.0000000e+00
   0.0000000e+00
   0.0000000e+00
   7.3883052e-03
   7.0534053e-03
   7.3384112e-03
   3.1145830e-03
   9.6677570e-04
   1.8232137e-04
   1.5378090e-04
   2.2611505e-04
  -6.2278705e-05
  -1.2571944e-03
  -2.9693858e-03
  -4.7070258e-03
  -4.9256896e-03
  -6.5471645e-03
  -7.4945053e-03
  -7.9414612e-03
  -7.7662635e-03
  -7.1284993e-03
  -6.2831628e-03
  -5.6595349e-03
  -5.0232056e-03
  -4.3601096e-03
  -4.4108579e-03
  -5.3573728e-03
  -8.1182998e-03
  -1.1953097e-02
  -1.6737718e-02
  -2.1820093e-02
  -2.2736714e-02
  -1.9811862e-02
  -2.0454250e-02
  -3.4454831e-02
  -6.2403770e-02
  -7.2637321e-02
  -5.5409914e-02
  -4.2718597e-02
   0.0000000e+00
   0.0000000e+00
   0.0000000e+00
   0.0000000e+00
   0.0000000e+00
   0.0000000e+00
   0.0000000e+00
  -3.9465741e-02
  -3.9465741e-02
   0.0000000e+00
   0.0000000e+00
   0.0000000e+00
   1.1106668e-02
   1.1220346e-02
   3.7658181e-03
  -1.5448380e-03
  -3.9714308e-03
  -8.1010559e-03
  -1.3407657e-02
  -1.8573862e-02
  -2.4791590e-02
  -3.1854103e-02
   0.0000000e+00
   0.0000000e+00
  -3.1303946e-02
  -4.0408099e-02
  -4.3547471e-02
   0.0000000e+00
   0.0000000e+00
   0.0000000e+00
   0.0000000e+00
   0.0000000e+00
   0.0000000e+00
   0.0000000e+00
   0.0000000e+00
   0.0000000e+00
   0.0000000e+00
   1.0242715e-02
   1.1047158e-02
   6.8960433e-03
   4.3155670e-03
   3.0256393e-03
   2.5538761e-03
   2.5822704e-03
   2.4111552e-03
   1.3058089e-03
  -5.7230660e-04
  -2.5748575e-03
  -1.3505943e-03
  -3.6176178e-03
  -5.3525658e-03
  -6.5860591e-03
  -6.9825287e-03
  -6.7791535e-03
  -6.1303761e-03
  -5.6265022e-03
  -5.0462576e-03
  -4.1086371e-03
  -3.5871957e-03
  -3.8326795e-03
  -5.5622759e-03
  -8.7610491e-03
  -1.3628233e-02
  -2.0695887e-02
  -2.3594008e-02
  -1.9862232e-02
  -1.5701510e-02
  -2.4237984e-02
  -6.0615055e-02
  -7.2137861e-02
  -6.4202378e-02
  -0.0000000e+00
   0.0000000e+00
   0.0000000e+00
   0.0000000e+00
   0.0000000e+00
   0.0000000e+00
   0.0000000e+00
   0.0000000e+00
  -2.1637981e-02
  -2.9107667e-02
   0.0000000e+00
   0.0000000e+00
   0.0000000e+00
   1.1106667e-02
   0.0000000e+00
   2.9206316e-03
  -1.8002028e-03
  -2.8390071e-03
  -5.5198165e-03
  -9.9107816e-03
  -1.4167574e-02
  -1.9918089e-02
  -1.9069803e-02
  -1.3468500e-02
  -2.0742956e-02
  -2.8487880e-02
  -3.2274706e-02
  -0.0000000e+00
   0.0000000e+00
   0.0000000e+00
   0.0000000e+00
   0.0000000e+00
   0.0000000e+00
   0.0000000e+00
   0.0000000e+00
   0.0000000e+00
   0.0000000e+00
   0.0000000e+00
   1.6117508e-02
   1.4885701e-02
   1.1999581e-02
   1.0280425e-02
   8.9465807e-03
   7.7749006e-03
   7.2445218e-03
   6.7762324e-03
   5.6611721e-03
   3.7050136e-03
   1.4184256e-03
   1.8062908e-03
  -8.1100425e-04
  -2.9918216e-03
  -4.7610477e-03
  -5.5866376e-03
  -5.7587116e-03
  -5.3197043e-03
  -4.9031577e-03
  -4.4053774e-03
  -3.4467001e-03
  -2.6989875e-03
  -2.5566674e-03
  -3.6652314e-03
  -6.3200886e-03
  -1.0914357e-02
  -1.8905869e-02
  -2.3680633e-02
  -2.0240834e-02
  -1.2885283e-02
  -2.2805737e-02
  -6.2303628e-02
  -6.9276877e-02
  -5.9955325e-02
   0.0000000e+00
   0.0000000e+00
   0.0000000e+00
   0.0000000e+00
   0.0000000e+00
   0.0000000e+00
   0.0000000e+00
   0.0000000e+00
  -1.9138793e-02
  -2.0949728e-02
  -1.6436823e-02
  -1.7144676e-02
   0.0000000e+00
   0.0000000e+00
   0.0000000e+00
   2.7626545e-03
  -4.8046143e-04
  -2.2068664e-03
  -4.0547680e-03
  -7.7393027e-03
  -1.1216467e-02
  -1.5984928e-02
  -1.6617153e-02
  -1.4301593e-02
  -1.9983411e-02
  -2.4487672e-02
  -2.7399521e-02
   0.0000000e+00
   0.0000000e+00
   0.0000000e+00
   0.0000000e+00
   0.0000000e+00
   0.0000000e+00
   0.0000000e+00
   0.0000000e+00
   0.0000000e+00
   0.0000000e+00
   0.0000000e+00
   1.4865849e-02
   1.5343393e-02
   1.4245072e-02
   1.3940784e-02
   1.3808256e-02
   1.2999122e-02
   1.2059670e-02
   1.1075453e-02
   9.5328074e-03
   7.3938239e-03
   4.8611262e-03
   5.4693017e-03
   2.5084922e-03
  -1.0270733e-04
  -2.3977256e-03
  -3.6789635e-03
  -4.2675920e-03
  -4.0955078e-03
  -3.7724592e-03
  -3.3858768e-03
  -2.4928977e-03
  -1.5944504e-03
  -1.1315318e-03
  -1.6695819e-03
  -3.7429959e-03
  -7.8876680e-03
  -1.6476236e-02
  -2.3278126e-02
  -2.0758739e-02
  -1.0018666e-02
   0.0000000e+00
  -6.4118519e-02
  -6.6269090e-02
  -5.3243114e-02
   0.0000000e+00
   0.0000000e+00
   0.0000000e+00
   0.0000000e+00
   0.0000000e+00
   0.0000000e+00
   0.0000000e+00
   0.0000000e+00
   0.0000000e+00
  -1.0556487e-02
  -1.5916957e-02
  -1.4035027e-02
  -1.4452237e-03
   0.0000000e+00
   0.0000000e+00
   0.0000000e+00
   9.7863434e-04
  -1.5755523e-03
  -2.6660734e-03
  -5.5743153e-03
  -8.2071461e-03
  -1.2068860e-02
  -1.4690803e-02
  -1.4636346e-02
  -1.9017320e-02
  -2.0882228e-02
  -2.5767721e-02
  -3.0930326e-02
   0.0000000e+00
   0.0000000e+00
   0.0000000e+00
   0.0000000e+00
   0.0000000e+00
   0.0000000e+00
   0.0000000e+00
   0.0000000e+00
   0.0000000e+00
   0.0000000e+00
   1.2667494e-02
   1.4841087e-02
   1.5629526e-02
   1.6998710e-02
   1.8648801e-02
   1.8933706e-02
   1.7842723e-02
   1.6290065e-02
   1.4108051e-02
   1.1684305e-02
   8.8562816e-03
   1.0869231e-02
   7.4595130e-03
   4.3394467e-03
   1.5066274e-03
  -3.4642524e-04
  -1.4818570e-03
  -1.7638775e-03
  -1.5638983e-03
  -1.3734944e-03
  -7.3928841e-04
   1.8422448e-04
   8.1370037e-04
   7.7987667e-04
  -6.1439511e-04
  -3.8739400e-03
  -1.2202581e-02
  -2.1300281e-02
  -2.3897352e-02
   0.0000000e+00
   0.0000000e+00
  -5.9986202e-02
  -6.4719346e-02
   0.0000000e+00
   0.0000000e+00
   0.0000000e+00
   0.0000000e+00
   0.0000000e+00
   0.0000000e+00
   0.0000000e+00
   0.0000000e+00
   0.0000000e+00
   0.0000000e+00
   0.0000000e+00
  -4.7693890e-03
  -5.6999460e-03
  -1.4452237e-03
   0.0000000e+00
   0.0000000e+00
   0.0000000e+00
   1.5337753e-03
  -7.2896309e-04
  -1.1355844e-03
  -2.9812111e-03
  -4.5837400e-03
  -8.4980525e-03
  -1.0306624e-02
  -1.1964846e-02
  -1.4588417e-02
   0.0000000e+00
  -3.0930325e-02
  -3.0930325e-02
   0.0000000e+00
   0.0000000e+00
   0.0000000e+00
   0.0000000e+00
   0.0000000e+00
   0.0000000e+00
   0.0000000e+00
   0.0000000e+00
   0.0000000e+00
   0.0000000e+00
   1.2007392e-02
   1.2579446e-02
   1.4849026e-02
   1.8251821e-02
   2.2985150e-02
   2.6665437e-02
   2.6535161e-02
   2.4477668e-02
   2.1153015e-02
   1.8124156e-02
   1.4818849e-02
   1.6991017e-02
   1.3127269e-02
   9.5871044e-03
   6.2109875e-03
   3.9806901e-03
   2.3212710e-03
   1.6325213e-03
   1.6647149e-03
   1.6909703e-03
   2.0296331e-03
   2.7775662e-03
   3.4682853e-03
   3.6366796e-03
   2.6516267e-03
   2.3409468e-04
  -6.2429630e-03
  -1.4241879e-02
  -1.7101804e-02
   0.0000000e+00
   0.0000000e+00
  -5.2922865e-02
  -5.2713732e-02
   0.0000000e+00
   0.0000000e+00
   0.0000000e+00
   0.0000000e+00
   0.0000000e+00
   0.0000000e+00
   0.0000000e+00
   0.0000000e+00
   0.0000000e+00
   0.0000000e+00
   0.0000000e+00
  -0.0000000e+00
   3.6484041e-04
   1.1368834e-03
   0.0000000e+00
   0.0000000e+00
   0.0000000e+00
   1.6927039e-03
   9.9301152e-04
  -3.9485371e-04
  -3.2015285e-04
  -1.2269253e-03
  -3.8434069e-03
  -1.0306625e-02
  -1.0460349e-02
  -1.0626814e-02
   0.0000000e+00
  -3.0930325e-02
  -0.0000000e+00
   0.0000000e+00
   0.0000000e+00
   0.0000000e+00
   0.0000000e+00
   0.0000000e+00
   0.0000000e+00
   0.0000000e+00
   0.0000000e+00
   0.0000000e+00
   0.0000000e+00
   9.8061906e-03
   9.1645820e-03
   7.5711873e-03
   1.1827224e-02
   1.8517399e-02
   2.9280543e-02
   3.3137303e-02
   3.2315966e-02
   2.8627887e-02
   2.5046051e-02
   2.1503903e-02
   2.1875044e-02
   1.7914087e-02
   1.4172568e-02
   1.0176215e-02
   7.8857858e-03
   6.1250264e-03
   4.8810546e-03
   4.9353987e-03
   5.0351270e-03
   5.0865356e-03
   5.7241526e-03
   6.4583989e-03
   6.6680321e-03
   5.9588030e-03
   4.1300892e-03
  -1.1733021e-03
  -6.7609800e-03
  -4.5707514e-03
  -1.1477877e-02
  -2.5399655e-02
  -4.2870478e-02
  -5.0615791e-02
   0.0000000e+00
   0.0000000e+00
   0.0000000e+00
   0.0000000e+00
   0.0000000e+00
   0.0000000e+00
   0.0000000e+00
   0.0000000e+00
   0.0000000e+00
   0.0000000e+00
   0.0000000e+00
   0.0000000e+00
   2.4844358e-03
   3.9570807e-03
   1.8166822e-04
  -3.3753463e-03
   0.0000000e+00
   0.0000000e+00
   1.2939197e-03
   4.3461306e-04
  -2.6506698e-04
  -4.0743090e-04
  -9.4945473e-04
   0.0000000e+00
  -9.4185416e-03
  -1.1516465e-02
  -1.3580879e-02
   0.0000000e+00
   0.0000000e+00
   0.0000000e+00
   0.0000000e+00
   0.0000000e+00
   0.0000000e+00
   0.0000000e+00
   0.0000000e+00
   0.0000000e+00
   0.0000000e+00
   0.0000000e+00
   0.0000000e+00
   0.0000000e+00
   8.5678487e-03
   4.6126423e-03
   7.4998662e-03
   1.1485551e-02
   2.6734561e-02
   3.4699634e-02
   3.6167637e-02
   3.3488307e-02
   2.9944740e-02
   2.6564538e-02
   2.6061896e-02
   2.2048511e-02
   1.8168431e-02
   1.3782160e-02
   1.1452878e-02
   9.8167686e-03
   8.2918555e-03
   8.4563605e-03
   8.7073743e-03
   8.8100545e-03
   9.3049742e-03
   9.8357731e-03
   1.0401102e-02
   9.7974669e-03
   8.3548864e-03
   4.2259954e-03
   1.6711117e-04
  -1.2401970e-03
  -1.0836754e-02
  -2.3441304e-02
  -3.3058774e-02
   0.0000000e+00
   0.0000000e+00
   0.0000000e+00
   0.0000000e+00
  -1.6904401e-02
  -1.8387171e-02
   0.0000000e+00
   0.0000000e+00
   0.0000000e+00
   0.0000000e+00
   0.0000000e+00
   0.0000000e+00
   0.0000000e+00
   0.0000000e+00
   5.9123139e-03
   1.1965422e-03
  -3.3753464e-03
   0.0000000e+00
   0.0000000e+00
   0.0000000e+00
   1.0978699e-03
  -6.5156370e-04
  -1.7741912e-04
   7.7539723e-04
  -2.0686978e-03
  -8.7968113e-03
  -1.0754756e-02
  -1.0799454e-02
   0.0000000e+00
   0.0000000e+00
   0.0000000e+00
   0.0000000e+00
   0.0000000e+00
   0.0000000e+00
   0.0000000e+00
   0.0000000e+00
   0.0000000e+00
   0.0000000e+00
   0.0000000e+00
   0.0000000e+00
   0.0000000e+00
   0.0000000e+00
   3.4140146e-03
   5.2226013e-03
   6.1754110e-03
   2.2514749e-02
   3.3636004e-02
   3.7495669e-02
   3.6446292e-02
   3.3495456e-02
   3.0253949e-02
   2.8515626e-02
   2.4531938e-02
   2.0683456e-02
   1.6269492e-02
   1.3990557e-02
   1.2682460e-02
   1.1467477e-02
   1.1819393e-02
   1.2265607e-02
   1.3009856e-02
   1.3308601e-02
   1.3624591e-02
   1.4569110e-02
   1.4143156e-02
   1.2812756e-02
   9.9474918e-03
   5.8729248e-03
   2.1384135e-03
  -8.2584517e-03
  -1.8398255e-02
  -2.3565881e-02
   0.0000000e+00
   0.0000000e+00
   0.0000000e+00
  -1.2591957e-02
  -1.5399510e-02
  -1.7500501e-02
   0.0000000e+00
   0.0000000e+00
   0.0000000e+00
   0.0000000e+00
   0.0000000e+00
   0.0000000e+00
   0.0000000e+00
   0.0000000e+00
   3.5513006e-03
   3.6058562e-03
   0.0000000e+00
   0.0000000e+00
   0.0000000e+00
   0.0000000e+00
   0.0000000e+00
  -1.3296000e-03
  -6.2560896e-05
   1.1006124e-03
  -2.0713548e-03
  -8.0719935e-03
  -8.7195561e-03
  -5.8471187e-03
   0.0000000e+00
   0.0000000e+00
   0.0000000e+00
   0.0000000e+00
   0.0000000e+00
   0.0000000e+00
   0.0000000e+00
   0.0000000e+00
   0.0000000e+00
   0.0000000e+00
   0.0000000e+00
   0.0000000e+00
   0.0000000e+00
   0.0000000e+00
   0.0000000e+00
   0.0000000e+00
   1.4807071e-03
   1.7459985e-02
   2.9451689e-02
   3.5491403e-02
   3.6149558e-02
   3.4567382e-02
   3.1422548e-02
   2.7452173e-02
   2.3979504e-02
   2.0766487e-02
   1.6380746e-02
   1.4753895e-02
   1.3886292e-02
   1.3664034e-02
   1.4251626e-02
   1.4996385e-02
   1.6893072e-02
   1.7069777e-02
   1.8233277e-02
   1.8092936e-02
   1.8789569e-02
   1.7436294e-02
   1.5704792e-02
   1.1985403e-02
   7.1739992e-03
  -1.3354158e-03
  -1.0770923e-02
  -1.5594799e-02
   0.0000000e+00
   0.0000000e+00
   0.0000000e+00
  -1.2591959e-02
  -1.1942571e-02
  -1.3426894e-02
   0.0000000e+00
   0.0000000e+00
   0.0000000e+00
   0.0000000e+00
   0.0000000e+00
   0.0000000e+00
   0.0000000e+00
   0.0000000e+00
  -0.0000000e+00
   0.0000000e+00
   0.0000000e+00
   0.0000000e+00
   0.0000000e+00
   0.0000000e+00
   0.0000000e+00
   0.0000000e+00
   0.0000000e+00
   2.2833104e-04
  -2.2926223e-03
  -5.7849873e-03
  -5.4375197e-03
   0.0000000e+00
   0.0000000e+00
   0.0000000e+00
   0.0000000e+00
   0.0000000e+00
   0.0000000e+00
   0.0000000e+00
   0.0000000e+00
   0.0000000e+00
   0.0000000e+00
   0.0000000e+00
   0.0000000e+00
   0.0000000e+00
   0.0000000e+00
   0.0000000e+00
   0.0000000e+00
   0.0000000e+00
  -1.1468338e-02
   1.0387022e-02
   2.0524895e-02
   2.9118599e-02
   3.0659642e-02
   3.1438969e-02
   2.8876264e-02
   2.1837845e-02
   1.9439162e-02
   1.8403126e-02
   1.4436227e-02
   1.4308956e-02
   1.3657925e-02
   1.5274911e-02
   1.5355811e-02
   1.7084387e-02
   1.8848326e-02
   2.0645268e-02
   2.1362537e-02
   2.2268970e-02
   2.2584203e-02
   2.2377092e-02
   2.0522815e-02
   1.7516479e-02
   1.3085695e-02
   5.6366601e-03
  -4.2961100e-04
   1.4717609e-03
   0.0000000e+00
   0.0000000e+00
   0.0000000e+00
   0.0000000e+00
   0.0000000e+00
   0.0000000e+00
   0.0000000e+00
   0.0000000e+00
   0.0000000e+00
   0.0000000e+00
   0.0000000e+00
   0.0000000e+00
   0.0000000e+00
   0.0000000e+00
   0.0000000e+00
   0.0000000e+00
   0.0000000e+00
   0.0000000e+00
   0.0000000e+00
   0.0000000e+00
   0.0000000e+00
   0.0000000e+00
   0.0000000e+00
  -3.6063131e-03
  -6.8181103e-03
  -5.7761647e-03
   0.0000000e+00
   0.0000000e+00
   0.0000000e+00
   0.0000000e+00
   0.0000000e+00
   0.0000000e+00
   0.0000000e+00
   0.0000000e+00
   0.0000000e+00
   0.0000000e+00
   0.0000000e+00
   0.0000000e+00
   0.0000000e+00
   0.0000000e+00
   0.0000000e+00
   0.0000000e+00
   0.0000000e+00
   0.0000000e+00
  -2.9826297e-02
  -9.3727132e-03
   3.6670680e-03
   1.3350677e-02
   1.7885283e-02
   2.1652809e-02
   2.1050974e-02
   1.5566981e-02
   1.4625084e-02
   1.5545595e-02
   1.2650520e-02
   1.3979631e-02
   1.2534006e-02
   1.6081908e-02
   1.4988768e-02
   1.8176519e-02
   1.8357600e-02
   2.2505600e-02
   2.2298948e-02
   2.4934126e-02
   2.4491018e-02
   2.5369830e-02
   2.3811992e-02
   2.1259824e-02
   1.8434583e-02
   1.1126344e-02
   6.3287300e-03
   0.0000000e+00
   0.0000000e+00
   0.0000000e+00
   0.0000000e+00
   0.0000000e+00
   0.0000000e+00
   0.0000000e+00
   0.0000000e+00
   0.0000000e+00
   0.0000000e+00
   0.0000000e+00
   0.0000000e+00
   0.0000000e+00
   0.0000000e+00
   0.0000000e+00
   0.0000000e+00
   0.0000000e+00
   0.0000000e+00
   0.0000000e+00
   0.0000000e+00
   0.0000000e+00
   0.0000000e+00
   0.0000000e+00
   0.0000000e+00
  -0.0000000e+00
  -0.0000000e+00
  -0.0000000e+00
   0.0000000e+00
   0.0000000e+00
   0.0000000e+00
   0.0000000e+00
   0.0000000e+00
   0.0000000e+00
   0.0000000e+00
   0.0000000e+00
   0.0000000e+00
   0.0000000e+00
   0.0000000e+00
   0.0000000e+00
   0.0000000e+00
   0.0000000e+00
   0.0000000e+00
   0.0000000e+00
   0.0000000e+00
   0.0000000e+00
  -3.2395599e-02
  -1.9173534e-02
  -1.0184010e-02
  -6.8689701e-05
   6.8954559e-03
   1.1798773e-02
   1.3655938e-02
   1.0196007e-02
   1.2316722e-02
   1.1190562e-02
   1.1843308e-02
   1.1491029e-02
   1.1330449e-02
   1.3466267e-02
   1.3319256e-02
   1.6697698e-02
   1.6410495e-02
   2.1477047e-02
   2.0797325e-02
   2.5282535e-02
   2.4232566e-02
   2.6069518e-02
   2.5140298e-02
   2.2522194e-02
   2.3021461e-02
   1.4087888e-02
   2.4073693e-02
   0.0000000e+00
   0.0000000e+00
   0.0000000e+00
  -0.0000000e+00
   0.0000000e+00
   0.0000000e+00
   0.0000000e+00
   0.0000000e+00
   0.0000000e+00
   0.0000000e+00
   0.0000000e+00
   0.0000000e+00
   0.0000000e+00
   0.0000000e+00
   0.0000000e+00
   0.0000000e+00
   0.0000000e+00
  -2.1724453e-03
  -2.1724453e-03
   0.0000000e+00
   0.0000000e+00
   0.0000000e+00
   0.0000000e+00
   0.0000000e+00
   0.0000000e+00
  -0.0000000e+00
   0.0000000e+00
   0.0000000e+00
   0.0000000e+00
   0.0000000e+00
   0.0000000e+00
   0.0000000e+00
   0.0000000e+00
   0.0000000e+00
   0.0000000e+00
   0.0000000e+00
   0.0000000e+00
   0.0000000e+00
   0.0000000e+00
   0.0000000e+00
   0.0000000e+00
   0.0000000e+00
   0.0000000e+00
   0.0000000e+00
   0.0000000e+00
  -0.0000000e+00
  -2.1426247e-02
  -1.1722174e-02
  -4.8569397e-03
   3.7835834e-03
   5.9354785e-03
   1.0510265e-02
   5.1150271e-03
   8.1133880e-03
   6.2880474e-03
   8.4229670e-03
   7.9793110e-03
   8.1882896e-03
   1.0111513e-02
   1.0263074e-02
   1.2891140e-02
   1.3904793e-02
   1.7241836e-02
   1.8538777e-02
   2.2103077e-02
   2.2862500e-02
   2.5236268e-02
   2.3699945e-02
   2.3090601e-02
   2.2233168e-02
   1.7521410e-02
   0.0000000e+00
   0.0000000e+00
   0.0000000e+00
   0.0000000e+00
  -0.0000000e+00
   0.0000000e+00
   0.0000000e+00
   0.0000000e+00
   0.0000000e+00
   0.0000000e+00
   0.0000000e+00
   0.0000000e+00
   0.0000000e+00
   0.0000000e+00
   0.0000000e+00
   0.0000000e+00
   0.0000000e+00
   0.0000000e+00
  -0.0000000e+00
  -8.3728322e-03
   0.0000000e+00
   0.0000000e+00
   0.0000000e+00
   0.0000000e+00
   0.0000000e+00
   0.0000000e+00
  -0.0000000e+00
   0.0000000e+00
   0.0000000e+00
   0.0000000e+00
   4.4907647e-03
   4.9193100e-04
  -9.5458322e-04
   0.0000000e+00
   0.0000000e+00
   0.0000000e+00
   0.0000000e+00
   0.0000000e+00
   0.0000000e+00
   0.0000000e+00
   0.0000000e+00
   0.0000000e+00
   0.0000000e+00
   0.0000000e+00
   0.0000000e+00
   0.0000000e+00
  -3.8162944e-02
  -2.1843363e-02
  -1.7178621e-02
  -7.6458291e-03
  -2.7979778e-03
   1.2905673e-03
   5.2195936e-03
  -6.6901185e-04
   1.5721776e-03
   4.8685027e-04
   3.0982837e-03
   2.7998369e-03
   3.1520566e-03
   6.1669545e-03
   5.0072689e-03
   8.4561156e-03
   9.4907926e-03
   1.1571862e-02
   1.6013803e-02
   1.5905764e-02
   2.1498548e-02
   2.2045303e-02
   2.2064347e-02
   2.3076140e-02
   1.8688711e-02
   0.0000000e+00
   0.0000000e+00
   0.0000000e+00
   0.0000000e+00
   0.0000000e+00
   0.0000000e+00
   0.0000000e+00
   0.0000000e+00
   0.0000000e+00
   0.0000000e+00
   0.0000000e+00
   0.0000000e+00
   0.0000000e+00
   0.0000000e+00
   0.0000000e+00
   0.0000000e+00
   0.0000000e+00
   0.0000000e+00
   0.0000000e+00
   0.0000000e+00
  -2.0295260e-02
   0.0000000e+00
   0.0000000e+00
   0.0000000e+00
   0.0000000e+00
   0.0000000e+00
   0.0000000e+00
   0.0000000e+00
   0.0000000e+00
   0.0000000e+00
   0.0000000e+00
   4.4907648e-03
   4.9193106e-04
   3.4934501e-03
   0.0000000e+00
   0.0000000e+00
   0.0000000e+00
   0.0000000e+00
   0.0000000e+00
   0.0000000e+00
   0.0000000e+00
   0.0000000e+00
   0.0000000e+00
   0.0000000e+00
   0.0000000e+00
  -2.3345065e-02
  -2.9935326e-02
  -3.6809424e-02
  -2.7113400e-02
  -2.1419648e-02
  -1.4717156e-02
  -1.0169370e-02
  -5.3639393e-03
  -2.4786000e-03
  -7.1954634e-03
  -7.2716488e-03
  -6.8572759e-03
  -2.7984767e-03
  -5.2586769e-03
  -1.7819480e-03
  -4.7763134e-04
  -1.4552108e-03
   3.7131018e-03
   2.8204675e-03
   6.9246520e-03
   1.1621735e-02
   1.1585096e-02
   1.9428668e-02
   2.1724548e-02
   2.1217589e-02
   0.0000000e+00
   0.0000000e+00
   0.0000000e+00
   0.0000000e+00
   0.0000000e+00
   0.0000000e+00
   0.0000000e+00
   0.0000000e+00
   0.0000000e+00
   0.0000000e+00
   0.0000000e+00
   0.0000000e+00
   0.0000000e+00
   0.0000000e+00
   0.0000000e+00
   0.0000000e+00
   0.0000000e+00
   0.0000000e+00
   0.0000000e+00
   0.0000000e+00
   0.0000000e+00
   0.0000000e+00
   0.0000000e+00
  -1.6502635e-02
   0.0000000e+00
   0.0000000e+00
   0.0000000e+00
   0.0000000e+00
   0.0000000e+00
   0.0000000e+00
   0.0000000e+00
   0.0000000e+00
   0.0000000e+00
   0.0000000e+00
   0.0000000e+00
   0.0000000e+00
   0.0000000e+00
   0.0000000e+00
   0.0000000e+00
   0.0000000e+00
   0.0000000e+00
   0.0000000e+00
   0.0000000e+00
   0.0000000e+00
   0.0000000e+00
   0.0000000e+00
   0.0000000e+00
  -2.3345065e-02
  -3.0529717e-02
  -3.0205598e-02
  -2.9254395e-02
  -2.3737380e-02
  -2.1344071e-02
  -1.7305664e-02
  -1.3276711e-02
  -1.2780528e-02
  -2.0259624e-02
  -1.8254643e-02
  -1.5112700e-02
  -1.2628430e-02
  -1.2092942e-02
  -9.5789451e-03
  -7.9683261e-03
  -7.3668985e-03
  -4.5460127e-03
  -2.7585588e-03
   1.8538765e-04
   5.3858701e-03
   8.7654963e-03
   1.6383609e-02
   2.7362613e-02
   0.0000000e+00
   0.0000000e+00
   0.0000000e+00
   0.0000000e+00
   0.0000000e+00
   0.0000000e+00
   0.0000000e+00
   0.0000000e+00
   0.0000000e+00
   0.0000000e+00
   0.0000000e+00
   0.0000000e+00
   0.0000000e+00
   0.0000000e+00
   0.0000000e+00
   0.0000000e+00
   0.0000000e+00
   0.0000000e+00
   0.0000000e+00
   0.0000000e+00
   0.0000000e+00
   0.0000000e+00
   0.0000000e+00
   0.0000000e+00
  -1.7217037e-02
  -6.8783551e-03
   0.0000000e+00
   0.0000000e+00
  -1.2641295e-02
  -1.2641295e-02
   0.0000000e+00
   0.0000000e+00
   0.0000000e+00
   0.0000000e+00
   0.0000000e+00
   0.0000000e+00
   0.0000000e+00
   0.0000000e+00
   0.0000000e+00
   0.0000000e+00
   0.0000000e+00
   0.0000000e+00
   0.0000000e+00
   0.0000000e+00
   0.0000000e+00
   0.0000000e+00
   0.0000000e+00
   0.0000000e+00
   0.0000000e+00
  -0.0000000e+00
  -2.8060330e-02
  -2.5174899e-02
  -2.5514954e-02
  -2.3398053e-02
  -2.3087788e-02
  -2.5593827e-02
  -2.4728490e-02
  -4.6188071e-02
  -3.7666582e-02
  -3.1129666e-02
  -2.5135875e-02
  -2.1501904e-02
  -1.9198837e-02
  -1.7222077e-02
  -1.5931761e-02
  -1.5187901e-02
  -1.3048331e-02
  -9.2884107e-03
  -5.8976868e-03
   9.5163006e-04
   1.4831805e-02
   2.7637888e-02
   0.0000000e+00
   7.9910272e-03
   8.1903853e-03
   8.9892949e-03
   1.2186439e-02
   1.6441116e-02
   2.1912405e-02
   2.1860578e-02
   2.0166069e-02
   0.0000000e+00
   0.0000000e+00
   7.5297546e-03
   9.6203603e-03
   0.0000000e+00
   0.0000000e+00
   0.0000000e+00
   0.0000000e+00
   0.0000000e+00
   0.0000000e+00
   0.0000000e+00
   0.0000000e+00
   0.0000000e+00
   0.0000000e+00
   0.0000000e+00
  -1.3241156e-02
  -8.4115558e-03
  -3.7351435e-03
  -4.0846221e-03
  -7.9766059e-03
  -9.2066610e-03
  -5.1439921e-03
  -5.8947246e-03
  -7.4128597e-03
  -1.7084252e-03
   0.0000000e+00
   0.0000000e+00
   0.0000000e+00
   0.0000000e+00
   0.0000000e+00
   0.0000000e+00
   0.0000000e+00
   0.0000000e+00
   0.0000000e+00
   0.0000000e+00
   0.0000000e+00
   0.0000000e+00
   0.0000000e+00
   0.0000000e+00
   0.0000000e+00
   0.0000000e+00
  -0.0000000e+00
  -2.3774715e-02
  -2.0614539e-02
  -2.2981265e-02
  -2.9766106e-02
  -3.7566125e-02
  -4.7608035e-02
  -6.7884721e-02
  -6.0764756e-02
  -5.2517071e-02
  -4.0923167e-02
  -3.0909268e-02
  -2.4964761e-02
  -2.5848624e-02
  -2.5968917e-02
  -2.5430145e-02
  -2.6295006e-02
  -3.0837655e-02
  -2.8191280e-02
  -8.1361737e-03
   8.0506797e-03
   1.4834469e-02
   0.0000000e+00
   7.9910269e-03
   8.1903847e-03
   9.5961299e-03
   1.0320701e-02
   1.3323816e-02
   2.2125358e-02
   2.6896313e-02
   2.7452225e-02
   0.0000000e+00
   0.0000000e+00
   0.0000000e+00
   7.0511195e-03
   1.3789645e-02
   1.5097749e-02
   1.4597826e-02
   1.1305975e-02
   1.0038504e-02
   1.0506667e-02
   1.0681279e-02
   1.0463968e-02
   7.8532820e-03
   1.2544439e-02
   1.2536513e-02
   6.9310877e-03
  -4.0243980e-03
  -3.5644991e-03
   8.0580608e-04
  -1.2805838e-03
  -3.1195552e-03
  -3.4827344e-03
  -4.1421521e-03
  -5.7522417e-03
   0.0000000e+00
   0.0000000e+00
   0.0000000e+00
   0.0000000e+00
   0.0000000e+00
   0.0000000e+00
   0.0000000e+00
   0.0000000e+00
   0.0000000e+00
   0.0000000e+00
   0.0000000e+00
   0.0000000e+00
   0.0000000e+00
   0.0000000e+00
   0.0000000e+00
   0.0000000e+00
   0.0000000e+00
   0.0000000e+00
   0.0000000e+00
   0.0000000e+00
   0.0000000e+00
   0.0000000e+00
   0.0000000e+00
  -0.0000000e+00
  -0.0000000e+00
  -4.4227003e-02
  -4.2770490e-02
  -4.0477645e-02
  -0.0000000e+00
  -1.4125064e-02
  -2.1502874e-02
  -2.2839482e-02
  -2.2434643e-02
  -3.2399041e-02
  -3.4927687e-02
  -3.0753788e-02
  -1.7386736e-02
  -1.1261228e-02
  -7.1627839e-03
  -1.4032901e-03
   1.7085334e-03
   4.6356166e-03
   7.9150274e-03
   8.6952625e-03
   1.0724785e-02
   1.7961573e-02
   2.6296882e-02
   2.9782012e-02
   2.3926836e-02
   2.3880022e-02
   1.9435474e-02
   1.9081941e-02
   1.2605936e-02
   1.0903373e-02
   1.2463642e-02
   1.3345208e-02
   1.4251719e-02
   1.4926073e-02
   1.4862704e-02
   1.4439490e-02
   1.3061953e-02
   1.1673169e-02
   1.0249563e-02
   9.0276701e-03
   8.4952042e-03
   7.9367794e-03
   6.1478941e-03
   2.3500635e-03
  -9.3988120e-04
  -2.1241519e-03
  -4.4465618e-05
   3.3408368e-03
   7.3331109e-03
   7.4967549e-03
   3.5304123e-03
   0.0000000e+00
   4.1039010e-03
   2.9980207e-03
   1.7622501e-03
   7.7868150e-04
  -2.2373200e-04
  -8.2677205e-04
   0.0000000e+00
   0.0000000e+00
   0.0000000e+00
   0.0000000e+00
   0.0000000e+00
   0.0000000e+00
   0.0000000e+00
   0.0000000e+00
   0.0000000e+00
   0.0000000e+00
   0.0000000e+00
   0.0000000e+00
   0.0000000e+00
   0.0000000e+00
