   2   2   2   2   2   2   2   2   2   2   2   2   2   2   2   2   2   2   2   2   2   2   2   2   2   2   2   2   2   2   2   2   2   2   2   2   2   2   2   2   2   2   2   2   2   2   2   2   2   2   2   2   2   2   2   2   2   2   2   2   2   2   2   2   2   2   2   2   2   2   2   2
   3   3   3   3   3   3   3   3   3   3   3   3   3   3   3   3   3   3   3   3   3   3   3   3   3   3   3   3   3   3   3   3   3   3   3   3   3   3   3   3   3   3   3   3   3   3   3   3   3   3   3   3   3   3   3   3   3   3   3   3   3   3   3   3   3   3   3   3   3   3   3   3
   3   3   3   3   3   3   3   3   3   3   3   3   3   3   3   3   3   3   3   3   3   3   3   3   3   3   3   3   3   3   3   3   3   3   3   3   3   3   3   3   3   3   3   3   3   3   3   3   3   3   3   3   3   3   3   3   3   3   3   3   3   3   3   3   3   3   3   3   3   3   3   3
   3   3   3   3   3   3   3   3   3   3   3   3   3   3   3   3   3   3   3   3   3   3   3   3   3   3   3   3   3   3   3   3   3   3   3   3   3   3   3   3   3   3   3   3   3   3   3   3   3   3   3   3   3   3   3   3   3   3   3   3   3   3   3   3   3   3   3   3   3   3   3   3
   3   3   3   3   3   3   3   3   3   3   3   3   3   3   3   3   3   3   3   3   3   3   3   3   3   3   3   3   3   3   3   3   3   3   3   3   3   4   4   4   4   3   3   3   3   3   3   3   3   3   3   3   3   3   3   3   3   3   3   3   3   3   3   3   3   3   3   3   3   3   3   3
   3   3   3   3   3   3   3   3   3   3   3   3   3   3   3   3   3   3   3   3   3   3   3   3   3   3   3   3   3   3   3   3   3   3   3   4   6   4  90   4   4   4   4   3   3   3   3   3   3   3   3   3   3   3   3   3   3   3   3   3   3   3   3   3   3   3   3   3   3   3   3   3
   3   3   3   3   3   3   3   3   3   3   3   3   3   3   3   3   3   3   3   3   3   3   3   3   3   3   3   3   3   3   3   3   5   7   8   8  11  90  90  90   3   3   3   3   3   3   3   3   3   3   3   3   3   3   3   3   3   3   3   3   3   3   3   3   3   3   3   3   3   3   3   3
   3   3   3   3   3   3   3   3   3   3   3   3   3   3   3   3   3   3   3   3   3   3   3   3   3   3   3   3   3   3   3   3   8  12  13  13  14  90  90  90  90  90  90  90   3   3   3   3   3   3   3   3   3   3   3   3   3   3   3   3   3   3   3   3   3   3   3   3   3   3   3   3
   3   3   3   3   3   3   3   3   3   3   3   3   3   3   3   3   3   3   3   3   3   3   3   3   3   3   3   3   3   3   3   3   8  12  14  14  15   1  90  90  90  90  90  90  90   4   3   3   3   3   3   3   3   3   3   3   3   3   3   3   3   3   3   3   3   3   3   3   3   3   3   3
   3   3   3   3   3   3   3   3   3   3   3   3   3   3   3   3   3   3   3   3   3   3   3   3   3   3   3   3   3   3   3   3   5  10  14  14  15   1  90  90  90  90  90  90  90   4   3   3   3   3   3   3   3   3   3   3   3   3   3   3   3   3   3   3   3   3   3   3   3   3   3   3
   3   3   3   3   3   3   3   3   3   3   3   3   3   3   3   3   3   3   3   3   3   3   3   3   3   3   3   3   3   3   3   3   5   9  14  15  15   1  90  90  90  90  90  90  90   4   4   3   3   3   3   4   5   4   4   3   3   3   3   3   3   3   3   3   3   3   3   3   3   3   3   3
   3   3   3   3   3   3   3   3   3   3   3   3   3   3   3   3   3   3   3   3   3   3   3   3   3   3   3   3   3   3   3   3   4   9  14  15  15   1  90  90  90  90  90  90  90   4   4   3   3   3   5   8   9   9   6   3   3   3   3   3   3   3   3   3   3   3   3   3   3   3   3   3
   3   3   3   3   3   3   3   3   3   3   3   3   3   3   3   3   3   3   3   3   3   3   3   3   3   3   3   3   3   3   3   3   4   8  13  14  15   1  90  90  90  90  90  90  90  90   4   4   4   6   5  90  90   6   6   3   3   3   3   3   3   3   3   3   3   3   3   3   3   3   3   3
   3   3   3   3   3   3   3   3   3   3   3   3   3   3   3   3   3   3   3   3   3   3   3   3   3   3   3   3   3   3   3   3   3   7  11  14  15   1   1  90  90  90  90  90  90  90   6   6   7   7   5   5   5   5   5   3   3   3   3   3   3   3   3   3   3   3   3   3   3   3   3   3
   3   3   3   3   3   3   3   3   3   3   3   3   3   3   3   3   3   3   3   3   3   3   3   3   3   3   3   3   3   3   3   3   3   7  10  13  14  15  15  15  90  90  90  90  90  90   6   7   7   7   6   7   7   7   4   3   3   3   3   3   3   3   3   3   3   3   3   3   3   3   3   3
   3   3   3   3   3   3   3   3   3   3   3   3   3   3   3   3   3   3   3   3   3   3   3   3   3   3   3   3   3   3   3   3   4   7  10  11  14  15  15  15  15  15  90  90  90   6   6   6   5   4   4   4   4   5   3   3   3   3   3   3   3   3   3   3   3   3   3   3   3   3   3   3
   3   3   3   3   3   3   3   3   3   3   3   3   3   3   3   3   3   3   3   3   3   3   3   3   3   3   3   3   3   4   4   4   7  11  11  11  13  15  15  15  15  15  14  90   8   8   8   5   3   3   3   3   3   3   3   3   3   3   3   3   3   3   3   3   3   3   3   3   3   3   3   3
   3   3   3   3   3   3   3   3   3   3   3   3   3   3   3   3   3   3   3   3   3   3   3   3   3   3   3   3   4   6   6   7  10  12  12  12  12  14  15  15  15  14  12   8   8   8  90   5   3   3   3   3   3   3   3   3   3   3   3   3   3   3   3   3   3   3   3   3   3   3   3   3
   3   3   3   3   3   3   3   3   3   3   3   3   3   3   3   3   3   3   3   3   3   3   3   3   3   3   3   3   4   9   9   1   1   1  13  12  12  13  14  15  15  13  11   8   8  90  90   6   3   3   3   3   3   3   3   3   3   3   3   3   3   3   3   3   3   3   3   3   3   3   3   3
   3   3   3   3   3   3   3   3   3   3   3   3   3   3   3   3   3   3   3   3   3   3   3   3   3   3   3   3   5  11  13   1  90   1  13  12  12  12  14  15  15  13  11   9   8  90  90   7   3   3   3   3   3   3   3   3   3   3   3   3   3   3   3   3   3   3   3   3   3   3   3   3
   3   3   3   3   3   3   3   3   3   3   3   3   3   3   3   3   3   3   3   3   3   3   3   3   3   3   3   3   6  13  14  90  90  90  90  12  12  12  14  15  14  14  90  90  90  90  90   7   3   3   3   3   3   3   3   3   3   3   3   3   3   3   3   3   3   3   3   3   3   3   3   3
   3   3   3   3   3   3   3   3   3   3   3   3   3   3   3   3   3   3   3   3   3   3   3   3   3   3   3   3   6  13  14  90  90  90  90  12  12  12  14  14  14  14  90  90  90  90  90   3   3   3   3   3   3   3   3   3   3   3   3   3   3   3   3   3   3   3   3   3   3   3   3   3
   3   3   3   3   3   3   3   3   3   3   3   3   3   3   3   3   3   3   3   3   3   3   3   3   3   3   3   3   7  14  14  90  90  90  90  90  90  90  14  14  14  14  90  90  90  90  90  90   3   3   3   3   3   3   3   3   3   3   3   3   3   3   3   3   3   3   3   3   3   3   3   3
   3   3   3   3   3   3   3   3   3   3   3   3   3   3   3   3   3   3   3   3   3   3   3   3   3   3   3   4   9  14  90  90  90  90  90  90  90  90  14  14  14  14  14  90  90  90  90  90   3   3   3   3   3   3   3   3   3   3   3   3   3   3   3   3   3   3   3   3   3   3   3   3
   3   3   3   3   3   3   3   3   3   3   3   3   3   3   3   3   3   3   3   3   3   3   3   3   3   3   3   4  10  10  90  90  90  90  90  90  90  90  15  15  14  14  13  11  90  90  90  90   3   3   3   3   3   3   3   3   3   3   3   3   3   3   3   3   3   3   3   3   3   3   3   3
   3   3   3   3   3   3   3   3   3   3   3   3   3   3   3   3   3   3   3   3   3   3   3   3   3   3   3   4  10  10  90  90  90  90  90  90  90  90   4   4  14  14  13  11  90  90  90  90   3   3   3   3   3   3   3   3   3   3   3   3   3   3   3   3   3   3   3   3   3   3   3   3
   3   3   3   3   3   3   3   3   3   3   3   3   3   3   3   3   3   3   3   3   3   3   3   3   3   3   3   6  12  12  90  90  90  90  90  90  90  90  90   4  14  14  13  11   8  90  90   6   3   3   3   3   3   3   3   3   3   3   3   3   3   3   3   3   3   3   3   3   3   3   3   3
   3   3   3   3   3   3   3   3   3   3   3   3   3   3   3   3   3   3   3   3   3   3   3   3   3   3   4   7  13  13  90  90  90  90  90  90  90  90  90   4  15  14  13  10   8  90  90   6   3   3   3   3   3   3   3   3   3   3   3   3   3   3   3   3   3   3   3   3   3   3   3   3
   3   3   3   3   3   3   3   3   3   3   3   3   3   3   3   3   3   3   3   3   3   3   3   3   3   3   4   8  14  14  90  90  90  90  90  90  90  90  90   4  15  14  13  10   8  90  90   5   4   3   3   3   3   3   3   3   3   3   3   3   3   3   3   3   3   3   3   3   3   3   3   3
   3   3   3   3   3   3   3   3   3   3   3   3   3   3   3   3   3   3   3   3   3   3   3   3   3   3   5  10  15  14  90  90  90  90  90  90  90  90  90   4  15  14  13  11   8   8   7   5   4   3   3   3   3   3   3   3   3   3   3   3   3   3   3   3   3   3   3   3   3   3   3   3
   3   3   3   3   3   3   3   3   3   3   3   3   3   3   3   3   3   3   3   3   3   3   3   3   3   3   6  11  15  14  90  90  90  90  90  90  90  90  90   4  15  14  12  11   8   8   7   5   4   3   3   3   3   3   3   3   3   3   3   3   3   3   3   3   3   3   3   3   3   3   3   3
   3   3   3   3   3   3   3   3   3   3   3   3   3   3   3   3   3   3   3   3   3   3   3   3   3   3   7  13  15  14  90  90  90  90  90  90  90  90  90   4  15  14  12  90   8   8   7   6   4   3   3   3   3   3   3   3   3   3   3   3   3   3   3   3   3   3   3   3   3   3   3   3
   3   3   3   3   3   3   3   3   3   3   3   3   3   3   3   3   3   3   3   3   3   3   3   3   3   4  10  14  15  14  90  90  90  90  90  90  90  90  90  90  14  14  11   9   9   8   8   8   6   5   4   4   5   5   4   3   3   3   3   3   3   3   3   3   3   3   3   3   3   3   3   3
   3   3   3   3   3   3   3   3   3   3   3   3   3   3   3   3   3   3   3   3   3   3   3   3   3   5  11  14  15  14  90  90  90  90  90  90  90  90  90  90  14  14  11   9   9   9   8   8   6   5   5   5   4   4   4   3   3   3   3   3   3   3   3   3   3   3   3   3   3   3   3   3
   3   3   3   3   3   3   3   3   3   3   3   3   3   3   3   3   3   3   3   3   3   3   3   3   3   7  13  14  15  14  90  90  90  90  90  90  90  90  90  90  14  14  11   9   9   9  90  90  90  90   7   7   4  90   4   3   3   3   3   3   3   3   3   3   3   3   3   3   3   3   3   3
   3   3   3   3   3   3   3   3   3   3   3   3   3   3   3   3   3   3   3   3   3   3   3   3   3   8  14  15  15  14  90  90  90  90  90  90  90  90  90  90   1  90   8   8   8  11  11  90  90  90  90  90  90  90   4   3   3   3   3   3   3   3   3   3   3   3   3   3   3   3   3   3
   3   3   3   3   3   3   3   3   3   3   3   3   3   3   3   3   3   3   3   3   3   3   3   3   4   9  14  15  15  14  90  90  90  90  90  90  90  90  90  90   1  90   8   8   8  11  11  90  90  90  90  90  90  90   4   3   3   3   3   3   3   3   3   3   3   3   3   3   3   3   3   3
   3   3   3   3   3   3   3   3   3   3   3   3   3   3   3   3   3   3   3   3   3   3   3   3   4  10  14  15  15  14  90  90  90  90  90  90  90  90  90  90   1  90   8   7   7  10  13  13  13  90  90  90  90  90   4   4   4   6   5   3   3   3   3   3   3   3   3   3   3   3   3   3
   3   3   3   3   3   3   3   3   3   3   3   3   3   3   3   3   3   3   3   3   3   3   3   3   5  11  14  15  15  14  90  90  90  90  90  90  90  90  90  90   4   6   8   5   5   7   8  10  11  11  11  11   7  90  90   4   8   8   7   4   4   4   3   3   3   3   3   3   3   3   3   3
   3   3   3   3   3   3   3   3   3   3   3   3   3   3   3   3   3   3   3   3   3   3   3   3   6  12  14  14  14  14  90  90  90  90  90  90  90  90  90  90   4   6   6   4   4   5   6   8   9  15  15  14   7  90  90   2   2   2   8   4   4   5   3   3   3   3   3   3   3   3   3   3
   3   3   3   3   3   3   3   3   3   3   3   3   3   3   3   3   3   3   3   3   3   3   3   4   8  13  14  90  90  15  15  90  90  90  90  90  90  90  90  90   4   6   4   3   3   3   4   5   6  11   8   7   7   5  90  90  90   2   8   5   6   8   4   3   3   3   3   3   3   3   3   3
   3   3   3   3   3   3   3   3   3   3   3   3   3   3   3   3   3   3   3   3   3   3   3   4   9  14  15  15  90  15  15  90  90  90  90  90  90  90  90  90   4   5   4   3   3   3   3   4   5   7   6   6   6   5  90  90  90  90   5   5   7   9   4   3   3   3   3   3   3   3   3   3
   3   3   3   3   3   3   3   3   3   3   3   3   3   3   3   3   3   3   3   3   3   3   3   5  10  14  15  15  90  15  15  90  90  90  90  90  90  90  90   4   4   4   3   3   3   3   3   3   3   5   4   4   5   5  90  90  90  90   5   5   8  11   5   3   3   3   3   3   3   3   3   3
   3   3   3   3   3   3   3   3   3   3   3   3   3   3   3   3   3   3   3   3   3   3   3   7  12  15  15  15  15  15  15  90  90  90  90  90  90  90  90   4   4   3   3   3   3   3   3   3   3   3   3   3   4   6   9   9   9   9   9   6   9  12   6   3   3   3   3   3   3   3   3   3
   3   3   3   3   3   3   3   3   3   3   3   3   3   3   3   3   3   3   3   3   3   3   4   8  13  15  15  15  15  15  15  90  90  90  90  90  90  90  90   5   5   3   3   3   3   3   3   3   3   3   3   3   4   7  13  14  14  14  10   6   9  12   6   3   3   3   3   3   3   3   3   3
   3   3   3   3   3   3   3   3   3   3   3   3   3   3   3   3   3   3   3   3   3   3   4   9  14  15  15  15  15  15  15  90  90  90  90  90  90  90  90   6   6   3   3   3   3   3   3   3   3   3   3   3   3   6  12  14  14  14   9   6  10  12   6   3   3   3   3   3   3   3   3   3
   3   3   3   3   3   3   3   3   3   3   3   3   3   3   3   3   3   3   3   3   3   3   4   4  90  90  90  90  15  15  90  90  90  90  90  90  90  90  90   9   9   5   3   3   3   3   3   3   3   3   3   3   3   4  10  14  14  13   8   6  10  13   7   3   3   3   3   3   3   3   3   3
   3   3   3   3   3   3   3   3   3   3   3   3   3   3   3   3   3   3   3   3   3   3   4   4  90  90  90  90   1   1  90  90  90  90  90  90  90  90  14  14  11   6   3   3   3   3   3   3   3   3   3   3   3   4   8  12  13  11   6   6  10  13   8   3   3   3   3   3   3   3   3   3
   3   3   3   3   3   3   3   3   3   3   3   3   3   3   3   3   3   3   3   3   3   3   4   4  90  90  90  90  90  90  90  90  90  90  90  90  90  11  15  15  13   8   4   3   3   3   3   3   3   3   3   3   3   3   6  10  12   9   6   7  12  14   9   4   3   3   3   3   3   3   3   3
   3   3   3   3   3   3   3   3   3   3   3   3   3   3   3   3   3   3   3   3   3   3   4   4  90  90  90  90  90  90  90  90  90  90  90  90   1  11  15  15  14  10   5   3   3   3   3   3   3   3   3   3   3   3   4   6   8   6   6   9  13  14  12   7   4   3   3   3   3   3   3   3
   3   3   3   3   3   3   3   3   3   3   3   3   3   3   3   3   3   3   3   3   3   3   4   7  90  90  90  90  90  90  90  90  90  90  90  90   1  15  15  15  14  11   6   4   3   3   3   3   3   3   3   3   3   3   3   4   5   5   6  11  14  14  13   9   5   3   3   3   3   3   3   3
   3   3   3   3   3   3   3   3   3   3   3   3   3   3   3   3   3   3   3   3   3   3   4   7  90  90  90  90  90  90  90  90  90  90  90  90   1   9  15  15  15  13   7   5   4   3   3   3   3   3   3   3   3   3   3   3   3   4   6  12  14  15  14  12   6   3   3   3   3   3   3   3
   3   3   3   3   3   3   3   3   3   3   3   3   3   3   3   3   3   3   3   3   3   3   3   7  90  90  90  90  90  90  90  90  90  90  90  90  90   9  15  15  15  14   9   8   7   5   4   3   3   3   3   3   3   3   3   3   3   4   8  13  15  15  15  14  10   4   3   3   3   3   3   3
   3   3   3   3   3   3   3   3   3   3   3   3   3   3   3   3   3   3   3   3   3   3   3   8  90  90  90  90  90  90  90  90  90  90  90  90  90   9  15  15  15  14  11   5   5   5   5   4   4   3   3   3   3   3   3   4   4   6  10  14  15  90  90  11  11   5   3   3   3   3   3   3
   3   3   3   3   3   3   3   3   3   3   3   3   3   3   3   3   3   3   3   3   3   3   4  10  90  90  90  90  90  90  90  90  90  90  90  90  90   9  15  15  15  15  13   5  90   5   7   6   5   4   3   3   4   5   5   6   6   8  12  14  14  90  90  11  12   5   3   3   3   3   3   3
   3   3   3   3   3   3   3   3   3   3   3   3   3   3   3   3   3   3   3   3   3   3   4  10  90  90  90  90  90  90  90  90  90  90  90  90  90  90  15  15  15  15  15  90  90   5   8   8   6   5   4   4   5   7   8   9  10  12  14  15  90  90  90  11  12   6   3   3   3   3   3   3
   3   3   3   3   3   3   3   3   3   3   3   3   3   3   3   3   3   3   3   3   3   3   3  90  90  90  90  90  90  90  90  90  90  90  90  90  90  90  15  15  15  15  15  90  90  90   8  14  12   9   8   8  11  11  13  13  14  14  15  15  90  90  90  90   7   7   3   3   3   3   3   3
   3   3   3   3   3   3   3   3   3   3   3   3   3   3   3   3   3   3   3   3   3   3   3  90  14  14  14  14  90  90  90  90  90  90  90  90  90  90  15  15  15  15  90  90  90  90  90  14  13  12  11  11  13  13  14  14  14  15  15  15  90  90  90  90  90   7   5   3   3   3   3   3
   3   3   3   3   3   3   3   3   3   3   3   3   3   3   3   3   3   3   3   3   3   3   3  90  14  14  14  14  14  90  90  90  90  90  90  90  90  90  90  15  15  15  90  90  90  90  90  14  14  14  13  13  14  15  15  15  15  15  15  15  90  90  90  90  90   5   5   4   3   3   3   3
   3   3   3   3   3   3   3   3   3   3   3   3   3   3   3   3   3   3   3   3   3   3   3  90  14  14  14  14  14  14  14  90  90  90  90  90  90  90  90  15  15  15  90  90  90  90  90  90  14  14  14  14  14  15  15  15  15  15  15  15  90  90  90  90  90  90   5   5   3   3   3   3
   3   3   3   3   3   3   3   3   3   3   3   3   3   3   3   3   3   3   3   3   3   3   3  90  14  14  14  15  14  14  14  90  90  90  90  90  90  90  90   8   8   8  90  90  90  90  90  90   8   8  15  14  14  14  15  15  15  15  90  90  90  90  90  90  90  90   5   5   4   3   3   3
   3   3   3   3   3   3   3   3   3   3   3   3   3   3   3   3   3   3   3   3   3   3   3  90  15  90  90  15  15  15  14  14   1  90  90  90  90  90  90  90   1   1  90  90  90  90  90  90  90   8  15  15  14  14  15  15  15  90  90  90  90  90  90  90  90  90  90   5   7   3   3   3
   3   3   3   3   3   3   3   3   3   3   3   3   3   3   3   3   3   3   3   3   3   3  90  90  15  90  90  90  90  90  14  14   1  90  90  90  90  90  90  90  90  90  90  90  90  90  90  90  90  90  15  15  15  15  15  15  15  90  90  90  90  90  90  90  90  90  90  90  10   4   3   3
   3   3   3   3   3   3   3   3   3   3   3   3   3   3   3   3   3   3   3   3   3  90  90  90  15  90  90  90  90  90   1   1  90  90  90  90  90  90  90  90  90  90  90  90  90  90  90  90  90  90  90  15  15  15  15  15  15  90  90  90  90  90  90  90  90  90  90  90  10   5   3   3
   3   3   3   3   3   3   3   3   3   3   3   3   3   3   3   3   3   3   3   3   3  90  90  15  15  90  90  90  90  90  90  90  90  90  90  90  90  90  90  90  90  90  90  90  90  90  90  90  90  90  90  15  15  15  15  15  15  90  90  90  90  90  90  90  90  90  90  90  10   5   3   3
   3   3   3   3   3   3   3   3   3   3   3   3   3   3   3   3   3   3   3   3  90  90  90  15  15  15  15  90  90  90  90  90  90  90  90  90  90  90  90  90  90  90  90  90  90  90  90  90  90  90  90  90  90   4   4   4  90  90  90  90  90  90  90  90  90  90  90  90  90   5   3   3
   3   3   3   3   3   3   3   3   3   3   3   3   3   3   3   3   3   3   3  90  90  90  15  15  15  15  15  15  90  90  90  90  90  90  90  90  90  90  90  90  90  90  90  90  90  90  90  90  90  90  90  90  90  90  90  90  90  90  90  90  90  90  90  90  90  90  90  90  90   3   3   3
   4   3   3   3   3   3   3   3   3   3   3   3   3   3   3   3   3  90  90  90  90  90  15  15  15  15  15  15  90  90  90  90  90  90  90  90  90  90  90  90  90  90  90  90  90  90  90  90  90  90  90  90  90  90  90  90  90  90  90  90  90  90  90  90  90  90  90  90  90  90   3   6
   6   3   3   3   3   3   3   3   3   3   3   3   3   3   3   3  90  90  90  90  14  15  15  15  15  15  15  15  90  90  90  90  90  90  90  90  90  90  90  90  90  90  90  90  90  90  90  90  90  90  90  90  90  90  90  90  90  90  90  90  90  90  90  90  90  90  90  90  90  90   3   6
   7   7   5   4   4   4   4   4   4   5   5   3   3  90  90  90  90  90  90  14  14  15  15  15  15  90  90  90  90  90  90  90  90  90  90  90  90  90  90  90  90  90  90  90  90  90  90  90  90  90  90  90  90  90  90  90  90  90  90  90  90  90  90  90  90  90  90  90  90  90  90   6
   1   1   1   1   1   1   1   1  90  90  90  90  90  90  90  90   1   1  14  15  15  15  15  90  90  90  90  90  90  90  90  90  90  90  90  90  90  90  90  90  90  90  90  90  90  90  90  90  90  90  90  90  90  90  90  90  90  90  90  90  90  90  90  90  90  90  90  90  90  90  90  90
  90  90  90  90  90  90  90  90  90  90  90  90  90   1   1   1   1   1   1   1  90  90  90  90  90  90  90  90  90  90  90  90  90  90  90  90  90  90  90  90  90  90  90  90  90  90  90  90  90  90  90  90  90  90  90  90  90  90  90  90  90  90  90  90  90  90  90  90  90  90  90  90
