   0.0000000e+00
   0.0000000e+00
   0.0000000e+00
   0.0000000e+00
   0.0000000e+00
   0.0000000e+00
   0.0000000e+00
   0.0000000e+00
   0.0000000e+00
   0.0000000e+00
   0.0000000e+00
   0.0000000e+00
   0.0000000e+00
   0.0000000e+00
   0.0000000e+00
   0.0000000e+00
   0.0000000e+00
   0.0000000e+00
   0.0000000e+00
   0.0000000e+00
   0.0000000e+00
   0.0000000e+00
   0.0000000e+00
   0.0000000e+00
   0.0000000e+00
   0.0000000e+00
   0.0000000e+00
   0.0000000e+00
   0.0000000e+00
   0.0000000e+00
   0.0000000e+00
   0.0000000e+00
   0.0000000e+00
   0.0000000e+00
   0.0000000e+00
   0.0000000e+00
   0.0000000e+00
   0.0000000e+00
   0.0000000e+00
   0.0000000e+00
   0.0000000e+00
   0.0000000e+00
   0.0000000e+00
   0.0000000e+00
   0.0000000e+00
   0.0000000e+00
   0.0000000e+00
   0.0000000e+00
   0.0000000e+00
   0.0000000e+00
   0.0000000e+00
   0.0000000e+00
   0.0000000e+00
   0.0000000e+00
   0.0000000e+00
   0.0000000e+00
   0.0000000e+00
   0.0000000e+00
   0.0000000e+00
   0.0000000e+00
   0.0000000e+00
   0.0000000e+00
   0.0000000e+00
   0.0000000e+00
   0.0000000e+00
   0.0000000e+00
   0.0000000e+00
   0.0000000e+00
   0.0000000e+00
   0.0000000e+00
   0.0000000e+00
   0.0000000e+00
   0.0000000e+00
   0.0000000e+00
   0.0000000e+00
   0.0000000e+00
   0.0000000e+00
   0.0000000e+00
   0.0000000e+00
   0.0000000e+00
   0.0000000e+00
   0.0000000e+00
   0.0000000e+00
   0.0000000e+00
   0.0000000e+00
   5.7057064e-03
   3.4918715e-03
   2.6041278e-04
  -1.5649954e-03
  -3.2104905e-03
  -5.8608473e-03
  -6.8200992e-03
  -0.0000000e+00
   0.0000000e+00
   0.0000000e+00
   0.0000000e+00
  -0.0000000e+00
  -0.0000000e+00
  -0.0000000e+00
  -0.0000000e+00
  -0.0000000e+00
  -1.1142644e-02
  -9.0896526e-03
  -9.4234994e-03
  -1.0103620e-02
  -1.1299715e-02
  -1.2252715e-02
  -1.2920668e-02
  -1.3422356e-02
  -1.3511769e-02
  -1.3355215e-02
  -1.3023047e-02
  -1.2953820e-02
  -1.3337819e-02
  -1.4224269e-02
  -1.5030257e-02
  -1.5498599e-02
   0.0000000e+00
   0.0000000e+00
   0.0000000e+00
   0.0000000e+00
   0.0000000e+00
   0.0000000e+00
  -2.1373794e-02
  -2.1116308e-02
  -1.8720764e-02
  -1.7104982e-02
  -0.0000000e+00
  -0.0000000e+00
  -0.0000000e+00
  -0.0000000e+00
  -0.0000000e+00
   0.0000000e+00
   0.0000000e+00
   0.0000000e+00
   0.0000000e+00
   0.0000000e+00
   0.0000000e+00
   0.0000000e+00
   0.0000000e+00
   0.0000000e+00
   0.0000000e+00
   0.0000000e+00
   0.0000000e+00
   0.0000000e+00
   0.0000000e+00
   0.0000000e+00
   0.0000000e+00
   0.0000000e+00
   0.0000000e+00
   0.0000000e+00
   0.0000000e+00
   0.0000000e+00
   0.0000000e+00
   0.0000000e+00
   0.0000000e+00
   0.0000000e+00
   0.0000000e+00
   2.6648006e-03
  -5.5109558e-04
  -2.2331368e-03
  -2.5216667e-03
  -3.1694037e-03
  -4.5951777e-03
  -0.0000000e+00
   0.0000000e+00
   0.0000000e+00
   0.0000000e+00
   0.0000000e+00
   0.0000000e+00
   0.0000000e+00
   0.0000000e+00
   0.0000000e+00
   0.0000000e+00
  -0.0000000e+00
   0.0000000e+00
  -1.3318483e-03
  -7.8156803e-03
  -9.1229262e-03
  -9.2301891e-03
  -1.1046627e-02
  -1.2174370e-02
  -1.2119860e-02
  -1.2473454e-02
  -1.3569403e-02
  -1.4096764e-02
  -1.3990206e-02
  -1.4640560e-02
  -1.6735807e-02
   0.0000000e+00
   0.0000000e+00
   0.0000000e+00
  -2.1678882e-02
  -2.0020092e-02
  -1.6535114e-02
  -1.6944574e-02
  -1.5486094e-02
  -1.2356282e-02
  -7.0843263e-03
  -0.0000000e+00
  -0.0000000e+00
  -0.0000000e+00
   0.0000000e+00
   0.0000000e+00
   0.0000000e+00
   0.0000000e+00
   0.0000000e+00
   0.0000000e+00
   0.0000000e+00
   0.0000000e+00
   0.0000000e+00
   0.0000000e+00
   0.0000000e+00
   0.0000000e+00
   0.0000000e+00
   0.0000000e+00
   0.0000000e+00
   0.0000000e+00
   0.0000000e+00
   0.0000000e+00
   0.0000000e+00
   0.0000000e+00
   0.0000000e+00
   0.0000000e+00
   0.0000000e+00
   0.0000000e+00
   0.0000000e+00
   0.0000000e+00
   0.0000000e+00
   0.0000000e+00
  -3.1861345e-03
  -7.6761067e-04
   2.0943379e-03
   3.7310383e-03
   2.0882882e-03
   3.9350128e-04
   0.0000000e+00
   0.0000000e+00
   0.0000000e+00
   0.0000000e+00
   0.0000000e+00
   0.0000000e+00
   0.0000000e+00
   0.0000000e+00
   0.0000000e+00
   0.0000000e+00
   0.0000000e+00
   0.0000000e+00
   0.0000000e+00
  -1.8253248e-03
   2.2117262e-03
   2.9309747e-03
   8.0095995e-05
  -1.6553032e-03
  -2.9097956e-03
  -5.7349844e-03
  -7.8360362e-03
  -8.3417526e-03
  -8.2468436e-03
  -8.4105136e-03
  -9.0498519e-03
  -8.5015501e-03
  -1.0508225e-02
  -1.1571034e-02
  -1.1288788e-02
  -1.1816564e-02
  -1.0261844e-02
  -8.7722369e-03
  -6.1334575e-03
  -0.0000000e+00
   0.0000000e+00
   0.0000000e+00
   0.0000000e+00
   0.0000000e+00
   0.0000000e+00
   0.0000000e+00
   0.0000000e+00
   0.0000000e+00
   0.0000000e+00
   0.0000000e+00
   0.0000000e+00
   0.0000000e+00
   0.0000000e+00
   0.0000000e+00
   0.0000000e+00
   0.0000000e+00
   0.0000000e+00
   0.0000000e+00
   0.0000000e+00
   0.0000000e+00
   0.0000000e+00
   0.0000000e+00
   0.0000000e+00
   0.0000000e+00
   0.0000000e+00
   0.0000000e+00
   0.0000000e+00
   0.0000000e+00
   0.0000000e+00
   0.0000000e+00
  -4.8994558e-03
  -2.9279983e-03
  -4.8893946e-04
   6.5712070e-03
   1.0941019e-02
   1.4889280e-02
   1.7495602e-02
   1.4644143e-02
   1.4728647e-02
   0.0000000e+00
   0.0000000e+00
   0.0000000e+00
   0.0000000e+00
   0.0000000e+00
   1.9367389e-02
   1.6867100e-02
   1.6155407e-02
   1.4635664e-02
   1.1592157e-02
   1.0728609e-02
   1.3220363e-02
   1.9278662e-02
   2.2048481e-02
   2.5563547e-02
   2.6149836e-02
   2.5470910e-02
   2.3508637e-02
   1.9947984e-02
   1.5726793e-02
   1.1306538e-02
   7.2021743e-03
   5.7315296e-03
   5.6618670e-03
   5.5361307e-03
   3.9053804e-03
   2.7194310e-03
   2.9688937e-03
   3.6603626e-03
   3.6672877e-03
   3.2332304e-03
   0.0000000e+00
   0.0000000e+00
   0.0000000e+00
   0.0000000e+00
   0.0000000e+00
   0.0000000e+00
   0.0000000e+00
   0.0000000e+00
   0.0000000e+00
   0.0000000e+00
   0.0000000e+00
   0.0000000e+00
   0.0000000e+00
   0.0000000e+00
   0.0000000e+00
   0.0000000e+00
   0.0000000e+00
   0.0000000e+00
   0.0000000e+00
   0.0000000e+00
   0.0000000e+00
   0.0000000e+00
   0.0000000e+00
   0.0000000e+00
   0.0000000e+00
   0.0000000e+00
   0.0000000e+00
   0.0000000e+00
   0.0000000e+00
   0.0000000e+00
   0.0000000e+00
   3.6833532e-03
   4.0425132e-03
   5.2034775e-03
   9.9813830e-03
   1.6463006e-02
   2.3806416e-02
   2.8925144e-02
   3.3579488e-02
   3.1619862e-02
   2.8807688e-02
   0.0000000e+00
   0.0000000e+00
   0.0000000e+00
   0.0000000e+00
   0.0000000e+00
   2.7989232e-02
   2.9062382e-02
   2.8950609e-02
   2.8252095e-02
   2.6194655e-02
   2.5163437e-02
   2.5983013e-02
   2.9993302e-02
   3.6636270e-02
   4.2596239e-02
   4.6345687e-02
   4.7712886e-02
   4.8430855e-02
   4.7603074e-02
   4.4743735e-02
   4.0071237e-02
   3.0485935e-02
   1.2660510e-02
   1.2294665e-02
   2.2124721e-02
   1.9844093e-02
   1.6750449e-02
   1.7132847e-02
   1.7865858e-02
   1.8862406e-02
   1.6837824e-02
   0.0000000e+00
   0.0000000e+00
   0.0000000e+00
   0.0000000e+00
   0.0000000e+00
   0.0000000e+00
   0.0000000e+00
   0.0000000e+00
   0.0000000e+00
   0.0000000e+00
   0.0000000e+00
   0.0000000e+00
   0.0000000e+00
   0.0000000e+00
   0.0000000e+00
   0.0000000e+00
   0.0000000e+00
   0.0000000e+00
   0.0000000e+00
   0.0000000e+00
   0.0000000e+00
   0.0000000e+00
   0.0000000e+00
   0.0000000e+00
   0.0000000e+00
   0.0000000e+00
   0.0000000e+00
   0.0000000e+00
   0.0000000e+00
   0.0000000e+00
   1.6883636e-02
   1.9586129e-02
   2.3079244e-02
   2.2545285e-02
   2.2711674e-02
   2.8947312e-02
   3.6509726e-02
   4.3621512e-02
   5.1920495e-02
   5.2091761e-02
   5.3845809e-02
   5.0978128e-02
   0.0000000e+00
   0.0000000e+00
   0.0000000e+00
   4.1068737e-02
   4.5898485e-02
   5.0515501e-02
   5.2424194e-02
   5.4081340e-02
   5.4620633e-02
   5.5236601e-02
   5.4770965e-02
   5.4797427e-02
   5.6357799e-02
   5.9591501e-02
   6.3226071e-02
   6.5052527e-02
   6.7718236e-02
   6.8662752e-02
   6.8507982e-02
   6.7008032e-02
   5.7014948e-02
   0.0000000e+00
   0.0000000e+00
   2.6835832e-02
   2.5256053e-02
   2.3645697e-02
   3.0126949e-02
   3.2866704e-02
   3.3338914e-02
   3.2939032e-02
   0.0000000e+00
   0.0000000e+00
   0.0000000e+00
   0.0000000e+00
   0.0000000e+00
   0.0000000e+00
   0.0000000e+00
   0.0000000e+00
   0.0000000e+00
   0.0000000e+00
   0.0000000e+00
   0.0000000e+00
   0.0000000e+00
   0.0000000e+00
   0.0000000e+00
   0.0000000e+00
   0.0000000e+00
   0.0000000e+00
   0.0000000e+00
   0.0000000e+00
   0.0000000e+00
   0.0000000e+00
   0.0000000e+00
   0.0000000e+00
   0.0000000e+00
   0.0000000e+00
   0.0000000e+00
   0.0000000e+00
   0.0000000e+00
   0.0000000e+00
   0.0000000e+00
   0.0000000e+00
   2.2644716e-02
   2.2576757e-02
   2.9744155e-02
   3.9559263e-02
   4.7559978e-02
   5.7269908e-02
   6.6439985e-02
   7.0528467e-02
   7.0663003e-02
   7.1907380e-02
   6.9554727e-02
   8.5171181e-02
   6.1605824e-02
   5.9594671e-02
   6.5219143e-02
   7.1606240e-02
   7.3853586e-02
   7.6632389e-02
   7.8230524e-02
   8.0031268e-02
   8.1061100e-02
   8.1336548e-02
   8.2326544e-02
   8.1939023e-02
   8.4145822e-02
   8.4175696e-02
   8.6422741e-02
   8.7508968e-02
   8.6926038e-02
   8.6185119e-02
   7.9246750e-02
   7.6241117e-02
   7.3841225e-02
   7.5444103e-02
   4.4991865e-02
   4.4624006e-02
   4.6033270e-02
   4.7673224e-02
   4.6969079e-02
   4.8415152e-02
   4.9684477e-02
   5.0562872e-02
   4.7869954e-02
   4.6114283e-02
   5.2009088e-02
   0.0000000e+00
   0.0000000e+00
   0.0000000e+00
   0.0000000e+00
   0.0000000e+00
   0.0000000e+00
   0.0000000e+00
   0.0000000e+00
   0.0000000e+00
   0.0000000e+00
   0.0000000e+00
   0.0000000e+00
   0.0000000e+00
   0.0000000e+00
   0.0000000e+00
   0.0000000e+00
   0.0000000e+00
   0.0000000e+00
   0.0000000e+00
   0.0000000e+00
   0.0000000e+00
   4.0110783e-02
   4.5559523e-02
   4.7178063e-02
   4.2927143e-02
   4.4358584e-02
   4.5776623e-02
   3.3707571e-02
   3.4568153e-02
   4.2358652e-02
   5.1092972e-02
   5.8166272e-02
   6.6750614e-02
   7.6084017e-02
   8.0426258e-02
   8.3144333e-02
   8.5381585e-02
   8.5316135e-02
   8.6038779e-02
   8.3402282e-02
   8.1158627e-02
   8.2336016e-02
   8.5812202e-02
   8.7393469e-02
   8.8541337e-02
   8.9824672e-02
   9.0954925e-02
   9.2378736e-02
   9.3671443e-02
   9.5350890e-02
   9.6479846e-02
   9.8525896e-02
   9.9523329e-02
   1.0064003e-01
   1.0127910e-01
   1.0064539e-01
   9.9245348e-02
   9.5954766e-02
   9.0667622e-02
   8.2396758e-02
   7.6828147e-02
   7.2320929e-02
   6.8955850e-02
   0.0000000e+00
   5.4445346e-02
   5.6588170e-02
   5.9131778e-02
   6.0535030e-02
   6.1611861e-02
   6.0315011e-02
   5.8693472e-02
   5.2392186e-02
   0.0000000e+00
   0.0000000e+00
   0.0000000e+00
   0.0000000e+00
   0.0000000e+00
   0.0000000e+00
   0.0000000e+00
   0.0000000e+00
   0.0000000e+00
   0.0000000e+00
   0.0000000e+00
   0.0000000e+00
   0.0000000e+00
   0.0000000e+00
   0.0000000e+00
   0.0000000e+00
   0.0000000e+00
   0.0000000e+00
   5.3917947e-02
   6.2248946e-02
   6.7077172e-02
   4.1478670e-02
   4.6071602e-02
   4.7178063e-02
   4.2927143e-02
   4.4451174e-02
   4.6298005e-02
   4.6431736e-02
   5.1549251e-02
   5.5490743e-02
   6.0999140e-02
   6.6201522e-02
   7.2858111e-02
   8.0782802e-02
   8.5651344e-02
   8.9326617e-02
   9.3279924e-02
   9.4959642e-02
   9.6458821e-02
   9.6795368e-02
   9.5967709e-02
   9.5839738e-02
   9.7041782e-02
   9.6941045e-02
   9.6130623e-02
   9.4497887e-02
   9.3860161e-02
   9.4046124e-02
   9.5528653e-02
   9.7735912e-02
   1.0061235e-01
   1.0386568e-01
   1.0637880e-01
   1.0817130e-01
   1.0919002e-01
   1.0908003e-01
   1.0805460e-01
   1.0580028e-01
   1.0257410e-01
   9.9003869e-02
   9.3588858e-02
   8.9507861e-02
   8.6440817e-02
   8.9580585e-02
   6.7526325e-02
   6.7754446e-02
   6.7802633e-02
   6.7678437e-02
   6.7140723e-02
   6.6518691e-02
   6.5142200e-02
   5.7126885e-02
   0.0000000e+00
   0.0000000e+00
   0.0000000e+00
   0.0000000e+00
   0.0000000e+00
   0.0000000e+00
   0.0000000e+00
   0.0000000e+00
   0.0000000e+00
   0.0000000e+00
   0.0000000e+00
   0.0000000e+00
   0.0000000e+00
   0.0000000e+00
   0.0000000e+00
   0.0000000e+00
   0.0000000e+00
   0.0000000e+00
   5.3917947e-02
   6.2248946e-02
   6.7077172e-02
   7.2691835e-02
   6.9441400e-02
   0.0000000e+00
   0.0000000e+00
   4.8676744e-02
   5.8195171e-02
   5.9236286e-02
   6.1310126e-02
   6.2596311e-02
   6.7152223e-02
   7.0147682e-02
   7.5420742e-02
   8.0969888e-02
   8.5681492e-02
   8.9356187e-02
   9.4096086e-02
   9.6741524e-02
   9.8906179e-02
   1.0107328e-01
   1.0215043e-01
   1.0316241e-01
   1.0399817e-01
   1.0325603e-01
   1.0035797e-01
   9.5895889e-02
   9.1797573e-02
   8.9582162e-02
   8.9395428e-02
   9.2190942e-02
   9.5891253e-02
   1.0126875e-01
   1.0467042e-01
   1.0781506e-01
   1.0967319e-01
   1.1076341e-01
   1.1043069e-01
   1.0929922e-01
   1.0708031e-01
   1.0463186e-01
   1.0064251e-01
   9.6206826e-02
   9.2138406e-02
   8.9580585e-02
   8.4686080e-02
   7.8804509e-02
   7.4390436e-02
   7.1752447e-02
   6.9409830e-02
   6.7747090e-02
   6.6770696e-02
   6.1256456e-02
   0.0000000e+00
   0.0000000e+00
   0.0000000e+00
   0.0000000e+00
   0.0000000e+00
   0.0000000e+00
   0.0000000e+00
   0.0000000e+00
   0.0000000e+00
   0.0000000e+00
   0.0000000e+00
   0.0000000e+00
   0.0000000e+00
   0.0000000e+00
   0.0000000e+00
   0.0000000e+00
   0.0000000e+00
   4.5760674e-02
   6.4021582e-02
   6.9276591e-02
   7.3672488e-02
   7.6168198e-02
   7.6243393e-02
   0.0000000e+00
   0.0000000e+00
   4.4960278e-02
   6.0195778e-02
   6.3275245e-02
   6.5055564e-02
   6.5167477e-02
   6.8466492e-02
   7.0067925e-02
   7.3180918e-02
   7.7403968e-02
   8.0405472e-02
   8.4041392e-02
   8.7589525e-02
   9.1368629e-02
   9.3655424e-02
   9.7068376e-02
   9.8372446e-02
   1.0060332e-01
   1.0017362e-01
   9.8804049e-02
   9.5800667e-02
   9.0149195e-02
   8.4821380e-02
   8.0163069e-02
   7.9166218e-02
   8.1016814e-02
   8.5458368e-02
   9.1072644e-02
   9.5658977e-02
   9.8989066e-02
   1.0195718e-01
   1.0356499e-01
   1.0394388e-01
   1.0382064e-01
   1.0246375e-01
   1.0121145e-01
   9.8130792e-02
   9.5668524e-02
   9.2493789e-02
   8.9221412e-02
   8.4903349e-02
   7.9925716e-02
   7.4862785e-02
   7.0901402e-02
   6.8090741e-02
   6.4754716e-02
   6.4433077e-02
   6.3012331e-02
   7.2002768e-02
   7.9242608e-02
   7.6868299e-02
   0.0000000e+00
   0.0000000e+00
   0.0000000e+00
   0.0000000e+00
   0.0000000e+00
   0.0000000e+00
   0.0000000e+00
   0.0000000e+00
   0.0000000e+00
   0.0000000e+00
   0.0000000e+00
   0.0000000e+00
   0.0000000e+00
   0.0000000e+00
   5.3344476e-02
   6.4500527e-02
   6.7622501e-02
   7.0972432e-02
   7.2611690e-02
   6.7054162e-02
   5.8042241e-02
   0.0000000e+00
   5.9139781e-02
   6.5198556e-02
   6.4460287e-02
   6.4370490e-02
   6.4313982e-02
   6.4851267e-02
   6.6069015e-02
   6.7547037e-02
   7.0554737e-02
   7.2330165e-02
   7.4602839e-02
   7.8212758e-02
   8.1343616e-02
   8.4664036e-02
   8.7426531e-02
   8.6643230e-02
   8.9509139e-02
   8.9682732e-02
   8.6293954e-02
   8.3464691e-02
   7.9774810e-02
   7.4804970e-02
   6.9665947e-02
   6.7239474e-02
   6.9104514e-02
   7.3211096e-02
   7.8686009e-02
   8.2971077e-02
   8.6419698e-02
   8.9282219e-02
   9.1051766e-02
   9.1756689e-02
   9.1935349e-02
   9.1637139e-02
   9.0792101e-02
   8.9448811e-02
   8.7629735e-02
   8.5519651e-02
   8.2625263e-02
   7.9107483e-02
   7.5093375e-02
   7.0136058e-02
   6.6657593e-02
   6.3341414e-02
   5.9373226e-02
   5.8406008e-02
   5.9032123e-02
   6.4974107e-02
   6.9839283e-02
   6.6816284e-02
   0.0000000e+00
   0.0000000e+00
   0.0000000e+00
   0.0000000e+00
   0.0000000e+00
   0.0000000e+00
   0.0000000e+00
   0.0000000e+00
   0.0000000e+00
   0.0000000e+00
   0.0000000e+00
   0.0000000e+00
   0.0000000e+00
   4.9815256e-02
   5.8236439e-02
   6.4689832e-02
   6.5082708e-02
   6.5739065e-02
   6.6568984e-02
   6.3357461e-02
   6.9072454e-02
   8.5048068e-02
   7.5798950e-02
   6.8348430e-02
   6.3051270e-02
   6.0930923e-02
   5.9763158e-02
   5.8751641e-02
   5.8593542e-02
   5.8951239e-02
   6.0370914e-02
   6.1588408e-02
   6.3312636e-02
   6.6104945e-02
   6.9112038e-02
   7.2833708e-02
   7.4752153e-02
   7.1451472e-02
   7.8870940e-02
   8.7437743e-02
   6.2340656e-02
   5.8544331e-02
   6.1769199e-02
   5.8969894e-02
   5.4442711e-02
   5.1303089e-02
   5.3765496e-02
   5.8126235e-02
   6.3615778e-02
   6.7863555e-02
   7.1189918e-02
   7.3786086e-02
   7.5483244e-02
   7.6433715e-02
   7.6914357e-02
   7.7268927e-02
   7.7102246e-02
   7.6514759e-02
   7.5504031e-02
   7.4070871e-02
   7.1762581e-02
   6.9041505e-02
   6.5870220e-02
   6.2193915e-02
   5.9170637e-02
   5.5929685e-02
   5.1766899e-02
   5.1544338e-02
   0.0000000e+00
   0.0000000e+00
   5.5406609e-02
   5.0518753e-02
   0.0000000e+00
   0.0000000e+00
   0.0000000e+00
   0.0000000e+00
   0.0000000e+00
   0.0000000e+00
   0.0000000e+00
   0.0000000e+00
   0.0000000e+00
   0.0000000e+00
   0.0000000e+00
   0.0000000e+00
   0.0000000e+00
   5.0429651e-02
   5.8372894e-02
   6.1314958e-02
   5.9599690e-02
   5.8320440e-02
   5.9042698e-02
   6.1862137e-02
   6.6667492e-02
   7.9761435e-02
   7.5841725e-02
   6.7050090e-02
   5.9286614e-02
   5.5488606e-02
   5.2825441e-02
   5.0361614e-02
   4.8955420e-02
   4.8418746e-02
   4.8686499e-02
   4.9334618e-02
   5.0526190e-02
   5.2639904e-02
   5.5301906e-02
   5.8695564e-02
   6.0471766e-02
   5.5739376e-02
   5.2023868e-02
   0.0000000e+00
   3.8442897e-02
   4.6030434e-02
   4.1061356e-02
   4.1142284e-02
   3.7084178e-02
   3.4240038e-02
   3.6868202e-02
   4.1326261e-02
   4.7017447e-02
   5.1154935e-02
   5.4281072e-02
   5.6852235e-02
   5.8438040e-02
   5.9532290e-02
   6.0426703e-02
   6.1100581e-02
   6.1469357e-02
   6.1450569e-02
   6.1031421e-02
   6.0118644e-02
   5.8473265e-02
   5.6624031e-02
   5.4464267e-02
   5.2002501e-02
   4.9633652e-02
   4.6847770e-02
   4.2436927e-02
   3.9668511e-02
   0.0000000e+00
   0.0000000e+00
   4.1493812e-02
   3.6030618e-02
   0.0000000e+00
   0.0000000e+00
   0.0000000e+00
   0.0000000e+00
   0.0000000e+00
   0.0000000e+00
   0.0000000e+00
   0.0000000e+00
   0.0000000e+00
   0.0000000e+00
   0.0000000e+00
   0.0000000e+00
   3.2202663e-02
   4.8025468e-02
   5.5016204e-02
   5.4145195e-02
   5.1007487e-02
   4.8919303e-02
   4.8153502e-02
   0.0000000e+00
   5.6563476e-02
   6.9377096e-02
   6.7787864e-02
   6.1209779e-02
   5.3119759e-02
   4.8191649e-02
   4.4183038e-02
   4.0347679e-02
   3.8165552e-02
   3.6930499e-02
   3.6519472e-02
   3.6509323e-02
   3.7042252e-02
   3.8735070e-02
   4.0759418e-02
   4.3441238e-02
   4.5455326e-02
   4.0655061e-02
   3.5256592e-02
   2.3104448e-02
   1.7061984e-02
   0.0000000e+00
   2.4412148e-02
   2.3696183e-02
   1.8324785e-02
   1.7240517e-02
   1.9871914e-02
   2.4179251e-02
   3.0006454e-02
   3.3899142e-02
   3.6829071e-02
   3.9522167e-02
   4.1045322e-02
   4.2211494e-02
   4.3499103e-02
   4.4320484e-02
   4.5023960e-02
   4.5563166e-02
   4.5503268e-02
   4.5059894e-02
   4.4129300e-02
   4.3197932e-02
   4.2137533e-02
   4.0599892e-02
   3.9005320e-02
   3.6790503e-02
   3.2279168e-02
   2.9821966e-02
   0.0000000e+00
   0.0000000e+00
   0.0000000e+00
   2.2069376e-02
   2.4652102e-02
   3.5795668e-02
   4.4567573e-02
   5.2539080e-02
   5.5283097e-02
   5.5130641e-02
   0.0000000e+00
   0.0000000e+00
   0.0000000e+00
   0.0000000e+00
   0.0000000e+00
   0.0000000e+00
   3.2202663e-02
   3.8672457e-02
   4.5703365e-02
   4.1138018e-02
   3.6453889e-02
   3.4151404e-02
   3.5090701e-02
   0.0000000e+00
   4.1195177e-02
   5.2525635e-02
   5.1964413e-02
   4.7656321e-02
   4.0790751e-02
   3.5549618e-02
   3.0970471e-02
   2.6638561e-02
   2.4158636e-02
   2.2573694e-02
   2.1508490e-02
   2.0922347e-02
   2.0835385e-02
   2.1771389e-02
   2.3055709e-02
   2.5108297e-02
   2.6508647e-02
   2.3529015e-02
   2.8008790e-02
   2.3104448e-02
   1.7061984e-02
   0.0000000e+00
   0.0000000e+00
  -1.2996591e-02
  -8.1851548e-03
  -3.4328842e-03
   5.2681703e-04
   4.7009131e-03
   9.8967597e-03
   1.3458520e-02
   1.6216852e-02
   1.8758830e-02
   2.0357105e-02
   2.1598982e-02
   2.2919021e-02
   2.3962534e-02
   2.4990883e-02
   2.5892859e-02
   2.6237383e-02
   2.6343718e-02
   2.6411317e-02
   2.6553271e-02
   2.6542769e-02
   2.6173127e-02
   2.5262414e-02
   2.3467465e-02
   2.0044767e-02
   1.8696216e-02
   0.0000000e+00
   0.0000000e+00
   0.0000000e+00
   1.2652236e-02
   2.4652102e-02
   3.5795668e-02
   4.4567573e-02
   5.2539080e-02
   5.5283097e-02
   5.5130641e-02
   0.0000000e+00
   0.0000000e+00
   0.0000000e+00
   0.0000000e+00
   0.0000000e+00
   0.0000000e+00
   2.3727567e-02
   2.8338710e-02
   3.1449171e-02
   2.5739895e-02
   2.1000973e-02
   1.9121817e-02
   2.0924782e-02
   0.0000000e+00
   2.9427736e-02
   3.4671594e-02
   3.3775947e-02
   3.0650989e-02
   2.5273085e-02
   2.0725154e-02
   1.6678720e-02
   1.2890892e-02
   1.0475972e-02
   8.6482617e-03
   7.2289287e-03
   6.4053988e-03
   5.8697501e-03
   6.1823029e-03
   6.6752981e-03
   7.9047174e-03
   8.7241780e-03
   7.8182931e-03
   1.0722575e-02
   1.1475389e-02
   1.0354183e-02
   0.0000000e+00
   0.0000000e+00
  -0.0000000e+00
  -2.8565731e-02
  -2.2737055e-02
  -1.6355039e-02
  -1.2482996e-02
  -8.1555495e-03
  -5.0463122e-03
  -2.6076859e-03
  -4.1842957e-04
   8.8456190e-04
   1.9724789e-03
   3.3702875e-03
   4.6115399e-03
   5.7778110e-03
   6.9636076e-03
   7.7689670e-03
   8.5303674e-03
   9.5313863e-03
   1.0440555e-02
   1.1214121e-02
   1.1642779e-02
   1.1150038e-02
   9.6302208e-03
   6.8364795e-03
   6.0399342e-03
   4.9339004e-03
  -7.5431200e-04
  -4.2440676e-03
  -2.0978486e-03
   9.5852447e-03
   2.1433674e-02
   3.0775899e-02
   3.8571663e-02
   4.0656304e-02
   3.7885727e-02
   0.0000000e+00
   0.0000000e+00
   0.0000000e+00
   0.0000000e+00
   0.0000000e+00
   0.0000000e+00
   1.6293447e-02
   1.9187680e-02
   1.8183186e-02
   1.3299347e-02
   9.5045293e-03
   8.2490883e-03
   9.3399707e-03
   6.6755003e-03
   1.7291055e-02
   2.1025424e-02
   1.9919916e-02
   1.7468432e-02
   1.3328139e-02
   9.6471031e-03
   6.2533342e-03
   2.9588196e-03
   6.9207740e-04
  -1.1869988e-03
  -2.6677147e-03
  -3.5212075e-03
  -4.4057143e-03
  -4.6386630e-03
  -4.6355131e-03
  -3.9741458e-03
  -3.6618737e-03
  -3.9959459e-03
  -1.7904804e-03
   3.7237380e-04
   1.4175526e-03
   0.0000000e+00
   0.0000000e+00
   0.0000000e+00
  -3.3634814e-02
  -3.7493314e-02
  -2.8051477e-02
  -2.4608954e-02
  -2.0839501e-02
  -1.7858996e-02
  -1.5568752e-02
  -1.3719332e-02
  -1.2765149e-02
  -1.1874418e-02
  -1.0508342e-02
  -9.2453722e-03
  -8.0295206e-03
  -6.6096369e-03
  -5.4051618e-03
  -4.1269097e-03
  -2.5255223e-03
  -1.1929485e-03
  -4.1886342e-05
   6.8531150e-04
   3.5566356e-04
  -9.8832395e-04
  -3.3473963e-03
  -3.6079920e-03
  -4.6577000e-03
  -7.5431200e-04
  -4.2440676e-03
  -4.1614699e-03
  -2.6388110e-03
   9.8572723e-03
   1.8128945e-02
   2.4673015e-02
   2.6328709e-02
   2.5644412e-02
   1.5744482e-02
   0.0000000e+00
   0.0000000e+00
   0.0000000e+00
   0.0000000e+00
   0.0000000e+00
   9.6783487e-03
   1.1458570e-02
   7.5761924e-03
   1.7722580e-03
  -8.0133530e-04
  -1.4122592e-03
   9.3382178e-04
   4.7682881e-03
   7.7595672e-03
   8.5233774e-03
   7.3282522e-03
   5.4636119e-03
   2.4929331e-03
  -3.0111454e-04
  -3.0474133e-03
  -5.8940487e-03
  -7.9877224e-03
  -9.8481996e-03
  -1.1302262e-02
  -1.2129125e-02
  -1.3338525e-02
  -1.4108270e-02
  -1.4487894e-02
  -1.4310335e-02
  -1.4498469e-02
  -1.4687715e-02
  -1.2950390e-02
  -1.0514252e-02
  -8.0473845e-03
   0.0000000e+00
   0.0000000e+00
   0.0000000e+00
   0.0000000e+00
  -4.8648554e-02
  -3.7440221e-02
  -3.5639749e-02
  -3.2162352e-02
  -2.9021110e-02
  -2.6792514e-02
  -2.5319352e-02
  -2.4729524e-02
  -2.4064246e-02
  -2.2791724e-02
  -2.1572642e-02
  -2.0331173e-02
  -1.8685409e-02
  -1.7112417e-02
  -1.5366618e-02
  -1.3270750e-02
  -1.1631324e-02
  -1.0243252e-02
  -9.3831667e-03
  -9.6370682e-03
  -1.0837665e-02
  -1.2819443e-02
  -1.3802008e-02
  -1.5515773e-02
   0.0000000e+00
   0.0000000e+00
   0.0000000e+00
  -1.2186759e-02
  -9.1884350e-04
   5.7603137e-03
   1.0703551e-02
   1.1917819e-02
   1.1370521e-02
   1.3075919e-02
   0.0000000e+00
   0.0000000e+00
   0.0000000e+00
   0.0000000e+00
   0.0000000e+00
   4.2431979e-03
   4.2431979e-03
   0.0000000e+00
  -1.2201477e-02
  -1.2871177e-02
  -1.2770405e-02
  -1.1188886e-02
  -8.8365856e-03
  -7.0444136e-03
  -7.0729494e-03
  -7.8553483e-03
  -8.7635958e-03
  -1.0239729e-02
  -1.1968024e-02
  -1.4042517e-02
  -1.6489254e-02
  -1.8318877e-02
  -2.0003311e-02
  -2.1300606e-02
  -2.2039656e-02
  -2.3675159e-02
  -2.5212409e-02
  -2.5881244e-02
  -2.6198103e-02
  -2.7110830e-02
  -2.7586468e-02
  -2.6300098e-02
  -2.4445076e-02
  -2.0741852e-02
   0.0000000e+00
   0.0000000e+00
   0.0000000e+00
   0.0000000e+00
   0.0000000e+00
  -4.9445179e-02
  -5.0693617e-02
  -4.6474729e-02
  -4.1870749e-02
  -3.9448866e-02
  -3.8704879e-02
  -3.8618875e-02
  -3.8360104e-02
  -3.7425090e-02
  -3.6410872e-02
  -3.5156807e-02
  -3.3191914e-02
  -3.1223975e-02
  -2.8958215e-02
  -2.6375615e-02
  -2.4546691e-02
  -2.3117438e-02
  -2.2376738e-02
  -2.2697535e-02
  -2.3763417e-02
  -2.5317542e-02
  -2.6118130e-02
  -2.4550004e-02
   0.0000000e+00
   0.0000000e+00
   0.0000000e+00
  -1.6023902e-02
  -1.4321142e-02
  -1.0606439e-02
  -8.3875973e-03
  -8.1397640e-03
  -8.8654359e-03
  -5.9599573e-03
   0.0000000e+00
   0.0000000e+00
   0.0000000e+00
   0.0000000e+00
   0.0000000e+00
  -1.2197774e-02
  -4.2655909e-03
   0.0000000e+00
  -1.7479616e-02
  -1.9217355e-02
  -1.9385132e-02
  -1.8361172e-02
  -1.6933580e-02
  -1.6034755e-02
  -1.6000294e-02
  -1.6141360e-02
  -1.6389847e-02
  -1.7248426e-02
  -1.8628841e-02
  -2.0494025e-02
  -2.2765545e-02
  -2.4470166e-02
  -2.6033423e-02
  -2.7212331e-02
  -2.8007449e-02
  -2.9815807e-02
  -3.1796094e-02
  -3.2769924e-02
  -3.3406530e-02
  -3.4765753e-02
  -3.5373698e-02
  -3.4177306e-02
  -3.1233592e-02
  -2.5662868e-02
   0.0000000e+00
   0.0000000e+00
   0.0000000e+00
   0.0000000e+00
   0.0000000e+00
  -5.8275421e-02
  -6.0904331e-02
  -5.5832124e-02
  -4.9174880e-02
  -4.6378138e-02
  -4.6676134e-02
  -4.6864748e-02
  -4.6904308e-02
  -4.6231120e-02
  -4.5278243e-02
  -4.3905916e-02
  -4.1693863e-02
  -3.9575260e-02
  -3.7285521e-02
  -3.4701182e-02
  -3.2964732e-02
  -3.1728883e-02
  -3.1238993e-02
  -3.1643724e-02
  -3.2536580e-02
  -3.3312801e-02
  -3.2632236e-02
  -2.8316791e-02
   0.0000000e+00
   0.0000000e+00
   0.0000000e+00
  -2.4119655e-02
  -2.3868095e-02
  -2.2838019e-02
  -2.2543800e-02
  -2.3154160e-02
  -2.3333775e-02
  -1.8238854e-02
   0.0000000e+00
   0.0000000e+00
   0.0000000e+00
   0.0000000e+00
   0.0000000e+00
  -1.6550594e-02
  -1.4790775e-02
  -2.5098712e-02
  -2.1603897e-02
  -2.3535729e-02
  -2.3820180e-02
  -2.3194545e-02
  -2.2254714e-02
  -2.1700579e-02
  -2.1438937e-02
  -2.1141003e-02
  -2.1002604e-02
  -2.1559366e-02
  -2.2766693e-02
  -2.4503127e-02
  -2.6685190e-02
  -2.8319231e-02
  -2.9781505e-02
  -3.0925813e-02
  -3.1846103e-02
  -3.3761506e-02
  -3.6080587e-02
  -3.7368043e-02
  -3.8321686e-02
  -3.9871510e-02
  -4.0307915e-02
  -3.8908240e-02
  -3.4459245e-02
  -2.7179695e-02
   0.0000000e+00
   0.0000000e+00
   0.0000000e+00
   0.0000000e+00
   0.0000000e+00
  -6.0617519e-02
  -6.3952676e-02
  -5.8681682e-02
  -5.2092206e-02
  -5.0283499e-02
  -5.1731605e-02
  -5.2026531e-02
  -5.2257371e-02
  -5.1768109e-02
  -5.0834760e-02
  -4.9346592e-02
  -4.6966653e-02
  -4.4832059e-02
  -4.2660524e-02
  -4.0223243e-02
  -3.8674923e-02
  -3.7701022e-02
  -3.7480225e-02
  -3.7957114e-02
  -3.8675507e-02
  -3.8634120e-02
  -3.6430488e-02
  -2.9106568e-02
   0.0000000e+00
   0.0000000e+00
   0.0000000e+00
  -3.0539442e-02
  -3.1193526e-02
  -3.1794940e-02
  -3.2705940e-02
  -3.3905141e-02
  -3.3473470e-02
  -2.3151094e-02
   0.0000000e+00
   0.0000000e+00
   0.0000000e+00
   0.0000000e+00
   0.0000000e+00
  -2.3634073e-02
  -2.4102746e-02
  -2.5098712e-02
  -2.6867762e-02
  -2.8189758e-02
  -2.8498372e-02
  -2.8331119e-02
  -2.7699436e-02
  -2.7112090e-02
  -2.6322219e-02
  -2.5547175e-02
  -2.5087241e-02
  -2.5500788e-02
  -2.6619412e-02
  -2.8238120e-02
  -3.0369550e-02
  -3.1949786e-02
  -3.3274744e-02
  -3.4452427e-02
  -3.5641414e-02
  -3.7655921e-02
  -4.0397512e-02
  -4.2186085e-02
  -4.3634331e-02
  -4.5215479e-02
  -4.5064833e-02
  -4.3039377e-02
  -3.5792698e-02
  -2.5997974e-02
   0.0000000e+00
   0.0000000e+00
   0.0000000e+00
   0.0000000e+00
   0.0000000e+00
  -5.7504057e-02
  -6.1241916e-02
  -5.6343832e-02
  -5.2079833e-02
  -5.3247316e-02
  -5.6613103e-02
  -5.6898741e-02
  -5.7317701e-02
  -5.7035518e-02
  -5.6089064e-02
  -5.4421670e-02
  -5.1861256e-02
  -4.9842475e-02
  -4.8005163e-02
  -4.5954301e-02
  -4.4801246e-02
  -4.4310060e-02
  -4.4530602e-02
  -4.5108389e-02
  -4.5551542e-02
  -4.4185766e-02
  -3.9548557e-02
  -2.7231028e-02
   0.0000000e+00
   0.0000000e+00
   0.0000000e+00
  -3.8858751e-02
  -4.0363020e-02
  -4.2422431e-02
  -4.4471765e-02
  -4.6313059e-02
  -4.4854018e-02
   0.0000000e+00
   0.0000000e+00
   0.0000000e+00
   0.0000000e+00
   0.0000000e+00
   0.0000000e+00
  -2.6454638e-02
  -2.8701761e-02
  -3.0091402e-02
  -3.0834613e-02
  -3.1323725e-02
  -3.1436832e-02
  -3.0996839e-02
  -3.0026846e-02
  -2.9002545e-02
  -2.7797357e-02
  -2.7083033e-02
  -2.6940506e-02
  -2.7615698e-02
  -2.8709428e-02
  -3.0200003e-02
  -3.2202454e-02
  -3.3748132e-02
  -3.5118093e-02
  -3.6673206e-02
  -3.8315914e-02
  -4.0419758e-02
  -4.3219356e-02
  -4.5252999e-02
  -4.7025592e-02
  -4.8113794e-02
  -4.6433180e-02
  -4.2275411e-02
  -3.0778794e-02
  -1.9263684e-02
   0.0000000e+00
   0.0000000e+00
   0.0000000e+00
   0.0000000e+00
   0.0000000e+00
  -0.0000000e+00
  -0.0000000e+00
  -0.0000000e+00
  -0.0000000e+00
  -5.6257599e-02
  -5.7919261e-02
  -5.8534854e-02
  -5.9039080e-02
  -5.8746966e-02
  -5.7705167e-02
  -5.6048507e-02
  -5.3657517e-02
  -5.1968139e-02
  -5.0692098e-02
  -4.9594266e-02
  -4.9335537e-02
  -4.9661197e-02
  -5.0397344e-02
  -5.0873965e-02
  -5.0555814e-02
  -4.7023864e-02
  -3.8669005e-02
  -2.1228884e-02
   0.0000000e+00
   0.0000000e+00
   0.0000000e+00
  -4.6013394e-02
  -4.7581546e-02
  -5.0134254e-02
  -5.3372852e-02
  -5.5821220e-02
  -5.1983876e-02
   0.0000000e+00
   0.0000000e+00
   0.0000000e+00
   0.0000000e+00
   0.0000000e+00
  -2.9153822e-02
  -2.6530077e-02
  -2.9415921e-02
  -3.1211025e-02
  -3.2087239e-02
  -3.2311100e-02
  -3.2195587e-02
  -3.1473383e-02
  -3.0332463e-02
  -2.9176803e-02
  -2.8038857e-02
  -2.7616737e-02
  -2.7827639e-02
  -2.8761541e-02
  -2.9923350e-02
  -3.1405327e-02
  -3.3375321e-02
  -3.4924299e-02
  -3.6351749e-02
  -3.8123434e-02
  -3.9918172e-02
  -4.1953841e-02
  -4.4561797e-02
  -4.6405233e-02
  -4.7884803e-02
  -4.8373811e-02
  -4.5777009e-02
  -4.0143407e-02
  -2.6365117e-02
  -1.4651978e-02
   0.0000000e+00
   0.0000000e+00
   0.0000000e+00
   0.0000000e+00
   0.0000000e+00
   0.0000000e+00
   0.0000000e+00
   0.0000000e+00
   0.0000000e+00
  -5.7445975e-02
  -5.7106518e-02
  -5.7973664e-02
  -5.8765860e-02
  -5.8364053e-02
  -5.7269101e-02
  -5.5697898e-02
  -5.3583461e-02
  -5.2235508e-02
  -5.1400721e-02
  -5.0988028e-02
  -5.1301582e-02
  -5.2050779e-02
  -5.2953066e-02
  -5.3186659e-02
  -5.2183504e-02
  -4.7145063e-02
  -3.7063730e-02
  -1.8862946e-02
   1.7598141e-04
   0.0000000e+00
   0.0000000e+00
  -4.9284088e-02
  -5.0349749e-02
  -5.2636528e-02
  -5.6079287e-02
  -5.7806499e-02
  -5.7448398e-02
   0.0000000e+00
   0.0000000e+00
   0.0000000e+00
   0.0000000e+00
   0.0000000e+00
  -2.8344450e-02
  -2.5339107e-02
  -2.8699509e-02
  -3.1147106e-02
  -3.2789076e-02
  -3.2860917e-02
  -3.2364852e-02
  -3.1187896e-02
  -2.9854240e-02
  -2.8634995e-02
  -2.7834841e-02
  -2.7989468e-02
  -2.8781428e-02
  -3.0126665e-02
  -3.1441497e-02
  -3.2966861e-02
  -3.4931182e-02
  -3.6503506e-02
  -3.8028637e-02
  -4.0068991e-02
  -4.1962161e-02
  -4.3813822e-02
  -4.5996786e-02
  -4.7328845e-02
  -4.8046021e-02
  -4.7528343e-02
  -4.3763081e-02
  -3.6088578e-02
  -1.9610408e-02
  -8.3085529e-03
   0.0000000e+00
   0.0000000e+00
   0.0000000e+00
   0.0000000e+00
   0.0000000e+00
   0.0000000e+00
   0.0000000e+00
   0.0000000e+00
   0.0000000e+00
  -5.7992232e-02
  -5.4797715e-02
  -5.6028726e-02
  -5.7377172e-02
  -5.6752707e-02
  -5.5593113e-02
  -5.4193938e-02
  -5.2571882e-02
  -5.1774369e-02
  -5.1586213e-02
  -5.2138599e-02
  -5.3211316e-02
  -5.4448331e-02
  -5.5448733e-02
  -5.5226841e-02
  -5.3167305e-02
  -4.6040582e-02
  -3.4156057e-02
  -1.6825390e-02
   1.7598141e-04
   0.0000000e+00
   0.0000000e+00
  -5.2646717e-02
  -5.2640167e-02
  -5.4140019e-02
  -5.7437914e-02
  -5.7380134e-02
  -5.5153189e-02
   0.0000000e+00
   0.0000000e+00
   0.0000000e+00
   0.0000000e+00
   0.0000000e+00
  -2.6666577e-02
  -2.3366894e-02
  -2.7484840e-02
  -3.0063754e-02
  -3.1389610e-02
  -3.1161838e-02
  -3.0506610e-02
  -2.9533509e-02
  -2.8667061e-02
  -2.8124145e-02
  -2.8447070e-02
  -2.9510814e-02
  -3.0999767e-02
  -3.2949911e-02
  -3.4639463e-02
  -3.6393861e-02
  -3.8514703e-02
  -4.0173097e-02
  -4.1810586e-02
  -4.3876741e-02
  -4.5402455e-02
  -4.6439106e-02
  -4.7166707e-02
  -4.6925984e-02
  -4.5641766e-02
  -4.2608742e-02
  -3.7070046e-02
  -2.7608820e-02
  -9.8705283e-03
   1.5983821e-03
   0.0000000e+00
   0.0000000e+00
   0.0000000e+00
   0.0000000e+00
   0.0000000e+00
   0.0000000e+00
   0.0000000e+00
   0.0000000e+00
   0.0000000e+00
  -5.7992232e-02
  -5.1717864e-02
  -5.0863732e-02
  -5.3180890e-02
  -5.2393531e-02
  -5.1355466e-02
  -5.0496763e-02
  -4.9936543e-02
  -5.0047452e-02
  -5.0675816e-02
  -5.2025455e-02
  -5.3348215e-02
  -5.4470205e-02
  -5.4849602e-02
  -5.3641296e-02
  -5.0293674e-02
  -4.1863103e-02
  -3.0672638e-02
  -1.8140218e-02
  -1.0267532e-02
  -8.6894017e-03
   0.0000000e+00
  -4.9110809e-02
  -4.9226813e-02
  -5.0871948e-02
  -5.2848951e-02
  -5.2837412e-02
  -0.0000000e+00
   0.0000000e+00
   0.0000000e+00
   0.0000000e+00
   0.0000000e+00
   0.0000000e+00
  -2.1775003e-02
  -2.2588093e-02
  -2.6701305e-02
  -2.9076819e-02
  -3.0145094e-02
  -2.9874476e-02
  -2.9338382e-02
  -2.8683640e-02
  -2.8237526e-02
  -2.8226302e-02
  -2.9253347e-02
  -3.0821367e-02
  -3.2685945e-02
  -3.4985415e-02
  -3.6912597e-02
  -3.8838490e-02
  -4.1077775e-02
  -4.2785403e-02
  -4.4412520e-02
  -4.6302599e-02
  -4.7449914e-02
  -4.7863491e-02
  -4.7540622e-02
  -4.6299208e-02
  -4.3806542e-02
  -3.9147559e-02
  -3.2459163e-02
  -2.2085558e-02
  -3.3574341e-03
   7.6863003e-03
   0.0000000e+00
   0.0000000e+00
   0.0000000e+00
   0.0000000e+00
   0.0000000e+00
   0.0000000e+00
   0.0000000e+00
   0.0000000e+00
   0.0000000e+00
   0.0000000e+00
  -4.9913364e-02
  -4.7396393e-02
  -5.0276964e-02
  -4.9519796e-02
  -4.8752410e-02
  -4.8313582e-02
  -4.8344092e-02
  -4.8908130e-02
  -4.9889849e-02
  -5.1436007e-02
  -5.2678110e-02
  -5.3529605e-02
  -5.3377560e-02
  -5.1603276e-02
  -4.7700738e-02
  -3.9064216e-02
  -2.8745640e-02
  -1.8525131e-02
  -1.2507344e-02
  -8.9751443e-03
   0.0000000e+00
  -4.5704491e-02
  -4.5965702e-02
  -4.7455787e-02
  -4.7286235e-02
  -4.3988140e-02
   0.0000000e+00
   0.0000000e+00
   0.0000000e+00
   0.0000000e+00
   0.0000000e+00
   0.0000000e+00
  -1.9468201e-02
  -2.1766707e-02
  -2.5457998e-02
  -2.7268777e-02
  -2.7883248e-02
  -2.7670984e-02
  -2.7510226e-02
  -2.7517599e-02
  -2.7838379e-02
  -2.8750979e-02
  -3.0878235e-02
  -3.3177430e-02
  -3.5575912e-02
  -3.8395358e-02
  -4.0696174e-02
  -4.2914146e-02
  -4.5356054e-02
  -4.7136529e-02
  -4.8677598e-02
  -5.0126414e-02
  -5.0554554e-02
  -4.9897686e-02
  -4.7814145e-02
  -4.4996480e-02
  -4.0655611e-02
  -3.3413713e-02
  -2.4896175e-02
  -1.3276535e-02
   7.1708896e-03
   1.7092341e-02
   0.0000000e+00
   0.0000000e+00
   0.0000000e+00
   0.0000000e+00
   0.0000000e+00
   0.0000000e+00
   0.0000000e+00
   0.0000000e+00
   0.0000000e+00
   0.0000000e+00
  -3.9072003e-02
  -4.1780560e-02
  -4.5503527e-02
  -4.4907875e-02
  -4.4731504e-02
  -4.5018762e-02
  -4.5907500e-02
  -4.7078967e-02
  -4.8475790e-02
  -5.0066895e-02
  -5.0977797e-02
  -5.1235200e-02
  -5.0129961e-02
  -4.7516654e-02
  -4.2965375e-02
  -3.4535488e-02
  -2.5956685e-02
  -1.8746833e-02
  -1.3699033e-02
  -9.6685555e-03
   0.0000000e+00
  -3.9354113e-02
  -3.9901296e-02
  -4.0936409e-02
  -3.6273466e-02
  -2.7436050e-02
   0.0000000e+00
   0.0000000e+00
   0.0000000e+00
   0.0000000e+00
   0.0000000e+00
   0.0000000e+00
  -1.6520503e-02
  -2.0607004e-02
  -2.3160427e-02
  -2.4470209e-02
  -2.5084787e-02
  -2.5342221e-02
  -2.5804237e-02
  -2.6668624e-02
  -2.7794556e-02
  -2.9476244e-02
  -3.2341095e-02
  -3.5110620e-02
  -3.7923138e-02
  -4.1262600e-02
  -4.3974976e-02
  -4.6480872e-02
  -4.9023212e-02
  -5.0705323e-02
  -5.1904906e-02
  -5.2589352e-02
  -5.2155821e-02
  -5.0474962e-02
  -4.6844145e-02
  -4.2516209e-02
  -3.6737760e-02
  -2.7817884e-02
  -1.8410969e-02
  -6.0443675e-03
   7.1708896e-03
   2.5018375e-02
   2.7641617e-02
   0.0000000e+00
   0.0000000e+00
   0.0000000e+00
   0.0000000e+00
   0.0000000e+00
   0.0000000e+00
   0.0000000e+00
   0.0000000e+00
   0.0000000e+00
  -3.2397882e-02
  -3.5096986e-02
  -3.9323375e-02
  -3.9649557e-02
  -4.0339393e-02
  -4.1291142e-02
  -4.2733664e-02
  -4.4168459e-02
  -4.5648121e-02
  -4.6998017e-02
  -4.7430979e-02
  -4.7081313e-02
  -4.5230985e-02
  -4.2186472e-02
  -3.7575018e-02
  -2.9940719e-02
  -2.2834263e-02
  -1.6703467e-02
  -1.0419864e-02
  -5.8806007e-03
   0.0000000e+00
  -2.9483768e-02
  -3.0424484e-02
  -3.0703942e-02
  -2.1038372e-02
  -9.7681502e-03
   0.0000000e+00
   0.0000000e+00
   0.0000000e+00
   0.0000000e+00
   0.0000000e+00
  -1.6437782e-02
  -1.6536762e-02
  -2.0018077e-02
  -2.2059955e-02
  -2.3219921e-02
  -2.4001037e-02
  -2.4597258e-02
  -2.5439748e-02
  -2.6792320e-02
  -2.8323628e-02
  -3.0348255e-02
  -3.3499883e-02
  -3.6426244e-02
  -3.9365381e-02
  -4.2857385e-02
  -4.5679957e-02
  -4.8236057e-02
  -5.0715140e-02
  -5.2248195e-02
  -5.3182568e-02
  -5.3371575e-02
  -5.2416438e-02
  -5.0156609e-02
  -4.5693968e-02
  -4.0587760e-02
  -3.4111119e-02
  -2.4442030e-02
  -1.4662079e-02
  -2.0356170e-03
   0.0000000e+00
   2.7641617e-02
   2.6012286e-02
   0.0000000e+00
   0.0000000e+00
   0.0000000e+00
   0.0000000e+00
   0.0000000e+00
   0.0000000e+00
   0.0000000e+00
   0.0000000e+00
   0.0000000e+00
  -2.8956723e-02
  -3.1532069e-02
  -3.5840671e-02
  -3.6695169e-02
  -3.7836829e-02
  -3.9107908e-02
  -4.0792566e-02
  -4.2319428e-02
  -4.3801355e-02
  -4.5008082e-02
  -4.5210430e-02
  -4.4586714e-02
  -4.2436988e-02
  -3.9257531e-02
  -3.4700828e-02
  -2.7524516e-02
  -2.1084068e-02
  -1.5343922e-02
  -8.5767119e-03
  -3.0012819e-03
   1.9583773e-03
  -2.2964594e-02
  -2.4481457e-02
  -2.4620607e-02
  -1.2712733e-02
   3.7129454e-03
   2.7021475e-02
   0.0000000e+00
   0.0000000e+00
   0.0000000e+00
   0.0000000e+00
  -1.6483918e-02
  -1.6526733e-02
  -1.9192204e-02
  -2.0690695e-02
  -2.1915076e-02
  -2.3366626e-02
  -2.4701047e-02
  -2.6245603e-02
  -2.8421781e-02
  -3.0512373e-02
  -3.2892940e-02
  -3.6216335e-02
  -3.9147417e-02
  -4.2044629e-02
  -4.5457852e-02
  -4.8175669e-02
  -5.0550214e-02
  -5.2640748e-02
  -5.3704704e-02
  -5.4026276e-02
  -5.3239003e-02
  -5.1331891e-02
  -4.8105433e-02
  -4.2355376e-02
  -3.6128073e-02
  -2.8755913e-02
  -1.8306234e-02
  -8.2094572e-03
   4.4679104e-03
   0.0000000e+00
   0.0000000e+00
   2.3825416e-02
   0.0000000e+00
   0.0000000e+00
   0.0000000e+00
   0.0000000e+00
   0.0000000e+00
   0.0000000e+00
   0.0000000e+00
   0.0000000e+00
   0.0000000e+00
  -2.3994959e-02
  -2.6084580e-02
  -3.0053334e-02
  -3.1806643e-02
  -3.3613250e-02
  -3.5284598e-02
  -3.7206225e-02
  -3.8752880e-02
  -4.0133530e-02
  -4.1085231e-02
  -4.0995919e-02
  -4.0077735e-02
  -3.7715410e-02
  -3.4567240e-02
  -3.0311191e-02
  -2.3918748e-02
  -1.8197895e-02
  -1.2592723e-02
  -5.5251346e-03
   2.7158716e-04
   1.9583773e-03
  -9.8684553e-03
  -1.3180768e-02
  -1.3761989e-02
   5.0790126e-04
   1.9081617e-02
   2.7021475e-02
   0.0000000e+00
   0.0000000e+00
   0.0000000e+00
   0.0000000e+00
  -1.6669691e-02
  -1.6470100e-02
  -2.0097750e-02
  -2.1733960e-02
  -2.3362128e-02
  -2.5515791e-02
  -2.7451265e-02
  -2.9567424e-02
  -3.2394462e-02
  -3.4945382e-02
  -3.7645368e-02
  -4.1118371e-02
  -4.3981428e-02
  -4.6619418e-02
  -4.9439110e-02
  -5.1505289e-02
  -5.3143823e-02
  -5.4209469e-02
  -5.4346040e-02
  -5.3736376e-02
  -5.1868639e-02
  -4.9143044e-02
  -4.5229708e-02
  -3.8906123e-02
  -3.2474813e-02
  -2.5100185e-02
  -1.4844060e-02
  -5.1399291e-03
   6.6683344e-03
   0.0000000e+00
   0.0000000e+00
   2.1285601e-02
   0.0000000e+00
   0.0000000e+00
   0.0000000e+00
   0.0000000e+00
   0.0000000e+00
   0.0000000e+00
   0.0000000e+00
   0.0000000e+00
   0.0000000e+00
  -2.2918378e-02
  -2.4387335e-02
  -2.7638742e-02
  -2.9860229e-02
  -3.1698631e-02
  -3.3360435e-02
  -3.5334130e-02
  -3.6807085e-02
  -3.8093811e-02
  -3.8908851e-02
  -3.8673670e-02
  -3.7622073e-02
  -3.5190166e-02
  -3.2101647e-02
  -2.8080253e-02
  -2.2191947e-02
  -1.6795263e-02
  -1.1172387e-02
  -3.6632400e-03
   1.6525609e-03
   2.7448924e-03
  -2.2700292e-03
  -6.6954416e-03
  -8.2457572e-03
   5.4805348e-03
   1.9938760e-02
   2.8252835e-02
   0.0000000e+00
   0.0000000e+00
   0.0000000e+00
   0.0000000e+00
  -1.7048436e-02
  -1.7214271e-02
  -2.0645108e-02
  -2.2375462e-02
  -2.4264783e-02
  -2.6856322e-02
  -2.9164934e-02
  -3.1633626e-02
  -3.4857373e-02
  -3.7685734e-02
  -4.0572590e-02
  -4.4124669e-02
  -4.6932617e-02
  -4.9397488e-02
  -5.1832175e-02
  -5.3476362e-02
  -5.4636301e-02
  -5.5034781e-02
  -5.4561245e-02
  -5.3339719e-02
  -5.0772701e-02
  -4.7534577e-02
  -4.3215203e-02
  -3.6598518e-02
  -3.0112658e-02
  -2.2822887e-02
  -1.2800527e-02
  -3.4172174e-03
   7.7646858e-03
   0.0000000e+00
   0.0000000e+00
   2.0117901e-02
   2.3766456e-02
   0.0000000e+00
   0.0000000e+00
   0.0000000e+00
   0.0000000e+00
   0.0000000e+00
   0.0000000e+00
   0.0000000e+00
   0.0000000e+00
  -2.2300024e-02
  -2.3323801e-02
  -2.6074799e-02
  -2.8615276e-02
  -3.0440038e-02
  -3.2025063e-02
  -3.4010708e-02
  -3.5440666e-02
  -3.6667851e-02
  -3.7395219e-02
  -3.7070313e-02
  -3.5942144e-02
  -3.3483734e-02
  -3.0454189e-02
  -2.6612119e-02
  -2.1102854e-02
  -1.5985369e-02
  -1.0444957e-02
  -2.7384724e-03
   2.3637456e-03
   3.1683380e-03
   2.3397093e-03
  -2.6859341e-03
  -4.8941722e-03
   8.3230044e-03
   2.0221365e-02
   2.8263606e-02
   0.0000000e+00
   0.0000000e+00
   0.0000000e+00
   0.0000000e+00
  -1.7308993e-02
  -1.7695699e-02
  -2.1077276e-02
  -2.3017492e-02
  -2.5325467e-02
  -2.8430388e-02
  -3.1155873e-02
  -3.3990290e-02
  -3.7568259e-02
  -4.0605649e-02
  -4.3562925e-02
  -4.7036242e-02
  -4.9626677e-02
  -5.1750516e-02
  -5.3554857e-02
  -5.4516310e-02
  -5.4879126e-02
  -5.4158027e-02
  -5.2586637e-02
  -5.0272969e-02
  -4.6579379e-02
  -4.2715301e-02
  -3.8189066e-02
  -3.2007130e-02
  -2.6333292e-02
  -2.0184329e-02
  -1.1798660e-02
  -3.7068503e-03
   5.7241451e-03
   0.0000000e+00
   0.0000000e+00
   2.3765954e-02
   2.3766456e-02
   0.0000000e+00
   0.0000000e+00
   0.0000000e+00
   0.0000000e+00
   0.0000000e+00
   0.0000000e+00
   0.0000000e+00
   0.0000000e+00
  -2.2214532e-02
  -2.2016100e-02
  -2.3541212e-02
  -2.6781214e-02
  -2.8186589e-02
  -2.8827940e-02
  -3.0580249e-02
  -3.1995540e-02
  -3.3141280e-02
  -3.3736432e-02
  -3.3321347e-02
  -3.2183329e-02
  -2.9897437e-02
  -2.7199463e-02
  -2.3965147e-02
  -1.9679316e-02
  -1.5817585e-02
  -1.1500848e-02
  -4.5036084e-03
   1.3888886e-03
   2.8564636e-03
   6.1890299e-03
   1.5920859e-03
  -2.0328732e-03
   8.5372446e-03
   1.7515960e-02
   1.9577591e-02
   0.0000000e+00
   0.0000000e+00
   0.0000000e+00
   0.0000000e+00
  -1.7907984e-02
  -1.8468938e-02
  -1.9921965e-02
  -2.1943734e-02
  -2.4348413e-02
  -2.7556537e-02
  -3.0399695e-02
  -3.3351919e-02
  -3.7044403e-02
  -4.0193356e-02
  -4.3281315e-02
  -4.6878114e-02
  -4.9575044e-02
  -5.1785639e-02
  -5.3630122e-02
  -5.4568018e-02
  -5.4847433e-02
  -5.3979461e-02
  -5.2294272e-02
  -4.9907252e-02
  -4.6205188e-02
  -4.2374329e-02
  -3.7903151e-02
  -3.1804840e-02
  -2.6220014e-02
  -2.0242478e-02
  -1.2352159e-02
  -5.0462224e-03
   3.1146703e-03
   1.2465746e-02
   1.7957035e-02
   2.1891115e-02
   2.0361025e-02
   1.5252402e-02
   0.0000000e+00
   0.0000000e+00
   0.0000000e+00
   0.0000000e+00
   0.0000000e+00
   0.0000000e+00
   0.0000000e+00
  -2.0452811e-02
  -1.9886211e-02
  -2.1709119e-02
  -2.5712335e-02
  -2.7765389e-02
  -2.7410205e-02
  -2.8489894e-02
  -3.0124487e-02
  -3.1505001e-02
  -3.2313783e-02
  -3.2062849e-02
  -3.1144375e-02
  -2.9147391e-02
  -2.6718800e-02
  -2.3774785e-02
  -1.9864266e-02
  -1.6430680e-02
  -1.2773077e-02
  -7.1949757e-03
  -1.8889135e-03
  -8.9698703e-05
   6.5297685e-03
   2.9655153e-03
  -1.2878514e-03
   6.6649024e-03
   1.5420697e-02
   1.7607581e-02
   0.0000000e+00
   0.0000000e+00
   0.0000000e+00
  -2.2322479e-02
  -1.9229785e-02
  -1.7929900e-02
  -1.8766653e-02
  -2.0869975e-02
  -2.3371359e-02
  -2.6682686e-02
  -2.9643517e-02
  -3.2713548e-02
  -3.6520547e-02
  -3.9781063e-02
  -4.2999704e-02
  -4.6719986e-02
  -4.9523411e-02
  -5.1820761e-02
  -5.3705386e-02
  -5.4619726e-02
  -5.4815741e-02
  -5.3800894e-02
  -5.2001907e-02
  -4.9541535e-02
  -4.5830998e-02
  -4.2033357e-02
  -3.7617237e-02
  -3.1602549e-02
  -2.6106736e-02
  -2.0300626e-02
  -1.2905657e-02
  -6.3855944e-03
   5.0519555e-04
   1.2465746e-02
   1.7957035e-02
   2.0484985e-02
   1.7806952e-02
   1.5252402e-02
   0.0000000e+00
   0.0000000e+00
   0.0000000e+00
   0.0000000e+00
   0.0000000e+00
   0.0000000e+00
   0.0000000e+00
  -1.8691091e-02
  -1.7756322e-02
  -1.9877026e-02
  -2.4643455e-02
  -2.7344189e-02
  -2.5992469e-02
  -2.6399539e-02
  -2.8253434e-02
  -2.9868722e-02
  -3.0891134e-02
  -3.0804351e-02
  -3.0105421e-02
  -2.8397346e-02
  -2.6238138e-02
  -2.3584423e-02
  -2.0049217e-02
  -1.7043776e-02
  -1.4045307e-02
  -9.8863429e-03
  -5.1667156e-03
  -3.0358610e-03
   6.8705072e-03
   4.3389447e-03
  -5.4282973e-04
   4.7925601e-03
   1.3325435e-02
   1.5637571e-02
   0.0000000e+00
   0.0000000e+00
   0.0000000e+00
  -2.2322479e-02
  -1.9890686e-02
  -1.7390861e-02
  -1.5914568e-02
  -1.7318099e-02
  -1.9233790e-02
  -2.2083554e-02
  -2.4848438e-02
  -2.7873346e-02
  -3.1882499e-02
  -3.5480813e-02
  -3.9158948e-02
  -4.3466876e-02
  -4.6791347e-02
  -4.9593410e-02
  -5.2029551e-02
  -5.3421596e-02
  -5.4080878e-02
  -5.3604677e-02
  -5.2285170e-02
  -5.0261633e-02
  -4.6983848e-02
  -4.3492433e-02
  -3.9344523e-02
  -3.3742342e-02
  -2.8812446e-02
  -2.3945309e-02
  -1.8784400e-02
  -1.5332483e-02
  -1.2314255e-02
  -7.4018823e-03
  -2.9154552e-03
   4.2878853e-03
   1.7806952e-02
   0.0000000e+00
   0.0000000e+00
  -1.2129048e-02
  -9.8289646e-03
  -7.5288815e-03
   0.0000000e+00
   0.0000000e+00
  -2.1249482e-02
  -1.5733247e-02
  -1.0901706e-02
  -1.3344623e-02
  -2.1477005e-02
  -2.9313881e-02
  -2.8204087e-02
  -2.4751721e-02
  -2.7050966e-02
  -2.9194306e-02
  -3.0749746e-02
  -3.1154421e-02
  -3.1006324e-02
  -3.0016342e-02
  -2.8467591e-02
  -2.6421279e-02
  -2.3642106e-02
  -2.1480967e-02
  -1.9874106e-02
  -1.8874435e-02
  -1.7146440e-02
  -1.5948744e-02
   2.1450910e-03
   2.1229100e-03
  -0.0000000e+00
   1.3152039e-03
   4.8283830e-03
   8.6376099e-03
   0.0000000e+00
   0.0000000e+00
   0.0000000e+00
  -1.9666094e-02
  -1.8093532e-02
  -1.6191307e-02
  -1.6767274e-02
  -1.7160357e-02
  -1.8122163e-02
  -1.9970986e-02
  -2.2033351e-02
  -2.4481502e-02
  -2.8036016e-02
  -3.1412392e-02
  -3.4975244e-02
  -3.9305307e-02
  -4.2768385e-02
  -4.5810339e-02
  -4.8626634e-02
  -5.0371132e-02
  -5.1442040e-02
  -5.1571926e-02
  -5.0834689e-02
  -4.9444043e-02
  -4.6955542e-02
  -4.4137588e-02
  -4.0692662e-02
  -3.6037134e-02
  -3.2005492e-02
  -2.8148046e-02
  -2.4379354e-02
  -2.2175360e-02
  -2.0429732e-02
  -1.7750403e-02
  -1.4996791e-02
  -7.7157151e-03
   0.0000000e+00
   0.0000000e+00
   0.0000000e+00
  -2.2226130e-02
  -1.5857883e-02
  -1.4057231e-02
   0.0000000e+00
  -2.4499767e-02
  -2.0288494e-02
  -1.3876411e-02
  -8.5594539e-03
  -9.6756252e-03
  -1.6291972e-02
  -2.9462816e-02
  -3.0017157e-02
  -2.4984742e-02
  -2.7750584e-02
  -2.9903857e-02
  -3.1594436e-02
  -3.2201252e-02
  -3.2283673e-02
  -3.1663613e-02
  -3.0537299e-02
  -2.9004580e-02
  -2.6953672e-02
  -2.5446655e-02
  -2.4513030e-02
  -2.4402531e-02
  -2.3499889e-02
  -2.5152950e-02
  -1.1558727e-02
   2.9505214e-04
   0.0000000e+00
  -6.7026336e-03
  -2.3953730e-03
   1.9118876e-03
   0.0000000e+00
   0.0000000e+00
   0.0000000e+00
  -2.1475010e-02
  -2.0237205e-02
  -1.8183099e-02
  -1.8646986e-02
  -1.7355350e-02
  -1.6716777e-02
  -1.6865917e-02
  -1.7718315e-02
  -1.9157705e-02
  -2.1885417e-02
  -2.4826370e-02
  -2.8125258e-02
  -3.2416087e-02
  -3.6053719e-02
  -3.9450598e-02
  -4.2862377e-02
  -4.5163441e-02
  -4.6896946e-02
  -4.8021541e-02
  -4.8244980e-02
  -4.7909748e-02
  -4.6752369e-02
  -4.5078583e-02
  -4.2834831e-02
  -3.9789998e-02
  -3.7263483e-02
  -3.5057603e-02
  -3.3441213e-02
  -3.3024678e-02
  -3.3002913e-02
  -3.3314810e-02
  -3.3476286e-02
  -2.6680439e-02
   0.0000000e+00
   0.0000000e+00
   0.0000000e+00
  -2.6667415e-02
  -2.6465361e-02
  -2.5543425e-02
   0.0000000e+00
  -2.4499767e-02
  -1.9020399e-02
  -1.0707807e-02
  -5.3503330e-03
  -4.0893186e-03
  -4.6900185e-03
   0.0000000e+00
  -3.3878156e-02
  -2.5613949e-02
  -2.9141488e-02
  -3.1241988e-02
  -3.3099422e-02
  -3.3996508e-02
  -3.4411230e-02
  -3.4346490e-02
  -3.3882214e-02
  -3.3172320e-02
  -3.2302166e-02
  -3.1833708e-02
  -3.1899460e-02
  -3.2933098e-02
  -3.3084613e-02
  -2.8772024e-02
  -1.7429301e-02
  -2.3313136e-03
   0.0000000e+00
  -1.8959018e-02
  -1.3974669e-02
  -8.9903194e-03
   0.0000000e+00
   0.0000000e+00
   0.0000000e+00
  -2.5011073e-02
  -2.4247942e-02
  -2.1847108e-02
  -3.2720039e-02
  -2.9597797e-02
  -2.6768734e-02
  -2.3952998e-02
  -2.2315217e-02
  -2.1472669e-02
  -2.1934860e-02
  -2.3435143e-02
  -2.5649186e-02
  -2.9168703e-02
  -3.2588440e-02
  -3.6102778e-02
  -3.9994273e-02
  -4.2833396e-02
  -4.5311275e-02
  -4.7714249e-02
  -4.9218360e-02
  -5.0296637e-02
  -5.1075305e-02
  -5.1189833e-02
  -5.0830666e-02
  -5.0032489e-02
  -4.9208318e-02
  -4.8373600e-02
  -4.7622831e-02
  -4.7337776e-02
  -4.7554757e-02
  -4.9926204e-02
  -5.4810669e-02
  -5.3858770e-02
   0.0000000e+00
   0.0000000e+00
  -3.8844155e-02
  -3.5397840e-02
  -3.4715921e-02
  -3.6092278e-02
  -3.4308131e-02
  -3.0574011e-02
  -2.4888816e-02
  -1.6934060e-02
  -1.0729130e-02
  -6.3338348e-03
  -3.4404648e-03
   0.0000000e+00
  -3.3878156e-02
  -3.0270625e-02
  -3.5188712e-02
  -3.6714419e-02
  -3.8415159e-02
  -3.9465705e-02
  -4.0179344e-02
  -4.0632044e-02
  -4.0880852e-02
  -4.1135297e-02
  -4.1600928e-02
  -4.2178689e-02
  -4.3027715e-02
  -4.4604129e-02
  -4.5358134e-02
  -4.1862743e-02
  -2.7074915e-02
  -0.0000000e+00
   0.0000000e+00
  -4.1371019e-02
  -3.7570392e-02
  -3.3769764e-02
   0.0000000e+00
   0.0000000e+00
   0.0000000e+00
  -4.4017445e-02
  -3.9361418e-02
  -3.7034466e-02
  -4.2843325e-02
  -3.9245919e-02
  -3.5632289e-02
  -3.1491662e-02
  -2.8557157e-02
  -2.6403859e-02
  -2.5401071e-02
  -2.5841551e-02
  -2.7160682e-02
  -2.9891659e-02
  -3.2909001e-02
  -3.6229027e-02
  -4.0122426e-02
  -4.3090764e-02
  -4.5835148e-02
  -4.8782856e-02
  -5.0850186e-02
  -5.2555163e-02
  -5.4195244e-02
  -5.5129965e-02
  -5.5641786e-02
  -5.5858840e-02
  -5.5822837e-02
  -5.5647237e-02
  -5.5337753e-02
  -5.5094510e-02
  -5.5218958e-02
  -5.7647808e-02
  -6.3368381e-02
  -6.5164028e-02
  -7.4027615e-02
  -6.2480743e-02
  -4.5229161e-02
  -4.0991890e-02
  -3.9840919e-02
  -3.9558460e-02
  -3.7247811e-02
  -3.4586157e-02
  -3.0008975e-02
  -2.2450284e-02
  -1.5872355e-02
  -8.1890416e-03
  -3.1301375e-03
   0.0000000e+00
   0.0000000e+00
  -3.3676764e-02
  -3.8729739e-02
  -4.0059961e-02
  -4.1641675e-02
  -4.2728774e-02
  -4.3575989e-02
  -4.4294670e-02
  -4.4850574e-02
  -4.5476709e-02
  -4.6426701e-02
  -4.7401651e-02
  -4.8557440e-02
  -5.0345821e-02
  -5.1640821e-02
  -4.9773802e-02
  -3.6907239e-02
   0.0000000e+00
   0.0000000e+00
  -5.6779318e-02
  -5.0595412e-02
  -4.8220878e-02
   0.0000000e+00
   0.0000000e+00
  -6.9947082e-02
  -5.0268018e-02
  -4.9089422e-02
  -4.7112282e-02
  -6.2870310e-02
  -5.9210866e-02
  -5.4870397e-02
  -4.8951451e-02
  -4.3967526e-02
  -3.9566171e-02
  -3.5837005e-02
  -3.4156381e-02
  -3.3585613e-02
  -3.4512825e-02
  -3.6477848e-02
  -3.9122627e-02
  -4.2661809e-02
  -4.5616819e-02
  -4.8607873e-02
  -5.2242201e-02
  -5.5050285e-02
  -5.7588140e-02
  -6.0378176e-02
  -6.2449163e-02
  -6.4178483e-02
  -6.5777169e-02
  -6.6845180e-02
  -6.7632188e-02
  -6.8006482e-02
  -6.7790915e-02
  -6.7456626e-02
  -6.8513469e-02
  -7.3216267e-02
  -7.8928331e-02
  -7.4027615e-02
  -6.2480743e-02
  -5.9698217e-02
  -5.1342959e-02
  -4.9134845e-02
  -4.8052490e-02
  -4.6129954e-02
  -4.4429713e-02
  -4.1075799e-02
  -3.4445292e-02
  -2.7376274e-02
  -2.3873829e-02
   0.0000000e+00
   0.0000000e+00
   0.0000000e+00
  -4.0474005e-02
  -4.4891097e-02
  -4.6061981e-02
  -4.7401644e-02
  -4.8484032e-02
  -4.9510542e-02
  -5.0644598e-02
  -5.1593294e-02
  -5.2618857e-02
  -5.4029979e-02
  -5.5419958e-02
  -5.6914862e-02
  -5.8936406e-02
  -6.1413907e-02
  -6.3853744e-02
  -5.6964731e-02
   0.0000000e+00
   0.0000000e+00
  -6.4213835e-02
  -7.2244241e-02
  -7.3290354e-02
   0.0000000e+00
   0.0000000e+00
  -6.9947082e-02
  -6.5588393e-02
  -6.7141359e-02
  -6.6165727e-02
  -7.9627394e-02
  -7.7135766e-02
  -7.3522578e-02
  -6.7851885e-02
  -6.2477917e-02
  -5.7233895e-02
  -5.1739320e-02
  -4.8136072e-02
  -4.5606659e-02
  -4.4224290e-02
  -4.4357959e-02
  -4.5421291e-02
  -4.7603941e-02
  -4.9836614e-02
  -5.2394302e-02
  -5.5903216e-02
  -5.8860415e-02
  -6.1714599e-02
  -6.5013049e-02
  -6.7611801e-02
  -6.9970138e-02
  -7.2425629e-02
  -7.4238074e-02
  -7.5822976e-02
  -7.7298945e-02
  -7.8115667e-02
  -7.8794158e-02
  -8.0230801e-02
  -8.3256702e-02
  -8.6974125e-02
  -8.3171216e-02
  -7.4680979e-02
  -6.9801670e-02
  -6.0752880e-02
  -5.7154271e-02
  -5.4521943e-02
  -5.2272159e-02
  -5.0748207e-02
  -4.8067138e-02
  -4.4754977e-02
  -4.2390594e-02
  -4.0927104e-02
  -5.3724696e-02
  -5.3724696e-02
   0.0000000e+00
  -4.6952702e-02
  -5.0522034e-02
  -5.1178927e-02
  -5.2232437e-02
  -5.3270915e-02
  -5.4422222e-02
  -5.5945017e-02
  -5.7266001e-02
  -5.8502753e-02
  -6.0002638e-02
  -6.1267277e-02
  -6.2381200e-02
  -6.3542564e-02
  -6.5205043e-02
  -6.8902949e-02
  -7.2234300e-02
  -7.3732027e-02
   0.0000000e+00
  -6.6421594e-02
  -7.6913426e-02
  -8.0225408e-02
  -7.6308415e-02
  -8.1098130e-02
  -8.2058788e-02
  -7.7377797e-02
  -8.0482754e-02
  -8.0843432e-02
  -8.8829831e-02
  -8.7134740e-02
  -8.4130060e-02
  -7.8952651e-02
  -7.3737365e-02
  -6.8373264e-02
  -6.2219109e-02
  -5.7710163e-02
  -5.4146072e-02
  -5.1401970e-02
  -5.0365429e-02
  -5.0335351e-02
  -5.1468703e-02
  -5.3098450e-02
  -5.5247440e-02
  -5.8478533e-02
  -6.1366001e-02
  -6.4268620e-02
  -6.7714857e-02
  -7.0512791e-02
  -7.3134897e-02
  -7.5982747e-02
  -7.8150248e-02
  -8.0129290e-02
  -8.2179225e-02
  -8.3562234e-02
  -8.4837181e-02
  -8.6653543e-02
  -8.8961657e-02
  -9.1466617e-02
  -8.8112152e-02
  -8.1076578e-02
  -7.5140406e-02
  -6.5787109e-02
  -6.1235694e-02
  -5.7575871e-02
  -5.5009207e-02
  -5.3595475e-02
  -5.1470679e-02
  -4.9934878e-02
  -5.0234960e-02
  -5.3678801e-02
  -5.7988405e-02
  -5.7331102e-02
  -6.4898133e-02
  -5.1496239e-02
  -5.4123862e-02
  -5.4500924e-02
  -5.5326961e-02
  -5.6307658e-02
  -5.7503586e-02
  -5.9211812e-02
  -6.0695369e-02
  -6.2027526e-02
  -6.3569485e-02
  -6.4743605e-02
  -6.5595049e-02
  -6.6148771e-02
  -6.7071059e-02
  -7.0573190e-02
  -7.5987514e-02
  -7.1468157e-02
  -6.2173071e-02
  -6.8400824e-02
  -7.8589228e-02
  -8.0727202e-02
  -7.7874126e-02
  -8.2732102e-02
  -8.6638175e-02
  -8.3974871e-02
  -8.7650124e-02
  -8.8868218e-02
  -9.9118745e-02
  -9.8835892e-02
  -9.7214370e-02
  -9.3788182e-02
  -9.0003544e-02
  -8.5656943e-02
  -7.9806981e-02
  -7.4790030e-02
  -7.0206713e-02
  -6.5626244e-02
  -6.2728483e-02
  -6.0719916e-02
  -5.9657229e-02
  -5.9919693e-02
  -6.1037990e-02
  -6.3256203e-02
  -6.5556119e-02
  -6.8091815e-02
  -7.1261601e-02
  -7.3977574e-02
  -7.6620107e-02
  -7.9643917e-02
  -8.2027697e-02
  -8.4299407e-02
  -8.6886762e-02
  -8.8900857e-02
  -9.0978029e-02
  -9.3794149e-02
  -9.5982373e-02
  -9.6738248e-02
  -9.3366120e-02
  -8.7204306e-02
  -8.0404505e-02
  -7.0967389e-02
  -6.4714808e-02
  -5.9313641e-02
  -5.5931674e-02
  -5.4686238e-02
  -5.3811112e-02
  -5.4106901e-02
  -5.7657711e-02
  -6.0088661e-02
  -6.2762714e-02
  -6.5407685e-02
  -6.4898133e-02
  -5.9888937e-02
  -5.9863355e-02
  -5.9935735e-02
  -6.0271075e-02
  -6.1074017e-02
  -6.2239464e-02
  -6.4060735e-02
  -6.5585312e-02
  -6.6954990e-02
  -6.8521570e-02
  -6.9521602e-02
  -6.9900584e-02
  -6.9320317e-02
  -6.8431586e-02
  -6.8734784e-02
  -7.1660656e-02
  -6.6398197e-02
  -6.2173071e-02
  -7.3190914e-02
  -7.7477140e-02
  -7.9774695e-02
  -8.4886979e-02
  -9.0050698e-02
  -9.0383175e-02
  -9.1763285e-02
  -9.5128359e-02
  -9.7720374e-02
  -1.0006844e-01
  -1.0045199e-01
  -9.9722507e-02
  -9.7651135e-02
  -9.5184012e-02
  -9.2234244e-02
  -8.7993081e-02
  -8.3928439e-02
  -7.9839766e-02
  -7.5308192e-02
  -7.1986519e-02
  -6.9219345e-02
  -6.7006940e-02
  -6.6267546e-02
  -6.6402446e-02
  -6.7417582e-02
  -6.8851410e-02
  -7.0699554e-02
  -7.3219270e-02
  -7.5484950e-02
  -7.7718299e-02
  -8.0324207e-02
  -8.2429317e-02
  -8.4455638e-02
  -8.6788546e-02
  -8.8627572e-02
  -9.0504401e-02
  -9.2812998e-02
  -9.4263645e-02
  -9.4619935e-02
  -9.1682656e-02
  -8.5153879e-02
  -7.8305117e-02
  -6.9027687e-02
  -6.2594007e-02
  -5.6681558e-02
  -5.2751632e-02
  -5.1704725e-02
  -5.1992439e-02
  -5.3515083e-02
  -5.6580889e-02
  -5.9661260e-02
  -6.3074350e-02
  -6.6632299e-02
  -6.7183726e-02
  -6.4299071e-02
  -6.3351548e-02
  -6.3343025e-02
  -6.3353218e-02
  -6.3799310e-02
  -6.4694455e-02
  -6.6220748e-02
  -6.7499190e-02
  -6.8735096e-02
  -7.0236863e-02
  -7.1221423e-02
  -7.1536248e-02
  -7.0634349e-02
  -6.9214094e-02
  -6.7993146e-02
  -6.7707004e-02
  -6.4854616e-02
  -6.4351754e-02
  -7.4530835e-02
  -7.6482703e-02
  -7.9117565e-02
  -8.5061213e-02
  -8.8681802e-02
  -8.9347230e-02
  -9.2024742e-02
  -9.5439473e-02
  -9.8172203e-02
  -9.9284506e-02
  -1.0006297e-01
  -9.9886053e-02
  -9.8670231e-02
  -9.7075249e-02
  -9.5082895e-02
  -9.2008454e-02
  -8.8737547e-02
  -8.5191718e-02
  -8.0966419e-02
  -7.7592929e-02
  -7.4542405e-02
  -7.1792756e-02
  -7.0490514e-02
  -6.9974094e-02
  -7.0148078e-02
  -7.0958325e-02
  -7.2267500e-02
  -7.4238897e-02
  -7.6104254e-02
  -7.7970591e-02
  -8.0199030e-02
  -8.2029215e-02
  -8.3800776e-02
  -8.5841488e-02
  -8.7442223e-02
  -8.9039860e-02
  -9.0762572e-02
  -9.1464862e-02
  -9.1397146e-02
  -8.8491733e-02
  -8.1600963e-02
  -7.4615968e-02
  -6.5589192e-02
  -5.9467044e-02
  -5.3590432e-02
  -4.9430679e-02
  -4.8478021e-02
  -4.9500614e-02
  -5.2026082e-02
  -5.5136485e-02
  -5.8729546e-02
  -6.2724866e-02
  -6.6635028e-02
  -6.7843347e-02
  -6.6394907e-02
  -6.5210746e-02
  -6.5225357e-02
  -6.5067079e-02
  -6.5269798e-02
  -6.5928269e-02
  -6.7169865e-02
  -6.8238735e-02
  -6.9339325e-02
  -7.0745036e-02
  -7.1725171e-02
  -7.2061488e-02
  -7.1103143e-02
  -6.9506768e-02
  -6.7583118e-02
  -6.5658289e-02
  -6.4105188e-02
  -6.5655167e-02
  -7.4931692e-02
  -7.5844557e-02
  -7.8742616e-02
  -8.4492407e-02
  -8.6896756e-02
  -8.7783335e-02
  -9.1081286e-02
  -9.4416713e-02
  -9.7141184e-02
  -9.3894371e-02
  -9.4991554e-02
  -9.5345261e-02
  -9.5006129e-02
  -9.4437932e-02
  -9.3676369e-02
  -9.2297343e-02
  -9.0477480e-02
  -8.8251965e-02
  -8.5253463e-02
  -8.2542521e-02
  -7.9850399e-02
  -7.7176070e-02
  -7.5528501e-02
  -7.4244166e-02
  -7.3286289e-02
  -7.3203430e-02
  -7.3612941e-02
  -7.4565632e-02
  -7.5636333e-02
  -7.6766519e-02
  -7.8231669e-02
  -7.9452123e-02
  -8.0631788e-02
  -8.1937103e-02
  -8.2870207e-02
  -8.3675617e-02
  -8.3918190e-02
  -8.2916846e-02
  -8.1845542e-02
  -7.8168107e-02
  -7.0474581e-02
  -6.3000866e-02
  -5.4727573e-02
  -5.0336508e-02
  -4.5685742e-02
  -4.1675702e-02
  -4.0716450e-02
  -4.2493941e-02
  -4.6803111e-02
  -5.1122364e-02
  -5.5580869e-02
  -6.0555817e-02
  -6.4083258e-02
  -6.5921266e-02
  -6.6258113e-02
  -6.5976998e-02
  -6.6261371e-02
  -6.6052631e-02
  -6.5946206e-02
  -6.6143425e-02
  -6.6767013e-02
  -6.7441654e-02
  -6.8235048e-02
  -6.9359576e-02
  -7.0352901e-02
  -7.0916793e-02
  -7.0386794e-02
  -6.9138793e-02
  -6.7356250e-02
  -6.5043973e-02
  -6.4084196e-02
  -6.6750789e-02
  -7.3866318e-02
  -7.5156923e-02
  -7.8491070e-02
  -8.1659189e-02
  -8.2015757e-02
  -8.3165080e-02
  -8.6439591e-02
  -8.9326912e-02
  -9.1720963e-02
  -8.4512188e-02
  -8.5544065e-02
  -8.5972014e-02
  -8.5981071e-02
  -8.5859064e-02
  -8.5654150e-02
  -8.5152178e-02
  -8.4312446e-02
  -8.3164423e-02
  -8.1472898e-02
  -7.9746603e-02
  -7.7900281e-02
  -7.5954797e-02
  -7.4553501e-02
  -7.3176212e-02
  -7.1801230e-02
  -7.1121242e-02
  -7.0823968e-02
  -7.0941262e-02
  -7.1279960e-02
  -7.1643767e-02
  -7.2173023e-02
  -7.2583060e-02
  -7.2957310e-02
  -7.3322959e-02
  -7.3587488e-02
  -7.3775105e-02
  -7.3189748e-02
  -7.1261500e-02
  -6.9042960e-02
  -6.3415866e-02
  -5.4835441e-02
  -4.6791604e-02
  -3.9614534e-02
  -3.6827830e-02
  -3.4111546e-02
  -3.1648814e-02
  -3.0774075e-02
  -3.2565197e-02
  -3.7759993e-02
  -4.3041781e-02
  -4.8216281e-02
  -5.3604720e-02
  -5.7054595e-02
  -5.9261250e-02
  -6.0635058e-02
  -6.1432472e-02
  -6.2229055e-02
  -6.2450524e-02
  -6.2476192e-02
  -6.2580486e-02
  -6.2841789e-02
  -6.3214627e-02
  -6.3740131e-02
  -6.4627867e-02
  -6.5490693e-02
  -6.6176910e-02
  -6.6248922e-02
  -6.5685462e-02
  -6.4633947e-02
  -6.3281800e-02
  -6.3295183e-02
  -6.5846741e-02
  -7.1094112e-02
  -7.1945034e-02
  -7.3880412e-02
  -7.4696480e-02
  -7.4541192e-02
  -7.5884476e-02
  -7.8476596e-02
  -8.0685189e-02
  -8.2625036e-02
  -7.5603509e-02
  -7.6530885e-02
  -7.6980959e-02
  -7.7176562e-02
  -7.7296724e-02
  -7.7421593e-02
  -7.7454358e-02
  -7.7230963e-02
  -7.6786478e-02
  -7.5958139e-02
  -7.4934810e-02
  -7.3742060e-02
  -7.2368029e-02
  -7.1217741e-02
  -6.9930149e-02
  -6.8413052e-02
  -6.7391495e-02
  -6.6628703e-02
  -6.6112724e-02
  -6.5870011e-02
  -6.5608806e-02
  -6.5331117e-02
  -6.5056455e-02
  -6.4778518e-02
  -6.4437801e-02
  -6.4215855e-02
  -6.3996188e-02
  -6.3067349e-02
  -6.0931155e-02
  -5.8298808e-02
  -5.1658129e-02
  -4.2555888e-02
  -3.3824750e-02
  -2.6986163e-02
  -2.5228008e-02
  -2.4034234e-02
  -2.2807808e-02
  -2.1964521e-02
  -2.3688000e-02
  -2.9387150e-02
  -3.5222466e-02
  -4.0773004e-02
  -4.6359388e-02
  -4.9791714e-02
  -5.2205951e-02
  -5.4201050e-02
  -5.5637184e-02
  -5.6818035e-02
  -5.7448685e-02
  -5.7690110e-02
  -5.7859445e-02
  -5.8011176e-02
  -5.8265780e-02
  -5.8646902e-02
  -5.9337791e-02
  -6.0045734e-02
  -6.0708412e-02
  -6.1105529e-02
  -6.0986017e-02
  -6.0469486e-02
  -5.9801408e-02
  -6.0346117e-02
  -6.2758465e-02
  -6.6660532e-02
  -6.6983683e-02
  -6.7754107e-02
  -6.7367295e-02
  -6.7156131e-02
  -6.8585560e-02
  -7.0685455e-02
  -7.2384675e-02
  -7.3965816e-02
  -6.2302268e-02
  -6.3030847e-02
  -6.3465266e-02
  -6.3794373e-02
  -6.4093413e-02
  -6.4510588e-02
  -6.5041734e-02
  -6.5422168e-02
  -6.5706435e-02
  -6.5786570e-02
  -6.5579297e-02
  -6.5211846e-02
  -6.4569629e-02
  -6.3811388e-02
  -6.2836853e-02
  -6.1363184e-02
  -6.0058548e-02
  -5.8807660e-02
  -5.7507179e-02
  -5.6510781e-02
  -5.5419757e-02
  -5.4019499e-02
  -5.2807915e-02
  -5.1669540e-02
  -5.0461275e-02
  -4.9662324e-02
  -4.9015067e-02
  -4.8018968e-02
  -4.6248903e-02
  -4.3678696e-02
  -3.6367867e-02
  -2.6808949e-02
  -1.6904713e-02
  -9.8644621e-03
  -9.1438936e-03
  -9.9069134e-03
  -1.0291930e-02
  -9.4464826e-03
  -1.0987851e-02
  -1.7101240e-02
  -2.3400206e-02
  -2.9206369e-02
  -3.4892340e-02
  -3.8354932e-02
  -4.0935705e-02
  -4.3492700e-02
  -4.5494573e-02
  -4.7146397e-02
  -4.8388668e-02
  -4.9043159e-02
  -4.9463890e-02
  -4.9687999e-02
  -4.9935515e-02
  -5.0211777e-02
  -5.0636943e-02
  -5.1082458e-02
  -5.1569379e-02
  -5.2203752e-02
  -5.2539684e-02
  -5.2661719e-02
  -5.2785895e-02
  -5.3728600e-02
  -5.5902925e-02
  -5.8227760e-02
  -5.7651908e-02
  -5.6847275e-02
  -5.5701741e-02
  -5.5840132e-02
  -5.7299509e-02
  -5.8821230e-02
  -5.9895913e-02
  -6.1014538e-02
  -4.1465327e-02
  -4.2052018e-02
  -4.2465893e-02
  -4.2928547e-02
  -4.3429992e-02
  -4.4072134e-02
  -4.4963964e-02
  -4.5811813e-02
  -4.6740115e-02
  -4.7642919e-02
  -4.8160683e-02
  -4.8527336e-02
  -4.8615986e-02
  -4.8271403e-02
  -4.7641979e-02
  -4.6523058e-02
  -4.5188252e-02
  -4.3527335e-02
  -4.1387292e-02
  -3.9640194e-02
  -3.7793855e-02
  -3.5379831e-02
  -3.3445655e-02
  -3.1697247e-02
  -2.9877427e-02
  -2.8693750e-02
  -2.7692430e-02
  -2.6648919e-02
  -2.5547071e-02
  -2.3642808e-02
  -1.7503846e-02
  -7.9433814e-03
   4.5504204e-03
   1.3444163e-02
   1.3707171e-02
   1.1421048e-02
   9.7712267e-03
   1.0872223e-02
   8.6693260e-03
   1.1053973e-03
  -6.0545613e-03
  -1.1590365e-02
  -1.6624419e-02
  -1.9803174e-02
  -2.2352033e-02
  -2.4940079e-02
  -2.6929362e-02
  -2.8785865e-02
  -3.0722297e-02
  -3.2058629e-02
  -3.3015917e-02
  -3.3599193e-02
  -3.3983311e-02
  -3.4317387e-02
  -3.4639031e-02
  -3.4793272e-02
  -3.4862095e-02
  -3.5069543e-02
  -3.5314744e-02
  -3.5531281e-02
  -3.5946201e-02
  -3.6785718e-02
  -3.7919349e-02
  -3.8844778e-02
  -3.8292088e-02
  -3.7237920e-02
  -3.6232363e-02
  -3.6564870e-02
  -3.7821240e-02
  -3.9048179e-02
  -3.9751316e-02
  -4.0503068e-02
  -2.4546698e-02
  -2.5065587e-02
  -2.5471642e-02
  -2.5989093e-02
  -2.6618547e-02
  -2.7438410e-02
  -2.8593381e-02
  -2.9718515e-02
  -3.0983566e-02
  -3.2374500e-02
  -3.3361289e-02
  -3.4164312e-02
  -3.4699328e-02
  -3.4682144e-02
  -3.4291610e-02
  -3.3360026e-02
  -3.2049910e-02
  -3.0270119e-02
  -2.7759651e-02
  -2.5631523e-02
  -2.3427172e-02
  -2.0616817e-02
  -1.8401078e-02
  -1.6355721e-02
  -1.4227150e-02
  -1.2817625e-02
  -1.1630835e-02
  -1.0462208e-02
  -9.5474417e-03
  -8.2181095e-03
  -3.5808717e-03
   5.3769798e-03
   1.9411547e-02
   2.9198147e-02
   2.9811060e-02
   2.6799288e-02
   2.2267744e-02
   1.3720620e-02
   1.9303153e-02
   1.3594310e-02
   5.8276115e-03
   1.2351094e-03
  -2.4080565e-03
  -4.9209418e-03
  -7.1246803e-03
  -9.4076277e-03
  -1.1124598e-02
  -1.2848265e-02
  -1.5014580e-02
  -1.6808843e-02
  -1.8215135e-02
  -1.9130874e-02
  -1.9615133e-02
  -2.0012086e-02
  -2.0275346e-02
  -2.0217083e-02
  -2.0047767e-02
  -1.9939324e-02
  -1.9987879e-02
  -2.0108747e-02
  -2.0524156e-02
  -2.1210729e-02
  -2.1898612e-02
  -2.2278989e-02
  -2.1755365e-02
  -2.0793314e-02
  -1.9988303e-02
  -2.0254009e-02
  -2.1243362e-02
  -2.2454463e-02
  -2.3136703e-02
  -2.3768307e-02
  -5.5309240e-03
  -6.0200258e-03
  -6.4465006e-03
  -7.0426601e-03
  -7.8160664e-03
  -8.8345596e-03
  -1.0277123e-02
  -1.1694065e-02
  -1.3281144e-02
  -1.5145246e-02
  -1.6577590e-02
  -1.7782421e-02
  -1.8755651e-02
  -1.9096759e-02
  -1.8966910e-02
  -1.8216470e-02
  -1.6949863e-02
  -1.5109134e-02
  -1.2326077e-02
  -9.8643432e-03
  -7.3339755e-03
  -4.1921134e-03
  -1.7338321e-03
   5.9250378e-04
   3.0131578e-03
   4.6471126e-03
   6.0089701e-03
   7.3007931e-03
   8.1071251e-03
   8.8078634e-03
   1.1514974e-02
   1.7474477e-02
   3.1264966e-02
   4.2179164e-02
   4.4543501e-02
   4.1407626e-02
   3.6907901e-02
   0.0000000e+00
   2.9807376e-02
   2.5492116e-02
   1.7432353e-02
   1.4156356e-02
   1.2422377e-02
   1.0978373e-02
   9.4347528e-03
   7.7990016e-03
   6.6367760e-03
   5.2695980e-03
   3.0551306e-03
   8.9434769e-04
  -9.4647318e-04
  -2.2363087e-03
  -2.8521909e-03
  -3.3061023e-03
  -3.4882834e-03
  -3.2298716e-03
  -2.8440774e-03
  -2.4131686e-03
  -2.2053982e-03
  -2.1392255e-03
  -2.4200474e-03
  -2.9100507e-03
  -3.2843319e-03
  -3.3962599e-03
  -2.9883118e-03
  -2.2193914e-03
  -1.6293219e-03
  -1.7721813e-03
  -2.3570045e-03
  -3.5277565e-03
  -4.2985442e-03
  -4.8820764e-03
   2.1370364e-02
   2.0784102e-02
   2.0221670e-02
   1.9396972e-02
   1.8385983e-02
   1.7086345e-02
   1.5241650e-02
   1.3395593e-02
   1.1403433e-02
   9.0012986e-03
   7.1499132e-03
   5.5786798e-03
   4.0998921e-03
   3.2823107e-03
   3.0359707e-03
   3.5530176e-03
   4.7414082e-03
   6.5797024e-03
   9.4692037e-03
   1.2240871e-02
   1.5167344e-02
   1.8723548e-02
   2.1515679e-02
   2.4214842e-02
   2.7005726e-02
   2.8921203e-02
   3.0493375e-02
   3.1810541e-02
   3.2536306e-02
   3.2448912e-02
   3.1978805e-02
   3.2718562e-02
   0.0000000e+00
   5.2784316e-02
   5.4364132e-02
   5.3308385e-02
   4.6172526e-02
   0.0000000e+00
   0.0000000e+00
   3.6005664e-02
   2.8980402e-02
   2.7908232e-02
   2.9442643e-02
   3.0372386e-02
   3.0541379e-02
   3.0716191e-02
   3.1077477e-02
   3.0755432e-02
   2.8993506e-02
   2.6810361e-02
   2.4643909e-02
   2.2860974e-02
   2.1973658e-02
   2.1508030e-02
   2.1525305e-02
   2.1936380e-02
   2.2520267e-02
   2.3307257e-02
   2.3903128e-02
   2.4388101e-02
   2.4612896e-02
   2.4434306e-02
   2.4133705e-02
   2.3590637e-02
   2.3516885e-02
   2.3931816e-02
   2.4339524e-02
   2.4351237e-02
   2.4656150e-02
   2.3838318e-02
   2.2760041e-02
   2.2065831e-02
   5.2620013e-02
   5.1684920e-02
   5.0708095e-02
   4.9275908e-02
   4.7786897e-02
   4.6008605e-02
   4.3524249e-02
   4.1246566e-02
   3.8829204e-02
   3.5791893e-02
   3.3568940e-02
   3.1647649e-02
   2.9664565e-02
   2.8515078e-02
   2.8008929e-02
   2.8344920e-02
   2.9433449e-02
   3.1224563e-02
   3.4124660e-02
   3.7155653e-02
   4.0476732e-02
   4.4504141e-02
   4.7791404e-02
   5.0899211e-02
   5.4197879e-02
   5.6507838e-02
   5.8237980e-02
   5.9299717e-02
   5.9522250e-02
   5.9015036e-02
   5.4613412e-02
   0.0000000e+00
   0.0000000e+00
   0.0000000e+00
   0.0000000e+00
   0.0000000e+00
   0.0000000e+00
   0.0000000e+00
   0.0000000e+00
   3.6322071e-02
   3.4965284e-02
   3.7131182e-02
   4.2847648e-02
   4.6591480e-02
   4.8340490e-02
   5.0984459e-02
   5.4289216e-02
   5.6217019e-02
   5.5809298e-02
   5.4273125e-02
   5.2716247e-02
   5.1205215e-02
   5.0257530e-02
   4.9825224e-02
   5.0115914e-02
   5.0802410e-02
   5.1749475e-02
   5.3129086e-02
   5.4204874e-02
   5.5098059e-02
   5.5896724e-02
   5.6150001e-02
   5.5936139e-02
   5.5344971e-02
   5.5121537e-02
   5.5353790e-02
   5.5410864e-02
   5.5060944e-02
   5.6405044e-02
   5.6017170e-02
   5.4624573e-02
   5.3610856e-02
   8.1556778e-02
   8.0214341e-02
   7.8727742e-02
   7.6683500e-02
   7.4624841e-02
   7.2333655e-02
   6.9325370e-02
   6.6562020e-02
   6.3719296e-02
   6.0274787e-02
   5.7638900e-02
   5.5312375e-02
   5.2950740e-02
   5.1531901e-02
   5.0865214e-02
   5.1194072e-02
   5.2297300e-02
   5.4074581e-02
   5.6957912e-02
   6.0027952e-02
   6.3495600e-02
   6.7872007e-02
   7.1612491e-02
   7.5129207e-02
   7.8899603e-02
   8.1493249e-02
   8.3373352e-02
   8.4217064e-02
   8.3794762e-02
   8.2498255e-02
   7.7484524e-02
   0.0000000e+00
   0.0000000e+00
   0.0000000e+00
   0.0000000e+00
   0.0000000e+00
   0.0000000e+00
   0.0000000e+00
   0.0000000e+00
   3.4781436e-02
   3.4052978e-02
   3.9678801e-02
   4.8645069e-02
   5.5163398e-02
   5.8239167e-02
   6.3283984e-02
   6.9894276e-02
   7.4279431e-02
   7.5480571e-02
   7.5175751e-02
   7.5117123e-02
   7.4987674e-02
   7.4824548e-02
   7.4843247e-02
   7.5385813e-02
   7.6527584e-02
   7.8090161e-02
   8.0202825e-02
   8.1883018e-02
   8.3301303e-02
   8.4651782e-02
   8.5242050e-02
   8.5259157e-02
   8.4954953e-02
   8.4842601e-02
   8.4965578e-02
   8.4439619e-02
   8.3513452e-02
   8.6003931e-02
   8.6924746e-02
   8.4805725e-02
   8.2882402e-02
   1.1108893e-01
   1.0956003e-01
   1.0775560e-01
   1.0515609e-01
   1.0264477e-01
   9.9842060e-02
   9.6410164e-02
   9.3225616e-02
   8.9948860e-02
   8.6229997e-02
   8.3235307e-02
   8.0613047e-02
   7.7890506e-02
   7.6291629e-02
   7.5569448e-02
   7.5759350e-02
   7.6901854e-02
   7.8654820e-02
   8.1576629e-02
   8.4641314e-02
   8.8045073e-02
   9.2758012e-02
   9.6727782e-02
   1.0053618e-01
   1.0464553e-01
   1.0728349e-01
   1.0930248e-01
   1.0975953e-01
   1.0881337e-01
   1.0646547e-01
   1.0142485e-01
   1.0241345e-01
   9.7004626e-02
   0.0000000e+00
   0.0000000e+00
   0.0000000e+00
   0.0000000e+00
   0.0000000e+00
   0.0000000e+00
   2.6976806e-02
   3.0822807e-02
   3.9749163e-02
   5.1417260e-02
   5.9910539e-02
   6.4557768e-02
   7.2222321e-02
   8.1901203e-02
   8.8510455e-02
   9.1337748e-02
   9.3006015e-02
   9.5119778e-02
   9.7342218e-02
   9.8722664e-02
   9.9827207e-02
   1.0153834e-01
   1.0339279e-01
   1.0573389e-01
   1.0863019e-01
   1.1084871e-01
   1.1286918e-01
   1.1466802e-01
   1.1564218e-01
   1.1589665e-01
   1.1568955e-01
   1.1557339e-01
   1.1537389e-01
   1.1411345e-01
   1.1221051e-01
   1.1538913e-01
   1.1805899e-01
   1.1516787e-01
   1.1249682e-01
   1.3877427e-01
   1.3741903e-01
   1.3559033e-01
   1.3264822e-01
   1.2989660e-01
   1.2672904e-01
   1.2300970e-01
   1.1959602e-01
   1.1603935e-01
   1.1215859e-01
   1.0903158e-01
   1.0634100e-01
   1.0345030e-01
   1.0184642e-01
   1.0115712e-01
   1.0108778e-01
   1.0219085e-01
   1.0391666e-01
   1.0689657e-01
   1.0995063e-01
   1.1312166e-01
   1.1796771e-01
   1.2175343e-01
   1.2551296e-01
   1.2960385e-01
   1.3192878e-01
   1.3390709e-01
   1.3378051e-01
   1.3256015e-01
   1.2903493e-01
   1.2070610e-01
   1.0717758e-01
   1.0680314e-01
   0.0000000e+00
   0.0000000e+00
   0.0000000e+00
   0.0000000e+00
   0.0000000e+00
   0.0000000e+00
   2.2515209e-02
   2.8683484e-02
   3.9844768e-02
   5.3236883e-02
   6.2421364e-02
   6.8758884e-02
   7.8832349e-02
   9.0416738e-02
   9.8442010e-02
   1.0297667e-01
   1.0717482e-01
   1.1174336e-01
   1.1683286e-01
   1.2021847e-01
   1.2299978e-01
   1.2666625e-01
   1.2936459e-01
   1.3236805e-01
   1.3577833e-01
   1.3827394e-01
   1.4068059e-01
   1.4265631e-01
   1.4384566e-01
   1.4422330e-01
   1.4379043e-01
   1.4343754e-01
   1.4276840e-01
   1.4073133e-01
   1.3767822e-01
   1.4098353e-01
   1.4601754e-01
   1.4276287e-01
   1.3988290e-01
   1.6145314e-01
   1.6039932e-01
   1.5852204e-01
   1.5561530e-01
   1.5264407e-01
   1.4949537e-01
   1.4552506e-01
   1.4212878e-01
   1.3880418e-01
   1.3473330e-01
   1.3192174e-01
   1.2936186e-01
   1.2698549e-01
   1.2563622e-01
   1.2489831e-01
   1.2493024e-01
   1.2571864e-01
   1.2748632e-01
   1.3029396e-01
   1.3328793e-01
   1.3634013e-01
   1.4055330e-01
   1.4370090e-01
   1.4676163e-01
   1.5013093e-01
   1.5185191e-01
   1.5314875e-01
   1.5247456e-01
   1.5100759e-01
   1.4654221e-01
   1.3950194e-01
   1.2956826e-01
   1.1885605e-01
   1.3387214e-01
   0.0000000e+00
   0.0000000e+00
   0.0000000e+00
   0.0000000e+00
   5.8181192e-02
   3.2277193e-02
   3.4586996e-02
   4.5615018e-02
   5.9308237e-02
   6.8717595e-02
   7.6050780e-02
   8.7167853e-02
   9.8540092e-02
   1.0686392e-01
   1.1395458e-01
   1.2014464e-01
   1.2631313e-01
   1.3310153e-01
   1.3772341e-01
   1.4193667e-01
   1.4624192e-01
   1.4936691e-01
   1.5225167e-01
   1.5524858e-01
   1.5760990e-01
   1.5948272e-01
   1.6121755e-01
   1.6179059e-01
   1.6207188e-01
   1.6157134e-01
   1.6100222e-01
   1.6040258e-01
   1.5779263e-01
   1.5453780e-01
   1.5848276e-01
   1.6731974e-01
   1.6486149e-01
   1.6216588e-01
   1.7442729e-01
   1.7319518e-01
   1.7143274e-01
   1.6869739e-01
   1.6588544e-01
   1.6286480e-01
   1.5889741e-01
   1.5570311e-01
   1.5255807e-01
   1.4916334e-01
   1.4659383e-01
   1.4458362e-01
   1.4270205e-01
   1.4207601e-01
   1.4167720e-01
   1.4199330e-01
   1.4280157e-01
   1.4457474e-01
   1.4703113e-01
   1.4962088e-01
   1.5216712e-01
   1.5548013e-01
   1.5757792e-01
   1.5955317e-01
   1.6096725e-01
   1.6156949e-01
   1.6135703e-01
   1.6022281e-01
   1.5800049e-01
   1.5417879e-01
   1.4752484e-01
   1.4045107e-01
   1.3614139e-01
   1.3387214e-01
   0.0000000e+00
   0.0000000e+00
   0.0000000e+00
   0.0000000e+00
   5.8181192e-02
   5.1349047e-02
   4.9548451e-02
   5.5702069e-02
   6.5914983e-02
   7.3926312e-02
   8.0771491e-02
   9.0991587e-02
   1.0042101e-01
   1.0847465e-01
   1.1637780e-01
   1.2275293e-01
   1.2897786e-01
   1.3600232e-01
   1.4124677e-01
   1.4595830e-01
   1.5087206e-01
   1.5426990e-01
   1.5710609e-01
   1.5959113e-01
   1.6131285e-01
   1.6275879e-01
   1.6426657e-01
   1.6516751e-01
   1.6598824e-01
   1.6650538e-01
   1.6685544e-01
   1.6709720e-01
   1.6491817e-01
   1.6327888e-01
   1.6892254e-01
   1.7945820e-01
   1.7816941e-01
   1.7526753e-01
   1.6996281e-01
   1.6859318e-01
   1.6701298e-01
   1.6472045e-01
   1.6246137e-01
   1.5987376e-01
   1.5672320e-01
   1.5405692e-01
   1.5154942e-01
   1.4890485e-01
   1.4733775e-01
   1.4604354e-01
   1.4503748e-01
   1.4479180e-01
   1.4491874e-01
   1.4569897e-01
   1.4696252e-01
   1.4849874e-01
   1.5056969e-01
   1.5239427e-01
   1.5422963e-01
   1.5604725e-01
   1.5699268e-01
   1.5740173e-01
   1.5711314e-01
   1.5624022e-01
   1.5492916e-01
   1.5258297e-01
   1.5000088e-01
   1.4652590e-01
   1.4159481e-01
   1.3737176e-01
   1.3475059e-01
   1.3431631e-01
   1.2824125e-01
   1.1850156e-01
   1.0185888e-01
   8.8122531e-02
   7.5579378e-02
   6.3529726e-02
   6.1580968e-02
   6.4940688e-02
   7.0942187e-02
   7.5461244e-02
   8.0047054e-02
   8.7233123e-02
   9.4245547e-02
   1.0083099e-01
   1.0808293e-01
   1.1377596e-01
   1.1958210e-01
   1.2651138e-01
   1.3186534e-01
   1.3662681e-01
   1.4159391e-01
   1.4504994e-01
   1.4786900e-01
   1.5033591e-01
   1.5195541e-01
   1.5333635e-01
   1.5491309e-01
   1.5624930e-01
   1.5739216e-01
   1.5854886e-01
   1.5950674e-01
   1.6030080e-01
   1.5904631e-01
   1.6000557e-01
   1.6645151e-01
   1.7467553e-01
   1.7378899e-01
   1.7117296e-01
   1.5078549e-01
   1.4973361e-01
   1.4853208e-01
   1.4683577e-01
   1.4537896e-01
   1.4377938e-01
   1.4182562e-01
   1.4014146e-01
   1.3853953e-01
   1.3693108e-01
   1.3620691e-01
   1.3582187e-01
   1.3575662e-01
   1.3598941e-01
   1.3640551e-01
   1.3761504e-01
   1.3897035e-01
   1.4030797e-01
   1.4171534e-01
   1.4256760e-01
   1.4306596e-01
   1.4323808e-01
   1.4289838e-01
   1.4197844e-01
   1.4006414e-01
   1.3802144e-01
   1.3582811e-01
   1.3279041e-01
   1.3011277e-01
   1.2708873e-01
   1.2346909e-01
   1.2095470e-01
   1.1974780e-01
   1.1928645e-01
   1.1741031e-01
   1.1344405e-01
   1.0408426e-01
   9.4195664e-02
   8.3748035e-02
   7.3722155e-02
   7.0315635e-02
   6.9973344e-02
   7.1167988e-02
   7.2212880e-02
   7.3915410e-02
   7.7765264e-02
   8.2090255e-02
   8.6666500e-02
   9.2325893e-02
   9.7097151e-02
   1.0194618e-01
   1.0791282e-01
   1.1274137e-01
   1.1714093e-01
   1.2173095e-01
   1.2504261e-01
   1.2788652e-01
   1.3054731e-01
   1.3202549e-01
   1.3309747e-01
   1.3419684e-01
   1.3496656e-01
   1.3571535e-01
   1.3685717e-01
   1.3812152e-01
   1.3906057e-01
   1.3892962e-01
   1.4159563e-01
   1.4824580e-01
   1.5448434e-01
   1.5396529e-01
   1.5194985e-01
   1.1915393e-01
   1.1905713e-01
   1.1865368e-01
   1.1803706e-01
   1.1762178e-01
   1.1711562e-01
   1.1627213e-01
   1.1555725e-01
   1.1497774e-01
   1.1464080e-01
   1.1470316e-01
   1.1501786e-01
   1.1577457e-01
   1.1649101e-01
   1.1727385e-01
   1.1850936e-01
   1.1943350e-01
   1.2014942e-01
   1.2077573e-01
   1.2071605e-01
   1.2016294e-01
   1.1878930e-01
   1.1713165e-01
   1.1516961e-01
   1.1227726e-01
   1.0941873e-01
   1.0657248e-01
   1.0339005e-01
   1.0073023e-01
   9.8002652e-02
   9.5344068e-02
   9.4067161e-02
   9.3776396e-02
   9.4315894e-02
   9.4632947e-02
   9.4166183e-02
   9.0963642e-02
   8.6161948e-02
   8.0324245e-02
   7.3835200e-02
   7.0637181e-02
   6.8857079e-02
   6.6972888e-02
   6.5571798e-02
   6.4869710e-02
   6.5350754e-02
   6.6886018e-02
   6.8972319e-02
   7.2322084e-02
   7.5703996e-02
   7.9111016e-02
   8.3401939e-02
   8.7014014e-02
   9.0321578e-02
   9.3977237e-02
   9.6656114e-02
   9.9019078e-02
   1.0124259e-01
   1.0248395e-01
   1.0327308e-01
   1.0384808e-01
   1.0420326e-01
   1.0455485e-01
   1.0537911e-01
   1.0641186e-01
   1.0732850e-01
   1.0822529e-01
   1.1137997e-01
   1.1677960e-01
   1.2066326e-01
   1.2027583e-01
   1.1932196e-01
   7.6641922e-02
   7.7314096e-02
   7.8018428e-02
   7.8688855e-02
   7.9028382e-02
   7.9315481e-02
   7.9585373e-02
   7.9828568e-02
   8.0277981e-02
   8.1135596e-02
   8.2014439e-02
   8.2938995e-02
   8.4189841e-02
   8.5301459e-02
   8.6428669e-02
   8.7346779e-02
   8.7652530e-02
   8.7700877e-02
   8.7301111e-02
   8.6528240e-02
   8.5304883e-02
   8.3044303e-02
   8.0644648e-02
   7.8056436e-02
   7.4789058e-02
   7.2049840e-02
   6.9374782e-02
   6.6116754e-02
   6.3543791e-02
   6.1486677e-02
   6.0076089e-02
   5.9824156e-02
   6.0438935e-02
   6.2284160e-02
   6.4160158e-02
   6.5851987e-02
   6.6922620e-02
   6.6535814e-02
   6.5286576e-02
   6.3288795e-02
   6.1686120e-02
   5.9684748e-02
   5.6348236e-02
   5.3399640e-02
   5.0720043e-02
   4.8306578e-02
   4.7197057e-02
   4.6900203e-02
   4.7654902e-02
   4.8859647e-02
   5.0425060e-02
   5.2485865e-02
   5.4152089e-02
   5.6104536e-02
   5.8509511e-02
   6.0230373e-02
   6.1679465e-02
   6.2976223e-02
   6.3707354e-02
   6.4321843e-02
   6.5009168e-02
   6.5413736e-02
   6.5676339e-02
   6.6077037e-02
   6.6533235e-02
   6.7264440e-02
   6.8941922e-02
   7.1682470e-02
   7.4696556e-02
   7.6081779e-02
   7.5870487e-02
   7.5936563e-02
   3.9489926e-02
   4.0162279e-02
   4.1033884e-02
   4.2090650e-02
   4.2752634e-02
   4.3382323e-02
   4.4302852e-02
   4.5087307e-02
   4.5886022e-02
   4.7155256e-02
   4.8386975e-02
   4.9606380e-02
   5.1026001e-02
   5.2137952e-02
   5.3084669e-02
   5.3674446e-02
   5.3785596e-02
   5.3561557e-02
   5.2699935e-02
   5.1593509e-02
   5.0153823e-02
   4.7920916e-02
   4.5743454e-02
   4.3353258e-02
   4.0435925e-02
   3.8186404e-02
   3.6017359e-02
   3.3367786e-02
   3.1501874e-02
   3.0271622e-02
   2.9797718e-02
   3.0300276e-02
   3.1645686e-02
   3.4231180e-02
   3.6930418e-02
   3.9879702e-02
   4.3205773e-02
   4.5395304e-02
   4.6836648e-02
   4.7202097e-02
   4.6383579e-02
   4.4556401e-02
   4.1179917e-02
   3.7991721e-02
   3.4921040e-02
   3.1592581e-02
   2.9265693e-02
   2.7611624e-02
   2.6526868e-02
   2.6240271e-02
   2.6383476e-02
   2.6864040e-02
   2.7466840e-02
   2.8309141e-02
   2.9244843e-02
   2.9747918e-02
   3.0089853e-02
   3.0307009e-02
   3.0528252e-02
   3.0952215e-02
   3.1437510e-02
   3.1520887e-02
   3.1436826e-02
   3.1522513e-02
   3.1832938e-02
   3.2479029e-02
   3.3972441e-02
   3.5794371e-02
   3.7333323e-02
   3.8035631e-02
   3.8272953e-02
   3.8774283e-02
   8.1413485e-03
   8.6660462e-03
   9.4013643e-03
   1.0441280e-02
   1.1347333e-02
   1.2296693e-02
   1.3390183e-02
   1.4271243e-02
   1.5242651e-02
   1.6609698e-02
   1.7892232e-02
   1.9221745e-02
   2.0847937e-02
   2.1994497e-02
   2.2858365e-02
   2.3642684e-02
   2.4078358e-02
   2.4191316e-02
   2.3696793e-02
   2.2816409e-02
   2.1711062e-02
   2.0019916e-02
   1.8251016e-02
   1.6365949e-02
   1.4192988e-02
   1.2510407e-02
   1.0896918e-02
   9.1547070e-03
   8.0521808e-03
   7.3795977e-03
   7.2152530e-03
   7.8369572e-03
   9.2307648e-03
   1.1796107e-02
   1.4527018e-02
   1.7699712e-02
   2.1559866e-02
   2.4379692e-02
   2.6540400e-02
   2.7817501e-02
   2.7679538e-02
   2.6636515e-02
   2.4412967e-02
   2.2167915e-02
   1.9927250e-02
   1.7282842e-02
   1.5312668e-02
   1.3568061e-02
   1.1823551e-02
   1.0757948e-02
   9.9284332e-03
   9.2787064e-03
   8.9995420e-03
   8.7840403e-03
   8.3465848e-03
   7.8284558e-03
   7.1949047e-03
   6.4166954e-03
   5.9655353e-03
   5.6622504e-03
   5.2272215e-03
   4.6647520e-03
   4.1024338e-03
   3.7287167e-03
   3.6429826e-03
   3.7766461e-03
   4.5155775e-03
   5.4131603e-03
   6.0456762e-03
   6.4292060e-03
   6.9964250e-03
   7.6148028e-03
  -1.6511220e-02
  -1.5972211e-02
  -1.5352674e-02
  -1.4491891e-02
  -1.3570563e-02
  -1.2442585e-02
  -1.1239023e-02
  -1.0481860e-02
  -9.6251157e-03
  -8.2689935e-03
  -6.8986245e-03
  -5.4657839e-03
  -3.8538194e-03
  -2.6172068e-03
  -1.5638252e-03
  -4.6495919e-04
   3.2799540e-04
   7.8009361e-04
   7.1784817e-04
   2.1372129e-04
  -7.0740195e-04
  -2.1859919e-03
  -3.4126722e-03
  -4.6215071e-03
  -6.1058242e-03
  -7.4852404e-03
  -8.9249246e-03
  -1.0359066e-02
  -1.1188909e-02
  -1.1649987e-02
  -1.1629656e-02
  -1.1126043e-02
  -1.0106834e-02
  -8.1427856e-03
  -5.9498531e-03
  -3.3409407e-03
   1.1424508e-04
   2.8066050e-03
   5.1561033e-03
   7.5486300e-03
   9.0019429e-03
   9.7899550e-03
   9.6734093e-03
   8.8271876e-03
   7.5651900e-03
   5.7137685e-03
   4.1581130e-03
   2.6030684e-03
   7.2599519e-04
  -8.2471008e-04
  -2.2926290e-03
  -4.0314791e-03
  -5.3732535e-03
  -6.7151985e-03
  -8.2078408e-03
  -9.2927600e-03
  -1.0280138e-02
  -1.1317066e-02
  -1.2180065e-02
  -1.3162476e-02
  -1.4471188e-02
  -1.5533934e-02
  -1.6477368e-02
  -1.7431327e-02
  -1.7988227e-02
  -1.8219484e-02
  -1.8053578e-02
  -1.7701899e-02
  -1.7570340e-02
  -1.7598412e-02
  -1.7357384e-02
  -1.7000161e-02
  -2.7952733e-02
  -2.7871867e-02
  -2.7696588e-02
  -2.7234440e-02
  -2.6661027e-02
  -2.6008152e-02
  -2.5220335e-02
  -2.4546752e-02
  -2.3692588e-02
  -2.2323320e-02
  -2.1108888e-02
  -2.0009547e-02
  -1.8872218e-02
  -1.7980125e-02
  -1.7056350e-02
  -1.6058922e-02
  -1.5451778e-02
  -1.5114220e-02
  -1.5120392e-02
  -1.5372440e-02
  -1.5711614e-02
  -1.6065260e-02
  -1.6432060e-02
  -1.6988838e-02
  -1.8006315e-02
  -1.9062616e-02
  -2.0120890e-02
  -2.1077177e-02
  -2.1517545e-02
  -2.1737534e-02
  -2.1607389e-02
  -2.1142967e-02
  -2.0350938e-02
  -1.8879002e-02
  -1.7180756e-02
  -1.5172739e-02
  -1.2483663e-02
  -1.0168942e-02
  -7.7901094e-03
  -5.1380299e-03
  -3.3644926e-03
  -1.9940033e-03
  -1.0636145e-03
  -9.7918463e-04
  -1.3455590e-03
  -2.1757908e-03
  -3.1512007e-03
  -4.3351317e-03
  -5.8330908e-03
  -7.0879804e-03
  -8.3439345e-03
  -1.0014164e-02
  -1.1501600e-02
  -1.2894735e-02
  -1.4407301e-02
  -1.5638713e-02
  -1.6829923e-02
  -1.8207251e-02
  -1.9348151e-02
  -2.0486804e-02
  -2.1941734e-02
  -2.3197593e-02
  -2.4359287e-02
  -2.5557221e-02
  -2.6307142e-02
  -2.6746701e-02
  -2.6873924e-02
  -2.6895431e-02
  -2.7224766e-02
  -2.7805377e-02
  -2.8028571e-02
  -2.8026586e-02
  -2.7214219e-02
  -2.7284848e-02
  -2.7267326e-02
  -2.7143432e-02
  -2.7004329e-02
  -2.6810568e-02
  -2.6444749e-02
  -2.6029617e-02
  -2.5502799e-02
  -2.4799627e-02
  -2.4151171e-02
  -2.3459396e-02
  -2.2603834e-02
  -2.1907130e-02
  -2.1207355e-02
  -2.0511691e-02
  -2.0075540e-02
  -1.9751843e-02
  -1.9500217e-02
  -1.9319068e-02
  -1.9181388e-02
  -1.9154402e-02
  -1.9270949e-02
  -1.9473372e-02
  -1.9772631e-02
  -2.0031188e-02
  -2.0251367e-02
  -2.0396858e-02
  -2.0419283e-02
  -2.0374813e-02
  -2.0147215e-02
  -1.9755465e-02
  -1.9167560e-02
  -1.8107550e-02
  -1.6952212e-02
  -1.5659087e-02
  -1.3942764e-02
  -1.2425420e-02
  -1.0901150e-02
  -9.1741749e-03
  -7.9175101e-03
  -6.8716604e-03
  -5.9219573e-03
  -5.3945645e-03
  -5.0710093e-03
  -5.0081262e-03
  -5.2272156e-03
  -5.6331567e-03
  -6.3323453e-03
  -7.1004785e-03
  -7.9567322e-03
  -9.0780769e-03
  -1.0079077e-02
  -1.1157692e-02
  -1.2491237e-02
  -1.3594270e-02
  -1.4691206e-02
  -1.6019203e-02
  -1.7144010e-02
  -1.8244045e-02
  -1.9533852e-02
  -2.0569772e-02
  -2.1559729e-02
  -2.2634326e-02
  -2.3359819e-02
  -2.3936168e-02
  -2.4449197e-02
  -2.4844450e-02
  -2.5370510e-02
  -2.6121080e-02
  -2.6632137e-02
  -2.6977279e-02
