   9.7892722e-01   9.8017038e-01   9.8105214e-01   9.8170518e-01   9.8214615e-01   9.8205873e-01   9.8162308e-01   9.8151667e-01   9.8204173e-01   9.8407727e-01   9.8660797e-01   9.9013527e-01   9.9403405e-01   9.9588860e-01   9.9611740e-01   9.9418295e-01   9.9047127e-01   9.8487809e-01   9.7619658e-01   9.6856476e-01   9.6017131e-01   9.4795362e-01   9.3568033e-01   9.2086229e-01   8.9951240e-01   8.7898487e-01   8.5598821e-01   8.2502952e-01   7.9674954e-01   7.6554526e-01   7.2295389e-01   6.8219921e-01   6.3595475e-01   5.7284469e-01   5.1441531e-01   4.5161642e-01   3.7653471e-01   3.2134934e-01   2.7506588e-01   2.3368080e-01   2.1855286e-01   2.2039063e-01   2.3764701e-01   2.6408104e-01   3.0028188e-01   3.5457094e-01   4.0532428e-01   4.5815704e-01   5.2092431e-01   5.6954887e-01   6.1322985e-01   6.5729589e-01   6.8679678e-01   7.1089368e-01   7.3410531e-01   7.4997391e-01   7.6403248e-01   7.7921558e-01   7.9177631e-01   8.0493916e-01   8.2163594e-01   8.3657818e-01   8.5233372e-01   8.7269358e-01   8.9042867e-01   9.0792715e-01   9.2757277e-01   9.4236796e-01   9.5481228e-01   9.6586535e-01   9.7211016e-01   9.7626869e-01
   1.0600211e+00   1.0489370e+00   1.0375067e+00   1.0244660e+00   1.0160544e+00   1.0115861e+00   1.0115367e+00   1.0146099e+00   1.0205660e+00   1.0340500e+00   1.0499117e+00   1.0704732e+00   1.0993377e+00   1.1248870e+00   1.1505586e+00   1.1802395e+00   1.2018111e+00   1.2200751e+00   1.2391293e+00   1.2555355e+00   1.2733375e+00   1.2917845e+00   1.3021324e+00   1.3078929e+00   1.3101246e+00   1.3088114e+00   1.3052409e+00   1.2988953e+00   1.2889325e+00   1.2717984e+00   1.2365015e+00   1.1925083e+00   1.1331328e+00   1.0328042e+00   9.1949178e-01   7.8523084e-01   6.2682137e-01   5.2040720e-01   4.3011800e-01   3.2070796e-01   2.2776358e-01   1.6685774e-01   1.9508000e-01   2.6755534e-01   3.5468677e-01   4.6914057e-01   5.6283437e-01   6.4913670e-01   7.3703521e-01   7.9354558e-01   8.3602380e-01   8.7104278e-01   8.9187802e-01   9.0744678e-01   9.1806038e-01   9.1902426e-01   9.1613743e-01   9.1233422e-01   9.1192763e-01   9.1348524e-01   9.1837778e-01   9.2879618e-01   9.4748930e-01   9.7786052e-01   1.0048594e+00   1.0304722e+00   1.0574521e+00   1.0742930e+00   1.0837830e+00   1.0847454e+00   1.0795876e+00   1.0719684e+00
   5.0708150e-01   4.9094223e-01   4.7950544e-01   4.7195362e-01   4.7383248e-01   4.7924630e-01   4.8070999e-01   4.8004650e-01   4.8638380e-01   5.0846929e-01   5.3526944e-01   5.6506179e-01   5.9869580e-01   6.2344500e-01   6.4543457e-01   6.6856390e-01   6.8694770e-01   7.1252405e-01   7.5507281e-01   7.9145643e-01   8.2243189e-01   8.5365171e-01   8.8114727e-01   9.1254515e-01   9.4479890e-01   9.5835302e-01   9.6377471e-01   9.6866475e-01   9.7165014e-01   9.7345458e-01   9.7806492e-01   9.8841111e-01   9.9881814e-01   9.8056910e-01   9.1434676e-01   8.1432830e-01   7.1981081e-01   6.8199511e-01   6.4758753e-01   5.9819129e-01   5.6658919e-01   5.5685936e-01   5.8793213e-01   6.3456872e-01   6.8776997e-01   7.5015420e-01   7.9962359e-01   8.4266228e-01   8.7443809e-01   8.8033210e-01   8.7005860e-01   8.4098085e-01   8.1421024e-01   7.8861824e-01   7.4460887e-01   6.9350777e-01   6.4608893e-01   6.1637969e-01   6.0852563e-01   6.0267350e-01   6.0143810e-01   6.1271987e-01   6.3391927e-01   6.6339172e-01   6.8523000e-01   7.0108943e-01   7.0529685e-01   6.9130874e-01   6.6179583e-01   6.1365899e-01   5.7255689e-01   5.3752841e-01
   7.6024474e-01   7.9697616e-01   8.3981820e-01   8.9508436e-01   9.3711392e-01   9.7035627e-01   9.9185840e-01   9.9327733e-01   9.8819722e-01   9.7964299e-01   9.6640250e-01   9.4896437e-01   9.2591171e-01   8.9785003e-01   8.5399440e-01   7.8058762e-01   7.1086274e-01   6.5166503e-01   6.0644042e-01   5.7630982e-01   5.4030874e-01   4.9526074e-01   4.6510039e-01   4.3609862e-01   3.8683599e-01   3.3973190e-01   3.0639563e-01   2.8981026e-01   2.9254163e-01   3.2631379e-01   4.1607831e-01   5.3323096e-01   6.8609485e-01   8.8554448e-01   1.0209068e+00   1.1279638e+00   1.2691704e+00   1.3810151e+00   1.4533326e+00   1.5089182e+00   1.5360197e+00   1.5316616e+00   1.4990826e+00   1.4722595e+00   1.4455124e+00   1.4014455e+00   1.3565834e+00   1.3069274e+00   1.2333088e+00   1.1548550e+00   1.0639940e+00   9.4499565e-01   8.5697382e-01   7.9406254e-01   7.3861556e-01   6.9893214e-01   6.7719515e-01   6.8861877e-01   7.1397348e-01   7.3461916e-01   7.4696808e-01   7.5592987e-01   7.6998506e-01   7.8859075e-01   8.0105559e-01   8.0895589e-01   8.0652425e-01   7.9263590e-01   7.7467799e-01   7.5290571e-01   7.3904998e-01   7.3693525e-01
   2.2707432e+00   2.3445726e+00   2.4079521e+00   2.4646258e+00   2.5004327e+00   2.5265876e+00   2.5379892e+00   2.5287642e+00   2.5081843e+00   2.4781299e+00   2.4493076e+00   2.4131994e+00   2.3660578e+00   2.3303615e+00   2.2925221e+00   2.2335771e+00   2.1699717e+00   2.0968468e+00   2.0055690e+00   1.9369872e+00   1.8721230e+00   1.7822848e+00   1.7029747e+00   1.6272487e+00   1.5240287e+00   1.4225448e+00   1.3288806e+00   1.2522382e+00   1.2176894e+00   1.2056133e+00   1.2248500e+00   1.2886344e+00   1.4093614e+00   1.6177145e+00   1.8147495e+00   2.0403859e+00   2.3060036e+00   2.4553838e+00   2.5462978e+00   2.6101775e+00   2.6411934e+00   2.6481328e+00   2.6003717e+00   2.5226767e+00   2.4301607e+00   2.2995345e+00   2.1750695e+00   2.0359832e+00   1.8584068e+00   1.7208369e+00   1.5945721e+00   1.4618158e+00   1.3989802e+00   1.3923272e+00   1.4460257e+00   1.5234411e+00   1.6143904e+00   1.7238332e+00   1.7982302e+00   1.8524300e+00   1.8967339e+00   1.9194310e+00   1.9290077e+00   1.9287955e+00   1.9290186e+00   1.9327814e+00   1.9437132e+00   1.9680310e+00   2.0061935e+00   2.0637913e+00   2.1209015e+00   2.1849118e+00
   3.6798019e+00   3.7597121e+00   3.8240999e+00   3.8836912e+00   3.9199247e+00   3.9369484e+00   3.9305821e+00   3.9119754e+00   3.8911919e+00   3.8652870e+00   3.8428165e+00   3.8241067e+00   3.8015053e+00   3.7842958e+00   3.7759118e+00   3.7610630e+00   3.7305066e+00   3.6852345e+00   3.6079585e+00   3.5374050e+00   3.4734281e+00   3.3955105e+00   3.3240326e+00   3.2464146e+00   3.1549818e+00   3.0788682e+00   2.9925007e+00   2.8914151e+00   2.8158188e+00   2.7576173e+00   2.7151313e+00   2.7014199e+00   2.7283339e+00   2.7757925e+00   2.8250664e+00   3.0094361e+00   3.3170920e+00   3.4376477e+00   3.4582965e+00   3.4166905e+00   3.3787148e+00   3.3637340e+00   3.3209884e+00   3.2560582e+00   3.1633495e+00   3.0136559e+00   2.8768278e+00   2.7136448e+00   2.4960975e+00   2.3352522e+00   2.2131485e+00   2.1363184e+00   2.1414376e+00   2.2219061e+00   2.4033041e+00   2.5796668e+00   2.7478868e+00   2.9090284e+00   3.0054064e+00   3.0790628e+00   3.1429778e+00   3.1720938e+00   3.1873418e+00   3.1991563e+00   3.2027273e+00   3.2114040e+00   3.2351588e+00   3.2678707e+00   3.3176504e+00   3.3989965e+00   3.4816814e+00   3.5721167e+00
   4.8022343e+00   4.8721562e+00   4.9290093e+00   4.9845960e+00   5.0188395e+00   5.0369543e+00   5.0360264e+00   5.0253749e+00   5.0174712e+00   5.0043870e+00   4.9971499e+00   4.9988493e+00   5.0080930e+00   5.0162653e+00   5.0290342e+00   5.0499463e+00   5.0495538e+00   5.0371267e+00   5.0095148e+00   4.9763586e+00   4.9339324e+00   4.8780918e+00   4.8365087e+00   4.7881766e+00   4.7208512e+00   4.6561426e+00   4.5824134e+00   4.4750129e+00   4.3756259e+00   4.2759932e+00   4.1704905e+00   4.0988862e+00   4.0346024e+00   3.9505565e+00   3.8433211e+00   3.8135995e+00   3.9953216e+00   4.0353345e+00   3.9296200e+00   3.7167686e+00   3.5845523e+00   3.5610665e+00   3.5497215e+00   3.5353328e+00   3.5016570e+00   3.4121278e+00   3.3152416e+00   3.1865704e+00   3.0199606e+00   2.8987892e+00   2.8322692e+00   2.8473947e+00   2.9365875e+00   3.0943701e+00   3.3355590e+00   3.5472458e+00   3.7403116e+00   3.9262215e+00   4.0465930e+00   4.1383527e+00   4.2072610e+00   4.2405388e+00   4.2722551e+00   4.3105906e+00   4.3317206e+00   4.3480979e+00   4.3781462e+00   4.4086500e+00   4.4524541e+00   4.5314669e+00   4.6126354e+00   4.7019103e+00
   5.5753011e+00   5.6186895e+00   5.6644529e+00   5.7161015e+00   5.7518247e+00   5.7758463e+00   5.7921768e+00   5.7941507e+00   5.8026198e+00   5.8201382e+00   5.8427796e+00   5.8620958e+00   5.8961035e+00   5.9240006e+00   5.9580717e+00   6.0084091e+00   6.0511459e+00   6.0867693e+00   6.1114261e+00   6.1200999e+00   6.1169224e+00   6.1085730e+00   6.0932126e+00   6.0768342e+00   6.0310580e+00   5.9760844e+00   5.9024956e+00   5.8109122e+00   5.7082550e+00   5.6076544e+00   5.4759410e+00   5.3622209e+00   5.2346108e+00   5.0576765e+00   5.0797994e+00   4.9031789e+00   4.3983254e+00   4.0162381e+00   3.6807335e+00   3.2533182e+00   2.9797068e+00   3.0282423e+00   3.2238615e+00   3.3415900e+00   3.4122385e+00   3.4429675e+00   3.4441860e+00   3.3980379e+00   3.3421127e+00   3.3126580e+00   3.3401947e+00   3.4551920e+00   3.6205458e+00   3.8256472e+00   4.0952273e+00   4.3065422e+00   4.5017618e+00   4.6980558e+00   4.8287274e+00   4.9324793e+00   5.0189157e+00   5.0640587e+00   5.1018929e+00   5.1474769e+00   5.1813520e+00   5.2152043e+00   5.2523330e+00   5.2875172e+00   5.3293980e+00   5.4006981e+00   5.4589928e+00   5.5184230e+00
   5.9573786e+00   5.9662421e+00   5.9900230e+00   6.0184728e+00   6.0483634e+00   6.0718532e+00   6.1162687e+00   6.1364904e+00   6.1650494e+00   6.2045665e+00   6.2570837e+00   6.2985384e+00   6.3619175e+00   6.4078293e+00   6.4724506e+00   6.5463134e+00   6.6252753e+00   6.6847918e+00   6.7582799e+00   6.7933109e+00   6.8387552e+00   6.8680078e+00   6.8854973e+00   6.8815357e+00   6.8786391e+00   6.8461060e+00   6.8095298e+00   6.7329993e+00   6.6678509e+00   6.5614900e+00   6.4561919e+00   6.2762680e+00   6.1786750e+00   5.7611906e+00   5.6623466e+00   5.4678869e+00   4.4760051e+00   4.0596630e+00   3.4025057e+00   2.9085806e+00   2.6311154e+00   2.3258384e+00   2.5243744e+00   2.8129301e+00   2.9943520e+00   3.1666303e+00   3.3048265e+00   3.3998930e+00   3.4959310e+00   3.5870377e+00   3.7149684e+00   3.9183309e+00   4.1302765e+00   4.3537349e+00   4.6210827e+00   4.8151854e+00   4.9946360e+00   5.1617316e+00   5.2782869e+00   5.3779978e+00   5.4898460e+00   5.5511662e+00   5.5942949e+00   5.6335122e+00   5.6812637e+00   5.7202935e+00   5.7609966e+00   5.7912416e+00   5.8341126e+00   5.8839970e+00   5.9228635e+00   5.9432763e+00
   5.9427859e+00   5.9268096e+00   5.9189746e+00   5.9113311e+00   5.9233304e+00   5.9428836e+00   6.0005281e+00   6.0430316e+00   6.0928810e+00   6.1549213e+00   6.2280117e+00   6.2968966e+00   6.3852803e+00   6.4503440e+00   6.5255331e+00   6.6150117e+00   6.7019966e+00   6.7820426e+00   6.8845696e+00   6.9593601e+00   7.0304551e+00   7.0907600e+00   7.1297001e+00   7.1571517e+00   7.1960507e+00   7.2156527e+00   7.2203531e+00   7.1937931e+00   7.1544316e+00   7.0772492e+00   6.9762038e+00   6.7969637e+00   6.7506520e+00   6.4763520e+00   0.0000000e+00   0.0000000e+00   4.3496385e+00   4.3496385e+00   0.0000000e+00   3.0084555e+00   2.7104482e+00   1.4582200e+00   1.6265762e+00   2.1368590e+00   2.4383307e+00   2.6912820e+00   2.9663447e+00   3.2266240e+00   3.4932193e+00   3.7156425e+00   3.9311555e+00   4.2086456e+00   4.4426125e+00   4.6655950e+00   4.8926212e+00   5.0574603e+00   5.1959461e+00   5.3187854e+00   5.4067261e+00   5.4960114e+00   5.6025239e+00   5.6742102e+00   5.7263160e+00   5.7686022e+00   5.8122546e+00   5.8406580e+00   5.8731724e+00   5.8978031e+00   5.9277895e+00   5.9472484e+00   5.9592089e+00   5.9522365e+00
   5.5537137e+00   5.5155799e+00   5.4859366e+00   5.4541406e+00   5.4563940e+00   5.4700924e+00   5.5186767e+00   5.5716330e+00   5.6383294e+00   5.7218081e+00   5.8040874e+00   5.8902659e+00   5.9921253e+00   6.0754574e+00   6.1486507e+00   6.2474976e+00   6.3288725e+00   6.4292323e+00   6.5507199e+00   6.6611901e+00   6.7476645e+00   6.8365368e+00   6.8996626e+00   6.9686148e+00   7.0511487e+00   7.1147003e+00   7.1578872e+00   7.1809747e+00   7.1651450e+00   7.1297189e+00   7.0555663e+00   6.9128910e+00   6.7951971e+00   6.6137659e+00   6.3049456e+00   0.0000000e+00   0.0000000e+00   0.0000000e+00   0.0000000e+00   0.0000000e+00   0.0000000e+00   7.1997053e-01   1.0585351e+00   1.7078289e+00   1.9920329e+00   2.1780237e+00   2.5502975e+00   2.9610756e+00   3.3974792e+00   3.7373201e+00   4.0259087e+00   4.3336560e+00   4.5620763e+00   4.7517881e+00   4.9217441e+00   5.0288087e+00   5.1105012e+00   5.1878320e+00   5.2481481e+00   5.3162879e+00   5.3966938e+00   5.4609221e+00   5.5105964e+00   5.5612728e+00   5.5884980e+00   5.6094008e+00   5.6278838e+00   5.6447576e+00   5.6535910e+00   5.6437897e+00   5.6218851e+00   5.5895892e+00
   4.8544737e+00   4.7924588e+00   4.7537111e+00   4.7135404e+00   4.7134565e+00   4.7242137e+00   4.7539598e+00   4.8098901e+00   4.8837369e+00   4.9732414e+00   5.0564985e+00   5.1395579e+00   5.2525548e+00   5.3382026e+00   5.4155176e+00   5.5236458e+00   5.6060381e+00   5.7201094e+00   5.8534837e+00   5.9823456e+00   6.0929131e+00   6.2063649e+00   6.3134024e+00   6.4082168e+00   6.5423044e+00   6.6197262e+00   6.6958720e+00   6.7519007e+00   6.7636622e+00   6.7673205e+00   6.7650169e+00   6.6484666e+00   6.4888111e+00   6.1878994e+00   5.9771522e+00   5.6232405e+00   0.0000000e+00   0.0000000e+00   0.0000000e+00   0.0000000e+00   0.0000000e+00   0.0000000e+00   9.8528188e-01   1.5063847e+00   1.6399605e+00   1.8891709e+00   2.3697864e+00   2.8979949e+00   3.4459832e+00   3.8403841e+00   4.1582476e+00   4.4162725e+00   4.5826695e+00   4.6891188e+00   4.7622556e+00   4.7823902e+00   4.7864548e+00   4.8071957e+00   4.8275974e+00   4.8545154e+00   4.9072004e+00   4.9425944e+00   4.9847955e+00   5.0286462e+00   5.0537266e+00   5.0747658e+00   5.0775271e+00   5.0815679e+00   5.0692272e+00   5.0358788e+00   4.9841877e+00   4.9215121e+00
   3.9241010e+00   3.8446654e+00   3.7960116e+00   3.7582910e+00   3.7514829e+00   3.7662011e+00   3.7808174e+00   3.8398941e+00   3.9070850e+00   3.9890584e+00   4.0677425e+00   4.1366477e+00   4.2574548e+00   4.3320420e+00   4.4190100e+00   4.5386491e+00   4.6312632e+00   4.7579487e+00   4.8887599e+00   5.0298725e+00   5.1646933e+00   5.3163077e+00   5.4631937e+00   5.5812267e+00   5.7419134e+00   5.8348550e+00   5.9171678e+00   6.0221383e+00   6.0425882e+00   6.1100543e+00   6.1746437e+00   6.1134737e+00   6.0713465e+00   5.6456119e+00   5.5300814e+00   5.5365443e+00   0.0000000e+00   0.0000000e+00   0.0000000e+00   0.0000000e+00   0.0000000e+00   0.0000000e+00   1.1318033e+00   1.2884890e+00   1.3928620e+00   1.9936004e+00   2.6005301e+00   3.1702207e+00   3.7093698e+00   4.0619658e+00   4.3313064e+00   4.4704656e+00   4.5160704e+00   4.5011743e+00   4.4250361e+00   4.3485056e+00   4.2590433e+00   4.2089588e+00   4.1683592e+00   4.1443644e+00   4.1670457e+00   4.1727646e+00   4.2122193e+00   4.2389603e+00   4.2713975e+00   4.2913873e+00   4.2763121e+00   4.2687868e+00   4.2344577e+00   4.1823624e+00   4.1062453e+00   4.0173346e+00
   2.6864792e+00   2.6067669e+00   2.5464189e+00   2.5165181e+00   2.5050470e+00   2.5101785e+00   2.5442120e+00   2.5834825e+00   2.6345301e+00   2.7056738e+00   2.7672823e+00   2.8402391e+00   2.9294428e+00   3.0138073e+00   3.1054553e+00   3.2257002e+00   3.3378062e+00   3.4529581e+00   3.6024961e+00   3.7429325e+00   3.9067962e+00   4.1104902e+00   4.2730903e+00   4.4222189e+00   4.5719700e+00   4.6971964e+00   4.8146208e+00   4.9161127e+00   4.9862382e+00   5.1038179e+00   5.2786315e+00   5.3057716e+00   5.2021230e+00   4.9551728e+00   4.9128238e+00   5.0055439e+00   0.0000000e+00   0.0000000e+00   0.0000000e+00   0.0000000e+00   0.0000000e+00   0.0000000e+00   0.0000000e+00   1.5683526e+00   1.9550441e+00   2.5429564e+00   3.0364748e+00   3.4349507e+00   3.8000324e+00   4.0180520e+00   4.1376896e+00   4.1361484e+00   4.0362138e+00   3.8907922e+00   3.6890064e+00   3.5206347e+00   3.3786201e+00   3.2371297e+00   3.1511094e+00   3.0945154e+00   3.0709662e+00   3.0890111e+00   3.1219871e+00   3.1593651e+00   3.1720565e+00   3.1724563e+00   3.1672694e+00   3.1379500e+00   3.0899220e+00   3.0028528e+00   2.9094853e+00   2.8052787e+00
   1.1699468e+00   1.0908371e+00   1.0340050e+00   1.0014139e+00   9.8726380e-01   9.9480007e-01   1.0261324e+00   1.0507310e+00   1.0829993e+00   1.1258136e+00   1.1654652e+00   1.2174472e+00   1.2975110e+00   1.3719561e+00   1.4520752e+00   1.5648301e+00   1.6706168e+00   1.7842898e+00   1.9439948e+00   2.1086810e+00   2.2966044e+00   2.5233140e+00   2.6835982e+00   2.8275307e+00   3.0030557e+00   3.1491659e+00   3.2815796e+00   3.4124619e+00   3.5250437e+00   3.7177425e+00   3.9368194e+00   3.9822314e+00   3.8866510e+00   3.7246043e+00   3.8122100e+00   5.0055439e+00   0.0000000e+00   0.0000000e+00   0.0000000e+00   0.0000000e+00   0.0000000e+00   0.0000000e+00   0.0000000e+00   2.9072550e+00   2.8823426e+00   2.9823723e+00   3.1519531e+00   3.2833902e+00   3.3914177e+00   3.4203312e+00   3.3656462e+00   3.1886122e+00   2.9909093e+00   2.7690816e+00   2.5017793e+00   2.3049325e+00   2.1310364e+00   1.9353776e+00   1.7982802e+00   1.7020388e+00   1.6540209e+00   1.6660049e+00   1.6911803e+00   1.7117718e+00   1.7182874e+00   1.7202396e+00   1.7079787e+00   1.6611538e+00   1.5937772e+00   1.4972020e+00   1.3946531e+00   1.2845095e+00
   8.5484422e-01   8.5583467e-01   8.6120797e-01   8.8095410e-01   9.0327539e-01   9.2762986e-01   9.5688993e-01   9.7148668e-01   9.8519527e-01   9.9606800e-01   9.9273947e-01   9.8407184e-01   9.7559109e-01   9.6042480e-01   9.3878100e-01   8.9877725e-01   8.4875135e-01   7.9334558e-01   7.2785276e-01   7.6221958e-01   9.2735741e-01   1.1403005e+00   1.2938308e+00   1.4387869e+00   1.6204912e+00   1.7721184e+00   1.9105863e+00   2.0605955e+00   2.2128931e+00   2.4428866e+00   2.6574506e+00   2.7589679e+00   2.7453581e+00   2.7201359e+00   2.8677280e+00   0.0000000e+00   0.0000000e+00   0.0000000e+00   0.0000000e+00   0.0000000e+00   0.0000000e+00   0.0000000e+00   3.5923366e+00   3.3689785e+00   3.0981227e+00   2.9457850e+00   2.8429717e+00   2.7517251e+00   2.6544487e+00   2.5514117e+00   2.3952864e+00   2.1358608e+00   1.8982275e+00   1.6701655e+00   1.4187911e+00   1.2339246e+00   1.0578270e+00   8.2329641e-01   6.4487699e-01   6.3146568e-01   7.3510145e-01   8.1452927e-01   8.8366485e-01   9.3775939e-01   9.5728209e-01   9.6667756e-01   9.5621583e-01   9.1596830e-01   8.8288622e-01   8.6703399e-01   8.6860128e-01   8.6353035e-01
   1.3170928e+00   1.3617453e+00   1.4049391e+00   1.4595975e+00   1.5046297e+00   1.5416543e+00   1.5755891e+00   1.5916864e+00   1.6022218e+00   1.6020663e+00   1.5809313e+00   1.5449455e+00   1.4882480e+00   1.4231054e+00   1.3446403e+00   1.2145925e+00   1.0754970e+00   9.2486763e-01   7.3371012e-01   6.5228258e-01   6.9882636e-01   7.7797565e-01   8.3327313e-01   8.8481335e-01   9.5608789e-01   1.0215296e+00   1.0880865e+00   1.1758249e+00   1.2855649e+00   1.4357919e+00   1.5524640e+00   1.6716271e+00   1.7486419e+00   1.9110345e+00   2.2307918e+00   2.3751238e+00   0.0000000e+00   3.3827725e+00   3.6044031e+00   3.4958434e+00   0.0000000e+00   0.0000000e+00   3.4267514e+00   3.2602653e+00   2.9200813e+00   2.5563161e+00   2.2608697e+00   2.0134819e+00   1.7683619e+00   1.5717005e+00   1.3522508e+00   1.0857877e+00   9.8938622e-01   9.1562526e-01   8.4566621e-01   8.0175858e-01   7.6091664e-01   6.8087726e-01   6.1568813e-01   6.9444894e-01   8.7169593e-01   9.8236851e-01   1.0674161e+00   1.1314158e+00   1.1578512e+00   1.1741995e+00   1.1681150e+00   1.1406042e+00   1.1344939e+00   1.1688530e+00   1.2244532e+00   1.2709877e+00
   2.3849750e+00   2.4302491e+00   2.4817200e+00   2.5487276e+00   2.5991867e+00   2.6432759e+00   2.6880655e+00   2.7160149e+00   2.7379311e+00   2.7470712e+00   2.7343057e+00   2.7068892e+00   2.6487842e+00   2.5798933e+00   2.4970157e+00   2.3521820e+00   2.2034515e+00   2.0456233e+00   1.8482749e+00   1.6824426e+00   1.5275696e+00   1.3666979e+00   1.2404449e+00   1.1113205e+00   9.6692868e-01   8.6340566e-01   7.8724262e-01   7.3855526e-01   7.2954608e-01   6.9533093e-01   6.3324783e-01   7.2975505e-01   8.9620589e-01   1.2844204e+00   2.0048404e+00   2.3751238e+00   0.0000000e+00   3.3827725e+00   3.6044031e+00   3.4958434e+00   0.0000000e+00   0.0000000e+00   3.3473834e+00   2.8764004e+00   2.4436838e+00   1.8897270e+00   1.4766371e+00   1.1354269e+00   7.9530999e-01   5.3797740e-01   2.8569664e-01   7.4433992e-02   2.8088437e-01   5.0210316e-01   7.5714840e-01   9.6832986e-01   1.1860371e+00   1.4373547e+00   1.6272540e+00   1.7929488e+00   1.9515570e+00   2.0515426e+00   2.1207167e+00   2.1673190e+00   2.1929136e+00   2.2150147e+00   2.2147763e+00   2.2031786e+00   2.2113250e+00   2.2572464e+00   2.3074837e+00   2.3433192e+00
   3.7984972e+00   3.8481934e+00   3.9117034e+00   3.9892215e+00   4.0456582e+00   4.0992495e+00   4.1490147e+00   4.1791123e+00   4.1988701e+00   4.1995278e+00   4.1835558e+00   4.1481121e+00   4.0627141e+00   3.9631144e+00   3.8394083e+00   3.6606007e+00   3.5099630e+00   3.3655207e+00   3.2068324e+00   3.0869508e+00   2.9817988e+00   2.8730200e+00   2.7886039e+00   2.7111571e+00   2.6435219e+00   2.6026060e+00   2.5672027e+00   2.5023303e+00   2.3965980e+00   2.2445591e+00   2.0657754e+00   1.9437659e+00   1.8712720e+00   1.9128828e+00   2.1435069e+00   2.3911622e+00   0.0000000e+00   2.3825145e+00   2.6104824e+00   2.8539096e+00   3.2249285e+00   2.7138288e+00   1.6137844e+00   1.1046277e+00   9.6618238e-01   6.1865322e-01   4.3590705e-01   5.3166490e-01   8.4852315e-01   1.1231122e+00   1.3693863e+00   1.6302345e+00   1.8254204e+00   2.0038088e+00   2.2247502e+00   2.4300112e+00   2.6701864e+00   2.9676718e+00   3.1907323e+00   3.3790411e+00   3.5446662e+00   3.6467833e+00   3.7163759e+00   3.7627379e+00   3.7875465e+00   3.8001245e+00   3.7685534e+00   3.7324930e+00   3.7186425e+00   3.7363815e+00   3.7534053e+00   3.7635895e+00
   4.4864679e+00   4.5354757e+00   4.5978206e+00   4.6797150e+00   4.7409337e+00   4.7934121e+00   4.8280077e+00   4.8431246e+00   4.8488795e+00   4.8266748e+00   4.7858382e+00   4.7214225e+00   4.6044610e+00   4.4751172e+00   4.3231998e+00   4.1370849e+00   3.9933336e+00   3.8639719e+00   3.7381113e+00   3.6578547e+00   3.5954652e+00   3.5364429e+00   3.4985666e+00   3.4741017e+00   3.4708080e+00   3.4791994e+00   3.4814896e+00   3.4513525e+00   3.3811289e+00   3.2817233e+00   3.1360553e+00   2.9891244e+00   2.8575968e+00   2.7854848e+00   2.8290715e+00   2.8473583e+00   2.7038785e+00   2.5045074e+00   2.6984213e+00   2.9617539e+00   3.1395495e+00   2.5178018e+00   1.4782719e+00   1.2906515e+00   1.2896124e+00   1.1588664e+00   1.2197058e+00   1.4443756e+00   1.8040029e+00   2.0835795e+00   2.3122719e+00   2.5315879e+00   2.6942945e+00   2.8513576e+00   3.0538371e+00   3.2526639e+00   3.4895184e+00   3.7872973e+00   4.0116420e+00   4.1985364e+00   4.3609008e+00   4.4590684e+00   4.5275160e+00   4.5695563e+00   4.5767078e+00   4.5625286e+00   4.5134007e+00   4.4745429e+00   4.4555256e+00   4.4523832e+00   4.4496201e+00   4.4519415e+00
   5.0619418e+00   5.1087193e+00   5.1686345e+00   5.2519984e+00   5.3131075e+00   5.3581353e+00   5.3735111e+00   5.3714175e+00   5.3577055e+00   5.3041826e+00   5.2328889e+00   5.1386385e+00   4.9922604e+00   4.8390953e+00   4.6698768e+00   4.4832481e+00   4.3512235e+00   4.2423894e+00   4.1533685e+00   4.1128623e+00   4.0922803e+00   4.0829043e+00   4.0910290e+00   4.1172094e+00   4.1735233e+00   4.2268974e+00   4.2669225e+00   4.2810490e+00   4.2559900e+00   4.2074230e+00   4.0902380e+00   3.9255992e+00   3.7488956e+00   3.5900239e+00   3.5004740e+00   3.3655480e+00   2.9605381e+00   2.7957337e+00   2.9783934e+00   3.2323362e+00   3.2926213e+00   2.7227213e+00   1.8901467e+00   1.8335644e+00   1.7850668e+00   1.7713900e+00   1.9839331e+00   2.2891558e+00   2.6682345e+00   2.9402434e+00   3.1473520e+00   3.3284041e+00   3.4611090e+00   3.5979817e+00   3.7846283e+00   3.9753579e+00   4.2043862e+00   4.4957098e+00   4.7164564e+00   4.8996248e+00   5.0582315e+00   5.1503690e+00   5.2116736e+00   5.2420485e+00   5.2312175e+00   5.1941413e+00   5.1313527e+00   5.0921028e+00   5.0695612e+00   5.0490871e+00   5.0315256e+00   5.0286935e+00
   5.6452936e+00   5.6854199e+00   5.7390108e+00   5.8180502e+00   5.8681431e+00   5.8883173e+00   5.8668803e+00   5.8349233e+00   5.7809027e+00   5.6632740e+00   5.5354773e+00   5.3961231e+00   5.2119267e+00   5.0374248e+00   4.8673776e+00   4.6950852e+00   4.5907798e+00   4.5237519e+00   4.4969660e+00   4.5142811e+00   4.5520997e+00   4.6143476e+00   4.6878677e+00   4.7821754e+00   4.9142699e+00   5.0231621e+00   5.1179041e+00   5.2172569e+00   5.2790111e+00   5.3000547e+00   5.2138192e+00   5.0395576e+00   4.8282167e+00   4.6036003e+00   4.4409642e+00   4.2532878e+00   3.9017816e+00   3.7283507e+00   3.8099340e+00   3.9852580e+00   4.0434930e+00   3.9093363e+00   3.7014020e+00   3.4116666e+00   2.8841280e+00   2.8185876e+00   3.0467898e+00   3.3612796e+00   3.7167588e+00   3.9499440e+00   4.1169246e+00   4.2498401e+00   4.3446136e+00   4.4547782e+00   4.6243405e+00   4.7996566e+00   5.0073556e+00   5.2743541e+00   5.4790547e+00   5.6516982e+00   5.8037626e+00   5.8825524e+00   5.9202027e+00   5.9173904e+00   5.8798057e+00   5.8181521e+00   5.7442361e+00   5.7097575e+00   5.6857603e+00   5.6480756e+00   5.6201652e+00   5.6158864e+00
   5.8807151e+00   5.9041386e+00   5.9428563e+00   6.0035802e+00   6.0240443e+00   6.0025090e+00   5.9381395e+00   5.8628825e+00   5.7467613e+00   5.5473871e+00   5.3694094e+00   5.2037645e+00   5.0118621e+00   4.8528206e+00   4.7164269e+00   4.6003308e+00   4.5555481e+00   4.5578778e+00   4.6185220e+00   4.7040149e+00   4.8077524e+00   4.9363701e+00   5.0559509e+00   5.1921258e+00   5.3673794e+00   5.5126407e+00   5.6593669e+00   5.8459194e+00   5.9917213e+00   6.0870131e+00   6.0495933e+00   5.8805899e+00   5.6414234e+00   5.3640152e+00   5.1770104e+00   4.9974864e+00   4.6990109e+00   4.5385890e+00   4.5620354e+00   4.7476146e+00   4.9892101e+00   5.2987463e+00   3.7014020e+00   4.3472114e+00   3.8627245e+00   3.7578214e+00   3.9827749e+00   4.2364331e+00   4.5000059e+00   4.6610123e+00   4.7720575e+00   4.8524823e+00   4.9122604e+00   4.9988930e+00   5.1497070e+00   5.3131943e+00   5.5062816e+00   5.7467908e+00   5.9252029e+00   6.0712741e+00   6.1903630e+00   6.2330741e+00   6.2318015e+00   6.1955809e+00   6.1437355e+00   6.0747965e+00   5.9955728e+00   5.9616669e+00   5.9394851e+00   5.9007850e+00   5.8721521e+00   5.8633485e+00
   5.8714084e+00   5.8823329e+00   5.9086340e+00   5.9478544e+00   5.9400284e+00   5.8876597e+00   5.7887669e+00   5.6743403e+00   5.5110471e+00   5.2678028e+00   5.0748627e+00   4.9112051e+00   4.7412087e+00   4.6142190e+00   4.5169046e+00   4.4587127e+00   4.4645993e+00   4.5194891e+00   4.6411704e+00   4.7714918e+00   4.9140310e+00   5.0801293e+00   5.2229948e+00   5.3777420e+00   5.5750907e+00   5.7458405e+00   5.9300118e+00   6.1746050e+00   6.3729581e+00   6.5124906e+00   6.5057936e+00   6.3468112e+00   6.0910123e+00   5.7855009e+00   5.5839071e+00   5.4149675e+00   5.1500124e+00   5.0031783e+00   4.9809026e+00   5.1172179e+00   5.3644347e+00   5.6707131e+00   0.0000000e+00   4.8854458e+00   4.2921644e+00   4.2825720e+00   4.4751050e+00   4.6710878e+00   4.8839422e+00   4.9879231e+00   5.0620747e+00   5.1132202e+00   5.1584135e+00   5.2349701e+00   5.3757477e+00   5.5309947e+00   5.7125658e+00   5.9323617e+00   6.0889148e+00   6.2101004e+00   6.2957886e+00   6.3102336e+00   6.2829413e+00   6.2268212e+00   6.1665705e+00   6.0934895e+00   6.0148722e+00   5.9797849e+00   5.9559463e+00   5.9173522e+00   5.8861714e+00   5.8697340e+00
   5.7021250e+00   5.6961398e+00   5.7045558e+00   5.7080967e+00   5.6568283e+00   5.5630654e+00   5.4154423e+00   5.2423064e+00   5.0146024e+00   4.7266238e+00   4.5325241e+00   4.3898547e+00   4.2728730e+00   4.2065491e+00   4.1738441e+00   4.2073816e+00   4.2869943e+00   4.4135484e+00   4.6140989e+00   4.7998384e+00   4.9859790e+00   5.1924906e+00   5.3574097e+00   5.5265051e+00   5.7451277e+00   5.9489014e+00   6.1825020e+00   6.4995247e+00   6.7602360e+00   6.9500571e+00   6.9800191e+00   6.8397355e+00   6.5649745e+00   6.2310751e+00   6.0128247e+00   5.8619925e+00   5.6371799e+00   5.5119834e+00   5.4259778e+00   5.4475430e+00   5.5911959e+00   5.6098185e+00   0.0000000e+00   0.0000000e+00   4.7256629e+00   4.8420445e+00   4.9653808e+00   5.0730672e+00   5.2325601e+00   5.2568468e+00   5.2852788e+00   5.3052613e+00   5.3405252e+00   5.4098142e+00   5.5403874e+00   5.6850027e+00   5.8505021e+00   6.0415223e+00   6.1666553e+00   6.2499488e+00   6.2830787e+00   6.2582121e+00   6.1983429e+00   6.1196100e+00   6.0499025e+00   5.9723240e+00   5.8983950e+00   5.8603494e+00   5.8317221e+00   5.7940028e+00   5.7576789e+00   5.7273255e+00
   4.9771860e+00   4.9310783e+00   4.8888669e+00   4.8141911e+00   4.7031068e+00   4.5590265e+00   4.3482603e+00   4.1341802e+00   3.9066595e+00   3.6953233e+00   3.6069271e+00   3.5742277e+00   3.5899679e+00   3.6397672e+00   3.7219067e+00   3.8728540e+00   4.0277743e+00   4.2086450e+00   4.4564454e+00   4.6680256e+00   4.8671960e+00   5.0787046e+00   5.2375946e+00   5.3994233e+00   5.6238630e+00   5.8514169e+00   6.1217707e+00   6.5206772e+00   6.9130405e+00   7.3008845e+00   7.5246508e+00   7.3195963e+00   6.8967852e+00   6.5160196e+00   6.3066206e+00   6.1615436e+00   5.9862824e+00   5.8617930e+00   5.7167410e+00   5.5083355e+00   5.3034070e+00   4.7827075e+00   0.0000000e+00   0.0000000e+00   4.7256629e+00   5.4189453e+00   5.3973979e+00   5.0151689e+00   5.0685781e+00   5.0503423e+00   5.0843914e+00   5.1233543e+00   5.1842591e+00   5.2627556e+00   5.3859711e+00   5.5146831e+00   5.6520265e+00   5.7891028e+00   5.8567492e+00   5.8759176e+00   5.8374931e+00   5.7591265e+00   5.6649551e+00   5.5627515e+00   5.4757240e+00   5.3845262e+00   5.3034133e+00   5.2585193e+00   5.2181511e+00   5.1640574e+00   5.1061705e+00   5.0455230e+00
   4.3649494e+00   4.2889998e+00   4.2111357e+00   4.0977643e+00   3.9695593e+00   3.8193149e+00   3.6139792e+00   3.4288235e+00   3.2615015e+00   3.1481365e+00   3.1430251e+00   3.1868721e+00   3.2859381e+00   3.3987851e+00   3.5364497e+00   3.7332947e+00   3.9104875e+00   4.0995038e+00   4.3430052e+00   4.5462606e+00   4.7356341e+00   4.9340135e+00   5.0795734e+00   5.2283132e+00   5.4409073e+00   5.6597838e+00   5.9211986e+00   6.3288239e+00   6.7711974e+00   7.3392941e+00   7.7376258e+00   7.5577444e+00   6.9562655e+00   6.4130261e+00   6.1801472e+00   5.9632869e+00   5.8899711e+00   5.8638030e+00   5.7262205e+00   5.3783540e+00   4.9658182e+00   4.0887675e+00   0.0000000e+00   0.0000000e+00   0.0000000e+00   5.5409719e+00   5.4887785e+00   4.8643468e+00   4.7400216e+00   4.7363785e+00   4.7943364e+00   4.8629169e+00   4.9459504e+00   5.0394040e+00   5.1658055e+00   5.2805771e+00   5.3937394e+00   5.4906186e+00   5.5164179e+00   5.4895166e+00   5.4046786e+00   5.2969187e+00   5.1870571e+00   5.0683726e+00   4.9656774e+00   4.8626729e+00   4.7716434e+00   4.7206494e+00   4.6738680e+00   4.6059684e+00   4.5348372e+00   4.4590351e+00
   3.3784365e+00   3.2565786e+00   3.1250910e+00   2.9641006e+00   2.8262894e+00   2.6856741e+00   2.5207250e+00   2.4163674e+00   2.3783743e+00   2.4407720e+00   2.5666369e+00   2.7250340e+00   2.9428788e+00   3.1384595e+00   3.3432672e+00   3.5853925e+00   3.7762222e+00   3.9580506e+00   4.1708248e+00   4.3444338e+00   4.5068216e+00   4.6747045e+00   4.7943495e+00   4.9182558e+00   5.1027396e+00   5.2921487e+00   5.5176345e+00   5.9067690e+00   6.3967878e+00   7.2623380e+00   7.9478151e+00   7.8515023e+00   6.9332535e+00   6.0620470e+00   5.7746674e+00   5.4008741e+00   5.5241832e+00   5.7090599e+00   5.6143841e+00   5.0712830e+00   4.3709494e+00   2.9730722e+00   0.0000000e+00   0.0000000e+00   0.0000000e+00   0.0000000e+00   0.0000000e+00   4.4671440e+00   4.1082731e+00   4.1553364e+00   4.2621380e+00   4.3857580e+00   4.5047034e+00   4.6261244e+00   4.7627202e+00   4.8547552e+00   4.9287370e+00   4.9637318e+00   4.9257105e+00   4.8289297e+00   4.6768514e+00   4.5302305e+00   4.4022368e+00   4.2587951e+00   4.1302937e+00   4.0081008e+00   3.8990199e+00   3.8380265e+00   3.7827971e+00   3.6926641e+00   3.6028659e+00   3.5082607e+00
   2.1654260e+00   2.0622251e+00   1.9748403e+00   1.9071103e+00   1.8766597e+00   1.8679760e+00   1.8919488e+00   1.9607482e+00   2.0831025e+00   2.2870049e+00   2.4925424e+00   2.7144570e+00   2.9939543e+00   3.2254851e+00   3.4480866e+00   3.6786950e+00   3.8289187e+00   3.9466062e+00   4.0632478e+00   4.1529338e+00   4.2442694e+00   4.3625882e+00   4.4696061e+00   4.5958131e+00   4.7899536e+00   4.9983019e+00   5.2807704e+00   5.8526004e+00   6.5840468e+00   7.5636707e+00   7.9478151e+00   7.8515023e+00   6.9332535e+00   5.8722652e+00   5.7558531e+00   5.4834369e+00   5.5597212e+00   5.7090599e+00   4.9162578e+00   4.1770881e+00   3.4762915e+00   2.4065201e+00   1.8744801e+00   0.0000000e+00   0.0000000e+00   0.0000000e+00   0.0000000e+00   3.2068236e+00   3.1067652e+00   3.2688151e+00   3.4019017e+00   3.5530679e+00   3.7207256e+00   3.8996987e+00   4.0686735e+00   4.1391636e+00   4.1477171e+00   4.0895167e+00   3.9564382e+00   3.7615719e+00   3.5558212e+00   3.3814396e+00   3.2296086e+00   3.0476780e+00   2.8910597e+00   2.7639982e+00   2.6655787e+00   2.6061953e+00   2.5483975e+00   2.4615421e+00   2.3773677e+00   2.2866167e+00
   1.8049501e+00   1.7530731e+00   1.7232816e+00   1.7266316e+00   1.7586501e+00   1.8144980e+00   1.9161023e+00   2.0442591e+00   2.2124472e+00   2.4499165e+00   2.6705817e+00   2.9015241e+00   3.1858749e+00   3.4164422e+00   3.6322258e+00   3.8457743e+00   3.9697180e+00   4.0493257e+00   4.1052607e+00   4.1356684e+00   4.1680379e+00   4.2276764e+00   4.2997083e+00   4.3985461e+00   4.5709625e+00   4.7693021e+00   5.0475333e+00   5.6076085e+00   6.2803971e+00   7.0275377e+00   0.0000000e+00   0.0000000e+00   0.0000000e+00   5.8223709e+00   5.7509067e+00   5.5051430e+00   5.5721786e+00   0.0000000e+00   4.6715379e+00   3.7257391e+00   3.0380001e+00   2.1887987e+00   1.9005086e+00   1.9684596e+00   0.0000000e+00   0.0000000e+00   1.9616894e+00   2.5822840e+00   2.5924316e+00   2.7798938e+00   2.9034014e+00   3.0574657e+00   3.2491683e+00   3.4607117e+00   3.6527254e+00   3.7151531e+00   3.6778516e+00   3.5314093e+00   3.3494042e+00   3.1182559e+00   2.8966212e+00   2.7199312e+00   2.5672956e+00   2.3898065e+00   2.2542990e+00   2.1610719e+00   2.1029779e+00   2.0699463e+00   2.0358841e+00   1.9842537e+00   1.9325745e+00   1.8764396e+00
   1.6811195e+00   1.7675133e+00   1.8747407e+00   2.0167863e+00   2.1508086e+00   2.2955615e+00   2.4804619e+00   2.6498261e+00   2.8289697e+00   3.0556109e+00   3.2589439e+00   3.4670358e+00   3.7175621e+00   3.9171059e+00   4.0986459e+00   4.2703962e+00   4.3478576e+00   4.3642651e+00   4.3146538e+00   4.2342077e+00   4.1465743e+00   4.0702327e+00   4.0479382e+00   4.0634481e+00   4.1635914e+00   4.3172854e+00   4.5382698e+00   4.9202564e+00   5.2292487e+00   5.1945428e+00   0.0000000e+00   0.0000000e+00   0.0000000e+00   0.0000000e+00   0.0000000e+00   0.0000000e+00   0.0000000e+00   0.0000000e+00   0.0000000e+00   3.0815458e+00   2.4330648e+00   1.9839409e+00   1.9586581e+00   1.9684596e+00   0.0000000e+00   0.0000000e+00   1.9616894e+00   1.9272610e+00   1.8446620e+00   2.0177722e+00   2.0921618e+00   2.2332865e+00   2.4584653e+00   2.7219572e+00   2.9572417e+00   3.0125258e+00   2.8898720e+00   2.5535614e+00   2.3002575e+00   2.0378472e+00   1.8109300e+00   1.6491043e+00   1.5127396e+00   1.3786222e+00   1.3280175e+00   1.3393881e+00   1.3930651e+00   1.4372682e+00   1.4759204e+00   1.5266500e+00   1.5673621e+00   1.6113222e+00
   2.7137228e+00   2.8453069e+00   2.9850606e+00   3.1584261e+00   3.3115222e+00   3.4659329e+00   3.6499852e+00   3.8054940e+00   3.9617780e+00   4.1580988e+00   4.3314501e+00   4.5010922e+00   4.6922406e+00   4.8382873e+00   4.9692100e+00   5.0875713e+00   5.1264877e+00   5.1056813e+00   5.0018944e+00   4.8536100e+00   4.6621526e+00   4.3915005e+00   4.1460541e+00   3.8900594e+00   3.6395706e+00   3.5545652e+00   3.6320414e+00   3.8433259e+00   3.8326299e+00   3.3799363e+00   1.5298742e+00   0.0000000e+00   0.0000000e+00   0.0000000e+00   0.0000000e+00   0.0000000e+00   0.0000000e+00   0.0000000e+00   0.0000000e+00   2.4023068e+00   1.9967985e+00   1.8730825e+00   2.0849000e+00   2.0267018e+00   0.0000000e+00   1.3014708e+00   1.4993819e+00   1.4243120e+00   1.2761232e+00   1.4064943e+00   1.4453973e+00   1.5779469e+00   1.8221557e+00   2.1163160e+00   2.4392371e+00   2.6436972e+00   2.6148306e+00   1.9729260e+00   1.4928734e+00   1.3206784e+00   1.2265462e+00   1.2165576e+00   1.2430405e+00   1.3545912e+00   1.5158888e+00   1.6993650e+00   1.9148801e+00   2.0701922e+00   2.2066985e+00   2.3574818e+00   2.4698086e+00   2.5765631e+00
   3.3546416e+00   3.5051427e+00   3.6581386e+00   3.8448448e+00   4.0056948e+00   4.1637150e+00   4.3472159e+00   4.4974551e+00   4.6455005e+00   4.8316912e+00   4.9934844e+00   5.1469936e+00   5.3119748e+00   5.4335532e+00   5.5403226e+00   5.6310817e+00   5.6484644e+00   5.6053040e+00   5.4693589e+00   5.2821525e+00   5.0335373e+00   4.6588496e+00   4.2923335e+00   3.8835837e+00   3.4110437e+00   3.1310638e+00   3.0384023e+00   3.1302445e+00   3.0520328e+00   2.5619564e+00   1.7217791e+00   2.6353571e+00   0.0000000e+00   0.0000000e+00   0.0000000e+00   0.0000000e+00   0.0000000e+00   0.0000000e+00   9.7060635e-01   2.0367164e+00   1.7354646e+00   1.7839513e+00   2.0490824e+00   1.7490681e+00   3.7834486e-01   1.2263558e+00   1.3660130e+00   1.1108676e+00   9.3920922e-01   1.0505554e+00   1.0759351e+00   1.2020522e+00   1.4499660e+00   1.7521416e+00   2.1273576e+00   2.4399233e+00   2.4963615e+00   1.7028112e+00   1.1372867e+00   1.0311638e+00   1.0407128e+00   1.1288614e+00   1.2494775e+00   1.4878625e+00   1.7540125e+00   2.0221097e+00   2.3169635e+00   2.5265234e+00   2.7097778e+00   2.9068850e+00   3.0520439e+00   3.1873075e+00
   4.5838894e+00   4.7309573e+00   4.8791407e+00   5.0649081e+00   5.2228634e+00   5.3774341e+00   5.5597689e+00   5.7143851e+00   5.8725070e+00   6.0770589e+00   6.2473502e+00   6.4035459e+00   6.5648224e+00   6.6774665e+00   6.7695033e+00   6.8313978e+00   6.8178769e+00   6.7350781e+00   6.5438384e+00   6.2958301e+00   5.9692670e+00   5.4671084e+00   4.9442217e+00   4.3110515e+00   3.3934050e+00   2.5358570e+00   1.7643190e+00   1.5684051e+00   1.9300446e+00   2.3340176e+00   2.6237926e+00   2.6353571e+00   0.0000000e+00   0.0000000e+00   0.0000000e+00   0.0000000e+00   0.0000000e+00   0.0000000e+00   9.7060635e-01   1.5790914e+00   1.2753351e+00   1.5246130e+00   1.4838286e+00   8.0048085e-01   3.7834486e-01   1.1086676e+00   1.1541631e+00   5.0416261e-01   3.6247363e-01   4.6996056e-01   5.0638244e-01   6.1533418e-01   8.3509655e-01   1.1047180e+00   1.5711016e+00   1.8770430e+00   0.0000000e+00   1.2010297e+00   1.0882749e+00   1.1527014e+00   1.4535850e+00   1.7468932e+00   2.0178537e+00   2.3879556e+00   2.7392075e+00   3.0730444e+00   3.4282497e+00   3.6778531e+00   3.8899309e+00   4.1072654e+00   4.2648672e+00   4.4092901e+00
   4.9165497e+00   5.0528078e+00   5.1899420e+00   5.3651228e+00   5.5137610e+00   5.6584413e+00   5.8307370e+00   5.9788729e+00   6.1303105e+00   6.3250598e+00   6.4849946e+00   6.6296356e+00   6.7776342e+00   6.8765842e+00   6.9485727e+00   6.9772151e+00   6.9361803e+00   6.8298466e+00   6.6228190e+00   6.3751428e+00   6.0551695e+00   5.5641711e+00   5.0532115e+00   4.4321452e+00   3.5064202e+00   2.5748567e+00   1.5363538e+00   9.6233728e-01   1.9988426e+00   2.7815943e+00   3.0182961e+00   3.1571893e+00   3.5102709e+00   0.0000000e+00   0.0000000e+00   0.0000000e+00   0.0000000e+00   0.0000000e+00   7.6687062e-01   1.2886998e+00   9.5949734e-01   1.2746976e+00   1.0871952e+00   5.9159437e-01   4.9611229e-01   9.8284290e-01   8.5634873e-01   4.2099730e-01   2.8218300e-01   2.8795832e-01   2.9856725e-01   3.8670221e-01   5.9145581e-01   8.1792360e-01   1.1417163e+00   1.8770430e+00   0.0000000e+00   1.5119553e+00   1.4136381e+00   1.5495494e+00   1.8890704e+00   2.1907767e+00   2.4641241e+00   2.8206158e+00   3.1594539e+00   3.4785479e+00   3.8148721e+00   4.0560940e+00   4.2614007e+00   4.4689070e+00   4.6175794e+00   4.7528462e+00
   5.1671990e+00   5.2953122e+00   5.4241212e+00   5.5913255e+00   5.7329434e+00   5.8701717e+00   6.0349031e+00   6.1781563e+00   6.3245575e+00   6.5119208e+00   6.6640523e+00   6.7999872e+00   6.9379815e+00   7.0266133e+00   7.0834960e+00   7.0870839e+00   7.0253183e+00   6.9012517e+00   6.6823285e+00   6.4349026e+00   6.1198944e+00   5.6373049e+00   5.1353320e+00   4.5233857e+00   3.5915736e+00   2.6042419e+00   1.3645889e+00   5.0568375e-01   2.0506798e+00   3.1188297e+00   3.3155423e+00   3.3537816e+00   3.5102709e+00   0.0000000e+00   0.0000000e+00   0.0000000e+00   0.0000000e+00   0.0000000e+00   6.1336199e-01   1.0698986e+00   7.2152323e-01   1.0863940e+00   7.8834407e-01   4.3420480e-01   5.8484644e-01   8.8803781e-01   6.3195471e-01   3.5833479e-01   2.2168646e-01   1.5082520e-01   1.4198486e-01   2.1443501e-01   4.0787996e-01   6.0183283e-01   7.1034479e-01   0.0000000e+00   0.0000000e+00   1.7462283e+00   1.6587893e+00   1.8485622e+00   2.2171953e+00   2.5252294e+00   2.8003752e+00   3.1466121e+00   3.4760967e+00   3.7840823e+00   4.1061802e+00   4.3410870e+00   4.5412918e+00   4.7413928e+00   4.8833372e+00   5.0117053e+00
   5.1366579e+00   5.2676846e+00   5.4004410e+00   5.5663730e+00   5.7070396e+00   5.8463984e+00   6.0157984e+00   6.1618808e+00   6.3121687e+00   6.5048111e+00   6.6652177e+00   6.8108291e+00   6.9570546e+00   7.0482832e+00   7.1050403e+00   7.1097949e+00   7.0504573e+00   6.9259743e+00   6.7000494e+00   6.4399880e+00   6.1079924e+00   5.6053568e+00   5.0982653e+00   4.4950971e+00   3.5839325e+00   2.6152573e+00   1.4233500e+00   9.1472027e-01   2.2412675e+00   3.2167793e+00   3.5943192e+00   3.8119980e+00   0.0000000e+00   0.0000000e+00   0.0000000e+00   0.0000000e+00   0.0000000e+00   0.0000000e+00   2.7834460e-01   6.6911608e-01   5.1839415e-01   1.0178584e+00   9.8421694e-01   1.0812793e+00   9.9938289e-01   4.8233794e-01   3.1163159e-01   5.3045344e-01   3.9494718e-01   2.3433972e-01   1.9451595e-01   2.1673430e-01   4.4400053e-01   6.0350848e-01   1.3279594e+00   0.0000000e+00   0.0000000e+00   2.0118999e+00   1.9985845e+00   2.2874386e+00   2.6336217e+00   2.9026471e+00   3.1206718e+00   3.3944833e+00   3.6648056e+00   3.9072156e+00   4.1591504e+00   4.3591784e+00   4.5360680e+00   4.7198203e+00   4.8563664e+00   4.9818001e+00
   4.9253510e+00   5.0596287e+00   5.1972231e+00   5.3681113e+00   5.5137904e+00   5.6601495e+00   5.8390964e+00   5.9899534e+00   6.1433950e+00   6.3385970e+00   6.4995997e+00   6.6469596e+00   6.7999166e+00   6.9001599e+00   6.9703864e+00   6.9970633e+00   6.9569198e+00   6.8518782e+00   6.6491178e+00   6.4085178e+00   6.0921181e+00   5.5989372e+00   5.0917766e+00   4.4843321e+00   3.5742035e+00   2.6480482e+00   1.6199069e+00   1.2430266e+00   2.2429790e+00   3.0450455e+00   3.4952284e+00   3.8119980e+00   0.0000000e+00   0.0000000e+00   0.0000000e+00   0.0000000e+00   0.0000000e+00   0.0000000e+00   4.9275308e-01   4.5170617e-01   5.1839415e-01   1.2748998e+00   1.2884970e+00   1.3131631e+00   1.1092529e+00   6.0894696e-01   5.4917598e-01   6.8995006e-01   5.0867773e-01   3.5207841e-01   3.3736824e-01   3.8473093e-01   5.7493920e-01   6.4600709e-01   1.3279594e+00   0.0000000e+00   0.0000000e+00   2.0365037e+00   2.0232324e+00   2.2790043e+00   2.6354295e+00   2.9346459e+00   3.1325477e+00   3.3205751e+00   3.5633103e+00   3.7734640e+00   3.9898376e+00   4.1703058e+00   4.3338878e+00   4.5098519e+00   4.6441629e+00   4.7698846e+00
   4.6449057e+00   4.7834982e+00   4.9275136e+00   5.1049796e+00   5.2573113e+00   5.4129611e+00   5.6045787e+00   5.7617725e+00   5.9193995e+00   6.1179987e+00   6.2797924e+00   6.4294730e+00   6.5913640e+00   6.7035714e+00   6.7916746e+00   6.8474466e+00   6.8327773e+00   6.7535382e+00   6.5815218e+00   6.3667508e+00   6.0710499e+00   5.5904171e+00   5.0831648e+00   4.4700449e+00   3.5612912e+00   2.6915680e+00   1.8807760e+00   1.6787527e+00   2.2452506e+00   2.8171214e+00   3.3198780e+00   0.0000000e+00   0.0000000e+00   0.0000000e+00   0.0000000e+00   0.0000000e+00   0.0000000e+00   0.0000000e+00   7.7731469e-01   6.6979351e-02   0.0000000e+00   1.7297583e+00   1.6923357e+00   1.6209177e+00   1.2550716e+00   7.7698168e-01   8.6444345e-01   9.0163300e-01   6.5962022e-01   5.0834048e-01   5.2696092e-01   6.0769503e-01   7.4872021e-01   7.0241099e-01   0.0000000e+00   0.0000000e+00   0.0000000e+00   2.0691576e+00   2.0559449e+00   2.2678105e+00   2.6378287e+00   2.9771145e+00   3.1483093e+00   3.2224845e+00   3.4286062e+00   3.5959496e+00   3.7651267e+00   3.9196351e+00   4.0655554e+00   4.2311832e+00   4.3625276e+00   4.4886318e+00
   3.7166418e+00   3.8158455e+00   3.9250162e+00   4.0654165e+00   4.1942512e+00   4.3315270e+00   4.5030498e+00   4.6397639e+00   4.7723182e+00   4.9320838e+00   5.0652242e+00   5.1953794e+00   5.3484389e+00   5.4712626e+00   5.5888091e+00   5.7045221e+00   5.7562177e+00   5.7547512e+00   5.6825834e+00   5.5612473e+00   5.3649327e+00   5.0179722e+00   4.6429331e+00   4.1873798e+00   3.5529529e+00   3.0310971e+00   2.6143676e+00   2.4287582e+00   2.5188536e+00   2.6629265e+00   3.2116666e+00   0.0000000e+00   0.0000000e+00   0.0000000e+00   0.0000000e+00   0.0000000e+00   0.0000000e+00   0.0000000e+00   1.7114753e+00   1.3615703e+00   0.0000000e+00   2.5838147e+00   2.3362026e+00   2.1779987e+00   1.8649610e+00   1.5445280e+00   1.4282149e+00   1.1914985e+00   8.0280871e-01   6.3481218e-01   6.6880067e-01   9.1002339e-01   9.1981796e-01   7.9691346e-01   0.0000000e+00   0.0000000e+00   0.0000000e+00   2.2916525e+00   2.1599701e+00   1.9928696e+00   2.1773817e+00   2.7335367e+00   3.0825390e+00   2.9480522e+00   3.0142596e+00   3.1078372e+00   3.1478911e+00   3.2289279e+00   3.3102870e+00   3.4220479e+00   3.5155786e+00   3.6057086e+00
   3.2654761e+00   3.3291039e+00   3.4008984e+00   3.5001297e+00   3.6008419e+00   3.7165741e+00   3.8720773e+00   4.0023583e+00   4.1345652e+00   4.3016097e+00   4.4519460e+00   4.6090046e+00   4.8023404e+00   4.9628487e+00   5.1192545e+00   5.2774241e+00   5.3597928e+00   5.3889500e+00   5.3540436e+00   5.2695374e+00   5.1201547e+00   4.8494152e+00   4.5572767e+00   4.2013125e+00   3.7075501e+00   3.3131473e+00   3.0053850e+00   2.8269105e+00   2.8083712e+00   2.8066216e+00   3.1972827e+00   0.0000000e+00   0.0000000e+00   0.0000000e+00   0.0000000e+00   0.0000000e+00   0.0000000e+00   0.0000000e+00   2.1170850e+00   1.9897702e+00   0.0000000e+00   2.9308355e+00   2.6357115e+00   2.4478092e+00   2.1632978e+00   1.8712166e+00   1.6768672e+00   1.3336039e+00   8.5394667e-01   6.5426957e-01   6.7375498e-01   9.7567482e-01   9.5818817e-01   8.5723015e-01   0.0000000e+00   0.0000000e+00   0.0000000e+00   3.1116860e+00   2.3074224e+00   1.8813014e+00   1.6726737e+00   2.6946704e+00   3.0720444e+00   2.8926731e+00   2.9030098e+00   2.9703163e+00   2.9500555e+00   2.9760447e+00   3.0066832e+00   3.0713435e+00   3.1331289e+00   3.1927520e+00
   2.5619101e+00   2.5575354e+00   2.5554644e+00   2.5728474e+00   2.6169741e+00   2.6894966e+00   2.8152522e+00   2.9381847e+00   3.0788731e+00   3.2772025e+00   3.4780757e+00   3.7048272e+00   3.9949413e+00   4.2390066e+00   4.4747220e+00   4.7092548e+00   4.8382505e+00   4.9096941e+00   4.9243059e+00   4.8906921e+00   4.8134506e+00   4.6701493e+00   4.5214972e+00   4.3383719e+00   4.0695563e+00   3.8421853e+00   3.6414249e+00   3.4734344e+00   3.3791683e+00   3.1973495e+00   3.2039752e+00   0.0000000e+00   0.0000000e+00   0.0000000e+00   0.0000000e+00   0.0000000e+00   0.0000000e+00   0.0000000e+00   2.7127026e+00   2.9686390e+00   0.0000000e+00   3.4201055e+00   3.0925410e+00   2.8678397e+00   2.6299929e+00   2.3453305e+00   2.0452979e+00   1.5561397e+00   9.1962617e-01   6.5259123e-01   6.3271280e-01   1.0160962e+00   1.0095853e+00   0.0000000e+00   0.0000000e+00   0.0000000e+00   0.0000000e+00   3.5670337e+00   2.6112161e+00   1.7241328e+00   3.3777596e-01   0.0000000e+00   0.0000000e+00   2.8657664e+00   2.7982229e+00   2.8318640e+00   2.7194080e+00   2.6448150e+00   2.5816156e+00   2.5568803e+00   2.5589730e+00   2.5610970e+00
   2.5309050e+00   2.4771559e+00   2.4062516e+00   2.3176424e+00   2.2666588e+00   2.2506714e+00   2.2956271e+00   2.3859865e+00   2.5197258e+00   2.7410235e+00   2.9892881e+00   3.2778184e+00   3.6366173e+00   3.9180294e+00   4.1710073e+00   4.4189437e+00   4.5678722e+00   4.6768508e+00   4.7671864e+00   4.8253515e+00   4.8700500e+00   4.8961813e+00   4.8817623e+00   4.8120204e+00   4.6337636e+00   4.4413315e+00   4.2707026e+00   4.1538114e+00   4.1139435e+00   4.0293560e+00   3.8479301e+00   0.0000000e+00   0.0000000e+00   0.0000000e+00   0.0000000e+00   0.0000000e+00   0.0000000e+00   0.0000000e+00   2.7127026e+00   3.0757532e+00   3.5995951e+00   3.6277896e+00   3.4168941e+00   3.1944421e+00   2.9944169e+00   2.7477068e+00   2.4420792e+00   1.8861014e+00   9.9113901e-01   6.1759137e-01   4.0646889e-01   5.7437352e-01   1.0095853e+00   0.0000000e+00   0.0000000e+00   0.0000000e+00   0.0000000e+00   3.7841534e+00   3.0752548e+00   2.1222941e+00   3.3777596e-01   0.0000000e+00   0.0000000e+00   2.7883825e+00   2.7862068e+00   2.9560296e+00   2.9739681e+00   2.8958766e+00   2.7794951e+00   2.6673677e+00   2.6171236e+00   2.5792052e+00
   2.6270469e+00   2.5618843e+00   2.4737630e+00   2.3507733e+00   2.2610092e+00   2.2016885e+00   2.1951678e+00   2.2528256e+00   2.3646841e+00   2.5740554e+00   2.8243126e+00   3.1211763e+00   3.4884880e+00   3.7709869e+00   4.0184370e+00   4.2618615e+00   4.4167705e+00   4.5443367e+00   4.6784807e+00   4.7892360e+00   4.8995943e+00   5.0112638e+00   5.0609601e+00   5.0455542e+00   4.9135449e+00   4.7385698e+00   4.5804077e+00   4.4869946e+00   4.4816943e+00   4.4854192e+00   4.3092806e+00   0.0000000e+00   0.0000000e+00   0.0000000e+00   0.0000000e+00   0.0000000e+00   0.0000000e+00   0.0000000e+00   0.0000000e+00   3.1835551e+00   3.5962697e+00   3.6993995e+00   3.5770497e+00   3.3710257e+00   3.1980210e+00   2.9867199e+00   2.7004905e+00   2.1402393e+00   1.0750279e+00   6.1760607e-01   3.3051659e-01   3.7665267e-01   0.0000000e+00   0.0000000e+00   0.0000000e+00   0.0000000e+00   4.8366057e+00   3.9191201e+00   3.3392786e+00   2.4416896e+00   0.0000000e+00   0.0000000e+00   0.0000000e+00   2.6844683e+00   2.7947860e+00   3.0140558e+00   3.1180952e+00   3.0682863e+00   2.9485117e+00   2.8065648e+00   2.7370720e+00   2.6875091e+00
   3.0323309e+00   2.9868025e+00   2.9210887e+00   2.8026720e+00   2.6868481e+00   2.5757234e+00   2.4765787e+00   2.4514438e+00   2.4889481e+00   2.6236267e+00   2.8209477e+00   3.0706217e+00   3.3826077e+00   3.6215509e+00   3.8259318e+00   4.0350790e+00   4.1872830e+00   4.3376208e+00   4.5417038e+00   4.7352999e+00   4.9396975e+00   5.1603730e+00   5.2825370e+00   5.3290241e+00   5.2572885e+00   5.1040996e+00   4.9548812e+00   4.8855205e+00   4.9422413e+00   5.1577208e+00   5.2418222e+00   0.0000000e+00   0.0000000e+00   0.0000000e+00   0.0000000e+00   0.0000000e+00   0.0000000e+00   0.0000000e+00   0.0000000e+00   3.4910155e+00   3.5836210e+00   3.7728818e+00   3.7720533e+00   3.6256438e+00   3.5071206e+00   3.3820416e+00   3.1767409e+00   2.6855593e+00   1.3027969e+00   7.0710268e-01   0.0000000e+00   0.0000000e+00   0.0000000e+00   0.0000000e+00   0.0000000e+00   0.0000000e+00   4.8366057e+00   4.1552427e+00   3.7509939e+00   3.1481420e+00   0.0000000e+00   0.0000000e+00   0.0000000e+00   0.0000000e+00   2.8907381e+00   3.0762178e+00   3.3412521e+00   3.4034884e+00   3.3387175e+00   3.1949404e+00   3.1190621e+00   3.0763392e+00
   3.3545152e+00   3.3436821e+00   3.3194519e+00   3.2627958e+00   3.1878915e+00   3.0956844e+00   2.9830523e+00   2.9182692e+00   2.9004125e+00   2.9521922e+00   3.0699663e+00   3.2394704e+00   3.4642545e+00   3.6434113e+00   3.7986257e+00   3.9646178e+00   4.0972706e+00   4.2359181e+00   4.4343530e+00   4.6305234e+00   4.8466134e+00   5.0928799e+00   5.2405662e+00   5.3088068e+00   5.2486310e+00   5.0897627e+00   4.9191430e+00   4.8630932e+00   4.9516857e+00   5.3555976e+00   5.6530520e+00   0.0000000e+00   0.0000000e+00   0.0000000e+00   0.0000000e+00   0.0000000e+00   0.0000000e+00   0.0000000e+00   4.6427461e+00   3.6192032e+00   3.7014058e+00   3.8336771e+00   3.8903959e+00   3.8171085e+00   3.7504391e+00   3.6992478e+00   3.5845581e+00   3.2516210e+00   1.3027969e+00   7.0710268e-01   0.0000000e+00   0.0000000e+00   0.0000000e+00   0.0000000e+00   0.0000000e+00   5.2002367e+00   4.8295731e+00   4.3915615e+00   3.9384383e+00   3.3762427e+00   0.0000000e+00   0.0000000e+00   0.0000000e+00   0.0000000e+00   2.7748583e+00   2.9440409e+00   3.2886768e+00   3.4571129e+00   3.5013656e+00   3.4222131e+00   3.3696270e+00   3.3546795e+00
   3.5409864e+00   3.5555481e+00   3.5594329e+00   3.5481284e+00   3.5069711e+00   3.4354917e+00   3.3277085e+00   3.2476596e+00   3.2008245e+00   3.2048219e+00   3.2725490e+00   3.3878035e+00   3.5510955e+00   3.6863900e+00   3.8042394e+00   3.9356783e+00   4.0497339e+00   4.1728051e+00   4.3526429e+00   4.5367771e+00   4.7486165e+00   5.0023024e+00   5.1632766e+00   5.2448956e+00   5.1937679e+00   5.0225273e+00   4.8070751e+00   4.7303950e+00   4.8187390e+00   5.3653492e+00   5.7989737e+00   0.0000000e+00   0.0000000e+00   0.0000000e+00   0.0000000e+00   0.0000000e+00   0.0000000e+00   5.3835536e+00   4.6306427e+00   3.6745621e+00   3.7440410e+00   3.8537889e+00   3.9574046e+00   3.9337976e+00   3.9028725e+00   3.9046070e+00   3.8700311e+00   3.6401949e+00   0.0000000e+00   0.0000000e+00   0.0000000e+00   0.0000000e+00   0.0000000e+00   0.0000000e+00   5.1362729e+00   5.1132558e+00   4.8097868e+00   4.5113962e+00   4.0458036e+00   3.4648343e+00   0.0000000e+00   0.0000000e+00   0.0000000e+00   0.0000000e+00   2.7209544e+00   2.8570501e+00   3.2248473e+00   3.4417465e+00   3.5558563e+00   3.5303815e+00   3.5000972e+00   3.5077172e+00
   3.7140215e+00   3.7723406e+00   3.8179139e+00   3.8851946e+00   3.9135926e+00   3.8985035e+00   3.8433052e+00   3.7782781e+00   3.7161916e+00   3.6765987e+00   3.6826577e+00   3.7177453e+00   3.7820954e+00   3.8415043e+00   3.8908301e+00   3.9538180e+00   4.0229490e+00   4.0980898e+00   4.2024280e+00   4.3239976e+00   4.4900276e+00   4.7225114e+00   4.8901783e+00   4.9872064e+00   4.9534332e+00   4.7361905e+00   4.3558499e+00   4.1523639e+00   4.1694413e+00   4.9762867e+00   5.5844779e+00   0.0000000e+00   0.0000000e+00   0.0000000e+00   0.0000000e+00   0.0000000e+00   0.0000000e+00   5.3835536e+00   4.5877271e+00   3.6543740e+00   3.6865774e+00   3.8151715e+00   4.0139434e+00   4.0644012e+00   4.0884274e+00   4.1778855e+00   4.3227924e+00   4.2323760e+00   0.0000000e+00   0.0000000e+00   0.0000000e+00   0.0000000e+00   0.0000000e+00   0.0000000e+00   5.1362729e+00   4.9076475e+00   4.7278432e+00   4.5582291e+00   4.1411682e+00   3.3820334e+00   0.0000000e+00   0.0000000e+00   0.0000000e+00   0.0000000e+00   0.0000000e+00   2.6962718e+00   3.0387048e+00   3.2511700e+00   3.4557791e+00   3.5419544e+00   3.5658820e+00   3.6191105e+00
   3.6237765e+00   3.7233956e+00   3.8042136e+00   3.9002814e+00   3.9576090e+00   3.9809539e+00   3.9811229e+00   3.9580990e+00   3.9233671e+00   3.8955442e+00   3.8889360e+00   3.8872017e+00   3.8980189e+00   3.9225525e+00   3.9343054e+00   3.9371214e+00   3.9573268e+00   3.9916588e+00   4.0404901e+00   4.1074621e+00   4.2168251e+00   4.3907697e+00   4.5210802e+00   4.6050757e+00   4.6156947e+00   4.3151172e+00   3.6131930e+00   3.4274011e+00   4.1694413e+00   4.6229515e+00   5.2702265e+00   0.0000000e+00   0.0000000e+00   0.0000000e+00   0.0000000e+00   0.0000000e+00   5.2003248e+00   4.9701986e+00   3.9526623e+00   3.1166183e+00   3.2457726e+00   3.4975221e+00   3.7959732e+00   3.9058943e+00   4.0000665e+00   4.1992569e+00   4.4854762e+00   4.4117930e+00   0.0000000e+00   0.0000000e+00   0.0000000e+00   0.0000000e+00   0.0000000e+00   5.0676848e+00   4.5448986e+00   4.4651450e+00   4.5112913e+00   4.4228541e+00   4.0290599e+00   3.4830243e+00   0.0000000e+00   0.0000000e+00   0.0000000e+00   0.0000000e+00   0.0000000e+00   2.5694120e+00   2.6507741e+00   2.8554435e+00   3.1322050e+00   3.3092522e+00   3.3924322e+00   3.4859049e+00
   3.4780670e+00   3.6070506e+00   3.7130802e+00   3.8260943e+00   3.8986616e+00   3.9456155e+00   3.9829665e+00   3.9920559e+00   3.9821134e+00   3.9669061e+00   3.9548597e+00   3.9366227e+00   3.9215961e+00   3.9272041e+00   3.9190785e+00   3.8858855e+00   3.8715223e+00   3.8758066e+00   3.8880776e+00   3.9155182e+00   3.9774229e+00   4.0932610e+00   4.1820368e+00   4.2468723e+00   4.2953390e+00   4.0718877e+00   3.2752678e+00   2.9875691e+00   0.0000000e+00   4.2859719e+00   4.9870882e+00   0.0000000e+00   0.0000000e+00   0.0000000e+00   0.0000000e+00   0.0000000e+00   4.8431277e+00   4.5098471e+00   3.5925066e+00   2.8719277e+00   2.9110691e+00   3.1173065e+00   3.5099675e+00   3.6719845e+00   3.8214605e+00   4.1060586e+00   4.5414687e+00   4.7764576e+00   0.0000000e+00   0.0000000e+00   4.6077135e+00   4.2941010e+00   3.9021572e+00   4.6186202e+00   4.2348231e+00   4.0925226e+00   4.2631044e+00   4.2844039e+00   3.9770059e+00   3.6668367e+00   0.0000000e+00   0.0000000e+00   0.0000000e+00   0.0000000e+00   0.0000000e+00   2.4680610e+00   2.3814805e+00   2.5318929e+00   2.8317021e+00   3.0628483e+00   3.1862345e+00   3.3091804e+00
   3.1142815e+00   3.2800170e+00   3.4179400e+00   3.5443294e+00   3.6241145e+00   3.6923458e+00   3.7713733e+00   3.8256586e+00   3.8586225e+00   3.8686536e+00   3.8577390e+00   3.8403787e+00   3.8201893e+00   3.8151718e+00   3.7973746e+00   3.7341826e+00   3.6770383e+00   3.6414183e+00   3.6143942e+00   3.5907735e+00   3.5773334e+00   3.5837714e+00   3.5872487e+00   3.6060926e+00   3.7159114e+00   3.7129071e+00   0.0000000e+00   0.0000000e+00   0.0000000e+00   3.8597280e+00   4.4998884e+00   0.0000000e+00   0.0000000e+00   0.0000000e+00   0.0000000e+00   0.0000000e+00   4.5326923e+00   3.2364310e+00   2.6026187e+00   0.0000000e+00   1.9785204e+00   2.2980076e+00   2.8605012e+00   3.1095614e+00   3.3403348e+00   3.7482636e+00   4.4787823e+00   4.9089405e+00   0.0000000e+00   0.0000000e+00   4.6077135e+00   4.2941010e+00   3.9021572e+00   3.4477917e+00   3.3907541e+00   3.4971146e+00   3.7428657e+00   4.0172409e+00   3.9697592e+00   0.0000000e+00   0.0000000e+00   0.0000000e+00   0.0000000e+00   0.0000000e+00   0.0000000e+00   2.3163983e+00   2.0589570e+00   2.0330845e+00   2.2988839e+00   2.5743547e+00   2.7437851e+00   2.9055311e+00
   2.5411252e+00   2.7220448e+00   2.8780147e+00   3.0280415e+00   3.1232396e+00   3.2057154e+00   3.2986690e+00   3.3632965e+00   3.4106848e+00   3.4428244e+00   3.4432832e+00   3.4359398e+00   3.4329612e+00   3.4335029e+00   3.4161516e+00   3.3501818e+00   3.2782231e+00   3.2126539e+00   3.1469966e+00   3.0805017e+00   3.0047604e+00   2.9078056e+00   2.8173229e+00   2.7536532e+00   2.9342848e+00   3.1497665e+00   0.0000000e+00   0.0000000e+00   0.0000000e+00   3.5717054e+00   4.3607118e+00   0.0000000e+00   0.0000000e+00   0.0000000e+00   0.0000000e+00   0.0000000e+00   3.3765352e+00   2.8578583e+00   2.6026187e+00   0.0000000e+00   1.5121180e+00   1.4877336e+00   1.9270264e+00   2.2498530e+00   2.5374938e+00   2.9615540e+00   3.4999762e+00   3.8824256e+00   4.0583921e+00   3.5521932e+00   3.2120037e+00   2.9267884e+00   2.5663757e+00   2.3153742e+00   2.3941425e+00   2.5474955e+00   2.9436792e+00   3.5276477e+00   3.9697592e+00   0.0000000e+00   0.0000000e+00   0.0000000e+00   0.0000000e+00   0.0000000e+00   0.0000000e+00   1.6710839e+00   1.4461916e+00   1.4356519e+00   1.6332539e+00   1.9209514e+00   2.1183496e+00   2.3079322e+00
   2.0633184e+00   2.2474691e+00   2.4108685e+00   2.5760548e+00   2.6817682e+00   2.7710434e+00   2.8655899e+00   2.9310729e+00   2.9840736e+00   3.0263873e+00   3.0347873e+00   3.0301123e+00   3.0318136e+00   3.0318937e+00   3.0115335e+00   2.9446563e+00   2.8667132e+00   2.7865541e+00   2.6936605e+00   2.5981920e+00   2.4857603e+00   2.3259689e+00   2.1819535e+00   2.0750261e+00   2.2299426e+00   2.5053559e+00   0.0000000e+00   2.4928289e+00   2.7585143e+00   3.5014233e+00   4.3905333e+00   0.0000000e+00   0.0000000e+00   0.0000000e+00   0.0000000e+00   2.4432222e+00   2.5694258e+00   2.2218911e+00   0.0000000e+00   1.0434969e+00   1.1142989e+00   9.3559305e-01   1.1602360e+00   1.5328217e+00   1.8599823e+00   2.2749202e+00   2.6884424e+00   3.1120299e+00   3.2145589e+00   2.7858722e+00   2.2770028e+00   1.9147838e+00   1.5711921e+00   1.4272662e+00   1.5800491e+00   1.7594160e+00   2.2301322e+00   2.9907272e+00   0.0000000e+00   0.0000000e+00   0.0000000e+00   0.0000000e+00   0.0000000e+00   0.0000000e+00   0.0000000e+00   1.1645652e+00   1.0348141e+00   1.0395223e+00   1.1380052e+00   1.3983056e+00   1.6120540e+00   1.8195301e+00
   1.5321170e+00   1.7147653e+00   1.8823089e+00   2.0618923e+00   2.1780349e+00   2.2721267e+00   2.3630309e+00   2.4252680e+00   2.4810428e+00   2.5302057e+00   2.5466019e+00   2.5418230e+00   2.5435025e+00   2.5403152e+00   2.5147831e+00   2.4476581e+00   2.3665020e+00   2.2757304e+00   2.1552428e+00   2.0312205e+00   1.8862377e+00   1.6692098e+00   1.4790799e+00   1.3378570e+00   1.4183855e+00   1.6943848e+00   2.8033794e+00   2.4928289e+00   2.7585143e+00   3.5116539e+00   4.5025046e+00   0.0000000e+00   0.0000000e+00   0.0000000e+00   1.2573478e+00   2.4432222e+00   1.7568118e+00   1.5122718e+00   0.0000000e+00   1.0434969e+00   8.9072769e-01   3.8840500e-01   3.1391405e-01   7.3547724e-01   1.1023113e+00   1.4949105e+00   1.7886193e+00   1.9548216e+00   1.8204041e+00   1.5197806e+00   1.2038156e+00   8.5877714e-01   5.2877137e-01   4.7013394e-01   6.8401863e-01   8.8519401e-01   1.4112783e+00   2.3977364e+00   2.1663510e+00   0.0000000e+00   0.0000000e+00   0.0000000e+00   0.0000000e+00   0.0000000e+00   0.0000000e+00   6.1843521e-01   6.3120949e-01   6.5420214e-01   6.1964769e-01   8.2917516e-01   1.0573368e+00   1.2818353e+00
   7.3794133e-01   8.9080708e-01   1.0380250e+00   1.1897827e+00   1.2942234e+00   1.3792009e+00   1.4550086e+00   1.5110360e+00   1.5619875e+00   1.5994815e+00   1.6027095e+00   1.5878367e+00   1.5798147e+00   1.5641153e+00   1.5210114e+00   1.4437497e+00   1.3589651e+00   1.2586119e+00   1.1127637e+00   9.6595868e-01   7.9216615e-01   5.5264842e-01   5.0656412e-01   7.9009573e-01   1.3407445e+00   2.0553762e+00   2.8033794e+00   3.2521845e+00   3.6826188e+00   3.8472221e+00   0.0000000e+00   0.0000000e+00   0.0000000e+00   0.0000000e+00   1.2573478e+00   1.1280492e+00   1.3139042e+00   1.7442545e+00   0.0000000e+00   1.1165495e+00   1.4805877e+00   1.3604292e+00   1.0324178e+00   8.2897894e-01   8.6068196e-01   9.2780494e-01   8.9465766e-01   8.4999300e-01   8.5940112e-01   9.2873956e-01   9.6559413e-01   1.1143680e+00   1.1524810e+00   1.0158287e+00   7.6640553e-01   5.1001545e-01   6.2337910e-01   1.5430575e+00   2.1663510e+00   0.0000000e+00   0.0000000e+00   0.0000000e+00   0.0000000e+00   0.0000000e+00   0.0000000e+00   2.3582203e-01   5.8712943e-01   7.3982175e-01   6.4363408e-01   4.1468682e-01   4.0305229e-01   5.4208933e-01
   5.8231319e-01   5.6918789e-01   5.8872658e-01   6.5712043e-01   7.3091017e-01   7.9616621e-01   8.5052966e-01   8.9228543e-01   9.2616336e-01   9.4316257e-01   9.3676489e-01   9.1905693e-01   9.0266826e-01   8.8020837e-01   8.2868886e-01   7.3941516e-01   6.4903631e-01   5.4390391e-01   4.1535986e-01   4.1763983e-01   4.8870201e-01   6.3633587e-01   8.6328187e-01   1.2597522e+00   1.9051660e+00   2.7423473e+00   3.6040123e+00   4.0039020e+00   4.1998830e+00   4.0831266e+00   0.0000000e+00   0.0000000e+00   0.0000000e+00   1.1335830e+00   1.1756625e+00   1.3334862e+00   2.1190065e+00   2.9386808e+00   3.3806565e+00   2.3614420e+00   2.2673356e+00   2.0560950e+00   1.7331998e+00   1.5197609e+00   1.4972097e+00   1.5434599e+00   1.6594663e+00   1.7797032e+00   1.9041910e+00   1.9748520e+00   2.0469598e+00   2.1608599e+00   2.1294884e+00   1.9118301e+00   1.5591372e+00   1.2668065e+00   1.1854820e+00   1.5456282e+00   1.9348628e+00   0.0000000e+00   0.0000000e+00   0.0000000e+00   0.0000000e+00   0.0000000e+00   0.0000000e+00   7.1045682e-01   9.1520578e-01   1.0720741e+00   1.0894008e+00   8.7170091e-01   7.1201590e-01   6.2687076e-01
   7.0111170e-01   5.6804882e-01   4.7214457e-01   4.2380463e-01   4.2744827e-01   4.4661206e-01   4.6820594e-01   4.9044168e-01   5.1242733e-01   5.2531273e-01   5.2730616e-01   5.2873759e-01   5.3872098e-01   5.4020342e-01   5.2223040e-01   4.8906757e-01   4.6198768e-01   4.2907614e-01   3.9797344e-01   5.0053057e-01   6.9687781e-01   1.0319295e+00   1.3832135e+00   1.8168418e+00   2.4981052e+00   3.4161178e+00   4.3096507e+00   4.5597080e+00   4.5189185e+00   4.2061683e+00   0.0000000e+00   0.0000000e+00   0.0000000e+00   1.1335830e+00   1.1543600e+00   1.4406368e+00   2.5389271e+00   3.2501717e+00   3.6060830e+00   3.2933612e+00   2.9136978e+00   2.6482665e+00   2.3375891e+00   2.1389618e+00   2.0918171e+00   2.2255134e+00   2.6281878e+00   2.9093000e+00   3.0975277e+00   3.1263994e+00   3.1907666e+00   3.2942850e+00   3.2059774e+00   2.8887490e+00   2.3643669e+00   2.0507064e+00   1.8566004e+00   1.7955722e+00   1.9539058e+00   0.0000000e+00   0.0000000e+00   0.0000000e+00   0.0000000e+00   0.0000000e+00   4.7372209e-01   1.0957159e+00   1.2298246e+00   1.3744131e+00   1.4870968e+00   1.3203436e+00   1.0994295e+00   8.9610049e-01
   1.1170115e+00   9.2616889e-01   7.4413651e-01   5.6560223e-01   4.7265235e-01   4.2785005e-01   4.1171509e-01   4.1523026e-01   4.3517415e-01   4.6320102e-01   4.9187845e-01   5.3265529e-01   6.0059664e-01   6.5443000e-01   7.0745599e-01   7.9012019e-01   8.8466303e-01   9.8874685e-01   1.1204355e+00   1.2633006e+00   1.4530868e+00   1.7565959e+00   2.0684417e+00   2.4567547e+00   3.1037851e+00   3.9989645e+00   4.8416740e+00   4.8621148e+00   4.7008240e+00   0.0000000e+00   0.0000000e+00   0.0000000e+00   0.0000000e+00   0.0000000e+00   0.0000000e+00   0.0000000e+00   0.0000000e+00   0.0000000e+00   4.1612299e+00   3.8105959e+00   3.3619712e+00   3.0822411e+00   2.8034875e+00   2.6484029e+00   2.6146155e+00   2.9283673e+00   3.6806336e+00   4.1000243e+00   4.2951177e+00   4.2455310e+00   4.2616406e+00   4.3795793e+00   4.2530486e+00   3.8788811e+00   3.1631794e+00   2.8403996e+00   2.6273751e+00   2.3211486e+00   2.2693036e+00   0.0000000e+00   0.0000000e+00   0.0000000e+00   0.0000000e+00   0.0000000e+00   5.2093422e-01   1.3037155e+00   1.5172450e+00   1.6214438e+00   1.7991862e+00   1.7318081e+00   1.5518499e+00   1.3532561e+00
   1.6208501e+00   1.4715371e+00   1.3338198e+00   1.2105189e+00   1.1547769e+00   1.1334293e+00   1.1404318e+00   1.1827359e+00   1.2402907e+00   1.3007424e+00   1.3501201e+00   1.4045754e+00   1.4853852e+00   1.5567176e+00   1.6198292e+00   1.7091944e+00   1.7963900e+00   1.8896537e+00   2.0158018e+00   2.1447828e+00   2.3120331e+00   2.5642258e+00   2.8104061e+00   3.1430196e+00   3.6909679e+00   4.0030328e+00   0.0000000e+00   0.0000000e+00   0.0000000e+00   0.0000000e+00   0.0000000e+00   0.0000000e+00   0.0000000e+00   0.0000000e+00   0.0000000e+00   0.0000000e+00   0.0000000e+00   0.0000000e+00   0.0000000e+00   3.7591618e+00   3.4956922e+00   3.1948359e+00   3.0706855e+00   2.9865136e+00   3.0232381e+00   3.4506300e+00   0.0000000e+00   0.0000000e+00   0.0000000e+00   0.0000000e+00   0.0000000e+00   0.0000000e+00   0.0000000e+00   4.5848922e+00   3.9773536e+00   3.6075329e+00   3.4143859e+00   3.0398246e+00   2.8885724e+00   0.0000000e+00   0.0000000e+00   0.0000000e+00   0.0000000e+00   0.0000000e+00   1.0318606e+00   1.4903870e+00   1.7593594e+00   1.7154495e+00   1.8746693e+00   1.9816551e+00   1.9253078e+00   1.8030667e+00
   1.9234939e+00   1.8369688e+00   1.7600270e+00   1.6994136e+00   1.6759662e+00   1.6774490e+00   1.7213047e+00   1.7884409e+00   1.8691364e+00   1.9720548e+00   2.0355455e+00   2.1068471e+00   2.1866557e+00   2.2657231e+00   2.3455787e+00   2.4364592e+00   2.5222785e+00   2.6028532e+00   2.7083330e+00   2.8189511e+00   2.9428097e+00   3.1598941e+00   3.3522754e+00   3.5773171e+00   4.0706737e+00   4.3037530e+00   0.0000000e+00   0.0000000e+00   0.0000000e+00   0.0000000e+00   0.0000000e+00   0.0000000e+00   0.0000000e+00   0.0000000e+00   0.0000000e+00   0.0000000e+00   0.0000000e+00   0.0000000e+00   0.0000000e+00   3.4015446e+00   3.1802303e+00   3.0696757e+00   3.1603782e+00   3.1467643e+00   3.2089058e+00   3.6413222e+00   0.0000000e+00   0.0000000e+00   0.0000000e+00   0.0000000e+00   0.0000000e+00   0.0000000e+00   0.0000000e+00   4.5848922e+00   4.1495671e+00   4.1313312e+00   4.0227016e+00   3.5846658e+00   3.4159013e+00   0.0000000e+00   0.0000000e+00   0.0000000e+00   0.0000000e+00   0.0000000e+00   1.3877910e+00   1.6878427e+00   1.9686710e+00   1.8461356e+00   1.8082372e+00   1.9918900e+00   2.0644458e+00   2.0246430e+00
   2.0737580e+00   2.0481341e+00   2.0362181e+00   2.0459531e+00   2.0627616e+00   2.1002272e+00   2.1792078e+00   2.2612286e+00   2.3511464e+00   2.4648604e+00   2.5501442e+00   2.6370359e+00   2.7285530e+00   2.8093442e+00   2.8884079e+00   2.9862784e+00   3.0593511e+00   3.1302178e+00   3.2152242e+00   3.2997736e+00   3.4171280e+00   3.5826014e+00   3.7202584e+00   3.8576612e+00   4.3231459e+00   4.3528514e+00   0.0000000e+00   0.0000000e+00   0.0000000e+00   0.0000000e+00   0.0000000e+00   0.0000000e+00   0.0000000e+00   0.0000000e+00   0.0000000e+00   0.0000000e+00   0.0000000e+00   0.0000000e+00   0.0000000e+00   3.1679927e+00   3.0763909e+00   3.1407508e+00   3.2118402e+00   3.2698869e+00   3.2600402e+00   3.6339422e+00   0.0000000e+00   0.0000000e+00   0.0000000e+00   0.0000000e+00   0.0000000e+00   0.0000000e+00   0.0000000e+00   0.0000000e+00   4.1776843e+00   4.2168514e+00   4.1471360e+00   4.0092217e+00   3.8172694e+00   0.0000000e+00   0.0000000e+00   0.0000000e+00   0.0000000e+00   0.0000000e+00   1.6207988e+00   1.8394623e+00   2.0012028e+00   1.9530066e+00   1.7796345e+00   1.9070423e+00   2.0519922e+00   2.0999815e+00
   2.1310304e+00   2.1670259e+00   2.2320774e+00   2.3019859e+00   2.3752261e+00   2.4435182e+00   2.5629160e+00   2.6354414e+00   2.7272176e+00   2.8339195e+00   2.9507979e+00   3.0444369e+00   3.1546991e+00   3.2269738e+00   3.3100972e+00   3.3911912e+00   3.4579931e+00   3.5209206e+00   3.5913921e+00   3.6608932e+00   3.7619121e+00   3.9103801e+00   3.9283926e+00   3.9860991e+00   4.4433479e+00   0.0000000e+00   0.0000000e+00   0.0000000e+00   0.0000000e+00   0.0000000e+00   0.0000000e+00   0.0000000e+00   0.0000000e+00   0.0000000e+00   0.0000000e+00   0.0000000e+00   0.0000000e+00   0.0000000e+00   0.0000000e+00   0.0000000e+00   3.0268523e+00   3.1192274e+00   3.2766567e+00   3.2934125e+00   3.2505154e+00   3.3975595e+00   0.0000000e+00   0.0000000e+00   0.0000000e+00   0.0000000e+00   0.0000000e+00   0.0000000e+00   0.0000000e+00   0.0000000e+00   0.0000000e+00   0.0000000e+00   4.1629850e+00   4.1680582e+00   3.9664845e+00   0.0000000e+00   0.0000000e+00   0.0000000e+00   0.0000000e+00   0.0000000e+00   1.7555865e+00   1.8969068e+00   2.0246922e+00   2.0791840e+00   1.8712014e+00   1.8125945e+00   1.9529116e+00   2.0691847e+00
   2.0950023e+00   2.1983703e+00   2.3382171e+00   2.4599488e+00   2.5784276e+00   2.6630328e+00   2.7942218e+00   2.8631226e+00   2.9621796e+00   3.0758315e+00   3.2011799e+00   3.2907808e+00   3.4001221e+00   3.4745687e+00   3.5603516e+00   3.6352002e+00   3.6940422e+00   3.7458446e+00   3.7996136e+00   3.8735365e+00   3.9788667e+00   4.2491166e+00   4.0366741e+00   3.9177320e+00   0.0000000e+00   0.0000000e+00   0.0000000e+00   0.0000000e+00   0.0000000e+00   0.0000000e+00   0.0000000e+00   0.0000000e+00   0.0000000e+00   0.0000000e+00   0.0000000e+00   0.0000000e+00   0.0000000e+00   0.0000000e+00   0.0000000e+00   0.0000000e+00   0.0000000e+00   3.0468111e+00   3.2501498e+00   3.1868585e+00   3.2066302e+00   3.0309447e+00   0.0000000e+00   0.0000000e+00   0.0000000e+00   0.0000000e+00   0.0000000e+00   0.0000000e+00   0.0000000e+00   0.0000000e+00   0.0000000e+00   0.0000000e+00   0.0000000e+00   0.0000000e+00   0.0000000e+00   0.0000000e+00   0.0000000e+00   0.0000000e+00   0.0000000e+00   0.0000000e+00   1.8538017e+00   1.8966554e+00   2.0978886e+00   2.2406441e+00   2.0464283e+00   1.7757165e+00   1.8294426e+00   1.9640600e+00
   2.0194158e+00   2.1672855e+00   2.3713343e+00   2.5135350e+00   2.6441298e+00   2.7145806e+00   2.8304837e+00   2.9169054e+00   3.0309673e+00   3.1657724e+00   3.2589564e+00   3.3529108e+00   3.4169582e+00   3.5252560e+00   3.5794572e+00   3.7152863e+00   3.7369767e+00   3.8091489e+00   3.8142071e+00   3.9501264e+00   4.0563038e+00   4.4777231e+00   3.8379299e+00   3.5574520e+00   0.0000000e+00   0.0000000e+00   0.0000000e+00   0.0000000e+00   0.0000000e+00   0.0000000e+00   0.0000000e+00   0.0000000e+00   0.0000000e+00   0.0000000e+00   0.0000000e+00   0.0000000e+00   0.0000000e+00   0.0000000e+00   0.0000000e+00   0.0000000e+00   0.0000000e+00   0.0000000e+00   2.9367727e+00   3.0829391e+00   3.0477005e+00   2.8564834e+00   2.6471649e+00   0.0000000e+00   0.0000000e+00   0.0000000e+00   0.0000000e+00   0.0000000e+00   0.0000000e+00   0.0000000e+00   0.0000000e+00   0.0000000e+00   0.0000000e+00   0.0000000e+00   0.0000000e+00   0.0000000e+00   0.0000000e+00   0.0000000e+00   0.0000000e+00   0.0000000e+00   1.9184645e+00   1.8791647e+00   2.1596194e+00   2.3467567e+00   2.1546799e+00   1.7221618e+00   1.7333303e+00   1.8404957e+00
   1.9217274e+00   2.0987843e+00   2.3110802e+00   2.4523717e+00   2.5385246e+00   2.6080363e+00   2.6977502e+00   2.7979913e+00   2.9001287e+00   3.0214043e+00   3.1044854e+00   3.1782264e+00   3.2520550e+00   3.3354021e+00   3.4090513e+00   3.5547769e+00   3.5853054e+00   3.6806180e+00   3.6426909e+00   3.8547454e+00   3.9847447e+00   0.0000000e+00   2.8279734e+00   2.7718732e+00   0.0000000e+00   0.0000000e+00   0.0000000e+00   0.0000000e+00   0.0000000e+00   0.0000000e+00   0.0000000e+00   0.0000000e+00   0.0000000e+00   0.0000000e+00   0.0000000e+00   0.0000000e+00   0.0000000e+00   0.0000000e+00   0.0000000e+00   0.0000000e+00   0.0000000e+00   0.0000000e+00   0.0000000e+00   0.0000000e+00   2.8175918e+00   2.7622506e+00   2.3871993e+00   0.0000000e+00   0.0000000e+00   0.0000000e+00   0.0000000e+00   0.0000000e+00   0.0000000e+00   0.0000000e+00   0.0000000e+00   0.0000000e+00   0.0000000e+00   0.0000000e+00   0.0000000e+00   0.0000000e+00   0.0000000e+00   0.0000000e+00   0.0000000e+00   0.0000000e+00   0.0000000e+00   1.7494322e+00   2.0749149e+00   0.0000000e+00   0.0000000e+00   1.6039277e+00   1.5999102e+00   1.7045930e+00
   1.7747737e+00   1.9962225e+00   2.1402865e+00   2.2630611e+00   2.3121306e+00   2.3550226e+00   2.4445855e+00   2.4853580e+00   2.5605966e+00   2.6670269e+00   2.7334589e+00   2.8273679e+00   2.8901110e+00   2.9661339e+00   3.0874564e+00   3.1339492e+00   3.2813116e+00   3.2658897e+00   3.3972226e+00   3.3729785e+00   3.1456898e+00   0.0000000e+00   2.1059558e+00   1.9097662e+00   1.7807940e+00   0.0000000e+00   0.0000000e+00   0.0000000e+00   0.0000000e+00   0.0000000e+00   0.0000000e+00   0.0000000e+00   0.0000000e+00   0.0000000e+00   0.0000000e+00   0.0000000e+00   0.0000000e+00   0.0000000e+00   0.0000000e+00   0.0000000e+00   0.0000000e+00   0.0000000e+00   0.0000000e+00   0.0000000e+00   0.0000000e+00   2.0553654e+00   2.0553654e+00   0.0000000e+00   0.0000000e+00   0.0000000e+00   0.0000000e+00   0.0000000e+00   0.0000000e+00   0.0000000e+00   0.0000000e+00   0.0000000e+00   0.0000000e+00   0.0000000e+00   0.0000000e+00   0.0000000e+00   0.0000000e+00   0.0000000e+00   0.0000000e+00   0.0000000e+00   0.0000000e+00   1.4808298e+00   1.7048598e+00   1.3458040e+00   0.0000000e+00   1.5842385e+00   1.4799661e+00   1.5934799e+00
   1.6198576e+00   1.7908492e+00   1.8738938e+00   1.9411752e+00   1.9410403e+00   1.9334762e+00   1.9800265e+00   1.9748939e+00   2.0773727e+00   2.1492612e+00   2.2163353e+00   2.3211028e+00   2.3159713e+00   2.4737881e+00   2.5343608e+00   2.6078664e+00   2.7858995e+00   2.7414322e+00   3.0692513e+00   2.9252208e+00   2.6547315e+00   0.0000000e+00   1.4832442e+00   1.4026987e+00   1.5262569e+00   0.0000000e+00   0.0000000e+00   0.0000000e+00   0.0000000e+00   0.0000000e+00   0.0000000e+00   0.0000000e+00   0.0000000e+00   0.0000000e+00   0.0000000e+00   0.0000000e+00   0.0000000e+00   0.0000000e+00   0.0000000e+00   0.0000000e+00   0.0000000e+00   0.0000000e+00   0.0000000e+00   0.0000000e+00   0.0000000e+00   0.0000000e+00   0.0000000e+00   0.0000000e+00   0.0000000e+00   0.0000000e+00   0.0000000e+00   0.0000000e+00   0.0000000e+00   0.0000000e+00   0.0000000e+00   0.0000000e+00   0.0000000e+00   0.0000000e+00   0.0000000e+00   0.0000000e+00   0.0000000e+00   0.0000000e+00   0.0000000e+00   0.0000000e+00   9.3307201e-01   1.1601328e+00   1.3176261e+00   1.2803078e+00   1.4578646e+00   1.5890258e+00   1.5125535e+00   1.5014363e+00
   1.4851640e+00   1.6400975e+00   1.6855927e+00   1.6324405e+00   1.5760325e+00   1.4625146e+00   1.4717965e+00   1.5014519e+00   1.4722645e+00   1.5554698e+00   1.5713569e+00   1.5137535e+00   1.6385501e+00   1.7260796e+00   1.7874055e+00   2.0034839e+00   2.0345450e+00   2.1236655e+00   2.3163470e+00   2.0984543e+00   0.0000000e+00   0.0000000e+00   1.2992995e+00   1.1121731e+00   1.3598206e+00   1.5602826e+00   1.7523128e+00   1.9508977e+00   1.8759328e+00   1.8173731e+00   1.8898696e+00   1.7588675e+00   1.6438769e+00   1.6023492e+00   1.5385814e+00   0.0000000e+00   0.0000000e+00   0.0000000e+00   0.0000000e+00   0.0000000e+00   0.0000000e+00   0.0000000e+00   0.0000000e+00   0.0000000e+00   0.0000000e+00   0.0000000e+00   0.0000000e+00   0.0000000e+00   0.0000000e+00   0.0000000e+00   0.0000000e+00   0.0000000e+00   0.0000000e+00   0.0000000e+00   0.0000000e+00   0.0000000e+00   0.0000000e+00   0.0000000e+00   0.0000000e+00   0.0000000e+00   0.0000000e+00   0.0000000e+00   0.0000000e+00   4.4697096e-01   6.7090037e-01   8.6779479e-01   1.0552281e+00   1.2055325e+00   1.3839421e+00   1.4070595e+00   1.3232395e+00   1.3147186e+00
   1.1327516e+00   1.0079994e+00   0.0000000e+00   0.0000000e+00   0.0000000e+00   0.0000000e+00   0.0000000e+00   8.4236287e-01   9.0343813e-01   9.9694300e-01   9.5049268e-01   8.7087015e-01   1.0885169e+00   1.2685210e+00   1.2119920e+00   1.2430199e+00   1.4321201e+00   1.1646682e+00   0.0000000e+00   0.0000000e+00   0.0000000e+00   0.0000000e+00   7.3231337e-01   9.7564912e-01   1.1154111e+00   1.4216956e+00   1.4861230e+00   1.5408246e+00   1.4689285e+00   1.2552992e+00   0.0000000e+00   9.1461066e-01   8.5249561e-01   9.0947836e-01   9.3162696e-01   0.0000000e+00   0.0000000e+00   0.0000000e+00   0.0000000e+00   0.0000000e+00   0.0000000e+00   0.0000000e+00   0.0000000e+00   0.0000000e+00   0.0000000e+00   0.0000000e+00   0.0000000e+00   0.0000000e+00   0.0000000e+00   0.0000000e+00   0.0000000e+00   0.0000000e+00   0.0000000e+00   0.0000000e+00   0.0000000e+00   0.0000000e+00   0.0000000e+00   0.0000000e+00   0.0000000e+00   0.0000000e+00   0.0000000e+00   0.0000000e+00   0.0000000e+00   4.3128798e-01   6.2220727e-01   7.7039009e-01   8.5603706e-01   9.5369645e-01   1.1357897e+00   9.0898200e-01   7.1029397e-01   9.0749266e-01
   0.0000000e+00   0.0000000e+00   0.0000000e+00   0.0000000e+00   0.0000000e+00   0.0000000e+00   0.0000000e+00   0.0000000e+00   0.0000000e+00   0.0000000e+00   0.0000000e+00   0.0000000e+00   0.0000000e+00   0.0000000e+00   1.1413843e+00   1.1530485e+00   0.0000000e+00   0.0000000e+00   0.0000000e+00   4.4195137e-01   4.4231091e-01   5.3774427e-01   5.7980896e-01   8.2149039e-01   7.8200038e-01   0.0000000e+00   0.0000000e+00   0.0000000e+00   0.0000000e+00   0.0000000e+00   0.0000000e+00   0.0000000e+00   0.0000000e+00   0.0000000e+00   0.0000000e+00   0.0000000e+00   0.0000000e+00   0.0000000e+00   0.0000000e+00   0.0000000e+00   0.0000000e+00   0.0000000e+00   0.0000000e+00   0.0000000e+00   0.0000000e+00   0.0000000e+00   0.0000000e+00   0.0000000e+00   0.0000000e+00   0.0000000e+00   0.0000000e+00   0.0000000e+00   0.0000000e+00   0.0000000e+00   0.0000000e+00   0.0000000e+00   0.0000000e+00   0.0000000e+00   0.0000000e+00   0.0000000e+00   0.0000000e+00   0.0000000e+00   0.0000000e+00   0.0000000e+00   9.5362243e-01   9.6304680e-01   7.2350358e-01   4.5151456e-01   0.0000000e+00   0.0000000e+00   0.0000000e+00   0.0000000e+00
   0.0000000e+00   0.0000000e+00   0.0000000e+00   0.0000000e+00   0.0000000e+00   0.0000000e+00   0.0000000e+00   0.0000000e+00   0.0000000e+00   0.0000000e+00   0.0000000e+00   0.0000000e+00   0.0000000e+00   0.0000000e+00   0.0000000e+00   6.6042019e-01   7.6192256e-01   7.6590040e-01   5.9215749e-01   4.7194919e-01   4.5152429e-01   4.4216024e-01   4.0559605e-01   0.0000000e+00   0.0000000e+00   0.0000000e+00   0.0000000e+00   0.0000000e+00   0.0000000e+00   0.0000000e+00   0.0000000e+00   0.0000000e+00   0.0000000e+00   0.0000000e+00   0.0000000e+00   0.0000000e+00   0.0000000e+00   0.0000000e+00   0.0000000e+00   0.0000000e+00   0.0000000e+00   0.0000000e+00   0.0000000e+00   0.0000000e+00   0.0000000e+00   0.0000000e+00   0.0000000e+00   0.0000000e+00   0.0000000e+00   0.0000000e+00   0.0000000e+00   0.0000000e+00   0.0000000e+00   0.0000000e+00   0.0000000e+00   0.0000000e+00   0.0000000e+00   0.0000000e+00   0.0000000e+00   0.0000000e+00   0.0000000e+00   0.0000000e+00   0.0000000e+00   7.8836201e-01   6.5367084e-01   6.3563882e-01   6.7216847e-01   7.2728091e-01   7.4467606e-01   4.9773816e-01   3.6641747e-01   0.0000000e+00
   6.0283892e-01   5.3333586e-01   5.6154500e-01   6.9849384e-01   7.4826986e-01   7.2413592e-01   6.7536022e-01   6.8011545e-01   7.1352412e-01   7.5425301e-01   8.1383268e-01   8.2081300e-01   7.3730806e-01   6.5292300e-01   6.2878385e-01   5.7482511e-01   5.1224521e-01   4.6615544e-01   4.0990000e-01   3.3959878e-01   2.8512667e-01   2.0576415e-01   8.6808009e-02   1.2585632e-01   0.0000000e+00   0.0000000e+00   0.0000000e+00   0.0000000e+00   0.0000000e+00   0.0000000e+00   0.0000000e+00   0.0000000e+00   0.0000000e+00   0.0000000e+00   0.0000000e+00   0.0000000e+00   0.0000000e+00   0.0000000e+00   0.0000000e+00   0.0000000e+00   0.0000000e+00   0.0000000e+00   0.0000000e+00   0.0000000e+00   0.0000000e+00   0.0000000e+00   0.0000000e+00   0.0000000e+00   0.0000000e+00   0.0000000e+00   0.0000000e+00   0.0000000e+00   0.0000000e+00   0.0000000e+00   0.0000000e+00   0.0000000e+00   0.0000000e+00   0.0000000e+00   0.0000000e+00   0.0000000e+00   0.0000000e+00   0.0000000e+00   0.0000000e+00   7.9656120e-01   6.9620200e-01   6.0792893e-01   5.8340307e-01   6.3475553e-01   6.9434681e-01   6.8000928e-01   5.8837831e-01   5.9326697e-01
