   4.0935756e+00
   4.1227176e+00
   3.9286457e+00
   4.0748659e+00
   3.5732359e+00
   3.1333747e+00
   2.7844948e+00
   2.6873632e+00
   2.8071676e+00
   3.1619472e+00
   3.4900518e+00
   3.7124098e+00
   3.6394554e+00
   3.4595186e+00
   3.2319362e+00
   2.8668541e+00
   2.4850388e+00
   2.0127631e+00
   1.2533127e+00
   4.2729760e-01
  -5.2760232e-01
  -1.6883141e+00
  -2.5192842e+00
  -3.3051528e+00
  -3.8808089e+00
  -3.5642066e+00
  -2.8180762e+00
  -1.7053329e+00
  -8.1398764e-01
  -1.2973605e-01
   2.6269540e-01
   2.1155002e-01
  -9.6622110e-02
  -6.5023876e-01
  -1.1277790e+00
  -1.3931365e+00
  -1.4030487e+00
  -1.1461589e+00
  -7.1037876e-01
  -1.0242125e-01
   3.5747307e-01
   7.3827175e-01
   1.0801275e+00
   1.3069195e+00
   1.5174634e+00
   1.7957273e+00
   2.0641495e+00
   2.3823156e+00
   2.7758806e+00
   3.1333872e+00
   3.5144120e+00
   3.9302407e+00
   4.1128320e+00
   4.1210364e+00
   3.9110994e+00
   3.5671586e+00
   3.1245228e+00
   2.6139449e+00
   2.2811623e+00
   2.0215859e+00
   1.7174566e+00
   1.3872786e+00
   9.6485897e-01
   3.9998365e-01
   9.6121899e-03
  -1.5570234e-01
   9.6844773e-02
   6.8540553e-01
   1.5494493e+00
   2.8716736e+00
   3.8157223e+00
   4.0377599e+00
   4.2432102e+00
   3.4415550e+00
   2.4714438e+00
   1.6280915e+00
   1.3103128e+00
   1.1065115e+00
   8.2073359e-01
   5.8201485e-01
   4.2506481e-01
   3.6406873e-01
   4.2474058e-01
   5.6421603e-01
   7.5317829e-01
   7.4508838e-01
   5.8197161e-01
   3.8105602e-01
   3.7128053e-01
   4.4456236e-01
   4.2421153e-01
   1.9178977e-01
  -2.2814471e-01
  -8.4342202e-01
  -1.3363626e+00
  -1.7971713e+00
  -2.2960606e+00
  -2.1445766e+00
  -1.4008855e+00
  -1.2889337e-01
   8.2615324e-01
   1.4916908e+00
   1.9680464e+00
   2.1575265e+00
   2.0622407e+00
   1.4233274e+00
   6.5906359e-01
   2.2682087e-01
   5.5791090e-01
   1.1799616e+00
   1.6402922e+00
   1.8106308e+00
   1.8996100e+00
   2.1397597e+00
   2.2879487e+00
   2.0908339e+00
   1.7377957e+00
   1.5378048e+00
   1.7537436e+00
   2.1191389e+00
   2.3961168e+00
   2.5829555e+00
   3.1240681e+00
   4.5103795e+00
   5.2569343e+00
   3.6843235e+00
   5.2836682e+00
   4.0273108e+00
   2.7763459e+00
   1.8104497e+00
   1.4488634e+00
   1.2429848e+00
   9.6603324e-01
   6.0499739e-01
   7.7241417e-02
  -6.8858040e-01
  -1.0584128e+00
  -8.2916151e-01
   3.3407988e-01
   1.6859532e+00
   2.9767184e+00
   4.1170519e+00
   4.4605852e+00
   4.5475825e+00
   2.3414544e+00
   1.6842966e+00
   1.1089108e+00
   7.5126901e-01
   5.6061477e-01
   3.4392202e-01
   1.3307735e-01
   4.9592878e-02
  -2.3879265e-03
  -5.7242445e-02
  -9.0941918e-02
  -1.4262059e-01
  -2.3458710e-01
  -2.7706978e-01
  -3.3667301e-01
  -5.5000957e-01
  -7.3909155e-01
  -6.1394418e-01
  -8.8329687e-02
   9.3719254e-02
  -6.0430463e-02
  -2.6065517e-01
  -2.2956429e-01
  -4.0588421e-01
  -9.9136991e-01
  -1.1515204e+00
  -6.2259835e-01
   2.8205792e-01
   6.5542009e-01
   8.2064545e-01
   1.0669916e+00
   1.2323642e+00
   1.2690735e+00
   1.2538584e+00
   1.1581308e+00
   8.9508961e-01
   6.1836757e-01
   6.8141334e-01
   9.2848485e-01
   1.2515059e+00
   1.6556764e+00
   2.1159194e+00
   2.2000071e+00
   1.7507502e+00
   1.2826054e+00
   1.2073263e+00
   1.3405238e+00
   1.3824278e+00
   1.4327921e+00
   1.7300429e+00
   2.3300151e+00
   3.3272922e+00
   3.9299320e+00
   3.8024640e+00
   2.7249299e+00
   1.7144159e+00
   1.0204228e+00
   6.3679038e-01
   4.8716459e-01
   3.5335436e-01
   1.9947789e-01
   1.1230949e-01
   3.2875332e-02
  -1.9539499e-01
  -4.4166932e-01
  -4.4357604e-01
   1.5720878e-01
   8.7257412e-01
   1.4374190e+00
   1.9094753e+00
   2.2366604e+00
   2.4929461e+00
   1.1606610e+00
   8.7312699e-01
   5.8109712e-01
   2.6127216e-01
   9.6670296e-02
  -8.5081351e-02
  -2.8604049e-01
  -3.3905819e-01
  -3.9722563e-01
  -4.5033240e-01
  -3.6975417e-01
  -2.9136836e-01
  -2.5741956e-01
  -2.1509846e-01
  -3.1440056e-01
  -6.5125245e-01
  -8.7048984e-01
  -8.4636745e-01
  -5.9996536e-01
  -2.6655591e-01
  -1.7746153e-01
  -3.5141064e-01
  -2.5755329e-01
  -4.6394197e-02
  -2.2194900e-01
  -4.3955692e-01
  -3.6570842e-01
  -8.0049581e-02
   8.0332664e-02
   2.5145149e-01
   5.8958474e-01
   7.8961632e-01
   7.8478995e-01
   7.9221478e-01
   8.6262056e-01
   6.6578279e-01
   2.3342100e-01
   3.7594328e-01
   8.9443954e-01
   1.2863307e+00
   1.5528796e+00
   1.9235741e+00
   1.9032268e+00
   1.3248871e+00
   8.5026146e-01
   7.7647380e-01
   6.9713477e-01
   4.7891612e-01
   5.5942555e-01
   9.9169811e-01
   1.3699833e+00
   1.5583499e+00
   1.5827262e+00
   1.3785120e+00
   7.9525943e-01
   3.7878151e-01
   1.5371984e-01
  -4.3672210e-02
  -1.3740498e-01
  -1.4781085e-01
  -2.1861743e-01
  -2.7273410e-01
  -2.0755251e-01
  -2.7043398e-01
  -6.1131090e-01
  -8.5047211e-01
  -5.1821225e-01
   5.6808614e-03
   5.1260267e-01
   1.1517979e+00
   1.4648272e+00
   1.5227580e+00
   6.7147568e-01
   4.6914761e-01
   2.3238216e-01
  -3.0601052e-02
  -2.0633268e-01
  -3.7527745e-01
  -5.0392400e-01
  -5.2480138e-01
  -5.2647887e-01
  -4.5926907e-01
  -3.5563485e-01
  -2.8417406e-01
  -1.7757076e-01
  -1.1735513e-01
  -1.5732083e-01
  -2.3355306e-01
  -4.2297584e-01
  -6.4173716e-01
  -7.7360575e-01
  -7.5695160e-01
  -5.1239814e-01
  -2.7463157e-01
  -3.0483340e-01
  -3.4683312e-01
  -1.1185029e-02
   2.0561966e-01
   7.9095526e-02
  -1.6066065e-01
  -2.4041511e-01
  -2.4158148e-01
   6.8593882e-02
   4.7436976e-01
   5.3456398e-01
   3.7807390e-01
   4.4185510e-01
   4.0429216e-01
   2.8404616e-01
   5.2342312e-01
   7.6419494e-01
   7.2413490e-01
   7.8659189e-01
   9.7897941e-01
   9.4840023e-01
   6.0405037e-01
   2.5760410e-01
   1.1149914e-01
   6.6172824e-02
  -4.4017533e-02
  -7.7640263e-03
   1.8379460e-01
   2.8875581e-01
   2.7463796e-01
   1.7958675e-01
   4.5191452e-03
  -1.6802192e-01
  -2.9061513e-01
  -3.9610506e-01
  -4.1966601e-01
  -4.2593337e-01
  -3.9895427e-01
  -3.6044889e-01
  -3.9207203e-01
  -3.5629068e-01
  -3.8094698e-01
  -6.5175747e-01
  -8.6242818e-01
  -8.2964608e-01
  -5.5395721e-01
   1.3530939e-01
   9.7473315e-01
   1.1936670e+00
   1.0153742e+00
   4.1545440e-01
   2.0453894e-01
   2.5847945e-03
  -2.4669341e-01
  -4.2430081e-01
  -5.4880348e-01
  -6.2378964e-01
  -6.0931677e-01
  -5.2467821e-01
  -4.0191252e-01
  -2.8195910e-01
  -1.5866953e-01
  -4.7578823e-02
   1.0679508e-02
  -3.0435932e-02
  -1.1258476e-01
  -1.5241304e-01
  -2.9024702e-01
  -5.9599521e-01
  -9.0699132e-01
  -8.5430841e-01
  -4.4303551e-01
  -4.0936838e-01
  -4.7304991e-01
  -2.9845633e-01
   1.2609677e-01
   5.0237785e-01
   3.1113768e-01
  -1.0260811e-02
  -3.3674007e-01
  -4.4133956e-01
   9.8534164e-02
   3.9781937e-01
   2.2316569e-01
   2.4892359e-01
   2.1852678e-01
   2.3883788e-01
   4.1250843e-01
   4.2353789e-01
   3.6331991e-01
   3.2134969e-01
   2.8607234e-01
   1.9637688e-01
  -3.8391178e-02
  -2.1297439e-01
  -2.9068285e-01
  -3.4225362e-01
  -3.3838647e-01
  -3.4386005e-01
  -3.2588454e-01
  -2.9015576e-01
  -3.6028786e-01
  -4.5543395e-01
  -5.2357210e-01
  -5.4621076e-01
  -5.5179846e-01
  -6.2333049e-01
  -7.0436067e-01
  -5.8924742e-01
  -4.0056627e-01
  -3.6952701e-01
  -3.9351549e-01
  -3.5859586e-01
  -4.3792548e-01
  -6.2099927e-01
  -7.8070036e-01
  -8.8825198e-01
  -4.5362394e-01
   4.5589636e-01
   9.0333779e-01
   8.6215223e-01
   6.8378778e-01
   2.1276082e-01
   4.1712856e-02
  -1.6552502e-01
  -3.8621976e-01
  -5.1921922e-01
  -6.0934206e-01
  -6.0755449e-01
  -5.4883117e-01
  -4.3230169e-01
  -2.6870711e-01
  -1.3716854e-01
  -2.7755399e-03
   9.1439876e-02
   1.1992192e-01
   4.6921500e-02
  -5.7318561e-02
  -1.2932529e-01
  -1.3812196e-01
  -2.0090913e-01
  -5.7446926e-01
  -8.2201449e-01
  -6.0030300e-01
  -5.5860905e-01
  -5.6004008e-01
  -4.4084498e-01
  -2.6380476e-01
   3.9956233e-01
   6.9274278e-01
  -1.4012186e-01
  -6.2055745e-01
  -5.7523539e-01
  -2.1074350e-01
   1.8526709e-01
   1.0893381e-01
   6.2630198e-02
   7.0319610e-02
   1.3439926e-01
   2.3110409e-01
   1.6873925e-01
   1.0409977e-01
  -4.6913407e-03
  -8.5603777e-02
  -1.7991757e-01
  -3.0076586e-01
  -3.6643319e-01
  -5.0516995e-01
  -5.2237561e-01
  -4.6149957e-01
  -4.7187875e-01
  -5.2116571e-01
  -5.4515830e-01
  -6.1520063e-01
  -6.1317080e-01
  -5.1324096e-01
  -5.8381913e-01
  -6.1874086e-01
  -7.1602167e-01
  -9.1627286e-01
  -6.3183673e-01
  -3.1705114e-01
  -3.5262593e-01
  -3.7184716e-01
  -3.4097379e-01
  -4.7279818e-01
  -5.5162494e-01
  -4.5975959e-01
  -2.7363115e-01
   1.5112254e-01
   5.2353843e-01
   5.1954971e-01
   5.2335470e-01
   4.2737385e-01
   6.3937933e-02
  -8.5469800e-02
  -3.0425217e-01
  -4.6835736e-01
  -5.8538811e-01
  -5.9732738e-01
  -5.4309571e-01
  -4.3710615e-01
  -2.9719638e-01
  -1.1976847e-01
   2.9646188e-02
   1.4594190e-01
   2.1225813e-01
   1.7435747e-01
   1.0142874e-01
  -5.2084003e-02
  -1.1783536e-01
  -1.6971669e-01
  -3.8839052e-02
  -1.6858590e-01
  -4.5837279e-01
  -7.0412784e-01
  -6.9658937e-01
  -6.2689579e-01
  -4.8105552e-01
  -3.3746107e-01
   1.1925127e-01
   6.0250326e-01
  -2.1766509e-01
  -5.3223603e-01
  -4.2404912e-01
  -3.9993209e-01
  -1.7670976e-02
  -7.1228865e-02
  -1.1220427e-01
  -6.5939355e-02
  -8.1736169e-03
   2.0477589e-02
  -5.9354730e-02
  -1.0843644e-01
  -2.1333770e-01
  -2.9326004e-01
  -3.6330392e-01
  -4.2808028e-01
  -4.2803782e-01
  -7.0292682e-01
  -7.0817395e-01
  -4.3491753e-01
  -4.7269829e-01
  -5.6845257e-01
  -5.7078055e-01
  -4.5411856e-01
  -3.5017355e-01
  -1.8483225e-01
  -4.1016358e-01
  -5.3405998e-01
  -6.0485628e-01
  -7.1503276e-01
  -4.3084269e-01
  -3.4312612e-01
  -3.6913677e-01
  -3.4026169e-01
  -3.2107733e-01
  -4.4641795e-01
  -3.9465571e-01
  -2.0361557e-01
  -2.0985468e-01
  -1.8070081e-02
   2.1714561e-01
   3.2303844e-01
   3.4543451e-01
   2.5378487e-01
  -1.7626843e-01
  -3.3005657e-01
  -5.0812964e-01
  -6.3172773e-01
  -6.8107634e-01
  -6.1993559e-01
  -4.9636910e-01
  -3.4774228e-01
  -1.8671920e-01
   4.4033951e-03
   1.4951380e-01
   2.4442579e-01
   2.6267966e-01
   1.8708905e-01
   1.0945030e-01
  -6.1725765e-02
  -1.4235565e-01
  -1.9151232e-01
  -9.9726831e-02
  -1.4413238e-02
  -1.2020196e-01
  -6.2446075e-01
  -8.2603524e-01
  -6.4913928e-01
  -4.4325636e-01
  -2.7750639e-01
  -1.2402343e-02
   3.4596709e-01
  -2.4234296e-01
  -3.1808874e-01
  -2.3151832e-01
  -5.0780423e-01
  -1.9299893e-01
  -2.3862541e-01
  -2.3167465e-01
  -2.2488354e-01
  -1.5310400e-01
  -1.4119191e-01
  -1.9994982e-01
  -2.8617407e-01
  -3.5252056e-01
  -4.3814992e-01
  -4.6909138e-01
  -5.0492308e-01
  -4.7257648e-01
  -7.4683895e-01
  -7.9500383e-01
  -4.7678527e-01
  -4.9707363e-01
  -5.5852553e-01
  -3.8530232e-01
  -1.4047134e-01
  -1.8319252e-01
  -2.4391123e-01
  -3.4576189e-01
  -3.7731674e-01
  -5.0721353e-01
  -4.9687112e-01
  -3.5868270e-01
  -4.4310546e-01
  -3.6983405e-01
  -2.7594003e-01
  -3.0011210e-01
  -3.3984603e-01
  -1.9591335e-01
  -1.2143287e-01
  -1.5928661e-01
   1.3519877e-01
   3.2714188e-01
   2.9899690e-01
   1.5194588e-01
   2.4669612e-02
  -4.9333682e-01
  -6.1851143e-01
  -7.2119192e-01
  -7.8523800e-01
  -7.4147678e-01
  -6.2169975e-01
  -4.2234671e-01
  -2.5308607e-01
  -6.8620399e-02
   1.0970550e-01
   2.3214534e-01
   2.8847418e-01
   2.5491798e-01
   1.7158262e-01
   6.9127068e-02
  -8.1304400e-02
  -1.7960616e-01
  -1.9743690e-01
  -1.6161476e-01
  -5.2956831e-02
   2.1039385e-02
  -2.9315177e-01
  -8.4826645e-01
  -7.7740419e-01
  -3.7904243e-01
  -2.4914678e-01
  -9.4530004e-02
   1.3748406e-01
  -2.4821293e-01
  -2.2793240e-01
  -2.1193629e-01
  -5.1880289e-01
  -3.1021563e-01
  -5.0175864e-01
  -4.3814261e-01
  -4.1063017e-01
  -2.7672601e-01
  -2.0993983e-01
  -3.1628991e-01
  -4.3923298e-01
  -4.8148808e-01
  -5.4858039e-01
  -5.5023474e-01
  -5.3751555e-01
  -4.8231751e-01
  -5.9441433e-01
  -5.8346416e-01
  -4.3082514e-01
  -5.5399639e-01
  -4.6009274e-01
  -1.3217629e-01
  -8.2725825e-02
  -2.6107258e-01
  -3.9417233e-01
  -3.6659622e-01
  -3.1439719e-01
  -3.7553135e-01
  -3.1165841e-01
  -2.2234635e-01
  -2.9454250e-01
  -3.6666067e-01
  -1.9980429e-01
  -2.3489128e-01
  -1.6526122e-01
  -5.3545891e-02
  -1.1559248e-01
   7.0717352e-02
   2.5662837e-01
   2.3654834e-01
   1.3087648e-01
  -1.1933839e-01
  -2.9465426e-01
  -7.4877166e-01
  -8.1000368e-01
  -8.5023664e-01
  -8.3094349e-01
  -7.1982267e-01
  -5.5014679e-01
  -3.1828371e-01
  -1.3730054e-01
   4.6205309e-02
   1.9716896e-01
   2.7730641e-01
   2.8097375e-01
   2.1726602e-01
   1.1939253e-01
   1.9776002e-02
  -1.2355186e-01
  -1.9397460e-01
  -2.0012990e-01
  -1.5983311e-01
  -8.3149281e-02
  -2.1925837e-02
  -1.2743146e-03
  -5.6451070e-01
  -8.6263193e-01
  -4.2095732e-01
  -2.3855599e-01
  -1.8301536e-01
  -5.5943732e-02
  -2.9496733e-01
  -2.9790818e-01
  -4.2355887e-01
  -6.7535137e-01
  -5.9491144e-01
  -8.0641747e-01
  -6.3264449e-01
  -5.8886491e-01
  -4.3129936e-01
  -3.0964570e-01
  -4.6910976e-01
  -5.7450441e-01
  -5.7024449e-01
  -5.9628586e-01
  -5.6867281e-01
  -5.0308510e-01
  -4.3463319e-01
  -4.4130748e-01
  -4.1417655e-01
  -4.1566959e-01
  -5.7257339e-01
  -2.9306048e-01
  -3.7287147e-02
  -2.4421632e-01
  -4.3013051e-01
  -5.0061876e-01
  -4.4618903e-01
  -3.4667231e-01
  -2.4378391e-01
  -1.1883296e-01
   4.4059729e-02
   1.9593563e-02
  -2.2197079e-01
  -1.2045597e-01
  -1.9503093e-01
  -2.1920885e-02
  -1.6920586e-03
   3.3960483e-02
   2.5850009e-01
   1.7385890e-01
   1.4970769e-01
  -1.2069215e-01
  -4.1967355e-01
  -6.0428634e-01
  -9.0913106e-01
  -9.0550566e-01
  -8.9457619e-01
  -7.9223877e-01
  -6.3757652e-01
  -4.3692133e-01
  -2.0501580e-01
  -2.4806650e-02
   1.3747722e-01
   2.5135008e-01
   2.8222379e-01
   2.4416676e-01
   1.5969887e-01
   6.1185251e-02
  -2.5934600e-02
  -1.3627320e-01
  -1.7448957e-01
  -1.6756286e-01
  -1.1911388e-01
  -5.8588775e-02
  -8.6603048e-03
   1.1403917e-01
  -1.0257689e-01
  -7.9901069e-01
  -4.1196004e-01
  -1.9942663e-01
  -2.9236156e-01
  -2.5818743e-01
  -3.9852392e-01
  -4.5532163e-01
  -6.9956075e-01
  -9.5627803e-01
  -9.5017552e-01
  -9.9286539e-01
  -7.2110594e-01
  -7.5132223e-01
  -6.1678292e-01
  -4.6774523e-01
  -6.4396619e-01
  -6.9246890e-01
  -6.1019560e-01
  -5.8626126e-01
  -5.1562742e-01
  -4.2246360e-01
  -3.5913839e-01
  -3.6961205e-01
  -4.2217032e-01
  -5.0831378e-01
  -4.6877487e-01
  -1.2757434e-01
  -1.1272415e-01
  -4.4185767e-01
  -5.7341293e-01
  -6.1114733e-01
  -5.3122961e-01
  -3.7418042e-01
  -2.1737006e-01
  -5.0203545e-02
   1.9303298e-01
   3.8053445e-01
   5.6812729e-02
  -9.9454357e-02
  -1.7834375e-01
   6.7429088e-02
   4.0671337e-02
   2.0686280e-01
   3.8868625e-01
   2.4296326e-01
   1.5088693e-01
  -4.2315255e-01
  -7.1493322e-01
  -8.6514972e-01
  -9.8431922e-01
  -9.2707945e-01
  -8.6839997e-01
  -7.0889906e-01
  -5.2821169e-01
  -3.2333476e-01
  -9.6558613e-02
   6.4790782e-02
   2.0070473e-01
   2.6363702e-01
   2.5976643e-01
   2.0107070e-01
   1.0654852e-01
   2.8450506e-02
  -4.1781945e-02
  -9.1818180e-02
  -1.0666007e-01
  -9.1371414e-02
  -4.7244049e-02
  -1.0860943e-02
   9.5033887e-02
   1.2317416e-01
   2.6000487e-01
  -6.8219297e-01
  -2.3789429e-01
  -1.4392447e-01
  -3.9577243e-01
  -4.8165842e-01
  -5.6978977e-01
  -6.3969323e-01
  -9.3882447e-01
  -1.1062668e+00
  -1.0584073e+00
  -1.0339045e+00
  -7.6794721e-01
  -9.0134153e-01
  -7.6216648e-01
  -5.9125906e-01
  -7.7948603e-01
  -7.8173374e-01
  -6.2863070e-01
  -5.4728948e-01
  -4.2962792e-01
  -3.3194592e-01
  -3.0510500e-01
  -3.5536490e-01
  -4.3438166e-01
  -5.0049189e-01
  -2.3438276e-01
  -4.2530367e-03
  -2.0899181e-01
  -5.3788136e-01
  -6.1322630e-01
  -6.5349034e-01
  -5.5299008e-01
  -3.7506708e-01
  -2.1114796e-01
  -2.4371202e-02
   2.0438283e-01
   7.0998037e-01
   3.0584562e-01
  -1.5278637e-01
  -1.0579394e-01
   1.2655247e-01
   1.0226078e-01
   2.0707998e-01
   5.3893872e-01
   4.2918940e-01
  -7.4647484e-02
  -7.1181434e-01
  -9.5852688e-01
  -1.0403506e+00
  -9.5339504e-01
  -8.6713957e-01
  -7.7370455e-01
  -5.9259442e-01
  -4.0941233e-01
  -2.1677769e-01
  -1.4923611e-04
   1.3466070e-01
   2.3529821e-01
   2.4752672e-01
   2.3098103e-01
   1.8261029e-01
   9.1558527e-02
   5.0200238e-02
   2.5651547e-02
   1.0080896e-02
   3.0425737e-02
   4.9803052e-02
   4.6126257e-02
   8.3502657e-02
   1.7792279e-01
   2.0377597e-01
   4.1915068e-01
  -5.0436292e-01
  -3.1368765e-01
  -2.5927859e-01
  -4.7304387e-01
  -6.8206258e-01
  -7.8300373e-01
  -8.9388217e-01
  -1.2606910e+00
  -1.0918650e+00
  -9.1566525e-01
  -1.0397129e+00
  -7.9757890e-01
  -9.7535283e-01
  -8.0027006e-01
  -6.0639603e-01
  -7.6019962e-01
  -7.5461210e-01
  -5.7595805e-01
  -4.5383538e-01
  -3.1763111e-01
  -2.6064508e-01
  -2.7003728e-01
  -3.3300231e-01
  -3.6948549e-01
  -2.9815799e-01
   1.4185386e-03
   5.3695798e-02
  -2.5037225e-01
  -5.4471925e-01
  -5.6738388e-01
  -5.7658542e-01
  -4.6394948e-01
  -3.1843928e-01
  -1.5999922e-01
   1.2025239e-05
   1.9627608e-01
   6.7968454e-01
   7.6910050e-01
   6.7145582e-02
   6.8136744e-02
   9.5493974e-02
  -2.8091290e-02
   2.6360832e-01
   6.5468259e-01
   1.3428847e-01
  -4.9539666e-01
  -9.5638336e-01
  -1.0832882e+00
  -1.0715976e+00
  -7.6958968e-01
  -6.8676165e-01
  -5.9692432e-01
  -4.3252931e-01
  -2.8132136e-01
  -1.1784665e-01
   7.6001698e-02
   1.8643833e-01
   2.5569935e-01
   2.6368730e-01
   2.6270433e-01
   2.3963909e-01
   1.9750405e-01
   1.8575712e-01
   1.8983286e-01
   2.1325101e-01
   2.2634791e-01
   2.1053473e-01
   1.8919117e-01
   1.9660700e-01
   2.3533966e-01
   3.4425402e-01
   6.6173506e-01
  -1.0162625e-01
  -8.0878891e-02
  -1.2455302e-01
  -3.7261423e-01
  -6.4235484e-01
  -7.1038308e-01
  -8.4524483e-01
  -1.0407305e+00
  -8.5267738e-01
  -6.9523055e-01
  -6.7073614e-01
  -6.6516021e-01
  -9.0605750e-01
  -6.5863476e-01
  -4.9938774e-01
  -5.9765793e-01
  -5.2397917e-01
  -3.7783860e-01
  -3.0388156e-01
  -2.2358248e-01
  -2.0580576e-01
  -2.2795352e-01
  -3.0192077e-01
  -1.9554336e-01
   4.1589033e-02
   1.1540293e-01
  -1.1766832e-01
  -3.6671007e-01
  -5.0461682e-01
  -4.9124869e-01
  -4.6360093e-01
  -3.3604421e-01
  -2.2189322e-01
  -9.1968278e-02
   5.0580799e-02
   2.3862122e-01
   6.1643838e-01
   8.9006367e-01
   3.4315328e-01
   7.1532419e-02
   1.0380484e-02
   1.0033371e-01
   5.8612863e-01
   5.3992591e-01
  -8.4930786e-02
  -5.8096977e-01
  -8.6855411e-01
  -9.2345913e-01
  -8.8404327e-01
  -5.6707855e-01
  -5.0848264e-01
  -4.4059355e-01
  -3.1051235e-01
  -1.8765658e-01
  -4.4754743e-02
   1.3287470e-01
   2.3629607e-01
   3.0416636e-01
   3.3884109e-01
   3.7135784e-01
   3.7874317e-01
   3.6525787e-01
   3.6663456e-01
   3.7832242e-01
   3.9532031e-01
   3.7838131e-01
   3.3351071e-01
   2.8675669e-01
   2.5993708e-01
   2.7093630e-01
   4.3598073e-01
   8.9903990e-01
   3.1471253e-01
  -5.4337481e-02
  -2.9686868e-01
  -4.5771127e-01
  -5.8995924e-01
  -5.5757317e-01
  -6.2170221e-01
  -6.6584428e-01
  -5.3057329e-01
  -2.8444846e-01
  -2.6459834e-01
  -5.2825059e-01
  -5.4401641e-01
  -2.5586937e-01
  -2.9711427e-01
  -3.8200661e-01
  -2.9100344e-01
  -2.7976506e-01
  -2.6378623e-01
  -1.9209733e-01
  -1.4552252e-01
  -1.8715507e-01
  -3.0944174e-01
  -1.3148154e-01
   1.1257204e-01
   9.0076214e-02
  -1.4303814e-01
  -3.5224215e-01
  -4.1902236e-01
  -3.6821703e-01
  -3.1372627e-01
  -1.9168792e-01
  -9.9538531e-02
   9.7397662e-03
   1.4484831e-01
   3.1486109e-01
   6.5096148e-01
   1.0224781e+00
   8.1333290e-01
   2.2701912e-01
   1.7290725e-01
   5.1604988e-01
   8.7342659e-01
   4.8167000e-01
  -1.2012019e-01
  -4.8405830e-01
  -6.5310917e-01
  -6.8211497e-01
  -6.4871362e-01
  -3.7231085e-01
  -3.4167074e-01
  -2.9674171e-01
  -1.9530067e-01
  -8.9799008e-02
   4.2270678e-02
   2.1264327e-01
   3.1860302e-01
   3.9737744e-01
   4.6450243e-01
   5.2554750e-01
   5.5473145e-01
   5.5482355e-01
   5.5784623e-01
   5.6265667e-01
   5.5083097e-01
   4.9836713e-01
   4.2537741e-01
   3.4591532e-01
   2.9114114e-01
   2.9348449e-01
   5.1300092e-01
   1.1123720e+00
   7.3633212e-01
  -7.5525702e-02
  -4.1452383e-01
  -4.1935651e-01
  -3.5190789e-01
  -1.5054312e-01
  -1.6358633e-01
  -2.5472112e-01
  -2.4431613e-01
   4.3291833e-02
   7.9809661e-02
  -4.0476747e-01
  -3.1873791e-01
   3.4626452e-02
  -9.0201601e-02
  -1.3059734e-01
  -1.2357428e-01
  -2.6855037e-01
  -2.3735639e-01
  -1.4277911e-01
  -9.3436579e-02
  -1.6055581e-01
  -2.1820166e-01
  -4.9799408e-03
   1.4777868e-01
   5.6861690e-02
  -1.3975345e-01
  -2.8930923e-01
  -2.8044169e-01
  -1.9709325e-01
  -1.2751295e-01
  -2.3996080e-02
   4.8284749e-02
   1.4225564e-01
   2.6851258e-01
   4.1730499e-01
   7.2574775e-01
   1.1128153e+00
   1.2114616e+00
   7.2993119e-01
   6.5524360e-01
   9.3703103e-01
   1.0290828e+00
   4.3999459e-01
  -5.8759781e-02
  -2.9652438e-01
  -4.0066306e-01
  -4.2775356e-01
  -4.1241891e-01
  -1.9147452e-01
  -1.8960785e-01
  -1.6626116e-01
  -8.5714909e-02
   1.2878288e-02
   1.4273846e-01
   3.1384867e-01
   4.2961950e-01
   5.2773408e-01
   6.2896601e-01
   7.1142596e-01
   7.5322183e-01
   7.5429772e-01
   7.4969355e-01
   7.3616198e-01
   6.7947806e-01
   5.8938703e-01
   4.8927294e-01
   3.7178330e-01
   2.9607695e-01
   3.0527180e-01
   5.7892726e-01
   1.2983217e+00
   1.1511411e+00
  -1.2136939e-01
  -4.4830497e-01
  -2.4785140e-01
   5.3920891e-02
   4.7818557e-01
   4.8736305e-01
   1.6546115e-01
  -6.9010586e-03
   2.6639009e-01
   3.5393381e-01
  -2.9743436e-01
  -2.5598861e-01
   1.8708012e-01
   1.0680019e-01
   1.4315647e-01
  -2.2285512e-02
  -3.2985043e-01
  -2.1392051e-01
  -7.1884625e-02
  -5.0890570e-02
  -1.4787203e-01
  -3.2480992e-02
   1.8774331e-01
   1.7418424e-01
   3.0404398e-02
  -1.2355803e-01
  -1.9482738e-01
  -9.9749654e-02
   1.0587311e-02
   8.4768527e-02
   1.5993426e-01
   2.1395245e-01
   2.9727199e-01
   4.1260664e-01
   5.3863865e-01
   8.2722995e-01
   1.1601660e+00
   1.5131865e+00
   1.5330731e+00
   1.4031383e+00
   1.3249499e+00
   1.0602243e+00
   4.0955660e-01
   7.4385565e-02
  -4.5778234e-02
  -1.3187362e-01
  -1.7527040e-01
  -1.8567174e-01
   5.6751391e-02
   4.5889997e-02
   6.7571423e-02
   1.5713562e-01
   2.6598600e-01
   4.0115006e-01
   5.7604328e-01
   7.0819340e-01
   8.2967016e-01
   9.4741234e-01
   1.0268976e+00
   1.0497257e+00
   1.0186221e+00
   9.7926767e-01
   9.1097145e-01
   7.7595652e-01
   6.2980679e-01
   4.8626020e-01
   3.2787004e-01
   2.5506971e-01
   3.0742446e-01
   6.8534522e-01
   1.5269705e+00
   1.7805657e+00
   8.1295309e-02
   4.2740388e-01
   9.7053328e-01
   1.2190852e+00
   1.0231399e+00
   6.0277530e-01
   9.2639420e-02
   1.7424255e-02
   4.4965866e-01
   8.1879846e-01
   4.6810342e-01
   3.1641137e-01
   4.3559297e-01
   3.4543648e-01
   2.8297862e-01
  -1.3829003e-01
  -2.1305324e-01
   2.6146457e-01
   7.4178325e-01
   3.6609822e-01
   1.9347814e-01
   5.1865493e-01
   4.4033492e-01
   1.7932787e-01
   5.4843740e-02
   6.1420747e-02
   1.5230993e-01
   3.2687581e-01
   4.3142270e-01
   4.6792378e-01
   4.8581167e-01
   5.2799042e-01
   6.0103793e-01
   7.0536340e-01
   8.1658178e-01
   1.0448447e+00
   1.3605101e+00
   1.7784292e+00
   2.1370522e+00
   2.0210793e+00
   1.5789598e+00
   1.1010829e+00
   6.1817904e-01
   4.7358862e-01
   3.6818045e-01
   2.2310813e-01
   1.4516077e-01
   1.0193066e-01
   2.1715237e-01
   2.1650752e-01
   2.4726099e-01
   3.4423605e-01
   4.5479456e-01
   5.8527087e-01
   7.5448966e-01
   8.9171906e-01
   1.0167359e+00
   1.1251621e+00
   1.1831745e+00
   1.1801192e+00
   1.1230373e+00
   1.0533972e+00
   9.4517003e-01
   7.6414135e-01
   5.8591828e-01
   4.2020647e-01
   2.5624054e-01
   2.0481307e-01
   3.0586787e-01
   7.7235722e-01
   1.6102774e+00
   1.9530535e+00
   7.2668989e-01
   1.2030777e+00
   1.2109305e+00
   1.1939440e+00
   1.1195347e+00
   7.7562414e-01
   1.0159874e-01
   6.5824202e-02
   5.8222849e-01
   9.7750569e-01
   6.6519460e-01
   3.3120177e-01
   6.1907054e-01
   5.1308511e-01
   2.2598830e-01
  -1.3446743e-01
   1.3628367e-02
   4.6122790e-01
   1.0491501e+00
   1.0367125e+00
   9.6711498e-01
   8.5979372e-01
   4.1899520e-01
   2.0848780e-01
   2.0623864e-01
   2.8899132e-01
   4.2393361e-01
   6.0534338e-01
   6.9578512e-01
   7.0144987e-01
   6.9474201e-01
   7.4574041e-01
   8.1980779e-01
   9.4185519e-01
   1.0512710e+00
   1.2262914e+00
   1.5595628e+00
   2.0288078e+00
   2.3653651e+00
   2.0636500e+00
   1.5736663e+00
   1.1832457e+00
   8.4051508e-01
   7.0240951e-01
   5.5637389e-01
   3.9102184e-01
   3.0926301e-01
   2.5980324e-01
   3.6887873e-01
   3.7863310e-01
   4.1552236e-01
   5.1590166e-01
   6.2627704e-01
   7.5085986e-01
   9.1071834e-01
   1.0477830e+00
   1.1713690e+00
   1.2682745e+00
   1.3045122e+00
   1.2763402e+00
   1.1933920e+00
   1.0926769e+00
   9.4423927e-01
   7.1947124e-01
   5.1512922e-01
   3.3287480e-01
   1.7075491e-01
   1.4909255e-01
   3.0715821e-01
   8.6154018e-01
   1.7085692e+00
   2.1828812e+00
   1.4252958e+00
   1.8287476e+00
   1.4214694e+00
   1.2181031e+00
   1.2429043e+00
   9.3726917e-01
   1.4625475e-01
   1.7965444e-01
   7.4161233e-01
   1.1172110e+00
   8.3735707e-01
   3.6760789e-01
   8.4038986e-01
   6.5727358e-01
   2.0086583e-01
  -8.7083781e-02
   1.8326215e-01
   6.1520074e-01
   1.2739576e+00
   1.4879203e+00
   1.4345405e+00
   9.8415886e-01
   4.1232850e-01
   2.8657400e-01
   3.7250202e-01
   5.0847011e-01
   6.7467762e-01
   8.6385604e-01
   9.4615072e-01
   9.2434647e-01
   8.8878106e-01
   9.4818221e-01
   1.0261090e+00
   1.1616371e+00
   1.2687755e+00
   1.3956547e+00
   1.7520867e+00
   2.2432843e+00
   2.5053154e+00
   2.0762453e+00
   1.6066179e+00
   1.2934600e+00
   1.0344371e+00
   8.8492266e-01
   7.0735361e-01
   5.3428632e-01
   4.5450502e-01
   4.0342841e-01
   5.6926365e-01
   5.9447744e-01
   6.3373140e-01
   7.3014524e-01
   8.3605756e-01
   9.4943258e-01
   1.0875596e+00
   1.2127457e+00
   1.3232265e+00
   1.3985611e+00
   1.4026076e+00
   1.3397785e+00
   1.2196344e+00
   1.0721830e+00
   8.6491605e-01
   5.8187921e-01
   3.5294410e-01
   1.5922287e-01
   1.6249378e-02
   5.6303199e-02
   3.1534537e-01
   9.9546069e-01
   1.8841184e+00
   2.6428569e+00
   2.5547127e+00
   2.4015099e+00
   1.6599709e+00
   1.3625067e+00
   1.4813698e+00
   1.1463984e+00
   2.9013417e-01
   4.8966981e-01
   1.0318556e+00
   1.2772709e+00
   1.0312465e+00
   4.6828954e-01
   1.2447692e+00
   8.1392751e-01
   2.3523481e-01
   7.8200494e-02
   3.0219700e-01
   7.3645239e-01
   1.4161348e+00
   1.6540789e+00
   1.4314971e+00
   6.8302269e-01
   4.3524716e-01
   5.0821251e-01
   6.4618891e-01
   8.0822744e-01
   9.9130968e-01
   1.1937867e+00
   1.2775127e+00
   1.2234186e+00
   1.1366190e+00
   1.2072587e+00
   1.2970753e+00
   1.4427036e+00
   1.5454912e+00
   1.6140044e+00
   2.0162934e+00
   2.4740703e+00
   2.5117716e+00
   2.0279423e+00
   1.7392109e+00
   1.5152718e+00
   1.2520893e+00
   1.0463412e+00
   8.4331004e-01
   6.8696328e-01
   6.2289442e-01
   5.7971623e-01
   7.2875609e-01
   7.5922355e-01
   7.9404647e-01
   8.7233144e-01
   9.6423086e-01
   1.0596273e+00
   1.1701007e+00
   1.2694018e+00
   1.3573838e+00
   1.4049869e+00
   1.3734263e+00
   1.2727443e+00
   1.0922449e+00
   8.8651808e-01
   6.2875080e-01
   3.1178592e-01
   8.5766950e-02
  -8.7687196e-02
  -1.5882026e-01
  -1.3216670e-02
   3.5724386e-01
   1.1357188e+00
   2.0444619e+00
   2.9707519e+00
   3.4047528e+00
   2.6772591e+00
   1.6210887e+00
   1.1831508e+00
   1.3416575e+00
   9.7387482e-01
   2.1605095e-01
   5.4636403e-01
   1.0539853e+00
   1.2240329e+00
   9.2371740e-01
   3.6156955e-01
   1.2185577e+00
   8.2534203e-01
   2.7158361e-01
   6.7111246e-02
   1.7020955e-01
   7.6681009e-01
   1.4083870e+00
   1.5641640e+00
   1.3904532e+00
   9.0903425e-01
   7.6546052e-01
   7.8872806e-01
   9.1393139e-01
   1.0746667e+00
   1.2683030e+00
   1.4831586e+00
   1.5593889e+00
   1.5079576e+00
   1.3832809e+00
   1.3669458e+00
   1.4704716e+00
   1.5924860e+00
   1.7149824e+00
   1.7832531e+00
   2.2317731e+00
   2.5002963e+00
   2.4116304e+00
   2.0932637e+00
   1.8701812e+00
   1.6314171e+00
   1.3256375e+00
   1.0972578e+00
   9.0747670e-01
   7.9033508e-01
   7.4923299e-01
   7.2026574e-01
   8.1016910e-01
   8.3809426e-01
   8.6743174e-01
   9.3358478e-01
   1.0142199e+00
   1.0952674e+00
   1.1857727e+00
   1.2651807e+00
   1.3327133e+00
   1.3532209e+00
   1.2916194e+00
   1.1571183e+00
   9.2781404e-01
   6.8358738e-01
   4.0292672e-01
   8.7099535e-02
  -1.1675954e-01
  -2.5247942e-01
  -2.4944011e-01
  -2.6512778e-02
   4.1145166e-01
   1.2470490e+00
   2.1982054e+00
   3.2986111e+00
   3.8268428e+00
   2.6187892e+00
   1.4175061e+00
   9.9088435e-01
   1.0832582e+00
   7.7215231e-01
   2.7763740e-01
   5.7633863e-01
   9.6052286e-01
   1.1427431e+00
   8.7663887e-01
   4.1574923e-01
   1.2810628e+00
   8.3186881e-01
   3.1663426e-01
   1.1663047e-01
   1.2305491e-01
   7.7398993e-01
   1.3877268e+00
   1.5461723e+00
   1.4289652e+00
   1.0851588e+00
   9.6991450e-01
   9.6547707e-01
   1.0837582e+00
   1.2406912e+00
   1.4346064e+00
   1.6403824e+00
   1.7229647e+00
   1.7955695e+00
   1.5587231e+00
   1.4676393e+00
   1.5868673e+00
   1.6794683e+00
   1.7794614e+00
   1.8633307e+00
   2.3278319e+00
   2.4820241e+00
   2.3703914e+00
   2.1318379e+00
   1.9163747e+00
   1.6617742e+00
   1.3369121e+00
   1.1064016e+00
   9.3426476e-01
   8.4339209e-01
   8.1521312e-01
   7.9532817e-01
   8.8826137e-01
   9.0727801e-01
   9.2736142e-01
   9.7831293e-01
   1.0430513e+00
   1.1039299e+00
   1.1680339e+00
   1.2200870e+00
   1.2569014e+00
   1.2353926e+00
   1.1302807e+00
   9.4538552e-01
   6.4697887e-01
   3.5498202e-01
   5.5934260e-02
  -2.3594379e-01
  -3.9294570e-01
  -4.5854969e-01
  -3.3791850e-01
  -1.1784134e-02
   5.0409631e-01
   1.4030497e+00
   2.4347202e+00
   3.8118553e+00
   4.2170853e+00
   2.3159654e+00
   9.9467407e-01
   6.8172739e-01
   6.0369920e-01
   4.3789444e-01
   4.5982002e-01
   6.0637242e-01
   7.4113078e-01
   9.9774928e-01
   8.4115294e-01
   6.0228651e-01
   1.4350007e+00
   8.3899657e-01
   3.9266272e-01
   2.3246912e-01
   1.0286388e-01
   7.7057735e-01
   1.3472201e+00
   1.5634747e+00
   1.5395502e+00
   1.3293457e+00
   1.2104861e+00
   1.1765798e+00
   1.2877231e+00
   1.4371236e+00
   1.6249794e+00
   1.8029759e+00
   1.9042566e+00
   2.2477716e+00
   1.7883557e+00
   1.5879809e+00
   1.7330512e+00
   1.7759388e+00
   1.8140166e+00
   1.9323203e+00
   2.4027168e+00
   2.4252879e+00
   2.3430685e+00
   2.1753169e+00
   1.9350966e+00
   1.6550645e+00
   1.3151940e+00
   1.0943082e+00
   9.5257154e-01
   8.9464513e-01
   8.8034798e-01
   8.7143922e-01
   8.5420629e-01
   8.6050613e-01
   8.6997103e-01
   9.0717901e-01
   9.5189420e-01
   9.8253004e-01
   1.0007991e+00
   1.0086816e+00
   9.8847424e-01
   8.8495831e-01
   7.0915083e-01
   4.6000856e-01
   1.1199482e-01
  -1.7550291e-01
  -4.2128896e-01
  -6.0302516e-01
  -6.4673091e-01
  -5.7797168e-01
  -2.9705159e-01
   1.1922755e-01
   6.8539156e-01
   1.6080600e+00
   2.6120711e+00
   3.7085732e+00
   3.0440777e+00
   1.0207020e+00
   2.6211347e-01
   3.7431347e-01
   4.2405614e-01
   3.8932203e-01
   4.6200413e-01
   5.4198550e-01
   5.1161712e-01
   5.8697114e-01
   4.8043313e-01
   3.9279949e-01
   9.3330819e-01
   4.9236668e-01
   1.7612519e-01
   1.2147200e-01
   9.7169383e-02
   6.7654709e-01
   1.2950063e+00
   1.6172148e+00
   1.6575867e+00
   1.5020452e+00
   1.3949609e+00
   1.3714163e+00
   1.4666770e+00
   1.5838853e+00
   1.7245138e+00
   1.8595919e+00
   2.0316232e+00
   2.4861973e+00
   1.3935264e+00
   1.8932735e+00
   2.2900104e+00
   1.7535705e+00
   1.9147868e+00
   2.0709355e+00
   2.4014399e+00
   2.3626252e+00
   2.3236815e+00
   2.1089805e+00
   1.8157017e+00
   1.5100621e+00
   1.1829609e+00
   1.0004699e+00
   9.0470784e-01
   8.7419079e-01
   8.6268804e-01
   8.5182641e-01
   7.5444824e-01
   7.5361947e-01
   7.5284732e-01
   7.7284574e-01
   7.9733918e-01
   8.0231959e-01
   7.8505600e-01
   7.6109127e-01
   7.0402951e-01
   5.5664927e-01
   3.5340416e-01
   9.1910151e-02
  -2.4105402e-01
  -4.8905162e-01
  -6.7655550e-01
  -7.7678824e-01
  -7.4819668e-01
  -6.0314723e-01
  -2.4379905e-01
   2.0996775e-01
   7.8889476e-01
   1.6879269e+00
   2.6115474e+00
   3.5074174e+00
   2.5245476e+00
   3.2282884e-01
  -3.1292464e-01
  -2.1689400e-02
   1.0696332e-01
   1.3470547e-01
   3.2396683e-01
   4.8631466e-01
   4.5302118e-01
   4.1556370e-01
   3.3657682e-01
   3.0765267e-01
   6.7896004e-01
   3.5074936e-01
   1.5671195e-01
   1.5304590e-01
   1.0545442e-01
   5.6534916e-01
   1.2255525e+00
   1.6015397e+00
   1.6740596e+00
   1.5524408e+00
   1.4619429e+00
   1.4498081e+00
   1.5296851e+00
   1.6182756e+00
   1.7263863e+00
   1.8527164e+00
   2.0530550e+00
   2.4299062e+00
   1.3264013e+00
   1.9978480e+00
   2.1821687e+00
   1.4995668e+00
   1.8446332e+00
   2.1112713e+00
   2.3494866e+00
   2.2826407e+00
   2.2304996e+00
   1.9656564e+00
   1.6466288e+00
   1.3338911e+00
   1.0286129e+00
   8.7531347e-01
   8.0515539e-01
   7.8606654e-01
   7.7333014e-01
   7.5910673e-01
   5.5547889e-01
   5.4510794e-01
   5.2715714e-01
   5.1640873e-01
   5.0653537e-01
   4.7011493e-01
   3.9730689e-01
   3.2496381e-01
   2.1460310e-01
   1.0215629e-02
  -2.1986699e-01
  -4.7869991e-01
  -7.5675413e-01
  -9.2188219e-01
  -1.0083130e+00
  -9.8341717e-01
  -8.5092220e-01
  -6.0296515e-01
  -1.4790232e-01
   3.4546320e-01
   9.2896264e-01
   1.7663992e+00
   2.5297770e+00
   3.1219470e+00
   1.9410745e+00
  -5.8844506e-01
  -1.2160045e+00
  -7.3320984e-01
  -4.9301989e-01
  -3.9056953e-01
   2.6228134e-02
   3.9591417e-01
   4.3141834e-01
   2.3386849e-01
   1.9134725e-01
   2.1986568e-01
   3.6030345e-01
   2.0392614e-01
   2.1344160e-01
   2.7139412e-01
   1.2585457e-01
   3.6905865e-01
   1.0999867e+00
   1.5434056e+00
   1.6557989e+00
   1.5822495e+00
   1.5220536e+00
   1.5297354e+00
   1.5837633e+00
   1.6254711e+00
   1.6851517e+00
   1.8121915e+00
   2.0412124e+00
   2.2004785e+00
   1.3616347e+00
   2.0838352e+00
   1.6970776e+00
   9.6369392e-01
   1.6479986e+00
   2.1349525e+00
   2.2383807e+00
   2.1391879e+00
   2.0389975e+00
   1.6877097e+00
   1.3374554e+00
   1.0211026e+00
   7.5693205e-01
   6.4892829e-01
   6.1290707e-01
   6.0592248e-01
   5.8926338e-01
   5.6870095e-01
   6.6937728e-03
  -3.2393467e-02
  -8.6925861e-02
  -1.5754936e-01
  -2.2492411e-01
  -3.1000399e-01
  -4.2880928e-01
  -5.3687172e-01
  -6.7377004e-01
  -8.7611258e-01
  -1.0593048e+00
  -1.2247501e+00
  -1.3523838e+00
  -1.3943773e+00
  -1.3732561e+00
  -1.2397571e+00
  -1.0237258e+00
  -7.0697451e-01
  -2.0112432e-01
   3.0669281e-01
   8.6883621e-01
   1.5764442e+00
   2.0914741e+00
   2.3131635e+00
   1.3638223e+00
  -2.7234435e-01
  -6.0174270e-01
  -1.0858146e-01
  -5.3035435e-03
   2.5578577e-01
   2.6583736e-01
   2.2843807e-01
   3.2208274e-01
   3.3042105e-01
   3.5144367e-01
   3.9058630e-01
   5.5013022e-01
   3.0383017e-01
   2.5997493e-01
   6.4263263e-01
   3.2929884e-01
   4.9825706e-02
   8.6111742e-01
   1.3421147e+00
   1.4936481e+00
   1.4744390e+00
   1.4478469e+00
   1.4660594e+00
   1.4799144e+00
   1.4798814e+00
   1.5194312e+00
   1.6582850e+00
   1.8541265e+00
   2.0230158e+00
   2.0506238e+00
   1.8632417e+00
   1.0729955e+00
   8.0702155e-01
   1.6005478e+00
   1.9331634e+00
   1.8117907e+00
   1.6364026e+00
   1.4143845e+00
   1.0020452e+00
   6.7808648e-01
   4.1390382e-01
   2.1968905e-01
   1.4889384e-01
   1.2385365e-01
   1.0596915e-01
   7.4392113e-02
   4.0351102e-02
  -4.1948942e-01
  -4.7906012e-01
  -5.5586444e-01
  -6.5717000e-01
  -7.4901905e-01
  -8.5125722e-01
  -9.8275641e-01
  -1.0988129e+00
  -1.2356596e+00
  -1.4179051e+00
  -1.5623819e+00
  -1.6721251e+00
  -1.7265057e+00
  -1.7117274e+00
  -1.6405216e+00
  -1.4545605e+00
  -1.2006042e+00
  -8.5883432e-01
  -3.4843762e-01
   1.4176628e-01
   6.6654931e-01
   1.2870721e+00
   1.6846963e+00
   1.7647854e+00
   9.7160149e-01
  -1.6586856e-01
  -3.1604985e-01
   1.5549295e-01
   3.1425052e-01
   5.7882022e-01
   4.6200274e-01
   1.9901388e-01
   2.4753813e-01
   3.2445954e-01
   3.7860128e-01
   4.5622541e-01
   6.0709130e-01
   3.9469645e-01
   3.9696206e-01
   8.0761206e-01
   4.1183358e-01
  -7.3280405e-02
   7.2428237e-01
   1.2090536e+00
   1.3795804e+00
   1.3880719e+00
   1.3706915e+00
   1.3825793e+00
   1.3721264e+00
   1.3557101e+00
   1.3883841e+00
   1.5275130e+00
   1.7166144e+00
   1.9166947e+00
   2.0573656e+00
   1.5527660e+00
   8.0108630e-01
   7.5600200e-01
   1.5326292e+00
   1.6981517e+00
   1.4647147e+00
   1.2488079e+00
   9.7752957e-01
   5.6138368e-01
   2.6321754e-01
   2.8322640e-02
  -1.3933070e-01
  -2.0404134e-01
  -2.3690458e-01
  -2.7308930e-01
  -3.1883169e-01
  -3.6601073e-01
  -1.2592195e+00
  -1.3573170e+00
  -1.4718161e+00
  -1.6176265e+00
  -1.7373477e+00
  -1.8525899e+00
  -1.9858794e+00
  -2.0977753e+00
  -2.2136860e+00
  -2.3376689e+00
  -2.4035430e+00
  -2.4204965e+00
  -2.3744724e+00
  -2.2870141e+00
  -2.1508451e+00
  -1.8936621e+00
  -1.5921558e+00
  -1.2297361e+00
  -7.4556940e-01
  -3.1914861e-01
   1.1107122e-01
   5.7386012e-01
   8.1624843e-01
   7.6467728e-01
   2.5533075e-01
  -9.6249509e-02
   5.3916146e-02
   4.5294445e-01
   8.8418230e-01
   1.0348848e+00
   8.5868838e-01
   2.4252131e-01
   1.1111112e-01
   2.3108867e-01
   3.3412148e-01
   5.1805276e-01
   6.2810633e-01
   5.8712796e-01
   7.6857275e-01
   1.0083196e+00
   4.9836222e-01
  -1.8998427e-01
   5.0374827e-01
   9.7033242e-01
   1.1667844e+00
   1.2152342e+00
   1.1989772e+00
   1.1837782e+00
   1.1323785e+00
   1.0998485e+00
   1.1278060e+00
   1.2585028e+00
   1.4535103e+00
   1.7389651e+00
   1.5378814e+00
   8.0068531e-01
   4.7986898e-01
   7.2672129e-01
   1.3674759e+00
   1.1561338e+00
   7.6493216e-01
   4.8800003e-01
   1.6539397e-01
  -2.1427993e-01
  -4.5620885e-01
  -6.4471834e-01
  -7.8803575e-01
  -8.6376092e-01
  -9.2852669e-01
  -1.0106874e+00
  -1.0869424e+00
  -1.1627011e+00
  -1.9601105e+00
  -2.0589597e+00
  -2.1646848e+00
  -2.2851302e+00
  -2.3731246e+00
  -2.4530469e+00
  -2.5443800e+00
  -2.6208326e+00
  -2.6976835e+00
  -2.7787454e+00
  -2.8285277e+00
  -2.8603840e+00
  -2.8669395e+00
  -2.8141424e+00
  -2.6828131e+00
  -2.4067423e+00
  -2.1064691e+00
  -1.7837926e+00
  -1.4027321e+00
  -1.1001201e+00
  -8.1743298e-01
  -5.4405741e-01
  -4.2195226e-01
  -4.6547791e-01
  -6.6313542e-01
  -6.0238752e-01
  -1.8157275e-01
   4.2613128e-01
   6.6212627e-01
   4.9630545e-01
   3.8192642e-01
   1.8617743e-01
   1.6239137e-01
   2.8699875e-01
   3.4382423e-01
   3.9501010e-01
   5.1221843e-01
   5.7056909e-01
   6.4479545e-01
   6.4202352e-01
   3.2397972e-01
  -2.1230214e-01
   3.1888023e-01
   7.2760030e-01
   9.4318362e-01
   1.0283056e+00
   1.0098992e+00
   9.7559379e-01
   9.0920068e-01
   8.6362538e-01
   8.4666457e-01
   8.8579757e-01
   1.0436466e+00
   1.4238800e+00
   1.0008183e+00
   4.4603830e-01
   3.8188689e-01
   9.7120631e-01
   1.1849924e+00
   5.4640529e-01
   1.0440783e-01
  -1.9961970e-01
  -5.2254770e-01
  -8.6276813e-01
  -1.0817518e+00
  -1.2580886e+00
  -1.4094545e+00
  -1.5045420e+00
  -1.5906316e+00
  -1.6909616e+00
  -1.7746773e+00
  -1.8563812e+00
  -2.2401192e+00
  -2.3307230e+00
  -2.4233551e+00
  -2.5223060e+00
  -2.5886858e+00
  -2.6462515e+00
  -2.7115421e+00
  -2.7666386e+00
  -2.8218142e+00
  -2.8812709e+00
  -2.9239665e+00
  -2.9638424e+00
  -2.9978490e+00
  -2.9702766e+00
  -2.8607769e+00
  -2.6139138e+00
  -2.3518191e+00
  -2.0839339e+00
  -1.7882626e+00
  -1.5692352e+00
  -1.3777795e+00
  -1.2163503e+00
  -1.1658795e+00
  -1.2070543e+00
  -1.2391209e+00
  -9.6632493e-01
  -3.9305396e-01
   3.4285386e-01
   5.1434528e-01
   2.4717722e-01
   1.6779626e-01
   1.5187712e-01
   1.6710246e-01
   2.9573013e-01
   3.3845172e-01
   3.3061564e-01
   4.3793619e-01
   5.5936204e-01
   6.3121142e-01
   4.8216201e-01
   1.9690165e-01
  -2.3129304e-01
   1.9588346e-01
   5.6928465e-01
   8.0340181e-01
   9.1669634e-01
   9.0221494e-01
   8.6436527e-01
   7.9103666e-01
   7.3598479e-01
   6.8737308e-01
   6.5807323e-01
   7.6608144e-01
   1.1560974e+00
   7.0414207e-01
   2.8383736e-01
   3.6079851e-01
   1.0830563e+00
   1.0163391e+00
   1.9559241e-01
  -2.5933493e-01
  -5.7225453e-01
  -8.8723686e-01
  -1.1978775e+00
  -1.3968713e+00
  -1.5577589e+00
  -1.7019375e+00
  -1.7972109e+00
  -1.8845593e+00
  -1.9839549e+00
  -2.0637945e+00
  -2.1414687e+00
  -2.1029484e+00
  -2.1398487e+00
  -2.1741106e+00
  -2.2068249e+00
  -2.2233881e+00
  -2.2361862e+00
  -2.2515260e+00
  -2.2684590e+00
  -2.2932329e+00
  -2.3331502e+00
  -2.3748715e+00
  -2.4247782e+00
  -2.4888874e+00
  -2.5258345e+00
  -2.5400785e+00
  -2.5272493e+00
  -2.5010938e+00
  -2.4693056e+00
  -2.4304477e+00
  -2.4010381e+00
  -2.3830833e+00
  -2.4119225e+00
  -2.4856939e+00
  -2.5338540e+00
  -2.3695319e+00
  -1.8808656e+00
  -1.0827381e+00
  -1.0667250e-01
   1.8761484e-01
   1.3972873e-01
   1.1281175e-01
   8.9010800e-02
   5.8199669e-02
   1.9952483e-01
   2.7858987e-01
   2.5919555e-01
   2.8523486e-01
   5.3382613e-01
   8.8020785e-01
   4.6908848e-01
  -1.2877336e-01
  -2.9006502e-01
  -7.5908735e-02
   2.3234625e-01
   5.3097292e-01
   7.2183331e-01
   7.3775243e-01
   7.2926677e-01
   6.5294641e-01
   5.7371915e-01
   4.4800254e-01
   2.3699856e-01
   1.3295706e-01
   3.2843250e-01
   2.9461316e-01
   2.2465653e-01
   4.9313201e-01
   1.1240583e+00
   4.5197619e-01
  -3.5705980e-01
  -7.5589994e-01
  -1.0514046e+00
  -1.3157217e+00
  -1.5474856e+00
  -1.6831397e+00
  -1.7800652e+00
  -1.8574751e+00
  -1.9016454e+00
  -1.9393212e+00
  -1.9838135e+00
  -2.0192213e+00
  -2.0555925e+00
  -1.3739039e+00
  -1.3887419e+00
  -1.4042376e+00
  -1.4183675e+00
  -1.4213103e+00
  -1.4219272e+00
  -1.4243779e+00
  -1.4293832e+00
  -1.4394861e+00
  -1.4591619e+00
  -1.4842178e+00
  -1.5191964e+00
  -1.5689921e+00
  -1.6086529e+00
  -1.6459586e+00
  -1.6914053e+00
  -1.7337627e+00
  -1.7822935e+00
  -1.8612149e+00
  -1.9548376e+00
  -2.0813613e+00
  -2.2984368e+00
  -2.5272242e+00
  -2.7239816e+00
  -2.7233692e+00
  -2.3696174e+00
  -1.6622988e+00
  -6.1201514e-01
   5.2190094e-02
   1.3573276e-01
   7.2129940e-02
  -2.7043100e-02
  -4.3176531e-02
   1.5614357e-01
   2.6167386e-01
   2.3519122e-01
   1.8568977e-01
   2.9745809e-01
   3.8586635e-01
   3.3489684e-01
  -1.7991587e-02
  -2.5174910e-01
  -1.1584741e-01
   1.2826958e-01
   4.1018233e-01
   6.1278449e-01
   6.6103524e-01
   7.1814654e-01
   6.5844878e-01
   5.6241824e-01
   4.2035481e-01
   1.2816736e-01
  -1.2772862e-01
  -1.8171463e-01
  -5.4133699e-02
   9.1679909e-02
   5.5192084e-01
   9.6460921e-01
   2.1815070e-01
  -3.9935719e-01
  -6.3282255e-01
  -8.2055850e-01
  -9.8825624e-01
  -1.1286210e+00
  -1.2055955e+00
  -1.2565125e+00
  -1.2910233e+00
  -1.3046955e+00
  -1.3152073e+00
  -1.3308713e+00
  -1.3425245e+00
  -1.3549725e+00
  -8.2459115e-01
  -8.2280587e-01
  -8.2416185e-01
  -8.2428889e-01
  -8.1696925e-01
  -8.0840790e-01
  -8.0114709e-01
  -7.9716523e-01
  -7.9621404e-01
  -8.0063851e-01
  -8.1313754e-01
  -8.3686820e-01
  -8.7587916e-01
  -9.1758459e-01
  -9.7226659e-01
  -1.0616224e+00
  -1.1556022e+00
  -1.2646509e+00
  -1.4323154e+00
  -1.6186391e+00
  -1.8540229e+00
  -2.2129287e+00
  -2.5585160e+00
  -2.8672369e+00
  -2.9899747e+00
  -2.7378770e+00
  -2.0989801e+00
  -9.9277535e-01
  -4.9848307e-02
   1.3272193e-01
   4.1477441e-02
  -1.1448616e-01
  -1.1956040e-01
   1.2345712e-01
   2.4892817e-01
   2.1710470e-01
   1.1068559e-01
   1.1936200e-01
   1.3395162e-02
   2.3378755e-01
   6.5479091e-02
  -2.2287922e-01
  -1.4593999e-01
   4.9850986e-02
   3.1917032e-01
   5.3061953e-01
   6.0323118e-01
   7.0976778e-01
   6.6259465e-01
   5.5390334e-01
   3.9952309e-01
   4.6166374e-02
  -3.2414731e-01
  -5.6609488e-01
  -3.1690379e-01
  -8.5139037e-03
   5.9621643e-01
   8.4446918e-01
   4.1970341e-02
  -4.3122697e-01
  -5.4008750e-01
  -6.4662303e-01
  -7.4152102e-01
  -8.1301937e-01
  -8.4578060e-01
  -8.6203152e-01
  -8.6421921e-01
  -8.5491204e-01
  -8.4495661e-01
  -8.3889929e-01
  -8.3265411e-01
  -8.2707680e-01
   8.8898469e-01
   8.8681405e-01
   8.8352797e-01
   8.7975457e-01
   8.8018507e-01
   8.8049772e-01
   8.7269211e-01
   8.6530161e-01
   8.5878407e-01
   8.4634221e-01
   8.2105866e-01
   7.8160246e-01
   7.2293543e-01
   6.6467689e-01
   5.9581800e-01
   4.9564867e-01
   3.9123495e-01
   2.6137708e-01
   5.6960099e-02
  -1.7151081e-01
  -4.5790289e-01
  -8.7496455e-01
  -1.2733687e+00
  -1.6921086e+00
  -2.1667034e+00
  -2.4349465e+00
  -2.4107013e+00
  -1.7085112e+00
  -4.3414777e-01
  -4.1319989e-03
   5.3877459e-02
  -1.2249816e-01
  -1.9458079e-01
  -1.7396060e-02
   2.4604347e-01
   2.8026498e-01
   8.4794398e-02
   1.0169185e-01
  -6.8648822e-01
  -6.9100551e-01
  -1.0326433e+00
  -8.1151799e-01
  -3.2879355e-01
  -1.7121759e-01
   6.5404475e-03
   2.0966047e-01
   3.4104645e-01
   6.3111549e-01
   6.9498973e-01
   6.1524771e-01
   6.4136383e-01
   4.0969921e-01
  -1.9298476e-01
  -9.8396061e-01
  -4.6658952e-01
  -5.1334527e-01
   4.1112806e-01
   4.2172476e-01
  -1.0401198e-01
  -4.7153128e-02
   3.1764463e-01
   5.1355857e-01
   6.3041074e-01
   7.1520198e-01
   7.6321982e-01
   7.9685107e-01
   8.2560982e-01
   8.4502236e-01
   8.6015203e-01
   8.7168830e-01
   8.8004050e-01
   8.8675781e-01
   1.3338147e+00
   1.3407789e+00
   1.3490318e+00
   1.3592767e+00
   1.3681640e+00
   1.3772936e+00
   1.3831464e+00
   1.3883773e+00
   1.3944076e+00
   1.3966342e+00
   1.3819432e+00
   1.3471469e+00
   1.2803024e+00
   1.2030165e+00
   1.1028035e+00
   9.4752776e-01
   7.8186459e-01
   5.7933407e-01
   2.8098162e-01
  -2.5245369e-02
  -3.9179841e-01
  -9.1049625e-01
  -1.3850786e+00
  -1.8582176e+00
  -2.3610539e+00
  -2.6457858e+00
  -2.6846433e+00
  -2.1201469e+00
  -9.5662069e-01
  -2.7636737e-01
   1.0720494e-02
  -2.9728576e-01
  -3.9934616e-01
  -1.7118975e-01
   1.2603632e-01
   1.9815022e-01
   6.4605496e-02
  -3.0491231e-02
  -5.2403335e-01
  -7.1773824e-01
  -8.7715719e-01
  -1.0483433e+00
  -6.0680625e-01
  -4.7313181e-01
  -2.3924762e-01
   1.6594748e-01
   3.1429081e-01
   6.3143339e-01
   7.3230994e-01
   6.1838232e-01
   6.5639162e-01
   4.3779200e-01
  -6.7979548e-02
  -6.6187751e-01
  -7.4914861e-01
  -7.8274099e-01
   2.0259134e-01
   1.4365822e-01
  -2.3488280e-01
  -6.9423674e-02
   3.7667810e-01
   6.2774382e-01
   7.9240963e-01
   9.3153610e-01
   1.0229669e+00
   1.0960639e+00
   1.1628671e+00
   1.2065798e+00
   1.2425689e+00
   1.2763341e+00
   1.3000857e+00
   1.3198129e+00
   1.9241904e+00
   1.9432783e+00
   1.9668457e+00
   1.9956956e+00
   2.0158067e+00
   2.0366381e+00
   2.0606182e+00
   2.0826002e+00
   2.1052838e+00
   2.1269784e+00
   2.1263458e+00
   2.0977341e+00
   2.0200364e+00
   1.9174975e+00
   1.7756716e+00
   1.5472589e+00
   1.3003059e+00
   1.0013247e+00
   5.7830161e-01
   1.6887723e-01
  -3.0406495e-01
  -9.5765370e-01
  -1.5333393e+00
  -2.0786765e+00
  -2.6189947e+00
  -2.9256105e+00
  -3.0482175e+00
  -2.6664674e+00
  -1.6500436e+00
  -6.3767649e-01
  -4.6557168e-02
  -5.2926278e-01
  -6.7110950e-01
  -3.7530381e-01
  -3.3236443e-02
   8.9168024e-02
   3.7810908e-02
  -2.0592380e-01
  -3.0842423e-01
  -7.5321776e-01
  -6.7079695e-01
  -1.3626565e+00
  -9.7578300e-01
  -8.7383052e-01
  -5.6545604e-01
   1.0793187e-01
   2.7878090e-01
   6.3185531e-01
   7.8184109e-01
   6.2254255e-01
   6.7633641e-01
   4.7507657e-01
   9.7926602e-02
  -2.3441079e-01
  -1.1241593e+00
  -1.1402813e+00
  -7.4177326e-02
  -2.2539001e-01
  -4.0857376e-01
  -9.8981006e-02
   4.5502698e-01
   7.7928979e-01
   1.0074136e+00
   1.2186534e+00
   1.3677017e+00
   1.4931773e+00
   1.6104729e+00
   1.6864366e+00
   1.7501102e+00
   1.8133776e+00
   1.8575672e+00
   1.8945610e+00
   1.9029897e+00
   1.9489462e+00
   1.9929473e+00
   2.0404330e+00
   2.0739274e+00
   2.1075148e+00
   2.1489161e+00
   2.1807282e+00
   2.2054902e+00
   2.2190873e+00
   2.2085475e+00
   2.1657889e+00
   2.0528205e+00
   1.8982266e+00
   1.6826029e+00
   1.3364807e+00
   9.8277064e-01
   5.8614721e-01
   7.3310101e-02
  -3.7642787e-01
  -8.5735562e-01
  -1.4904988e+00
  -2.0539763e+00
  -2.6214425e+00
  -3.2361754e+00
  -3.6147548e+00
  -3.7752064e+00
  -3.5153000e+00
  -2.7674567e+00
  -7.7618456e-01
   8.6805537e-02
  -6.4813198e-01
  -1.0605259e+00
  -5.7030075e-01
  -6.4214547e-02
   2.3916512e-01
   2.9825209e-01
   1.1026581e-01
  -3.0778757e-01
  -1.4507289e+00
  -1.7082170e+00
  -2.5766167e+00
  -2.3982550e+00
  -1.5088026e+00
  -6.1077325e-01
   3.6093523e-02
   4.7847516e-01
   8.8407806e-01
   6.2155285e-01
   5.5310253e-01
   6.1737173e-01
   9.3992292e-02
  -3.6468743e-01
  -6.4794345e-01
  -8.3404333e-01
  -1.1866238e+00
  -8.1829840e-01
  -8.6094835e-01
  -8.4956224e-01
  -5.1576604e-01
  -3.4347099e-02
   2.1684040e-01
   4.0234994e-01
   6.2182749e-01
   8.1566246e-01
   1.0071086e+00
   1.2200834e+00
   1.3771446e+00
   1.5186297e+00
   1.6599987e+00
   1.7554565e+00
   1.8346236e+00
   1.6160296e+00
   1.6765475e+00
   1.7305988e+00
   1.7848876e+00
   1.8225114e+00
   1.8597459e+00
   1.9060395e+00
   1.9402025e+00
   1.9630771e+00
   1.9667223e+00
   1.9454280e+00
   1.8936982e+00
   1.7725224e+00
   1.6112955e+00
   1.3911835e+00
   1.0449645e+00
   6.9529834e-01
   3.0552289e-01
  -1.9651814e-01
  -6.3054407e-01
  -1.0838191e+00
  -1.6718101e+00
  -2.2053028e+00
  -2.7640502e+00
  -3.4085857e+00
  -3.8465157e+00
  -4.0930072e+00
  -3.9568825e+00
  -3.2455773e+00
  -9.6454477e-01
   8.1713324e-02
  -8.7150446e-01
  -1.5362890e+00
  -8.9962728e-01
  -1.8762647e-01
   1.8746773e-01
   2.4955450e-01
   7.3612294e-02
  -2.8181197e-01
  -1.7082279e+00
  -2.1225849e+00
  -3.1296497e+00
  -3.1485977e+00
  -1.8090922e+00
  -6.4341421e-01
   1.1793070e-01
   4.1642642e-01
   7.0441932e-01
   4.4605912e-01
   4.6322106e-01
   4.7693643e-01
  -6.0885380e-02
  -5.5083718e-01
  -7.6069214e-01
  -8.0288874e-01
  -1.3248239e+00
  -1.1874008e+00
  -1.1855563e+00
  -1.1139351e+00
  -7.8293674e-01
  -3.4370778e-01
  -1.4072096e-01
   2.4959010e-03
   1.9292245e-01
   3.7744555e-01
   5.6918849e-01
   7.9380950e-01
   9.6915267e-01
   1.1343068e+00
   1.3059252e+00
   1.4240459e+00
   1.5249049e+00
   9.5766834e-01
   1.0420388e+00
   1.1118537e+00
   1.1750330e+00
   1.2172860e+00
   1.2582623e+00
   1.3094602e+00
   1.3454396e+00
   1.3631624e+00
   1.3467028e+00
   1.3041105e+00
   1.2367936e+00
   1.1096293e+00
   9.5228664e-01
   7.4909275e-01
   4.4625444e-01
   1.4552450e-01
  -1.9218111e-01
  -6.3588618e-01
  -1.0185005e+00
  -1.4046179e+00
  -1.8953562e+00
  -2.3637580e+00
  -2.8940658e+00
  -3.5802250e+00
  -4.1292866e+00
  -4.5615111e+00
  -4.6676251e+00
  -3.9416526e+00
  -1.3505373e+00
   2.0487151e-02
  -1.3460577e+00
  -2.4965760e+00
  -1.5919652e+00
  -4.6266743e-01
   1.1879436e-02
   4.0016816e-02
  -1.2861538e-01
  -2.2174211e-01
  -2.0476538e+00
  -2.7002835e+00
  -3.9638782e+00
  -4.3636635e+00
  -2.2710294e+00
  -7.0240675e-01
   3.3453864e-01
   1.9839593e-01
   1.9388292e-01
   9.8006192e-02
   2.8027352e-01
   1.7274108e-01
  -2.7928202e-01
  -8.1163346e-01
  -8.6926046e-01
  -8.3803222e-01
  -1.6285060e+00
  -1.7686616e+00
  -1.7037344e+00
  -1.5643476e+00
  -1.2488109e+00
  -8.8064095e-01
  -7.6248763e-01
  -7.0167234e-01
  -5.8174307e-01
  -4.3542981e-01
  -2.6743649e-01
  -5.1221502e-02
   1.3652317e-01
   3.2780309e-01
   5.4071670e-01
   6.9246002e-01
   8.2805670e-01
   9.7951762e-02
   1.9022211e-01
   2.6425501e-01
   3.2751030e-01
   3.7022403e-01
   4.1771962e-01
   4.9075423e-01
   5.5487146e-01
   6.1133269e-01
   6.4458994e-01
   6.3475356e-01
   5.9944890e-01
   5.3122169e-01
   4.4181357e-01
   3.1314934e-01
   1.0815114e-01
  -1.0411940e-01
  -3.4878248e-01
  -6.8483728e-01
  -9.9370287e-01
  -1.3254071e+00
  -1.7730020e+00
  -2.2114127e+00
  -2.7235818e+00
  -3.4463761e+00
  -4.1109353e+00
  -4.7530142e+00
  -5.2740138e+00
  -4.8776412e+00
  -2.2727979e+00
   1.8422040e-01
  -1.3440138e+00
  -3.1185955e+00
  -2.9157006e+00
  -1.2655339e+00
  -5.6080352e-02
  -4.7025822e-02
  -3.5149154e-01
   1.8127499e-01
  -1.1379300e+00
  -2.9001706e+00
  -4.8227371e+00
  -4.7055600e+00
  -2.6231268e+00
  -3.6375293e-02
   6.7216392e-01
   1.7221749e-01
  -4.5719738e-02
  -1.1149521e-01
  -1.7630894e-01
  -3.9777392e-01
  -6.3716372e-01
  -1.0912063e+00
  -1.3271809e+00
  -1.3512081e+00
  -2.0760663e+00
  -2.2365348e+00
  -2.1272572e+00
  -1.9798125e+00
  -1.7055146e+00
  -1.3976549e+00
  -1.3286149e+00
  -1.3281932e+00
  -1.2812492e+00
  -1.1879162e+00
  -1.0649527e+00
  -8.9135642e-01
  -7.2751924e-01
  -5.5006107e-01
  -3.3739460e-01
  -1.8243641e-01
  -4.2147340e-02
  -3.8150856e-01
  -2.8676140e-01
  -2.0899442e-01
  -1.4486867e-01
  -1.0361683e-01
  -5.5583961e-02
   2.7180569e-02
   1.0882235e-01
   1.9144046e-01
   2.6500326e-01
   2.8936993e-01
   2.8831617e-01
   2.6751767e-01
   2.2450373e-01
   1.4276150e-01
  -5.6683807e-03
  -1.6896796e-01
  -3.6389340e-01
  -6.4367134e-01
  -9.1433502e-01
  -1.2187839e+00
  -1.6463549e+00
  -2.0723286e+00
  -2.5756875e+00
  -3.3106783e+00
  -4.0275097e+00
  -4.7815886e+00
  -5.5384092e+00
  -5.3337573e+00
  -2.7740294e+00
   3.8470275e-01
  -1.2248392e+00
  -3.2851332e+00
  -3.6707362e+00
  -1.9934291e+00
  -2.3609311e-01
  -7.3013271e-02
  -5.2761726e-01
   3.5841012e-01
  -6.3852168e-01
  -3.0160095e+00
  -5.2247581e+00
  -5.0158455e+00
  -2.8688879e+00
   2.1215254e-01
   8.3469004e-01
   1.1326054e-01
  -2.1786997e-01
  -2.9637140e-01
  -4.7643154e-01
  -7.0216873e-01
  -7.2400053e-01
  -1.1392497e+00
  -1.5648672e+00
  -1.7334130e+00
  -2.3320894e+00
  -2.4631093e+00
  -2.3352893e+00
  -2.1853679e+00
  -1.9359607e+00
  -1.6615412e+00
  -1.6119953e+00
  -1.6388154e+00
  -1.6319998e+00
  -1.5693044e+00
  -1.4732744e+00
  -1.3289083e+00
  -1.1839648e+00
  -1.0193924e+00
  -8.1302612e-01
  -6.6010286e-01
  -5.2158757e-01
  -1.1074212e+00
  -1.0133407e+00
  -9.2675660e-01
  -8.5941688e-01
  -8.2431404e-01
  -7.8256209e-01
  -6.9067206e-01
  -5.7830268e-01
  -4.4565855e-01
  -2.8227154e-01
  -1.6963467e-01
  -8.1286439e-02
   3.0597420e-03
   4.9766589e-02
   5.1331165e-02
  -6.8662360e-03
  -9.6852746e-02
  -2.2140119e-01
  -4.2458222e-01
  -6.4411030e-01
  -9.1437060e-01
  -1.3208682e+00
  -1.7378319e+00
  -2.2308421e+00
  -2.9654435e+00
  -3.7336192e+00
  -4.6457402e+00
  -5.7697671e+00
  -5.8734821e+00
  -3.5028881e+00
   9.3819655e-01
  -7.7414753e-01
  -3.1243125e+00
  -4.8523279e+00
  -3.7369013e+00
  -8.3402334e-01
  -6.0713632e-02
  -9.1294489e-01
   5.1754955e-01
   9.9411189e-02
  -3.2013809e+00
  -5.6572122e+00
  -5.7594929e+00
  -3.3540793e+00
   3.0699543e-01
   1.0217624e+00
  -7.7564570e-02
  -5.6671755e-01
  -7.3206161e-01
  -1.0349762e+00
  -1.1314795e+00
  -5.9730922e-01
  -9.6499591e-01
  -1.8842159e+00
  -2.5319064e+00
  -2.7344145e+00
  -2.7274835e+00
  -2.5857666e+00
  -2.4367136e+00
  -2.2293239e+00
  -2.0050880e+00
  -1.9669770e+00
  -2.0202975e+00
  -2.0729201e+00
  -2.0591082e+00
  -2.0080244e+00
  -1.9204194e+00
  -1.8168130e+00
  -1.6836043e+00
  -1.5008865e+00
  -1.3598086e+00
  -1.2340320e+00
  -1.5264352e+00
  -1.4491006e+00
  -1.3686443e+00
  -1.3096337e+00
  -1.2893169e+00
  -1.2662278e+00
  -1.1976079e+00
  -1.0851097e+00
  -9.3507865e-01
  -7.2406706e-01
  -5.4556972e-01
  -3.7776098e-01
  -2.0010257e-01
  -7.6064061e-02
   3.5562141e-03
   3.3210627e-02
   1.3600232e-02
  -5.0466355e-02
  -1.9746249e-01
  -3.8015457e-01
  -6.1946711e-01
  -9.9179981e-01
  -1.3848758e+00
  -1.8601006e+00
  -2.5782525e+00
  -3.3397391e+00
  -4.2823336e+00
  -5.6093428e+00
  -6.0791633e+00
  -3.9948811e+00
   9.7982010e-01
  -1.8478033e-01
  -2.4694850e+00
  -4.9268020e+00
  -5.0902491e+00
  -2.1299327e+00
  -1.1513712e-04
  -1.1873653e+00
   7.3341368e-03
   5.0368772e-01
  -2.8542506e+00
  -5.7553915e+00
  -6.1891929e+00
  -3.5228047e+00
  -4.3256579e-01
   4.5721986e-01
  -4.5952535e-01
  -8.8133290e-01
  -9.5912494e-01
  -6.3589087e-01
  -5.7477563e-01
  -4.8873982e-01
  -1.0353251e+00
  -1.9476872e+00
  -2.5319966e+00
  -2.7535679e+00
  -2.7587382e+00
  -2.6277180e+00
  -2.4769067e+00
  -2.2894699e+00
  -2.0944031e+00
  -2.0500790e+00
  -2.1005628e+00
  -2.1894690e+00
  -2.2225584e+00
  -2.2174630e+00
  -2.1811658e+00
  -2.1154298e+00
  -2.0107416e+00
  -1.8512598e+00
  -1.7291813e+00
  -1.6250724e+00
  -1.7700733e+00
  -1.7033753e+00
  -1.6285109e+00
  -1.5774552e+00
  -1.5690359e+00
  -1.5636778e+00
  -1.5195336e+00
  -1.4168447e+00
  -1.2643721e+00
  -1.0325484e+00
  -8.1907675e-01
  -6.0545373e-01
  -3.7092197e-01
  -1.9756044e-01
  -6.4952383e-02
   2.6202305e-02
   5.6831721e-02
   3.7516280e-02
  -6.7345634e-02
  -2.2114603e-01
  -4.3485941e-01
  -7.7775251e-01
  -1.1465375e+00
  -1.5986020e+00
  -2.2913115e+00
  -3.0339417e+00
  -3.9750922e+00
  -5.3986979e+00
  -6.1143294e+00
  -4.3224684e+00
   8.7373361e-01
   1.5408423e-01
  -1.9951602e+00
  -4.8452392e+00
  -5.7626470e+00
  -3.0680350e+00
  -5.3550866e-02
  -1.3468304e+00
  -4.5371064e-01
   5.5980402e-01
  -2.6642417e+00
  -5.7822811e+00
  -6.4244075e+00
  -3.5584421e+00
  -8.1851159e-01
  -3.0595037e-02
  -7.8803993e-01
  -1.0270032e+00
  -9.8646841e-01
  -3.9332781e-01
  -2.3372079e-01
  -4.0558549e-01
  -1.0343456e+00
  -1.9128702e+00
  -2.4770124e+00
  -2.7104839e+00
  -2.7289771e+00
  -2.6112468e+00
  -2.4628254e+00
  -2.2893999e+00
  -2.1146351e+00
  -2.0675803e+00
  -2.1148295e+00
  -2.2253456e+00
  -2.2908265e+00
  -2.3191226e+00
  -2.3203011e+00
  -2.2825444e+00
  -2.1994851e+00
  -2.0554428e+00
  -1.9432353e+00
  -1.8515383e+00
  -2.0004290e+00
  -1.9471903e+00
  -1.8852863e+00
  -1.8535214e+00
  -1.8688332e+00
  -1.9062586e+00
  -1.9266519e+00
  -1.8706209e+00
  -1.7448427e+00
  -1.5193613e+00
  -1.2853810e+00
  -1.0299106e+00
  -7.3171026e-01
  -4.9523152e-01
  -2.8377280e-01
  -9.5066564e-02
   1.8310755e-02
   7.7553819e-02
   4.8328228e-02
  -4.9890654e-02
  -2.1063922e-01
  -4.8948608e-01
  -7.9596443e-01
  -1.1776481e+00
  -1.7862504e+00
  -2.4544437e+00
  -3.3217504e+00
  -4.7556397e+00
  -5.8282553e+00
  -4.7892148e+00
   2.8065489e-01
   4.6000317e-01
  -1.1927891e+00
  -4.2958565e+00
  -5.9652763e+00
  -4.6531423e+00
  -4.3944352e-01
  -1.4972308e+00
  -1.5113251e+00
  -6.3970023e-02
  -2.5293422e+00
  -5.6934929e+00
  -6.5914397e+00
  -3.3558680e+00
  -1.0167126e+00
  -1.0952949e+00
  -1.5011498e+00
  -1.0237904e+00
  -6.1638816e-01
  -1.2422780e-01
   1.5438532e-01
  -2.5122232e-01
  -8.7504858e-01
  -1.6086830e+00
  -2.2168669e+00
  -2.4646758e+00
  -2.5195419e+00
  -2.4411185e+00
  -2.3078626e+00
  -2.1567976e+00
  -2.0138661e+00
  -1.9675645e+00
  -2.0057605e+00
  -2.1386471e+00
  -2.2541198e+00
  -2.3391438e+00
  -2.4046601e+00
  -2.4158969e+00
  -2.3723701e+00
  -2.2502205e+00
  -2.1428977e+00
  -2.0622286e+00
  -2.0111628e+00
  -1.9585920e+00
  -1.8932762e+00
  -1.8625451e+00
  -1.8823074e+00
  -1.9354627e+00
  -1.9963035e+00
  -1.9860937e+00
  -1.9034606e+00
  -1.7254814e+00
  -1.5295117e+00
  -1.3010479e+00
  -1.0137695e+00
  -7.7485785e-01
  -5.4582341e-01
  -3.1048172e-01
  -1.4952833e-01
  -3.4763855e-02
  -1.4587533e-04
  -4.8873225e-02
  -1.5608846e-01
  -3.6634939e-01
  -6.0982996e-01
  -9.1909990e-01
  -1.4248258e+00
  -1.9918049e+00
  -2.7405814e+00
  -4.0327947e+00
  -5.2086387e+00
  -4.8027906e+00
  -4.6983061e-01
   2.4927236e-01
  -7.2860816e-01
  -3.4362397e+00
  -5.3737847e+00
  -4.8903016e+00
  -9.2575416e-01
  -7.0007259e-01
  -5.6728181e-01
   1.8841637e-01
  -2.0710780e+00
  -5.0803206e+00
  -6.5266361e+00
  -3.4574628e+00
  -1.5339327e+00
  -1.2176922e+00
  -1.3192928e+00
  -7.8136716e-01
   4.5065721e-01
   7.0711131e-01
   4.8706394e-01
   8.3537164e-02
  -5.2488715e-01
  -1.1896572e+00
  -1.8008832e+00
  -2.0803914e+00
  -2.1770764e+00
  -2.1340438e+00
  -2.0243699e+00
  -1.9008354e+00
  -1.7898367e+00
  -1.7611050e+00
  -1.8051082e+00
  -1.9403178e+00
  -2.0770449e+00
  -2.2009907e+00
  -2.3158781e+00
  -2.3662266e+00
  -2.3618165e+00
  -2.2663935e+00
  -2.1544686e+00
  -2.0712230e+00
  -1.9764229e+00
  -1.9245450e+00
  -1.8574910e+00
  -1.8228351e+00
  -1.8415892e+00
  -1.9003181e+00
  -1.9838587e+00
  -2.0041046e+00
  -1.9531543e+00
  -1.8128734e+00
  -1.6482359e+00
  -1.4468806e+00
  -1.1802478e+00
  -9.5058314e-01
  -7.2216184e-01
  -4.6989512e-01
  -2.8447903e-01
  -1.3618009e-01
  -5.8473758e-02
  -7.1701497e-02
  -1.3775187e-01
  -2.9684405e-01
  -4.9440174e-01
  -7.4982166e-01
  -1.1764755e+00
  -1.6622122e+00
  -2.3119580e+00
  -3.4592976e+00
  -4.6569093e+00
  -4.7686503e+00
  -1.0599372e+00
   1.6865398e-02
  -4.7406077e-01
  -2.7557222e+00
  -4.7715789e+00
  -4.8634849e+00
  -1.2018939e+00
  -1.2423601e-01
   1.0157061e-01
   2.9757756e-01
  -1.8047213e+00
  -4.5683332e+00
  -6.2608894e+00
  -3.4681045e+00
  -1.8052466e+00
  -1.3403268e+00
  -1.3276369e+00
  -7.2684427e-01
   1.0312665e+00
   1.2195906e+00
   7.3956250e-01
   3.3353335e-01
  -2.3628189e-01
  -8.4223353e-01
  -1.4412381e+00
  -1.7403098e+00
  -1.8658867e+00
  -1.8521378e+00
  -1.7619916e+00
  -1.6607678e+00
  -1.5769137e+00
  -1.5649068e+00
  -1.6179921e+00
  -1.7566075e+00
  -1.9052509e+00
  -2.0549054e+00
  -2.2053062e+00
  -2.2833474e+00
  -2.3077225e+00
  -2.2373559e+00
  -2.1248869e+00
  -2.0381771e+00
  -1.8386764e+00
  -1.7881506e+00
  -1.7204509e+00
  -1.6705157e+00
  -1.6787252e+00
  -1.7319475e+00
  -1.8304204e+00
  -1.8840600e+00
  -1.8750031e+00
  -1.7906345e+00
  -1.6747931e+00
  -1.5249564e+00
  -1.3128187e+00
  -1.1191483e+00
  -9.2066005e-01
  -6.8332464e-01
  -4.8812424e-01
  -3.1107244e-01
  -1.8456469e-01
  -1.5266988e-01
  -1.6029670e-01
  -2.4999878e-01
  -3.8756336e-01
  -5.7032696e-01
  -8.8483007e-01
  -1.2482422e+00
  -1.7412161e+00
  -2.6090293e+00
  -3.7190248e+00
  -4.6284925e+00
  -1.9242237e+00
  -4.5772485e-01
  -3.2341372e-01
  -1.7497612e+00
  -3.6137324e+00
  -4.3951190e+00
  -1.3925983e+00
   6.1661552e-01
   9.3343259e-01
   2.7783133e-01
  -1.6036618e+00
  -3.7584119e+00
  -5.4395689e+00
  -3.3443950e+00
  -1.9302817e+00
  -1.5730372e+00
  -1.6443079e+00
  -9.2077241e-01
   1.3617985e+00
   1.6861223e+00
   1.0910993e+00
   6.7307952e-01
   2.1311982e-01
  -2.9728929e-01
  -8.4899575e-01
  -1.1659347e+00
  -1.3258004e+00
  -1.3578698e+00
  -1.2983066e+00
  -1.2310940e+00
  -1.1910923e+00
  -1.2094343e+00
  -1.2849062e+00
  -1.4316867e+00
  -1.5881350e+00
  -1.7655947e+00
  -1.9613564e+00
  -2.0737999e+00
  -2.1363672e+00
  -2.1108287e+00
  -2.0037475e+00
  -1.9090706e+00
  -1.6042212e+00
  -1.5546287e+00
  -1.4921721e+00
  -1.4295331e+00
  -1.4238356e+00
  -1.4611238e+00
  -1.5541035e+00
  -1.6189471e+00
  -1.6329659e+00
  -1.5906077e+00
  -1.5118163e+00
  -1.4010574e+00
  -1.2417592e+00
  -1.0886915e+00
  -9.3282149e-01
  -7.4397164e-01
  -5.7736938e-01
  -4.1784556e-01
  -2.8066582e-01
  -2.2753203e-01
  -1.9673238e-01
  -2.3248502e-01
  -3.2667488e-01
  -4.5351894e-01
  -6.7538079e-01
  -9.2856887e-01
  -1.2807132e+00
  -1.9015871e+00
  -2.6001892e+00
  -3.3740423e+00
  -2.3531080e+00
  -1.1710054e+00
  -3.9668085e-01
  -1.1395413e+00
  -2.9568550e+00
  -4.1356331e+00
  -2.1651275e+00
   3.2810948e-01
   1.2139469e+00
   2.9406672e-01
  -1.2717082e+00
  -2.7665390e+00
  -4.3379758e+00
  -3.0036398e+00
  -1.7228005e+00
  -2.2043107e+00
  -1.2110659e+00
  -4.4475940e-01
   1.2715994e+00
   1.9040192e+00
   1.4270714e+00
   1.0274510e+00
   6.7652350e-01
   2.6491505e-01
  -2.0848059e-01
  -5.1356928e-01
  -6.9026325e-01
  -7.5886465e-01
  -7.3555520e-01
  -7.0363279e-01
  -7.1063946e-01
  -7.6710076e-01
  -8.7593555e-01
  -1.0425301e+00
  -1.1987108e+00
  -1.3845092e+00
  -1.6115209e+00
  -1.7529611e+00
  -1.8419637e+00
  -1.8607174e+00
  -1.7767579e+00
  -1.6820220e+00
  -1.3920057e+00
  -1.3422072e+00
  -1.2878291e+00
  -1.2257620e+00
  -1.2150813e+00
  -1.2396803e+00
  -1.3204360e+00
  -1.3859038e+00
  -1.4073593e+00
  -1.3883564e+00
  -1.3351748e+00
  -1.2486999e+00
  -1.1204231e+00
  -9.9246844e-01
  -8.6260215e-01
  -7.1018090e-01
  -5.7050727e-01
  -4.3302553e-01
  -3.0522082e-01
  -2.4980323e-01
  -2.0531975e-01
  -2.0905172e-01
  -2.7644317e-01
  -3.7124733e-01
  -5.3652236e-01
  -7.1910653e-01
  -9.7458127e-01
  -1.4460568e+00
  -1.9314139e+00
  -2.4579812e+00
  -2.1153132e+00
  -1.3933366e+00
  -6.1889519e-01
  -8.9443727e-01
  -2.3365732e+00
  -3.4762918e+00
  -2.3739614e+00
   6.5758617e-02
   1.2014820e+00
   3.2982812e-01
  -1.0951092e+00
  -2.1282838e+00
  -3.5583771e+00
  -2.8737451e+00
  -1.8369349e+00
  -2.1913511e+00
  -1.0822212e+00
  -3.4125151e-01
   1.0246978e+00
   1.7564059e+00
   1.4645352e+00
   1.1734661e+00
   9.2862235e-01
   6.1359507e-01
   2.2149325e-01
  -5.0816663e-02
  -2.1414504e-01
  -2.8783178e-01
  -2.8715847e-01
  -2.8023455e-01
  -3.2387657e-01
  -4.1232311e-01
  -5.5100533e-01
  -7.4100986e-01
  -8.9894296e-01
  -1.0832503e+00
  -1.3187421e+00
  -1.4761810e+00
  -1.5804964e+00
  -1.6256930e+00
  -1.5628899e+00
  -1.4738326e+00
  -1.1470158e+00
  -1.0964564e+00
  -1.0530630e+00
  -9.9766418e-01
  -9.8501563e-01
  -9.9582850e-01
  -1.0588630e+00
  -1.1203143e+00
  -1.1436607e+00
  -1.1443184e+00
  -1.1167567e+00
  -1.0527981e+00
  -9.5196891e-01
  -8.4721304e-01
  -7.4110905e-01
  -6.2703047e-01
  -5.1896355e-01
  -4.1000242e-01
  -3.0249473e-01
  -2.5287242e-01
  -2.0309266e-01
  -1.7822619e-01
  -2.2088313e-01
  -2.8794460e-01
  -4.0146500e-01
  -5.1705727e-01
  -6.7626350e-01
  -1.0121576e+00
  -1.3305374e+00
  -1.5096433e+00
  -1.5292169e+00
  -1.4393211e+00
  -9.5302277e-01
  -7.6439767e-01
  -1.6076966e+00
  -2.5038515e+00
  -2.3709537e+00
  -2.3771275e-01
   1.0545116e+00
   3.8159769e-01
  -9.5288804e-01
  -1.5206327e+00
  -2.7666335e+00
  -2.8126526e+00
  -2.1189776e+00
  -1.8855410e+00
  -1.0645305e+00
  -3.8469036e-01
   6.5741076e-01
   1.4143578e+00
   1.3750710e+00
   1.2550578e+00
   1.1363615e+00
   9.3639138e-01
   6.4332040e-01
   4.1982783e-01
   2.8616305e-01
   2.2053273e-01
   2.0014019e-01
   1.8166120e-01
   9.8669387e-02
  -2.5448812e-02
  -1.9841352e-01
  -4.1816880e-01
  -5.7911777e-01
  -7.5720478e-01
  -9.9262836e-01
  -1.1634365e+00
  -1.2811417e+00
  -1.3500722e+00
  -1.3118064e+00
  -1.2321575e+00
  -6.9391942e-01
  -6.4395106e-01
  -6.1266034e-01
  -5.7777774e-01
  -5.7903497e-01
  -5.8897749e-01
  -6.2428155e-01
  -6.7078045e-01
  -6.8492942e-01
  -6.8849192e-01
  -6.9149651e-01
  -6.5693174e-01
  -5.8530902e-01
  -5.0660199e-01
  -4.2736044e-01
  -3.5460708e-01
  -2.9691720e-01
  -2.3192588e-01
  -1.6856342e-01
  -1.3828277e-01
  -1.0702192e-01
  -6.9565432e-02
  -7.9202058e-02
  -1.1676603e-01
  -1.8421950e-01
  -2.3299850e-01
  -2.8290646e-01
  -4.3431226e-01
  -6.0841458e-01
  -7.1594236e-01
  -6.4332620e-01
  -6.8900770e-01
  -8.3077932e-01
  -5.5361124e-01
  -8.1688806e-01
  -1.4105474e+00
  -1.6839184e+00
  -3.8185307e-01
   5.5004132e-01
   2.2392782e-01
  -4.9675780e-01
  -1.3075545e+00
  -1.7143938e+00
  -1.7740625e+00
  -2.1118854e+00
  -5.3027281e-01
   2.8723853e-01
   2.3442721e-01
   1.5965486e-01
   5.8617204e-01
   8.8674335e-01
   9.1416991e-01
   9.3643819e-01
   8.9103701e-01
   7.7624806e-01
   6.8710889e-01
   7.1435592e-01
   8.0343785e-01
   8.2591370e-01
   8.1924643e-01
   7.3621742e-01
   5.9171862e-01
   3.8668896e-01
   1.2017046e-01
  -6.9872482e-02
  -2.5373065e-01
  -4.7409681e-01
  -6.4443416e-01
  -7.6750223e-01
  -8.4511443e-01
  -8.3552501e-01
  -7.7659221e-01
  -3.9926014e-01
  -3.4618192e-01
  -3.1174178e-01
  -2.8399520e-01
  -2.9322623e-01
  -3.1132843e-01
  -3.3939683e-01
  -3.7502758e-01
  -3.8423096e-01
  -3.8110771e-01
  -3.9060466e-01
  -3.7054126e-01
  -3.1830177e-01
  -2.5430950e-01
  -1.8871069e-01
  -1.3330752e-01
  -1.0022480e-01
  -6.2051378e-02
  -2.5660880e-02
  -3.5354360e-03
   1.8540761e-02
   5.1820069e-02
   5.8138592e-02
   4.0428027e-02
  -9.0088930e-03
  -4.2683920e-02
  -5.6650380e-02
  -1.3151425e-01
  -2.2804919e-01
  -2.9571359e-01
  -2.5271426e-01
  -2.7100449e-01
  -4.3205274e-01
  -3.2094372e-01
  -4.7395455e-01
  -9.0676131e-01
  -1.2016810e+00
  -2.9190204e-01
   2.7532561e-01
   7.5302430e-03
  -4.8903286e-01
  -1.0338871e+00
  -1.3055457e+00
  -1.0631485e+00
  -1.2502674e+00
  -9.2059447e-02
   7.2663818e-01
   6.0405237e-01
  -8.3865910e-02
  -8.2151297e-02
   1.8208170e-01
   3.0263245e-01
   4.7593347e-01
   5.2375760e-01
   5.0321553e-01
   4.4666341e-01
   6.1012875e-01
   8.7473458e-01
   9.7118130e-01
   9.9817034e-01
   9.4981568e-01
   8.3302058e-01
   6.5677549e-01
   4.0614945e-01
   2.1492922e-01
   3.4751901e-02
  -1.7108459e-01
  -3.2806071e-01
  -4.4620997e-01
  -5.1840277e-01
  -5.1769166e-01
  -4.7457637e-01
  -1.0741609e-01
  -5.2932076e-02
  -1.4463176e-02
   1.3163015e-02
   2.9487276e-03
  -2.1020995e-02
  -4.3280068e-02
  -6.8350487e-02
  -7.2883640e-02
  -6.1163435e-02
  -7.2514587e-02
  -6.3014143e-02
  -3.0084190e-02
   1.5554653e-02
   6.7386814e-02
   1.0593389e-01
   1.1693230e-01
   1.2889274e-01
   1.3690644e-01
   1.4963765e-01
   1.6687096e-01
   1.9858499e-01
   2.1814378e-01
   2.2039067e-01
   1.9090261e-01
   1.6722498e-01
   1.7524334e-01
   1.5774758e-01
   1.2091317e-01
   9.1958555e-02
   1.1821307e-01
   1.0533955e-01
  -4.9948003e-02
  -8.3794057e-02
  -1.5446056e-01
  -4.2796466e-01
  -7.4247000e-01
  -2.3831812e-01
   3.8042909e-02
  -2.0568821e-01
  -4.2873210e-01
  -5.8768909e-01
  -7.2843096e-01
  -4.4721036e-01
  -4.9412134e-01
   1.6145367e-01
   7.9769350e-01
   8.0672781e-01
  -6.1316980e-02
  -4.1515933e-01
  -3.8768308e-01
  -1.8714075e-01
   1.5086258e-01
   1.5913751e-01
   2.0985773e-01
   1.4620077e-01
   3.4410419e-01
   7.5589894e-01
   9.6605750e-01
   1.0617928e+00
   1.0635765e+00
   9.8522198e-01
   8.5022874e-01
   6.3123252e-01
   4.5148610e-01
   2.8572011e-01
   1.0518263e-01
  -3.0419424e-02
  -1.3684740e-01
  -2.0058598e-01
  -2.0307549e-01
  -1.7126834e-01
   1.7566461e-01
   2.2899626e-01
   2.7125505e-01
   3.0620874e-01
   3.0289952e-01
   2.7709525e-01
   2.5943492e-01
   2.4446720e-01
   2.4427138e-01
   2.6680680e-01
   2.5993773e-01
   2.6402335e-01
   2.7940739e-01
   3.0282612e-01
   3.3989761e-01
   3.6189061e-01
   3.5354631e-01
   3.4059083e-01
   3.1963567e-01
   3.2115002e-01
   3.3798102e-01
   3.7096822e-01
   4.0047413e-01
   4.2237310e-01
   4.1474274e-01
   3.9701782e-01
   4.1098741e-01
   4.2675131e-01
   4.2731124e-01
   4.3313354e-01
   4.5789298e-01
   4.2922580e-01
   3.0519165e-01
   1.5810904e-01
   1.3359215e-01
   8.0715696e-03
  -3.1508999e-01
  -2.1289930e-01
  -1.4163452e-01
  -3.6159734e-01
  -2.8170802e-01
  -2.8410544e-03
  -3.5743247e-02
   7.7951386e-03
   8.1561532e-02
   2.2493650e-01
   4.7936837e-01
   7.9570851e-01
   2.1697102e-01
  -3.8815032e-01
  -7.7804714e-01
  -4.8888286e-01
  -9.9574939e-03
  -1.4740731e-01
  -7.3126671e-02
  -1.6999663e-01
  -5.2317886e-02
   4.4600469e-01
   7.9535514e-01
   9.9231491e-01
   1.0605758e+00
   1.0313013e+00
   9.4974579e-01
   7.7927110e-01
   6.2544428e-01
   4.8508075e-01
   3.4110888e-01
   2.3602874e-01
   1.4937562e-01
   9.8123825e-02
   9.9415301e-02
   1.2631617e-01
   4.7765656e-01
   5.2283923e-01
   5.5841845e-01
   6.0068178e-01
   6.0862342e-01
   5.9517934e-01
   5.8660284e-01
   5.8318897e-01
   5.8814190e-01
   6.2558330e-01
   6.3659669e-01
   6.4203559e-01
   6.5142343e-01
   6.4782123e-01
   6.5809283e-01
   6.5697837e-01
   6.2419477e-01
   5.8596313e-01
   5.3751537e-01
   5.2039376e-01
   5.3391830e-01
   5.6842264e-01
   6.0726499e-01
   6.4990429e-01
   6.6790524e-01
   6.7223472e-01
   6.8587373e-01
   7.1286460e-01
   7.3346687e-01
   7.5749647e-01
   7.9200936e-01
   7.6971508e-01
   6.6779539e-01
   4.6143279e-01
   4.3999359e-01
   4.0872362e-01
   1.5871390e-01
  -7.1093992e-02
  -2.0725884e-01
  -4.3019289e-02
   1.8462001e-01
   2.6078695e-01
   1.8744302e-01
   3.1904658e-02
   1.8027886e-01
   4.1319619e-01
   1.9506010e-01
   4.7880717e-01
   2.3911978e-01
  -4.0711669e-01
  -9.6034050e-01
  -3.4014633e-01
  -5.3690415e-02
  -5.7603272e-03
  -1.1835614e-01
  -9.2916355e-02
  -1.1166574e-01
   2.1091955e-01
   5.6488672e-01
   8.3406543e-01
   9.8106118e-01
   1.0033937e+00
   9.7568214e-01
   8.6377029e-01
   7.4883159e-01
   6.3369207e-01
   5.3122934e-01
   4.6852427e-01
   4.1286808e-01
   3.8426335e-01
   3.9788799e-01
   4.3281908e-01
   6.6213165e-01
   7.0576541e-01
   7.4033620e-01
   7.7963163e-01
   7.8874493e-01
   7.9494336e-01
   7.8933899e-01
   7.9985503e-01
   8.1309207e-01
   8.5120958e-01
   8.8707700e-01
   9.0076769e-01
   9.2297079e-01
   9.0906006e-01
   8.9506724e-01
   8.6339268e-01
   8.0895531e-01
   7.5299003e-01
   6.8345069e-01
   6.5145904e-01
   6.5067528e-01
   6.7716479e-01
   7.2905483e-01
   7.8401291e-01
   8.3579353e-01
   8.6614528e-01
   8.8262338e-01
   9.2555889e-01
   9.5005877e-01
   9.8003292e-01
   1.0207007e+00
   1.0047481e+00
   9.3053733e-01
   7.3512559e-01
   6.9182835e-01
   6.8504459e-01
   4.3247215e-01
   1.4384895e-01
  -1.0574892e-01
   2.0631878e-01
   3.1659353e-01
   2.6145464e-01
   2.2307511e-01
   1.8143098e-01
   4.2828053e-01
   5.6918053e-01
  -2.5298039e-01
  -7.8299427e-02
  -1.5389403e-01
  -7.0991441e-01
  -1.3813945e+00
  -3.2821341e-02
  -5.8785687e-03
  -2.8248833e-01
  -1.1181873e-01
  -1.1202377e-01
  -3.8127978e-01
  -1.4084515e-01
   2.3266910e-01
   5.5724023e-01
   8.1992901e-01
   8.9750536e-01
   9.1573853e-01
   8.5905164e-01
   7.7705421e-01
   6.8051950e-01
   6.0039925e-01
   5.6949959e-01
   5.3625847e-01
   5.3582530e-01
   5.6051725e-01
   6.0751051e-01
   7.2402563e-01
   7.7923970e-01
   8.1676099e-01
   8.5889324e-01
   8.7232417e-01
   8.8194560e-01
   8.9760087e-01
   9.0984063e-01
   9.3449414e-01
   9.7022164e-01
   1.0207140e+00
   1.0411194e+00
   1.0751146e+00
   1.0679277e+00
   1.0434090e+00
   9.8869288e-01
   9.1904076e-01
   8.4470151e-01
   7.5414711e-01
   7.0815287e-01
   6.8791662e-01
   7.1337908e-01
   7.6430817e-01
   8.3132099e-01
   9.1795356e-01
   9.7177851e-01
   1.0177796e+00
   1.0556560e+00
   1.0967603e+00
   1.1244283e+00
   1.1739719e+00
   1.1612882e+00
   1.1006512e+00
   9.4452381e-01
   8.7688563e-01
   8.6478476e-01
   6.1558255e-01
   2.6613566e-01
   1.1723730e-01
   3.2651516e-01
   3.0784305e-01
   2.6723259e-01
   3.1797444e-01
   3.6319207e-01
   5.7916383e-01
   7.0382547e-01
  -4.0299997e-01
  -2.9144839e-01
  -3.3961892e-01
  -9.9556439e-01
  -1.6577997e+00
  -3.1697789e-01
   1.6223903e-01
  -9.9994443e-02
   2.2184055e-02
  -2.5870388e-01
  -3.2830655e-01
  -2.1466374e-01
   1.0160373e-01
   3.8827644e-01
   6.8046520e-01
   7.7059805e-01
   8.0367831e-01
   7.7465243e-01
   7.1041234e-01
   6.3604274e-01
   5.6395444e-01
   5.6155585e-01
   5.4229285e-01
   5.8214108e-01
   6.0813735e-01
   6.7536151e-01
   6.9666407e-01
   7.5027238e-01
   7.9553850e-01
   8.4062715e-01
   8.6659359e-01
   8.8362735e-01
   9.1370665e-01
   9.2801876e-01
   9.6123751e-01
   1.0055325e+00
   1.0622260e+00
   1.0875158e+00
   1.1294948e+00
   1.1298156e+00
   1.1048880e+00
   1.0315413e+00
   9.5717376e-01
   8.6707893e-01
   7.6168066e-01
   6.9578871e-01
   6.6231712e-01
   6.7777623e-01
   7.2475069e-01
   8.0372673e-01
   9.1983315e-01
   1.0042009e+00
   1.0720624e+00
   1.1344400e+00
   1.1779144e+00
   1.2196209e+00
   1.2551375e+00
   1.2645776e+00
   1.2141299e+00
   1.1157359e+00
   1.0199728e+00
   9.8959465e-01
   7.2287755e-01
   4.3915153e-01
   4.3342504e-01
   4.3400097e-01
   2.8825233e-01
   2.4939012e-01
   4.1142940e-01
   5.8665801e-01
   6.3843191e-01
   6.7801026e-01
  -2.8903516e-01
  -4.3942823e-01
  -4.7028759e-01
  -1.1777490e+00
  -1.7238610e+00
  -1.1686072e+00
  -4.6138451e-01
  -1.6164290e-01
   8.3063729e-02
  -1.6560013e-01
  -3.9867106e-01
  -1.7658435e-01
   5.9501473e-02
   3.0937021e-01
   5.3387245e-01
   6.2848826e-01
   6.4536979e-01
   6.3406579e-01
   5.7638284e-01
   5.1960751e-01
   4.6176506e-01
   4.7027261e-01
   4.7476312e-01
   5.2872959e-01
   5.6784062e-01
   6.3571652e-01
   5.6375650e-01
   6.1358143e-01
   6.6212274e-01
   7.1101209e-01
   7.4742266e-01
   7.7866081e-01
   8.1552009e-01
   8.3902389e-01
   8.7602525e-01
   9.3657339e-01
   9.9544520e-01
   1.0316094e+00
   1.0772639e+00
   1.0824504e+00
   1.0594533e+00
   9.7889285e-01
   9.0080256e-01
   8.0778552e-01
   6.9358091e-01
   6.1265063e-01
   5.6716916e-01
   5.6608966e-01
   6.0467105e-01
   6.9282826e-01
   8.2995074e-01
   9.4513314e-01
   1.0330044e+00
   1.1368876e+00
   1.1802447e+00
   1.2404989e+00
   1.2624175e+00
   1.2976251e+00
   1.2708191e+00
   1.2311349e+00
   1.1208665e+00
   1.0568100e+00
   7.6520948e-01
   5.7064755e-01
   6.1560101e-01
   5.0092048e-01
   2.7226173e-01
   1.5519574e-01
   3.2123138e-01
   7.7115468e-01
   7.0481122e-01
   5.6406153e-01
  -7.1314449e-02
  -6.1971874e-01
  -6.4848052e-01
  -1.2889204e+00
  -1.6921184e+00
  -1.8022061e+00
  -1.2986816e+00
  -7.1086540e-01
  -3.7291271e-01
  -4.0032085e-01
  -5.2314853e-01
  -1.8186425e-01
   2.5750207e-02
   2.2187537e-01
   3.8335934e-01
   4.5227208e-01
   4.6574139e-01
   4.4421424e-01
   3.9896906e-01
   3.4559996e-01
   3.0938615e-01
   3.1099052e-01
   3.3421104e-01
   3.7966118e-01
   4.3006773e-01
   4.8713579e-01
   3.1700878e-01
   3.7362050e-01
   4.2002113e-01
   4.7030236e-01
   5.1150596e-01
   5.5147226e-01
   5.9915245e-01
   6.3588207e-01
   6.8079181e-01
   7.4798294e-01
   8.1380294e-01
   8.6546282e-01
   9.2022688e-01
   9.2685956e-01
   9.0935807e-01
   8.3020484e-01
   7.4822635e-01
   6.6442523e-01
   5.5483497e-01
   4.7110470e-01
   4.0769558e-01
   3.9190041e-01
   4.1801755e-01
   5.1187200e-01
   6.5496266e-01
   7.9227518e-01
   9.0461552e-01
   1.0434298e+00
   1.0995256e+00
   1.1706007e+00
   1.1960119e+00
   1.2428482e+00
   1.2588786e+00
   1.2577031e+00
   1.1702202e+00
   1.0407209e+00
   7.8517466e-01
   5.3474568e-01
   5.6177166e-01
   5.4042810e-01
   3.6098369e-01
   7.2787321e-02
  -7.8438310e-02
   6.2516728e-01
   7.3108212e-01
   3.6830356e-01
  -3.6976443e-02
  -6.0813724e-01
  -8.4611829e-01
  -1.3597117e+00
  -1.6181353e+00
  -1.7127704e+00
  -1.4750700e+00
  -1.1209969e+00
  -8.3528364e-01
  -7.3163376e-01
  -4.9678269e-01
  -2.3501598e-01
  -5.0612252e-02
   8.2600620e-02
   2.0998203e-01
   2.3908554e-01
   2.5267311e-01
   2.1198406e-01
   1.6524531e-01
   1.0813054e-01
   7.9049332e-02
   8.2333180e-02
   1.0106976e-01
   1.4359373e-01
   1.8982143e-01
   2.4309378e-01
  -2.6748351e-03
   6.9359177e-02
   1.1606007e-01
   1.6078186e-01
   2.0828657e-01
   2.3762710e-01
   3.0208196e-01
   3.4053145e-01
   4.0198448e-01
   4.6306841e-01
   5.3587192e-01
   6.0378436e-01
   6.5922307e-01
   6.7730943e-01
   6.5929977e-01
   5.9891889e-01
   5.1626316e-01
   4.4722317e-01
   3.6461766e-01
   2.8177447e-01
   2.1289956e-01
   1.7843939e-01
   2.0778797e-01
   2.8959105e-01
   4.3417971e-01
   5.7020643e-01
   7.0793534e-01
   8.6142414e-01
   9.4094675e-01
   1.0245277e+00
   1.0434391e+00
   1.1090715e+00
   1.1464637e+00
   1.2015177e+00
   1.1239128e+00
   9.4675285e-01
   7.3670122e-01
   3.7212625e-01
   4.3806799e-01
   5.5263201e-01
   7.3600943e-01
   8.2724205e-01
   2.1656628e-01
   5.9392321e-01
   8.6849794e-01
   1.5824046e-01
  -1.6807730e-01
  -4.0566338e-01
  -9.2752760e-01
  -1.3414877e+00
  -1.4918902e+00
  -1.4590525e+00
  -1.2665813e+00
  -9.8931730e-01
  -7.1171867e-01
  -5.5769219e-01
  -4.0715651e-01
  -2.4453038e-01
  -1.5239119e-01
  -5.6800447e-02
   7.0421532e-03
   1.3850935e-02
   6.8307090e-03
  -5.0297807e-02
  -1.1288366e-01
  -1.8525209e-01
  -2.1878908e-01
  -2.1117245e-01
  -2.0213097e-01
  -1.5205062e-01
  -1.1907985e-01
  -5.8703805e-02
  -2.8767173e-01
  -2.0979809e-01
  -1.5637373e-01
  -1.0790904e-01
  -7.5461225e-02
  -4.6494053e-02
   6.2331914e-03
   4.3395597e-02
   1.0274785e-01
   1.4964761e-01
   2.3099512e-01
   2.9672627e-01
   3.4274028e-01
   3.7202528e-01
   3.3994326e-01
   3.2007458e-01
   2.4034226e-01
   1.8637861e-01
   1.3645234e-01
   4.9595648e-02
   1.0410446e-02
  -3.6409516e-02
   2.8638980e-03
   7.4677640e-02
   1.9206616e-01
   3.3879405e-01
   4.6168634e-01
   6.1490970e-01
   7.2242773e-01
   7.8648400e-01
   8.5144518e-01
   8.8103866e-01
   9.5005626e-01
   1.0607446e+00
   9.4993299e-01
   8.5240354e-01
   5.2216529e-01
   2.3191202e-01
   3.4253105e-01
   5.1492839e-01
   1.0775662e+00
   1.8118440e+00
   1.2636769e+00
   9.7441617e-01
   7.3446803e-01
   5.8407448e-02
  -1.0682346e-01
  -3.9350884e-01
  -9.3878840e-01
  -1.2804318e+00
  -1.4473932e+00
  -1.3934252e+00
  -1.2283972e+00
  -9.7987790e-01
  -7.2772232e-01
  -5.7348178e-01
  -4.4030084e-01
  -3.1683851e-01
  -2.5815850e-01
  -2.0154459e-01
  -1.7029109e-01
  -1.7901725e-01
  -2.0017719e-01
  -2.7052932e-01
  -3.3450006e-01
  -4.0931366e-01
  -4.5420818e-01
  -4.6283051e-01
  -4.5337431e-01
  -4.2316828e-01
  -3.9682716e-01
  -3.4834249e-01
  -5.1789220e-01
  -4.5653363e-01
  -3.7895703e-01
  -3.4019678e-01
  -3.1044009e-01
  -2.6881090e-01
  -2.3993970e-01
  -1.8126989e-01
  -1.5225283e-01
  -1.1041837e-01
  -2.9827748e-02
   6.0895554e-03
   6.6247769e-02
   8.0547078e-02
   5.8286400e-02
   6.3012662e-02
   6.5521407e-03
  -3.0057464e-02
  -8.1255011e-02
  -1.5490875e-01
  -1.7172202e-01
  -2.0258111e-01
  -1.6870455e-01
  -1.0677388e-01
  -1.8335505e-02
   1.1762826e-01
   2.0692574e-01
   3.5508196e-01
   4.5044440e-01
   5.1075479e-01
   6.0112668e-01
   5.7559703e-01
   6.7609128e-01
   7.5707447e-01
   6.9782938e-01
   6.7164687e-01
   2.7082262e-01
   1.1295987e-01
   1.9999446e-01
   5.5471817e-01
   1.6470713e+00
   2.5887577e+00
   1.1765722e+00
   4.6772987e-01
   3.0125068e-01
   7.2727738e-02
  -7.2473926e-02
  -4.5063636e-01
  -9.9569224e-01
  -1.2647592e+00
  -1.4514312e+00
  -1.4221521e+00
  -1.2673269e+00
  -1.0768031e+00
  -8.2511039e-01
  -6.6851069e-01
  -5.3121351e-01
  -4.1158709e-01
  -3.4993695e-01
  -3.0722134e-01
  -2.9497491e-01
  -2.9996609e-01
  -3.3652246e-01
  -4.0423266e-01
  -4.5833173e-01
  -5.1741905e-01
  -5.7110595e-01
  -5.9849116e-01
  -6.0547030e-01
  -5.9997323e-01
  -6.0616329e-01
  -5.7979882e-01
  -7.1544522e-01
  -6.7212743e-01
  -6.1025399e-01
  -5.6620866e-01
  -5.2448309e-01
  -4.7886985e-01
  -4.3528466e-01
  -3.7932863e-01
  -3.3859168e-01
  -2.8959214e-01
  -2.3502982e-01
  -2.0429588e-01
  -1.6354481e-01
  -1.4493384e-01
  -1.5012672e-01
  -1.4181914e-01
  -1.4986501e-01
  -1.8058774e-01
  -2.2918003e-01
  -2.7651443e-01
  -3.0009266e-01
  -3.0079729e-01
  -2.8649375e-01
  -2.4108189e-01
  -1.5993926e-01
  -8.5830854e-02
   4.1813317e-03
   1.0930170e-01
   1.7997638e-01
   2.5361999e-01
   2.7691544e-01
   2.7393945e-01
   3.2021678e-01
   3.4851526e-01
   3.5326769e-01
   2.8463276e-01
   4.5457492e-02
  -1.0357444e-01
  -1.8430244e-01
   2.2977356e-01
   1.1549249e+00
   1.5668263e+00
   5.6763734e-01
   2.2644093e-01
   3.6144115e-01
   1.4148174e-01
  -2.1824132e-01
  -5.6554985e-01
  -1.0044798e+00
  -1.2428429e+00
  -1.3725925e+00
  -1.3699279e+00
  -1.2307180e+00
  -1.0704085e+00
  -8.5871992e-01
  -6.8620024e-01
  -5.6323600e-01
  -4.5163297e-01
  -3.8978913e-01
  -3.6549674e-01
  -3.4978324e-01
  -3.6027282e-01
  -4.0745286e-01
  -4.7331895e-01
  -5.2761264e-01
  -5.7855568e-01
  -6.3110231e-01
  -6.7514307e-01
  -6.9777059e-01
  -7.2134357e-01
  -7.5015921e-01
  -7.4474315e-01
  -7.9883031e-01
  -7.8644986e-01
  -7.6614608e-01
  -7.2999843e-01
  -6.9208953e-01
  -6.4846538e-01
  -5.9582732e-01
  -5.5021745e-01
  -4.9265112e-01
  -4.2191373e-01
  -3.8031996e-01
  -3.5015670e-01
  -3.1872941e-01
  -3.0360712e-01
  -2.9746197e-01
  -2.8702592e-01
  -2.7534249e-01
  -2.7649537e-01
  -3.0178403e-01
  -3.2314498e-01
  -3.3208557e-01
  -3.3539454e-01
  -3.2357472e-01
  -2.8684277e-01
  -2.2427265e-01
  -1.6909215e-01
  -1.1442775e-01
  -5.0060892e-02
   4.4951349e-03
   5.4188594e-02
   7.7204533e-02
   7.2033575e-02
   7.8848879e-02
   9.8657322e-02
   9.9220343e-02
   6.8882252e-02
  -4.7256334e-02
  -1.7567526e-01
  -2.0878853e-01
  -5.3284230e-02
   1.9523070e-01
   4.3975771e-01
   5.6922998e-01
   4.7760414e-01
   2.7800678e-01
  -1.9696784e-02
  -3.1711530e-01
  -6.1351208e-01
  -8.9338654e-01
  -1.0429336e+00
  -1.1191349e+00
  -1.1072053e+00
  -1.0294563e+00
  -9.1389366e-01
  -7.5011122e-01
  -6.2040069e-01
  -5.1230426e-01
  -4.2082247e-01
  -3.7732026e-01
  -3.5395307e-01
  -3.4872690e-01
  -3.6830087e-01
  -4.0598645e-01
  -4.6062065e-01
  -5.0815692e-01
  -5.5701645e-01
  -6.1520931e-01
  -6.6224625e-01
  -7.0619067e-01
  -7.5645787e-01
  -7.8994862e-01
  -8.0425330e-01
  -7.2751439e-01
  -7.2775719e-01
  -7.2676338e-01
  -7.1927886e-01
  -7.0115527e-01
  -6.7319358e-01
  -6.2872797e-01
  -5.8595213e-01
  -5.3934276e-01
  -4.8510260e-01
  -4.4618541e-01
  -4.1265062e-01
  -3.7808594e-01
  -3.5664915e-01
  -3.4066637e-01
  -3.2191294e-01
  -3.0889509e-01
  -3.0177310e-01
  -2.9871694e-01
  -2.9395622e-01
  -2.8601246e-01
  -2.7579170e-01
  -2.5927470e-01
  -2.2711503e-01
  -1.7322745e-01
  -1.3127199e-01
  -9.8515768e-02
  -5.9870073e-02
  -2.0647941e-02
   1.8762554e-02
   5.2353915e-02
   6.4018170e-02
   7.2083945e-02
   8.5924204e-02
   8.2999914e-02
   4.1356044e-02
  -6.4430508e-02
  -1.3928880e-01
  -1.3473508e-01
  -2.4012927e-02
   1.0730791e-01
   2.2541106e-01
   2.8506316e-01
   2.3312097e-01
   1.0079780e-01
  -1.2806190e-01
  -3.4297023e-01
  -5.4666346e-01
  -7.3609209e-01
  -8.2901344e-01
  -8.7015321e-01
  -8.6172191e-01
  -8.1533273e-01
  -7.4210232e-01
  -6.3227763e-01
  -5.3779467e-01
  -4.5403716e-01
  -3.8106569e-01
  -3.4565882e-01
  -3.2948470e-01
  -3.3211924e-01
  -3.4785133e-01
  -3.7214408e-01
  -4.1184296e-01
  -4.5062431e-01
  -4.9178858e-01
  -5.4373758e-01
  -5.8736163e-01
  -6.2822119e-01
  -6.7163743e-01
  -7.0030343e-01
  -7.1957835e-01
  -5.4794580e-01
  -5.4932150e-01
  -5.4993321e-01
  -5.4923274e-01
  -5.4393709e-01
  -5.3168480e-01
  -5.0627397e-01
  -4.7843050e-01
  -4.4754757e-01
  -4.0974899e-01
  -3.7964779e-01
  -3.5178941e-01
  -3.2067748e-01
  -2.9575573e-01
  -2.7234480e-01
  -2.4794965e-01
  -2.3010466e-01
  -2.1248208e-01
  -1.8946819e-01
  -1.7092400e-01
  -1.5554876e-01
  -1.4058772e-01
  -1.2608729e-01
  -1.0612662e-01
  -7.5300813e-02
  -4.9847595e-02
  -2.8407031e-02
  -5.1635115e-03
   1.6694596e-02
   3.9285098e-02
   5.7401279e-02
   6.3693022e-02
   6.6631336e-02
   6.2919819e-02
   4.8634187e-02
   2.3617077e-02
  -1.4417122e-02
  -3.5639302e-02
  -3.3572192e-02
  -1.3978825e-02
   1.8804238e-03
   8.4077959e-03
  -5.7957974e-03
  -4.4830731e-02
  -1.1160174e-01
  -2.2782071e-01
  -3.4093793e-01
  -4.4880664e-01
  -5.4859433e-01
  -5.9771125e-01
  -6.1781180e-01
  -6.0992796e-01
  -5.8417921e-01
  -5.4592692e-01
  -4.8585540e-01
  -4.2915625e-01
  -3.7385940e-01
  -3.1915134e-01
  -2.8951653e-01
  -2.7508426e-01
  -2.7522932e-01
  -2.8484610e-01
  -2.9978359e-01
  -3.2559581e-01
  -3.5443946e-01
  -3.8900072e-01
  -4.3328564e-01
  -4.6642845e-01
  -4.9407842e-01
  -5.1954474e-01
  -5.3376863e-01
  -5.4291881e-01
  -2.8972334e-01
  -2.8837709e-01
  -2.8519937e-01
  -2.7965589e-01
  -2.7358275e-01
  -2.6602107e-01
  -2.5507724e-01
  -2.4472453e-01
  -2.3329394e-01
  -2.1875430e-01
  -2.0641852e-01
  -1.9362491e-01
  -1.7714120e-01
  -1.6247007e-01
  -1.4701584e-01
  -1.2862903e-01
  -1.1445225e-01
  -1.0164238e-01
  -8.8285902e-02
  -7.8817915e-02
  -7.0363408e-02
  -6.1366582e-02
  -5.4950777e-02
  -4.9326967e-02
  -4.2864781e-02
  -3.7078827e-02
  -3.0950044e-02
  -2.3757942e-02
  -1.8485927e-02
  -1.4385486e-02
  -1.2229601e-02
  -1.3916156e-02
  -1.9046837e-02
  -2.9160285e-02
  -3.9722905e-02
  -5.0832865e-02
  -6.3871585e-02
  -7.4196071e-02
  -8.4260526e-02
  -9.7399613e-02
  -1.1020402e-01
  -1.2499020e-01
  -1.4557277e-01
  -1.6629601e-01
  -1.8991679e-01
  -2.2091214e-01
  -2.4730700e-01
  -2.7241907e-01
  -2.9670930e-01
  -3.0973123e-01
  -3.1541441e-01
  -3.1245095e-01
  -3.0331820e-01
  -2.8989571e-01
  -2.7011571e-01
  -2.5202274e-01
  -2.3341599e-01
  -2.1234299e-01
  -1.9775090e-01
  -1.8707884e-01
  -1.8059925e-01
  -1.8027620e-01
  -1.8405217e-01
  -1.9346463e-01
  -2.0451438e-01
  -2.1787751e-01
  -2.3556043e-01
  -2.5013499e-01
  -2.6339454e-01
  -2.7625965e-01
  -2.8391019e-01
  -2.8841670e-01
