   6.9299616e-02
   7.9511677e-02
   8.4640664e-02
   7.5938989e-02
   6.7387870e-02
   5.9315572e-02
   5.1254760e-02
   4.5822388e-02
   4.1128974e-02
   3.6032150e-02
   3.1395879e-02
   2.6154925e-02
   1.9482035e-02
   1.7760304e-02
   2.2951183e-02
   0.0000000e+00
   0.0000000e+00
   0.0000000e+00
   0.0000000e+00
   0.0000000e+00
   8.6273258e-03
   6.6822603e-03
   2.0091176e-03
  -4.5245896e-03
  -1.4376322e-02
  -2.3429108e-02
  -3.1956037e-02
  -9.1605081e-03
  -0.0000000e+00
  -0.0000000e+00
  -0.0000000e+00
  -0.0000000e+00
  -0.0000000e+00
  -0.0000000e+00
  -0.0000000e+00
  -0.0000000e+00
  -0.0000000e+00
  -0.0000000e+00
  -0.0000000e+00
  -0.0000000e+00
  -0.0000000e+00
  -0.0000000e+00
  -0.0000000e+00
  -0.0000000e+00
  -0.0000000e+00
  -0.0000000e+00
  -0.0000000e+00
  -0.0000000e+00
  -0.0000000e+00
  -0.0000000e+00
  -0.0000000e+00
  -0.0000000e+00
  -0.0000000e+00
  -0.0000000e+00
  -0.0000000e+00
  -0.0000000e+00
  -0.0000000e+00
  -0.0000000e+00
  -0.0000000e+00
   0.0000000e+00
   0.0000000e+00
   0.0000000e+00
   0.0000000e+00
   0.0000000e+00
   0.0000000e+00
   0.0000000e+00
   0.0000000e+00
   0.0000000e+00
   0.0000000e+00
   0.0000000e+00
   0.0000000e+00
   3.5908861e-02
   1.2408081e-01
   1.0739839e-01
   9.1117902e-02
   6.8683467e-02
   5.5376977e-02
   4.5973142e-02
   3.7704511e-02
   3.3040347e-02
   3.0564242e-02
   2.8759415e-02
   2.5717213e-02
   1.9380800e-02
   6.7559148e-03
  -6.0580321e-03
  -1.2207394e-02
   0.0000000e+00
   0.0000000e+00
   0.0000000e+00
   0.0000000e+00
   0.0000000e+00
  -1.3291216e-03
  -6.1175867e-03
  -1.2548876e-02
  -2.5665709e-02
  -4.7598377e-02
  -3.9779885e-02
  -0.0000000e+00
   0.0000000e+00
   0.0000000e+00
   0.0000000e+00
   0.0000000e+00
   0.0000000e+00
   0.0000000e+00
   0.0000000e+00
   0.0000000e+00
   0.0000000e+00
   0.0000000e+00
   0.0000000e+00
   0.0000000e+00
   0.0000000e+00
   0.0000000e+00
   0.0000000e+00
   0.0000000e+00
   0.0000000e+00
   0.0000000e+00
   0.0000000e+00
   0.0000000e+00
   0.0000000e+00
   0.0000000e+00
   0.0000000e+00
   0.0000000e+00
   0.0000000e+00
   0.0000000e+00
   0.0000000e+00
   0.0000000e+00
   0.0000000e+00
   0.0000000e+00
   0.0000000e+00
   0.0000000e+00
   0.0000000e+00
   0.0000000e+00
   0.0000000e+00
   0.0000000e+00
   0.0000000e+00
   0.0000000e+00
   0.0000000e+00
   0.0000000e+00
   0.0000000e+00
   0.0000000e+00
   0.0000000e+00
   0.0000000e+00
   1.4334561e-01
   8.8910891e-02
   6.4009397e-02
   4.7454472e-02
   3.4355492e-02
   2.6329071e-02
   2.0799890e-02
   1.5591846e-02
   1.1895387e-02
   9.6944779e-03
   8.9819213e-03
   7.7627288e-03
   5.3622671e-03
   1.7820877e-03
  -1.9273851e-03
  -7.2445552e-03
  -1.9170369e-02
  -3.5880800e-02
  -4.6497456e-02
   0.0000000e+00
   0.0000000e+00
   0.0000000e+00
  -0.0000000e+00
  -1.9570920e-02
  -2.8313422e-02
  -6.5341915e-02
  -9.4708771e-02
   0.0000000e+00
   0.0000000e+00
   0.0000000e+00
   0.0000000e+00
   0.0000000e+00
   0.0000000e+00
   0.0000000e+00
   0.0000000e+00
   0.0000000e+00
   0.0000000e+00
   0.0000000e+00
   0.0000000e+00
   0.0000000e+00
   0.0000000e+00
   0.0000000e+00
   0.0000000e+00
   0.0000000e+00
   0.0000000e+00
   0.0000000e+00
   0.0000000e+00
   0.0000000e+00
   0.0000000e+00
   0.0000000e+00
   0.0000000e+00
   0.0000000e+00
   0.0000000e+00
   0.0000000e+00
   0.0000000e+00
   0.0000000e+00
   0.0000000e+00
   0.0000000e+00
   0.0000000e+00
   0.0000000e+00
   0.0000000e+00
   0.0000000e+00
   0.0000000e+00
   0.0000000e+00
   0.0000000e+00
   0.0000000e+00
   0.0000000e+00
   0.0000000e+00
   0.0000000e+00
   0.0000000e+00
   0.0000000e+00
   0.0000000e+00
   1.2242202e-01
   6.7552367e-02
   4.3405401e-02
   3.0620473e-02
   1.9924084e-02
   1.2906355e-02
   8.6403180e-03
   4.8643883e-03
   1.9276574e-03
   5.0202395e-04
  -2.1411798e-04
  -1.9582828e-03
  -3.9196472e-03
  -4.3057847e-03
  -5.4712687e-03
  -8.6471320e-03
  -1.2882711e-02
  -2.0921055e-02
  -4.3577337e-02
  -6.4128012e-02
   0.0000000e+00
   0.0000000e+00
   0.0000000e+00
  -1.7663776e-02
  -2.1187419e-02
  -4.5524519e-02
  -6.8867994e-02
   0.0000000e+00
   0.0000000e+00
   0.0000000e+00
   0.0000000e+00
   0.0000000e+00
   0.0000000e+00
   0.0000000e+00
   0.0000000e+00
   0.0000000e+00
   0.0000000e+00
   0.0000000e+00
   0.0000000e+00
   0.0000000e+00
   0.0000000e+00
   0.0000000e+00
   0.0000000e+00
   0.0000000e+00
   0.0000000e+00
   0.0000000e+00
   0.0000000e+00
   0.0000000e+00
   0.0000000e+00
   0.0000000e+00
   0.0000000e+00
   0.0000000e+00
   0.0000000e+00
   0.0000000e+00
   0.0000000e+00
   0.0000000e+00
   0.0000000e+00
   0.0000000e+00
   0.0000000e+00
   0.0000000e+00
   0.0000000e+00
   0.0000000e+00
   0.0000000e+00
   0.0000000e+00
   0.0000000e+00
   0.0000000e+00
   0.0000000e+00
   0.0000000e+00
   0.0000000e+00
   0.0000000e+00
   0.0000000e+00
   0.0000000e+00
   1.0901129e-01
   4.8348558e-02
   2.9220008e-02
   1.7774764e-02
   8.4894834e-03
   4.5803378e-03
   4.9172126e-04
  -1.9736911e-03
  -2.8401703e-03
  -4.5978892e-03
  -5.0153273e-03
  -5.3777418e-03
  -6.8676231e-03
  -7.3652750e-03
  -7.2550042e-03
  -8.3673571e-03
  -1.1192851e-02
  -1.4211503e-02
  -1.9120486e-02
  -4.9659477e-02
  -7.2438820e-02
   0.0000000e+00
   0.0000000e+00
   0.0000000e+00
  -1.3789436e-02
  -1.9009500e-02
  -3.2056636e-02
  -4.1970366e-02
   0.0000000e+00
   0.0000000e+00
   0.0000000e+00
   0.0000000e+00
   0.0000000e+00
   0.0000000e+00
   0.0000000e+00
   0.0000000e+00
   0.0000000e+00
   0.0000000e+00
   0.0000000e+00
   0.0000000e+00
   0.0000000e+00
   0.0000000e+00
   0.0000000e+00
   0.0000000e+00
   0.0000000e+00
   0.0000000e+00
   0.0000000e+00
   0.0000000e+00
   0.0000000e+00
   0.0000000e+00
   0.0000000e+00
   0.0000000e+00
   0.0000000e+00
   0.0000000e+00
   0.0000000e+00
   0.0000000e+00
   0.0000000e+00
   0.0000000e+00
   0.0000000e+00
   0.0000000e+00
   0.0000000e+00
   0.0000000e+00
   0.0000000e+00
   0.0000000e+00
   0.0000000e+00
   0.0000000e+00
   0.0000000e+00
   0.0000000e+00
   0.0000000e+00
   0.0000000e+00
   0.0000000e+00
   0.0000000e+00
   8.7055469e-02
   2.6659412e-02
   1.5741904e-02
   5.6114613e-03
  -1.1603791e-04
  -2.4831706e-03
  -5.2607237e-03
  -5.3967833e-03
  -6.3615271e-03
  -6.5238886e-03
  -6.7554243e-03
  -7.4661489e-03
  -7.3517100e-03
  -8.3358130e-03
  -8.1149373e-03
  -8.8089970e-03
  -1.0340777e-02
  -1.1827160e-02
  -1.6441608e-02
  -2.4930994e-02
  -3.8556523e-02
   0.0000000e+00
   0.0000000e+00
   0.0000000e+00
  -1.0009245e-02
  -7.6589629e-03
  -1.8163960e-02
  -2.6652808e-02
   0.0000000e+00
   0.0000000e+00
   0.0000000e+00
   0.0000000e+00
   0.0000000e+00
   0.0000000e+00
   0.0000000e+00
   0.0000000e+00
   0.0000000e+00
   0.0000000e+00
   0.0000000e+00
   0.0000000e+00
   0.0000000e+00
   0.0000000e+00
   0.0000000e+00
   0.0000000e+00
   0.0000000e+00
   0.0000000e+00
   0.0000000e+00
   0.0000000e+00
   0.0000000e+00
   0.0000000e+00
   0.0000000e+00
   0.0000000e+00
   0.0000000e+00
   0.0000000e+00
   0.0000000e+00
   0.0000000e+00
   0.0000000e+00
   0.0000000e+00
   0.0000000e+00
   0.0000000e+00
   0.0000000e+00
   0.0000000e+00
   0.0000000e+00
   0.0000000e+00
   0.0000000e+00
   0.0000000e+00
   0.0000000e+00
   0.0000000e+00
   0.0000000e+00
   0.0000000e+00
   0.0000000e+00
   0.0000000e+00
   5.1728501e-02
   7.5846891e-03
  -1.5011191e-04
  -4.3545598e-03
  -7.8022794e-03
  -7.6358677e-03
  -7.9622948e-03
  -7.3254737e-03
  -6.6445522e-03
  -6.6958997e-03
  -6.0510558e-03
  -7.1085473e-03
  -6.9218931e-03
  -7.4153539e-03
  -8.1775139e-03
  -7.6705520e-03
  -1.0120033e-02
  -1.0520043e-02
  -1.3625994e-02
  -1.7590821e-02
  -1.8907713e-02
  -2.1127375e-02
   0.0000000e+00
   0.0000000e+00
   0.0000000e+00
  -1.2882106e-03
  -5.4210256e-03
  -1.4516706e-02
   0.0000000e+00
   0.0000000e+00
   0.0000000e+00
   0.0000000e+00
   0.0000000e+00
   0.0000000e+00
   0.0000000e+00
   0.0000000e+00
   0.0000000e+00
   0.0000000e+00
   0.0000000e+00
   0.0000000e+00
   0.0000000e+00
   0.0000000e+00
   0.0000000e+00
   0.0000000e+00
   0.0000000e+00
   0.0000000e+00
   0.0000000e+00
   0.0000000e+00
   0.0000000e+00
   0.0000000e+00
   0.0000000e+00
   0.0000000e+00
   9.8656127e-03
   4.1497879e-03
   9.0626130e-04
  -1.1349295e-02
  -1.9045994e-02
   0.0000000e+00
   0.0000000e+00
   0.0000000e+00
   0.0000000e+00
   0.0000000e+00
   0.0000000e+00
   0.0000000e+00
   0.0000000e+00
   0.0000000e+00
   0.0000000e+00
   0.0000000e+00
   0.0000000e+00
   0.0000000e+00
   0.0000000e+00
   2.6028959e-02
   2.1459880e-02
  -9.1364651e-03
  -1.1218987e-02
  -1.2151039e-02
  -1.0743175e-02
  -9.4008605e-03
  -7.0500938e-03
  -6.0559752e-03
  -4.0225171e-03
  -3.1010231e-03
  -3.0012127e-03
  -2.9365363e-03
  -4.1295122e-03
  -4.2655861e-03
  -6.2206345e-03
  -6.9257994e-03
  -9.1147620e-03
  -1.1227659e-02
  -1.1722996e-02
  -1.4458173e-02
  -1.1778346e-02
  -3.9527264e-02
   0.0000000e+00
   0.0000000e+00
   0.0000000e+00
  -3.1794750e-03
  -2.8185644e-03
  -4.2412985e-03
  -6.8628249e-03
  -1.3585327e-03
  -4.3168877e-03
   0.0000000e+00
   0.0000000e+00
   0.0000000e+00
   0.0000000e+00
   0.0000000e+00
   0.0000000e+00
   0.0000000e+00
   0.0000000e+00
   0.0000000e+00
   0.0000000e+00
   0.0000000e+00
   0.0000000e+00
   0.0000000e+00
   0.0000000e+00
   0.0000000e+00
   0.0000000e+00
   0.0000000e+00
   0.0000000e+00
   3.9623161e-02
   2.1815976e-02
   1.3926651e-02
   2.2626160e-03
  -5.0859185e-03
  -1.0391716e-02
  -1.5944697e-02
  -1.7736112e-02
  -1.7172829e-02
  -5.8482972e-03
   6.6690011e-03
   4.7297136e-03
   0.0000000e+00
   0.0000000e+00
   0.0000000e+00
   0.0000000e+00
   0.0000000e+00
   0.0000000e+00
   0.0000000e+00
   0.0000000e+00
   9.1248067e-03
   1.0778639e-02
   4.5972225e-03
  -1.4716849e-03
  -1.5085965e-02
  -1.5362700e-02
  -1.2994600e-02
  -9.9192943e-03
  -6.4366418e-03
  -3.8726869e-03
  -1.3627349e-03
   8.8473494e-05
   1.0542310e-03
   9.5034955e-04
  -1.1727189e-04
  -1.2372693e-03
  -3.7080622e-03
  -5.3294912e-03
  -7.5486086e-03
  -9.3151522e-03
  -1.1232654e-02
  -1.1723215e-02
  -1.1294757e-02
  -9.1762117e-03
  -5.4011738e-03
  -3.0828171e-03
   0.0000000e+00
   0.0000000e+00
  -4.7926463e-03
  -4.7631920e-03
  -6.4333578e-03
  -1.0384674e-03
  -1.0942635e-03
  -3.9938337e-03
   0.0000000e+00
   0.0000000e+00
   0.0000000e+00
   0.0000000e+00
   0.0000000e+00
   0.0000000e+00
   0.0000000e+00
   0.0000000e+00
   0.0000000e+00
   0.0000000e+00
   0.0000000e+00
   0.0000000e+00
   0.0000000e+00
   0.0000000e+00
   0.0000000e+00
   0.0000000e+00
   0.0000000e+00
   0.0000000e+00
   3.9535842e-02
   3.2858573e-02
   1.5710371e-02
   4.2153976e-04
  -8.6961262e-03
  -1.4002522e-02
  -1.7366270e-02
  -1.6838019e-02
  -1.3344990e-02
  -5.9913808e-03
   6.1530949e-03
   4.7037969e-03
   0.0000000e+00
   0.0000000e+00
   0.0000000e+00
   0.0000000e+00
   0.0000000e+00
   0.0000000e+00
   0.0000000e+00
   7.5524225e-03
   8.4496642e-03
  -1.4050453e-03
  -8.4903136e-03
  -1.3369895e-02
  -1.5683201e-02
  -1.4062845e-02
  -1.1853292e-02
  -8.2683124e-03
  -5.5788855e-03
  -2.9989644e-03
  -9.5506619e-04
   7.2021452e-04
   1.7505263e-03
   1.6745630e-03
   3.9703860e-04
  -1.1043480e-03
  -3.4659366e-03
  -5.7850948e-03
  -7.4209056e-03
  -1.0108804e-02
  -1.0892112e-02
  -1.1810859e-02
  -9.3317414e-03
  -7.8443290e-03
  -1.4867378e-03
  -2.7310930e-03
   1.8366450e-03
   0.0000000e+00
   0.0000000e+00
  -1.0679875e-02
  -1.2571500e-02
  -3.0837372e-03
   1.7784923e-03
  -6.3544193e-04
   0.0000000e+00
   0.0000000e+00
   0.0000000e+00
   0.0000000e+00
   0.0000000e+00
   0.0000000e+00
   0.0000000e+00
   0.0000000e+00
   0.0000000e+00
   0.0000000e+00
   0.0000000e+00
   0.0000000e+00
   0.0000000e+00
   0.0000000e+00
   0.0000000e+00
   0.0000000e+00
   0.0000000e+00
   0.0000000e+00
   3.8728792e-02
   2.8316547e-02
   1.0148848e-02
  -4.3315399e-03
  -1.1684853e-02
  -1.6050728e-02
  -1.8158986e-02
  -1.7434058e-02
  -1.3935096e-02
  -7.7429838e-03
  -8.7845459e-05
   4.4182969e-03
   8.3536279e-03
   0.0000000e+00
   0.0000000e+00
   0.0000000e+00
   0.0000000e+00
   0.0000000e+00
   4.0305135e-03
   7.0801735e-03
   2.0080365e-03
  -6.9377214e-03
  -1.2749174e-02
  -1.5104641e-02
  -1.7656704e-02
  -1.4901758e-02
  -1.2177533e-02
  -9.0958211e-03
  -6.3329149e-03
  -3.9939005e-03
  -1.5087577e-03
   4.4499668e-04
   1.9538101e-03
   1.9995408e-03
   8.0677486e-04
  -7.9825301e-04
  -3.1414975e-03
  -5.5425282e-03
  -7.3940472e-03
  -9.9579537e-03
  -1.0682110e-02
  -1.0759009e-02
  -8.4141317e-03
  -5.6539371e-03
  -6.6566532e-04
   3.2882747e-03
   1.8366450e-03
   0.0000000e+00
   0.0000000e+00
   0.0000000e+00
   0.0000000e+00
  -6.4032876e-03
  -4.3484697e-03
  -1.1625369e-02
   0.0000000e+00
   0.0000000e+00
   0.0000000e+00
   0.0000000e+00
   0.0000000e+00
   0.0000000e+00
   0.0000000e+00
   0.0000000e+00
   0.0000000e+00
   0.0000000e+00
   0.0000000e+00
   0.0000000e+00
   0.0000000e+00
   0.0000000e+00
   0.0000000e+00
   0.0000000e+00
   0.0000000e+00
   0.0000000e+00
   2.6234016e-02
   1.5731817e-02
  -1.8398158e-03
  -1.0857316e-02
  -1.4286974e-02
  -1.6872973e-02
  -1.7599888e-02
  -1.6604872e-02
  -1.4205003e-02
  -8.9027122e-03
  -2.5651723e-03
   4.9331302e-03
   8.3536279e-03
   0.0000000e+00
   0.0000000e+00
   0.0000000e+00
   0.0000000e+00
   0.0000000e+00
   4.0305135e-03
   1.6921609e-03
  -7.6388057e-03
  -1.7185880e-02
  -2.0198444e-02
  -2.0152714e-02
  -1.9970761e-02
  -1.6179869e-02
  -1.2707971e-02
  -8.8583955e-03
  -5.5770985e-03
  -3.0068584e-03
  -1.9967061e-04
   1.6343522e-03
   2.9371386e-03
   2.9736361e-03
   1.6775909e-03
   2.6690824e-04
  -2.2313577e-03
  -4.4586615e-03
  -6.7882031e-03
  -8.7790992e-03
  -9.4382903e-03
  -8.9841812e-03
  -6.7912879e-03
  -3.6578611e-03
   5.6926687e-04
   6.2951748e-03
   4.0820561e-03
  -9.5327036e-04
   0.0000000e+00
   0.0000000e+00
   0.0000000e+00
  -0.0000000e+00
  -0.0000000e+00
  -0.0000000e+00
   0.0000000e+00
   0.0000000e+00
   0.0000000e+00
   1.5010728e-02
   5.1146958e-03
   0.0000000e+00
   0.0000000e+00
   0.0000000e+00
   0.0000000e+00
   0.0000000e+00
   0.0000000e+00
   0.0000000e+00
   0.0000000e+00
   0.0000000e+00
   0.0000000e+00
   0.0000000e+00
   0.0000000e+00
   0.0000000e+00
   1.5292628e-02
   2.7630119e-03
  -1.0432798e-02
  -1.3313736e-02
  -1.4574569e-02
  -1.6314375e-02
  -1.5810831e-02
  -1.4800089e-02
  -1.2177290e-02
  -8.3211604e-03
  -2.2187186e-03
   2.8546250e-03
   8.8328550e-03
   0.0000000e+00
   0.0000000e+00
   0.0000000e+00
   0.0000000e+00
   0.0000000e+00
   1.3626464e-03
  -4.6095411e-03
  -1.6705581e-02
  -2.5033229e-02
  -2.6512300e-02
  -2.4660776e-02
  -1.8229243e-02
  -1.4544104e-02
  -1.1117992e-02
  -6.7857733e-03
  -3.6602309e-03
  -1.0397480e-03
   1.7079363e-03
   3.4292190e-03
   4.5411769e-03
   4.2324329e-03
   3.1309197e-03
   1.6293909e-03
  -6.5561905e-04
  -2.7733634e-03
  -5.0900721e-03
  -6.6521341e-03
  -7.2436280e-03
  -6.7390870e-03
  -4.4925919e-03
  -1.7519146e-03
   2.1859377e-03
   5.9397602e-03
   8.1976876e-03
   6.7270747e-03
   0.0000000e+00
  -8.8820089e-03
  -8.8820089e-03
   0.0000000e+00
   0.0000000e+00
   0.0000000e+00
   0.0000000e+00
   0.0000000e+00
   0.0000000e+00
   3.3321498e-03
  -4.6995168e-03
   0.0000000e+00
   0.0000000e+00
   0.0000000e+00
   0.0000000e+00
   0.0000000e+00
   0.0000000e+00
   0.0000000e+00
   0.0000000e+00
   0.0000000e+00
   0.0000000e+00
   0.0000000e+00
   0.0000000e+00
   1.2309598e-02
   1.1576421e-02
  -3.5231758e-03
  -1.1047504e-02
  -1.1038402e-02
  -1.3088852e-02
  -1.4727061e-02
  -1.4446188e-02
  -1.2823993e-02
  -1.0043425e-02
  -5.9663359e-03
  -5.3432048e-04
   2.5542639e-03
   7.7858956e-03
   7.2184036e-03
   5.2530682e-03
   0.0000000e+00
  -4.1318532e-04
   3.0367019e-03
   1.9186987e-03
  -8.5153325e-03
  -1.9532917e-02
  -2.5583229e-02
  -2.5567912e-02
  -2.2910815e-02
  -1.4461544e-02
  -1.1295319e-02
  -8.0521272e-03
  -3.9992445e-03
  -1.1982241e-03
   1.1712399e-03
   3.5854380e-03
   5.2042959e-03
   6.0450302e-03
   5.5854755e-03
   4.7040030e-03
   3.3183223e-03
   1.3788920e-03
  -4.9112760e-04
  -2.5238357e-03
  -3.9900604e-03
  -4.4951552e-03
  -3.9948092e-03
  -2.0383069e-03
   1.6535309e-04
   3.1200321e-03
   5.9151400e-03
   9.0306856e-03
   3.2361647e-03
   0.0000000e+00
  -0.0000000e+00
  -8.8820089e-03
   0.0000000e+00
   0.0000000e+00
   0.0000000e+00
   0.0000000e+00
   0.0000000e+00
   0.0000000e+00
  -1.1007109e-02
  -1.1007109e-02
   0.0000000e+00
   0.0000000e+00
   0.0000000e+00
   0.0000000e+00
   0.0000000e+00
   0.0000000e+00
   0.0000000e+00
   0.0000000e+00
   0.0000000e+00
   0.0000000e+00
   0.0000000e+00
   9.9822233e-03
   1.2682411e-02
   6.9869853e-03
  -5.3611575e-03
  -7.8511840e-03
  -7.9930380e-03
  -1.0873285e-02
  -1.2657277e-02
  -1.2411695e-02
  -1.0509335e-02
  -7.6810370e-03
  -3.1539329e-03
   1.7897923e-03
   3.7706751e-03
   7.9893546e-03
   1.0793240e-02
   1.2332473e-02
   9.2938221e-03
   7.2949071e-03
   7.5173110e-03
   2.0011852e-03
  -9.4909552e-03
  -1.8222179e-02
  -2.1713491e-02
  -2.0926759e-02
  -1.8280947e-02
  -1.0046748e-02
  -7.5108618e-03
  -4.5814349e-03
  -1.1075595e-03
   1.2485878e-03
   3.2619436e-03
   5.3557633e-03
   6.8415329e-03
   7.4794406e-03
   7.0884125e-03
   6.4576225e-03
   5.3640175e-03
   3.8201829e-03
   2.1909344e-03
   4.1738968e-04
  -1.0946749e-03
  -1.5988793e-03
  -1.2287109e-03
   1.5624330e-04
   1.6806077e-03
   3.6400011e-03
   5.9550042e-03
   8.8243960e-03
   5.6194821e-03
   0.0000000e+00
   0.0000000e+00
  -2.2002997e-03
   0.0000000e+00
   0.0000000e+00
   0.0000000e+00
   0.0000000e+00
   0.0000000e+00
   0.0000000e+00
  -1.7728488e-02
  -1.3541778e-02
   0.0000000e+00
   0.0000000e+00
   0.0000000e+00
   0.0000000e+00
   0.0000000e+00
   0.0000000e+00
   0.0000000e+00
   0.0000000e+00
   0.0000000e+00
   0.0000000e+00
   0.0000000e+00
   1.0526471e-02
   1.1908747e-02
   4.1750418e-03
  -3.3776225e-03
  -3.4537942e-03
  -5.4239492e-03
  -8.7954068e-03
  -1.0394554e-02
  -9.8128147e-03
  -7.7263546e-03
  -4.8669047e-03
  -1.5900401e-04
   4.2800720e-03
   5.6487023e-03
   9.3054084e-03
   1.4640566e-02
   1.6454678e-02
   1.2071099e-02
   1.1197928e-02
   9.3869777e-03
   5.8910699e-04
  -8.9265050e-03
  -1.4489302e-02
  -1.5884222e-02
  -1.4968998e-02
  -1.2861840e-02
  -5.7168386e-03
  -3.7764911e-03
  -1.2465490e-03
   1.6063315e-03
   3.5039954e-03
   5.1888380e-03
   7.0661139e-03
   8.4371634e-03
   8.9942781e-03
   8.8150990e-03
   8.4616783e-03
   7.7189100e-03
   6.5355168e-03
   5.0759098e-03
   3.4397117e-03
   1.8216988e-03
   1.2028328e-03
   1.2936690e-03
   1.9397032e-03
   2.7414831e-03
   3.9577319e-03
   5.9656771e-03
   8.5228614e-03
   1.0157017e-02
   9.7507143e-03
   0.0000000e+00
  -2.6857601e-03
   0.0000000e+00
   0.0000000e+00
   0.0000000e+00
   0.0000000e+00
  -5.3514433e-03
  -7.2910602e-03
  -1.9268919e-02
  -1.3811744e-02
   0.0000000e+00
   0.0000000e+00
   0.0000000e+00
   0.0000000e+00
   0.0000000e+00
   0.0000000e+00
   0.0000000e+00
   0.0000000e+00
   0.0000000e+00
   0.0000000e+00
   1.3370556e-02
   1.2100302e-02
   1.0966981e-02
   3.8330679e-03
   5.2715168e-04
   2.1450925e-04
  -3.8940799e-03
  -7.1227258e-03
  -8.0568400e-03
  -6.8422150e-03
  -4.5643692e-03
  -1.6568813e-03
   2.9394523e-03
   6.7980834e-03
   7.8620667e-03
   1.1535106e-02
   1.7962978e-02
   2.1510255e-02
   1.6386731e-02
   1.3746855e-02
   8.4710159e-03
  -7.6681858e-04
  -6.8292133e-03
  -9.3076532e-03
  -9.4935508e-03
  -8.9277877e-03
  -7.6187555e-03
  -1.2700986e-03
   1.4263824e-04
   2.1650227e-03
   4.4233793e-03
   5.9890672e-03
   7.4874605e-03
   9.2704833e-03
   1.0699097e-02
   1.1379023e-02
   1.1517668e-02
   1.1531764e-02
   1.1066814e-02
   1.0106337e-02
   8.6990447e-03
   7.0118908e-03
   5.1940893e-03
   4.2389753e-03
   3.7351680e-03
   3.3841151e-03
   3.4960181e-03
   4.2780566e-03
   6.0810066e-03
   8.2255535e-03
   1.1092789e-02
   9.7507143e-03
   0.0000000e+00
  -5.4638615e-03
   0.0000000e+00
   0.0000000e+00
   0.0000000e+00
   0.0000000e+00
  -5.3514433e-03
  -7.2910602e-03
   0.0000000e+00
   0.0000000e+00
   0.0000000e+00
   0.0000000e+00
   0.0000000e+00
   0.0000000e+00
   0.0000000e+00
   0.0000000e+00
   0.0000000e+00
   0.0000000e+00
   0.0000000e+00
   0.0000000e+00
   1.3370556e-02
   1.4412056e-02
   1.3072709e-02
   6.9242136e-03
   4.1845757e-03
   4.6505943e-04
  -4.4061859e-03
  -5.7389325e-03
  -5.0768106e-03
  -2.8319871e-03
  -2.7557680e-04
   2.7266450e-03
   6.9806394e-03
   1.0022436e-02
   1.1107174e-02
   1.5406015e-02
   2.2161517e-02
   2.5249542e-02
   1.8717577e-02
   1.4333372e-02
   8.4381540e-03
   2.6407689e-03
  -2.2700258e-04
  -1.4170617e-03
  -2.1790574e-03
  -2.5602379e-03
  -2.2426787e-03
   2.1468188e-03
   3.3744332e-03
   5.1567903e-03
   7.2225357e-03
   8.7385373e-03
   1.0295888e-02
   1.2322689e-02
   1.3876152e-02
   1.4594754e-02
   1.4993641e-02
   1.5129091e-02
   1.4649181e-02
   1.3596902e-02
   1.1926063e-02
   1.0011630e-02
   7.8706525e-03
   6.2878376e-03
   5.1468998e-03
   4.0189022e-03
   3.8112495e-03
   4.5128587e-03
   6.3218277e-03
   8.6010866e-03
   1.2011572e-02
   1.2860614e-02
   0.0000000e+00
  -1.3746364e-03
   0.0000000e+00
   0.0000000e+00
   0.0000000e+00
  -2.2451234e-03
  -1.2342846e-03
   7.3617591e-04
   0.0000000e+00
   0.0000000e+00
   0.0000000e+00
   0.0000000e+00
   0.0000000e+00
   0.0000000e+00
   0.0000000e+00
   0.0000000e+00
   0.0000000e+00
   0.0000000e+00
   0.0000000e+00
   0.0000000e+00
   1.5347008e-02
   1.6088259e-02
   1.1069428e-02
   5.9267052e-03
   2.9649862e-03
  -1.1030040e-04
  -1.9442173e-03
  -1.3983327e-03
   1.4083987e-04
   2.6205569e-03
   5.1490985e-03
   8.0196605e-03
   1.1708794e-02
   1.4208741e-02
   1.5734509e-02
   2.0071180e-02
   2.4948900e-02
   2.4815025e-02
   1.7730119e-02
   1.4079697e-02
   1.0736470e-02
   8.0202648e-03
   6.2478073e-03
   4.6751639e-03
   2.8376272e-03
   1.7981657e-03
   1.5830669e-03
   4.6796252e-03
   5.9023234e-03
   7.6200074e-03
   9.6332121e-03
   1.1180237e-02
   1.2848022e-02
   1.5012393e-02
   1.6498693e-02
   1.7181503e-02
   1.7710314e-02
   1.7784115e-02
   1.7165968e-02
   1.5818922e-02
   1.3842331e-02
   1.1673673e-02
   9.1205436e-03
   7.0781760e-03
   5.5367877e-03
   4.1329062e-03
   3.8997294e-03
   4.6780237e-03
   6.7377795e-03
   9.5255088e-03
   1.3454577e-02
   1.6440405e-02
   0.0000000e+00
   3.1797684e-03
   7.7661329e-03
   6.1603481e-03
   5.7863261e-03
   4.2095194e-03
   4.2400325e-03
   4.0871028e-03
   0.0000000e+00
   0.0000000e+00
   0.0000000e+00
   0.0000000e+00
   0.0000000e+00
  -3.5431947e-03
   0.0000000e+00
   0.0000000e+00
   8.5591391e-03
   1.3588145e-02
   1.5846325e-02
   0.0000000e+00
   1.7474602e-02
   1.5545479e-02
   1.0566746e-02
   6.7485884e-03
   4.5982701e-03
   2.5576683e-03
   2.0958191e-03
   3.1479466e-03
   4.7712615e-03
   7.2199440e-03
   9.6527173e-03
   1.2334009e-02
   1.5692793e-02
   1.7987778e-02
   1.9872205e-02
   2.4099845e-02
   2.7471287e-02
   2.5457116e-02
   1.8764007e-02
   1.6023494e-02
   1.3796095e-02
   1.1751523e-02
   9.9331740e-03
   7.9420301e-03
   5.6317325e-03
   4.3977454e-03
   4.1043590e-03
   7.0252711e-03
   8.2779372e-03
   9.9779242e-03
   1.1967616e-02
   1.3569612e-02
   1.5336826e-02
   1.7563590e-02
   1.8923005e-02
   1.9566726e-02
   2.0160803e-02
   2.0092257e-02
   1.9276173e-02
   1.7540926e-02
   1.5226625e-02
   1.2768967e-02
   9.7855477e-03
   7.3839379e-03
   5.5609016e-03
   4.0700225e-03
   3.9285500e-03
   4.8646352e-03
   7.3056668e-03
   1.0749677e-02
   1.5358754e-02
   2.0266703e-02
   0.0000000e+00
   7.1726503e-03
   8.1540168e-03
   6.7926978e-03
   6.5492359e-03
   7.1184610e-03
   1.0040707e-02
   1.1501177e-02
   0.0000000e+00
   0.0000000e+00
   0.0000000e+00
   0.0000000e+00
   0.0000000e+00
  -2.9587870e-03
   1.0144116e-02
   1.5220081e-02
   1.0327731e-02
   1.4879073e-02
   1.8069883e-02
   2.6745446e-02
   1.9781347e-02
   1.4874928e-02
   1.0897398e-02
   8.4505409e-03
   7.2637550e-03
   6.2377201e-03
   6.5940539e-03
   7.7424873e-03
   9.2432669e-03
   1.1608710e-02
   1.3944510e-02
   1.6439949e-02
   1.9547013e-02
   2.1726258e-02
   2.3895349e-02
   2.7824362e-02
   2.9656570e-02
   2.6237649e-02
   2.0347769e-02
   1.8472613e-02
   1.6861953e-02
   1.4821854e-02
   1.2700785e-02
   1.0352401e-02
   7.8111879e-03
   6.5570287e-03
   6.3354011e-03
   1.0236966e-02
   1.1492137e-02
   1.3207827e-02
   1.5148282e-02
   1.6854990e-02
   1.8622161e-02
   2.0637039e-02
   2.1736571e-02
   2.2408228e-02
   2.2887377e-02
   2.2404668e-02
   2.1142816e-02
   1.8618911e-02
   1.5725940e-02
   1.2717782e-02
   9.1749413e-03
   6.6536246e-03
   4.8302410e-03
   3.6529063e-03
   3.9224448e-03
   5.3300645e-03
   8.7099339e-03
   1.3387588e-02
   1.9871064e-02
   2.6163385e-02
   0.0000000e+00
   8.6084941e-03
   1.0920941e-02
   1.1303490e-02
   1.1991364e-02
   1.6358195e-02
   2.0175350e-02
   0.0000000e+00
   0.0000000e+00
   0.0000000e+00
   0.0000000e+00
   0.0000000e+00
   0.0000000e+00
   1.2100167e-03
   1.0144116e-02
   1.5220081e-02
   1.9789765e-02
   2.4087752e-02
   2.6000627e-02
   2.6745446e-02
   2.1716797e-02
   1.6193969e-02
   1.4176184e-02
   1.3401059e-02
   1.3003970e-02
   1.2691683e-02
   1.3138620e-02
   1.3862651e-02
   1.5056185e-02
   1.7361793e-02
   1.9651916e-02
   2.1996535e-02
   2.4912853e-02
   2.7007540e-02
   2.9235646e-02
   3.1862536e-02
   3.0960955e-02
   2.6647018e-02
   2.2956252e-02
   2.1739705e-02
   1.9964708e-02
   1.7265526e-02
   1.4769907e-02
   1.2349426e-02
   1.0102197e-02
   9.2158142e-03
   9.3557340e-03
   1.2215925e-02
   1.3440193e-02
   1.5075345e-02
   1.6955859e-02
   1.8624062e-02
   2.0228057e-02
   2.1918094e-02
   2.2849988e-02
   2.3440225e-02
   2.3526838e-02
   2.2623420e-02
   2.0882520e-02
   1.7620357e-02
   1.4224688e-02
   1.0851390e-02
   7.2894929e-03
   5.0111568e-03
   3.5227477e-03
   2.9415389e-03
   3.7257522e-03
   5.7283055e-03
   1.0170334e-02
   1.6011710e-02
   2.4177548e-02
   3.1044580e-02
   0.0000000e+00
   1.1456133e-02
   1.4863073e-02
   1.7764220e-02
   2.1399159e-02
   1.6358195e-02
   0.0000000e+00
   0.0000000e+00
   0.0000000e+00
   0.0000000e+00
   0.0000000e+00
   0.0000000e+00
   0.0000000e+00
   6.6111803e-03
   1.6084602e-02
   2.1918696e-02
   2.5832647e-02
   2.7468587e-02
   2.7428071e-02
   2.6797300e-02
   2.1890916e-02
   1.9572620e-02
   1.8716931e-02
   1.8295042e-02
   1.8014866e-02
   1.7705670e-02
   1.7812354e-02
   1.8195242e-02
   1.9164675e-02
   2.1292096e-02
   2.3511287e-02
   2.5726916e-02
   2.8327373e-02
   3.0029791e-02
   3.1514772e-02
   3.2152728e-02
   3.0240399e-02
   2.7074185e-02
   2.4503545e-02
   2.2901953e-02
   2.0726681e-02
   1.7764603e-02
   1.5376493e-02
   1.3291553e-02
   1.1582426e-02
   1.1038770e-02
   1.1329844e-02
   1.3429422e-02
   1.4587312e-02
   1.6124021e-02
   1.7935707e-02
   1.9513477e-02
   2.0950239e-02
   2.2379512e-02
   2.3158697e-02
   2.3599969e-02
   2.3290190e-02
   2.1981265e-02
   1.9787030e-02
   1.5964565e-02
   1.2246151e-02
   8.7530262e-03
   5.3418623e-03
   3.3587219e-03
   2.2465206e-03
   2.1987046e-03
   3.4485639e-03
   6.0085114e-03
   1.1359307e-02
   1.8107442e-02
   2.7279225e-02
   3.3777595e-02
   0.0000000e+00
   2.1306644e-02
   1.6440144e-02
   2.0348870e-02
   2.5162799e-02
   0.0000000e+00
   0.0000000e+00
   0.0000000e+00
   0.0000000e+00
   0.0000000e+00
   0.0000000e+00
   0.0000000e+00
   0.0000000e+00
   1.0348253e-02
   1.9830274e-02
   2.5688121e-02
   2.8891031e-02
   2.8693851e-02
   2.7773455e-02
   2.6930338e-02
   2.3217759e-02
   2.2632333e-02
   2.2240361e-02
   2.1988233e-02
   2.1747094e-02
   2.1385188e-02
   2.1253818e-02
   2.1385054e-02
   2.2111026e-02
   2.3996600e-02
   2.6091727e-02
   2.8123290e-02
   3.0378955e-02
   3.1639826e-02
   3.2466482e-02
   3.1950616e-02
   2.9757681e-02
   2.7339711e-02
   2.5163097e-02
   2.3253344e-02
   2.0865113e-02
   1.7856472e-02
   1.5657043e-02
   1.3885374e-02
   1.2566669e-02
   1.2223118e-02
   1.2570557e-02
   1.4532559e-02
   1.5549185e-02
   1.6912699e-02
   1.8607092e-02
   1.9988644e-02
   2.1158765e-02
   2.2245936e-02
   2.2801134e-02
   2.2938007e-02
   2.2002249e-02
   2.0072981e-02
   1.7194352e-02
   1.2678946e-02
   8.6424149e-03
   5.2179384e-03
   2.2209239e-03
   7.5558318e-04
   2.7680156e-04
   1.0002569e-03
   2.9294292e-03
   6.3246659e-03
   1.2940853e-02
   2.0842864e-02
   3.0885294e-02
   3.5818212e-02
   0.0000000e+00
   4.4089148e-02
   0.0000000e+00
   0.0000000e+00
   0.0000000e+00
   0.0000000e+00
   0.0000000e+00
   0.0000000e+00
   0.0000000e+00
   0.0000000e+00
   0.0000000e+00
   0.0000000e+00
   0.0000000e+00
   1.4470741e-02
   2.3410983e-02
   2.8537751e-02
   3.0567153e-02
   2.8361037e-02
   2.7183258e-02
   2.7224019e-02
   2.6505656e-02
   2.7099406e-02
   2.6704336e-02
   2.6526602e-02
   2.6265231e-02
   2.5762243e-02
   2.5364288e-02
   2.5194302e-02
   2.5518025e-02
   2.6957533e-02
   2.8802408e-02
   3.0487545e-02
   3.2171954e-02
   3.2688467e-02
   3.2570919e-02
   3.1118420e-02
   2.9249125e-02
   2.7587209e-02
   2.5269145e-02
   2.2956319e-02
   2.0429932e-02
   1.7574574e-02
   1.5756117e-02
   1.4452673e-02
   1.3592041e-02
   1.3413240e-02
   1.3749945e-02
   1.5002117e-02
   1.5939783e-02
   1.7139107e-02
   1.8497582e-02
   1.9515752e-02
   2.0322570e-02
   2.0897211e-02
   2.0867580e-02
   2.0217942e-02
   1.8119273e-02
   1.5299271e-02
   1.1680143e-02
   6.7579036e-03
   3.0096353e-03
   2.1731539e-04
  -1.7554727e-03
  -2.2878324e-03
  -1.9262765e-03
  -2.7340582e-04
   2.4881762e-03
   6.7917156e-03
   1.4424222e-02
   2.2745129e-02
   3.1623849e-02
   3.2933297e-02
   0.0000000e+00
   4.4089148e-02
   0.0000000e+00
   0.0000000e+00
   0.0000000e+00
   0.0000000e+00
   0.0000000e+00
   0.0000000e+00
   0.0000000e+00
   0.0000000e+00
   0.0000000e+00
   0.0000000e+00
   0.0000000e+00
   1.7592716e-02
   2.3847034e-02
   2.7434724e-02
   2.8091566e-02
   2.6125398e-02
   2.6683335e-02
   2.8319940e-02
   2.9320446e-02
   3.0115261e-02
   3.0030223e-02
   3.0187362e-02
   3.0016168e-02
   2.9585962e-02
   2.9121350e-02
   2.8626010e-02
   2.8253624e-02
   2.8800097e-02
   3.0291864e-02
   3.1704724e-02
   3.2751371e-02
   3.2550210e-02
   3.1896675e-02
   3.0166445e-02
   2.8531215e-02
   2.6806432e-02
   2.4027046e-02
   2.1527833e-02
   1.9202664e-02
   1.6825499e-02
   1.5464190e-02
   1.4576780e-02
   1.3989087e-02
   1.3877934e-02
   1.4254414e-02
   1.4837195e-02
   1.5753378e-02
   1.6825401e-02
   1.7930022e-02
   1.8684833e-02
   1.9199255e-02
   1.9280788e-02
   1.8695551e-02
   1.7406708e-02
   1.4600105e-02
   1.1363566e-02
   7.5470038e-03
   2.8032374e-03
  -4.4803456e-04
  -2.6483038e-03
  -3.8880812e-03
  -3.8465239e-03
  -2.9762766e-03
  -7.4168298e-04
   2.4666999e-03
   7.1671717e-03
   1.5068505e-02
   2.3198886e-02
   3.1161486e-02
   3.2041915e-02
   4.7737309e-02
   6.6204271e-02
   0.0000000e+00
   0.0000000e+00
   0.0000000e+00
   0.0000000e+00
   0.0000000e+00
   0.0000000e+00
   0.0000000e+00
   0.0000000e+00
   0.0000000e+00
   0.0000000e+00
   0.0000000e+00
   1.8312107e-02
   2.3832324e-02
   2.5715884e-02
   2.5865307e-02
   2.4616410e-02
   2.5915762e-02
   2.8085812e-02
   2.9865819e-02
   3.0929853e-02
   3.1182385e-02
   3.1561927e-02
   3.1482747e-02
   3.1170877e-02
   3.0766003e-02
   3.0203270e-02
   2.9490671e-02
   2.9558720e-02
   3.0816064e-02
   3.2063753e-02
   3.2738772e-02
   3.2264818e-02
   3.1322709e-02
   2.9291770e-02
   2.7579307e-02
   2.5669670e-02
   2.2657032e-02
   2.0169156e-02
   1.8036913e-02
   1.5972036e-02
   1.4877899e-02
   1.4194896e-02
   1.3744701e-02
   1.3710157e-02
   1.4095945e-02
   1.4271000e-02
   1.5180362e-02
   1.6066919e-02
   1.6805750e-02
   1.7188187e-02
   1.7270001e-02
   1.6574125e-02
   1.5116452e-02
   1.2878208e-02
   9.1595313e-03
   5.4849807e-03
   1.6128573e-03
  -2.5665849e-03
  -4.9252555e-03
  -6.2001449e-03
  -6.4096128e-03
  -5.6239690e-03
  -4.1005969e-03
  -1.1040312e-03
   2.6329609e-03
   7.7224086e-03
   1.5695549e-02
   2.3230856e-02
   2.9850179e-02
   3.1689574e-02
   4.7737309e-02
   6.6204271e-02
   0.0000000e+00
   0.0000000e+00
   0.0000000e+00
   0.0000000e+00
   0.0000000e+00
   0.0000000e+00
   0.0000000e+00
   0.0000000e+00
   0.0000000e+00
   0.0000000e+00
   0.0000000e+00
   0.0000000e+00
   2.2877158e-02
   2.2679535e-02
   2.2432709e-02
   2.2556134e-02
   2.4563348e-02
   2.7076938e-02
   2.9651809e-02
   3.1177903e-02
   3.1982139e-02
   3.2662766e-02
   3.2731261e-02
   3.2629940e-02
   3.2380748e-02
   3.1833724e-02
   3.0748367e-02
   3.0251213e-02
   3.1191262e-02
   3.2226605e-02
   3.2435871e-02
   3.1739230e-02
   3.0454924e-02
   2.7933268e-02
   2.5948887e-02
   2.3686067e-02
   2.0410254e-02
   1.8034916e-02
   1.6206499e-02
   1.4560586e-02
   1.3801932e-02
   1.3343945e-02
   1.3048411e-02
   1.3140368e-02
   1.3526450e-02
   1.0251140e-02
   1.0809221e-02
   1.1144311e-02
   1.1111346e-02
   1.0843324e-02
   1.0211272e-02
   8.5951792e-03
   6.4974769e-03
   3.9920676e-03
   6.4172394e-04
  -2.1826499e-03
  -4.8084725e-03
  -7.2005668e-03
  -8.2079752e-03
  -8.4602630e-03
  -7.7606656e-03
  -6.3661222e-03
  -4.2217102e-03
  -5.2603750e-04
   3.6043623e-03
   8.7817233e-03
   1.6261406e-02
   2.2823105e-02
   2.8404431e-02
   3.1359500e-02
   3.9180208e-02
   4.7794389e-02
   0.0000000e+00
   0.0000000e+00
   0.0000000e+00
   0.0000000e+00
   0.0000000e+00
   0.0000000e+00
   0.0000000e+00
   0.0000000e+00
   0.0000000e+00
   0.0000000e+00
   0.0000000e+00
   0.0000000e+00
   2.2877158e-02
   2.2679535e-02
   1.9700784e-02
   1.9673844e-02
   2.1617334e-02
   2.4160782e-02
   2.7351233e-02
   2.9260332e-02
   3.0290679e-02
   3.0856563e-02
   3.0892296e-02
   3.0904447e-02
   3.0787450e-02
   3.0155852e-02
   2.8788174e-02
   2.7809055e-02
   2.8892171e-02
   3.0376306e-02
   2.9468277e-02
   2.8168773e-02
   2.6132003e-02
   2.2937855e-02
   2.0344298e-02
   1.7686158e-02
   1.4618167e-02
   1.2770962e-02
   1.1424083e-02
   1.0344825e-02
   9.8928791e-03
   9.5708718e-03
   9.3960168e-03
   9.5023881e-03
   9.7449119e-03
   6.4043181e-03
   6.6613125e-03
   6.6530366e-03
   6.2264152e-03
   5.6721377e-03
   4.8040862e-03
   3.0355560e-03
   9.9661088e-04
  -1.2453785e-03
  -3.9911107e-03
  -6.1307789e-03
  -7.9796837e-03
  -9.4416744e-03
  -9.8296546e-03
  -9.5982294e-03
  -8.4446503e-03
  -6.7451515e-03
  -4.3188916e-03
  -3.3360700e-04
   3.9366073e-03
   9.0619197e-03
   1.6103197e-02
   2.2000901e-02
   2.6890504e-02
   2.9661356e-02
   3.2890879e-02
   3.6580774e-02
   0.0000000e+00
   0.0000000e+00
   0.0000000e+00
   0.0000000e+00
   0.0000000e+00
   0.0000000e+00
   0.0000000e+00
   0.0000000e+00
   0.0000000e+00
   0.0000000e+00
   0.0000000e+00
   0.0000000e+00
   0.0000000e+00
   0.0000000e+00
   1.7507879e-02
   1.7600109e-02
   1.9458215e-02
   2.2233490e-02
   2.5761347e-02
   2.7720037e-02
   2.8627615e-02
   2.8851798e-02
   2.8708599e-02
   2.8655021e-02
   2.8526855e-02
   2.7981573e-02
   2.6912892e-02
   2.7263812e-02
   2.7724225e-02
   2.8129099e-02
   2.6129555e-02
   2.4329400e-02
   2.1831465e-02
   1.8404214e-02
   1.5727424e-02
   1.3110408e-02
   1.0364395e-02
   8.8478384e-03
   7.7693393e-03
   6.9337675e-03
   6.5641156e-03
   6.2575027e-03
   6.0490244e-03
   6.0646430e-03
   6.1541893e-03
  -7.5283022e-04
  -1.0361601e-03
  -1.5789004e-03
  -2.5426554e-03
  -3.4391737e-03
  -4.4931575e-03
  -6.1330414e-03
  -7.6826376e-03
  -9.1406382e-03
  -1.0618721e-02
  -1.1557434e-02
  -1.2196230e-02
  -1.2369511e-02
  -1.1986429e-02
  -1.1135216e-02
  -9.3724852e-03
  -7.2628486e-03
  -4.4891034e-03
  -1.7978874e-04
   4.2165680e-03
   9.1679436e-03
   1.5412693e-02
   2.0226574e-02
   2.3999953e-02
   2.5719304e-02
   2.2264747e-02
   1.9343044e-02
   0.0000000e+00
   0.0000000e+00
   0.0000000e+00
   0.0000000e+00
   0.0000000e+00
   0.0000000e+00
   0.0000000e+00
   0.0000000e+00
   0.0000000e+00
   0.0000000e+00
   0.0000000e+00
   0.0000000e+00
   0.0000000e+00
   0.0000000e+00
   1.4159877e-02
   1.4129382e-02
   1.5814812e-02
   1.9136487e-02
   2.3149605e-02
   2.5021132e-02
   2.5508280e-02
   2.4965422e-02
   2.4405763e-02
   2.4131201e-02
   2.3904309e-02
   2.3614313e-02
   2.3424167e-02
   0.0000000e+00
   2.4546978e-02
   2.3678283e-02
   1.9635303e-02
   1.6946848e-02
   1.3737481e-02
   1.0108912e-02
   7.5601855e-03
   5.2571454e-03
   3.1798797e-03
   2.1795707e-03
   1.4914552e-03
   9.4022667e-04
   6.0410555e-04
   2.6117690e-04
  -9.4277561e-05
  -3.0669831e-04
  -5.1060337e-04
  -9.1735887e-03
  -9.7671993e-03
  -1.0523197e-02
  -1.1552847e-02
  -1.2438679e-02
  -1.3379103e-02
  -1.4615523e-02
  -1.5651014e-02
  -1.6533067e-02
  -1.7277616e-02
  -1.7637401e-02
  -1.7717668e-02
  -1.7298006e-02
  -1.6455247e-02
  -1.5007393e-02
  -1.2321589e-02
  -9.4828810e-03
  -6.1932761e-03
  -1.6845759e-03
   2.4623496e-03
   6.7323032e-03
   1.1595053e-02
   1.4993897e-02
   1.7360789e-02
   1.7879621e-02
   1.4751173e-02
   1.2301476e-02
   0.0000000e+00
   0.0000000e+00
   0.0000000e+00
   0.0000000e+00
   0.0000000e+00
   0.0000000e+00
   0.0000000e+00
   0.0000000e+00
   0.0000000e+00
   0.0000000e+00
   0.0000000e+00
   0.0000000e+00
   0.0000000e+00
   1.0274613e-02
   1.0388697e-02
   7.6085083e-03
   9.1011377e-03
   1.4013515e-02
   1.9718136e-02
   2.1706341e-02
   2.1553534e-02
   1.9875792e-02
   1.8570556e-02
   1.7708538e-02
   1.6803031e-02
   1.6108181e-02
   1.5861685e-02
   0.0000000e+00
   1.9362404e-02
   1.7944967e-02
   1.0901302e-02
   7.5617820e-03
   4.7573579e-03
   1.6291331e-03
  -4.0804189e-04
  -2.1954235e-03
  -3.7792388e-03
  -4.6014527e-03
  -5.2600866e-03
  -5.9411951e-03
  -6.4613047e-03
  -7.0099102e-03
  -7.6499219e-03
  -8.1278643e-03
  -8.5849904e-03
  -1.3408069e-02
  -1.4097105e-02
  -1.4898789e-02
  -1.5904000e-02
  -1.6746748e-02
  -1.7610533e-02
  -1.8683693e-02
  -1.9554740e-02
  -2.0283799e-02
  -2.0889103e-02
  -2.1181446e-02
  -2.1208516e-02
  -2.0705847e-02
  -1.9712286e-02
  -1.7998409e-02
  -1.4896285e-02
  -1.1726817e-02
  -8.2087471e-03
  -3.6433032e-03
   3.3232436e-04
   4.2138657e-03
   8.3191301e-03
   1.0889072e-02
   1.2343171e-02
   1.2134645e-02
   9.6343783e-03
   3.2897064e-03
   0.0000000e+00
   0.0000000e+00
   0.0000000e+00
   0.0000000e+00
   0.0000000e+00
   0.0000000e+00
   0.0000000e+00
   0.0000000e+00
   0.0000000e+00
   0.0000000e+00
   0.0000000e+00
   0.0000000e+00
   0.0000000e+00
   1.0117655e-02
   8.3648491e-03
   3.5003465e-03
   4.4989268e-03
   1.0141170e-02
   1.7142095e-02
   1.9455566e-02
   1.9073882e-02
   1.6874099e-02
   1.5196009e-02
   1.4006183e-02
   1.2714190e-02
   1.1779844e-02
   1.1590529e-02
   0.0000000e+00
   1.6727602e-02
   1.5870907e-02
   7.3861006e-03
   2.8014277e-03
   9.7608964e-05
  -2.7402319e-03
  -4.5150012e-03
  -6.0393840e-03
  -7.3994922e-03
  -8.1710413e-03
  -8.8441267e-03
  -9.6022701e-03
  -1.0212542e-02
  -1.0851133e-02
  -1.1600035e-02
  -1.2167843e-02
  -1.2706214e-02
  -1.9236529e-02
  -1.9896306e-02
  -2.0597751e-02
  -2.1416739e-02
  -2.2100251e-02
  -2.2806782e-02
  -2.3760241e-02
  -2.4654270e-02
  -2.5534826e-02
  -2.6557000e-02
  -2.7349287e-02
  -2.7906482e-02
  -2.7859771e-02
  -2.6871582e-02
  -2.4881662e-02
  -2.1333335e-02
  -1.7803642e-02
  -1.4053104e-02
  -9.5248898e-03
  -5.9065994e-03
  -2.6809267e-03
   2.1600039e-04
   1.3340641e-03
   9.8710445e-04
  -5.5030035e-04
  -9.5574383e-04
  -3.4359248e-03
   0.0000000e+00
   0.0000000e+00
   0.0000000e+00
   0.0000000e+00
   0.0000000e+00
   0.0000000e+00
   0.0000000e+00
   0.0000000e+00
   0.0000000e+00
   0.0000000e+00
   0.0000000e+00
   0.0000000e+00
   0.0000000e+00
   9.4856503e-03
   3.9849485e-03
  -4.3513748e-03
  -5.0851804e-03
   1.3760583e-03
   1.1342453e-02
   1.4810139e-02
   1.4359708e-02
   1.1570295e-02
   9.3844768e-03
   7.6575898e-03
   5.7137434e-03
   4.3545829e-03
   4.4706031e-03
   0.0000000e+00
   1.3027637e-02
   1.3027637e-02
  -2.6730793e-03
  -3.8594137e-03
  -6.6977865e-03
  -9.0331636e-03
  -1.0433059e-02
  -1.1585654e-02
  -1.2702589e-02
  -1.3507472e-02
  -1.4278036e-02
  -1.5173281e-02
  -1.5901406e-02
  -1.6628230e-02
  -1.7436374e-02
  -1.8012179e-02
  -1.8540233e-02
  -1.7439724e-02
  -1.7855133e-02
  -1.8305495e-02
  -1.8833811e-02
  -1.9300954e-02
  -1.9829961e-02
  -2.0619315e-02
  -2.1423730e-02
  -2.2303465e-02
  -2.3433131e-02
  -2.4383121e-02
  -2.5168059e-02
  -2.5580803e-02
  -2.5238352e-02
  -2.4174617e-02
  -2.2034826e-02
  -1.9766868e-02
  -1.7303047e-02
  -1.4297581e-02
  -1.1846898e-02
  -9.6257030e-03
  -7.7313126e-03
  -7.3698188e-03
  -8.3599822e-03
  -1.0353124e-02
  -1.0533282e-02
  -8.9578665e-03
  -2.6203430e-03
   0.0000000e+00
   0.0000000e+00
   0.0000000e+00
   0.0000000e+00
   0.0000000e+00
   0.0000000e+00
   0.0000000e+00
   0.0000000e+00
   0.0000000e+00
   0.0000000e+00
   0.0000000e+00
   0.0000000e+00
   1.0523598e-02
   4.0723663e-03
  -6.4803892e-03
  -1.0382095e-02
  -5.7612199e-03
   5.9476304e-03
   1.0972309e-02
   1.1107832e-02
   8.5597999e-03
   6.4444501e-03
   4.6781923e-03
   2.6853104e-03
   1.4721031e-03
   2.0119740e-03
   3.8612981e-03
   8.5049333e-03
   0.0000000e+00
  -4.8790123e-03
  -6.0556541e-03
  -8.5230254e-03
  -1.0202378e-02
  -1.1251163e-02
  -1.2064351e-02
  -1.2904869e-02
  -1.3556104e-02
  -1.4165105e-02
  -1.4814740e-02
  -1.5317148e-02
  -1.5803998e-02
  -1.6315302e-02
  -1.6673304e-02
  -1.7007489e-02
  -1.5666141e-02
  -1.5923661e-02
  -1.6209967e-02
  -1.6545040e-02
  -1.6865973e-02
  -1.7268111e-02
  -1.7924391e-02
  -1.8639089e-02
  -1.9477793e-02
  -2.0621062e-02
  -2.1623740e-02
  -2.2511357e-02
  -2.3183731e-02
  -2.3242759e-02
  -2.2773338e-02
  -2.1551980e-02
  -2.0123292e-02
  -1.8529217e-02
  -1.6574922e-02
  -1.4966889e-02
  -1.3519394e-02
  -1.2448041e-02
  -1.2696947e-02
  -1.4189042e-02
  -1.6593323e-02
  -1.6751627e-02
  -1.2766927e-02
  -2.6203430e-03
   0.0000000e+00
   0.0000000e+00
  -4.8169630e-03
   0.0000000e+00
   0.0000000e+00
   0.0000000e+00
   0.0000000e+00
   0.0000000e+00
   0.0000000e+00
   0.0000000e+00
   0.0000000e+00
   0.0000000e+00
   1.1113532e-02
   4.2028142e-03
  -7.3403494e-03
  -1.3343018e-02
  -1.0232501e-02
   2.3749268e-03
   8.3895586e-03
   8.9440412e-03
   6.6318519e-03
   4.6143248e-03
   2.8651795e-03
   8.9002832e-04
  -2.0686994e-04
   5.6418134e-04
   3.7261732e-03
   5.6905690e-03
   0.0000000e+00
  -5.8691147e-03
  -7.0123120e-03
  -9.2030619e-03
  -1.0437958e-02
  -1.1240118e-02
  -1.1826329e-02
  -1.2476168e-02
  -1.3012725e-02
  -1.3502292e-02
  -1.3981823e-02
  -1.4333041e-02
  -1.4659859e-02
  -1.4978638e-02
  -1.5197407e-02
  -1.5405540e-02
  -5.7162807e-03
  -5.7225369e-03
  -5.7264999e-03
  -5.6908100e-03
  -5.7044862e-03
  -5.7631344e-03
  -5.8930303e-03
  -6.0948200e-03
  -6.3970488e-03
  -6.9122340e-03
  -7.4262961e-03
  -7.9599981e-03
  -8.6124185e-03
  -9.1272377e-03
  -9.5558485e-03
  -9.8933577e-03
  -1.0080047e-02
  -1.0316601e-02
  -1.0818140e-02
  -1.1577737e-02
  -1.2812162e-02
  -1.5089839e-02
  -1.7724452e-02
  -2.1019902e-02
  -2.5435916e-02
  -2.6998596e-02
  -2.1635497e-02
   0.0000000e+00
   0.0000000e+00
   0.0000000e+00
  -0.0000000e+00
   0.0000000e+00
   0.0000000e+00
   0.0000000e+00
   0.0000000e+00
   0.0000000e+00
   0.0000000e+00
   0.0000000e+00
   0.0000000e+00
   0.0000000e+00
   0.0000000e+00
   5.6269454e-03
  -2.7102619e-03
  -1.2686299e-02
  -1.5717022e-02
  -4.3233046e-03
   3.0801574e-03
   4.7709776e-03
   3.7634644e-03
   2.5099701e-03
   1.2830797e-03
  -8.8993838e-05
  -7.4477481e-04
  -1.0229287e-04
   1.9391230e-03
   2.4660328e-03
   0.0000000e+00
  -2.3820020e-03
  -3.1557493e-03
  -4.4768496e-03
  -4.7648921e-03
  -4.9445816e-03
  -5.0802339e-03
  -5.2860417e-03
  -5.4608966e-03
  -5.5853621e-03
  -5.6614155e-03
  -5.7097688e-03
  -5.7239522e-03
  -5.7278149e-03
  -5.7423802e-03
  -5.7406995e-03
   8.0697520e-06
   3.9926716e-05
   7.2845494e-05
   1.4840146e-04
   1.8190847e-04
   1.8352031e-04
   1.4734913e-04
   5.3649187e-05
  -1.2833343e-04
  -5.1987487e-04
  -9.5413842e-04
  -1.4341230e-03
  -2.0692234e-03
  -2.6233426e-03
  -3.1605946e-03
  -3.7695701e-03
  -4.3311564e-03
  -5.0866385e-03
  -6.3521565e-03
  -7.8179023e-03
  -9.7591107e-03
  -1.2796851e-02
  -1.6072406e-02
  -2.0286632e-02
  -2.6220967e-02
  -2.9229542e-02
  -2.4661504e-02
   0.0000000e+00
   0.0000000e+00
   0.0000000e+00
  -0.0000000e+00
   0.0000000e+00
   0.0000000e+00
   0.0000000e+00
   0.0000000e+00
   0.0000000e+00
   0.0000000e+00
   0.0000000e+00
   0.0000000e+00
   0.0000000e+00
   0.0000000e+00
   5.6269454e-03
  -5.8176788e-04
  -1.1950277e-02
  -1.7052796e-02
  -7.0910456e-03
   3.1154011e-04
   2.2505450e-03
   2.1215325e-03
   1.5916365e-03
   8.6142000e-04
  -8.6522261e-05
  -5.0778407e-04
   2.7564236e-05
   1.2560386e-03
   1.4358604e-03
   0.0000000e+00
   6.6300185e-04
   3.9467010e-04
  -1.0243965e-04
   1.1120502e-05
   5.2957665e-05
   5.9985374e-05
  -1.0367059e-06
  -6.2170860e-05
  -8.8777588e-05
  -8.6887446e-05
  -8.8629592e-05
  -6.7607406e-05
  -4.6979439e-05
  -5.6552714e-05
  -4.5014829e-05
   5.7324202e-03
   5.8023903e-03
   5.8721909e-03
   5.9876129e-03
   6.0683031e-03
   6.1301750e-03
   6.1877286e-03
   6.2021183e-03
   6.1403819e-03
   5.8724843e-03
   5.5180193e-03
   5.0917522e-03
   4.4739717e-03
   3.8805525e-03
   3.2346593e-03
   2.3542175e-03
   1.4177343e-03
   1.4332438e-04
  -1.8861729e-03
  -4.0580678e-03
  -6.7060593e-03
  -1.0503863e-02
  -1.4420360e-02
  -1.9553361e-02
  -2.7006018e-02
  -3.1460487e-02
  -2.7687510e-02
   0.0000000e+00
   0.0000000e+00
   0.0000000e+00
   0.0000000e+00
   0.0000000e+00
   0.0000000e+00
   0.0000000e+00
   0.0000000e+00
   0.0000000e+00
   0.0000000e+00
   0.0000000e+00
   0.0000000e+00
   0.0000000e+00
   0.0000000e+00
   0.0000000e+00
   1.5467262e-03
  -1.1214255e-02
  -1.8388571e-02
  -9.8587865e-03
  -2.4570772e-03
  -2.6988759e-04
   4.7960053e-04
   6.7330303e-04
   4.3976030e-04
  -8.4050683e-05
  -2.7079333e-04
   1.5742134e-04
   5.7295413e-04
   4.0568798e-04
   0.0000000e+00
   3.7080057e-03
   3.9450895e-03
   4.2719703e-03
   4.7871331e-03
   5.0504970e-03
   5.2002046e-03
   5.2839683e-03
   5.3365549e-03
   5.4078069e-03
   5.4876406e-03
   5.5325096e-03
   5.5887374e-03
   5.6338560e-03
   5.6292747e-03
   5.6506698e-03
   1.4587988e-02
   1.4943889e-02
   1.5303106e-02
   1.5713751e-02
   1.6022068e-02
   1.6331579e-02
   1.6743338e-02
   1.7079677e-02
   1.7354153e-02
   1.7510611e-02
   1.7435146e-02
   1.7078616e-02
   1.6161956e-02
   1.5020050e-02
   1.3528252e-02
   1.1171326e-02
   8.6428546e-03
   5.5628584e-03
   1.2355091e-03
  -2.9451464e-03
  -7.7873189e-03
  -1.4386265e-02
  -2.0257301e-02
  -2.6335382e-02
  -3.3503814e-02
  -3.8626880e-02
  -3.7606177e-02
   0.0000000e+00
   0.0000000e+00
   0.0000000e+00
   0.0000000e+00
   0.0000000e+00
   0.0000000e+00
   0.0000000e+00
   0.0000000e+00
   0.0000000e+00
   0.0000000e+00
   0.0000000e+00
   0.0000000e+00
   0.0000000e+00
   0.0000000e+00
   0.0000000e+00
   0.0000000e+00
  -0.0000000e+00
  -1.7567730e-02
  -1.3681982e-02
  -6.8500218e-03
  -4.1284879e-03
  -1.2454723e-03
   4.1955208e-04
   8.8082229e-04
   6.4451772e-04
   1.9744466e-04
  -3.5479818e-04
  -1.7581075e-03
  -1.9774793e-03
   0.0000000e+00
   2.5216425e-03
   5.3638179e-03
   6.7793808e-03
   8.3017531e-03
   9.2590477e-03
   1.0006721e-02
   1.0743579e-02
   1.1305837e-02
   1.1844000e-02
   1.2428473e-02
   1.2862675e-02
   1.3277082e-02
   1.3703455e-02
   1.3957482e-02
   1.4205413e-02
   1.6081355e-02
   1.6599478e-02
   1.7092791e-02
   1.7613625e-02
   1.7961135e-02
   1.8254893e-02
   1.8606399e-02
   1.8866457e-02
   1.9057950e-02
   1.9140314e-02
   1.8999393e-02
   1.8546786e-02
   1.7444008e-02
   1.6050289e-02
   1.4197690e-02
   1.1277541e-02
   8.2587120e-03
   4.7458282e-03
   1.1193059e-05
  -4.3835289e-03
  -9.3421448e-03
  -1.6072986e-02
  -2.2113007e-02
  -2.8363598e-02
  -3.5883107e-02
  -4.1785212e-02
  -4.2952938e-02
   0.0000000e+00
   0.0000000e+00
   0.0000000e+00
   0.0000000e+00
   0.0000000e+00
   0.0000000e+00
   0.0000000e+00
   0.0000000e+00
   0.0000000e+00
   0.0000000e+00
   0.0000000e+00
   0.0000000e+00
   0.0000000e+00
   0.0000000e+00
   0.0000000e+00
   0.0000000e+00
   0.0000000e+00
  -1.7484975e-02
  -1.4945423e-02
  -8.9113207e-03
  -6.4001219e-03
  -2.9035981e-03
  -5.6959782e-04
   1.9327182e-04
  -5.7397852e-05
  -8.0015657e-04
  -1.8745251e-03
  -4.2608938e-03
  -5.1588491e-03
   0.0000000e+00
   2.1118260e-04
   3.3099145e-03
   5.1127298e-03
   7.0010174e-03
   8.2161297e-03
   9.2021930e-03
   1.0218797e-02
   1.0995156e-02
   1.1728258e-02
   1.2566156e-02
   1.3229987e-02
   1.3877310e-02
   1.4581377e-02
   1.5057346e-02
   1.5489794e-02
   1.7530720e-02
   1.8296221e-02
   1.8986965e-02
   1.9662392e-02
   2.0048576e-02
   2.0281672e-02
   2.0480046e-02
   2.0563062e-02
   2.0563825e-02
   2.0459369e-02
   2.0166164e-02
   1.9535240e-02
   1.8144761e-02
   1.6380963e-02
   1.4006094e-02
   1.0291420e-02
   6.6216321e-03
   2.5873209e-03
  -2.5582076e-03
  -7.0623262e-03
  -1.1933910e-02
  -1.8524158e-02
  -2.4601472e-02
  -3.1029850e-02
  -3.9204870e-02
  -4.6388692e-02
  -5.1040662e-02
   0.0000000e+00
   0.0000000e+00
   0.0000000e+00
   0.0000000e+00
   0.0000000e+00
   0.0000000e+00
   0.0000000e+00
   0.0000000e+00
   0.0000000e+00
   0.0000000e+00
   0.0000000e+00
   0.0000000e+00
   0.0000000e+00
   0.0000000e+00
   0.0000000e+00
   0.0000000e+00
   0.0000000e+00
   0.0000000e+00
  -1.6659738e-02
  -1.1953616e-02
  -9.8835745e-03
  -5.5914616e-03
  -2.2761828e-03
  -1.0751048e-03
  -1.3892978e-03
  -2.6176621e-03
  -4.4802392e-03
  -8.3542622e-03
  -1.0439208e-02
   0.0000000e+00
  -3.8144597e-03
  -4.9253442e-04
   1.8467911e-03
   4.2448860e-03
   5.8212931e-03
   7.1472368e-03
   8.5691492e-03
   9.6544007e-03
   1.0668367e-02
   1.1885015e-02
   1.2901066e-02
   1.3910538e-02
   1.5052469e-02
   1.5884526e-02
   1.6611482e-02
   1.2876737e-02
   1.3892979e-02
   1.4723409e-02
   1.5428998e-02
   1.5716078e-02
   1.5709949e-02
   1.5486804e-02
   1.5124234e-02
   1.4571106e-02
   1.3769156e-02
   1.3008368e-02
   1.2062576e-02
   1.0565834e-02
   8.9083002e-03
   6.8344626e-03
   3.7609519e-03
   7.4967007e-04
  -2.6061705e-03
  -7.0667031e-03
  -1.1040405e-02
  -1.5184482e-02
  -2.0640518e-02
  -2.5930340e-02
  -3.2031674e-02
  -4.0443891e-02
  -4.7371014e-02
  -5.1274285e-02
  -4.8151463e-02
  -4.5559529e-02
   0.0000000e+00
   0.0000000e+00
   0.0000000e+00
   0.0000000e+00
   0.0000000e+00
   0.0000000e+00
   0.0000000e+00
   0.0000000e+00
   0.0000000e+00
   0.0000000e+00
   0.0000000e+00
   0.0000000e+00
   0.0000000e+00
   0.0000000e+00
   0.0000000e+00
   0.0000000e+00
  -2.6519975e-02
  -1.7787159e-02
  -1.5836114e-02
  -1.2043572e-02
  -7.5255047e-03
  -5.3770118e-03
  -5.1166266e-03
  -6.6405409e-03
  -9.3472590e-03
  -1.3228025e-02
  -1.5628827e-02
  -1.7028574e-02
  -1.2865693e-02
  -9.7443931e-03
  -6.7448158e-03
  -3.9615571e-03
  -2.1080735e-03
  -5.5420589e-04
   1.0494583e-03
   2.2162341e-03
   3.2774984e-03
   4.6269511e-03
   5.8896017e-03
   7.2768060e-03
   8.9887794e-03
   1.0337460e-02
   1.1525634e-02
   9.1559287e-03
   1.0396569e-02
   1.1415837e-02
   1.2279670e-02
   1.2632690e-02
   1.2628680e-02
   1.2344736e-02
   1.1895638e-02
   1.1204123e-02
   1.0179023e-02
   9.2706265e-03
   8.2710962e-03
   6.8531873e-03
   5.3695459e-03
   3.5645069e-03
   9.4146950e-04
  -1.6441785e-03
  -4.5599181e-03
  -8.5214055e-03
  -1.2137050e-02
  -1.5949953e-02
  -2.0995657e-02
  -2.5972489e-02
  -3.1901040e-02
  -4.0459913e-02
  -4.7821391e-02
  -5.2558652e-02
  -5.0836015e-02
  -4.9983571e-02
  -5.0150308e-02
   0.0000000e+00
   0.0000000e+00
   0.0000000e+00
   0.0000000e+00
   0.0000000e+00
   0.0000000e+00
   0.0000000e+00
   0.0000000e+00
   0.0000000e+00
   0.0000000e+00
   0.0000000e+00
   0.0000000e+00
   0.0000000e+00
   0.0000000e+00
   0.0000000e+00
  -2.9589839e-02
  -1.9502013e-02
  -1.7314430e-02
  -1.6108658e-02
  -1.1176623e-02
  -8.2591304e-03
  -7.2263053e-03
  -8.5042217e-03
  -1.1363364e-02
  -1.5424814e-02
  -1.7626204e-02
  -1.9296154e-02
  -1.8157473e-02
  -1.4876679e-02
  -1.1747164e-02
  -8.9414921e-03
  -7.0301107e-03
  -5.4049267e-03
  -3.7893063e-03
  -2.6718132e-03
  -1.6754223e-03
  -3.9308779e-04
   8.8745881e-04
   2.3942808e-03
   4.3698856e-03
   6.0057620e-03
   7.4906688e-03
   1.4059029e-03
   3.1364052e-03
   4.6214225e-03
   5.9407532e-03
   6.5673738e-03
   6.7492745e-03
   6.5979304e-03
   6.2217484e-03
   5.5277330e-03
   4.3517785e-03
   3.3482552e-03
   2.4226281e-03
   1.3226469e-03
   2.8467760e-04
  -9.3408380e-04
  -2.6771503e-03
  -4.4708916e-03
  -6.5659941e-03
  -9.5336425e-03
  -1.2465443e-02
  -1.5823625e-02
  -2.0480618e-02
  -2.5102681e-02
  -3.0754581e-02
  -3.9578584e-02
  -4.8445072e-02
  -5.6264015e-02
  -5.8947298e-02
  -5.6667113e-02
  -5.0150308e-02
   0.0000000e+00
   0.0000000e+00
   0.0000000e+00
   0.0000000e+00
   0.0000000e+00
   0.0000000e+00
   0.0000000e+00
   0.0000000e+00
   0.0000000e+00
   0.0000000e+00
   0.0000000e+00
   0.0000000e+00
   0.0000000e+00
   0.0000000e+00
   0.0000000e+00
  -3.1466377e-02
  -2.1109981e-02
   0.0000000e+00
  -2.3549622e-02
  -1.8269351e-02
  -1.3739276e-02
  -1.0803704e-02
  -1.1116571e-02
  -1.3802827e-02
  -1.8405150e-02
  -2.1714109e-02
  -2.6147570e-02
  -2.7354515e-02
  -2.3441271e-02
  -2.0414594e-02
  -1.7830222e-02
  -1.5951817e-02
  -1.4282183e-02
  -1.2766820e-02
  -1.1859408e-02
  -1.1094522e-02
  -1.0114637e-02
  -8.9650614e-03
  -7.3802628e-03
  -5.0358546e-03
  -2.9198914e-03
  -8.8450830e-04
  -7.5525134e-03
  -5.3420193e-03
  -3.2912889e-03
  -1.1877778e-03
   1.0230305e-04
   9.1576400e-04
   1.4645247e-03
   1.6114884e-03
   1.4324639e-03
   8.5779758e-04
   3.0267581e-04
  -1.2606666e-04
  -5.4471746e-04
  -9.7255712e-04
  -1.5841247e-03
  -2.5910705e-03
  -3.7912230e-03
  -5.3338753e-03
  -7.6243360e-03
  -9.9894160e-03
  -1.2900384e-02
  -1.7244956e-02
  -2.1637240e-02
  -2.6910330e-02
  -3.4996647e-02
  -4.3553493e-02
  -5.3000327e-02
  -6.2671840e-02
  -6.6246077e-02
  -5.7711422e-02
   0.0000000e+00
   0.0000000e+00
   0.0000000e+00
   0.0000000e+00
   0.0000000e+00
   0.0000000e+00
   0.0000000e+00
   0.0000000e+00
   0.0000000e+00
   0.0000000e+00
   0.0000000e+00
   0.0000000e+00
   0.0000000e+00
   0.0000000e+00
  -5.0360198e-02
  -3.1466377e-02
  -2.1109981e-02
   0.0000000e+00
  -3.3598257e-02
  -2.6731919e-02
  -1.9304761e-02
  -1.3497962e-02
  -1.1655334e-02
  -1.3163467e-02
  -1.7207196e-02
  -2.0347293e-02
  -2.8555874e-02
  -3.0789343e-02
  -2.6642107e-02
  -2.4279165e-02
  -2.2314609e-02
  -2.1025880e-02
  -1.9759433e-02
  -1.8701967e-02
  -1.8363907e-02
  -1.8236387e-02
  -1.8055957e-02
  -1.7591321e-02
  -1.6583053e-02
  -1.4641836e-02
  -1.2569359e-02
  -1.0314086e-02
  -1.3283990e-02
  -1.0906261e-02
  -8.6062585e-03
  -6.0825593e-03
  -4.3745450e-03
  -3.1534181e-03
  -2.1432115e-03
  -1.6322655e-03
  -1.4459119e-03
  -1.5639018e-03
  -1.7474381e-03
  -1.8030362e-03
  -1.7386390e-03
  -1.7366320e-03
  -1.9176117e-03
  -2.4034605e-03
  -3.1827783e-03
  -4.3494053e-03
  -6.2179522e-03
  -8.2276560e-03
  -1.0815351e-02
  -1.4851624e-02
  -1.9005103e-02
  -2.3974666e-02
  -3.1506999e-02
  -3.9650143e-02
  -4.9578539e-02
  -6.2505187e-02
  -6.9679679e-02
  -6.1599010e-02
   0.0000000e+00
   0.0000000e+00
   0.0000000e+00
   0.0000000e+00
   0.0000000e+00
   0.0000000e+00
   0.0000000e+00
   0.0000000e+00
   0.0000000e+00
   0.0000000e+00
   0.0000000e+00
   0.0000000e+00
  -4.3453746e-02
  -5.3537587e-02
  -5.1329800e-02
   0.0000000e+00
   0.0000000e+00
  -2.3235748e-02
  -3.8852064e-02
  -3.2381438e-02
  -2.2644935e-02
  -1.5017500e-02
  -1.2116819e-02
  -1.2143778e-02
  -1.6232676e-02
  -1.9784052e-02
  -2.9548294e-02
  -3.3227097e-02
  -2.7670838e-02
  -2.5855715e-02
  -2.4220690e-02
  -2.3282126e-02
  -2.2272185e-02
  -2.1487110e-02
  -2.1483293e-02
  -2.1762148e-02
  -2.2131020e-02
  -2.2165589e-02
  -2.1644984e-02
  -2.0168983e-02
  -1.8323661e-02
  -1.6128246e-02
  -2.2420606e-02
  -2.0179762e-02
  -1.7807418e-02
  -1.4849070e-02
  -1.2493689e-02
  -1.0612305e-02
  -8.8274746e-03
  -7.6518285e-03
  -6.7794706e-03
  -5.9618108e-03
  -5.3086348e-03
  -4.6100248e-03
  -3.6395951e-03
  -2.8384278e-03
  -2.2115090e-03
  -1.7220313e-03
  -1.7120241e-03
  -2.2140978e-03
  -3.4427874e-03
  -4.9067652e-03
  -6.8719454e-03
  -1.0103985e-02
  -1.3611962e-02
  -1.7921202e-02
  -2.4333795e-02
  -3.1195477e-02
  -4.0276160e-02
  -5.4884260e-02
  -6.7378704e-02
  -6.5055848e-02
   0.0000000e+00
   0.0000000e+00
   0.0000000e+00
   0.0000000e+00
   0.0000000e+00
   0.0000000e+00
   0.0000000e+00
   0.0000000e+00
   0.0000000e+00
   0.0000000e+00
   0.0000000e+00
   0.0000000e+00
  -4.3453746e-02
  -5.3537587e-02
  -5.4586953e-02
   0.0000000e+00
   0.0000000e+00
  -2.3235748e-02
  -4.3836946e-02
  -4.2066166e-02
  -2.7333280e-02
  -1.6850677e-02
  -1.3189411e-02
  -8.7566548e-03
  -1.3360942e-02
   0.0000000e+00
   0.0000000e+00
  -3.7806092e-02
  -2.6370678e-02
  -2.5784171e-02
  -2.4481114e-02
  -2.4022565e-02
  -2.3417349e-02
  -2.3007168e-02
  -2.3449558e-02
  -2.4372177e-02
  -2.5725811e-02
  -2.6732116e-02
  -2.7331648e-02
  -2.7195178e-02
  -2.6287018e-02
  -2.4765566e-02
  -2.7057076e-02
  -2.5297186e-02
  -2.3278106e-02
  -2.0628717e-02
  -1.8332530e-02
  -1.6329395e-02
  -1.4347209e-02
  -1.2974658e-02
  -1.1833672e-02
  -1.0593698e-02
  -9.5185172e-03
  -8.3889200e-03
  -6.8937481e-03
  -5.5626849e-03
  -4.2799405e-03
  -2.9756413e-03
  -2.2724303e-03
  -2.0697305e-03
  -2.6010649e-03
  -3.5409895e-03
  -4.9112466e-03
  -7.2872662e-03
  -9.9556438e-03
  -1.3368618e-02
  -1.8683833e-02
  -2.4422707e-02
  -3.2197608e-02
  -4.6014100e-02
  -6.0300617e-02
  -6.3877658e-02
   0.0000000e+00
   0.0000000e+00
   0.0000000e+00
   0.0000000e+00
   0.0000000e+00
   0.0000000e+00
   0.0000000e+00
   0.0000000e+00
   0.0000000e+00
   0.0000000e+00
   0.0000000e+00
  -1.7085556e-02
  -4.0481876e-02
  -5.2228562e-02
  -5.2602277e-02
   0.0000000e+00
   0.0000000e+00
  -2.3235748e-02
  -4.6268291e-02
  -4.5669413e-02
  -3.2389274e-02
  -1.9488633e-02
  -1.4849309e-02
  -9.7840570e-03
  -1.3360942e-02
   0.0000000e+00
   0.0000000e+00
  -3.4677258e-02
  -2.4300458e-02
  -2.4345815e-02
  -2.3150863e-02
  -2.2803704e-02
  -2.2293480e-02
  -2.2018199e-02
  -2.2654773e-02
  -2.3849750e-02
  -2.5683777e-02
  -2.7264098e-02
  -2.8630946e-02
  -2.9523164e-02
  -2.9472230e-02
  -2.8693336e-02
  -2.9818156e-02
  -2.8398058e-02
  -2.6637367e-02
  -2.4229726e-02
  -2.2032796e-02
  -2.0020065e-02
  -1.7977081e-02
  -1.6532738e-02
  -1.5283814e-02
  -1.3867541e-02
  -1.2612602e-02
  -1.1282364e-02
  -9.5171529e-03
  -7.9000674e-03
  -6.2149831e-03
  -4.3500689e-03
  -3.1520464e-03
  -2.4258769e-03
  -2.4014413e-03
  -2.9335347e-03
  -3.8666840e-03
  -5.6359458e-03
  -7.7041441e-03
  -1.0437118e-02
  -1.4872563e-02
  -1.9725990e-02
  -2.6409364e-02
  -3.9172415e-02
  -5.4100971e-02
  -6.1597401e-02
   0.0000000e+00
   0.0000000e+00
   0.0000000e+00
   0.0000000e+00
   0.0000000e+00
   0.0000000e+00
   0.0000000e+00
   0.0000000e+00
   0.0000000e+00
   0.0000000e+00
   0.0000000e+00
  -1.5553189e-02
  -3.8176820e-02
  -5.1073429e-02
  -5.0430892e-02
   0.0000000e+00
   0.0000000e+00
   0.0000000e+00
  -5.0959612e-02
  -4.7407544e-02
  -3.4828180e-02
  -2.0386422e-02
  -1.6537504e-02
  -1.3767352e-02
   0.0000000e+00
  -1.4174871e-02
  -1.2953908e-02
  -2.9998998e-02
  -2.2644564e-02
  -2.3098743e-02
  -2.1997172e-02
  -2.1688529e-02
  -2.1217903e-02
  -2.1025792e-02
  -2.1785051e-02
  -2.3162869e-02
  -2.5306948e-02
  -2.7245593e-02
  -2.9108693e-02
  -3.0697318e-02
  -3.1248875e-02
  -3.0983808e-02
  -3.2094539e-02
  -3.1142221e-02
  -2.9763345e-02
  -2.7758057e-02
  -2.5867958e-02
  -2.4068462e-02
  -2.2174768e-02
  -2.0831069e-02
  -1.9676073e-02
  -1.8378781e-02
  -1.7227163e-02
  -1.5928422e-02
  -1.4089808e-02
  -1.2340744e-02
  -1.0282515e-02
  -7.6904242e-03
  -5.7962004e-03
  -4.2736805e-03
  -3.2971904e-03
  -3.1564544e-03
  -3.4380811e-03
  -4.3661626e-03
  -5.5873548e-03
  -7.2455495e-03
  -1.0160267e-02
  -1.3521573e-02
  -1.8201522e-02
  -2.8050068e-02
  -4.2013379e-02
  -5.4168094e-02
   0.0000000e+00
   0.0000000e+00
   0.0000000e+00
   0.0000000e+00
   0.0000000e+00
   0.0000000e+00
   0.0000000e+00
   0.0000000e+00
   0.0000000e+00
   0.0000000e+00
   0.0000000e+00
  -8.9031040e-03
  -3.4394788e-02
  -4.8800766e-02
  -4.5162362e-02
   0.0000000e+00
   0.0000000e+00
   0.0000000e+00
   0.0000000e+00
   0.0000000e+00
   0.0000000e+00
  -1.8760294e-02
  -2.0389009e-02
  -2.2450772e-02
   0.0000000e+00
  -1.4174871e-02
  -1.2953908e-02
  -1.6246451e-02
  -1.9792210e-02
  -2.0697828e-02
  -1.9775197e-02
  -1.9400525e-02
  -1.8902885e-02
  -1.8789306e-02
  -1.9674482e-02
  -2.1275631e-02
  -2.3759601e-02
  -2.6051632e-02
  -2.8462041e-02
  -3.0919435e-02
  -3.2291131e-02
  -3.2701471e-02
  -3.1629294e-02
  -3.0883663e-02
  -2.9691681e-02
  -2.7831887e-02
  -2.6088752e-02
  -2.4451400e-02
  -2.2673913e-02
  -2.1388531e-02
  -2.0439491e-02
  -1.9543860e-02
  -1.8717289e-02
  -1.7745443e-02
  -1.6277163e-02
  -1.4749358e-02
  -1.2904910e-02
  -1.0299146e-02
  -8.1923308e-03
  -6.3128506e-03
  -4.7038934e-03
  -3.9814601e-03
  -3.7619160e-03
  -4.1348692e-03
  -4.8930579e-03
  -6.0061829e-03
  -7.9499609e-03
  -1.0218093e-02
  -1.3437317e-02
  -2.0372319e-02
  -3.1305226e-02
  -4.4483723e-02
   0.0000000e+00
   0.0000000e+00
   0.0000000e+00
   0.0000000e+00
   0.0000000e+00
   0.0000000e+00
   0.0000000e+00
   0.0000000e+00
   0.0000000e+00
   0.0000000e+00
   0.0000000e+00
  -8.5588459e-03
  -3.1893272e-02
  -4.4259830e-02
  -4.4758075e-02
   0.0000000e+00
   0.0000000e+00
   0.0000000e+00
   0.0000000e+00
   0.0000000e+00
   0.0000000e+00
  -1.8760294e-02
  -2.0389009e-02
  -2.2450772e-02
  -7.1795723e-03
  -7.9206499e-03
  -1.0186897e-02
  -1.3914326e-02
  -1.6626705e-02
  -1.7782366e-02
  -1.7187239e-02
  -1.6769388e-02
  -1.6210700e-02
  -1.5999517e-02
  -1.6852062e-02
  -1.8544479e-02
  -2.1150369e-02
  -2.3567094e-02
  -2.6155870e-02
  -2.9072658e-02
  -3.0958420e-02
  -3.1854075e-02
  -3.0427854e-02
  -2.9853723e-02
  -2.8786620e-02
  -2.7060988e-02
  -2.5447201e-02
  -2.3903633e-02
  -2.2177276e-02
  -2.0877980e-02
  -1.9996303e-02
  -1.9353174e-02
  -1.8762180e-02
  -1.8037214e-02
  -1.6906113e-02
  -1.5611585e-02
  -1.3998823e-02
  -1.1585178e-02
  -9.4872824e-03
  -7.4836118e-03
  -5.5505224e-03
  -4.4853707e-03
  -3.9211143e-03
  -3.9411545e-03
  -4.4250917e-03
  -5.2123234e-03
  -6.5785130e-03
  -8.1653519e-03
  -1.0460283e-02
  -1.5543167e-02
  -2.4092405e-02
  -3.6830093e-02
   0.0000000e+00
   0.0000000e+00
   0.0000000e+00
   0.0000000e+00
   0.0000000e+00
   0.0000000e+00
   0.0000000e+00
   0.0000000e+00
   0.0000000e+00
   0.0000000e+00
   0.0000000e+00
  -9.9380458e-03
  -3.0025375e-02
  -4.0872940e-02
  -4.4139729e-02
   0.0000000e+00
   0.0000000e+00
   0.0000000e+00
   0.0000000e+00
   0.0000000e+00
   0.0000000e+00
   0.0000000e+00
   0.0000000e+00
  -2.1613065e-02
  -6.7163501e-03
  -5.5894421e-03
  -7.7002064e-03
  -1.1243924e-02
  -1.3660054e-02
  -1.5025584e-02
  -1.4702722e-02
  -1.4339452e-02
  -1.3826506e-02
  -1.3554177e-02
  -1.4341685e-02
  -1.6039761e-02
  -1.8676085e-02
  -2.1130702e-02
  -2.3805101e-02
  -2.6947330e-02
  -2.9107690e-02
  -3.0336678e-02
  -2.7869345e-02
  -2.7526357e-02
  -2.6592775e-02
  -2.5063444e-02
  -2.3632513e-02
  -2.2168399e-02
  -2.0458777e-02
  -1.9068966e-02
  -1.8158819e-02
  -1.7762956e-02
  -1.7450148e-02
  -1.7029856e-02
  -1.6387627e-02
  -1.5464731e-02
  -1.4226776e-02
  -1.2306430e-02
  -1.0434022e-02
  -8.4610964e-03
  -6.3222930e-03
  -4.9564427e-03
  -4.0095375e-03
  -3.6780021e-03
  -3.9189385e-03
  -4.4125205e-03
  -5.2629504e-03
  -6.1916330e-03
  -7.5722926e-03
  -1.0810254e-02
  -1.6297568e-02
  -2.6954867e-02
   0.0000000e+00
   0.0000000e+00
   0.0000000e+00
   0.0000000e+00
   0.0000000e+00
   0.0000000e+00
   0.0000000e+00
   0.0000000e+00
   0.0000000e+00
   0.0000000e+00
   0.0000000e+00
  -1.3714605e-02
  -2.7747198e-02
  -3.2621177e-02
   0.0000000e+00
   0.0000000e+00
   0.0000000e+00
   0.0000000e+00
   0.0000000e+00
   0.0000000e+00
   0.0000000e+00
   0.0000000e+00
   0.0000000e+00
  -2.1613065e-02
  -6.4268763e-03
  -2.7510825e-03
  -4.1290163e-03
  -6.7978595e-03
  -9.2700036e-03
  -1.0921145e-02
  -1.0965827e-02
  -1.0780264e-02
  -1.0440003e-02
  -1.0108118e-02
  -1.0764243e-02
  -1.2389233e-02
  -1.4985101e-02
  -1.7415255e-02
  -2.0133203e-02
  -2.3399873e-02
  -2.5755294e-02
  -2.7353641e-02
  -2.2868080e-02
  -2.2828959e-02
  -2.2133096e-02
  -2.0895599e-02
  -1.9833420e-02
  -1.8599182e-02
  -1.7129159e-02
  -1.5773592e-02
  -1.4720587e-02
  -1.4190080e-02
  -1.3923239e-02
  -1.3682366e-02
  -1.3497761e-02
  -1.3020626e-02
  -1.2158783e-02
  -1.0841875e-02
  -9.4699213e-03
  -7.8910746e-03
  -5.8692583e-03
  -4.4507803e-03
  -3.3591219e-03
  -2.7037998e-03
  -2.8083613e-03
  -3.1554589e-03
  -3.6928532e-03
  -4.2165595e-03
  -4.8777198e-03
  -6.7808902e-03
  -1.0112351e-02
  -1.6676638e-02
  -2.6244022e-02
   0.0000000e+00
   0.0000000e+00
   0.0000000e+00
   0.0000000e+00
   0.0000000e+00
   0.0000000e+00
   0.0000000e+00
   0.0000000e+00
  -1.3974780e-02
  -9.7109986e-03
  -1.4546224e-02
  -2.2696553e-02
  -0.0000000e+00
   0.0000000e+00
   0.0000000e+00
   0.0000000e+00
   0.0000000e+00
   0.0000000e+00
   0.0000000e+00
   0.0000000e+00
  -1.5041747e-02
  -1.3796812e-02
  -1.4571416e-02
  -4.7256118e-03
  -4.7937061e-04
   1.3439259e-03
   2.0916740e-04
  -1.4149189e-03
  -2.6977761e-03
  -3.2742967e-03
  -3.7984278e-03
  -4.2917192e-03
  -4.5709915e-03
  -5.4259921e-03
  -7.0206877e-03
  -9.5811061e-03
  -1.1993063e-02
  -1.4739507e-02
  -1.7999263e-02
  -2.0258804e-02
  -2.1972394e-02
  -1.8654859e-02
  -1.8694185e-02
  -1.8128215e-02
  -1.7070000e-02
  -1.6294480e-02
  -1.5307390e-02
  -1.4058309e-02
  -1.2926561e-02
  -1.1993497e-02
  -1.1468135e-02
  -1.1135579e-02
  -1.0933655e-02
  -1.0903277e-02
  -1.0669603e-02
  -1.0012876e-02
  -8.9451092e-03
  -7.8577192e-03
  -6.5509625e-03
  -4.7696208e-03
  -3.4031711e-03
  -2.3627052e-03
  -1.6572328e-03
  -1.6593391e-03
  -1.9262291e-03
  -2.3553985e-03
  -2.7054225e-03
  -3.0287663e-03
  -4.2274279e-03
  -6.6057926e-03
  -1.1281683e-02
  -1.9998464e-02
   0.0000000e+00
   0.0000000e+00
   0.0000000e+00
   0.0000000e+00
  -1.5376169e-02
  -1.8173170e-02
  -1.5281105e-02
  -9.7895533e-03
  -1.1429514e-02
  -9.9860170e-03
  -1.4462736e-02
  -2.1752514e-02
   0.0000000e+00
   0.0000000e+00
   0.0000000e+00
   0.0000000e+00
   0.0000000e+00
   0.0000000e+00
  -7.4789511e-03
  -9.3673843e-03
  -1.1594948e-02
  -1.2158215e-02
  -1.3766007e-02
  -5.4376630e-03
  -5.5588639e-04
   2.0676633e-03
   2.5259302e-03
   2.9964517e-03
   3.7740055e-03
   4.0025757e-03
   3.1454569e-03
   1.8854565e-03
   6.9272968e-04
  -6.9487024e-04
  -2.5418071e-03
  -5.3273659e-03
  -7.9165724e-03
  -1.0751949e-02
  -1.4012956e-02
  -1.6114255e-02
  -1.7730807e-02
  -1.3968266e-02
  -1.3988384e-02
  -1.3494325e-02
  -1.2571719e-02
  -1.2062761e-02
  -1.1379145e-02
  -1.0389313e-02
  -9.5493530e-03
  -8.8344084e-03
  -8.4172512e-03
  -8.0493925e-03
  -7.8752708e-03
  -7.9599073e-03
  -7.9391178e-03
  -7.4815640e-03
  -6.6050662e-03
  -5.7497686e-03
  -4.6828185e-03
  -3.1892394e-03
  -1.9219633e-03
  -9.6667337e-04
  -2.8282154e-04
  -2.0265116e-04
  -3.9277330e-04
  -7.4185935e-04
  -9.5575344e-04
  -1.0029236e-03
  -1.5763704e-03
  -3.1504930e-03
  -6.2761194e-03
  -1.2324047e-02
   0.0000000e+00
   0.0000000e+00
   0.0000000e+00
   0.0000000e+00
  -1.3992824e-02
  -1.6857667e-02
  -1.4239109e-02
  -9.2778948e-03
  -8.5838874e-03
  -1.0138278e-02
  -1.4122502e-02
   0.0000000e+00
   0.0000000e+00
   0.0000000e+00
   0.0000000e+00
   0.0000000e+00
   0.0000000e+00
   0.0000000e+00
  -7.4789511e-03
  -8.9544970e-03
  -1.0776400e-02
  -1.0784149e-02
  -1.3564561e-02
  -6.4680516e-03
  -1.3925305e-03
   1.2308653e-03
   2.6966513e-03
   5.8819702e-03
   9.7148847e-03
   1.1633781e-02
   1.0893810e-02
   9.0493365e-03
   6.8663337e-03
   4.8004283e-03
   2.5437977e-03
  -6.0165207e-04
  -3.4667640e-03
  -6.4509555e-03
  -9.7508553e-03
  -1.1689082e-02
  -1.3133645e-02
  -7.6721721e-03
  -7.3971384e-03
  -6.7708991e-03
  -5.8334926e-03
  -5.4939153e-03
  -5.2850060e-03
  -4.6805860e-03
  -4.2307245e-03
  -3.9347360e-03
  -3.9688703e-03
  -3.7985842e-03
  -3.6995484e-03
  -3.9178768e-03
  -4.0681652e-03
  -3.8614014e-03
  -3.1281528e-03
  -2.3676607e-03
  -1.4237970e-03
  -2.7163358e-04
   7.8245764e-04
   1.6643529e-03
   2.2067858e-03
   2.2812696e-03
   2.1827915e-03
   1.9180923e-03
   1.8072304e-03
   1.9703133e-03
   1.9748890e-03
   1.2229253e-03
  -6.3943533e-04
  -4.6642881e-03
   0.0000000e+00
   0.0000000e+00
   0.0000000e+00
   0.0000000e+00
  -6.5770533e-03
  -9.8055816e-03
  -8.6532308e-03
  -6.5350197e-03
  -6.9737300e-03
  -9.4802075e-03
  -1.0491981e-02
   0.0000000e+00
   0.0000000e+00
   0.0000000e+00
   0.0000000e+00
   0.0000000e+00
   0.0000000e+00
   0.0000000e+00
   0.0000000e+00
  -6.0033149e-03
  -1.1007726e-02
  -1.2202238e-02
  -1.2833399e-02
  -6.8960755e-03
  -3.7601941e-03
  -3.0218510e-03
  -3.5419516e-03
   3.6053673e-03
   1.3048728e-02
   1.9313474e-02
   2.0453233e-02
   1.8959263e-02
   1.5905153e-02
   1.2908699e-02
   9.8307692e-03
   5.9895962e-03
   2.6092924e-03
  -7.1733317e-04
  -4.2138214e-03
  -6.0540970e-03
  -7.1834756e-03
  -1.9612171e-03
  -1.2005647e-03
  -7.2181654e-05
   1.2529105e-03
   1.9041223e-03
   2.0064639e-03
   2.2441057e-03
   2.3798760e-03
   2.2817753e-03
   1.7884714e-03
   1.4629016e-03
   1.2057697e-03
   7.5642826e-04
   5.0225668e-04
   4.8813986e-04
   1.0157301e-03
   1.7540781e-03
   2.6476398e-03
   3.6442998e-03
   4.4462044e-03
   5.3099910e-03
   5.9478322e-03
   6.0333850e-03
   5.9343626e-03
   5.6857984e-03
   5.6156971e-03
   5.9294843e-03
   6.2306190e-03
   5.9685934e-03
   4.8339168e-03
   1.5515338e-03
  -2.3278459e-03
  -3.6583472e-03
   0.0000000e+00
   0.0000000e+00
  -6.5770533e-03
  -4.3447644e-03
  -4.9864128e-03
  -4.7730973e-03
  -6.1151252e-03
  -7.8477261e-03
  -7.9917702e-03
   0.0000000e+00
   0.0000000e+00
   0.0000000e+00
   0.0000000e+00
   0.0000000e+00
   0.0000000e+00
   0.0000000e+00
   0.0000000e+00
  -1.1427223e-02
  -1.2360720e-02
  -1.5617010e-02
  -1.2097917e-02
  -1.6358826e-04
   1.9905811e-03
  -1.9375309e-03
  -7.0821162e-03
  -2.9165601e-03
   8.7213306e-03
   1.9432061e-02
   2.4181796e-02
   2.4810277e-02
   2.2310875e-02
   1.9236669e-02
   1.5971465e-02
   1.1587557e-02
   7.7915398e-03
   4.2295531e-03
   6.7342891e-04
  -1.1843634e-03
  -2.0219979e-03
   1.9577262e-03
   3.1094485e-03
   4.6977101e-03
   6.5987453e-03
   7.7603662e-03
   8.1491427e-03
   8.3164494e-03
   8.3136126e-03
   8.0001622e-03
   7.2476245e-03
   6.5487300e-03
   5.8764393e-03
   5.1293929e-03
   4.7557946e-03
   4.6225081e-03
   4.9059285e-03
   5.6292056e-03
   6.4731120e-03
   7.2998375e-03
   7.9817603e-03
   8.7818308e-03
   9.5335278e-03
   9.7395547e-03
   9.6180750e-03
   9.3207026e-03
   9.2444569e-03
   9.7077455e-03
   1.0259818e-02
   1.0267072e-02
   9.5408507e-03
   6.7756291e-03
   2.9191179e-03
   2.0118645e-03
   3.3067151e-04
   0.0000000e+00
   0.0000000e+00
  -1.3728013e-03
  -1.9426116e-03
  -2.9122286e-03
  -4.8477892e-03
  -7.1002886e-03
  -7.5548700e-03
   0.0000000e+00
   0.0000000e+00
   0.0000000e+00
   0.0000000e+00
   0.0000000e+00
   0.0000000e+00
   0.0000000e+00
   0.0000000e+00
  -1.4579601e-02
  -1.3666058e-02
  -1.7240448e-02
  -1.3761339e-02
   1.0128828e-03
   2.9955026e-03
   3.6052475e-03
  -3.3469364e-04
   8.5802030e-05
   7.9968727e-03
   1.7024031e-02
   2.3886292e-02
   2.6530942e-02
   2.5027895e-02
   2.2203050e-02
   1.9117703e-02
   1.4683817e-02
   1.0726675e-02
   7.0445461e-03
   3.5987775e-03
   1.8283013e-03
   1.2854816e-03
   4.9431136e-03
   6.5399028e-03
   8.6166201e-03
   1.1184006e-02
   1.2975036e-02
   1.3937805e-02
   1.4228559e-02
   1.4224497e-02
   1.3788396e-02
   1.2863148e-02
   1.1851166e-02
   1.0709359e-02
   9.6667562e-03
   9.1749806e-03
   8.9446411e-03
   8.9798695e-03
   9.6093390e-03
   1.0420133e-02
   1.1041076e-02
   1.1653760e-02
   1.2413731e-02
   1.3182838e-02
   1.3522188e-02
   1.3374271e-02
   1.3119247e-02
   1.3030048e-02
   1.3581866e-02
   1.4440710e-02
   1.4669340e-02
   1.4308317e-02
   1.2276831e-02
   9.3732687e-03
   6.0921391e-03
   3.7366947e-03
   6.5293800e-03
   5.3817717e-03
   1.3187122e-03
   1.4879205e-03
  -2.0158942e-04
  -4.0538313e-03
  -6.4434497e-03
   0.0000000e+00
   0.0000000e+00
   0.0000000e+00
   0.0000000e+00
   0.0000000e+00
   0.0000000e+00
   0.0000000e+00
   0.0000000e+00
   0.0000000e+00
  -1.6085105e-02
  -1.5701701e-02
  -1.9198068e-02
  -1.9757752e-02
   0.0000000e+00
   0.0000000e+00
   1.0468481e-02
   8.1403822e-03
   3.5802719e-03
   6.3490275e-03
   1.2408591e-02
   2.0013814e-02
   2.4758496e-02
   2.4830319e-02
   2.2764153e-02
   2.0197692e-02
   1.6021956e-02
   1.2243330e-02
   8.6621749e-03
   5.4039791e-03
   3.7850769e-03
   3.5422208e-03
   6.4451109e-03
   8.6100285e-03
   1.1178241e-02
   1.4432541e-02
   1.6874404e-02
   1.8610847e-02
   1.9294900e-02
   1.9447240e-02
   1.8998269e-02
   1.8011293e-02
   1.6790856e-02
   1.5244179e-02
   1.3901762e-02
   1.3317555e-02
   1.2995892e-02
   1.2809664e-02
   1.3253641e-02
   1.4009271e-02
   1.4466016e-02
   1.5048658e-02
   1.5813933e-02
   1.6482536e-02
   1.6882500e-02
   1.6737130e-02
   1.6677971e-02
   1.6626835e-02
   1.7202776e-02
   1.8351361e-02
   1.8845286e-02
   1.8841100e-02
   1.7441870e-02
   1.5325406e-02
   1.2749828e-02
   9.5458952e-03
   7.6055404e-03
   6.2722315e-03
   4.5466246e-03
   5.5136172e-03
   3.7272171e-03
   0.0000000e+00
   0.0000000e+00
   0.0000000e+00
   0.0000000e+00
   0.0000000e+00
   0.0000000e+00
   0.0000000e+00
   0.0000000e+00
   0.0000000e+00
   0.0000000e+00
   0.0000000e+00
  -1.6278181e-02
  -1.8496291e-02
  -2.2261932e-02
  -2.2451456e-02
   0.0000000e+00
   0.0000000e+00
   1.3657605e-02
   1.3910531e-02
   4.6750325e-03
   3.0369414e-03
   6.0539010e-03
   1.2911835e-02
   1.9288434e-02
   2.1447656e-02
   2.0607974e-02
   1.8832014e-02
   1.5207024e-02
   1.1966865e-02
   8.7640478e-03
   5.7493549e-03
   4.3248211e-03
   4.3453230e-03
   5.7664413e-03
   8.7002266e-03
   1.1712840e-02
   1.5651935e-02
   1.8595544e-02
   2.0990645e-02
   2.2468073e-02
   2.2891215e-02
   2.2550121e-02
   2.1659008e-02
   2.0379321e-02
   1.8766777e-02
   1.6973376e-02
   1.6328920e-02
   1.5909207e-02
   1.5519150e-02
   1.5805789e-02
   1.6328784e-02
   1.6890867e-02
   1.7464135e-02
   1.8228981e-02
   1.8853340e-02
   1.9133915e-02
   1.9100407e-02
   1.9312900e-02
   1.9485720e-02
   2.0162533e-02
   2.1301631e-02
   2.2280250e-02
   2.2587006e-02
   2.1938110e-02
   2.0561463e-02
   1.8417622e-02
   1.5591042e-02
   1.2796951e-02
   1.0624949e-02
   9.3244400e-03
   1.0133655e-02
   8.8628693e-03
   0.0000000e+00
   0.0000000e+00
   0.0000000e+00
   0.0000000e+00
   0.0000000e+00
   0.0000000e+00
   0.0000000e+00
   0.0000000e+00
   0.0000000e+00
   0.0000000e+00
   0.0000000e+00
  -1.7693704e-02
  -2.0937380e-02
  -2.6352390e-02
  -2.6949179e-02
  -1.3977407e-02
  -5.2757865e-03
   0.0000000e+00
   0.0000000e+00
   5.0143655e-03
   1.2632454e-03
   4.6885125e-04
   6.2958355e-03
   1.2488433e-02
   1.6568063e-02
   1.6705978e-02
   1.5562588e-02
   1.2614922e-02
   9.8967278e-03
   7.1654800e-03
   4.4642418e-03
   3.2184384e-03
   3.4250012e-03
   2.7887029e-03
   6.1441923e-03
   9.5644437e-03
   1.4059762e-02
   1.7217915e-02
   2.0181766e-02
   2.2363772e-02
   2.3412171e-02
   2.3400045e-02
   2.2663483e-02
   2.1465111e-02
   1.9960194e-02
   1.8266624e-02
   1.7327451e-02
   1.6820257e-02
   1.6295633e-02
   1.6422422e-02
   1.6674578e-02
   1.7371322e-02
   1.8021240e-02
   1.8767703e-02
   1.9283765e-02
   1.9644190e-02
   1.9911274e-02
   2.0520222e-02
   2.1131312e-02
   2.1770805e-02
   2.3156028e-02
   2.4332085e-02
   2.5153561e-02
   2.4876404e-02
   2.4595562e-02
   2.3131037e-02
   2.1054258e-02
   1.8147633e-02
   1.6288991e-02
   1.4437194e-02
   1.4865360e-02
   1.3880213e-02
   0.0000000e+00
   0.0000000e+00
   0.0000000e+00
   0.0000000e+00
   0.0000000e+00
   0.0000000e+00
   0.0000000e+00
   0.0000000e+00
   0.0000000e+00
   0.0000000e+00
   0.0000000e+00
  -1.8317978e-02
  -2.1812146e-02
  -2.7643238e-02
  -2.4288645e-02
  -1.3977407e-02
  -5.2757865e-03
   0.0000000e+00
   0.0000000e+00
  -1.0214064e-02
  -3.5240208e-03
  -1.1182324e-04
   2.8347419e-03
   7.5845758e-03
   1.1334207e-02
   1.1914291e-02
   1.0979599e-02
   7.9881888e-03
   5.7614107e-03
   3.4339075e-03
   1.3181858e-03
   7.8800945e-05
   5.5592869e-04
  -1.4201770e-03
   1.5376189e-03
   5.4042174e-03
   9.7558956e-03
   1.3259611e-02
   1.6327504e-02
   1.9246258e-02
   2.0735167e-02
   2.1311814e-02
   2.0754121e-02
   1.9684676e-02
   1.8487028e-02
   1.7108161e-02
   1.6276432e-02
   1.5585235e-02
   1.5346022e-02
   1.5113549e-02
   1.5195015e-02
   1.5670627e-02
   1.6567349e-02
   1.7020317e-02
   1.7656839e-02
   1.8076379e-02
   1.8749469e-02
   1.9862819e-02
   2.1041685e-02
   2.2001816e-02
   2.3496933e-02
   2.4720332e-02
   2.5630453e-02
   2.6010685e-02
   2.6397807e-02
   2.6031613e-02
   2.4508586e-02
   2.2182983e-02
   2.0119998e-02
   1.8576544e-02
   1.8411379e-02
   1.8096831e-02
   2.0490350e-02
   1.7139733e-02
   0.0000000e+00
   0.0000000e+00
   0.0000000e+00
   0.0000000e+00
   0.0000000e+00
   0.0000000e+00
   0.0000000e+00
   0.0000000e+00
   0.0000000e+00
  -2.0009792e-02
  -2.2627870e-02
  -2.7380608e-02
  -2.6934463e-02
  -2.1360145e-02
  -1.2068992e-02
   6.5488264e-03
  -1.6697539e-03
  -7.9486419e-03
  -5.9053942e-03
  -1.0122112e-03
   1.0302520e-03
   4.3045154e-03
   6.4857395e-03
   7.1464611e-03
   5.8260713e-03
   3.0478149e-03
   6.0534707e-04
  -8.4381241e-04
  -3.1231410e-03
  -4.0474044e-03
  -3.9200172e-03
  -6.5703220e-03
  -3.6701316e-03
  -5.3709327e-05
   4.1472808e-03
   7.5521650e-03
   1.0749563e-02
   1.3904459e-02
   1.5709896e-02
   1.6772467e-02
   1.6600590e-02
   1.5940443e-02
   1.5070899e-02
   1.4058022e-02
   1.3444521e-02
   1.2884532e-02
   1.2693048e-02
   1.2342245e-02
   1.2246538e-02
   1.2571248e-02
   1.3513766e-02
   1.3970543e-02
   1.4686564e-02
   1.5402392e-02
   1.6173402e-02
   1.7713119e-02
   1.9211735e-02
   2.0786923e-02
   2.2337556e-02
   2.3778606e-02
   2.4700455e-02
   2.5727648e-02
   2.6454216e-02
   2.6751034e-02
   2.5872551e-02
   2.4441203e-02
   2.2680082e-02
   2.1213642e-02
   2.0611190e-02
   1.9382804e-02
   1.5805908e-02
   0.0000000e+00
   0.0000000e+00
   0.0000000e+00
   0.0000000e+00
   0.0000000e+00
   0.0000000e+00
   0.0000000e+00
   0.0000000e+00
   0.0000000e+00
  -4.1170810e-02
  -2.4866644e-02
  -2.3250780e-02
  -2.7364196e-02
  -2.6525180e-02
  -2.2681044e-02
  -1.6617283e-02
  -1.0237108e-02
  -9.1267754e-03
  -9.7593606e-03
  -6.6595614e-03
  -2.7572728e-03
  -1.3403627e-03
   2.3156862e-04
   1.5588702e-03
   1.4752385e-03
   2.3976750e-04
  -2.7856443e-03
  -4.9459809e-03
  -6.2666943e-03
  -7.9859651e-03
  -8.9440005e-03
  -8.8702556e-03
  -1.1167812e-02
  -8.5527134e-03
  -5.2252578e-03
  -1.5411246e-03
   1.5748731e-03
   4.4929920e-03
   7.1847905e-03
   9.2878695e-03
   1.0555029e-02
   1.1019577e-02
   1.0732907e-02
   1.0057287e-02
   9.5901748e-03
   9.2419079e-03
   9.0859277e-03
   8.8725383e-03
   8.5457029e-03
   8.2667969e-03
   8.3021989e-03
   8.9771196e-03
   9.5632362e-03
   1.0404581e-02
   1.1441068e-02
   1.2396434e-02
   1.3959974e-02
   1.5532850e-02
   1.7548150e-02
   1.9716007e-02
   2.1188645e-02
   2.2551648e-02
   2.3987931e-02
   2.5016595e-02
   2.5381421e-02
   2.5233769e-02
   2.4887696e-02
   2.3846008e-02
   2.2591428e-02
   2.1703157e-02
   1.9275202e-02
   1.5474162e-02
   1.3760675e-02
   0.0000000e+00
   0.0000000e+00
   0.0000000e+00
   0.0000000e+00
   0.0000000e+00
   0.0000000e+00
   0.0000000e+00
  -2.0852351e-02
  -2.3412724e-02
  -1.8860984e-02
  -2.2958018e-02
  -2.6820296e-02
  -2.6196589e-02
  -2.1775654e-02
  -1.6767124e-02
  -1.2164547e-02
  -8.6304784e-03
  -7.4344485e-03
  -5.3442310e-03
  -3.2848018e-03
  -3.2314505e-03
  -2.6672461e-03
  -2.9675801e-03
  -3.6789696e-03
  -5.0542767e-03
  -7.8596543e-03
  -9.5182014e-03
  -1.1108411e-02
  -1.2505551e-02
  -1.3398524e-02
  -1.3299387e-02
  -1.4387120e-02
  -1.2446032e-02
  -9.8246216e-03
  -7.0626973e-03
  -4.3456356e-03
  -2.0432479e-03
   7.8177154e-05
   2.1281412e-03
   3.4702434e-03
   4.5610352e-03
   4.5550695e-03
   4.0230514e-03
   4.0458657e-03
   3.8622085e-03
   3.9950061e-03
   4.1679232e-03
   4.0082458e-03
   3.8176622e-03
   3.4373880e-03
   3.6126091e-03
   4.0231797e-03
   4.8980003e-03
   6.2098343e-03
   7.4384169e-03
   9.0581206e-03
   1.0542001e-02
   1.2627437e-02
   1.5051375e-02
   1.6908011e-02
   1.8773709e-02
   2.0506041e-02
   2.1577004e-02
   2.1892381e-02
   2.2363291e-02
   2.3015991e-02
   2.3235902e-02
   2.2926249e-02
   2.1438612e-02
   1.8997853e-02
   1.4770313e-02
   1.3452202e-02
   1.3358613e-02
   0.0000000e+00
   0.0000000e+00
   0.0000000e+00
   0.0000000e+00
   0.0000000e+00
   0.0000000e+00
  -1.8618139e-02
  -1.4221703e-02
  -1.3251032e-02
  -2.2252088e-02
  -2.4869280e-02
  -2.4940712e-02
  -2.0033461e-02
  -1.5117086e-02
  -1.0775614e-02
  -6.4096006e-03
  -5.4192498e-03
  -4.1369687e-03
  -3.9568527e-03
  -4.7313038e-03
  -4.7915413e-03
  -6.2509860e-03
  -7.1321569e-03
  -8.4931683e-03
  -1.0549701e-02
  -1.1976961e-02
  -1.3616338e-02
  -1.4880289e-02
  -1.5725423e-02
  -1.5777662e-02
  -1.6327167e-02
  -1.5233955e-02
  -1.3489437e-02
  -1.1131161e-02
  -9.5077203e-03
  -7.6661132e-03
  -5.7934577e-03
  -4.2540794e-03
  -2.4883699e-03
  -1.4623980e-03
  -1.1791531e-03
  -1.1845167e-03
  -1.2815781e-03
  -9.9166462e-04
  -8.5381943e-04
  -6.1420992e-04
  -4.5492152e-04
  -5.2783252e-04
  -6.7889743e-04
  -9.1766636e-04
  -7.6947067e-04
  -6.9180771e-05
   1.1885242e-03
   2.6686449e-03
   4.3024695e-03
   6.1407659e-03
   7.9627676e-03
   1.0052463e-02
   1.1980676e-02
   1.3984057e-02
   1.6006236e-02
   1.6736025e-02
   1.7294044e-02
   1.8164441e-02
   1.9180738e-02
   2.1243537e-02
   2.1645584e-02
   2.0395225e-02
   1.8957650e-02
   1.3729533e-02
   1.2473888e-02
   1.3476509e-02
   0.0000000e+00
   0.0000000e+00
   0.0000000e+00
   0.0000000e+00
   0.0000000e+00
   0.0000000e+00
   1.5786275e-04
  -4.9921588e-03
  -1.1943957e-02
  -1.9689799e-02
  -2.3151634e-02
  -2.2749184e-02
  -1.8632244e-02
  -1.4414860e-02
  -9.9125710e-03
  -6.0260720e-03
  -4.6083647e-03
  -3.7190092e-03
  -3.8846195e-03
  -4.9109893e-03
  -6.0355945e-03
  -7.8058428e-03
  -9.3099498e-03
  -1.0659573e-02
  -1.2117166e-02
  -1.3347742e-02
  -1.4651107e-02
  -1.5902268e-02
  -1.6650327e-02
  -1.6983373e-02
  -1.7493876e-02
  -1.7092561e-02
  -1.5693614e-02
  -1.4292300e-02
  -1.3264336e-02
  -1.1514991e-02
  -1.0034746e-02
  -8.8141105e-03
  -7.0784561e-03
  -6.1107833e-03
  -5.6371441e-03
  -5.0182397e-03
  -4.9008468e-03
  -4.5902515e-03
  -4.2203611e-03
  -4.3376994e-03
  -4.2616141e-03
  -4.0922867e-03
  -3.9864412e-03
  -4.0175259e-03
  -4.0805749e-03
  -3.7339568e-03
  -2.5989175e-03
  -1.3065113e-03
   2.2753030e-05
   1.9331212e-03
   4.0135975e-03
   5.5190456e-03
   6.9249405e-03
   8.8474014e-03
   1.0253142e-02
   1.1085200e-02
   1.1908222e-02
   1.2087915e-02
   1.3999293e-02
   1.7267649e-02
   1.8078194e-02
   1.8338831e-02
   1.7923039e-02
   1.3341329e-02
   1.2565580e-02
   1.3386651e-02
   0.0000000e+00
   0.0000000e+00
   0.0000000e+00
   0.0000000e+00
  -2.4441707e-03
   2.5141395e-03
   4.4703269e-03
  -2.4426960e-03
  -9.8362431e-03
  -1.5907435e-02
  -1.9776527e-02
  -1.9585786e-02
  -1.6233373e-02
  -1.3409172e-02
  -9.7095961e-03
  -6.1360685e-03
  -4.9217061e-03
  -4.0138741e-03
  -4.0663796e-03
  -5.5402685e-03
  -6.9978035e-03
  -8.8676251e-03
  -1.0778850e-02
  -1.2047737e-02
  -1.3223639e-02
  -1.4574847e-02
  -1.5387413e-02
  -1.6749210e-02
  -1.7773005e-02
  -1.7708922e-02
  -1.7886374e-02
  -1.7469861e-02
  -1.6736235e-02
  -1.6013574e-02
  -1.5425112e-02
  -1.4264500e-02
  -1.2586116e-02
  -1.1399040e-02
  -1.0185946e-02
  -9.2495214e-03
  -8.7852474e-03
  -8.3103550e-03
  -7.6093142e-03
  -7.2147669e-03
  -6.9155039e-03
  -6.6741941e-03
  -6.5088055e-03
  -6.1501527e-03
  -5.5276502e-03
  -5.2628626e-03
  -5.4190576e-03
  -5.3233031e-03
  -4.4509949e-03
  -3.5316062e-03
  -2.5761041e-03
  -1.1415055e-03
   5.5337889e-04
   2.1648475e-03
   3.2605966e-03
   4.5390525e-03
   5.7231651e-03
   6.3719669e-03
   6.6377792e-03
   6.5076454e-03
   7.4300485e-03
   9.5372297e-03
   1.1438753e-02
   1.2308641e-02
   1.2824212e-02
   1.2196931e-02
   1.1028425e-02
   1.0957461e-02
   1.4658453e-02
   1.2613968e-02
   1.5476913e-02
   1.6319713e-02
   1.2456992e-02
   9.2618123e-03
   5.2328284e-03
  -5.1902487e-04
  -5.4689568e-03
  -1.0163499e-02
  -1.2881957e-02
  -1.3366286e-02
  -1.1870373e-02
  -1.0400100e-02
  -8.7378440e-03
  -6.5456294e-03
  -5.2447970e-03
  -4.6077706e-03
  -4.7033758e-03
  -5.5995916e-03
  -7.1293924e-03
  -9.0845097e-03
  -1.0453719e-02
  -1.1593487e-02
  -1.2783554e-02
  -1.3749496e-02
  -1.4772911e-02
  -1.6197026e-02
  -1.7124911e-02
  -1.7673383e-02
  -1.4636030e-02
  -1.4850432e-02
  -1.4790952e-02
  -1.4458844e-02
  -1.3998237e-02
  -1.3304162e-02
  -1.2355390e-02
  -1.1529907e-02
  -1.0598033e-02
  -9.5445586e-03
  -8.8884913e-03
  -8.4748780e-03
  -8.2152812e-03
  -8.0409705e-03
  -7.7161232e-03
  -7.1775184e-03
  -6.6504078e-03
  -5.9579223e-03
  -5.1523832e-03
  -4.6486938e-03
  -4.3262754e-03
  -3.8898160e-03
  -3.2046201e-03
  -2.4133461e-03
  -1.5038113e-03
  -5.5506229e-04
   4.2472990e-04
   1.8502294e-03
   2.9638368e-03
   3.8839329e-03
   4.9530527e-03
   5.8139256e-03
   6.4853891e-03
   7.0356270e-03
   7.6212907e-03
   8.3522156e-03
   9.1821369e-03
   9.8035409e-03
   1.0127207e-02
   9.9494425e-03
   9.2452725e-03
   8.7073443e-03
   9.5768317e-03
   1.1323278e-02
   1.3438075e-02
   1.4933443e-02
   1.3762292e-02
   1.0884546e-02
   6.4018362e-03
   2.8073645e-03
  -4.7932726e-04
  -3.5438651e-03
  -5.0117293e-03
  -5.6216315e-03
  -5.4606851e-03
  -4.9717882e-03
  -4.5290766e-03
  -4.0078534e-03
  -3.5861101e-03
  -3.2862634e-03
  -3.3849052e-03
  -4.0177601e-03
  -5.0739139e-03
  -6.4745109e-03
  -7.5753121e-03
  -8.5234785e-03
  -9.5695410e-03
  -1.0394782e-02
  -1.1158532e-02
  -1.2076809e-02
  -1.3017637e-02
  -1.3906266e-02
  -8.7513992e-03
  -9.0774072e-03
  -9.2077099e-03
  -9.0688306e-03
  -8.8171304e-03
  -8.5454403e-03
  -8.2782430e-03
  -8.0404481e-03
  -7.6642331e-03
  -7.0588269e-03
  -6.5424431e-03
  -6.1343775e-03
  -5.8177638e-03
  -5.6568031e-03
  -5.4097595e-03
  -4.9283970e-03
  -4.4457686e-03
  -3.9812333e-03
  -3.4646483e-03
  -2.9625143e-03
  -2.3704985e-03
  -1.6241510e-03
  -9.7277828e-04
  -2.6283789e-04
   6.5896290e-04
   1.4536886e-03
   2.2976281e-03
   3.4261158e-03
   4.2693926e-03
   4.9941646e-03
   5.8710781e-03
   6.6824528e-03
   7.4796429e-03
   8.2746513e-03
   8.7833456e-03
   9.0981762e-03
   9.3823681e-03
   9.5629592e-03
   9.6735311e-03
   9.8323596e-03
   9.8975131e-03
   9.8357968e-03
   9.8152517e-03
   9.9399728e-03
   1.0051826e-02
   9.8516704e-03
   9.2232802e-03
   8.1460325e-03
   6.4654066e-03
   5.0028421e-03
   3.5836423e-03
   2.1577528e-03
   1.3933756e-03
   9.3577471e-04
   6.7803918e-04
   5.8059289e-04
   4.4154941e-04
   2.1893825e-04
  -2.9965996e-05
  -3.1993768e-04
  -7.6319625e-04
  -1.3144134e-03
  -1.9676011e-03
  -2.8473390e-03
  -3.6589232e-03
  -4.4463647e-03
  -5.2581124e-03
  -5.8827568e-03
  -6.4572264e-03
  -7.0677282e-03
  -7.5868438e-03
  -8.1487093e-03
