   6.9300272e-01
   9.7438304e-01
   1.1745820e+00
   1.3049080e+00
   1.3223719e+00
   1.2596389e+00
   1.1206385e+00
   9.5946909e-01
   7.8238479e-01
   5.9567561e-01
   4.9396353e-01
   4.6207144e-01
   4.6557897e-01
   4.6878178e-01
   4.5092813e-01
   3.7106264e-01
   2.5701390e-01
   1.1737460e-01
  -5.4355124e-02
  -1.7910042e-01
  -2.8228185e-01
  -3.3024703e-01
  -3.5761039e-01
  -3.6345271e-01
  -3.2187744e-01
  -2.4924460e-01
  -1.5999511e-01
  -6.0965506e-02
  -4.8478492e-03
   2.4725352e-02
   3.5086516e-02
   2.6435413e-02
  -1.2130533e-02
  -1.4113023e-01
  -3.4064721e-01
  -6.4180989e-01
  -1.0210338e+00
  -1.2817900e+00
  -1.4743488e+00
  -1.4698236e+00
  -1.3277236e+00
  -1.1543936e+00
  -9.9858081e-01
  -8.9832207e-01
  -7.8039571e-01
  -5.5136225e-01
  -2.8173213e-01
   3.3088651e-02
   3.8634650e-01
   6.1188210e-01
   7.6848700e-01
   8.4250693e-01
   8.2670662e-01
   7.5973824e-01
   6.6476054e-01
   6.0136019e-01
   5.6491719e-01
   5.5397731e-01
   5.6218687e-01
   5.6896894e-01
   5.4334203e-01
   4.6473292e-01
   3.1896815e-01
   4.0439390e-02
  -2.6500583e-01
  -5.8499792e-01
  -8.8361105e-01
  -9.8352571e-01
  -9.1594954e-01
  -6.0460373e-01
  -1.8785631e-01
   2.5522893e-01
   2.7211637e+00
   2.4067100e+00
   2.0605622e+00
   1.7731088e+00
   1.6453212e+00
   1.4965180e+00
   1.2079394e+00
   8.4535480e-01
   4.6031001e-01
   1.1832069e-01
  -4.1131432e-02
  -1.4958291e-01
  -2.4964402e-01
  -2.5043993e-01
  -1.6977063e-01
   1.1384854e-02
   1.1731044e-01
   1.2631421e-01
   6.2091922e-02
   4.0058237e-02
   4.4858721e-02
  -5.8126396e-02
  -2.7493740e-01
  -4.5655096e-01
  -5.6537043e-01
  -4.8375828e-01
  -2.8203834e-01
  -4.3056150e-02
   4.8260028e-02
   3.0602784e-02
  -3.9728821e-02
  -1.2556485e-02
   1.3312109e-01
   3.2630699e-01
   2.8974444e-01
  -2.5557255e-02
  -5.9100887e-01
  -9.3812668e-01
  -9.5262422e-01
  -5.4412490e-01
  -7.3813342e-02
   2.9757694e-01
   4.4537910e-01
   3.2159171e-01
   5.2002853e-02
  -2.6200087e-01
  -3.3154977e-01
  -1.8959902e-01
   5.3612273e-02
   1.5442623e-01
   1.8362737e-01
   3.9613002e-01
   8.0003710e-01
   1.1557579e+00
   1.2600638e+00
   1.1229055e+00
   9.2474664e-01
   7.3521112e-01
   6.5764393e-01
   5.8511519e-01
   3.6704837e-01
   9.0678918e-03
  -4.6704249e-01
  -9.9746913e-01
  -1.1814114e+00
  -9.9925853e-01
  -3.3753697e-01
   3.6381105e-01
   1.0487581e+00
   1.8092230e+00
   2.2742209e+00
   2.5896712e+00
   1.5479108e+00
   1.2762609e+00
   1.0768878e+00
   9.0340916e-01
   8.2173036e-01
   7.5077538e-01
   5.7740442e-01
   4.1220910e-01
   2.8023654e-01
   5.3368640e-02
  -2.3116326e-01
  -4.7740206e-01
  -5.5430813e-01
  -5.4505497e-01
  -6.5747345e-01
  -9.7784147e-01
  -9.8025265e-01
  -4.6787688e-01
   8.3797329e-02
   1.0473257e-01
  -4.7130003e-02
   1.3950369e-01
   3.7452255e-01
   1.7158907e-01
  -4.1207762e-01
  -6.7235758e-01
  -6.8334187e-01
  -5.6644631e-01
  -5.0336374e-01
  -4.0337457e-01
  -2.2895486e-01
  -1.0263346e-01
   3.4162577e-02
   2.9563949e-01
   4.9992379e-01
   4.3233682e-01
  -1.7319848e-01
  -7.4230517e-01
  -8.8189692e-01
  -4.0906766e-01
   1.6764118e-01
   7.2945638e-01
   1.2116974e+00
   1.1994907e+00
   7.6464820e-01
   1.9580949e-01
   1.3262328e-01
   3.2802771e-01
   4.0993478e-01
   2.9501476e-01
   3.1511975e-01
   8.5869214e-01
   1.5480696e+00
   1.9895600e+00
   1.8548654e+00
   1.4250117e+00
   1.0031699e+00
   7.0876231e-01
   5.6891460e-01
   3.3535946e-01
   2.2076149e-03
  -1.2926399e-01
  -2.4338867e-01
  -6.0414328e-01
  -7.2672567e-01
  -1.9017139e-01
   8.7950618e-01
   1.2100661e+00
   1.0441116e+00
   9.8967309e-01
   1.2434614e+00
   1.5739529e+00
   9.2814267e-01
   7.8837339e-01
   5.8185586e-01
   3.6793968e-01
   3.1704090e-01
   2.3733154e-01
   8.7157594e-02
   6.4018594e-02
   4.1865667e-02
  -1.1524351e-01
  -2.0099801e-01
  -2.3831119e-01
  -4.5330715e-01
  -7.2056633e-01
  -8.4036765e-01
  -7.9313046e-01
  -8.7203303e-01
  -9.5613287e-01
  -6.5218327e-01
  -2.8464612e-01
  -1.3689950e-01
  -5.3369393e-02
   1.7217583e-01
   3.0386020e-01
   1.4612963e-01
  -6.9880743e-02
  -3.5510102e-01
  -7.3669987e-01
  -1.0011633e+00
  -1.0371061e+00
  -5.8710102e-01
  -1.0201242e-01
   9.9653346e-02
   2.7562341e-01
   6.6237637e-01
   6.7713391e-01
  -1.5016465e-01
  -4.9582089e-01
  -4.1223020e-02
   6.1429051e-01
   7.7568110e-01
   9.8239216e-01
   1.3633693e+00
   1.2479612e+00
   6.6213063e-01
   1.7131842e-01
   2.4128562e-01
   2.3630786e-01
  -1.1103436e-01
  -1.5802140e-01
   1.9440968e-01
   8.4703091e-01
   1.3412555e+00
   1.4810617e+00
   1.0736100e+00
   6.6374100e-01
   3.9392907e-01
   1.5805263e-01
   4.5770532e-02
  -6.5622087e-02
  -2.2714645e-01
  -1.1991411e-01
   5.9329865e-02
  -2.6062475e-01
  -6.7399397e-01
  -6.0591130e-01
  -1.5458838e-01
   2.1781801e-02
   1.8585963e-01
   6.1354494e-01
   9.6064567e-01
   1.1052166e+00
   7.3047473e-01
   4.8676403e-01
   2.5335357e-01
   9.8173450e-02
  -4.3435993e-02
  -1.1966395e-01
  -1.4708806e-01
  -1.8904260e-01
  -1.8344252e-01
  -2.3490021e-01
  -3.1981975e-01
  -3.4383302e-01
  -4.5736904e-01
  -5.4877122e-01
  -5.6642480e-01
  -7.5697418e-01
  -9.4421168e-01
  -1.0576560e+00
  -1.2380756e+00
  -1.0463079e+00
  -4.8552985e-01
  -1.1115932e-01
  -5.3140337e-02
   9.2842858e-03
   1.7765778e-01
   2.8106737e-01
   5.5627173e-02
  -3.8355463e-01
  -6.4704095e-01
  -1.2263986e+00
  -1.3158950e+00
  -2.1217206e-01
   4.1528286e-01
   3.2049247e-01
   6.9500128e-01
   7.1406069e-01
  -1.2882491e-01
  -9.4446814e-02
   4.7699709e-01
   6.6320085e-01
   5.1476143e-01
   5.0078791e-01
   7.4730727e-01
   7.0945958e-01
   3.0518116e-01
   5.7243649e-02
   1.1271103e-01
  -1.2589283e-02
  -2.4991703e-01
  -1.4046577e-01
   1.3528895e-01
   3.1438534e-01
   3.7734840e-01
   4.2678251e-01
   2.6053969e-01
  -2.0311629e-02
  -1.9213666e-01
  -2.5511789e-01
  -2.8954651e-01
  -2.6462523e-01
  -2.5593664e-01
  -2.5095181e-01
  -1.5236547e-01
  -4.1096285e-01
  -8.8623672e-01
  -8.8802706e-01
  -4.2973036e-01
  -8.7855035e-02
   4.9276012e-01
   1.1079575e+00
   1.1399703e+00
   8.9867636e-01
   4.6919812e-01
   2.2329096e-01
   3.6969567e-02
  -1.8961033e-01
  -2.9101700e-01
  -3.5182467e-01
  -3.6632028e-01
  -3.2509926e-01
  -3.1327086e-01
  -3.0334933e-01
  -3.3238626e-01
  -3.7823988e-01
  -4.4106429e-01
  -5.3101329e-01
  -5.8692855e-01
  -6.0078220e-01
  -6.9674188e-01
  -8.2964877e-01
  -8.7747375e-01
  -1.0686652e+00
  -9.3717991e-01
  -3.8289267e-01
  -2.6683971e-01
  -1.9277530e-01
  -7.5101774e-02
   2.0450765e-02
   6.0539250e-01
   1.9723014e-01
  -9.5396328e-01
  -1.3138739e+00
  -1.1585843e+00
  -3.4972040e-01
   5.5611944e-01
   4.4448929e-01
   4.6164284e-01
   4.2951028e-01
  -8.7480197e-02
   1.9641489e-01
   5.4809554e-01
   4.2857959e-01
   3.0063496e-01
   2.0273756e-01
   2.6519202e-01
   1.4183665e-01
  -8.0149840e-02
  -1.5471861e-01
  -2.5557655e-01
  -2.7139219e-01
  -2.7354968e-01
  -2.3956199e-01
  -6.9972458e-02
   8.9296981e-03
  -1.6673551e-02
  -1.4018584e-01
  -3.4019518e-01
  -4.5805458e-01
  -5.9861416e-01
  -5.8627540e-01
  -4.8924127e-01
  -4.2514087e-01
  -3.9353306e-01
  -4.2733697e-01
  -3.5903722e-01
  -5.3990654e-01
  -9.2715256e-01
  -1.0171555e+00
  -8.9634137e-01
  -2.4775497e-01
   8.7903045e-01
   1.3572823e+00
   9.8428788e-01
   6.8830032e-01
   2.0866779e-01
   4.5467319e-03
  -1.9031484e-01
  -4.0977870e-01
  -4.8466126e-01
  -5.2184160e-01
  -4.7582212e-01
  -4.0456548e-01
  -3.4765129e-01
  -3.0663426e-01
  -3.0610088e-01
  -3.3942739e-01
  -3.9416286e-01
  -5.0507696e-01
  -5.8534127e-01
  -6.4725443e-01
  -6.5670593e-01
  -5.9543476e-01
  -7.6967892e-01
  -9.2919493e-01
  -1.0305861e+00
  -7.6745077e-01
  -3.9335245e-01
  -2.4834947e-01
  -1.5591911e-01
  -1.8723525e-01
   6.0504407e-01
   5.3313083e-01
  -1.0916491e+00
  -8.9520599e-01
  -4.9824973e-01
  -4.6206160e-01
   5.1926711e-01
   3.6221116e-01
   1.0321821e-01
   1.1510493e-01
  -2.8393195e-02
   2.1351385e-01
   2.3413459e-01
   9.4824008e-02
   3.8967080e-02
  -5.4769507e-02
  -4.1891982e-02
  -9.5875736e-02
  -2.1858774e-01
  -4.0046477e-01
  -5.2053286e-01
  -3.9222125e-01
  -2.9490626e-01
  -3.5163902e-01
  -2.2496191e-01
  -2.4288286e-01
  -3.9063393e-01
  -4.8059452e-01
  -6.1144563e-01
  -6.4949117e-01
  -8.2316954e-01
  -9.8364019e-01
  -7.3576892e-01
  -4.2018549e-01
  -4.2409359e-01
  -4.3251861e-01
  -3.9507659e-01
  -7.0355303e-01
  -9.1878699e-01
  -1.0125312e+00
  -6.3330214e-01
   5.1250495e-01
   1.2496152e+00
   1.0881012e+00
   6.5600568e-01
   4.4581474e-01
  -9.4043512e-03
  -1.9941204e-01
  -4.1494089e-01
  -5.7966594e-01
  -6.2883612e-01
  -6.1416720e-01
  -4.9503625e-01
  -4.1278889e-01
  -2.9015772e-01
  -2.6610000e-01
  -2.2057202e-01
  -2.8146534e-01
  -3.4330997e-01
  -4.9016688e-01
  -6.1018086e-01
  -6.9773025e-01
  -7.2893788e-01
  -6.3650921e-01
  -6.2944314e-01
  -6.1737964e-01
  -9.0569642e-01
  -1.1840248e+00
  -6.1191235e-01
  -2.0050639e-01
  -3.1675463e-02
  -1.3945204e-01
   2.8445104e-01
   5.2875712e-01
  -8.4697443e-01
  -1.6730584e-01
   6.8299603e-02
  -5.2767243e-01
   3.9202969e-01
   7.7194793e-02
  -1.9837396e-01
  -1.5710960e-01
  -1.1078583e-01
   3.3731427e-02
  -4.3912186e-02
  -1.2776017e-01
  -1.7968070e-01
  -2.4041589e-01
  -2.3754460e-01
  -2.5919725e-01
  -2.7917038e-01
  -6.5083995e-01
  -8.2856484e-01
  -3.9562679e-01
  -3.0532294e-01
  -3.7968706e-01
  -3.3534512e-01
  -4.2604715e-01
  -5.9700765e-01
  -5.8725149e-01
  -7.0240222e-01
  -6.9751545e-01
  -9.6171069e-01
  -1.4050658e+00
  -6.5613603e-01
  -2.6885336e-01
  -4.2751698e-01
  -4.0513671e-01
  -4.7809139e-01
  -8.0718112e-01
  -7.5243543e-01
  -4.9471411e-01
   1.0184990e-01
   7.9302855e-01
   8.5788645e-01
   6.6572881e-01
   3.9214962e-01
   2.5926422e-01
  -1.8803480e-01
  -3.8386433e-01
  -5.7913145e-01
  -6.8641232e-01
  -6.9910756e-01
  -6.2484416e-01
  -4.8296541e-01
  -3.5327743e-01
  -2.4762947e-01
  -1.7120172e-01
  -1.6846158e-01
  -2.1048134e-01
  -3.5827039e-01
  -4.9542551e-01
  -6.6497256e-01
  -7.2437233e-01
  -7.8476938e-01
  -6.6211548e-01
  -6.3082161e-01
  -3.5410049e-01
  -6.1423727e-01
  -9.1177276e-01
  -9.9057079e-01
  -3.1448003e-01
   3.0503218e-01
  -8.2915947e-02
   6.7669208e-02
   2.9448463e-01
  -3.8620930e-01
   1.7822947e-01
   1.2795290e-01
  -4.8223413e-01
   2.8694131e-01
  -3.9467106e-01
  -4.6232510e-01
  -3.5210054e-01
  -2.4288459e-01
  -5.6901472e-02
  -1.7083866e-01
  -2.9236161e-01
  -2.9147748e-01
  -3.8135532e-01
  -3.7592715e-01
  -3.6144806e-01
  -3.5036339e-01
  -7.5501930e-01
  -1.1952330e+00
  -5.0916479e-01
  -1.9491835e-01
  -3.4344381e-01
  -4.0756932e-01
  -5.4483340e-01
  -6.9742679e-01
  -7.2226170e-01
  -7.3022809e-01
  -6.8961333e-01
  -8.9691732e-01
  -1.0753083e+00
  -3.3159682e-01
  -3.6820822e-01
  -4.8086558e-01
  -4.5193734e-01
  -5.2281178e-01
  -7.3941106e-01
  -4.9213661e-01
  -2.7743802e-01
   4.2503602e-02
   5.3581576e-01
   5.4785615e-01
   4.2256496e-01
   2.6949019e-01
   1.2003469e-01
  -5.1813921e-01
  -6.5268927e-01
  -7.7797261e-01
  -7.8517721e-01
  -7.4274226e-01
  -6.0468669e-01
  -4.4210358e-01
  -2.7508060e-01
  -1.8695513e-01
  -9.2401349e-02
  -1.3497823e-01
  -1.8296765e-01
  -3.8846508e-01
  -5.1742469e-01
  -6.9697954e-01
  -7.3501083e-01
  -7.8511153e-01
  -6.6009121e-01
  -6.0150757e-01
  -3.3290831e-01
  -2.7117204e-01
  -3.5779548e-01
  -9.9787060e-01
  -4.6714316e-01
   2.8400742e-01
  -8.8492998e-02
  -1.2256752e-01
   1.1757369e-01
  -1.3232299e-01
   3.4470109e-02
  -2.6834209e-01
  -5.9618316e-01
  -2.1732472e-01
  -8.8069827e-01
  -6.1625769e-01
  -4.4534338e-01
  -3.8469470e-01
  -1.1180251e-01
  -2.9827012e-01
  -4.0175621e-01
  -3.8557393e-01
  -5.1960674e-01
  -4.8639537e-01
  -4.1148731e-01
  -3.8241055e-01
  -6.4204670e-01
  -8.7508499e-01
  -2.8380579e-01
  -2.9195800e-01
  -4.1936504e-01
  -5.1344981e-01
  -6.4802978e-01
  -8.1411465e-01
  -8.7252913e-01
  -8.1412375e-01
  -6.7103196e-01
  -6.6801578e-01
  -5.8447233e-01
  -3.3443139e-01
  -5.7732330e-01
  -5.8791224e-01
  -4.6527223e-01
  -4.3686267e-01
  -5.0123965e-01
  -2.5422893e-01
  -3.5507712e-01
   3.1465448e-01
   6.1789181e-01
   3.3071398e-01
   1.6813719e-01
  -4.5627609e-02
  -2.2602286e-01
  -8.9895821e-01
  -9.4750368e-01
  -9.8820970e-01
  -8.8580660e-01
  -7.8143901e-01
  -5.8881919e-01
  -3.9775588e-01
  -2.1425705e-01
  -1.2273333e-01
  -5.5860105e-02
  -1.0977139e-01
  -1.9779321e-01
  -3.8197989e-01
  -5.3603466e-01
  -6.5626081e-01
  -7.3015712e-01
  -7.1312012e-01
  -6.3416918e-01
  -4.9989253e-01
  -3.0829930e-01
  -1.0699913e-01
  -2.5974747e-03
  -8.8814934e-01
  -5.5667939e-01
   3.6464643e-01
  -1.0932590e-01
  -2.6063764e-01
  -2.9184726e-02
  -1.8239118e-01
  -2.5527240e-01
  -6.7564423e-01
  -8.1519193e-01
  -8.0751378e-01
  -1.1235815e+00
  -6.1693296e-01
  -5.4725952e-01
  -5.8792258e-01
  -1.6651205e-01
  -4.2739483e-01
  -4.8091749e-01
  -5.1590213e-01
  -6.5040704e-01
  -5.5827244e-01
  -4.4545224e-01
  -4.0382299e-01
  -5.1595329e-01
  -4.8377531e-01
  -1.9578042e-01
  -5.1206869e-01
  -5.4272492e-01
  -5.8989977e-01
  -7.2316397e-01
  -9.0463298e-01
  -9.4638291e-01
  -8.8067850e-01
  -6.5828572e-01
  -4.6382847e-01
  -4.0578222e-01
  -4.3586304e-01
  -6.1693645e-01
  -6.8615441e-01
  -2.6763864e-01
  -2.8054525e-01
  -1.6148743e-01
  -1.2220096e-01
  -5.7450963e-02
   8.0710570e-01
   5.1248977e-01
   1.4271345e-01
  -1.6880228e-01
  -4.6187087e-01
  -6.7531777e-01
  -1.1415562e+00
  -1.1289474e+00
  -1.0930077e+00
  -9.3974952e-01
  -7.8495440e-01
  -5.7121602e-01
  -3.5827853e-01
  -1.7600505e-01
  -9.2360650e-02
  -3.6721565e-02
  -9.9005528e-02
  -1.9515222e-01
  -3.5590173e-01
  -5.0249090e-01
  -5.7042907e-01
  -6.5498662e-01
  -6.0112320e-01
  -5.3242012e-01
  -3.9375507e-01
  -1.9396113e-01
  -8.0615452e-02
   3.3176680e-01
  -6.2480307e-01
  -3.5971099e-01
   6.0768777e-01
  -1.2179003e-01
  -2.8307075e-01
  -1.6505885e-01
  -2.9520049e-01
  -4.3937633e-01
  -8.5663401e-01
  -8.1701337e-01
  -9.2575615e-01
  -1.2008958e+00
  -5.4702728e-01
  -6.4907422e-01
  -7.2657025e-01
  -1.9679871e-01
  -5.2826342e-01
  -6.1571964e-01
  -6.5926046e-01
  -7.2214122e-01
  -5.9790291e-01
  -4.8089538e-01
  -4.4198510e-01
  -4.9550218e-01
  -4.8575240e-01
  -4.6577841e-01
  -6.3284288e-01
  -6.0853687e-01
  -6.3143639e-01
  -7.9131469e-01
  -9.6548924e-01
  -9.6659098e-01
  -8.7201000e-01
  -6.5336612e-01
  -3.6816677e-01
  -2.5417110e-01
  -2.5765517e-01
  -3.8701182e-01
  -4.3126665e-01
  -1.5510125e-02
  -1.4055599e-01
   1.1192304e-01
   2.5260747e-02
   5.1755690e-01
   7.5756091e-01
   2.5373206e-01
   3.3922749e-02
  -4.7885949e-01
  -7.8492711e-01
  -1.0149239e+00
  -1.2439795e+00
  -1.1728173e+00
  -1.0737997e+00
  -9.3106646e-01
  -7.3299396e-01
  -5.3881135e-01
  -2.9590999e-01
  -1.4327980e-01
  -6.9597810e-02
  -1.2437972e-02
  -7.4306271e-02
  -1.4921376e-01
  -2.9991287e-01
  -4.0749709e-01
  -4.4521236e-01
  -5.1241888e-01
  -4.5401046e-01
  -3.9962260e-01
  -2.6548740e-01
  -7.2795184e-02
   3.4714619e-02
   5.8549053e-01
   8.9855814e-02
   2.6003552e-01
   3.6774839e-01
  -1.1218862e-01
  -2.6233821e-01
  -2.3897355e-01
  -3.3280605e-01
  -4.7417321e-01
  -8.0948925e-01
  -5.5843835e-01
  -6.5051595e-01
  -1.1248132e+00
  -4.4927250e-01
  -6.6289109e-01
  -7.2675277e-01
  -2.4823712e-01
  -6.2703885e-01
  -8.3989696e-01
  -7.5744481e-01
  -7.2330141e-01
  -6.0888784e-01
  -5.1582063e-01
  -4.7144175e-01
  -5.5207984e-01
  -5.2781850e-01
  -5.7263745e-01
  -6.7843206e-01
  -6.0491672e-01
  -6.9889288e-01
  -8.7048804e-01
  -9.8652785e-01
  -9.3815990e-01
  -8.0055736e-01
  -6.1767791e-01
  -3.7135841e-01
  -7.6555637e-02
   1.1154716e-01
   1.1271661e-01
   2.1093768e-01
   4.0788810e-02
  -4.1768666e-02
   2.3936824e-01
   2.9857265e-01
   7.8535343e-01
   2.0709433e-01
   1.9089502e-01
  -1.7611767e-01
  -6.8919061e-01
  -1.0285288e+00
  -1.1927015e+00
  -1.2055734e+00
  -1.1002760e+00
  -9.8708983e-01
  -8.2455618e-01
  -6.3353257e-01
  -4.3708731e-01
  -2.1295039e-01
  -7.5871736e-02
   5.7111482e-03
   4.4298801e-02
   1.7545032e-02
  -4.3445140e-02
  -1.5601447e-01
  -2.2766696e-01
  -2.7717386e-01
  -2.8842445e-01
  -2.7357228e-01
  -2.5593005e-01
  -1.0754973e-01
   5.3389924e-02
   2.2085953e-01
   8.9826855e-01
   7.2947136e-01
   7.5437398e-02
   3.2637513e-02
   3.1755724e-02
  -2.6605576e-01
  -3.0172860e-01
  -3.4073712e-01
  -3.7553390e-01
  -4.3447510e-01
  -3.2522190e-01
  -3.8903472e-01
  -5.2114765e-01
  -3.6842325e-01
  -5.6366024e-01
  -8.0741677e-01
  -3.6128550e-01
  -8.0681941e-01
  -1.0895026e+00
  -7.9242850e-01
  -6.9662456e-01
  -5.8678373e-01
  -5.1119440e-01
  -4.9286108e-01
  -5.5947133e-01
  -5.4144862e-01
  -5.7812846e-01
  -5.4561549e-01
  -5.5510774e-01
  -7.0634917e-01
  -8.8275075e-01
  -9.2711849e-01
  -8.3187802e-01
  -6.6473689e-01
  -5.2514305e-01
  -3.4506887e-01
   7.5163900e-03
   3.4021774e-01
   8.4040609e-01
   4.5596913e-01
  -4.7797421e-02
   1.5966502e-01
   4.3993027e-01
   5.5980897e-01
   4.2068149e-01
   2.0045558e-01
  -4.8007163e-02
  -5.8496089e-01
  -1.0271029e+00
  -1.2004493e+00
  -1.2461598e+00
  -9.3102549e-01
  -8.5196823e-01
  -7.6281946e-01
  -6.1078177e-01
  -4.4780001e-01
  -2.6856152e-01
  -6.5507018e-02
   6.4536162e-02
   1.5650817e-01
   2.0696714e-01
   1.9959588e-01
   1.5628612e-01
   7.2875026e-02
   8.3156806e-03
  -4.7943875e-02
  -9.4297769e-02
  -1.1830040e-01
  -1.1315369e-01
  -5.1860167e-04
   1.8306730e-01
   4.4562671e-01
   1.2444435e+00
   1.5285362e+00
   2.2500583e-01
   5.2056779e-01
   4.1953417e-01
   1.7246662e-01
   2.1592205e-01
   2.1679631e-01
   1.6474439e-01
   1.0111065e-02
   8.1755372e-02
   3.2739105e-01
  -1.1330845e-01
  -5.4249931e-01
  -2.8414112e-01
  -1.6937769e-01
  -3.8128132e-01
  -1.0262692e+00
  -1.0935234e+00
  -7.6672859e-01
  -5.4083148e-01
  -5.0990217e-01
  -4.7297426e-01
  -4.5289615e-01
  -4.3352145e-01
  -4.4933779e-01
  -4.2594875e-01
  -3.2390541e-01
  -4.3099240e-01
  -5.7825581e-01
  -7.4881453e-01
  -7.5041906e-01
  -6.5513907e-01
  -5.2719938e-01
  -4.2080570e-01
  -2.7058189e-01
   8.2616671e-02
   5.1818272e-01
   1.2119719e+00
   8.6560839e-01
   2.1090460e-01
   4.2215485e-01
   5.0281862e-01
   3.4624756e-01
   3.6933002e-01
   2.4242616e-01
  -3.1107870e-01
  -7.1518658e-01
  -9.4879880e-01
  -1.0056854e+00
  -9.9405919e-01
  -6.7288012e-01
  -6.2555965e-01
  -5.5971790e-01
  -4.2183016e-01
  -2.7475544e-01
  -1.0518201e-01
   9.2860894e-02
   2.2753198e-01
   3.2652682e-01
   3.7964063e-01
   3.7020826e-01
   3.3255227e-01
   2.4993120e-01
   1.6843737e-01
   8.7915357e-02
  -3.0330104e-03
  -5.6093230e-02
  -6.1159713e-02
   5.0989919e-02
   2.7335155e-01
   6.3058132e-01
   1.5380899e+00
   2.1097412e+00
   7.6530724e-01
   6.8087760e-01
   8.6907671e-01
   6.6747270e-01
   7.3590609e-01
   7.2075040e-01
   5.8896306e-01
   3.1556100e-01
   4.2259398e-01
   6.7748952e-01
   2.8492485e-01
  -6.3547435e-01
  -2.0244103e-01
   9.5028210e-03
  -5.4790863e-01
  -1.1060126e+00
  -1.0372206e+00
  -7.8165768e-01
  -4.4571816e-01
  -3.9459790e-01
  -3.7214682e-01
  -3.0603220e-01
  -3.1753215e-01
  -2.9125393e-01
  -1.1654538e-01
  -1.4606327e-01
  -2.8327422e-01
  -4.3054007e-01
  -5.6934343e-01
  -5.4956216e-01
  -4.7005153e-01
  -3.8918237e-01
  -3.2259112e-01
  -1.9529294e-01
   1.5846209e-01
   6.1848424e-01
   1.3230226e+00
   1.3682817e+00
   6.6073725e-01
   5.3897856e-01
   4.8692101e-01
   4.3962269e-01
   5.6099119e-01
   1.5172850e-01
  -3.2082384e-01
  -5.7451964e-01
  -6.8589774e-01
  -7.0640009e-01
  -7.0217716e-01
  -4.3201560e-01
  -4.0969212e-01
  -3.5814348e-01
  -2.2860625e-01
  -9.1236071e-02
   7.2040236e-02
   2.6601339e-01
   3.9986661e-01
   4.9635542e-01
   5.3955291e-01
   5.2217288e-01
   4.8074161e-01
   3.8379661e-01
   2.7915370e-01
   1.6536328e-01
   3.0717417e-02
  -4.3359246e-02
  -5.2893054e-02
   7.7582568e-02
   3.5152979e-01
   8.0568472e-01
   1.8495590e+00
   2.7204734e+00
   1.3456417e+00
   7.2661257e-01
   1.2380214e+00
   1.1008271e+00
   1.1726499e+00
   1.0671729e+00
   8.3098208e-01
   4.6457298e-01
   5.9025227e-01
   9.1765584e-01
   6.4173865e-01
  -5.3011788e-01
  -9.8808928e-02
  -1.2889455e-02
  -6.8182836e-01
  -1.1483883e+00
  -1.0164624e+00
  -7.5038394e-01
  -2.7803680e-01
  -1.3953958e-01
  -1.9228133e-01
  -1.4974798e-01
  -1.5305821e-01
  -5.9119711e-02
   1.0527859e-01
  -3.3796983e-02
  -1.5480798e-01
  -2.7218818e-01
  -3.6012293e-01
  -3.3029695e-01
  -2.7679713e-01
  -2.4204789e-01
  -2.0666263e-01
  -8.9697574e-02
   2.6682306e-01
   7.3280127e-01
   1.4083631e+00
   1.7537654e+00
   1.1096909e+00
   6.5027339e-01
   5.8786767e-01
   6.9144854e-01
   7.5604564e-01
   1.8901368e-01
  -1.5878274e-01
  -3.0566076e-01
  -3.7031228e-01
  -3.9986261e-01
  -4.2524597e-01
  -2.1184623e-01
  -2.0702133e-01
  -1.6098827e-01
  -3.3779609e-02
   9.8806868e-02
   2.5839221e-01
   4.4774259e-01
   5.7454889e-01
   6.5993941e-01
   6.8250747e-01
   6.5388833e-01
   6.0104581e-01
   4.7861478e-01
   3.4784803e-01
   1.9481100e-01
   1.9309394e-02
  -6.8625201e-02
  -7.7320837e-02
   8.5365906e-02
   4.2013774e-01
   9.7097294e-01
   2.1751151e+00
   3.3647394e+00
   1.9117865e+00
   6.9469176e-01
   1.5159362e+00
   1.4599067e+00
   1.5198895e+00
   1.2617074e+00
   9.0646119e-01
   4.7584158e-01
   5.9692812e-01
   1.0834198e+00
   9.5158115e-01
  -2.4830534e-01
   4.1884867e-02
  -1.8030754e-01
  -7.6753902e-01
  -1.1679060e+00
  -1.0354944e+00
  -6.7246129e-01
  -4.0334706e-02
   2.3715943e-01
   5.1571764e-02
   1.2723993e-03
   5.3961414e-02
   2.3068085e-01
   2.2399577e-01
   1.8105222e-02
  -4.9937161e-02
  -1.0963433e-01
  -1.3244338e-01
  -1.0145665e-01
  -8.1453396e-02
  -9.0027196e-02
  -7.6339866e-02
   4.1748513e-02
   4.0305275e-01
   8.6493053e-01
   1.4923485e+00
   2.0103342e+00
   1.5283223e+00
   7.6756505e-01
   8.0394486e-01
   1.0568540e+00
   9.2613805e-01
   3.5867441e-01
   1.3677608e-01
   5.1303877e-02
  -3.0643120e-02
  -1.0413872e-01
  -1.7310061e-01
   1.0866327e-01
   1.1164561e-01
   1.6464403e-01
   2.8226793e-01
   4.0316756e-01
   5.4615452e-01
   7.0548070e-01
   8.0232194e-01
   8.5058859e-01
   8.2680303e-01
   7.7021658e-01
   6.7052752e-01
   4.9251793e-01
   3.1066327e-01
   1.0347732e-01
  -9.6536909e-02
  -1.7578377e-01
  -1.4725365e-01
   1.1447160e-01
   5.7712926e-01
   1.3049828e+00
   2.6896245e+00
   4.1337710e+00
   2.9644599e+00
   2.1189571e+00
   2.5698237e+00
   1.7559865e+00
   1.5548227e+00
   1.5304006e+00
   1.1843543e+00
   4.3942847e-01
   6.5955679e-01
   1.3327904e+00
   1.1878246e+00
   3.6385658e-01
   9.8135262e-03
  -1.0980623e-01
  -6.9990537e-01
  -1.1238434e+00
  -9.7754584e-01
  -3.7154406e-01
   2.9455789e-01
   7.3014471e-01
   4.7253100e-01
   3.4133858e-01
   4.2196688e-01
   4.2928413e-01
   2.3150882e-01
   1.8001731e-01
   2.5055801e-01
   2.8261328e-01
   2.8457365e-01
   2.5642377e-01
   1.9859041e-01
   1.4855858e-01
   1.9166475e-01
   3.6339136e-01
   7.5817032e-01
   1.1961352e+00
   1.7390729e+00
   2.2982835e+00
   2.2810838e+00
   1.8234623e+00
   1.8546811e+00
   1.6925406e+00
   1.1784695e+00
   7.7102738e-01
   6.7785301e-01
   5.6271358e-01
   3.7842779e-01
   2.4431989e-01
   1.4859775e-01
   2.9492521e-01
   3.0313155e-01
   3.5680947e-01
   4.6361800e-01
   5.7344023e-01
   6.9583065e-01
   8.2344774e-01
   8.9298668e-01
   9.1134146e-01
   8.5432660e-01
   7.6712605e-01
   6.2999804e-01
   4.1684367e-01
   2.0665145e-01
  -1.1366438e-02
  -1.9000407e-01
  -2.3388301e-01
  -1.5110525e-01
   1.9500393e-01
   7.3899958e-01
   1.5543099e+00
   3.0311882e+00
   4.3855147e+00
   3.5365247e+00
   2.7538510e+00
   2.7270011e+00
   1.9744269e+00
   1.6731976e+00
   1.6664448e+00
   1.2050883e+00
   4.4572406e-01
   8.1513895e-01
   1.4268718e+00
   1.2561856e+00
   4.1174837e-01
  -2.0370861e-01
   1.4885985e-01
  -5.6991851e-01
  -1.0676347e+00
  -8.4284071e-01
  -2.2583744e-01
   4.7191918e-01
   9.9849655e-01
   9.8246189e-01
   8.4334161e-01
   6.7096995e-01
   4.9696982e-01
   3.8071217e-01
   4.2644649e-01
   5.1517565e-01
   5.4125121e-01
   5.0776726e-01
   4.3883429e-01
   3.4876008e-01
   3.0540076e-01
   4.0620503e-01
   6.2969373e-01
   1.0445017e+00
   1.4629267e+00
   1.9678275e+00
   2.5080394e+00
   2.6635573e+00
   2.4480941e+00
   2.2175341e+00
   1.7872600e+00
   1.3406125e+00
   1.0696261e+00
   9.6214092e-01
   7.9063129e-01
   5.5984454e-01
   4.1592067e-01
   3.2896902e-01
   4.6126480e-01
   4.7453403e-01
   5.2612378e-01
   6.2149970e-01
   7.1866436e-01
   8.1904877e-01
   9.1486842e-01
   9.5714841e-01
   9.4526344e-01
   8.5513482e-01
   7.3792060e-01
   5.6726227e-01
   3.2234232e-01
   9.2157591e-02
  -1.2408615e-01
  -2.7152828e-01
  -2.7556429e-01
  -1.3897896e-01
   2.8425517e-01
   8.9984423e-01
   1.7884815e+00
   3.3229928e+00
   4.6139924e+00
   4.1327900e+00
   3.4479623e+00
   2.8823488e+00
   2.0766533e+00
   1.6443013e+00
   1.6519744e+00
   1.1445542e+00
   4.1072007e-01
   8.9038840e-01
   1.4656153e+00
   1.2627003e+00
   3.9411685e-01
  -3.7784718e-01
   3.7286776e-01
  -3.9172176e-01
  -9.7962074e-01
  -7.2491017e-01
  -9.6868709e-02
   6.2743076e-01
   1.1983776e+00
   1.3374162e+00
   1.1858939e+00
   8.4629493e-01
   5.9739608e-01
   5.5380410e-01
   6.5942562e-01
   7.4887698e-01
   7.6272063e-01
   7.0092257e-01
   6.0684285e-01
   4.9609621e-01
   4.6425063e-01
   6.1866227e-01
   8.9626521e-01
   1.3234522e+00
   1.7212153e+00
   2.1867735e+00
   2.7069185e+00
   2.9648103e+00
   2.8916355e+00
   2.4469915e+00
   1.8851133e+00
   1.5173368e+00
   1.3269116e+00
   1.1889570e+00
   9.6768416e-01
   7.0598769e-01
   5.6207174e-01
   4.8729661e-01
   6.5783755e-01
   6.7807825e-01
   7.2050181e-01
   7.9795775e-01
   8.7329177e-01
   9.3869165e-01
   9.8828502e-01
   9.9120106e-01
   9.3481312e-01
   7.9700533e-01
   6.3767594e-01
   4.2715482e-01
   1.4375159e-01
  -9.6851030e-02
  -2.8254504e-01
  -3.6303363e-01
  -2.9945971e-01
  -8.5959101e-02
   4.3280888e-01
   1.1304070e+00
   2.0938289e+00
   3.6349617e+00
   4.8930947e+00
   5.0496635e+00
   4.5842048e+00
   3.1031696e+00
   1.9666795e+00
   1.2755763e+00
   1.2969330e+00
   8.7653577e-01
   2.6837639e-01
   8.2100707e-01
   1.3988679e+00
   1.1348520e+00
   2.2315271e-01
  -5.4251216e-01
   6.2021266e-01
  -2.6752880e-02
  -7.8161366e-01
  -5.9142760e-01
   5.2674268e-02
   8.0405072e-01
   1.3357434e+00
   1.5072515e+00
   1.3278450e+00
   9.3655456e-01
   8.1544709e-01
   8.5739773e-01
   9.6683254e-01
   1.0185598e+00
   1.0008187e+00
   9.1385974e-01
   8.1808509e-01
   7.0309115e-01
   6.9865886e-01
   9.2159268e-01
   1.2827527e+00
   1.7108791e+00
   2.0762413e+00
   2.4819492e+00
   2.9706742e+00
   3.2206220e+00
   3.1317457e+00
   2.4830600e+00
   2.0337225e+00
   1.8055293e+00
   1.6076572e+00
   1.3897280e+00
   1.1110832e+00
   8.3924910e-01
   7.1715055e-01
   6.6756248e-01
   7.8286368e-01
   8.0324036e-01
   8.3282029e-01
   8.8970596e-01
   9.3660377e-01
   9.6703051e-01
   9.7065002e-01
   9.3354074e-01
   8.3751927e-01
   6.6139409e-01
   4.6608069e-01
   2.2739196e-01
  -6.7554112e-02
  -2.8163435e-01
  -4.1323652e-01
  -4.1689642e-01
  -2.8090889e-01
   1.0234429e-02
   6.2043752e-01
   1.3786128e+00
   2.3668400e+00
   3.8433564e+00
   5.0631692e+00
   5.4649330e+00
   4.8486509e+00
   2.7508482e+00
   1.6974503e+00
   1.0618655e+00
   9.7939354e-01
   7.6216522e-01
   3.2089010e-01
   7.1166935e-01
   1.0839798e+00
   9.2330758e-01
   1.4678212e-01
  -2.5703778e-01
   8.3525777e-01
   3.0283353e-02
  -6.0115331e-01
  -4.4568507e-01
   1.0985700e-01
   8.3321976e-01
   1.3745400e+00
   1.5449059e+00
   1.4362666e+00
   1.1783782e+00
   1.0987428e+00
   1.1110514e+00
   1.1659586e+00
   1.1895565e+00
   1.1685795e+00
   1.1045222e+00
   1.0353425e+00
   9.9312609e-01
   1.0317210e+00
   1.1840533e+00
   1.6332228e+00
   2.0981905e+00
   2.4640087e+00
   2.7734394e+00
   3.1389468e+00
   3.2781263e+00
   3.1076957e+00
   2.5245028e+00
   2.1871927e+00
   1.9653673e+00
   1.6967269e+00
   1.4141482e+00
   1.1212819e+00
   8.8473007e-01
   7.9858635e-01
   7.7497362e-01
   8.2560766e-01
   8.4342215e-01
   8.6505810e-01
   9.0756278e-01
   9.3617323e-01
   9.4420680e-01
   9.1840135e-01
   8.5657068e-01
   7.4039043e-01
   5.4671828e-01
   3.3683784e-01
   9.2526905e-02
  -1.9112707e-01
  -3.7526739e-01
  -4.6486581e-01
  -4.1219645e-01
  -2.2562770e-01
   1.1363275e-01
   7.6967920e-01
   1.5453978e+00
   2.5240433e+00
   3.9340938e+00
   5.1057812e+00
   5.5790106e+00
   4.5959800e+00
   2.0768577e+00
   1.1484427e+00
   7.1492097e-01
   7.3970538e-01
   6.2794342e-01
   3.3856886e-01
   5.8429148e-01
   8.0778455e-01
   7.5559139e-01
   9.5579518e-02
  -1.9619124e-01
   6.9377043e-01
   1.7669779e-02
  -4.2225629e-01
  -2.9523443e-01
   1.2913187e-01
   8.3330937e-01
   1.4046643e+00
   1.5945380e+00
   1.5346399e+00
   1.3424270e+00
   1.2630700e+00
   1.2457334e+00
   1.2707504e+00
   1.2876123e+00
   1.2769820e+00
   1.2442775e+00
   1.2289755e+00
   1.3505009e+00
   1.2554819e+00
   1.3977400e+00
   1.8609768e+00
   2.3438648e+00
   2.6992189e+00
   2.9178842e+00
   3.1946671e+00
   3.2645551e+00
   3.0575066e+00
   2.5308403e+00
   2.2385289e+00
   2.0014276e+00
   1.6835776e+00
   1.3728292e+00
   1.0879060e+00
   8.8440375e-01
   8.2161761e-01
   8.1132203e-01
   8.4050626e-01
   8.5260384e-01
   8.6490089e-01
   8.8880477e-01
   8.9520213e-01
   8.7613180e-01
   8.1472325e-01
   7.2386589e-01
   5.8843853e-01
   3.8042714e-01
   1.6128136e-01
  -7.7578317e-02
  -3.2911849e-01
  -4.6422701e-01
  -4.9571004e-01
  -3.6781608e-01
  -1.1586401e-01
   2.8005866e-01
   9.7905098e-01
   1.7550282e+00
   2.6969349e+00
   4.0017629e+00
   5.0919108e+00
   5.5671912e+00
   3.8735073e+00
   8.1836391e-01
   1.1209374e-01
   8.7547069e-02
   4.1368752e-01
   4.0526811e-01
   3.4422301e-01
   3.7347536e-01
   3.9985897e-01
   5.2073750e-01
   3.1332121e-02
  -2.4294180e-01
   2.4687589e-01
  -4.6108500e-02
  -1.4317943e-01
  -5.6725932e-02
   1.3534208e-01
   8.1506605e-01
   1.4463418e+00
   1.6798095e+00
   1.6822919e+00
   1.5500790e+00
   1.4451159e+00
   1.3813672e+00
   1.3751663e+00
   1.3950076e+00
   1.4091619e+00
   1.4308832e+00
   1.5171750e+00
   1.9525462e+00
   1.5366834e+00
   1.7014345e+00
   2.1399487e+00
   2.6389296e+00
   2.9709986e+00
   3.0510539e+00
   3.2107438e+00
   3.1983764e+00
   2.9624102e+00
   2.5185684e+00
   2.2543285e+00
   1.9796300e+00
   1.5983709e+00
   1.2665846e+00
   1.0081082e+00
   8.5493417e-01
   8.2075078e-01
   8.2330104e-01
   7.1341678e-01
   7.1473091e-01
   7.1485536e-01
   7.1266751e-01
   6.9205581e-01
   6.4610763e-01
   5.6060080e-01
   4.6401942e-01
   3.4142475e-01
   1.6166628e-01
  -1.2321935e-02
  -1.8468862e-01
  -3.3391606e-01
  -3.7241918e-01
  -3.1477584e-01
  -9.9551866e-02
   2.0017105e-01
   6.1053329e-01
   1.2783402e+00
   1.9818908e+00
   2.8077598e+00
   3.9029563e+00
   4.7392559e+00
   4.8497189e+00
   2.0667200e+00
  -7.6403721e-01
  -8.9866136e-01
  -4.9378007e-01
  -1.1219646e-01
  -2.9457955e-01
  -1.8962766e-01
   1.6234406e-01
   1.9522279e-01
   3.6563065e-02
  -2.5822527e-01
  -1.1703133e-01
  -7.1410450e-02
  -1.9346306e-01
  -9.0312011e-02
   1.1699939e-01
   1.9319949e-01
   7.6030508e-01
   1.4549837e+00
   1.7581859e+00
   1.8144877e+00
   1.7015588e+00
   1.5627687e+00
   1.4678888e+00
   1.4562893e+00
   1.4869631e+00
   1.5171480e+00
   1.5738824e+00
   1.6745818e+00
   1.8123130e+00
   1.2828434e+00
   1.6774514e+00
   2.2954660e+00
   2.7516284e+00
   2.9216988e+00
   2.9321821e+00
   3.1461445e+00
   3.0652450e+00
   2.7963962e+00
   2.3711201e+00
   2.0648207e+00
   1.7191618e+00
   1.2962328e+00
   9.9492655e-01
   7.9915652e-01
   7.0836002e-01
   6.9643061e-01
   7.0239579e-01
   5.5579590e-01
   5.4930018e-01
   5.3801489e-01
   5.1650620e-01
   4.8088772e-01
   4.2430293e-01
   3.3570668e-01
   2.4913076e-01
   1.4849872e-01
   8.1671403e-03
  -1.1734437e-01
  -2.2958148e-01
  -2.9932056e-01
  -2.7335037e-01
  -1.6176143e-01
   9.9347106e-02
   4.1935150e-01
   8.3052838e-01
   1.4680635e+00
   2.1156691e+00
   2.8521056e+00
   3.7830991e+00
   4.4244911e+00
   4.3358832e+00
   1.4724468e+00
  -1.1431637e+00
  -1.1057876e+00
  -5.7430932e-01
  -2.5585411e-01
  -4.0140053e-01
  -1.8342135e-01
   1.5568259e-01
   1.1989800e-01
   5.8664897e-02
  -2.6982714e-01
  -6.3332684e-02
   1.0751457e-02
  -1.7614348e-01
   4.2445225e-02
   2.3557994e-01
   2.3513239e-01
   6.9457917e-01
   1.4364686e+00
   1.7768768e+00
   1.8543261e+00
   1.7448456e+00
   1.5943565e+00
   1.4920679e+00
   1.4817464e+00
   1.5163050e+00
   1.5494746e+00
   1.6144615e+00
   1.7061430e+00
   1.7857068e+00
   1.4922174e+00
   2.0361345e+00
   2.4887537e+00
   2.6604547e+00
   2.8536567e+00
   2.8661943e+00
   3.0738406e+00
   2.9240230e+00
   2.6152961e+00
   2.1666159e+00
   1.8217336e+00
   1.4443280e+00
   1.0243413e+00
   7.5679332e-01
   6.0158658e-01
   5.4460718e-01
   5.4280898e-01
   5.4930454e-01
   2.7474031e-01
   2.5635879e-01
   2.2608051e-01
   1.7490119e-01
   1.1930338e-01
   5.2074388e-02
  -3.2205438e-02
  -9.4669320e-02
  -1.5392249e-01
  -2.2234321e-01
  -2.6417588e-01
  -2.7738498e-01
  -2.2276740e-01
  -1.0212387e-01
   8.4907304e-02
   4.0494570e-01
   7.4682798e-01
   1.1531902e+00
   1.7398293e+00
   2.3001006e+00
   2.8970438e+00
   3.5703652e+00
   3.9081840e+00
   3.5575120e+00
   1.0164853e+00
  -1.2386460e+00
  -1.0914498e+00
  -4.8308775e-01
  -3.2555365e-01
  -3.1280629e-01
   7.2671560e-02
   2.3736704e-01
   5.1020129e-02
   3.2634056e-01
  -1.6310162e-01
  -5.1476754e-03
   3.3210909e-01
  -7.1906139e-02
   3.0380025e-01
   4.1150251e-01
   2.9896884e-01
   5.7818569e-01
   1.3927361e+00
   1.7814184e+00
   1.8798572e+00
   1.7690211e+00
   1.6087636e+00
   1.5047041e+00
   1.4995849e+00
   1.5375691e+00
   1.5698653e+00
   1.6366722e+00
   1.7024161e+00
   1.7922764e+00
   2.0577443e+00
   2.8181186e+00
   2.8335574e+00
   2.4132082e+00
   2.7298006e+00
   2.7783901e+00
   2.9477797e+00
   2.6809682e+00
   2.3014657e+00
   1.7940304e+00
   1.3853298e+00
   9.7194359e-01
   5.7723001e-01
   3.6839418e-01
   2.7187467e-01
   2.5922941e-01
   2.6909152e-01
   2.7517444e-01
  -3.6074854e-01
  -4.0195647e-01
  -4.5791600e-01
  -5.3392758e-01
  -5.9629861e-01
  -6.5457695e-01
  -7.0556471e-01
  -7.2101938e-01
  -7.1642386e-01
  -6.7997677e-01
  -6.1230452e-01
  -5.0477775e-01
  -3.1053059e-01
  -9.7210815e-02
   1.5628928e-01
   5.1716009e-01
   8.6149861e-01
   1.2465361e+00
   1.7689996e+00
   2.2308561e+00
   2.6720461e+00
   3.0636399e+00
   3.0860828e+00
   2.5188438e+00
   7.9515427e-01
  -4.8682835e-01
  -5.0878464e-01
  -3.5893166e-01
  -1.5752239e-01
   8.1950640e-02
   4.2201025e-01
   3.1433400e-01
   1.7322126e-01
  -1.3105568e-01
  -1.2958588e-02
   1.7790143e-01
   2.7242415e-01
   1.8610042e-01
   3.2579105e-01
   9.9657230e-01
   4.9732562e-01
   4.1852934e-01
   1.2824979e+00
   1.6804792e+00
   1.7955705e+00
   1.6953433e+00
   1.5458513e+00
   1.4575942e+00
   1.4686030e+00
   1.5178338e+00
   1.5597398e+00
   1.6596355e+00
   1.7867318e+00
   2.0077960e+00
   2.2995218e+00
   2.2967444e+00
   1.9085168e+00
   1.5438401e+00
   2.2160930e+00
   2.5103599e+00
   2.4557693e+00
   1.9990594e+00
   1.5042361e+00
   9.3437304e-01
   5.2306131e-01
   1.5705265e-01
  -1.4609783e-01
  -2.8264018e-01
  -3.3330300e-01
  -3.3297118e-01
  -3.3102546e-01
  -3.3767707e-01
  -8.4301277e-01
  -8.9800277e-01
  -9.6439599e-01
  -1.0455258e+00
  -1.1043679e+00
  -1.1519442e+00
  -1.1817066e+00
  -1.1737694e+00
  -1.1395242e+00
  -1.0558092e+00
  -9.4038238e-01
  -7.7990605e-01
  -5.2480111e-01
  -2.7197915e-01
   8.4116622e-03
   3.8264660e-01
   7.2157275e-01
   1.0866290e+00
   1.5613011e+00
   1.9611636e+00
   2.3195090e+00
   2.5869180e+00
   2.5008523e+00
   1.9051516e+00
   5.9240428e-01
  -2.3570941e-01
  -2.6134159e-01
  -2.0585577e-01
   1.5352732e-02
   3.1755117e-01
   5.4694135e-01
   3.0653415e-01
   1.5118822e-01
  -1.4836271e-01
   2.5903915e-02
   2.4975551e-01
   2.9558697e-01
   3.2415096e-01
   3.2204548e-01
   1.0840019e+00
   4.9179827e-01
   3.5960818e-01
   1.2064964e+00
   1.5831919e+00
   1.7140682e+00
   1.6333028e+00
   1.4992024e+00
   1.4253413e+00
   1.4455003e+00
   1.5064375e+00
   1.5592581e+00
   1.6746237e+00
   1.8504541e+00
   2.0893709e+00
   2.1660908e+00
   1.8673010e+00
   1.4969636e+00
   1.2923112e+00
   2.0210782e+00
   2.2510365e+00
   2.0300088e+00
   1.4908094e+00
   9.5911283e-01
   3.8637431e-01
  -6.8799771e-03
  -3.3808304e-01
  -5.9845143e-01
  -7.1092690e-01
  -7.5521352e-01
  -7.6717279e-01
  -7.8062438e-01
  -8.0188084e-01
  -1.7818949e+00
  -1.8600624e+00
  -1.9374234e+00
  -2.0143524e+00
  -2.0573784e+00
  -2.0800855e+00
  -2.0726943e+00
  -2.0318927e+00
  -1.9593296e+00
  -1.8169396e+00
  -1.6450195e+00
  -1.4213706e+00
  -1.0943325e+00
  -7.9642015e-01
  -4.8798188e-01
  -1.0591535e-01
   2.1496509e-01
   5.3720219e-01
   9.1977252e-01
   1.2120407e+00
   1.4455863e+00
   1.5637068e+00
   1.4013992e+00
   8.9051723e-01
   1.6179053e-01
  -7.6454582e-02
   1.9431617e-02
   1.5289100e-01
   3.9871686e-01
   7.1020434e-01
   6.4550481e-01
   2.2302534e-01
  -1.0142041e-02
   1.5828330e-01
   2.4084983e-02
   3.2044101e-01
   4.1132445e-01
   5.3331878e-01
   2.9366671e-01
   8.8624975e-01
   3.1999496e-01
   3.0912729e-01
   1.0664366e+00
   1.3724443e+00
   1.5372992e+00
   1.5061980e+00
   1.4095148e+00
   1.3661609e+00
   1.4009455e+00
   1.4879461e+00
   1.5657528e+00
   1.7012870e+00
   1.9742376e+00
   2.1635839e+00
   1.5792886e+00
   9.9639333e-01
   9.9546871e-01
   1.2238924e+00
   1.8424737e+00
   1.6884753e+00
   1.1470760e+00
   5.1087446e-01
  -4.0347946e-02
  -5.7276282e-01
  -9.1018344e-01
  -1.1748115e+00
  -1.3794478e+00
  -1.4768487e+00
  -1.5380538e+00
  -1.5967880e+00
  -1.6499050e+00
  -1.7046931e+00
  -2.4683864e+00
  -2.5386868e+00
  -2.5983538e+00
  -2.6488577e+00
  -2.6728183e+00
  -2.6823671e+00
  -2.6710565e+00
  -2.6379223e+00
  -2.5779793e+00
  -2.4578587e+00
  -2.3089704e+00
  -2.1115951e+00
  -1.8186799e+00
  -1.5464703e+00
  -1.2628922e+00
  -9.1762058e-01
  -6.3912905e-01
  -3.7811080e-01
  -1.0346261e-01
   7.4669898e-02
   1.8735016e-01
   1.8838722e-01
   2.6839345e-02
  -2.8857065e-01
  -5.9778795e-01
  -5.5241917e-01
  -2.9441815e-01
  -1.8417208e-02
   1.2935118e-01
   2.5982942e-01
   2.3641692e-01
   6.2769639e-02
   4.0944320e-02
   1.1035867e-01
  -4.2119890e-02
   1.5180803e-01
   7.7358823e-02
   6.8941057e-01
   1.1078700e+00
   5.5591359e-01
   2.9168973e-01
   4.0117304e-01
   8.6752808e-01
   1.0786396e+00
   1.2922245e+00
   1.3353816e+00
   1.2824216e+00
   1.2562435e+00
   1.2947203e+00
   1.4360546e+00
   1.5734347e+00
   1.7120340e+00
   1.9921675e+00
   1.9345900e+00
   1.0257806e+00
   8.1025049e-01
   7.6021331e-01
   1.3418473e+00
   1.6861082e+00
   9.8217672e-01
   2.7422457e-01
  -3.2036207e-01
  -8.1046740e-01
  -1.2630452e+00
  -1.5485023e+00
  -1.7753681e+00
  -1.9674511e+00
  -2.0766591e+00
  -2.1606788e+00
  -2.2463190e+00
  -2.3148548e+00
  -2.3830135e+00
  -2.6952604e+00
  -2.7566797e+00
  -2.8046960e+00
  -2.8413120e+00
  -2.8571561e+00
  -2.8629339e+00
  -2.8538975e+00
  -2.8292248e+00
  -2.7819858e+00
  -2.6833912e+00
  -2.5569369e+00
  -2.3857774e+00
  -2.1284895e+00
  -1.8866998e+00
  -1.6345004e+00
  -1.3322663e+00
  -1.0972664e+00
  -8.9043895e-01
  -6.9796467e-01
  -5.9816251e-01
  -5.6475054e-01
  -6.4168182e-01
  -8.1464540e-01
  -1.0386157e+00
  -1.1376685e+00
  -9.3983754e-01
  -5.7203893e-01
  -1.6673875e-01
  -1.8010491e-02
   1.3247154e-02
   2.8276368e-02
   4.0662453e-03
   7.9594172e-02
   7.5909140e-02
  -7.0080621e-02
   7.5519648e-02
  -7.1287253e-02
   6.9695717e-01
   1.3941811e+00
   4.9265338e-01
   3.2080127e-01
   4.8830740e-01
   7.4467986e-01
   8.8260909e-01
   1.1227292e+00
   1.2167978e+00
   1.2029454e+00
   1.2013695e+00
   1.2523770e+00
   1.4045811e+00
   1.5650945e+00
   1.6721303e+00
   1.9242301e+00
   1.6806836e+00
   6.6762243e-01
   6.8463773e-01
   7.5452452e-01
   1.4411102e+00
   1.5256794e+00
   5.6995476e-01
  -1.9185811e-01
  -7.4290278e-01
  -1.1831128e+00
  -1.5786771e+00
  -1.8264711e+00
  -2.0235647e+00
  -2.1970435e+00
  -2.3021300e+00
  -2.3881469e+00
  -2.4767843e+00
  -2.5453281e+00
  -2.6133315e+00
  -2.2639611e+00
  -2.2909575e+00
  -2.3137225e+00
  -2.3346344e+00
  -2.3510774e+00
  -2.3687420e+00
  -2.3845376e+00
  -2.3921961e+00
  -2.3905075e+00
  -2.3667032e+00
  -2.3186729e+00
  -2.2408855e+00
  -2.1147646e+00
  -1.9942363e+00
  -1.8715818e+00
  -1.7397416e+00
  -1.6628815e+00
  -1.6304160e+00
  -1.6616040e+00
  -1.7446030e+00
  -1.8817044e+00
  -2.1312107e+00
  -2.3777683e+00
  -2.5563421e+00
  -2.4707137e+00
  -2.0829866e+00
  -1.4646954e+00
  -6.3384736e-01
  -2.1440374e-01
  -3.1634751e-01
  -1.7185239e-01
   6.8766795e-02
   1.8391183e-01
  -1.0619607e-02
  -6.6597205e-02
   5.2627500e-02
  -1.0134668e-01
   3.2289279e-01
   9.9062861e-01
   9.8791696e-01
   5.7965390e-01
   7.8591444e-01
   5.1171999e-01
   4.4717532e-01
   7.2205120e-01
   9.3473084e-01
   1.0479413e+00
   1.1541839e+00
   1.2737558e+00
   1.3474115e+00
   1.4920890e+00
   1.3930398e+00
   1.4500602e+00
   7.0758414e-01
  -8.2826969e-02
   3.9989215e-01
   1.3539289e+00
   1.7447873e+00
   9.4235644e-01
  -1.0686887e-01
  -7.5663319e-01
  -1.1471332e+00
  -1.4396264e+00
  -1.6933972e+00
  -1.8454252e+00
  -1.9578711e+00
  -2.0486421e+00
  -2.0960260e+00
  -2.1329732e+00
  -2.1677643e+00
  -2.1947354e+00
  -2.2256725e+00
  -1.4618929e+00
  -1.4766673e+00
  -1.4903221e+00
  -1.5025994e+00
  -1.5132890e+00
  -1.5267039e+00
  -1.5415108e+00
  -1.5521799e+00
  -1.5577389e+00
  -1.5493359e+00
  -1.5225359e+00
  -1.4764923e+00
  -1.4029094e+00
  -1.3374201e+00
  -1.2803235e+00
  -1.2422845e+00
  -1.2523634e+00
  -1.3110939e+00
  -1.4614925e+00
  -1.6598645e+00
  -1.9296230e+00
  -2.3541287e+00
  -2.7432868e+00
  -3.0519414e+00
  -3.1082110e+00
  -2.7921328e+00
  -2.1504943e+00
  -1.1245194e+00
  -4.8321859e-01
  -4.6655989e-01
  -3.8438281e-02
   1.6701572e-01
   2.1820143e-01
   4.5695302e-02
  -7.3167914e-02
   1.1724548e-01
   7.6642101e-02
   3.0623436e-02
   1.3816317e-01
   6.2188169e-01
   6.7668718e-01
   4.2730511e-01
   3.7115584e-01
   3.0081515e-01
   4.4592903e-01
   7.9784895e-01
   1.0040861e+00
   1.0058941e+00
   1.1169821e+00
   1.0814935e+00
   1.0551611e+00
   1.0479876e+00
   9.9769588e-01
   2.6053476e-01
  -2.3055898e-01
   4.5785938e-01
   1.4655508e+00
   1.4049520e+00
   6.2055673e-01
  -1.6336267e-01
  -5.8020222e-01
  -8.1144083e-01
  -9.8395681e-01
  -1.1383323e+00
  -1.2309486e+00
  -1.2980553e+00
  -1.3498732e+00
  -1.3733671e+00
  -1.3911179e+00
  -1.4090064e+00
  -1.4236264e+00
  -1.4409769e+00
  -8.5755902e-01
  -8.6312448e-01
  -8.6991508e-01
  -8.7568644e-01
  -8.8204108e-01
  -8.9225400e-01
  -9.0631588e-01
  -9.1925337e-01
  -9.3027314e-01
  -9.3347472e-01
  -9.2267100e-01
  -9.0054530e-01
  -8.6654828e-01
  -8.4252923e-01
  -8.3482839e-01
  -8.6746568e-01
  -9.4305054e-01
  -1.0704944e+00
  -1.3107146e+00
  -1.5960166e+00
  -1.9657282e+00
  -2.5220906e+00
  -3.0186938e+00
  -3.4253603e+00
  -3.5885458e+00
  -3.3264527e+00
  -2.6672228e+00
  -1.4942257e+00
  -6.8576236e-01
  -5.7974033e-01
   6.2085170e-02
   2.4104328e-01
   2.4403759e-01
   8.8126863e-02
  -7.8118743e-02
   1.6593315e-01
   2.1075120e-01
  -1.8959258e-01
  -5.0414346e-01
   3.4608532e-01
   7.4979879e-01
   1.5710395e-01
   2.6524505e-01
   1.9053724e-01
   2.3787942e-01
   6.9471262e-01
   9.7104250e-01
   8.9416221e-01
   9.9885796e-01
   8.8113239e-01
   7.2594930e-01
   7.8800123e-01
   6.5685322e-01
  -7.6303278e-02
  -3.4187054e-01
   5.0153592e-01
   1.5496545e+00
   1.1488964e+00
   3.7809050e-01
  -2.0592902e-01
  -4.4726689e-01
  -5.5850689e-01
  -6.4062374e-01
  -7.2010778e-01
  -7.6795934e-01
  -8.0090429e-01
  -8.2337216e-01
  -8.2886571e-01
  -8.3215254e-01
  -8.3730561e-01
  -8.4261934e-01
  -8.4973266e-01
   7.2462837e-01
   7.1383543e-01
   7.0040055e-01
   6.8514266e-01
   6.7077420e-01
   6.5525683e-01
   6.3820804e-01
   6.2419976e-01
   6.1365566e-01
   6.1189786e-01
   6.1892313e-01
   6.2905547e-01
   6.3696312e-01
   6.2856351e-01
   5.9560680e-01
   5.0085852e-01
   3.6091401e-01
   1.5914550e-01
  -1.8204649e-01
  -5.6251260e-01
  -1.0318229e+00
  -1.6926670e+00
  -2.2789216e+00
  -2.8479368e+00
  -3.4023219e+00
  -3.5918796e+00
  -3.3056430e+00
  -2.2763248e+00
  -1.3989821e+00
  -6.7183371e-01
   1.3933602e-01
   1.7435660e-01
   8.9943443e-02
   5.8947267e-03
   1.0940155e-01
   3.0458349e-02
   2.3364304e-01
  -3.7171339e-02
  -1.2770141e+00
  -1.3970190e+00
  -2.7752166e-01
  -3.8489977e-01
  -4.4359581e-01
  -3.8498179e-01
  -4.8236666e-02
   4.6004391e-01
   7.1013974e-01
   8.4488795e-01
   7.9125358e-01
   5.1751138e-01
   2.7002844e-01
   2.1006177e-01
   1.1222052e-01
  -2.4181352e-01
  -4.6796274e-01
   6.0324716e-01
   1.0535256e+00
   5.1830824e-01
   2.1763186e-01
   2.3340499e-01
   4.8472678e-01
   6.4310355e-01
   7.3731163e-01
   7.8970503e-01
   8.0580343e-01
   8.1032960e-01
   8.0564719e-01
   7.9703770e-01
   7.8633674e-01
   7.6915137e-01
   7.5313308e-01
   7.3813991e-01
   1.2732663e+00
   1.2724142e+00
   1.2695347e+00
   1.2639670e+00
   1.2553512e+00
   1.2452369e+00
   1.2347225e+00
   1.2266537e+00
   1.2214643e+00
   1.2229217e+00
   1.2273866e+00
   1.2275509e+00
   1.2080654e+00
   1.1601773e+00
   1.0713979e+00
   8.8921310e-01
   6.6392643e-01
   3.7051909e-01
  -7.8492868e-02
  -5.3806056e-01
  -1.0713849e+00
  -1.7822205e+00
  -2.3874474e+00
  -2.9566979e+00
  -3.5042604e+00
  -3.7244400e+00
  -3.5357296e+00
  -2.5906931e+00
  -1.6545902e+00
  -6.1051239e-01
   1.3662525e-01
   1.0993375e-01
   5.0017185e-02
  -6.8888435e-04
   1.1342729e-01
   7.8595269e-02
   2.0553626e-01
  -1.1935524e-01
  -1.2329262e+00
  -1.6150800e+00
  -6.9484472e-01
  -7.5870708e-01
  -5.7678609e-01
  -4.9624551e-01
  -2.5064208e-01
   2.9903741e-01
   6.2691889e-01
   6.5703006e-01
   5.9060260e-01
   3.6866189e-01
   1.4169392e-01
  -3.2044870e-02
  -2.1149809e-01
  -3.5115211e-01
  -4.5019302e-01
   4.1126144e-01
   6.8694092e-01
   2.1688261e-01
   6.8563944e-02
   2.4563993e-01
   6.3209921e-01
   8.7664129e-01
   1.0424348e+00
   1.1705920e+00
   1.2388976e+00
   1.2823327e+00
   1.3061719e+00
   1.3102369e+00
   1.3082383e+00
   1.2980348e+00
   1.2866400e+00
   1.2774363e+00
   2.0014152e+00
   2.0137565e+00
   2.0248860e+00
   2.0321792e+00
   2.0311983e+00
   2.0282549e+00
   2.0264129e+00
   2.0262269e+00
   2.0281443e+00
   2.0338689e+00
   2.0349356e+00
   2.0218704e+00
   1.9660288e+00
   1.8657319e+00
   1.7028650e+00
   1.4046349e+00
   1.0660827e+00
   6.5105282e-01
   5.8942863e-02
  -5.0560795e-01
  -1.1238914e+00
  -1.9010754e+00
  -2.5314822e+00
  -3.1010450e+00
  -3.6395526e+00
  -3.9003733e+00
  -3.8410991e+00
  -3.0079208e+00
  -1.9938318e+00
  -5.2912712e-01
   1.3302754e-01
   2.4432125e-02
  -2.9727010e-03
  -9.4266127e-03
   1.1877022e-01
   1.4248230e-01
   1.6823311e-01
  -2.2842921e-01
  -1.1744129e+00
  -1.9044893e+00
  -1.2487133e+00
  -1.2548219e+00
  -7.5355541e-01
  -6.4391405e-01
  -5.1927331e-01
   8.5350567e-02
   5.1646870e-01
   4.0770620e-01
   3.2429985e-01
   1.7110977e-01
  -2.8630883e-02
  -3.5336732e-01
  -6.4113547e-01
  -4.9626561e-01
  -4.2660917e-01
   1.5645917e-01
   2.0041193e-01
  -1.8316764e-01
  -1.2927809e-01
   2.6187807e-01
   8.2769100e-01
   1.1865912e+00
   1.4473924e+00
   1.6761028e+00
   1.8136976e+00
   1.9087723e+00
   1.9704652e+00
   1.9913518e+00
   2.0009029e+00
   1.9999658e+00
   1.9947071e+00
   1.9931873e+00
   2.5293149e+00
   2.5641410e+00
   2.5993381e+00
   2.6309457e+00
   2.6441953e+00
   2.6478541e+00
   2.6408895e+00
   2.6245952e+00
   2.5962916e+00
   2.5418240e+00
   2.4736530e+00
   2.3732857e+00
   2.1861533e+00
   1.9580545e+00
   1.6614097e+00
   1.2124824e+00
   7.6906500e-01
   2.7816185e-01
  -3.5641527e-01
  -9.0790237e-01
  -1.4727189e+00
  -2.1638177e+00
  -2.7416824e+00
  -3.3036669e+00
  -3.9000684e+00
  -4.2475038e+00
  -4.3632059e+00
  -3.8004978e+00
  -2.4451046e+00
  -5.4166178e-01
   4.4201853e-02
  -1.7619633e-01
  -2.3470141e-01
  -1.4787413e-01
   3.6391100e-03
   1.1167071e-01
   5.6584278e-02
  -3.4640979e-01
  -8.0239279e-01
  -1.5546430e+00
  -1.5122069e+00
  -2.1393294e+00
  -1.5813835e+00
  -9.3188556e-01
  -4.8485387e-01
  -4.3144632e-01
  -2.0291471e-01
  -1.2361619e-01
  -1.5686596e-01
  -4.2948808e-01
  -4.0259006e-01
  -8.1548975e-01
  -9.4393033e-01
  -6.6400067e-01
  -7.2353277e-01
  -6.2001505e-01
  -6.2052931e-01
  -8.4874073e-01
  -6.6625623e-01
  -2.2457036e-01
   3.4297854e-01
   7.1817579e-01
   1.0298870e+00
   1.3708079e+00
   1.6397862e+00
   1.8761166e+00
   2.0945808e+00
   2.2275580e+00
   2.3299445e+00
   2.4132073e+00
   2.4573290e+00
   2.4912220e+00
   2.4580665e+00
   2.5103663e+00
   2.5595159e+00
   2.6017950e+00
   2.6189631e+00
   2.6238345e+00
   2.6126219e+00
   2.5869993e+00
   2.5441492e+00
   2.4645337e+00
   2.3703539e+00
   2.2403633e+00
   2.0152972e+00
   1.7573359e+00
   1.4370035e+00
   9.7314178e-01
   5.3112786e-01
   5.3791067e-02
  -5.5010107e-01
  -1.0660034e+00
  -1.5882815e+00
  -2.2278894e+00
  -2.7735696e+00
  -3.3232726e+00
  -3.9429755e+00
  -4.3488872e+00
  -4.5716645e+00
  -4.2154415e+00
  -2.8692620e+00
  -7.4334007e-01
  -1.7019279e-02
  -3.0641590e-01
  -4.1742508e-01
  -2.9612262e-01
  -9.4955498e-02
   9.3182900e-02
   6.2778918e-03
  -3.5912754e-01
  -6.9227942e-01
  -1.5216058e+00
  -1.9988915e+00
  -2.7123944e+00
  -1.8425441e+00
  -8.0055788e-01
  -2.8244922e-01
  -3.4827657e-01
  -3.7767842e-01
  -3.3962344e-01
  -2.9175895e-01
  -6.4760963e-01
  -6.9255410e-01
  -1.0100935e+00
  -1.1319011e+00
  -9.1909668e-01
  -9.9771591e-01
  -9.9909887e-01
  -1.0148588e+00
  -1.1765754e+00
  -9.7116299e-01
  -5.4595869e-01
  -2.3317657e-02
   3.1554528e-01
   6.0315072e-01
   9.4112905e-01
   1.2306997e+00
   1.5016234e+00
   1.7715873e+00
   1.9516416e+00
   2.1016098e+00
   2.2390842e+00
   2.3230590e+00
   2.3904141e+00
   2.0970949e+00
   2.1816327e+00
   2.2542591e+00
   2.3123059e+00
   2.3332998e+00
   2.3385407e+00
   2.3193632e+00
   2.2780511e+00
   2.2126250e+00
   2.0969234e+00
   1.9680097e+00
   1.8015856e+00
   1.5370880e+00
   1.2571408e+00
   9.3137250e-01
   4.8866419e-01
   8.8755628e-02
  -3.2897799e-01
  -8.4589911e-01
  -1.2840261e+00
  -1.7273526e+00
  -2.2793075e+00
  -2.7697318e+00
  -3.2937288e+00
  -3.9460821e+00
  -4.4556682e+00
  -4.8622146e+00
  -4.8851784e+00
  -3.6868254e+00
  -1.2069188e+00
  -1.2624676e-01
  -5.3441507e-01
  -7.5579828e-01
  -5.8901305e-01
  -2.8120554e-01
   6.1675143e-02
  -6.9154801e-02
  -3.4494780e-01
  -5.7445110e-01
  -1.5745055e+00
  -3.0311819e+00
  -3.7151746e+00
  -2.1421948e+00
  -3.8898523e-01
   1.7470872e-01
   3.6259100e-02
  -5.1692085e-01
  -6.4428489e-01
  -4.2668355e-01
  -9.3151674e-01
  -1.2272107e+00
  -1.2906990e+00
  -1.4561297e+00
  -1.4491979e+00
  -1.5242728e+00
  -1.5915477e+00
  -1.6262296e+00
  -1.6911258e+00
  -1.4801210e+00
  -1.1118994e+00
  -6.9416088e-01
  -4.4568996e-01
  -2.3290858e-01
   5.6670042e-02
   3.4537758e-01
   6.4428614e-01
   9.7573764e-01
   1.2235640e+00
   1.4496086e+00
   1.6817505e+00
   1.8399565e+00
   1.9718796e+00
   1.1591290e+00
   1.2869345e+00
   1.4056808e+00
   1.5228173e+00
   1.5869633e+00
   1.6296300e+00
   1.6474181e+00
   1.6314577e+00
   1.5896234e+00
   1.5019232e+00
   1.3983965e+00
   1.2639822e+00
   1.0518094e+00
   8.2640978e-01
   5.6442607e-01
   2.1206708e-01
  -9.8195583e-02
  -4.1538921e-01
  -8.0948102e-01
  -1.1603228e+00
  -1.5385562e+00
  -2.0424925e+00
  -2.5162176e+00
  -3.0442508e+00
  -3.7541262e+00
  -4.3906973e+00
  -5.0089376e+00
  -5.4605364e+00
  -4.7329013e+00
  -2.1122481e+00
  -2.1727030e-01
  -7.7242314e-01
  -1.1785961e+00
  -1.0973685e+00
  -5.7545542e-01
   8.5662065e-03
  -2.2532476e-02
  -3.8082888e-01
  -5.6262423e-01
  -1.8736903e+00
  -3.7422491e+00
  -4.4580380e+00
  -2.9040945e+00
  -1.1721030e+00
   1.2743839e-01
   1.3290643e-01
  -4.5893413e-01
  -1.1351878e+00
  -1.0104219e+00
  -9.9406883e-01
  -1.2848708e+00
  -1.5315807e+00
  -1.8781875e+00
  -1.9932472e+00
  -2.0394611e+00
  -2.0495272e+00
  -2.0912498e+00
  -2.1178968e+00
  -1.9433250e+00
  -1.6549325e+00
  -1.3543781e+00
  -1.2061227e+00
  -1.0893046e+00
  -8.9246162e-01
  -6.6205290e-01
  -4.0291815e-01
  -9.8922923e-02
   1.3962377e-01
   3.6951417e-01
   6.2317627e-01
   8.1184476e-01
   9.8201987e-01
   5.8592971e-01
   7.3563460e-01
   8.7839501e-01
   1.0313754e+00
   1.1260757e+00
   1.1985398e+00
   1.2503254e+00
   1.2601308e+00
   1.2444882e+00
   1.1890149e+00
   1.1141040e+00
   1.0118747e+00
   8.4533060e-01
   6.6236003e-01
   4.4452521e-01
   1.4590050e-01
  -1.1794691e-01
  -3.8772695e-01
  -7.2727676e-01
  -1.0396060e+00
  -1.3892473e+00
  -1.8729843e+00
  -2.3397199e+00
  -2.8688551e+00
  -3.6034077e+00
  -4.3013879e+00
  -5.0363067e+00
  -5.7428020e+00
  -5.3300803e+00
  -2.7335656e+00
  -3.4679941e-01
  -9.3040601e-01
  -1.4209601e+00
  -1.4374767e+00
  -8.1589086e-01
  -6.1559940e-02
   2.6167395e-02
  -4.2564880e-01
  -5.3591301e-01
  -1.9727778e+00
  -4.0227448e+00
  -4.8670618e+00
  -3.3027299e+00
  -1.3959141e+00
   1.9144837e-01
   3.3997286e-01
  -3.8152718e-01
  -1.1598243e+00
  -1.0541253e+00
  -9.8369923e-01
  -1.3526075e+00
  -1.7098638e+00
  -2.0829413e+00
  -2.2306001e+00
  -2.2742779e+00
  -2.2682819e+00
  -2.3081284e+00
  -2.3170975e+00
  -2.1615216e+00
  -1.9156469e+00
  -1.6777265e+00
  -1.5854128e+00
  -1.5248374e+00
  -1.3870234e+00
  -1.1973574e+00
  -9.6877186e-01
  -6.9060917e-01
  -4.6690871e-01
  -2.4591600e-01
   6.6622974e-03
   2.0208654e-01
   3.8533335e-01
  -3.9661647e-01
  -2.1886347e-01
  -4.3653240e-02
   1.7021214e-01
   3.2602938e-01
   4.6404265e-01
   5.9794132e-01
   6.7337907e-01
   7.2723551e-01
   7.5858764e-01
   7.6010434e-01
   7.3942184e-01
   6.7961957e-01
   5.8838193e-01
   4.5702658e-01
   2.4741981e-01
   4.5649335e-02
  -1.7216746e-01
  -4.6110179e-01
  -7.3839899e-01
  -1.0624045e+00
  -1.5306266e+00
  -1.9921001e+00
  -2.5202729e+00
  -3.2752377e+00
  -4.0446475e+00
  -4.9530548e+00
  -6.0817560e+00
  -6.2657885e+00
  -3.9408130e+00
  -7.2325538e-01
  -1.2274017e+00
  -1.8029503e+00
  -2.0820031e+00
  -1.3546925e+00
  -2.6048062e-01
   1.5187242e-01
  -5.5031155e-01
  -4.4941428e-01
  -1.9676361e+00
  -4.1816752e+00
  -5.4742701e+00
  -3.8461161e+00
  -1.2472312e+00
   4.9528258e-01
   1.0041745e+00
  -1.6114127e-01
  -6.2668436e-01
  -4.7496526e-01
  -8.6438191e-01
  -1.5366283e+00
  -2.0804057e+00
  -2.3228197e+00
  -2.4386998e+00
  -2.5095850e+00
  -2.5155454e+00
  -2.5392658e+00
  -2.5298347e+00
  -2.3999908e+00
  -2.2139039e+00
  -2.0645870e+00
  -2.0570887e+00
  -2.0879039e+00
  -2.0562000e+00
  -1.9470628e+00
  -1.7838881e+00
  -1.5689242e+00
  -1.3898445e+00
  -1.2076065e+00
  -9.8663052e-01
  -8.0440810e-01
  -6.2028599e-01
  -1.0666937e+00
  -9.0651944e-01
  -7.4217213e-01
  -5.2628917e-01
  -3.4957031e-01
  -1.7455538e-01
   2.8876477e-02
   1.7075313e-01
   3.0022239e-01
   4.3688229e-01
   5.2909864e-01
   5.9762417e-01
   6.3899360e-01
   6.2643676e-01
   5.6450193e-01
   4.1951847e-01
   2.5669548e-01
   6.4470692e-02
  -2.0718498e-01
  -4.7272157e-01
  -7.8016799e-01
  -1.2263517e+00
  -1.6714642e+00
  -2.1876251e+00
  -2.9273079e+00
  -3.6812930e+00
  -4.5997318e+00
  -5.9289414e+00
  -6.5289645e+00
  -4.7609892e+00
  -1.4310044e+00
  -1.6398972e+00
  -2.1979728e+00
  -2.7311450e+00
  -1.9202132e+00
  -5.1359687e-01
   3.0998906e-01
  -6.4018462e-01
  -7.3581679e-01
  -2.1347954e+00
  -4.5583638e+00
  -6.0191383e+00
  -4.4876576e+00
  -1.7517448e+00
  -6.3262697e-02
   2.4518967e-01
   1.1688998e-01
  -1.3002880e-01
   7.6663208e-03
  -6.5568806e-01
  -1.4156616e+00
  -2.0304284e+00
  -2.3135256e+00
  -2.4610270e+00
  -2.5353197e+00
  -2.5447509e+00
  -2.5594834e+00
  -2.5360915e+00
  -2.4132575e+00
  -2.2534027e+00
  -2.1401949e+00
  -2.1655782e+00
  -2.2401079e+00
  -2.2772727e+00
  -2.2298295e+00
  -2.1215408e+00
  -1.9629281e+00
  -1.8308102e+00
  -1.6967030e+00
  -1.5321248e+00
  -1.3971177e+00
  -1.2556303e+00
  -1.4716495e+00
  -1.3320534e+00
  -1.1845529e+00
  -9.8029472e-01
  -8.0201529e-01
  -6.1480235e-01
  -3.7786702e-01
  -1.9813587e-01
  -2.3279638e-02
   1.8069643e-01
   3.3417230e-01
   4.6504114e-01
   5.7746066e-01
   6.2034878e-01
   6.0930729e-01
   5.1336117e-01
   3.8161005e-01
   2.1247954e-01
  -4.0261843e-02
  -2.9348956e-01
  -5.8618763e-01
  -1.0116358e+00
  -1.4389923e+00
  -1.9393783e+00
  -2.6602224e+00
  -3.3942817e+00
  -4.2974314e+00
  -5.7054760e+00
  -6.5470589e+00
  -5.2406917e+00
  -1.9734478e+00
  -1.9495701e+00
  -2.4259320e+00
  -3.1487266e+00
  -2.3709221e+00
  -8.0124072e-01
   3.9452684e-01
  -6.4386416e-01
  -9.2553902e-01
  -2.2244600e+00
  -4.6470786e+00
  -6.2878374e+00
  -4.8040855e+00
  -2.0177738e+00
  -2.9970622e-01
  -2.2544524e-01
   2.4247862e-01
   4.2332456e-01
   4.8744028e-01
  -4.2833007e-01
  -1.2694652e+00
  -1.9372738e+00
  -2.2539933e+00
  -2.4262417e+00
  -2.5081193e+00
  -2.5220136e+00
  -2.5322987e+00
  -2.5020319e+00
  -2.3851038e+00
  -2.2427421e+00
  -2.1527442e+00
  -2.1968935e+00
  -2.2969650e+00
  -2.3777166e+00
  -2.3712711e+00
  -2.2997975e+00
  -2.1777499e+00
  -2.0749303e+00
  -1.9699774e+00
  -1.8408725e+00
  -1.7383486e+00
  -1.6291317e+00
  -1.9125307e+00
  -1.8315628e+00
  -1.7398184e+00
  -1.5949555e+00
  -1.4552645e+00
  -1.2917564e+00
  -1.0493433e+00
  -8.3675919e-01
  -6.1361409e-01
  -3.2297945e-01
  -7.9353186e-02
   1.5007029e-01
   3.7589697e-01
   5.0787782e-01
   5.8477537e-01
   5.7854368e-01
   5.0803777e-01
   3.9180806e-01
   1.9048842e-01
  -3.0410687e-02
  -2.8979979e-01
  -6.6568348e-01
  -1.0450763e+00
  -1.4972997e+00
  -2.1626886e+00
  -2.8364670e+00
  -3.6452740e+00
  -4.9850720e+00
  -6.0538348e+00
  -5.7048571e+00
  -2.9814779e+00
  -2.5064518e+00
  -2.6349251e+00
  -3.6953380e+00
  -3.2580459e+00
  -1.6044786e+00
   4.4646769e-01
  -4.6361354e-01
  -1.1926341e+00
  -2.2807529e+00
  -4.2380899e+00
  -6.3598987e+00
  -4.8891917e+00
  -2.1659582e+00
  -1.8919555e-01
  -7.8131215e-01
   2.2478143e-01
   1.9471635e+00
   1.6942616e+00
   1.8758894e-01
  -8.4432407e-01
  -1.6067782e+00
  -1.9929843e+00
  -2.2126872e+00
  -2.3229298e+00
  -2.3502910e+00
  -2.3593165e+00
  -2.3272504e+00
  -2.2228267e+00
  -2.1054777e+00
  -2.0457982e+00
  -2.1063545e+00
  -2.2310440e+00
  -2.3664053e+00
  -2.4181074e+00
  -2.3999795e+00
  -2.3268735e+00
  -2.2592893e+00
  -2.1863208e+00
  -2.1008933e+00
  -2.0481044e+00
  -1.9976901e+00
  -1.9995906e+00
  -1.9560457e+00
  -1.9045718e+00
  -1.8092938e+00
  -1.7146331e+00
  -1.6020745e+00
  -1.4166819e+00
  -1.2316884e+00
  -1.0269078e+00
  -7.3752587e-01
  -4.7797931e-01
  -2.1796364e-01
   6.7260172e-02
   2.5820988e-01
   3.9744320e-01
   4.6948487e-01
   4.6055068e-01
   4.0433488e-01
   2.6971832e-01
   9.7835702e-02
  -1.1856633e-01
  -4.4346180e-01
  -7.7550806e-01
  -1.1707278e+00
  -1.7629050e+00
  -2.3754701e+00
  -3.0990155e+00
  -4.2414652e+00
  -5.4184476e+00
  -5.9313297e+00
  -3.6335110e+00
  -2.8555161e+00
  -2.6376194e+00
  -3.5236399e+00
  -3.5771428e+00
  -2.6644294e+00
   3.2588299e-01
   7.8279560e-03
  -3.9511289e-01
  -2.0323259e+00
  -3.6973927e+00
  -5.8974351e+00
  -5.5537195e+00
  -2.5450042e+00
  -5.6789579e-01
  -1.4639356e+00
  -2.6775001e-01
   2.1154601e+00
   2.3501757e+00
   9.1061919e-01
  -3.3630909e-01
  -1.1787760e+00
  -1.5976227e+00
  -1.8536288e+00
  -1.9998832e+00
  -2.0435995e+00
  -2.0616513e+00
  -2.0404704e+00
  -1.9573680e+00
  -1.8647839e+00
  -1.8296423e+00
  -1.9014746e+00
  -2.0397817e+00
  -2.2101423e+00
  -2.3012147e+00
  -2.3254229e+00
  -2.2923443e+00
  -2.2480238e+00
  -2.1891039e+00
  -2.1152862e+00
  -2.0782723e+00
  -2.0504642e+00
  -2.0097891e+00
  -1.9889226e+00
  -1.9632696e+00
  -1.9003965e+00
  -1.8349333e+00
  -1.7570328e+00
  -1.6170999e+00
  -1.4613297e+00
  -1.2809059e+00
  -1.0077266e+00
  -7.5039918e-01
  -4.8305779e-01
  -1.7135069e-01
   5.3673454e-02
   2.3060585e-01
   3.5431309e-01
   3.8987066e-01
   3.7776695e-01
   2.9392912e-01
   1.6254479e-01
  -1.7055227e-02
  -3.0002633e-01
  -5.9528353e-01
  -9.4625135e-01
  -1.4760188e+00
  -2.0346265e+00
  -2.6937986e+00
  -3.6876488e+00
  -4.8065728e+00
  -5.7033579e+00
  -4.0352254e+00
  -3.1100377e+00
  -2.6168911e+00
  -3.3277649e+00
  -3.5871385e+00
  -3.2037890e+00
   2.3883865e-02
   3.5941251e-01
   8.5744802e-02
  -1.8550532e+00
  -3.2849721e+00
  -5.2582800e+00
  -5.9882148e+00
  -2.9794935e+00
  -1.1110456e+00
  -1.9377100e+00
  -5.4234554e-01
   2.0165204e+00
   2.7808220e+00
   1.4173580e+00
   7.4643518e-02
  -8.1472716e-01
  -1.2513448e+00
  -1.5292773e+00
  -1.7026776e+00
  -1.7624416e+00
  -1.7909201e+00
  -1.7806525e+00
  -1.7156139e+00
  -1.6439853e+00
  -1.6292838e+00
  -1.7102666e+00
  -1.8582925e+00
  -2.0531827e+00
  -2.1725039e+00
  -2.2286034e+00
  -2.2275167e+00
  -2.2015798e+00
  -2.1532991e+00
  -2.0857076e+00
  -2.0553912e+00
  -2.0402133e+00
  -1.9075300e+00
  -1.9063053e+00
  -1.9067139e+00
  -1.8780578e+00
  -1.8428654e+00
  -1.8048557e+00
  -1.7327611e+00
  -1.6349381e+00
  -1.5101374e+00
  -1.2913025e+00
  -1.0668727e+00
  -8.2245576e-01
  -5.1263877e-01
  -2.6243785e-01
  -5.3054004e-02
   1.2644679e-01
   2.1927816e-01
   2.6559247e-01
   2.5276727e-01
   1.8463408e-01
   6.4973078e-02
  -1.5290832e-01
  -3.9516737e-01
  -6.8246917e-01
  -1.1110864e+00
  -1.5789473e+00
  -2.1492031e+00
  -2.9386388e+00
  -3.6845478e+00
  -4.5526109e+00
  -4.4003290e+00
  -3.4426882e+00
  -2.5405706e+00
  -2.9184296e+00
  -3.1171349e+00
  -3.4021448e+00
  -8.3522734e-01
   8.3590955e-01
   4.9584254e-01
  -1.6317572e+00
  -2.7065373e+00
  -3.7678863e+00
  -6.4475120e+00
  -3.8903489e+00
  -2.4001895e+00
  -2.5049308e+00
  -7.1784159e-01
   1.4063579e+00
   3.2403638e+00
   2.0352585e+00
   6.9967205e-01
  -2.2618723e-01
  -6.7295159e-01
  -9.6968292e-01
  -1.1804877e+00
  -1.2701679e+00
  -1.3206155e+00
  -1.3310682e+00
  -1.2950993e+00
  -1.2571457e+00
  -1.2746868e+00
  -1.3696434e+00
  -1.5299145e+00
  -1.7547158e+00
  -1.9099632e+00
  -2.0099600e+00
  -2.0567721e+00
  -2.0579444e+00
  -2.0244265e+00
  -1.9601153e+00
  -1.9281287e+00
  -1.9210990e+00
  -1.6846616e+00
  -1.6928333e+00
  -1.7075845e+00
  -1.7010076e+00
  -1.6814931e+00
  -1.6582001e+00
  -1.6177631e+00
  -1.5607089e+00
  -1.4908843e+00
  -1.3451051e+00
  -1.1686621e+00
  -9.6629937e-01
  -7.0643869e-01
  -4.7896479e-01
  -2.6947707e-01
  -7.8638253e-02
   3.6680643e-02
   1.1513175e-01
   1.4628064e-01
   1.2259716e-01
   5.9048813e-02
  -9.0096031e-02
  -2.7866747e-01
  -5.1068366e-01
  -8.4537979e-01
  -1.2052734e+00
  -1.6485381e+00
  -2.2808526e+00
  -2.8126478e+00
  -3.2847750e+00
  -3.8283374e+00
  -3.6756934e+00
  -2.6512633e+00
  -2.5639320e+00
  -2.5019580e+00
  -3.1180771e+00
  -1.7083332e+00
   4.9227709e-02
   1.9123379e-01
  -1.4783372e+00
  -2.3577298e+00
  -2.8386675e+00
  -5.5208279e+00
  -3.5725038e+00
  -3.0818724e+00
  -2.7809072e+00
  -4.5118625e-01
   7.6245779e-01
   2.8121502e+00
   2.2013832e+00
   1.1853662e+00
   3.7692200e-01
  -4.5711864e-02
  -3.3254992e-01
  -5.5854686e-01
  -6.7559902e-01
  -7.5912764e-01
  -8.0352123e-01
  -7.9581526e-01
  -7.9168593e-01
  -8.4545407e-01
  -9.5772189e-01
  -1.1286618e+00
  -1.3750138e+00
  -1.5566499e+00
  -1.6888748e+00
  -1.7810202e+00
  -1.8108648e+00
  -1.7959788e+00
  -1.7393360e+00
  -1.6990929e+00
  -1.6876424e+00
  -1.4851796e+00
  -1.4982586e+00
  -1.5198074e+00
  -1.5255440e+00
  -1.5149501e+00
  -1.4976614e+00
  -1.4688710e+00
  -1.4285487e+00
  -1.3861735e+00
  -1.2890834e+00
  -1.1504103e+00
  -9.8089538e-01
  -7.6103643e-01
  -5.6277334e-01
  -3.6742483e-01
  -1.8069420e-01
  -6.3222607e-02
   2.4952835e-02
   7.5226080e-02
   7.2723817e-02
   4.0335961e-02
  -6.2513506e-02
  -2.1151055e-01
  -4.0312718e-01
  -6.7662072e-01
  -9.6508651e-01
  -1.3181692e+00
  -1.8276940e+00
  -2.2529534e+00
  -2.5724589e+00
  -3.1712809e+00
  -3.4553881e+00
  -2.7303127e+00
  -2.3339953e+00
  -2.0747190e+00
  -2.4996282e+00
  -1.5888079e+00
  -9.8309113e-02
   9.0397256e-02
  -1.3159845e+00
  -2.1271324e+00
  -2.3871667e+00
  -4.6826465e+00
  -3.5654046e+00
  -3.3953783e+00
  -2.3812254e+00
  -4.8082815e-01
   4.1057662e-01
   1.9431806e+00
   1.9352912e+00
   1.2967755e+00
   7.0042777e-01
   3.6219049e-01
   1.1702906e-01
  -8.8153764e-02
  -2.0325635e-01
  -2.9963851e-01
  -3.7412956e-01
  -3.9592601e-01
  -4.2119709e-01
  -5.0593713e-01
  -6.3370693e-01
  -8.1247559e-01
  -1.0703556e+00
  -1.2678110e+00
  -1.4199461e+00
  -1.5408328e+00
  -1.5909780e+00
  -1.5919624e+00
  -1.5468264e+00
  -1.5031330e+00
  -1.4838364e+00
  -1.2560074e+00
  -1.2729610e+00
  -1.2992789e+00
  -1.3154124e+00
  -1.3124938e+00
  -1.2984951e+00
  -1.2746844e+00
  -1.2436392e+00
  -1.2218473e+00
  -1.1722871e+00
  -1.0743975e+00
  -9.4020665e-01
  -7.6393119e-01
  -6.0369041e-01
  -4.3174905e-01
  -2.5691381e-01
  -1.4601657e-01
  -5.6253015e-02
   5.8058633e-03
   1.8273253e-02
   1.2088147e-02
  -4.5240448e-02
  -1.5304103e-01
  -3.0281780e-01
  -5.1750727e-01
  -7.3660330e-01
  -9.9790165e-01
  -1.3753427e+00
  -1.7210486e+00
  -1.9667727e+00
  -2.3434040e+00
  -2.9864341e+00
  -2.8110468e+00
  -2.1138078e+00
  -1.6459950e+00
  -1.6058234e+00
  -9.9798390e-01
   1.2347725e-02
   6.1029329e-02
  -1.1168686e+00
  -1.9032899e+00
  -2.0598388e+00
  -3.7153150e+00
  -3.6968697e+00
  -3.6062339e+00
  -1.5965519e+00
  -6.4993398e-01
   1.1929670e-01
   7.0041314e-01
   1.4208206e+00
   1.2620295e+00
   9.6320365e-01
   7.5353261e-01
   5.7277090e-01
   4.0882086e-01
   3.0927079e-01
   2.0655590e-01
   9.7629672e-02
   3.9823166e-02
  -1.8783991e-02
  -1.3837396e-01
  -2.8395667e-01
  -4.7085338e-01
  -7.3807069e-01
  -9.4977375e-01
  -1.1202845e+00
  -1.2682331e+00
  -1.3390011e+00
  -1.3578122e+00
  -1.3282327e+00
  -1.2825585e+00
  -1.2522904e+00
  -8.5760105e-01
  -8.7712056e-01
  -9.0462821e-01
  -9.3055984e-01
  -9.3468410e-01
  -9.2371673e-01
  -8.9566734e-01
  -8.5833222e-01
  -8.3169701e-01
  -8.1079853e-01
  -7.6300385e-01
  -6.8555119e-01
  -5.6848227e-01
  -4.6611377e-01
  -3.4927809e-01
  -2.1930161e-01
  -1.3964707e-01
  -7.0246024e-02
  -1.2397095e-02
   9.9771262e-03
   1.7228850e-02
   6.6023512e-03
  -4.3977675e-02
  -1.2732143e-01
  -2.6040693e-01
  -3.9854166e-01
  -5.5554310e-01
  -7.6965503e-01
  -9.7969509e-01
  -1.1995565e+00
  -1.4281628e+00
  -1.6693712e+00
  -1.7153960e+00
  -1.3704103e+00
  -1.0289657e+00
  -8.8556594e-01
  -5.6841593e-01
  -1.3833847e-01
  -2.7482238e-01
  -1.0201059e+00
  -1.4399685e+00
  -1.5871085e+00
  -2.2590667e+00
  -2.5929064e+00
  -2.4687240e+00
   2.7791687e-01
   2.0508566e-01
  -8.7266037e-01
  -1.6637448e-01
   2.6878811e-01
   6.2520076e-01
   7.3379525e-01
   8.0575035e-01
   8.1630027e-01
   8.5450160e-01
   9.3091969e-01
   9.6990780e-01
   9.1242956e-01
   8.1028365e-01
   6.9231057e-01
   5.0857437e-01
   3.2212095e-01
   1.1507272e-01
  -1.6453767e-01
  -3.9287390e-01
  -5.8463396e-01
  -7.6351393e-01
  -8.6374321e-01
  -9.1490634e-01
  -9.1910341e-01
  -8.9189150e-01
  -8.5941112e-01
  -5.7313209e-01
  -5.9427180e-01
  -6.2344782e-01
  -6.5630221e-01
  -6.6401038e-01
  -6.5547978e-01
  -6.2687741e-01
  -5.8367238e-01
  -5.4604982e-01
  -5.1961970e-01
  -4.8351406e-01
  -4.3146381e-01
  -3.4646205e-01
  -2.7369069e-01
  -1.9211436e-01
  -9.6604297e-02
  -4.1159500e-02
   7.7788822e-03
   5.1163786e-02
   7.4440632e-02
   8.7178845e-02
   9.4648576e-02
   7.3446922e-02
   2.7116078e-02
  -5.9584250e-02
  -1.5451811e-01
  -2.6304249e-01
  -4.1006946e-01
  -5.4689633e-01
  -6.9824077e-01
  -9.1060297e-01
  -1.1366022e+00
  -1.2118555e+00
  -9.6732426e-01
  -7.2197810e-01
  -5.9468161e-01
  -3.7108910e-01
  -1.8629936e-01
  -3.9964719e-01
  -1.0659839e+00
  -1.3832835e+00
  -1.4467538e+00
  -1.6919947e+00
  -1.7831520e+00
  -1.9166494e+00
   1.1958053e-01
   9.7688915e-01
   7.2295539e-02
  -3.5212541e-01
  -1.4415986e-01
   1.5903474e-01
   4.2659540e-01
   6.2587786e-01
   6.5952791e-01
   7.1952875e-01
   9.3694683e-01
   1.1773783e+00
   1.2763701e+00
   1.2237747e+00
   1.1136615e+00
   9.2413177e-01
   7.2719930e-01
   5.1308872e-01
   2.3656939e-01
   6.6606184e-03
  -1.8862709e-01
  -3.7180373e-01
  -4.8342682e-01
  -5.5432071e-01
  -5.8672477e-01
  -5.8203282e-01
  -5.6912329e-01
  -2.5514454e-01
  -2.7798155e-01
  -3.0728000e-01
  -3.4500706e-01
  -3.5649521e-01
  -3.5087857e-01
  -3.2352317e-01
  -2.7665224e-01
  -2.3159450e-01
  -1.9897481e-01
  -1.6918992e-01
  -1.3714948e-01
  -8.2390871e-02
  -3.8003946e-02
   9.2567490e-03
   6.8330354e-02
   9.9735186e-02
   1.2765417e-01
   1.5260736e-01
   1.7390059e-01
   1.9217997e-01
   2.1516609e-01
   2.2186271e-01
   2.1154975e-01
   1.7195417e-01
   1.1919572e-01
   5.5791243e-02
  -3.3156172e-02
  -1.1310685e-01
  -2.0386454e-01
  -3.6914716e-01
  -5.6660947e-01
  -6.8210471e-01
  -5.5801878e-01
  -3.9160600e-01
  -2.8563309e-01
  -1.6421069e-01
  -1.8655583e-01
  -4.9906066e-01
  -1.0393141e+00
  -1.0974089e+00
  -1.0985232e+00
  -1.1153977e+00
  -1.0641929e+00
  -1.3204955e+00
  -2.9547011e-01
   9.3832767e-01
   6.0333681e-01
  -3.2440707e-01
  -4.5541453e-01
  -2.4565212e-01
   1.5540073e-01
   4.1063462e-01
   4.3436981e-01
   5.0139497e-01
   7.3536554e-01
   1.1409411e+00
   1.4491799e+00
   1.4919954e+00
   1.4240158e+00
   1.2558245e+00
   1.0688155e+00
   8.6426563e-01
   6.0495707e-01
   3.8633384e-01
   1.9655923e-01
   1.9234069e-02
  -9.3643777e-02
  -1.7390899e-01
  -2.2539813e-01
  -2.3785009e-01
  -2.4284276e-01
   9.3675514e-02
   7.0450450e-02
   4.3483123e-02
   4.6766777e-03
  -9.2540044e-03
  -5.9273301e-03
   1.8855053e-02
   6.6747233e-02
   1.1508444e-01
   1.5436749e-01
   1.8399832e-01
   2.0294271e-01
   2.3031940e-01
   2.4817492e-01
   2.6258690e-01
   2.8327537e-01
   2.9041255e-01
   2.9671361e-01
   2.9918875e-01
   3.1431640e-01
   3.3736850e-01
   3.7213070e-01
   4.0372397e-01
   4.2682934e-01
   4.3406990e-01
   4.2208211e-01
   3.9997566e-01
   3.5924502e-01
   3.1768692e-01
   2.7634364e-01
   1.8832010e-01
   3.5226304e-02
  -1.2373504e-01
  -1.3500973e-01
  -3.0584837e-02
   4.4804264e-02
   5.5355018e-02
  -1.2764118e-01
  -5.4740595e-01
  -8.8237613e-01
  -5.7868799e-01
  -5.6053293e-01
  -5.7282778e-01
  -4.8307041e-01
  -6.4984998e-01
  -8.6717800e-01
   1.0097117e-01
   6.5243605e-01
  -1.1852177e-01
  -6.5313560e-01
  -5.3101640e-01
  -4.0496342e-02
   1.9572948e-01
   1.8256469e-01
   2.3071849e-01
   3.3163486e-01
   8.3294257e-01
   1.3887870e+00
   1.5721434e+00
   1.5838717e+00
   1.4680169e+00
   1.3142489e+00
   1.1388353e+00
   9.1403136e-01
   7.2260071e-01
   5.5028035e-01
   3.9108284e-01
   2.8998117e-01
   2.1390906e-01
   1.5549755e-01
   1.3340309e-01
   1.1466404e-01
   4.7830188e-01
   4.6791221e-01
   4.5122581e-01
   4.2596222e-01
   4.2378975e-01
   4.3517484e-01
   4.6280148e-01
   5.0966654e-01
   5.5942517e-01
   6.0477029e-01
   6.3721217e-01
   6.4956224e-01
   6.5080631e-01
   6.4033183e-01
   6.1757113e-01
   5.9183002e-01
   5.6446299e-01
   5.4362399e-01
   5.2046555e-01
   5.1792823e-01
   5.3907166e-01
   5.7978943e-01
   6.2945802e-01
   6.8015716e-01
   7.3630147e-01
   7.7290794e-01
   8.0125391e-01
   8.2080360e-01
   8.2115021e-01
   8.1786381e-01
   7.9425418e-01
   7.0947519e-01
   5.7977039e-01
   4.6383185e-01
   4.7329996e-01
   4.7604916e-01
   3.5357214e-01
   1.5052998e-02
  -3.8484613e-01
  -1.9536830e-01
  -8.8229892e-02
  -2.3563890e-01
  -3.1433871e-01
  -1.2288099e-01
   4.4740951e-01
  -4.0882560e-01
  -1.4385726e-01
   4.2070977e-01
  -3.8097270e-01
  -8.7657744e-01
  -3.9021552e-01
   5.7529406e-02
   2.9711015e-01
   3.2361809e-01
   2.5441014e-01
   5.4527775e-02
   3.9103268e-01
   1.0752577e+00
   1.3890420e+00
   1.5031391e+00
   1.4667564e+00
   1.3651214e+00
   1.2402935e+00
   1.0771124e+00
   9.3798857e-01
   8.0758476e-01
   6.8281033e-01
   6.1544667e-01
   5.6636829e-01
   5.2045195e-01
   5.0190373e-01
   4.8820091e-01
   7.1987385e-01
   7.2578161e-01
   7.2439905e-01
   7.0959773e-01
   7.1308980e-01
   7.3349487e-01
   7.8033750e-01
   8.3455991e-01
   8.9302952e-01
   9.5157451e-01
   9.8930054e-01
   1.0057635e+00
   9.9292502e-01
   9.7053631e-01
   9.2902592e-01
   8.6611332e-01
   8.1086649e-01
   7.6269745e-01
   7.2055467e-01
   6.9978650e-01
   7.0849225e-01
   7.4874265e-01
   7.9915914e-01
   8.6509548e-01
   9.4398381e-01
   1.0172226e+00
   1.0903904e+00
   1.1599530e+00
   1.2076805e+00
   1.2418391e+00
   1.2623160e+00
   1.2280455e+00
   1.1359332e+00
   1.0088045e+00
   9.3836503e-01
   8.6689675e-01
   6.6156611e-01
   2.0183402e-01
  -4.4000583e-02
   1.4963374e-01
   4.2647976e-02
  -6.4489254e-02
   9.9586729e-02
   3.2169731e-01
   5.9952422e-01
  -4.9686774e-01
  -5.2092839e-01
  -1.2545240e-01
  -5.2511675e-01
  -1.1999458e+00
  -3.5125749e-01
   9.3769418e-01
   1.9270099e-01
   1.9445111e-01
   9.8086272e-02
  -9.3441283e-02
  -7.9192706e-02
   5.5267770e-01
   9.6714476e-01
   1.1771307e+00
   1.2312113e+00
   1.1846509e+00
   1.1122721e+00
   1.0188961e+00
   9.4561958e-01
   8.7221790e-01
   8.0449989e-01
   7.7638937e-01
   7.6431644e-01
   7.5038457e-01
   7.3828373e-01
   7.2673240e-01
   8.6518145e-01
   8.6566396e-01
   8.6917681e-01
   8.7183614e-01
   8.7802033e-01
   9.1143363e-01
   9.5666693e-01
   1.0231586e+00
   1.0882167e+00
   1.1693169e+00
   1.2148338e+00
   1.2399563e+00
   1.2280701e+00
   1.1984047e+00
   1.1536359e+00
   1.0653117e+00
   9.9517738e-01
   9.2012648e-01
   8.6505563e-01
   8.2330572e-01
   8.2170234e-01
   8.4981683e-01
   9.0234230e-01
   9.7433578e-01
   1.0681835e+00
   1.1708793e+00
   1.2700157e+00
   1.4001686e+00
   1.4772798e+00
   1.5542841e+00
   1.6085301e+00
   1.6171597e+00
   1.5698374e+00
   1.4354584e+00
   1.3350697e+00
   1.2179916e+00
   9.5747020e-01
   4.9926483e-01
   3.6219487e-01
   2.4644634e-01
   6.9141155e-02
   3.9636348e-02
   3.4260316e-01
   5.4166323e-01
   5.3000393e-01
  -5.7247028e-01
  -5.3139826e-01
  -4.0085934e-01
  -8.1068112e-01
  -1.5032268e+00
  -1.2289034e+00
   3.7652418e-01
   3.6203186e-01
   4.6197535e-01
   2.9252747e-01
  -4.6226847e-01
  -5.5041214e-01
   6.8637326e-03
   4.6688149e-01
   7.7688720e-01
   9.2045881e-01
   9.5053892e-01
   9.3353820e-01
   9.1190515e-01
   8.9206091e-01
   8.6682363e-01
   8.5427061e-01
   8.5490588e-01
   8.7384997e-01
   8.7636830e-01
   8.8315851e-01
   8.7347261e-01
   9.1123312e-01
   9.0968869e-01
   9.1369249e-01
   9.2625902e-01
   9.4079956e-01
   9.8415113e-01
   1.0423002e+00
   1.1139472e+00
   1.1908331e+00
   1.2877623e+00
   1.3504759e+00
   1.3872646e+00
   1.3821921e+00
   1.3496089e+00
   1.3017284e+00
   1.2047447e+00
   1.1192728e+00
   1.0261819e+00
   9.4834067e-01
   8.9184277e-01
   8.7311549e-01
   8.8556777e-01
   9.3453200e-01
   1.0045093e+00
   1.1179346e+00
   1.2375157e+00
   1.3693138e+00
   1.5414384e+00
   1.6585681e+00
   1.7686713e+00
   1.8717316e+00
   1.9144815e+00
   1.9068716e+00
   1.7893080e+00
   1.6750466e+00
   1.5464890e+00
   1.2390034e+00
   8.1871962e-01
   6.7693992e-01
   3.1471004e-01
   3.7974292e-02
   9.9166098e-04
   4.6311810e-01
   7.2363116e-01
   5.0701885e-01
  -5.2251193e-01
  -4.9349711e-01
  -5.1477114e-01
  -1.0514717e+00
  -1.6324959e+00
  -1.7076462e+00
  -7.1161482e-01
  -2.2099779e-01
   1.4314273e-01
  -4.2871062e-02
  -5.1785059e-01
  -5.6695441e-01
  -1.9013620e-01
   1.9662647e-01
   5.2128204e-01
   7.0582927e-01
   7.8110111e-01
   7.9373817e-01
   8.0874005e-01
   8.1258104e-01
   8.2072762e-01
   8.3815149e-01
   8.6433997e-01
   8.9124154e-01
   9.0792020e-01
   9.1892908e-01
   9.2002057e-01
   8.3674255e-01
   8.4235969e-01
   8.5432095e-01
   8.7473641e-01
   9.0366714e-01
   9.5277600e-01
   1.0334481e+00
   1.1078362e+00
   1.1956217e+00
   1.2988198e+00
   1.3786041e+00
   1.4244636e+00
   1.4284983e+00
   1.3934563e+00
   1.3428043e+00
   1.2435564e+00
   1.1486854e+00
   1.0414083e+00
   9.3981006e-01
   8.7194916e-01
   8.3870167e-01
   8.2999938e-01
   8.7196424e-01
   9.3642271e-01
   1.0710086e+00
   1.2018609e+00
   1.3662909e+00
   1.5649288e+00
   1.7267726e+00
   1.8633608e+00
   2.0237334e+00
   2.0940456e+00
   2.1304823e+00
   2.0407616e+00
   1.9302607e+00
   1.7858187e+00
   1.4915910e+00
   1.0995430e+00
   9.2483940e-01
   4.9457140e-01
   5.0213156e-02
  -2.0360363e-01
   3.7399922e-01
   7.9022433e-01
   4.1030472e-01
  -3.3657905e-01
  -5.0316777e-01
  -6.2104493e-01
  -1.2499462e+00
  -1.6500279e+00
  -1.7358219e+00
  -1.3782384e+00
  -8.9928189e-01
  -4.4718987e-01
  -4.3143676e-01
  -3.6405519e-01
  -3.2513736e-01
  -1.2300778e-01
   1.2562496e-01
   3.7684216e-01
   5.3948561e-01
   6.1656848e-01
   6.3507160e-01
   6.5395746e-01
   6.5755570e-01
   6.7930436e-01
   7.1041450e-01
   7.5321608e-01
   7.8359307e-01
   8.1087487e-01
   8.2302156e-01
   8.3700757e-01
   6.6220875e-01
   6.8117942e-01
   7.0470879e-01
   7.3548992e-01
   7.7473880e-01
   8.2583498e-01
   9.2023274e-01
   9.9926471e-01
   1.0906958e+00
   1.1931095e+00
   1.2786201e+00
   1.3261109e+00
   1.3379766e+00
   1.3037208e+00
   1.2524218e+00
   1.1524631e+00
   1.0533073e+00
   9.4021736e-01
   8.2249799e-01
   7.4881925e-01
   7.0665978e-01
   6.8468180e-01
   7.1472311e-01
   7.7749305e-01
   9.2156823e-01
   1.0717534e+00
   1.2517065e+00
   1.4779243e+00
   1.6675391e+00
   1.8382036e+00
   2.0347564e+00
   2.1429101e+00
   2.2187757e+00
   2.1858881e+00
   2.0767109e+00
   1.9206257e+00
   1.6519350e+00
   1.3144530e+00
   1.1226071e+00
   7.9115250e-01
   3.3944287e-01
  -3.2871025e-01
  -6.3044379e-04
   6.1451612e-01
   1.9494968e-01
  -1.7698800e-01
  -4.5596280e-01
  -8.0871274e-01
  -1.4285690e+00
  -1.6915617e+00
  -1.6803030e+00
  -1.3842572e+00
  -1.0110100e+00
  -6.8430045e-01
  -4.2647216e-01
  -2.5289542e-01
  -1.5420423e-01
  -3.6026115e-02
   1.0050662e-01
   2.4867627e-01
   3.5599762e-01
   4.0549144e-01
   4.1765530e-01
   4.2442988e-01
   4.1916182e-01
   4.3671507e-01
   4.7456129e-01
   5.2335698e-01
   5.6566054e-01
   6.0247721e-01
   6.2417658e-01
   6.5131492e-01
   4.1279415e-01
   4.3998759e-01
   4.6569177e-01
   5.0517569e-01
   5.4440323e-01
   5.9974403e-01
   6.9112907e-01
   7.7480830e-01
   8.6268026e-01
   9.6293286e-01
   1.0452573e+00
   1.0897427e+00
   1.1102343e+00
   1.0854286e+00
   1.0371446e+00
   9.4295350e-01
   8.4108873e-01
   7.3731863e-01
   6.1696639e-01
   5.4501341e-01
   4.9639528e-01
   4.7509796e-01
   4.9090743e-01
   5.5242578e-01
   6.9407605e-01
   8.6478184e-01
   1.0471304e+00
   1.2940514e+00
   1.4966900e+00
   1.6932554e+00
   1.9148409e+00
   2.0509331e+00
   2.1688439e+00
   2.2088804e+00
   2.1130759e+00
   1.9784781e+00
   1.6520916e+00
   1.4339503e+00
   1.2107165e+00
   1.1120805e+00
   1.1149402e+00
   6.2258842e-01
   4.4269172e-01
   6.3476681e-01
   9.7014039e-02
  -2.3647262e-01
  -4.8117475e-01
  -1.0325062e+00
  -1.5760640e+00
  -1.7565866e+00
  -1.6508249e+00
  -1.3272810e+00
  -9.7693934e-01
  -6.6427968e-01
  -3.8231941e-01
  -2.1269904e-01
  -9.9328896e-02
  -2.5893954e-02
   3.9917791e-02
   1.0129876e-01
   1.5567725e-01
   1.6852741e-01
   1.6256827e-01
   1.5811670e-01
   1.4061933e-01
   1.4878220e-01
   1.8041185e-01
   2.2544236e-01
   2.7571761e-01
   3.1862303e-01
   3.5573121e-01
   3.9164988e-01
   9.7204405e-02
   1.2561891e-01
   1.4730262e-01
   1.8361919e-01
   2.2679046e-01
   2.8006293e-01
   3.6770472e-01
   4.4859293e-01
   5.2686654e-01
   6.3248746e-01
   7.0299002e-01
   7.5178081e-01
   7.8215244e-01
   7.6873361e-01
   7.3558317e-01
   6.4646934e-01
   5.5684552e-01
   4.6614993e-01
   3.5992328e-01
   2.9655647e-01
   2.4424335e-01
   2.2247057e-01
   2.3232040e-01
   2.7880488e-01
   4.2458163e-01
   5.8889161e-01
   7.8018407e-01
   1.0347694e+00
   1.2376580e+00
   1.4531700e+00
   1.6824149e+00
   1.8354334e+00
   2.0021660e+00
   2.0688049e+00
   2.0515168e+00
   1.9080173e+00
   1.5701869e+00
   1.4412424e+00
   1.2938230e+00
   1.5880559e+00
   1.9088750e+00
   1.5421147e+00
   9.5330908e-01
   5.2754709e-01
  -4.5481747e-03
  -3.1905264e-01
  -7.0203189e-01
  -1.2422594e+00
  -1.6630104e+00
  -1.7737037e+00
  -1.6462836e+00
  -1.3166652e+00
  -1.0080918e+00
  -6.9456020e-01
  -4.3584711e-01
  -2.8788729e-01
  -1.8813901e-01
  -1.3781293e-01
  -1.0907878e-01
  -1.0551430e-01
  -9.2892791e-02
  -1.0521812e-01
  -1.3733242e-01
  -1.4362340e-01
  -1.6514921e-01
  -1.6272340e-01
  -1.3669436e-01
  -1.0710636e-01
  -5.6189616e-02
  -1.5593861e-02
   3.0851902e-02
   7.1027382e-02
  -2.3528319e-01
  -2.0681912e-01
  -1.9228768e-01
  -1.6591715e-01
  -1.2207314e-01
  -8.1995367e-02
   2.3689413e-03
   6.6583633e-02
   1.3644008e-01
   2.4130080e-01
   2.9989339e-01
   3.6371396e-01
   4.0173459e-01
   3.9796607e-01
   3.8588252e-01
   3.1241339e-01
   2.5011347e-01
   1.7975473e-01
   9.1927119e-02
   4.6159373e-02
  -8.8381220e-03
  -2.8332753e-02
  -2.2359736e-02
   7.4959463e-03
   1.4259566e-01
   2.8284050e-01
   4.7398785e-01
   7.2176649e-01
   9.1559604e-01
   1.1422675e+00
   1.3572354e+00
   1.5451308e+00
   1.7167362e+00
   1.8150096e+00
   1.8481083e+00
   1.6932127e+00
   1.4197614e+00
   1.2894594e+00
   1.3350730e+00
   1.9566763e+00
   1.9616924e+00
   8.9795938e-01
   2.2482052e-01
   1.1384098e-01
  -1.5991213e-01
  -4.2641982e-01
  -8.5312440e-01
  -1.3234811e+00
  -1.6040176e+00
  -1.6899814e+00
  -1.5684036e+00
  -1.2953085e+00
  -1.0540932e+00
  -7.7955531e-01
  -5.6253710e-01
  -4.1551979e-01
  -3.1230721e-01
  -2.8303735e-01
  -2.6667358e-01
  -2.8955815e-01
  -3.0876068e-01
  -3.3535239e-01
  -3.9159343e-01
  -4.1604003e-01
  -4.4134178e-01
  -4.4936780e-01
  -4.3058598e-01
  -4.1590619e-01
  -3.7572794e-01
  -3.4275730e-01
  -3.0294393e-01
  -2.5633942e-01
  -5.2810692e-01
  -5.0987503e-01
  -4.8907531e-01
  -4.5850104e-01
  -4.2825772e-01
  -3.9368909e-01
  -3.3630935e-01
  -2.8529975e-01
  -2.2804568e-01
  -1.4963755e-01
  -8.5883450e-02
  -1.9412607e-02
   3.1756871e-02
   4.0425070e-02
   3.6023297e-02
   1.1093959e-02
  -2.2032180e-02
  -6.6257564e-02
  -1.2240892e-01
  -1.6324762e-01
  -2.0608309e-01
  -2.3486231e-01
  -2.3149860e-01
  -2.0330540e-01
  -1.1162446e-01
   1.0334106e-02
   1.6555766e-01
   3.7791102e-01
   5.6353691e-01
   7.5347397e-01
   9.7737212e-01
   1.1640265e+00
   1.3297595e+00
   1.4669897e+00
   1.4899194e+00
   1.3881066e+00
   1.1469646e+00
   9.8628858e-01
   1.0911087e+00
   1.4078790e+00
   1.3754539e+00
   9.5546543e-01
   4.4214247e-01
   1.9875827e-01
  -1.4123894e-01
  -5.7119808e-01
  -9.1131528e-01
  -1.2384491e+00
  -1.4774208e+00
  -1.5164605e+00
  -1.4379925e+00
  -1.2424199e+00
  -1.0390457e+00
  -8.3624287e-01
  -6.3526890e-01
  -4.9436216e-01
  -4.0038566e-01
  -3.6957410e-01
  -3.7737820e-01
  -4.0347809e-01
  -4.4202274e-01
  -4.8291986e-01
  -5.3754170e-01
  -5.9677258e-01
  -6.3706503e-01
  -6.6665587e-01
  -6.7724948e-01
  -6.6687054e-01
  -6.4836178e-01
  -6.2728891e-01
  -5.9495447e-01
  -5.5573650e-01
  -7.7717360e-01
  -7.5899690e-01
  -7.3556747e-01
  -7.0236426e-01
  -6.7433644e-01
  -6.4487182e-01
  -6.0065117e-01
  -5.5782324e-01
  -5.1488218e-01
  -4.6095453e-01
  -4.0763845e-01
  -3.5002473e-01
  -2.9663223e-01
  -2.7045579e-01
  -2.4867658e-01
  -2.2827606e-01
  -2.2685905e-01
  -2.3958044e-01
  -2.6274141e-01
  -2.8929134e-01
  -3.2307702e-01
  -3.4969463e-01
  -3.4625361e-01
  -3.2314417e-01
  -2.6550015e-01
  -1.8373504e-01
  -7.3960130e-02
   8.3746815e-02
   2.2695581e-01
   3.7519204e-01
   5.5360358e-01
   7.0007686e-01
   8.3601571e-01
   9.5921747e-01
   1.0005220e+00
   9.6273289e-01
   7.9852168e-01
   6.4795900e-01
   6.1694471e-01
   7.5531195e-01
   8.6271156e-01
   8.1631112e-01
   5.3133685e-01
   1.9915764e-01
  -1.4419524e-01
  -5.3006674e-01
  -8.1473772e-01
  -1.0531327e+00
  -1.2267393e+00
  -1.2601618e+00
  -1.2180786e+00
  -1.0984202e+00
  -9.6255929e-01
  -8.1505655e-01
  -6.4718260e-01
  -5.3420589e-01
  -4.5836097e-01
  -4.2473473e-01
  -4.3519806e-01
  -4.6448888e-01
  -5.1268331e-01
  -5.6076035e-01
  -6.1642381e-01
  -6.8487500e-01
  -7.3495847e-01
  -7.8065794e-01
  -8.2169336e-01
  -8.3597139e-01
  -8.3890110e-01
  -8.3512752e-01
  -8.2147072e-01
  -8.0054655e-01
  -8.9481656e-01
  -8.7997486e-01
  -8.5916833e-01
  -8.2950271e-01
  -8.0617223e-01
  -7.8334296e-01
  -7.4696055e-01
  -7.0948255e-01
  -6.7260112e-01
  -6.3021067e-01
  -5.9142375e-01
  -5.4992693e-01
  -5.0261293e-01
  -4.6646120e-01
  -4.3105759e-01
  -3.9339163e-01
  -3.7232373e-01
  -3.5941320e-01
  -3.5052625e-01
  -3.5165080e-01
  -3.5829116e-01
  -3.5853116e-01
  -3.4756780e-01
  -3.2872909e-01
  -2.9286777e-01
  -2.4424817e-01
  -1.7469346e-01
  -6.5035795e-02
   4.0163279e-02
   1.5111317e-01
   2.8085140e-01
   3.8110806e-01
   4.7626709e-01
   5.7721567e-01
   6.3147064e-01
   6.3938700e-01
   5.8639242e-01
   5.3191540e-01
   5.1773920e-01
   5.5699029e-01
   5.7910446e-01
   5.3373023e-01
   3.5374980e-01
   1.2687346e-01
  -1.2153266e-01
  -4.0510684e-01
  -6.1083003e-01
  -7.8092907e-01
  -9.1525626e-01
  -9.5763793e-01
  -9.4790350e-01
  -8.8582636e-01
  -8.0709188e-01
  -7.1501810e-01
  -6.0179608e-01
  -5.2316352e-01
  -4.6922177e-01
  -4.4064391e-01
  -4.4293581e-01
  -4.6262493e-01
  -5.0817812e-01
  -5.5908358e-01
  -6.1447097e-01
  -6.7985072e-01
  -7.3091195e-01
  -7.7871215e-01
  -8.2757049e-01
  -8.5793992e-01
  -8.8037765e-01
  -8.9860153e-01
  -9.0546624e-01
  -9.0467274e-01
  -8.5593316e-01
  -8.4931977e-01
  -8.3713666e-01
  -8.1947905e-01
  -8.0320510e-01
  -7.8513212e-01
  -7.5815041e-01
  -7.3177387e-01
  -7.0415744e-01
  -6.6996599e-01
  -6.3944535e-01
  -6.0608828e-01
  -5.6454148e-01
  -5.3183265e-01
  -5.0189896e-01
  -4.6855045e-01
  -4.4043488e-01
  -4.1160265e-01
  -3.7910338e-01
  -3.5668760e-01
  -3.3657045e-01
  -3.1046614e-01
  -2.8493508e-01
  -2.5524162e-01
  -2.1364032e-01
  -1.7100629e-01
  -1.1922126e-01
  -4.2541387e-02
   3.1061847e-02
   1.0813156e-01
   1.9731797e-01
   2.6524717e-01
   3.2764906e-01
   3.9248507e-01
   4.3437038e-01
   4.6179624e-01
   4.7123915e-01
   4.6252790e-01
   4.4593138e-01
   4.1257365e-01
   3.6326059e-01
   2.8694140e-01
   1.5859131e-01
   3.0608928e-02
  -1.0368256e-01
  -2.6139548e-01
  -3.8115579e-01
  -4.8285814e-01
  -5.7038740e-01
  -6.1028330e-01
  -6.2215978e-01
  -6.0603301e-01
  -5.7658991e-01
  -5.3951528e-01
  -4.9309402e-01
  -4.6007144e-01
  -4.3543169e-01
  -4.1865761e-01
  -4.1618259e-01
  -4.2463914e-01
  -4.5307821e-01
  -4.9062575e-01
  -5.3540604e-01
  -5.9256869e-01
  -6.3869806e-01
  -6.8187179e-01
  -7.2956725e-01
  -7.6574427e-01
  -7.9700672e-01
  -8.2581679e-01
  -8.4276975e-01
  -8.5334054e-01
  -5.8619715e-01
  -5.8421731e-01
  -5.7871642e-01
  -5.6763608e-01
  -5.5547289e-01
  -5.4124368e-01
  -5.2140572e-01
  -5.0304760e-01
  -4.8339380e-01
  -4.5748856e-01
  -4.3404124e-01
  -4.0921730e-01
  -3.7834794e-01
  -3.5221156e-01
  -3.2560662e-01
  -2.9325480e-01
  -2.6588744e-01
  -2.3823766e-01
  -2.0581104e-01
  -1.8014432e-01
  -1.5556408e-01
  -1.2647575e-01
  -1.0126626e-01
  -7.4107193e-02
  -3.7753654e-02
  -4.1094520e-03
   3.1340114e-02
   7.4855020e-02
   1.1070097e-01
   1.4523971e-01
   1.8293829e-01
   2.0957963e-01
   2.3132701e-01
   2.4964096e-01
   2.5792266e-01
   2.6010467e-01
   2.5398027e-01
   2.4144798e-01
   2.2277467e-01
   1.9159970e-01
   1.5863634e-01
   1.1987204e-01
   6.6504822e-02
   1.8199068e-02
  -3.1673415e-02
  -9.0800182e-02
  -1.3675270e-01
  -1.7782716e-01
  -2.1916301e-01
  -2.4642511e-01
  -2.6755747e-01
  -2.8517819e-01
  -2.9479777e-01
  -3.0156224e-01
  -3.0799515e-01
  -3.1338043e-01
  -3.1963572e-01
  -3.2905745e-01
  -3.3915779e-01
  -3.5178151e-01
  -3.7118216e-01
  -3.9044473e-01
  -4.1196545e-01
  -4.4021826e-01
  -4.6472123e-01
  -4.8885296e-01
  -5.1582989e-01
  -5.3587487e-01
  -5.5318482e-01
  -5.6912286e-01
  -5.7829750e-01
  -5.8400100e-01
