   0.0000000e+00
   0.0000000e+00
   0.0000000e+00
   0.0000000e+00
   0.0000000e+00
   0.0000000e+00
   0.0000000e+00
   0.0000000e+00
   0.0000000e+00
   0.0000000e+00
   0.0000000e+00
   0.0000000e+00
   1.9010876e-02
   1.8894681e-02
   1.7268846e-02
   1.5605068e-02
   1.3000807e-02
   1.1662043e-02
   1.1991606e-02
   0.0000000e+00
   0.0000000e+00
   0.0000000e+00
   0.0000000e+00
   0.0000000e+00
   1.6284493e-02
   1.6695669e-02
   1.5266257e-02
   1.5133439e-02
   1.4910377e-02
   1.4191107e-02
   1.4183524e-02
   1.4492348e-02
   1.4628269e-02
   1.4529208e-02
   1.4768922e-02
   1.4976105e-02
   1.2567565e-02
   1.0777857e-02
   9.0325172e-03
   6.9577897e-03
   3.6363513e-03
  -6.2289592e-04
  -5.7745388e-03
  -1.2185677e-02
   0.0000000e+00
   0.0000000e+00
   0.0000000e+00
   0.0000000e+00
   0.0000000e+00
   0.0000000e+00
   0.0000000e+00
   0.0000000e+00
   0.0000000e+00
   0.0000000e+00
   0.0000000e+00
   0.0000000e+00
   0.0000000e+00
  -0.0000000e+00
  -0.0000000e+00
   0.0000000e+00
   0.0000000e+00
   0.0000000e+00
   0.0000000e+00
   0.0000000e+00
   0.0000000e+00
   0.0000000e+00
   0.0000000e+00
   0.0000000e+00
   0.0000000e+00
   0.0000000e+00
   0.0000000e+00
   0.0000000e+00
   0.0000000e+00
   0.0000000e+00
   0.0000000e+00
   0.0000000e+00
   0.0000000e+00
   0.0000000e+00
   0.0000000e+00
   0.0000000e+00
   0.0000000e+00
   0.0000000e+00
   0.0000000e+00
   0.0000000e+00
   0.0000000e+00
   1.9405771e-02
   2.0108329e-02
   1.8644565e-02
   1.7144104e-02
   1.6408027e-02
   1.2751970e-02
   4.7994286e-03
   0.0000000e+00
   0.0000000e+00
   0.0000000e+00
   0.0000000e+00
   0.0000000e+00
   0.0000000e+00
   0.0000000e+00
   0.0000000e+00
   0.0000000e+00
   1.6277159e-02
   1.6723821e-02
   1.8297965e-02
   1.8386172e-02
   1.7230482e-02
   1.6137241e-02
   1.5413341e-02
   1.3542216e-02
   1.2068157e-02
   1.0501884e-02
   8.0077454e-03
   4.1991108e-03
   9.6534351e-04
  -2.4571740e-03
  -7.8708351e-03
  -1.2882773e-02
   0.0000000e+00
   0.0000000e+00
   0.0000000e+00
   0.0000000e+00
   0.0000000e+00
   0.0000000e+00
   5.0918084e-03
   2.2648481e-03
   3.0190687e-03
   2.7736112e-03
   0.0000000e+00
  -0.0000000e+00
  -0.0000000e+00
  -0.0000000e+00
   0.0000000e+00
   0.0000000e+00
   0.0000000e+00
   0.0000000e+00
   0.0000000e+00
   0.0000000e+00
   0.0000000e+00
   0.0000000e+00
   0.0000000e+00
   0.0000000e+00
   0.0000000e+00
   0.0000000e+00
   0.0000000e+00
   0.0000000e+00
   0.0000000e+00
   0.0000000e+00
   0.0000000e+00
   0.0000000e+00
   0.0000000e+00
   0.0000000e+00
   0.0000000e+00
   0.0000000e+00
   0.0000000e+00
   0.0000000e+00
   0.0000000e+00
   0.0000000e+00
   0.0000000e+00
   2.9395191e-02
   2.1911955e-02
   1.9997880e-02
   1.9153956e-02
   1.0101769e-02
   1.7725922e-03
   0.0000000e+00
   0.0000000e+00
   0.0000000e+00
   0.0000000e+00
   0.0000000e+00
   0.0000000e+00
   0.0000000e+00
   0.0000000e+00
  -0.0000000e+00
   0.0000000e+00
   0.0000000e+00
   4.1090315e-02
   2.7768574e-02
   1.8445380e-02
   1.7741843e-02
   1.7050749e-02
   1.4907373e-02
   1.2896525e-02
   1.1544198e-02
   8.3884534e-03
   3.1559134e-03
  -1.4579346e-04
  -3.2255587e-03
  -8.3224739e-03
  -1.1206918e-02
  -1.2103044e-02
  -1.1360432e-02
  -8.7929076e-03
  -4.1268357e-03
  -4.0422315e-03
  -2.9468699e-03
  -1.9143496e-03
  -1.6524537e-03
  -2.6906732e-03
  -2.9678952e-03
   0.0000000e+00
   0.0000000e+00
   0.0000000e+00
   0.0000000e+00
   0.0000000e+00
   0.0000000e+00
   0.0000000e+00
   0.0000000e+00
   0.0000000e+00
   0.0000000e+00
   0.0000000e+00
   0.0000000e+00
   0.0000000e+00
   0.0000000e+00
   0.0000000e+00
   0.0000000e+00
   0.0000000e+00
   0.0000000e+00
   0.0000000e+00
   0.0000000e+00
   0.0000000e+00
   0.0000000e+00
   0.0000000e+00
   0.0000000e+00
   0.0000000e+00
   0.0000000e+00
   0.0000000e+00
   0.0000000e+00
   0.0000000e+00
   0.0000000e+00
   0.0000000e+00
   2.4098456e-02
   1.9210782e-02
   1.9276000e-02
   1.9090436e-02
   7.2950960e-03
   0.0000000e+00
   0.0000000e+00
   0.0000000e+00
   0.0000000e+00
   0.0000000e+00
   0.0000000e+00
   0.0000000e+00
   2.7091869e-02
   1.8700275e-02
   5.0528661e-03
   7.9956120e-03
   2.1439304e-02
   3.0288631e-02
   1.8962797e-02
   1.3463075e-02
   1.1997645e-02
   1.0458355e-02
   9.8916742e-03
   8.6850898e-03
   7.0892618e-03
   5.1156121e-03
   1.3670801e-03
  -1.8583381e-03
  -5.1246978e-03
  -1.1950511e-02
  -1.2147798e-02
  -1.0979486e-02
  -1.1388418e-02
  -9.8135200e-03
  -7.8031826e-03
  -6.9144384e-03
  -5.3698313e-03
  -6.7205944e-03
  -5.4944447e-03
   0.0000000e+00
   0.0000000e+00
   0.0000000e+00
   0.0000000e+00
   0.0000000e+00
   0.0000000e+00
   0.0000000e+00
   0.0000000e+00
   0.0000000e+00
   0.0000000e+00
   0.0000000e+00
   0.0000000e+00
   0.0000000e+00
   0.0000000e+00
   0.0000000e+00
   0.0000000e+00
   0.0000000e+00
   0.0000000e+00
   0.0000000e+00
   0.0000000e+00
   0.0000000e+00
   0.0000000e+00
   0.0000000e+00
   0.0000000e+00
   0.0000000e+00
   0.0000000e+00
   0.0000000e+00
   0.0000000e+00
   0.0000000e+00
   0.0000000e+00
   1.4200330e-02
   1.4105350e-02
   1.3993331e-02
   1.5171105e-02
   1.4470985e-02
   1.3229350e-02
   1.2594699e-02
   5.8241087e-03
  -1.0637652e-02
   0.0000000e+00
   0.0000000e+00
   0.0000000e+00
   0.0000000e+00
   0.0000000e+00
   2.5575019e-02
   1.7856370e-02
   1.4014094e-02
   9.0384318e-03
   5.3661583e-03
   4.7880166e-03
   4.5364082e-03
   3.8558379e-03
   3.3099581e-03
   1.4996741e-03
   7.1856867e-04
   8.1895048e-04
   3.5777038e-04
   4.8600532e-04
   7.4822583e-05
  -2.1826206e-03
  -5.6886633e-03
  -1.3744783e-02
  -2.2028140e-02
  -1.4647075e-02
  -1.0306706e-02
  -1.0122909e-02
  -9.8577738e-03
  -1.0760864e-02
  -7.9136768e-03
  -7.5736680e-03
  -9.4265376e-03
   0.0000000e+00
   0.0000000e+00
   0.0000000e+00
   0.0000000e+00
   0.0000000e+00
   0.0000000e+00
   0.0000000e+00
   0.0000000e+00
   0.0000000e+00
   0.0000000e+00
   0.0000000e+00
   0.0000000e+00
   0.0000000e+00
   0.0000000e+00
   0.0000000e+00
   0.0000000e+00
   0.0000000e+00
   0.0000000e+00
   0.0000000e+00
   0.0000000e+00
   0.0000000e+00
   0.0000000e+00
   0.0000000e+00
   0.0000000e+00
   0.0000000e+00
   0.0000000e+00
   0.0000000e+00
   0.0000000e+00
   0.0000000e+00
   0.0000000e+00
   1.1422739e-02
   1.2564650e-02
   1.1987996e-02
   1.1458869e-02
   8.6908821e-03
   7.4066339e-03
   5.6826284e-03
   4.0777472e-03
   2.5836122e-03
  -7.4408300e-03
  -1.4224115e-02
  -1.5183008e-02
   0.0000000e+00
   0.0000000e+00
   0.0000000e+00
   1.9298204e-02
   1.1682429e-02
   7.6491245e-03
   3.5263558e-03
   3.2649747e-04
  -1.8557909e-03
  -3.9695813e-03
  -4.4142183e-03
  -4.3853510e-03
  -4.5149458e-03
  -3.7850080e-03
  -4.1025517e-03
  -3.2345752e-03
  -2.6794106e-03
  -3.6665918e-03
  -3.8533497e-03
  -8.4066753e-03
  -2.8260229e-02
  -4.8074150e-02
  -3.3609020e-02
  -1.1472567e-02
  -6.5954380e-03
  -1.0565473e-02
  -1.2656854e-02
  -9.1709686e-03
  -1.0882517e-02
  -1.2510052e-02
   0.0000000e+00
   0.0000000e+00
   0.0000000e+00
   0.0000000e+00
   0.0000000e+00
   0.0000000e+00
   0.0000000e+00
   0.0000000e+00
   0.0000000e+00
   0.0000000e+00
   0.0000000e+00
   0.0000000e+00
   0.0000000e+00
   0.0000000e+00
   0.0000000e+00
   0.0000000e+00
   0.0000000e+00
   0.0000000e+00
   0.0000000e+00
   0.0000000e+00
   0.0000000e+00
   0.0000000e+00
   0.0000000e+00
   0.0000000e+00
   0.0000000e+00
   0.0000000e+00
   0.0000000e+00
   0.0000000e+00
   0.0000000e+00
   0.0000000e+00
   9.6324565e-03
   9.6830241e-03
   1.3200032e-02
   8.0140422e-03
   2.4436393e-03
   4.9946924e-04
  -1.8325728e-03
  -2.2905251e-03
  -1.9410124e-03
  -6.2221691e-03
  -1.1039294e-02
  -7.8077649e-03
   0.0000000e+00
   0.0000000e+00
   9.3551044e-03
   6.4491241e-03
   3.5965031e-03
  -4.5960982e-05
  -3.6480901e-03
  -7.1827201e-03
  -9.2497108e-03
  -1.1988829e-02
  -1.2724806e-02
  -1.2011368e-02
  -1.1915407e-02
  -9.2676122e-03
  -9.4301050e-03
  -6.9845948e-03
  -6.2197119e-03
  -6.9963872e-03
  -5.7782048e-03
  -1.0665801e-02
  -1.6080478e-02
  -3.4642647e-02
  -5.5592495e-02
   0.0000000e+00
  -9.5310049e-03
  -1.5460335e-02
  -1.3871023e-02
  -1.1534133e-02
  -1.3108641e-02
  -1.4120777e-02
  -1.6595892e-02
  -1.6194358e-02
  -1.4756768e-02
   0.0000000e+00
   0.0000000e+00
   0.0000000e+00
   0.0000000e+00
   0.0000000e+00
   0.0000000e+00
   0.0000000e+00
   0.0000000e+00
   0.0000000e+00
   0.0000000e+00
   0.0000000e+00
   0.0000000e+00
   0.0000000e+00
   0.0000000e+00
   0.0000000e+00
   0.0000000e+00
   0.0000000e+00
   0.0000000e+00
   0.0000000e+00
   0.0000000e+00
   0.0000000e+00
   0.0000000e+00
   0.0000000e+00
   0.0000000e+00
   0.0000000e+00
   0.0000000e+00
   0.0000000e+00
   0.0000000e+00
   0.0000000e+00
   8.3643425e-03
  -4.7369499e-04
  -4.7368685e-03
  -7.2673563e-03
  -7.9880015e-03
  -7.4253942e-03
  -6.6305193e-03
  -6.0336142e-03
  -6.3334104e-03
  -4.3610236e-03
  -1.9777054e-03
  -6.6191025e-04
   6.8384436e-04
  -5.0492117e-04
  -1.5812473e-03
  -4.5308992e-03
  -7.6961189e-03
  -1.0965583e-02
  -1.3580198e-02
  -1.5706029e-02
  -1.7269409e-02
  -1.7079318e-02
  -1.7292648e-02
  -1.5121210e-02
  -1.4199921e-02
  -1.1847585e-02
  -1.0301448e-02
  -9.8961690e-03
  -9.0566509e-03
  -1.1511988e-02
  -1.2203228e-02
  -1.7930146e-02
  -2.2563830e-02
  -1.3476799e-02
  -2.0604968e-02
  -4.2713802e-02
  -3.3213777e-02
  -1.4859023e-02
  -1.5555387e-02
  -1.5952433e-02
  -1.7999422e-02
  -1.6988097e-02
  -1.5920275e-02
  -1.1670296e-02
  -1.4350596e-02
   0.0000000e+00
   0.0000000e+00
   0.0000000e+00
   0.0000000e+00
   0.0000000e+00
   0.0000000e+00
   0.0000000e+00
   0.0000000e+00
   0.0000000e+00
   0.0000000e+00
   0.0000000e+00
   0.0000000e+00
   0.0000000e+00
   0.0000000e+00
   0.0000000e+00
   0.0000000e+00
   0.0000000e+00
   0.0000000e+00
   0.0000000e+00
   0.0000000e+00
   0.0000000e+00
   0.0000000e+00
  -1.8056921e-02
   0.0000000e+00
  -2.4727389e-03
   2.5489151e-03
   1.9765095e-03
  -1.2135663e-03
  -8.9840768e-03
  -1.2732713e-02
  -1.4370161e-02
  -1.3629128e-02
  -1.2034774e-02
  -1.0533934e-02
  -8.4607609e-03
  -6.7040196e-03
  -4.5160721e-03
  -3.2485135e-03
  -2.6611759e-03
  -2.4819273e-03
  -2.5812556e-03
  -3.4382902e-03
  -5.3574021e-03
  -8.8175169e-03
  -1.1388351e-02
  -1.4031625e-02
  -1.5923347e-02
  -1.7650595e-02
  -1.8473012e-02
  -1.9260128e-02
  -1.8310273e-02
  -1.7491544e-02
  -1.5479953e-02
  -1.3902154e-02
  -1.2434531e-02
  -1.2168829e-02
  -1.2767997e-02
  -1.4265251e-02
  -1.5163156e-02
  -1.6437219e-02
  -1.5949115e-02
  -2.5442623e-02
  -5.6649692e-02
  -4.8834282e-02
  -1.8988916e-02
  -1.8552946e-02
  -1.8377469e-02
  -1.9363634e-02
  -1.7780294e-02
  -1.6664648e-02
  -1.1061088e-02
  -1.2415672e-02
   0.0000000e+00
   0.0000000e+00
   0.0000000e+00
   0.0000000e+00
   0.0000000e+00
   0.0000000e+00
   0.0000000e+00
   0.0000000e+00
   0.0000000e+00
   0.0000000e+00
   0.0000000e+00
   0.0000000e+00
   0.0000000e+00
   0.0000000e+00
   0.0000000e+00
   0.0000000e+00
   0.0000000e+00
   0.0000000e+00
   3.0513945e-03
   1.4821900e-03
  -7.7939941e-03
  -1.4750785e-02
  -1.8056921e-02
   0.0000000e+00
   3.6590226e-03
   3.0357890e-03
   4.4515363e-04
  -7.4095014e-03
  -1.5083312e-02
  -1.9095846e-02
  -1.9550699e-02
  -1.8204463e-02
  -1.5605752e-02
  -1.3596652e-02
  -1.0844027e-02
  -8.8160522e-03
  -6.5229080e-03
  -4.7122330e-03
  -3.6274621e-03
  -3.2511070e-03
  -3.2217045e-03
  -4.5296638e-03
  -6.5580555e-03
  -8.9247357e-03
  -1.0247985e-02
  -1.1684695e-02
  -1.3466017e-02
  -1.5409001e-02
  -1.7370977e-02
  -1.9021608e-02
  -1.9000308e-02
  -1.8702492e-02
  -1.7214406e-02
  -1.5749456e-02
  -1.4262163e-02
  -1.3992196e-02
  -1.4114206e-02
  -1.5009437e-02
  -1.5584683e-02
  -1.6963965e-02
  -1.7591737e-02
  -2.1318181e-02
  -3.4011272e-02
  -3.3153899e-02
  -2.0534242e-02
  -2.0214949e-02
  -1.9443072e-02
  -1.9322322e-02
  -1.7810459e-02
  -1.6217368e-02
  -9.9830522e-03
  -8.0508795e-03
   0.0000000e+00
   0.0000000e+00
   0.0000000e+00
   0.0000000e+00
   0.0000000e+00
   0.0000000e+00
   0.0000000e+00
   0.0000000e+00
   0.0000000e+00
   0.0000000e+00
   0.0000000e+00
   0.0000000e+00
   0.0000000e+00
   0.0000000e+00
   0.0000000e+00
   0.0000000e+00
  -0.0000000e+00
  -2.5829963e-05
   1.1877344e-03
   4.7590098e-04
  -7.1253934e-03
  -1.0803623e-02
   0.0000000e+00
   0.0000000e+00
   8.8408055e-03
   4.4071043e-04
  -3.7922845e-03
  -1.3304682e-02
  -2.0190456e-02
  -2.3161408e-02
  -2.3252159e-02
  -2.0882678e-02
  -1.8016059e-02
  -1.5368194e-02
  -1.2421779e-02
  -1.0014599e-02
  -7.6671562e-03
  -5.1914212e-03
  -3.5561064e-03
  -3.0767823e-03
  -4.1047974e-03
  -6.0113944e-03
  -7.4439733e-03
  -7.4314553e-03
  -6.9868086e-03
  -7.4850634e-03
  -9.4045181e-03
  -1.2047925e-02
  -1.5208822e-02
  -1.7582635e-02
  -1.8413906e-02
  -1.8235905e-02
  -1.7238653e-02
  -1.5703835e-02
  -1.4737662e-02
  -1.4242061e-02
  -1.4435202e-02
  -1.4722557e-02
  -1.5375819e-02
  -1.6108142e-02
  -1.6691605e-02
  -1.7119461e-02
  -1.7504031e-02
  -1.8793418e-02
  -1.9429080e-02
  -1.9526158e-02
  -1.8635497e-02
  -1.8339750e-02
  -1.7170581e-02
  -1.5463584e-02
  -9.3570007e-03
  -2.1790525e-03
   5.4229034e-03
   2.7560887e-03
  -2.6929030e-03
   0.0000000e+00
   0.0000000e+00
   0.0000000e+00
   0.0000000e+00
   0.0000000e+00
   0.0000000e+00
   0.0000000e+00
   0.0000000e+00
   0.0000000e+00
   0.0000000e+00
   0.0000000e+00
   0.0000000e+00
   0.0000000e+00
  -0.0000000e+00
  -2.9620043e-03
  -1.6274469e-03
  -1.7065677e-03
  -6.5980100e-03
  -5.9066657e-03
  -2.1928778e-02
   0.0000000e+00
   0.0000000e+00
  -5.4087133e-03
  -9.1982127e-03
  -1.7595278e-02
  -2.3941775e-02
  -2.5552556e-02
  -2.5230300e-02
  -2.2133661e-02
  -1.9163546e-02
  -1.6173227e-02
  -1.2940753e-02
  -1.0279099e-02
  -7.8849318e-03
  -4.9151024e-03
  -3.0892430e-03
  -2.4697801e-03
  -5.7720823e-03
  -7.0850930e-03
  -5.4102111e-03
  -3.0570120e-03
  -2.1324261e-03
  -3.0803886e-03
  -5.4620404e-03
  -9.3233964e-03
  -1.3457683e-02
  -1.6468162e-02
  -1.7611563e-02
  -1.7278054e-02
  -1.6107619e-02
  -1.4622090e-02
  -1.3800500e-02
  -1.3244080e-02
  -1.3292801e-02
  -1.3317985e-02
  -1.3831015e-02
  -1.4327208e-02
  -1.4799576e-02
  -1.5365387e-02
  -1.5830571e-02
  -1.6742916e-02
  -1.7001928e-02
  -1.6943403e-02
  -1.6491585e-02
  -1.6495794e-02
  -1.5691748e-02
  -1.4375368e-02
  -9.2358144e-03
  -3.2648663e-04
   5.8175884e-03
   4.1628687e-03
  -8.8302225e-04
   0.0000000e+00
   0.0000000e+00
   0.0000000e+00
   0.0000000e+00
   0.0000000e+00
   0.0000000e+00
   0.0000000e+00
   0.0000000e+00
   0.0000000e+00
   0.0000000e+00
   0.0000000e+00
   0.0000000e+00
   0.0000000e+00
  -1.0754347e-02
  -6.4020345e-03
  -3.5876006e-03
  -4.3195846e-03
  -7.3418470e-03
  -5.5764736e-03
  -1.9302204e-02
   0.0000000e+00
  -5.3529761e-03
  -1.0041430e-02
  -1.3737441e-02
  -2.0674503e-02
  -2.5962223e-02
  -2.6500553e-02
  -2.5385164e-02
  -2.2424331e-02
  -1.9133699e-02
  -1.6308226e-02
  -1.2514819e-02
  -9.9137221e-03
  -7.4837554e-03
  -4.1939220e-03
  -2.4886711e-03
  -1.0294170e-03
  -7.5236612e-03
  -7.3665056e-03
   9.9529673e-04
   2.9190343e-03
   2.3071116e-03
   4.0320994e-04
  -2.7903655e-03
  -7.8511045e-03
  -1.2904532e-02
  -1.6306589e-02
  -1.7172920e-02
  -1.6419849e-02
  -1.4611191e-02
  -1.3151620e-02
  -1.1976525e-02
  -1.1368459e-02
  -1.1072868e-02
  -1.0999658e-02
  -1.1305777e-02
  -1.1587663e-02
  -1.2072279e-02
  -1.2274862e-02
  -1.2673732e-02
  -1.3044675e-02
  -1.3304945e-02
  -1.3615805e-02
  -1.3780105e-02
  -1.4021970e-02
  -1.3479303e-02
  -1.2702256e-02
  -9.2106099e-03
  -6.7357719e-04
   6.6515045e-03
   7.3815527e-03
   3.3680576e-03
   0.0000000e+00
   0.0000000e+00
   0.0000000e+00
   0.0000000e+00
   0.0000000e+00
   0.0000000e+00
   0.0000000e+00
   0.0000000e+00
   0.0000000e+00
   0.0000000e+00
   0.0000000e+00
   0.0000000e+00
   0.0000000e+00
  -1.2671852e-02
  -9.8044590e-03
  -7.9519830e-03
  -7.6258529e-03
  -8.3940066e-03
  -5.9494901e-03
  -3.2148491e-03
   0.0000000e+00
  -5.3529761e-03
  -9.1638030e-03
  -1.7050299e-02
  -2.2991379e-02
  -2.6132722e-02
  -2.5977028e-02
  -2.4215618e-02
  -2.0904619e-02
  -1.7874644e-02
  -1.5108818e-02
  -1.1725521e-02
  -9.0862626e-03
  -6.5619600e-03
  -3.7790426e-03
  -1.6133822e-03
   4.0361784e-04
  -3.6653973e-03
   0.0000000e+00
   1.9633706e-02
   6.6791434e-03
   5.0850618e-03
   3.8825364e-03
  -4.6027686e-04
  -6.5427212e-03
  -1.2289161e-02
  -1.5847456e-02
  -1.6158246e-02
  -1.4840817e-02
  -1.2616815e-02
  -1.0797828e-02
  -9.2500392e-03
  -8.3052784e-03
  -7.8816362e-03
  -7.7449896e-03
  -7.7367666e-03
  -7.8194339e-03
  -8.1064868e-03
  -8.2948923e-03
  -8.5568556e-03
  -8.7098873e-03
  -8.9568045e-03
  -9.7237200e-03
  -1.0504921e-02
  -1.0619924e-02
  -1.0413781e-02
  -9.1362097e-03
   0.0000000e+00
   0.0000000e+00
   0.0000000e+00
   8.8903941e-03
   5.9836498e-03
   0.0000000e+00
   0.0000000e+00
   0.0000000e+00
   0.0000000e+00
   0.0000000e+00
   0.0000000e+00
   0.0000000e+00
   0.0000000e+00
   0.0000000e+00
   0.0000000e+00
   0.0000000e+00
   0.0000000e+00
   0.0000000e+00
  -1.7133648e-02
  -1.2466273e-02
  -9.6506854e-03
  -8.5066319e-03
  -6.4664746e-03
  -5.5009988e-03
   6.0133472e-03
   6.1238798e-03
  -2.3499601e-04
  -1.1051833e-02
  -1.9078166e-02
  -2.3137133e-02
  -2.4190591e-02
  -2.2934292e-02
  -2.0615847e-02
  -1.7413030e-02
  -1.4928335e-02
  -1.2589849e-02
  -9.5474292e-03
  -7.2592164e-03
  -5.0335030e-03
  -2.3839813e-03
   1.9936747e-04
   2.9518686e-03
   2.7708437e-03
   0.0000000e+00
   1.3824889e-02
   6.6791434e-03
   5.9405513e-03
   7.0277896e-03
   1.6786609e-03
  -5.5596844e-03
  -1.1162974e-02
  -1.3512996e-02
  -1.3264784e-02
  -1.1393766e-02
  -8.6285258e-03
  -6.6360977e-03
  -5.0261640e-03
  -3.9574527e-03
  -3.6300622e-03
  -3.4564192e-03
  -3.1825330e-03
  -3.1379837e-03
  -3.2528043e-03
  -3.4100525e-03
  -3.5609705e-03
  -3.6939916e-03
  -4.3628334e-03
  -5.4198463e-03
  -6.4272845e-03
  -6.8149198e-03
  -6.1156359e-03
  -2.9071967e-03
   0.0000000e+00
   0.0000000e+00
   0.0000000e+00
   5.6604151e-03
   4.5948801e-03
   0.0000000e+00
   0.0000000e+00
   0.0000000e+00
   0.0000000e+00
   0.0000000e+00
   0.0000000e+00
   0.0000000e+00
   0.0000000e+00
   0.0000000e+00
   0.0000000e+00
   0.0000000e+00
   0.0000000e+00
  -1.8788408e-02
  -1.6625685e-02
  -1.2274076e-02
  -8.3797364e-03
  -5.8925308e-03
  -2.9579327e-03
  -1.7759817e-03
   6.6639682e-03
   5.7009327e-03
  -1.5696061e-04
  -1.1703448e-02
  -1.8038192e-02
  -2.0443947e-02
  -2.0332511e-02
  -1.8796455e-02
  -1.6597899e-02
  -1.3928084e-02
  -1.1904366e-02
  -9.8203815e-03
  -7.0565576e-03
  -4.9878412e-03
  -3.0534128e-03
  -5.0512596e-04
   2.4924312e-03
   5.3521958e-03
   9.8133748e-03
   1.6423495e-02
   2.2448453e-02
   0.0000000e+00
   0.0000000e+00
   7.3184266e-03
   1.7945741e-03
  -6.2186588e-03
  -1.1030907e-02
  -1.1887997e-02
  -1.0610221e-02
  -8.0121605e-03
  -4.9440592e-03
  -2.8595094e-03
  -1.2363088e-03
  -2.2311572e-04
   6.4420654e-05
   2.7002911e-04
   5.6674942e-04
   6.8738319e-04
   6.5609487e-04
   4.8967897e-04
   2.9326518e-04
  -4.2556930e-05
  -1.0433705e-03
  -2.2602774e-03
  -3.3711349e-03
  -3.6364085e-03
  -2.2684039e-03
   2.1914378e-03
   1.4325948e-02
   0.0000000e+00
   0.0000000e+00
   2.6437411e-03
   4.6898685e-03
   9.4441370e-03
   8.7012189e-03
   4.2116614e-03
  -1.6842236e-04
  -5.7977702e-03
   0.0000000e+00
   0.0000000e+00
   0.0000000e+00
   0.0000000e+00
   0.0000000e+00
   0.0000000e+00
   0.0000000e+00
  -1.9243327e-02
  -1.5765784e-02
  -1.0607993e-02
  -5.7477559e-03
  -2.3881163e-03
   7.6381723e-04
   2.0682215e-03
   5.9553385e-03
   5.2455365e-03
  -8.9345877e-04
  -1.1076293e-02
  -1.5402509e-02
  -1.6547765e-02
  -1.5937747e-02
  -1.4530430e-02
  -1.2709928e-02
  -1.0627053e-02
  -8.9535686e-03
  -7.0305443e-03
  -4.4541594e-03
  -2.6222028e-03
  -9.7906100e-04
   1.6066089e-03
   4.9923500e-03
   8.2109743e-03
   1.4611737e-02
   2.0133487e-02
   3.0943134e-02
   0.0000000e+00
   0.0000000e+00
   0.0000000e+00
   1.0084318e-03
  -7.4757573e-03
  -1.1937403e-02
  -1.0882775e-02
  -8.3883050e-03
  -5.0352176e-03
  -1.6393482e-03
   6.2891273e-04
   2.3318234e-03
   3.3158938e-03
   3.5756551e-03
   3.7774216e-03
   4.0463095e-03
   4.2233926e-03
   4.2205492e-03
   3.9811547e-03
   3.6447873e-03
   3.0515063e-03
   1.7693500e-03
   4.3919333e-04
  -6.5910632e-04
  -6.1213404e-04
   1.4515533e-03
   6.7866259e-03
   1.4929769e-02
   1.2783818e-02
   6.5107120e-03
   3.1486843e-03
   5.1292617e-03
   9.3974164e-03
   9.0237841e-03
   5.5751168e-03
   2.3952614e-03
  -1.5880049e-05
   9.5935896e-03
   0.0000000e+00
   0.0000000e+00
   0.0000000e+00
   0.0000000e+00
   0.0000000e+00
   0.0000000e+00
  -2.0115529e-02
  -1.5072395e-02
  -7.8684930e-03
  -2.1837853e-03
   1.5327410e-03
   4.4422654e-03
   5.7439214e-03
   6.5768634e-03
   4.8114593e-03
  -2.0183392e-03
  -9.3785599e-03
  -1.1623249e-02
  -1.1887370e-02
  -1.1330387e-02
  -1.0354727e-02
  -9.0811752e-03
  -7.5807156e-03
  -6.1525111e-03
  -4.3148971e-03
  -1.8413840e-03
  -2.6918429e-04
   1.0892097e-03
   3.8388449e-03
   7.5789353e-03
   1.1444797e-02
   1.8791645e-02
   2.7246555e-02
   4.0098077e-02
   0.0000000e+00
   0.0000000e+00
   0.0000000e+00
  -0.0000000e+00
  -9.1076135e-03
  -1.3704471e-02
  -1.0418402e-02
  -6.6063175e-03
  -2.5072470e-03
   1.2545739e-03
   3.7960683e-03
   5.6439942e-03
   6.6417491e-03
   6.8803960e-03
   7.0451634e-03
   7.2624686e-03
   7.4810035e-03
   7.4625066e-03
   7.0956974e-03
   6.5488795e-03
   5.6744172e-03
   4.1569831e-03
   2.7478477e-03
   1.7592785e-03
   2.2517422e-03
   5.0023780e-03
   1.0901696e-02
   1.5798036e-02
   1.2783818e-02
   6.5107120e-03
   3.8637561e-03
   5.8557906e-03
   9.3078403e-03
   9.6422294e-03
   8.1892329e-03
   7.3105425e-03
   8.2982156e-03
   9.5935896e-03
   0.0000000e+00
   0.0000000e+00
   0.0000000e+00
   0.0000000e+00
   0.0000000e+00
   0.0000000e+00
  -2.0745212e-02
  -1.0008132e-02
  -1.3100892e-03
   3.2287117e-03
   4.6142138e-03
   7.3765610e-03
   5.5227198e-03
   5.5305574e-03
   3.5894276e-03
  -1.4547358e-03
  -4.1015666e-03
  -4.8156087e-03
  -5.2662948e-03
  -5.6979502e-03
  -5.5038395e-03
  -4.8311819e-03
  -3.7392788e-03
  -2.4419832e-03
  -6.2827922e-04
   1.4384338e-03
   2.3728700e-03
   3.6842043e-03
   7.2944015e-03
   1.1413328e-02
   1.6043349e-02
   2.5016602e-02
   3.4536010e-02
   4.1613396e-02
   0.0000000e+00
   0.0000000e+00
   0.0000000e+00
  -0.0000000e+00
  -1.3407938e-02
  -1.5750844e-02
  -1.0720984e-02
  -4.8503249e-03
  -3.5306108e-04
   4.5145343e-03
   7.9511477e-03
   1.0247341e-02
   1.1301435e-02
   1.1485071e-02
   1.1650352e-02
   1.1896684e-02
   1.2071239e-02
   1.1807507e-02
   1.0990367e-02
   1.0014650e-02
   8.7588646e-03
   6.9882964e-03
   5.6761559e-03
   5.1286054e-03
   6.6039827e-03
   1.0458235e-02
   1.6974683e-02
   2.5465427e-02
   2.7669395e-02
   6.5107120e-03
   3.8637561e-03
   2.4869809e-03
   4.4227223e-03
   8.0421803e-03
   1.0295094e-02
   1.2597111e-02
   1.7492095e-02
   2.2043453e-02
   2.2615307e-02
   0.0000000e+00
   0.0000000e+00
   0.0000000e+00
   0.0000000e+00
   0.0000000e+00
  -1.6332173e-02
  -1.0008132e-02
   1.6154046e-03
   4.1396183e-03
   6.0021783e-03
   7.6642258e-03
   6.7047852e-03
   6.3595781e-03
   3.9580963e-03
   7.8810720e-04
  -8.0965359e-04
  -1.8111452e-03
  -2.7503486e-03
  -3.5356135e-03
  -3.4907751e-03
  -2.8848287e-03
  -1.7960562e-03
  -4.9983522e-04
   1.1748140e-03
   2.7395851e-03
   3.5716316e-03
   5.3419859e-03
   9.2887934e-03
   1.3445384e-02
   1.8638304e-02
   2.8570864e-02
   3.8650655e-02
   4.5893303e-02
   0.0000000e+00
   0.0000000e+00
   0.0000000e+00
   0.0000000e+00
  -0.0000000e+00
  -1.9115354e-02
  -9.4286156e-03
  -3.8893424e-03
  -1.2925700e-04
   5.8487979e-03
   1.0215937e-02
   1.2813147e-02
   1.3909208e-02
   1.4111253e-02
   1.4311099e-02
   1.4564332e-02
   1.4593697e-02
   1.4065319e-02
   1.2898118e-02
   1.1670445e-02
   1.0250904e-02
   8.4184129e-03
   7.2936599e-03
   7.1339460e-03
   9.2423161e-03
   1.3708403e-02
   2.1010752e-02
   3.1620740e-02
   3.4928634e-02
   0.0000000e+00
   0.0000000e+00
   0.0000000e+00
   2.2855606e-03
   7.6546039e-03
   1.2311618e-02
   1.6488250e-02
   2.3048830e-02
   2.8867267e-02
   3.0321688e-02
   0.0000000e+00
   0.0000000e+00
   0.0000000e+00
   0.0000000e+00
   0.0000000e+00
  -1.2290629e-02
   0.0000000e+00
   5.1271314e-03
   4.8463453e-03
   6.6914027e-03
   7.8345629e-03
   7.6574351e-03
   7.0039171e-03
   4.6175633e-03
   2.8629132e-03
   1.7574412e-03
   4.4051987e-04
  -8.2500432e-04
  -1.7825206e-03
  -1.7929401e-03
  -1.2104088e-03
  -9.9303531e-05
   1.1708229e-03
   2.6604975e-03
   3.8346221e-03
   4.7109422e-03
   6.8781350e-03
   1.1019326e-02
   1.5281230e-02
   2.1069284e-02
   3.1840832e-02
   4.2514452e-02
   5.1315813e-02
   0.0000000e+00
   0.0000000e+00
   0.0000000e+00
   0.0000000e+00
   0.0000000e+00
  -2.1830581e-02
  -7.3537915e-03
  -2.9637514e-03
  -1.9463364e-04
   6.9438701e-03
   1.2292341e-02
   1.5185635e-02
   1.6295886e-02
   1.6510698e-02
   1.6720930e-02
   1.6929156e-02
   1.6778150e-02
   1.5983915e-02
   1.4495538e-02
   1.3071727e-02
   1.1521369e-02
   9.6728956e-03
   8.7617108e-03
   8.9845929e-03
   1.1683139e-02
   1.6723730e-02
   2.4769263e-02
   3.7051731e-02
   4.1169308e-02
   0.0000000e+00
   0.0000000e+00
   0.0000000e+00
   1.1222708e-04
   8.1406502e-03
   1.4776665e-02
   2.0455853e-02
   2.8407875e-02
   3.5379979e-02
   3.7576536e-02
   0.0000000e+00
   0.0000000e+00
   0.0000000e+00
   0.0000000e+00
  -0.0000000e+00
  -8.5211627e-03
   0.0000000e+00
   5.0183174e-03
   5.4161938e-03
   6.1381487e-03
   7.8207137e-03
   8.5272668e-03
   7.5267315e-03
   6.2176896e-03
   5.4934238e-03
   3.8647160e-03
   2.0290705e-03
   6.5118647e-04
  -1.5312480e-04
  -3.4854372e-05
   6.0988516e-04
   1.8098399e-03
   2.9866553e-03
   4.1066324e-03
   4.9622954e-03
   6.2282516e-03
   8.8318868e-03
   1.2938769e-02
   1.7503282e-02
   2.4224409e-02
   3.5943416e-02
   4.7550901e-02
   6.1701673e-02
   0.0000000e+00
   0.0000000e+00
   0.0000000e+00
   0.0000000e+00
   0.0000000e+00
   0.0000000e+00
  -2.6134662e-03
  -1.7024191e-03
  -9.3116133e-04
   7.9981739e-03
   1.4880001e-02
   1.8190958e-02
   1.9260092e-02
   1.9480862e-02
   1.9652458e-02
   1.9680313e-02
   1.9190110e-02
   1.8008334e-02
   1.6119138e-02
   1.4535293e-02
   1.2868673e-02
   1.1099040e-02
   1.0555130e-02
   1.1320228e-02
   1.4778077e-02
   2.0567460e-02
   2.9594014e-02
   4.3305898e-02
   4.7942450e-02
   0.0000000e+00
   0.0000000e+00
   0.0000000e+00
  -1.5329199e-03
   1.0783414e-02
   1.9340656e-02
   2.6369100e-02
   3.5726844e-02
   4.4117262e-02
   4.7076429e-02
   0.0000000e+00
   0.0000000e+00
   0.0000000e+00
   0.0000000e+00
  -0.0000000e+00
  -3.3449149e-03
   1.0155641e-02
   1.1236358e-02
   6.3858909e-03
   7.0405873e-03
   8.5305641e-03
   9.0084235e-03
   8.3110459e-03
   7.4491818e-03
   6.3301428e-03
   4.0189645e-03
   2.1813251e-03
   1.0610107e-03
   6.2174490e-04
   8.8780503e-04
   1.6014356e-03
   2.7571001e-03
   3.7346403e-03
   4.6320491e-03
   5.7053283e-03
   7.4832879e-03
   1.0317638e-02
   1.4764933e-02
   1.9994364e-02
   2.7315072e-02
   3.9340020e-02
   5.1420752e-02
   6.3487517e-02
   0.0000000e+00
   0.0000000e+00
   0.0000000e+00
   0.0000000e+00
   0.0000000e+00
   0.0000000e+00
   8.3093893e-03
   2.5652276e-03
   1.3695708e-03
   9.3548117e-03
   1.6932563e-02
   2.0681963e-02
   2.1566413e-02
   2.1738324e-02
   2.1751350e-02
   2.1348175e-02
   2.0422793e-02
   1.8907050e-02
   1.6865738e-02
   1.5236985e-02
   1.3604171e-02
   1.2213908e-02
   1.2243314e-02
   1.3640351e-02
   1.7894292e-02
   2.4266485e-02
   3.3486443e-02
   4.6108355e-02
   5.6564520e-02
   6.6233796e-02
   0.0000000e+00
   0.0000000e+00
   2.1270066e-03
   1.5633153e-02
   2.4841323e-02
   3.2882270e-02
   4.5032435e-02
   5.1565689e-02
   4.7076429e-02
   0.0000000e+00
   0.0000000e+00
   0.0000000e+00
   0.0000000e+00
  -0.0000000e+00
  -2.3498929e-03
   8.0338806e-03
   1.1247263e-02
   6.8221675e-03
   7.6001027e-03
   8.9074680e-03
   9.2369629e-03
   8.5875261e-03
   7.6955720e-03
   6.2220361e-03
   3.6894440e-03
   1.9980646e-03
   1.0939355e-03
   8.4826657e-04
   1.1598771e-03
   1.8753063e-03
   2.9894458e-03
   3.9117526e-03
   4.8266720e-03
   6.2199165e-03
   8.3108953e-03
   1.1318797e-02
   1.6118436e-02
   2.1763994e-02
   2.9303716e-02
   4.1100465e-02
   5.2765193e-02
   6.2001646e-02
   0.0000000e+00
   0.0000000e+00
   0.0000000e+00
   0.0000000e+00
   0.0000000e+00
   0.0000000e+00
   1.1451439e-02
   3.7928514e-03
   2.0313954e-03
   1.0903897e-02
   1.8817684e-02
   2.2077729e-02
   2.2810469e-02
   2.2894290e-02
   2.2703802e-02
   2.1953146e-02
   2.0775738e-02
   1.9109567e-02
   1.7030352e-02
   1.5452157e-02
   1.3983872e-02
   1.3013934e-02
   1.3508859e-02
   1.5381199e-02
   2.0133639e-02
   2.6652640e-02
   3.5473213e-02
   4.5883295e-02
   5.1319650e-02
   5.5899611e-02
   0.0000000e+00
   0.0000000e+00
   5.7723226e-03
   1.9021658e-02
   2.8545946e-02
   3.7812934e-02
   5.1022151e-02
   5.5850893e-02
   0.0000000e+00
   0.0000000e+00
   0.0000000e+00
   0.0000000e+00
  -0.0000000e+00
  -1.0703941e-02
  -3.4354852e-03
   3.3708955e-03
   9.3057519e-03
   7.1679424e-03
   8.2592389e-03
   9.2870311e-03
   9.4350427e-03
   8.6993134e-03
   7.4585312e-03
   5.4554890e-03
   2.8677443e-03
   1.4990607e-03
   9.0720909e-04
   8.5623102e-04
   1.1745169e-03
   1.8503473e-03
   2.9012270e-03
   3.8281263e-03
   4.9222332e-03
   6.8810903e-03
   9.3363090e-03
   1.2579770e-02
   1.7938549e-02
   2.4078279e-02
   3.1720282e-02
   4.2822104e-02
   5.3273401e-02
   5.7607169e-02
   0.0000000e+00
   0.0000000e+00
   0.0000000e+00
   0.0000000e+00
   0.0000000e+00
   0.0000000e+00
   0.0000000e+00
   0.0000000e+00
   0.0000000e+00
   0.0000000e+00
   2.1663008e-02
   2.3570421e-02
   2.4086502e-02
   2.4007616e-02
   2.3470112e-02
   2.2228291e-02
   2.0772119e-02
   1.8986485e-02
   1.6920136e-02
   1.5481442e-02
   1.4353368e-02
   1.4067345e-02
   1.5222897e-02
   1.7740306e-02
   2.3085018e-02
   2.9558211e-02
   3.7378791e-02
   4.3617010e-02
   3.7067646e-02
   3.3188213e-02
   0.0000000e+00
   0.0000000e+00
   1.1469867e-02
   2.3402628e-02
   3.3210138e-02
   4.4531501e-02
   6.0729771e-02
   0.0000000e+00
   0.0000000e+00
   0.0000000e+00
   0.0000000e+00
   0.0000000e+00
  -0.0000000e+00
  -1.1141395e-02
  -2.5991723e-03
   4.8574644e-03
   8.2793380e-03
   7.7045947e-03
   8.6219414e-03
   9.0274554e-03
   8.7763247e-03
   7.5861518e-03
   5.9203354e-03
   3.8265226e-03
   1.7370521e-03
   8.4455058e-04
   5.1487542e-04
   5.2708359e-04
   8.5866079e-04
   1.5304982e-03
   2.6337228e-03
   3.7977332e-03
   5.3287820e-03
   7.8612877e-03
   1.0713654e-02
   1.4392865e-02
   2.0133374e-02
   2.6328723e-02
   3.3733783e-02
   4.3601164e-02
   5.1139518e-02
   5.3456006e-02
   0.0000000e+00
   0.0000000e+00
   0.0000000e+00
   0.0000000e+00
   0.0000000e+00
   0.0000000e+00
   0.0000000e+00
   0.0000000e+00
   0.0000000e+00
   0.0000000e+00
   2.1940515e-02
   2.3651513e-02
   2.4509268e-02
   2.4009107e-02
   2.2894011e-02
   2.1157577e-02
   1.9558584e-02
   1.7901748e-02
   1.6188891e-02
   1.5203084e-02
   1.4763900e-02
   1.5433452e-02
   1.7303181e-02
   2.0390739e-02
   2.5762614e-02
   3.1178409e-02
   3.6253094e-02
   3.7101021e-02
   2.5948015e-02
   1.8755356e-02
   0.0000000e+00
   0.0000000e+00
   1.7109610e-02
   2.7154363e-02
   3.7570219e-02
   5.1151972e-02
   6.7931141e-02
   0.0000000e+00
   0.0000000e+00
   0.0000000e+00
   0.0000000e+00
   0.0000000e+00
  -0.0000000e+00
  -1.1599805e-02
  -2.1521855e-03
   5.1785783e-03
   7.7531819e-03
   7.6939969e-03
   8.3973605e-03
   8.4860841e-03
   8.0439588e-03
   6.6671421e-03
   4.9261500e-03
   2.9697059e-03
   1.2699243e-03
   6.4071583e-04
   4.4804777e-04
   5.2677367e-04
   9.0129600e-04
   1.6131224e-03
   2.8052807e-03
   4.1165155e-03
   5.8523887e-03
   8.6329344e-03
   1.1665857e-02
   1.5473634e-02
   2.1185467e-02
   2.7121385e-02
   3.4058024e-02
   4.2797595e-02
   4.8880506e-02
   5.0177901e-02
   0.0000000e+00
   0.0000000e+00
   0.0000000e+00
   0.0000000e+00
   0.0000000e+00
   0.0000000e+00
   0.0000000e+00
   0.0000000e+00
   0.0000000e+00
   0.0000000e+00
   2.2666297e-02
   2.3530513e-02
   2.4168132e-02
   2.3433678e-02
   2.1996284e-02
   2.0106896e-02
   1.8563931e-02
   1.7106423e-02
   1.5727878e-02
   1.5084474e-02
   1.5061397e-02
   1.6195685e-02
   1.8330807e-02
   2.1497580e-02
   2.6485102e-02
   3.0978873e-02
   3.4440625e-02
   3.3097196e-02
   2.2515278e-02
   1.4208502e-02
   0.0000000e+00
   0.0000000e+00
   1.9345503e-02
   2.8775726e-02
   3.9547620e-02
   5.4318700e-02
   6.9454381e-02
   0.0000000e+00
   0.0000000e+00
   0.0000000e+00
   0.0000000e+00
   0.0000000e+00
  -0.0000000e+00
  -1.0874097e-02
  -1.5715616e-03
   5.1929246e-03
   7.0888059e-03
   7.4271894e-03
   7.7496412e-03
   7.4403050e-03
   6.7690861e-03
   5.1976754e-03
   3.4883445e-03
   1.8684834e-03
   7.7986178e-04
   5.0013909e-04
   4.8278581e-04
   6.7577630e-04
   1.1365761e-03
   1.9361846e-03
   3.2957258e-03
   4.8156377e-03
   6.7931470e-03
   9.8460688e-03
   1.3086553e-02
   1.6972572e-02
   2.2449179e-02
   2.7802092e-02
   3.3839491e-02
   4.0715871e-02
   4.4994511e-02
   4.5018404e-02
   0.0000000e+00
   0.0000000e+00
   0.0000000e+00
   0.0000000e+00
   0.0000000e+00
   0.0000000e+00
   0.0000000e+00
   0.0000000e+00
   0.0000000e+00
   0.0000000e+00
   2.5534423e-02
   2.3233519e-02
   2.3242534e-02
   2.2195972e-02
   2.0328360e-02
   1.8335070e-02
   1.6977491e-02
   1.5889922e-02
   1.5069325e-02
   1.4956066e-02
   1.5514264e-02
   1.7213104e-02
   1.9594005e-02
   2.2671814e-02
   2.6820722e-02
   2.9813192e-02
   3.1056147e-02
   2.7452906e-02
   2.0192037e-02
   1.3405569e-02
   0.0000000e+00
   0.0000000e+00
   2.1587626e-02
   3.0555271e-02
   4.1815933e-02
   5.8115930e-02
   0.0000000e+00
   0.0000000e+00
   0.0000000e+00
   0.0000000e+00
   0.0000000e+00
   0.0000000e+00
  -0.0000000e+00
  -9.1055616e-03
  -1.3502154e-03
   3.9061045e-03
   5.4831253e-03
   5.7722492e-03
   5.4733095e-03
   4.9574101e-03
   4.2434482e-03
   2.9331529e-03
   1.7637398e-03
   8.9371646e-04
   5.6382343e-04
   6.4257475e-04
   8.6581266e-04
   1.3439745e-03
   2.0412978e-03
   3.0438245e-03
   4.6118538e-03
   6.2733758e-03
   8.3795263e-03
   1.1517847e-02
   1.4603154e-02
   1.8082770e-02
   2.2653762e-02
   2.6672815e-02
   3.0766865e-02
   3.4007813e-02
   3.5731854e-02
   3.4639805e-02
   0.0000000e+00
   0.0000000e+00
   0.0000000e+00
   0.0000000e+00
   0.0000000e+00
   0.0000000e+00
   0.0000000e+00
   0.0000000e+00
   0.0000000e+00
   0.0000000e+00
   0.0000000e+00
   2.1356173e-02
   2.0244093e-02
   1.8945358e-02
   1.7144255e-02
   1.5661871e-02
   1.4824969e-02
   1.4317012e-02
   1.4226760e-02
   1.4720104e-02
   1.5787717e-02
   1.7769362e-02
   1.9967986e-02
   2.2405219e-02
   2.5044020e-02
   2.6374065e-02
   2.6140153e-02
   2.2774782e-02
   1.8595392e-02
   1.5179038e-02
   0.0000000e+00
   0.0000000e+00
   2.5451422e-02
   3.1097320e-02
   4.0721250e-02
   5.1792332e-02
   0.0000000e+00
   0.0000000e+00
   0.0000000e+00
   0.0000000e+00
   0.0000000e+00
   0.0000000e+00
  -0.0000000e+00
  -8.0267858e-03
  -1.8134121e-03
   2.5040022e-03
   3.8131034e-03
   3.9345517e-03
   3.3695975e-03
   2.8112707e-03
   2.1482590e-03
   1.0868452e-03
   2.6138797e-04
  -2.1332717e-04
  -1.7279685e-04
   1.1575289e-04
   5.2471145e-04
   1.2392054e-03
   2.1207528e-03
   3.2737398e-03
   4.9904942e-03
   6.7543717e-03
   8.9427901e-03
   1.2111471e-02
   1.5086593e-02
   1.8301039e-02
   2.2276465e-02
   2.5487674e-02
   2.8491434e-02
   3.0176883e-02
   3.1867251e-02
   3.1911234e-02
   1.5385443e-02
   0.0000000e+00
   0.0000000e+00
   0.0000000e+00
   0.0000000e+00
   0.0000000e+00
   0.0000000e+00
   0.0000000e+00
   0.0000000e+00
   0.0000000e+00
   0.0000000e+00
   1.9556865e-02
   1.7727881e-02
   1.6331190e-02
   1.4768597e-02
   1.3680144e-02
   1.3159967e-02
   1.2973858e-02
   1.3259696e-02
   1.4037497e-02
   1.5312275e-02
   1.7357122e-02
   1.9399413e-02
   2.1466804e-02
   2.3378042e-02
   2.3997998e-02
   2.3231941e-02
   2.0209706e-02
   1.7364609e-02
   1.4920984e-02
   6.6598730e-03
   0.0000000e+00
   2.5620012e-02
   3.0435367e-02
   3.8618060e-02
   4.6049602e-02
   0.0000000e+00
   0.0000000e+00
   0.0000000e+00
   0.0000000e+00
   0.0000000e+00
   0.0000000e+00
  -1.1321318e-02
  -7.5104944e-03
  -3.3665073e-03
  -6.6478390e-04
   9.5956235e-05
  -2.4348458e-04
  -1.1142042e-03
  -1.6371470e-03
  -2.1149168e-03
  -2.6394584e-03
  -2.8631770e-03
  -2.7475811e-03
  -2.1978285e-03
  -1.5650699e-03
  -7.9130704e-04
   4.0383905e-04
   1.6489181e-03
   3.0911796e-03
   5.0876781e-03
   7.0455501e-03
   9.3782826e-03
   1.2570521e-02
   1.5338951e-02
   1.8081783e-02
   2.0992375e-02
   2.2841788e-02
   2.4119723e-02
   2.4018715e-02
   2.3351454e-02
   0.0000000e+00
   1.5385443e-02
   0.0000000e+00
   0.0000000e+00
   0.0000000e+00
   0.0000000e+00
   0.0000000e+00
   0.0000000e+00
   0.0000000e+00
   0.0000000e+00
   0.0000000e+00
   0.0000000e+00
   1.6157421e-02
   1.2580844e-02
   1.1089849e-02
   1.0185635e-02
   9.8705071e-03
   9.8860200e-03
   1.0204709e-02
   1.1038877e-02
   1.2188962e-02
   1.3681899e-02
   1.5693535e-02
   1.7412894e-02
   1.8880264e-02
   1.9806874e-02
   1.9613530e-02
   1.8418918e-02
   1.6232520e-02
   1.4948774e-02
   1.2763448e-02
   6.6598730e-03
   0.0000000e+00
   2.3096355e-02
   2.8039071e-02
   3.3210432e-02
   3.3895552e-02
   0.0000000e+00
   0.0000000e+00
   0.0000000e+00
   0.0000000e+00
   0.0000000e+00
   0.0000000e+00
  -1.2309955e-02
  -6.8174035e-03
  -6.3092934e-03
  -4.6632231e-03
  -4.4663364e-03
  -5.0937262e-03
  -6.0112969e-03
  -6.5621993e-03
  -7.0537065e-03
  -7.5414428e-03
  -7.7678264e-03
  -7.7306548e-03
  -7.2893126e-03
  -6.6143891e-03
  -5.6491853e-03
  -4.0640787e-03
  -2.4260472e-03
  -5.6915655e-04
   1.9363062e-03
   4.2141081e-03
   6.6692400e-03
   9.7491383e-03
   1.2222671e-02
   1.4512950e-02
   1.6773290e-02
   1.8055434e-02
   1.8790565e-02
   1.9055747e-02
   2.0624469e-02
   0.0000000e+00
   4.0638106e-03
  -1.0565958e-02
   0.0000000e+00
   0.0000000e+00
   0.0000000e+00
   0.0000000e+00
   0.0000000e+00
   0.0000000e+00
   0.0000000e+00
   0.0000000e+00
   0.0000000e+00
   1.2730247e-02
   6.9172178e-03
   5.2394548e-03
   4.6353530e-03
   4.6839782e-03
   4.9251197e-03
   5.4557460e-03
   6.4911845e-03
   7.6516450e-03
   9.0614473e-03
   1.0875847e-02
   1.2341793e-02
   1.3497554e-02
   1.4094845e-02
   1.3768559e-02
   1.2743573e-02
   1.1293510e-02
   1.0901060e-02
   1.0721162e-02
   5.4587276e-03
   0.0000000e+00
   2.1295065e-02
   2.3868527e-02
   2.5216513e-02
   2.2662966e-02
   4.4343764e-03
   0.0000000e+00
   0.0000000e+00
   0.0000000e+00
   0.0000000e+00
   0.0000000e+00
  -1.1681107e-02
  -8.6521065e-03
  -7.7837774e-03
  -6.7063727e-03
  -6.7919700e-03
  -7.5396666e-03
  -8.4685651e-03
  -9.0517882e-03
  -9.5784720e-03
  -1.0096194e-02
  -1.0375837e-02
  -1.0433235e-02
  -1.0113315e-02
  -9.4813541e-03
  -8.4916981e-03
  -6.8042225e-03
  -5.0471936e-03
  -3.0508375e-03
  -3.5961281e-04
   2.0300526e-03
   4.5031189e-03
   7.4741024e-03
   9.7564710e-03
   1.1773941e-02
   1.3653583e-02
   1.4629053e-02
   1.5102915e-02
   1.5511156e-02
   1.7935631e-02
   0.0000000e+00
  -0.0000000e+00
  -1.0801869e-02
   0.0000000e+00
   0.0000000e+00
   0.0000000e+00
   0.0000000e+00
   0.0000000e+00
   0.0000000e+00
   0.0000000e+00
   0.0000000e+00
   0.0000000e+00
   1.0751984e-02
   3.8071976e-03
   1.9722646e-03
   1.4119367e-03
   1.5751447e-03
   1.8984775e-03
   2.4934445e-03
   3.5986628e-03
   4.7129650e-03
   6.0190143e-03
   7.6573369e-03
   8.9324498e-03
   9.8854566e-03
   1.0299690e-02
   9.9183454e-03
   8.9952697e-03
   7.9003006e-03
   7.9147761e-03
   8.6748595e-03
   4.1890375e-03
   0.0000000e+00
   2.0902225e-02
   2.0895539e-02
   2.0082140e-02
   1.6184164e-02
   3.4071625e-03
  -5.1491453e-03
   0.0000000e+00
   0.0000000e+00
   0.0000000e+00
   0.0000000e+00
  -1.1214494e-02
  -9.5085752e-03
  -9.0806371e-03
  -8.7174423e-03
  -9.0513061e-03
  -9.7756762e-03
  -1.0649095e-02
  -1.1359400e-02
  -1.2069455e-02
  -1.2874450e-02
  -1.3480681e-02
  -1.3919055e-02
  -1.4067450e-02
  -1.3818563e-02
  -1.3192447e-02
  -1.1916088e-02
  -1.0474041e-02
  -8.7229075e-03
  -6.2414130e-03
  -4.0143185e-03
  -1.7592656e-03
   8.3239360e-04
   2.7127815e-03
   4.2421740e-03
   5.4912534e-03
   6.0760849e-03
   6.3778075e-03
   6.6941002e-03
   8.4457634e-03
   0.0000000e+00
  -0.0000000e+00
  -1.2280347e-02
   0.0000000e+00
   0.0000000e+00
   0.0000000e+00
   0.0000000e+00
   0.0000000e+00
   0.0000000e+00
   0.0000000e+00
   0.0000000e+00
   0.0000000e+00
   7.6054691e-03
  -3.9497874e-04
  -2.7107420e-03
  -3.8068677e-03
  -3.9074869e-03
  -3.6781241e-03
  -3.2520380e-03
  -2.2528210e-03
  -1.4558054e-03
  -5.7556889e-04
   4.9168809e-04
   1.2549118e-03
   1.7784045e-03
   1.9343722e-03
   1.5668412e-03
   8.2455357e-04
  -3.2700383e-05
   1.2601593e-04
   1.3635221e-03
  -5.2580650e-04
   0.0000000e+00
   2.3302731e-02
   1.3521684e-02
   9.4836436e-03
   5.9025871e-03
  -1.4210660e-03
  -5.1491453e-03
   0.0000000e+00
   0.0000000e+00
   0.0000000e+00
   0.0000000e+00
  -9.9877290e-03
  -9.9234779e-03
  -6.9125236e-03
  -6.4146163e-03
  -6.5852916e-03
  -7.0496625e-03
  -7.6280688e-03
  -8.1340416e-03
  -8.6377532e-03
  -9.2168681e-03
  -9.6846815e-03
  -1.0052244e-02
  -1.0252728e-02
  -1.0167736e-02
  -9.8256832e-03
  -9.0483200e-03
  -8.1203777e-03
  -6.9550376e-03
  -5.2704334e-03
  -3.7568329e-03
  -2.2483745e-03
  -5.3051452e-04
   7.0919824e-04
   1.7081047e-03
   2.4767936e-03
   2.7003242e-03
   2.6059682e-03
   2.1382707e-03
   1.8296038e-03
   0.0000000e+00
  -0.0000000e+00
  -1.1191120e-02
  -7.4142826e-03
   0.0000000e+00
   0.0000000e+00
   0.0000000e+00
   0.0000000e+00
   0.0000000e+00
   0.0000000e+00
   0.0000000e+00
   0.0000000e+00
   7.4452668e-03
   4.0642938e-04
  -1.9558876e-03
  -3.4554683e-03
  -3.7834676e-03
  -3.2869952e-03
  -2.9161612e-03
  -2.0883830e-03
  -1.4962816e-03
  -9.2976069e-04
  -3.0416558e-04
   5.6150621e-05
   1.8425146e-04
  -1.0283050e-04
  -8.1437368e-04
  -1.9254657e-03
  -3.4809328e-03
  -4.1787964e-03
  -3.8867631e-03
  -4.0697692e-03
   0.0000000e+00
   2.2429878e-02
   9.6484255e-03
   4.0985622e-03
   9.5659657e-04
  -1.8303938e-03
  -5.1491453e-03
   0.0000000e+00
   0.0000000e+00
   0.0000000e+00
   0.0000000e+00
  -8.1317126e-03
  -7.7703320e-03
  -5.2789165e-03
  -4.6795074e-03
  -4.7272251e-03
  -4.9956945e-03
  -5.3518177e-03
  -5.7038325e-03
  -6.0520711e-03
  -6.4609917e-03
  -6.8245117e-03
  -7.1387197e-03
  -7.3784516e-03
  -7.4169490e-03
  -7.2889299e-03
  -6.8875444e-03
  -6.3469643e-03
  -5.6230017e-03
  -4.5388301e-03
  -3.5628253e-03
  -2.6169030e-03
  -1.5574241e-03
  -8.0044047e-04
  -2.0123898e-04
   2.0549043e-04
   1.5679177e-04
  -2.3599740e-04
  -1.2944076e-03
  -3.1554701e-03
   0.0000000e+00
  -1.4147259e-02
  -1.0780771e-02
  -7.4142826e-03
   0.0000000e+00
   0.0000000e+00
   0.0000000e+00
   0.0000000e+00
   0.0000000e+00
   0.0000000e+00
   0.0000000e+00
   0.0000000e+00
   7.3245593e-03
   1.0102659e-03
  -1.3871279e-03
  -3.1906997e-03
  -3.6900229e-03
  -2.9922916e-03
  -2.6630883e-03
  -1.9644839e-03
  -1.5267791e-03
  -1.1966334e-03
  -9.0381697e-04
  -8.4707928e-04
  -1.0168941e-03
  -1.6378004e-03
  -2.6085462e-03
  -3.9975211e-03
  -6.0790704e-03
  -7.4223408e-03
  -7.8426925e-03
  -6.7400367e-03
   0.0000000e+00
   2.1772210e-02
   6.7300434e-03
   4.1068163e-05
  -2.7700559e-03
  -2.2416150e-03
   0.0000000e+00
   0.0000000e+00
   0.0000000e+00
   0.0000000e+00
   0.0000000e+00
  -6.7332611e-03
  -6.1480024e-03
   1.2690856e-03
   2.5972454e-03
   3.0312775e-03
   3.2272396e-03
   3.3749490e-03
   3.4093174e-03
   3.4316670e-03
   3.4388849e-03
   3.3951139e-03
   3.3598611e-03
   3.3570850e-03
   3.4020768e-03
   3.4918069e-03
   3.6650856e-03
   3.8719269e-03
   4.1068108e-03
   4.3673673e-03
   4.5391983e-03
   4.6435307e-03
   4.6158187e-03
   4.3969764e-03
   3.9466360e-03
   2.9682839e-03
   1.5014730e-03
  -9.4880734e-04
  -5.9004856e-03
  -1.5911296e-02
  -2.1731964e-02
  -1.5612925e-02
  -6.6955142e-03
  -3.0453445e-03
   0.0000000e+00
   0.0000000e+00
  -2.8248428e-02
   0.0000000e+00
   0.0000000e+00
   0.0000000e+00
   0.0000000e+00
   3.3232289e-03
   7.3340262e-03
   5.5758183e-03
   4.0776096e-03
   1.7317005e-03
  -3.6145296e-04
   1.2972537e-03
   2.4498505e-03
   2.8688692e-03
   3.1717898e-03
   3.1670161e-03
   2.9766991e-03
   2.5523404e-03
   1.8811081e-03
   6.4870728e-04
  -8.2014356e-04
  -2.7639589e-03
  -6.0193902e-03
  -9.5073492e-03
  -1.2419586e-02
  -1.1545298e-02
   0.0000000e+00
   2.2013745e-02
   3.7952144e-03
  -6.3665102e-03
  -9.3932344e-03
  -4.3810594e-03
   0.0000000e+00
   0.0000000e+00
   0.0000000e+00
   0.0000000e+00
  -8.1449651e-03
  -1.6320833e-03
  -4.4119499e-04
   2.4564379e-03
   4.3666540e-03
   5.2027947e-03
   5.7355501e-03
   6.2345752e-03
   6.5207556e-03
   6.7454846e-03
   6.9583320e-03
   7.0513991e-03
   7.0993224e-03
   7.1063245e-03
   7.0608580e-03
   6.9713997e-03
   6.8438768e-03
   6.7336619e-03
   6.5792256e-03
   6.2719617e-03
   5.9025295e-03
   5.3981927e-03
   4.5467123e-03
   3.6141336e-03
   2.4538614e-03
   6.3525401e-04
  -1.4974064e-03
  -4.5051033e-03
  -9.6239868e-03
  -1.7251113e-02
  -2.1913431e-02
  -1.7459494e-02
  -8.8239678e-03
  -3.0453445e-03
   0.0000000e+00
   0.0000000e+00
  -2.2757872e-02
  -1.9704403e-02
   0.0000000e+00
   0.0000000e+00
  -0.0000000e+00
   8.6102327e-04
   6.6848687e-03
   5.8370010e-03
   5.6512153e-03
   3.9841343e-03
  -7.4067599e-04
   2.2589865e-04
   2.6381198e-03
   2.8583855e-03
   3.0664219e-03
   2.8936168e-03
   2.4467767e-03
   1.7824339e-03
   8.3935130e-04
  -7.5522881e-04
  -2.5277038e-03
  -4.7340558e-03
  -8.1833090e-03
  -1.1727715e-02
  -1.4881782e-02
  -1.5003756e-02
   0.0000000e+00
   1.8635922e-02
   3.7952144e-03
  -6.3665102e-03
  -1.2059558e-02
  -5.9026037e-03
   0.0000000e+00
   0.0000000e+00
   0.0000000e+00
   0.0000000e+00
  -8.0913899e-03
  -1.9960758e-03
   1.0574785e-04
   4.0322846e-03
   6.7150023e-03
   8.0848190e-03
   9.0645646e-03
   1.0029854e-02
   1.0650237e-02
   1.1143563e-02
   1.1629321e-02
   1.1903999e-02
   1.2062313e-02
   1.2082292e-02
   1.1916770e-02
   1.1589494e-02
   1.1062749e-02
   1.0531739e-02
   9.8605995e-03
   8.7997277e-03
   7.7119344e-03
   6.3997755e-03
   4.4549948e-03
   2.5751495e-03
   4.7265991e-04
  -2.4611291e-03
  -5.4775008e-03
  -9.2249976e-03
  -1.4565795e-02
  -1.9029309e-02
  -2.2154273e-02
  -1.9910248e-02
  -1.4473709e-02
   0.0000000e+00
   0.0000000e+00
   0.0000000e+00
  -1.5470840e-02
  -1.9704403e-02
   0.0000000e+00
   0.0000000e+00
  -4.9587450e-03
  -7.7288886e-04
   5.8233108e-03
   6.1836412e-03
   7.7396952e-03
   6.9735507e-03
  -1.2439785e-03
  -1.1959973e-03
   2.8879897e-03
   2.8444716e-03
   2.9265783e-03
   2.5307629e-03
   1.7434668e-03
   7.6061882e-04
  -5.4326203e-04
  -2.6185242e-03
  -4.7939673e-03
  -7.3487565e-03
  -1.1055249e-02
  -1.4674571e-02
  -1.8149593e-02
  -1.9593799e-02
   0.0000000e+00
   1.4152895e-02
   0.0000000e+00
   0.0000000e+00
  -1.6777863e-02
  -7.9219880e-03
   0.0000000e+00
   0.0000000e+00
   0.0000000e+00
   0.0000000e+00
  -8.0202852e-03
  -2.4791643e-03
   8.3164704e-04
  -1.6107558e-03
   2.1830908e-03
   4.4648800e-03
   6.2242539e-03
   7.9618202e-03
   9.0987782e-03
   9.8749145e-03
   1.0459107e-02
   1.0656196e-02
   1.0610053e-02
   1.0217241e-02
   9.5785558e-03
   8.6918968e-03
   7.4422095e-03
   6.2943867e-03
   5.0103007e-03
   3.2582196e-03
   1.6133403e-03
  -2.6175348e-04
  -2.8612333e-03
  -5.2888097e-03
  -7.9752516e-03
  -1.1541065e-02
  -1.4739397e-02
  -1.8113214e-02
  -2.2534530e-02
  -2.6620229e-02
  -3.0749264e-02
  -3.1873181e-02
  -2.5870812e-02
   0.0000000e+00
   0.0000000e+00
  -0.0000000e+00
  -1.8760863e-02
  -2.3438402e-02
   0.0000000e+00
  -3.1595742e-02
  -8.6484949e-03
  -3.5789921e-03
   9.4580036e-05
   1.3376319e-03
   3.5575843e-03
   5.3533220e-03
  -6.7532717e-03
  -8.1558466e-03
  -1.8437301e-03
  -1.6782637e-03
  -1.8207344e-03
  -2.3434326e-03
  -3.2180283e-03
  -4.2298854e-03
  -5.5688434e-03
  -7.7385416e-03
  -1.0016247e-02
  -1.2637397e-02
  -1.6240126e-02
  -1.9570214e-02
  -2.2704288e-02
  -2.3583435e-02
  -1.9491491e-02
   1.9408071e-03
   0.0000000e+00
   0.0000000e+00
  -2.9288701e-02
  -1.8550144e-02
   0.0000000e+00
   0.0000000e+00
   0.0000000e+00
   0.0000000e+00
  -1.4146136e-02
  -9.7042037e-03
  -5.5619851e-03
  -6.7209730e-03
  -2.5804055e-03
   9.4752303e-05
   2.2660315e-03
   4.4706430e-03
   5.9682080e-03
   7.0162012e-03
   7.7757372e-03
   8.0324385e-03
   7.9770682e-03
   7.4929344e-03
   6.7310578e-03
   5.7023159e-03
   4.2579268e-03
   2.9165577e-03
   1.4116595e-03
  -6.1377887e-04
  -2.4723003e-03
  -4.5271643e-03
  -7.2856037e-03
  -9.7917071e-03
  -1.2493246e-02
  -1.5939810e-02
  -1.8870145e-02
  -2.1814024e-02
  -2.5659946e-02
  -2.9538773e-02
  -3.4242638e-02
  -3.8206856e-02
  -3.6013766e-02
   0.0000000e+00
  -0.0000000e+00
  -1.8756437e-02
  -2.0237026e-02
  -2.3428941e-02
  -2.0869592e-02
  -2.6748789e-02
  -1.0910139e-02
  -6.9385213e-03
  -3.7523437e-03
  -1.7650849e-03
   3.0467966e-04
   1.3997016e-03
  -1.0269607e-02
  -9.7551140e-03
  -4.4116852e-03
  -4.3489270e-03
  -4.5868412e-03
  -5.1988048e-03
  -6.1440739e-03
  -7.1593498e-03
  -8.4407809e-03
  -1.0493294e-02
  -1.2633017e-02
  -1.5068574e-02
  -1.8393865e-02
  -2.1478513e-02
  -2.4490076e-02
  -2.5757226e-02
  -2.1886640e-02
  -1.9471025e-03
   0.0000000e+00
  -0.0000000e+00
  -3.8796262e-02
  -2.6501577e-02
   0.0000000e+00
   0.0000000e+00
   0.0000000e+00
  -0.0000000e+00
  -1.9249621e-02
  -1.4907864e-02
  -1.0780540e-02
  -1.6494550e-02
  -1.1960640e-02
  -8.7100649e-03
  -5.8713061e-03
  -2.8684773e-03
  -7.2508027e-04
   8.4929705e-04
   1.9794518e-03
   2.4032919e-03
   2.4022410e-03
   1.8590103e-03
   9.8641002e-04
  -1.6497345e-04
  -1.7935756e-03
  -3.3557904e-03
  -5.1462679e-03
  -7.5502834e-03
  -9.6984312e-03
  -1.1962117e-02
  -1.4847070e-02
  -1.7332578e-02
  -1.9852844e-02
  -2.2788420e-02
  -2.5029160e-02
  -2.7113313e-02
  -2.9964002e-02
  -3.3502507e-02
  -3.9168963e-02
  -4.8479658e-02
  -5.5339909e-02
   0.0000000e+00
  -1.8811338e-02
  -2.0714620e-02
  -2.2750045e-02
  -2.2375029e-02
  -2.0869592e-02
  -1.8309169e-02
  -1.5819123e-02
  -1.3698587e-02
  -1.0561278e-02
  -7.1732488e-03
  -5.6981045e-03
  -5.3782973e-03
   0.0000000e+00
  -1.2024402e-02
  -8.6206690e-03
  -8.8737790e-03
  -9.2500834e-03
  -1.0022285e-02
  -1.1099291e-02
  -1.2111758e-02
  -1.3246639e-02
  -1.4992107e-02
  -1.6773604e-02
  -1.8753700e-02
  -2.1473321e-02
  -2.4095295e-02
  -2.6948736e-02
  -2.9695498e-02
  -2.7447290e-02
  -2.4480412e-02
   0.0000000e+00
  -0.0000000e+00
  -5.1875074e-02
  -4.1024677e-02
   0.0000000e+00
   0.0000000e+00
   0.0000000e+00
  -2.8074529e-02
  -2.6433939e-02
  -2.4312333e-02
  -2.0527582e-02
  -2.8095761e-02
  -2.4027480e-02
  -2.0644422e-02
  -1.7290926e-02
  -1.3263754e-02
  -1.0058937e-02
  -7.3986798e-03
  -5.0703926e-03
  -3.7065615e-03
  -2.8965211e-03
  -2.6923769e-03
  -3.1205323e-03
  -3.9557039e-03
  -5.3431121e-03
  -6.8312104e-03
  -8.6593835e-03
  -1.1157444e-02
  -1.3382880e-02
  -1.5724959e-02
  -1.8744038e-02
  -2.1357357e-02
  -2.4012497e-02
  -2.7203885e-02
  -2.9732038e-02
  -3.2043612e-02
  -3.4647325e-02
  -3.7070552e-02
  -4.0567340e-02
  -4.5385407e-02
  -4.5354422e-02
  -3.1281127e-02
  -2.9055132e-02
  -2.9720694e-02
  -2.9525490e-02
  -2.7352113e-02
  -2.5435493e-02
  -2.3742890e-02
  -2.2056849e-02
  -2.0362890e-02
  -1.8141873e-02
  -1.5509951e-02
  -2.4791157e-02
  -2.9695245e-02
   0.0000000e+00
  -1.2120366e-02
  -1.0622031e-02
  -1.1974280e-02
  -1.2096776e-02
  -1.2822255e-02
  -1.3920228e-02
  -1.4982431e-02
  -1.6104593e-02
  -1.7645275e-02
  -1.9139134e-02
  -2.0652190e-02
  -2.2677195e-02
  -2.4727803e-02
  -2.7001933e-02
  -3.1019654e-02
  -3.5518269e-02
  -3.6757449e-02
   0.0000000e+00
  -0.0000000e+00
  -4.5537830e-02
  -5.0294052e-02
   0.0000000e+00
   0.0000000e+00
  -0.0000000e+00
  -3.3314221e-02
  -3.4515519e-02
  -3.3758755e-02
  -3.1218196e-02
  -3.4308123e-02
  -3.0845180e-02
  -2.7672396e-02
  -2.4269195e-02
  -1.9871358e-02
  -1.6157684e-02
  -1.2867783e-02
  -9.7436458e-03
  -7.7182126e-03
  -6.2923452e-03
  -5.4568630e-03
  -5.4721272e-03
  -5.9915220e-03
  -7.0959458e-03
  -8.4201109e-03
  -1.0168667e-02
  -1.2653742e-02
  -1.4896744e-02
  -1.7260794e-02
  -2.0334814e-02
  -2.3032803e-02
  -2.5796772e-02
  -2.9198676e-02
  -3.1974653e-02
  -3.4549639e-02
  -3.7324158e-02
  -3.9532567e-02
  -4.2245166e-02
  -4.5196184e-02
  -4.4244898e-02
  -3.3989797e-02
  -3.2890659e-02
  -3.4793248e-02
  -3.3351783e-02
  -3.0206817e-02
  -2.7885005e-02
  -2.6325473e-02
  -2.4818260e-02
  -2.3369179e-02
  -2.1830744e-02
  -2.1005288e-02
  -3.3679075e-02
  -3.5464733e-02
   0.0000000e+00
  -1.2282788e-02
  -1.1874738e-02
  -1.3599090e-02
  -1.3583710e-02
  -1.4225465e-02
  -1.5266286e-02
  -1.6322102e-02
  -1.7454752e-02
  -1.8958224e-02
  -2.0365283e-02
  -2.1701517e-02
  -2.3364105e-02
  -2.5005002e-02
  -2.6773895e-02
  -3.0611179e-02
  -3.7143851e-02
  -4.2993464e-02
   0.0000000e+00
  -0.0000000e+00
  -4.0905701e-02
  -4.9307477e-02
  -4.0658943e-02
  -3.9570856e-02
  -3.4283579e-02
  -3.5162113e-02
  -3.8189929e-02
  -3.8281665e-02
  -3.6671456e-02
  -4.3123980e-02
  -4.1368979e-02
  -3.9165181e-02
  -3.6230202e-02
  -3.1730491e-02
  -2.7436647e-02
  -2.3138381e-02
  -1.8517020e-02
  -1.5175370e-02
  -1.2442805e-02
  -1.0160264e-02
  -9.1725487e-03
  -8.8946117e-03
  -9.2306428e-03
  -1.0025901e-02
  -1.1423487e-02
  -1.3739080e-02
  -1.5950205e-02
  -1.8297718e-02
  -2.1409445e-02
  -2.4266286e-02
  -2.7271984e-02
  -3.1147970e-02
  -3.4499579e-02
  -3.7786100e-02
  -4.1525678e-02
  -4.4341127e-02
  -4.6841436e-02
  -4.8427592e-02
  -4.6400015e-02
  -4.4292700e-02
  -4.4209607e-02
  -4.2587462e-02
  -3.9253985e-02
  -3.4709790e-02
  -3.1371813e-02
  -2.9210291e-02
  -2.7356622e-02
  -2.6294268e-02
  -2.6182113e-02
  -3.1262376e-02
  -4.3105318e-02
  -3.3188280e-02
   0.0000000e+00
  -1.2778046e-02
  -1.4084031e-02
  -1.5820215e-02
  -1.5604497e-02
  -1.5987454e-02
  -1.6784113e-02
  -1.7752124e-02
  -1.8940909e-02
  -2.0564345e-02
  -2.2008534e-02
  -2.3268578e-02
  -2.4439622e-02
  -2.5251708e-02
  -2.5838587e-02
  -2.7366613e-02
  -3.3020948e-02
  -4.5004177e-02
   0.0000000e+00
  -2.7346679e-02
  -3.1378805e-02
  -3.7615753e-02
  -4.0658943e-02
  -3.9570856e-02
  -3.6923789e-02
  -3.8845531e-02
  -4.1846568e-02
  -4.3422914e-02
  -4.3762706e-02
  -4.5218091e-02
  -4.4884318e-02
  -4.3893950e-02
  -4.2185783e-02
  -3.8985804e-02
  -3.5389151e-02
  -3.1337575e-02
  -2.6434453e-02
  -2.2517758e-02
  -1.8992516e-02
  -1.5576884e-02
  -1.3579702e-02
  -1.2376935e-02
  -1.1767301e-02
  -1.1881259e-02
  -1.2698520e-02
  -1.4537649e-02
  -1.6484959e-02
  -1.8607571e-02
  -2.1461230e-02
  -2.4159294e-02
  -2.7053904e-02
  -3.0803779e-02
  -3.4153809e-02
  -3.7582176e-02
  -4.1717331e-02
  -4.5030427e-02
  -4.7924378e-02
  -4.9785907e-02
  -4.9225029e-02
  -4.8288353e-02
  -4.7394423e-02
  -4.5823136e-02
  -4.2473776e-02
  -3.6799234e-02
  -3.2367997e-02
  -2.9424741e-02
  -2.7512006e-02
  -2.6598205e-02
  -2.5663119e-02
  -2.5278797e-02
  -2.7044392e-02
  -2.2907243e-02
  -1.5264569e-02
  -1.3699893e-02
  -1.6692252e-02
  -1.7916044e-02
  -1.7591034e-02
  -1.7615770e-02
  -1.8003550e-02
  -1.8694450e-02
  -1.9753714e-02
  -2.1347704e-02
  -2.2846285e-02
  -2.4252833e-02
  -2.5521309e-02
  -2.6194240e-02
  -2.6377873e-02
  -2.6162788e-02
  -2.7272533e-02
  -3.0917133e-02
  -2.2776804e-02
  -2.4095518e-02
  -2.8846990e-02
  -3.1280909e-02
  -3.2019402e-02
  -3.3409289e-02
  -3.6211399e-02
  -3.8500617e-02
  -4.1049374e-02
  -4.3572820e-02
  -4.4794860e-02
  -4.5678038e-02
  -4.6200825e-02
  -4.5981288e-02
  -4.5091282e-02
  -4.2850380e-02
  -3.9889829e-02
  -3.6235954e-02
  -3.1429500e-02
  -2.7350689e-02
  -2.3501017e-02
  -1.9502856e-02
  -1.6906683e-02
  -1.5099202e-02
  -1.3831106e-02
  -1.3444117e-02
  -1.3804466e-02
  -1.5229578e-02
  -1.6932780e-02
  -1.8841965e-02
  -2.1462281e-02
  -2.3997497e-02
  -2.6762058e-02
  -3.0361721e-02
  -3.3615414e-02
  -3.7013468e-02
  -4.1215373e-02
  -4.4643242e-02
  -4.7582132e-02
  -4.9510400e-02
  -4.9830280e-02
  -4.9709439e-02
  -4.8548292e-02
  -4.7090337e-02
  -4.3960992e-02
  -3.7909511e-02
  -3.2842122e-02
  -2.9302384e-02
  -2.7260521e-02
  -2.6477432e-02
  -2.5260193e-02
  -2.2423848e-02
  -1.9798991e-02
  -1.8486968e-02
  -1.5921478e-02
  -1.4932022e-02
  -1.8499928e-02
  -1.9419339e-02
  -1.9039018e-02
  -1.8815627e-02
  -1.8880680e-02
  -1.9323886e-02
  -2.0225855e-02
  -2.1724890e-02
  -2.3215623e-02
  -2.4699825e-02
  -2.6079192e-02
  -2.6773618e-02
  -2.6847535e-02
  -2.5889178e-02
  -2.4757959e-02
  -2.4206965e-02
  -2.2926074e-02
  -2.3567270e-02
  -2.7345300e-02
  -2.7950647e-02
  -2.7890062e-02
  -3.0329216e-02
  -3.5281296e-02
  -3.7631039e-02
  -3.9993153e-02
  -4.2950626e-02
  -4.4638471e-02
  -4.3247208e-02
  -4.4693995e-02
  -4.5450151e-02
  -4.5730166e-02
  -4.5165131e-02
  -4.3678619e-02
  -4.1362419e-02
  -3.7632618e-02
  -3.4052004e-02
  -3.0411768e-02
  -2.6151464e-02
  -2.2943451e-02
  -2.0310945e-02
  -1.8009539e-02
  -1.6752537e-02
  -1.6228994e-02
  -1.6744596e-02
  -1.7873910e-02
  -1.9268688e-02
  -2.1353362e-02
  -2.3467869e-02
  -2.5861904e-02
  -2.9028757e-02
  -3.1830475e-02
  -3.4773267e-02
  -3.8420802e-02
  -4.1296873e-02
  -4.3582533e-02
  -4.5220728e-02
  -4.6479018e-02
  -4.7640737e-02
  -4.6999450e-02
  -4.5965440e-02
  -4.3911178e-02
  -3.8563489e-02
  -3.2892845e-02
  -2.8252311e-02
  -2.5729865e-02
  -2.5238051e-02
  -2.4496651e-02
  -2.2085517e-02
  -2.0865882e-02
  -2.0199147e-02
  -1.9027124e-02
  -1.9743468e-02
  -2.1310087e-02
  -2.1917329e-02
  -2.1515872e-02
  -2.0907204e-02
  -2.0345708e-02
  -2.0227310e-02
  -2.0670485e-02
  -2.1785354e-02
  -2.3119376e-02
  -2.4648510e-02
  -2.6337864e-02
  -2.7439936e-02
  -2.7881951e-02
  -2.7243063e-02
  -2.5511646e-02
  -2.3463351e-02
  -2.3631769e-02
  -2.4644822e-02
  -2.5813703e-02
  -2.6137686e-02
  -2.7367753e-02
  -2.9318000e-02
  -3.2450744e-02
  -3.4278488e-02
  -3.6752858e-02
  -3.9679432e-02
  -4.1629237e-02
  -3.9486106e-02
  -4.1212154e-02
  -4.2279830e-02
  -4.2963886e-02
  -4.3117998e-02
  -4.2434214e-02
  -4.1067461e-02
  -3.8465713e-02
  -3.5692723e-02
  -3.2738827e-02
  -2.9079751e-02
  -2.6073119e-02
  -2.3398538e-02
  -2.0766275e-02
  -1.9043591e-02
  -1.7967848e-02
  -1.7815250e-02
  -1.8415017e-02
  -1.9345946e-02
  -2.0939709e-02
  -2.2662121e-02
  -2.4705099e-02
  -2.7485782e-02
  -2.9969728e-02
  -3.2559349e-02
  -3.5702461e-02
  -3.8077832e-02
  -3.9783638e-02
  -4.0762786e-02
  -4.1733008e-02
  -4.3195196e-02
  -4.2420802e-02
  -4.0593412e-02
  -3.9034516e-02
  -3.6208851e-02
  -3.1922057e-02
  -2.6949059e-02
  -2.3267405e-02
  -2.2307927e-02
  -2.1894178e-02
  -2.0403140e-02
  -1.9648401e-02
  -1.9586856e-02
  -1.9447188e-02
  -2.0423972e-02
  -2.1881712e-02
  -2.2936813e-02
  -2.2758737e-02
  -2.2117311e-02
  -2.1208670e-02
  -2.0676497e-02
  -2.0677641e-02
  -2.1347042e-02
  -2.2393827e-02
  -2.3793205e-02
  -2.5573404e-02
  -2.7018407e-02
  -2.7974162e-02
  -2.7930013e-02
  -2.6812380e-02
  -2.5160060e-02
  -2.4587873e-02
  -2.4372204e-02
  -2.4698006e-02
  -2.5563615e-02
  -2.6873265e-02
  -2.8016469e-02
  -2.9799162e-02
  -3.1287905e-02
  -3.3435147e-02
  -3.5953378e-02
  -3.7771189e-02
  -3.6375896e-02
  -3.8211084e-02
  -3.9424836e-02
  -4.0310564e-02
  -4.0856363e-02
  -4.0642541e-02
  -3.9867005e-02
  -3.8025809e-02
  -3.5837293e-02
  -3.3410798e-02
  -3.0258498e-02
  -2.7495669e-02
  -2.4903826e-02
  -2.2192884e-02
  -2.0235020e-02
  -1.8816380e-02
  -1.8205400e-02
  -1.8437020e-02
  -1.9038720e-02
  -2.0266229e-02
  -2.1688302e-02
  -2.3437959e-02
  -2.5856524e-02
  -2.8050286e-02
  -3.0353346e-02
  -3.3157379e-02
  -3.5280358e-02
  -3.6780291e-02
  -3.7497070e-02
  -3.8063056e-02
  -3.9407816e-02
  -3.8556063e-02
  -3.6154817e-02
  -3.4597174e-02
  -3.3336914e-02
  -3.0541370e-02
  -2.5882601e-02
  -2.1326099e-02
  -1.9703355e-02
  -1.9324469e-02
  -1.8477342e-02
  -1.8028163e-02
  -1.8304004e-02
  -1.8829530e-02
  -2.0019436e-02
  -2.1552262e-02
  -2.2981696e-02
  -2.3082221e-02
  -2.2534076e-02
  -2.1501945e-02
  -2.0756509e-02
  -2.0476166e-02
  -2.0824088e-02
  -2.1649060e-02
  -2.2914250e-02
  -2.4707485e-02
  -2.6370410e-02
  -2.7715247e-02
  -2.8226152e-02
  -2.7640244e-02
  -2.6407024e-02
  -2.5380552e-02
  -2.4342404e-02
  -2.4059636e-02
  -2.4971047e-02
  -2.6168286e-02
  -2.6830693e-02
  -2.7819701e-02
  -2.8984138e-02
  -3.0803911e-02
  -3.2991159e-02
  -3.4665064e-02
  -3.1513089e-02
  -3.3285948e-02
  -3.4514744e-02
  -3.5462434e-02
  -3.6232314e-02
  -3.6382479e-02
  -3.6160370e-02
  -3.5178747e-02
  -3.3744554e-02
  -3.2065831e-02
  -2.9724228e-02
  -2.7490392e-02
  -2.5252732e-02
  -2.2791627e-02
  -2.0752820e-02
  -1.9015626e-02
  -1.7868121e-02
  -1.7657576e-02
  -1.7848491e-02
  -1.8579299e-02
  -1.9577511e-02
  -2.0862794e-02
  -2.2633356e-02
  -2.4320994e-02
  -2.6186522e-02
  -2.8609701e-02
  -3.0647293e-02
  -3.2348762e-02
  -3.3195940e-02
  -3.2812335e-02
  -3.3273591e-02
  -3.2363463e-02
  -2.9222272e-02
  -2.6885402e-02
  -2.7077665e-02
  -2.7277227e-02
  -2.4236724e-02
  -1.8472600e-02
  -1.5283873e-02
  -1.4507898e-02
  -1.4443804e-02
  -1.4321482e-02
  -1.4812900e-02
  -1.6017872e-02
  -1.7536698e-02
  -1.9502771e-02
  -2.1525093e-02
  -2.2240782e-02
  -2.2068734e-02
  -2.1156427e-02
  -2.0324131e-02
  -1.9764449e-02
  -1.9699446e-02
  -2.0207675e-02
  -2.1211628e-02
  -2.2906485e-02
  -2.4784526e-02
  -2.6669303e-02
  -2.8169010e-02
  -2.8460666e-02
  -2.8058025e-02
  -2.6623800e-02
  -2.4670042e-02
  -2.3605262e-02
  -2.3819147e-02
  -2.4499722e-02
  -2.4767305e-02
  -2.5132718e-02
  -2.5705987e-02
  -2.6904825e-02
  -2.8587381e-02
  -2.9969811e-02
  -2.6505091e-02
  -2.8126194e-02
  -2.9251446e-02
  -3.0068799e-02
  -3.0725526e-02
  -3.0937875e-02
  -3.0907286e-02
  -3.0355863e-02
  -2.9349047e-02
  -2.8082302e-02
  -2.6302312e-02
  -2.4574507e-02
  -2.2727698e-02
  -2.0665241e-02
  -1.8901492e-02
  -1.7171134e-02
  -1.5731810e-02
  -1.5209813e-02
  -1.5113946e-02
  -1.5436967e-02
  -1.6039859e-02
  -1.6873101e-02
  -1.7990741e-02
  -1.9109420e-02
  -2.0468862e-02
  -2.2390653e-02
  -2.4344590e-02
  -2.6633783e-02
  -2.9216607e-02
  -2.9950163e-02
  -3.0347775e-02
  -2.9461582e-02
  -2.5315213e-02
  -2.1007820e-02
  -2.0106555e-02
  -2.2061858e-02
  -2.2098855e-02
  -1.6458552e-02
  -1.1093307e-02
  -8.6692571e-03
  -8.8498428e-03
  -9.0983187e-03
  -9.7261241e-03
  -1.1148589e-02
  -1.2840928e-02
  -1.4939794e-02
  -1.7379431e-02
  -1.8703651e-02
  -1.9103501e-02
  -1.8676080e-02
  -1.8121568e-02
  -1.7666398e-02
  -1.7549577e-02
  -1.7898395e-02
  -1.8670505e-02
  -2.0131880e-02
  -2.1881198e-02
  -2.3910988e-02
  -2.6128606e-02
  -2.7256241e-02
  -2.7503052e-02
  -2.6227212e-02
  -2.3764207e-02
  -2.1777378e-02
  -2.0782704e-02
  -2.0930749e-02
  -2.1245548e-02
  -2.1737623e-02
  -2.2046155e-02
  -2.2759553e-02
  -2.3997289e-02
  -2.5153296e-02
  -2.2642519e-02
  -2.4210187e-02
  -2.5288960e-02
  -2.6044385e-02
  -2.6594693e-02
  -2.6787816e-02
  -2.6790916e-02
  -2.6409235e-02
  -2.5641501e-02
  -2.4601479e-02
  -2.3096867e-02
  -2.1662154e-02
  -2.0077344e-02
  -1.8245935e-02
  -1.6689866e-02
  -1.5075652e-02
  -1.3582927e-02
  -1.2883164e-02
  -1.2603767e-02
  -1.2702647e-02
  -1.3101637e-02
  -1.3690861e-02
  -1.4493168e-02
  -1.5317094e-02
  -1.6400794e-02
  -1.8029210e-02
  -1.9831624e-02
  -2.2262076e-02
  -2.5861237e-02
  -2.8044762e-02
  -2.9481083e-02
  -2.9202995e-02
  -2.3780542e-02
  -1.7603958e-02
  -1.5064201e-02
  -1.7277634e-02
  -1.9080576e-02
  -1.4824614e-02
  -8.3261393e-03
  -4.2502146e-03
  -4.2082834e-03
  -4.7322475e-03
  -5.4499944e-03
  -6.9309810e-03
  -8.6895445e-03
  -1.0777828e-02
  -1.3326674e-02
  -1.5003094e-02
  -1.5845474e-02
  -1.5841252e-02
  -1.5561754e-02
  -1.5274942e-02
  -1.5240086e-02
  -1.5584120e-02
  -1.6289528e-02
  -1.7644900e-02
  -1.9231330e-02
  -2.1166060e-02
  -2.3549948e-02
  -2.5033761e-02
  -2.5651811e-02
  -2.4456601e-02
  -2.1799988e-02
  -1.9326766e-02
  -1.7676075e-02
  -1.7572036e-02
  -1.7930597e-02
  -1.8517007e-02
  -1.8782105e-02
  -1.9340130e-02
  -2.0354245e-02
  -2.1383140e-02
  -1.8517081e-02
  -2.0064832e-02
  -2.1113463e-02
  -2.1825292e-02
  -2.2250754e-02
  -2.2384098e-02
  -2.2356576e-02
  -2.2061526e-02
  -2.1496254e-02
  -2.0645214e-02
  -1.9342556e-02
  -1.8164108e-02
  -1.6836081e-02
  -1.5206803e-02
  -1.3869938e-02
  -1.2444534e-02
  -1.0995052e-02
  -1.0141903e-02
  -9.6884835e-03
  -9.6007586e-03
  -9.8409668e-03
  -1.0230684e-02
  -1.0806158e-02
  -1.1399429e-02
  -1.2255557e-02
  -1.3625149e-02
  -1.5214910e-02
  -1.7613968e-02
  -2.2110353e-02
  -2.6186172e-02
  -2.9367287e-02
  -3.0083108e-02
  -2.3005201e-02
  -1.4628149e-02
  -9.8739768e-03
  -1.1722896e-02
  -1.5057015e-02
  -1.3032433e-02
  -5.6422268e-03
   4.2038945e-04
   9.4018788e-04
   1.2812113e-04
  -6.7677924e-04
  -2.1564707e-03
  -3.9462768e-03
  -5.9572515e-03
  -8.4985231e-03
  -1.0482683e-02
  -1.1798547e-02
  -1.2275072e-02
  -1.2324800e-02
  -1.2269057e-02
  -1.2392968e-02
  -1.2800914e-02
  -1.3500569e-02
  -1.4785994e-02
  -1.6161297e-02
  -1.7873642e-02
  -2.0208804e-02
  -2.1904461e-02
  -2.2843275e-02
  -2.1709922e-02
  -1.8962861e-02
  -1.6101433e-02
  -1.3911366e-02
  -1.3630754e-02
  -1.4040345e-02
  -1.4725549e-02
  -1.5038156e-02
  -1.5558178e-02
  -1.6403231e-02
  -1.7324123e-02
  -1.1154695e-02
  -1.2689542e-02
  -1.3737966e-02
  -1.4462998e-02
  -1.4863330e-02
  -1.4994266e-02
  -1.4958615e-02
  -1.4648733e-02
  -1.4251176e-02
  -1.3650045e-02
  -1.2649005e-02
  -1.1766500e-02
  -1.0793710e-02
  -9.4630202e-03
  -8.3643718e-03
  -7.2064278e-03
  -6.0554919e-03
  -5.3357473e-03
  -4.8090127e-03
  -4.5402923e-03
  -4.7394555e-03
  -5.0929642e-03
  -5.5875383e-03
  -6.0701324e-03
  -6.7491810e-03
  -7.8938415e-03
  -9.2483769e-03
  -1.1152686e-02
  -1.5362636e-02
  -2.1393193e-02
  -2.8919161e-02
  -3.1645499e-02
  -2.2819545e-02
  -9.7274925e-03
  -1.0268864e-03
  -1.3310511e-03
  -2.8632224e-03
  -2.2105269e-03
  -7.6395765e-04
   5.4047255e-03
   8.1306763e-03
   7.7734873e-03
   7.4105289e-03
   6.4665996e-03
   4.8510478e-03
   2.9332747e-03
   1.0234012e-03
  -7.4961314e-04
  -2.6467460e-03
  -4.2689867e-03
  -5.1142554e-03
  -5.6611996e-03
  -6.2205550e-03
  -6.9039609e-03
  -7.7987035e-03
  -9.1490142e-03
  -1.0440731e-02
  -1.1820990e-02
  -1.3677578e-02
  -1.5121816e-02
  -1.6100799e-02
  -1.5664194e-02
  -1.3302018e-02
  -1.0034344e-02
  -7.1020474e-03
  -6.4128357e-03
  -6.7006683e-03
  -7.3378119e-03
  -7.4468902e-03
  -8.0298469e-03
  -9.1178053e-03
  -1.0056444e-02
  -5.7992601e-03
  -7.3455704e-03
  -8.3941349e-03
  -9.1077894e-03
  -9.4889402e-03
  -9.5896051e-03
  -9.5744694e-03
  -9.3115409e-03
  -8.9755481e-03
  -8.5093568e-03
  -7.7486335e-03
  -7.0533312e-03
  -6.2864744e-03
  -5.2216653e-03
  -4.3404020e-03
  -3.4215955e-03
  -2.5375966e-03
  -2.0259915e-03
  -1.5914092e-03
  -1.3098604e-03
  -1.4895272e-03
  -1.8074858e-03
  -2.2423751e-03
  -2.6193662e-03
  -3.1348389e-03
  -4.0632192e-03
  -5.2587174e-03
  -6.9685818e-03
  -1.0573759e-02
  -1.6655768e-02
  -2.4418079e-02
  -3.1645499e-02
  -2.2819545e-02
  -9.7274925e-03
   6.3459924e-03
   5.4232894e-03
   2.3532635e-03
  -0.0000000e+00
   2.8950886e-03
   7.1179441e-03
   9.6333985e-03
   1.0032971e-02
   1.0417331e-02
   1.0715268e-02
   9.7719123e-03
   8.0671687e-03
   6.9796943e-03
   6.2498823e-03
   4.8532557e-03
   2.7486644e-03
   1.1941120e-03
   1.6869338e-05
  -1.0943654e-03
  -2.0846259e-03
  -3.2459887e-03
  -4.7915913e-03
  -6.1450983e-03
  -7.4746218e-03
  -9.0638585e-03
  -1.0159311e-02
  -1.0825190e-02
  -1.0494017e-02
  -8.6639245e-03
  -5.7370269e-03
  -2.6341152e-03
  -1.4629627e-03
  -1.4687570e-03
  -2.4193666e-03
  -2.2770136e-03
  -2.3265243e-03
  -3.4357479e-03
  -4.6110913e-03
   3.8580140e-04
  -1.2411447e-03
  -2.3201589e-03
  -3.0352894e-03
  -3.3872721e-03
  -3.4604490e-03
  -3.4588305e-03
  -3.2308990e-03
  -2.9499790e-03
  -2.6282011e-03
  -2.1236306e-03
  -1.6432802e-03
  -1.1144211e-03
  -3.6573809e-04
   2.4226177e-04
   8.6950689e-04
   1.4387282e-03
   1.6981217e-03
   1.9570027e-03
   2.1923939e-03
   2.0273473e-03
   1.7534484e-03
   1.4442075e-03
   1.2086004e-03
   9.2145785e-04
   3.5572835e-04
  -5.6417835e-04
  -2.0292370e-03
  -5.0877100e-03
  -1.0775606e-02
  -1.9257646e-02
   0.0000000e+00
   0.0000000e+00
   0.0000000e+00
   1.0191496e-02
   8.9461790e-03
   5.0740479e-03
   0.0000000e+00
   0.0000000e+00
   8.0694586e-03
   9.2865250e-03
   1.0461128e-02
   1.1647672e-02
   1.3293067e-02
   1.3222238e-02
   1.1750078e-02
   1.1490817e-02
   1.2230357e-02
   1.1965814e-02
   1.0024542e-02
   8.0557716e-03
   6.3991124e-03
   4.7854208e-03
   3.4640817e-03
   2.0224735e-03
   2.3238960e-04
  -1.2053433e-03
  -2.4904489e-03
  -3.8610522e-03
  -4.6617743e-03
  -5.0210246e-03
  -4.6163693e-03
  -3.0962899e-03
  -4.4631917e-04
   2.7477827e-03
   4.4305893e-03
   4.8284234e-03
   3.5172686e-03
   3.4341521e-03
   3.9469858e-03
   3.1886545e-03
   1.7608187e-03
   7.5577274e-03
   5.7794795e-03
   4.6374163e-03
   3.9073877e-03
   3.5893447e-03
   3.5451115e-03
   3.5531341e-03
   3.7592819e-03
   4.0007447e-03
   4.1769152e-03
   4.4088797e-03
   4.6468770e-03
   4.8952591e-03
   5.2604373e-03
   5.5206490e-03
   5.7865531e-03
   5.9913259e-03
   5.9484014e-03
   5.9280140e-03
   6.0238949e-03
   5.8562172e-03
   5.6264176e-03
   5.5142848e-03
   5.4644537e-03
   5.4696633e-03
   5.4449342e-03
   4.9601352e-03
   3.8448791e-03
   1.3169111e-03
  -3.5014437e-03
  -1.2356867e-02
   0.0000000e+00
   0.0000000e+00
   0.0000000e+00
   0.0000000e+00
   0.0000000e+00
   0.0000000e+00
   0.0000000e+00
   0.0000000e+00
   7.7241254e-03
   6.3797424e-03
   8.2748212e-03
   1.0329221e-02
   1.3498877e-02
   1.4569241e-02
   1.3406472e-02
   1.3880650e-02
   1.6431658e-02
   1.8015909e-02
   1.7110425e-02
   1.5194572e-02
   1.3347089e-02
   1.1395409e-02
   9.7734691e-03
   8.0741244e-03
   6.0311695e-03
   4.5031679e-03
   3.2659804e-03
   2.0803112e-03
   1.5179227e-03
   1.4506343e-03
   2.1199414e-03
   3.5842668e-03
   6.0401371e-03
   9.2185488e-03
   1.1421283e-02
   1.2357063e-02
   1.0693245e-02
   9.8320629e-03
   1.0880001e-02
   1.0888641e-02
   9.2195877e-03
   1.7376465e-02
   1.5453078e-02
   1.4235870e-02
   1.3492721e-02
   1.3158934e-02
   1.3194080e-02
   1.3327712e-02
   1.3508138e-02
   1.3781569e-02
   1.3861744e-02
   1.3758214e-02
   1.3718299e-02
   1.3541584e-02
   1.3303356e-02
   1.2995529e-02
   1.2685691e-02
   1.2455318e-02
   1.2012034e-02
   1.1520633e-02
   1.1163078e-02
   1.0877952e-02
   1.0615344e-02
   1.0747072e-02
   1.0982648e-02
   1.1293126e-02
   1.2129175e-02
   1.2502560e-02
   1.2306792e-02
   1.0897272e-02
   7.0751182e-03
   6.1009832e-03
   0.0000000e+00
   0.0000000e+00
   0.0000000e+00
   0.0000000e+00
   0.0000000e+00
   0.0000000e+00
   0.0000000e+00
   0.0000000e+00
   1.1969842e-03
  -2.4777486e-03
  -3.8759737e-04
   2.8155615e-03
   8.4944079e-03
   1.1482431e-02
   1.1239877e-02
   1.1670654e-02
   1.5331471e-02
   1.9513051e-02
   2.1523760e-02
   2.1065517e-02
   2.0164531e-02
   1.8844796e-02
   1.7388343e-02
   1.5721762e-02
   1.3792981e-02
   1.2327432e-02
   1.1249915e-02
   1.0482745e-02
   1.0244695e-02
   1.0472274e-02
   1.1437719e-02
   1.2948122e-02
   1.5285986e-02
   1.8250594e-02
   2.0877354e-02
   2.2507330e-02
   2.0965636e-02
   1.8812195e-02
   1.9972157e-02
   2.1045578e-02
   1.9345201e-02
   2.5256345e-02
   2.3772648e-02
   2.2755834e-02
   2.2190435e-02
   2.2028169e-02
   2.2119083e-02
   2.2508160e-02
   2.2827198e-02
   2.3179933e-02
   2.3309336e-02
   2.3053455e-02
   2.2853593e-02
   2.2345429e-02
   2.1575809e-02
   2.0685144e-02
   1.9736208e-02
   1.8813083e-02
   1.7953961e-02
   1.7144588e-02
   1.6167190e-02
   1.5585865e-02
   1.5141650e-02
   1.5004942e-02
   1.5529836e-02
   1.6062781e-02
   1.7396836e-02
   1.8437599e-02
   1.9232740e-02
   1.9756504e-02
   1.8146439e-02
   1.7281572e-02
   3.3503868e-02
   7.2703938e-02
   0.0000000e+00
   0.0000000e+00
   0.0000000e+00
   0.0000000e+00
   0.0000000e+00
   0.0000000e+00
  -4.5748306e-03
  -8.2188186e-03
  -7.1980905e-03
  -4.5687353e-03
   1.8170731e-03
   7.3390231e-03
   9.1142598e-03
   9.7003736e-03
   1.2788034e-02
   1.7647436e-02
   2.2079454e-02
   2.3548552e-02
   2.4158284e-02
   2.3846473e-02
   2.3196216e-02
   2.2058080e-02
   2.0232918e-02
   1.8910422e-02
   1.7708578e-02
   1.7125050e-02
   1.6980577e-02
   1.7396092e-02
   1.8763260e-02
   2.0140557e-02
   2.2201089e-02
   2.4893438e-02
   2.7623675e-02
   2.9690842e-02
   2.8705766e-02
   2.4778410e-02
   2.4921134e-02
   2.7697509e-02
   2.6985561e-02
   3.1340365e-02
   3.0276309e-02
   2.9563122e-02
   2.9185895e-02
   2.9226002e-02
   2.9434074e-02
   2.9875991e-02
   3.0449371e-02
   3.0852810e-02
   3.0989982e-02
   3.0709288e-02
   3.0388827e-02
   2.9757009e-02
   2.8567954e-02
   2.7291607e-02
   2.5906033e-02
   2.4160839e-02
   2.2851349e-02
   2.1568526e-02
   2.0231622e-02
   1.9169654e-02
   1.8375378e-02
   1.7983884e-02
   1.8391188e-02
   1.9160449e-02
   2.0609536e-02
   2.2124060e-02
   2.3626750e-02
   2.5729208e-02
   2.6306943e-02
   2.7616629e-02
   3.3651750e-02
   4.8076882e-02
   0.0000000e+00
   0.0000000e+00
   0.0000000e+00
   0.0000000e+00
   0.0000000e+00
  -0.0000000e+00
  -7.7794853e-03
  -6.4379894e-03
  -6.1252571e-03
  -4.3530974e-03
   1.1132511e-03
   6.9204832e-03
   1.0088806e-02
   1.1363787e-02
   1.4231124e-02
   1.8712431e-02
   2.3571594e-02
   2.6010133e-02
   2.7206357e-02
   2.7368253e-02
   2.6672921e-02
   2.5374928e-02
   2.3292725e-02
   2.1847761e-02
   2.0585749e-02
   1.9911816e-02
   1.9721745e-02
   2.0163793e-02
   2.1640871e-02
   2.3264903e-02
   2.5347110e-02
   2.8148704e-02
   3.1059734e-02
   3.3503366e-02
   3.3630795e-02
   2.9451010e-02
   2.8551526e-02
   3.2055319e-02
   3.2454469e-02
   3.5555367e-02
   3.4806947e-02
   3.4400169e-02
   3.4180214e-02
   3.4379920e-02
   3.4730110e-02
   3.5233322e-02
   3.5968487e-02
   3.6455126e-02
   3.6633587e-02
   3.6294985e-02
   3.5864017e-02
   3.5102529e-02
   3.3710107e-02
   3.2157479e-02
   3.0427679e-02
   2.7985663e-02
   2.6164461e-02
   2.4360924e-02
   2.2531853e-02
   2.1008008e-02
   1.9921353e-02
   1.9222286e-02
   1.9402308e-02
   2.0129746e-02
   2.1651140e-02
   2.3394876e-02
   2.5537243e-02
   2.8673694e-02
   3.1457619e-02
   3.4777061e-02
   3.8725715e-02
   4.3565023e-02
   8.9549448e-02
   1.1372668e-01
   6.1746918e-02
   3.1625323e-02
   7.7371502e-03
  -9.6276030e-03
  -6.8281878e-03
  -4.9867992e-03
  -4.9716474e-03
  -3.7603368e-03
   4.9408415e-04
   5.5196755e-03
   9.2245909e-03
   1.1392187e-02
   1.3997116e-02
   1.7685183e-02
   2.2081991e-02
   2.4847806e-02
   2.6451706e-02
   2.7101550e-02
   2.6680637e-02
   2.5557647e-02
   2.3549593e-02
   2.2042006e-02
   2.0804930e-02
   2.0055377e-02
   2.0015344e-02
   2.0675990e-02
   2.2418210e-02
   2.4447125e-02
   2.6798213e-02
   2.9863287e-02
   3.2956524e-02
   3.5777222e-02
   3.6765822e-02
   3.3326232e-02
   3.1563259e-02
   3.4989414e-02
   3.6069616e-02
   3.6431456e-02
   3.5929693e-02
   3.5779931e-02
   3.5752424e-02
   3.6114721e-02
   3.6620543e-02
   3.7297455e-02
   3.8186206e-02
   3.8806461e-02
   3.9078421e-02
   3.8784053e-02
   3.8264122e-02
   3.7331581e-02
   3.5848292e-02
   3.4118360e-02
   3.2087404e-02
   2.9216442e-02
   2.6919886e-02
   2.4657668e-02
   2.2242950e-02
   2.0372937e-02
   1.9038479e-02
   1.8024642e-02
   1.7935523e-02
   1.8438441e-02
   1.9989571e-02
   2.1780847e-02
   2.4361659e-02
   2.8100938e-02
   3.2448004e-02
   3.7081561e-02
   4.3397573e-02
   4.6710415e-02
   7.0260775e-02
   8.0195895e-02
   4.6529346e-02
   2.5028836e-02
   7.5812936e-03
  -1.5507824e-03
  -2.8984412e-03
  -4.1315064e-03
  -4.9559023e-03
  -4.4645910e-03
  -1.5488554e-03
   2.2706252e-03
   5.7601177e-03
   8.6673993e-03
   1.1077465e-02
   1.4059009e-02
   1.7737671e-02
   2.0408753e-02
   2.2277385e-02
   2.3398657e-02
   2.3463702e-02
   2.2818260e-02
   2.1333440e-02
   2.0034114e-02
   1.8994558e-02
   1.8309671e-02
   1.8435416e-02
   1.9296590e-02
   2.1315042e-02
   2.3627760e-02
   2.6199820e-02
   2.9376780e-02
   3.2497045e-02
   3.5455249e-02
   3.6866734e-02
   3.4512269e-02
   3.2362851e-02
   3.5087046e-02
   3.6466635e-02
   3.3404172e-02
   3.3223488e-02
   3.3258921e-02
   3.3502781e-02
   3.4078360e-02
   3.4791253e-02
   3.5719383e-02
   3.6871130e-02
   3.7630008e-02
   3.7987020e-02
   3.7842224e-02
   3.7281664e-02
   3.6221974e-02
   3.4655605e-02
   3.2790984e-02
   3.0451702e-02
   2.7393208e-02
   2.4788338e-02
   2.2237737e-02
   1.9346131e-02
   1.7200115e-02
   1.5596230e-02
   1.4390689e-02
   1.4034627e-02
   1.4323714e-02
   1.5773851e-02
   1.7596021e-02
   2.0251648e-02
   2.4375995e-02
   2.9239842e-02
   3.4524653e-02
   4.1619356e-02
   4.5011803e-02
   4.5913278e-02
   4.0780729e-02
   3.1227959e-02
   2.1286249e-02
   1.1530526e-02
   6.2776693e-03
   2.1061467e-03
  -2.2705703e-03
  -4.6891972e-03
  -5.4429963e-03
  -4.1953136e-03
  -1.8492517e-03
   8.7866566e-04
   3.8674705e-03
   6.1509322e-03
   8.6756584e-03
   1.1751878e-02
   1.4152873e-02
   1.6050873e-02
   1.7442835e-02
   1.7803704e-02
   1.7590772e-02
   1.6781061e-02
   1.5917881e-02
   1.5193995e-02
   1.4666694e-02
   1.4773734e-02
   1.5573119e-02
   1.7563973e-02
   1.9899147e-02
   2.2460458e-02
   2.5558015e-02
   2.8532570e-02
   3.1198845e-02
   3.2623934e-02
   3.1351122e-02
   2.9739792e-02
   3.1629669e-02
   3.3094184e-02
   2.7353212e-02
   2.7696294e-02
   2.7896515e-02
   2.8334727e-02
   2.9153007e-02
   3.0114100e-02
   3.1278403e-02
   3.2655628e-02
   3.3514935e-02
   3.3883139e-02
   3.3792645e-02
   3.3189469e-02
   3.2124126e-02
   3.0525670e-02
   2.8534362e-02
   2.5997298e-02
   2.2824039e-02
   2.0115133e-02
   1.7522771e-02
   1.4498789e-02
   1.2133597e-02
   1.0295596e-02
   8.9929417e-03
   8.5166356e-03
   8.7037679e-03
   9.9162472e-03
   1.1712986e-02
   1.4208123e-02
   1.8434576e-02
   2.3100009e-02
   2.8263642e-02
   3.4798954e-02
   3.8948207e-02
   4.0807999e-02
   3.9220142e-02
   3.4411361e-02
   2.7660369e-02
   1.8888690e-02
   1.2355371e-02
   6.5550790e-03
   4.4218574e-04
  -3.2478348e-03
  -5.2837872e-03
  -5.8400529e-03
  -5.2157422e-03
  -3.7831104e-03
  -1.6223646e-03
   1.8329588e-04
   2.1545072e-03
   4.7128609e-03
   6.7573516e-03
   8.4273039e-03
   9.8043390e-03
   1.0241529e-02
   1.0303791e-02
   1.0025128e-02
   9.5721196e-03
   9.1737298e-03
   8.8902229e-03
   8.9879187e-03
   9.6313016e-03
   1.1310376e-02
   1.3407312e-02
   1.5730144e-02
   1.8690126e-02
   2.1440061e-02
   2.3598619e-02
   2.4580408e-02
   2.4140217e-02
   2.3790289e-02
   2.5350374e-02
   2.6730207e-02
   1.9130908e-02
   2.0096361e-02
   2.0597579e-02
   2.1101895e-02
   2.2076769e-02
   2.3224901e-02
   2.4519603e-02
   2.5978359e-02
   2.6927566e-02
   2.7341820e-02
   2.7296576e-02
   2.6614120e-02
   2.5566954e-02
   2.3992280e-02
   2.2016484e-02
   1.9597935e-02
   1.6409992e-02
   1.3696418e-02
   1.1236733e-02
   8.4641006e-03
   6.1871989e-03
   4.3166654e-03
   2.8653019e-03
   2.4231508e-03
   2.6615050e-03
   3.6972675e-03
   5.2590008e-03
   7.5301387e-03
   1.1530617e-02
   1.5714568e-02
   2.0280070e-02
   2.5980129e-02
   3.0114869e-02
   3.2807980e-02
   3.3395834e-02
   3.1439759e-02
   2.7652710e-02
   2.1295413e-02
   1.5505076e-02
   9.9559859e-03
   3.6609260e-03
  -7.1623127e-04
  -3.8247119e-03
  -6.0372686e-03
  -6.9598385e-03
  -7.0952866e-03
  -6.2929375e-03
  -5.4255300e-03
  -4.3251630e-03
  -2.4160010e-03
  -8.1285908e-04
   4.0242074e-04
   1.4608462e-03
   1.8202817e-03
   2.0129833e-03
   2.1186701e-03
   2.0070399e-03
   1.9113028e-03
   1.9980183e-03
   2.2405154e-03
   2.7956084e-03
   4.1898361e-03
   5.8962070e-03
   7.8111369e-03
   1.0374364e-02
   1.2684011e-02
   1.4383835e-02
   1.4874814e-02
   1.4654851e-02
   1.5159282e-02
   1.6825755e-02
   1.8118716e-02
   1.0816410e-02
   1.1982692e-02
   1.2795134e-02
   1.3452154e-02
   1.4347785e-02
   1.5469477e-02
   1.6748316e-02
   1.8166284e-02
   1.9119595e-02
   1.9609170e-02
   1.9627834e-02
   1.8960451e-02
   1.7848074e-02
   1.6270234e-02
   1.4604125e-02
   1.2544972e-02
   9.5368622e-03
   6.9865597e-03
   4.7390216e-03
   2.3713883e-03
   5.1019073e-04
  -1.1047882e-03
  -2.4877620e-03
  -2.8673097e-03
  -2.6083166e-03
  -1.5934853e-03
  -1.2827916e-04
   1.9786834e-03
   5.4746508e-03
   9.0459954e-03
   1.3033324e-02
   1.7919978e-02
   2.1622669e-02
   2.4612589e-02
   2.6543325e-02
   2.6451589e-02
   2.4974899e-02
   2.1230242e-02
   1.7012307e-02
   1.2388385e-02
   6.5915410e-03
   2.0079719e-03
  -1.8970934e-03
  -5.4414990e-03
  -7.5461252e-03
  -8.9606361e-03
  -9.6229078e-03
  -9.8260230e-03
  -9.6545646e-03
  -8.6310230e-03
  -7.5263295e-03
  -6.6267360e-03
  -6.0246191e-03
  -5.7859187e-03
  -5.5068206e-03
  -5.1541536e-03
  -4.9872077e-03
  -4.8736693e-03
  -4.5523862e-03
  -4.1919532e-03
  -3.6991152e-03
  -2.4814623e-03
  -1.0109176e-03
   6.1212756e-04
   2.6419100e-03
   4.2780198e-03
   5.5494575e-03
   6.0178691e-03
   6.1862102e-03
   7.1059504e-03
   8.6411973e-03
   9.7231391e-03
   3.8386649e-03
   4.6911013e-03
   5.4452073e-03
   6.2533252e-03
   7.0528106e-03
   7.8684797e-03
   9.0046803e-03
   1.0406650e-02
   1.1251190e-02
   1.1651643e-02
   1.1629222e-02
   1.1109340e-02
   1.0122392e-02
   8.7644116e-03
   7.5330538e-03
   5.9110175e-03
   3.4584973e-03
   1.4315609e-03
  -2.6427397e-04
  -1.9465319e-03
  -3.2953062e-03
  -4.5025417e-03
  -5.4676883e-03
  -5.6677408e-03
  -5.4082512e-03
  -4.3625522e-03
  -2.7124574e-03
  -6.7929453e-04
   2.2780216e-03
   5.2523844e-03
   8.7001943e-03
   1.2805291e-02
   1.5950108e-02
   1.8700764e-02
   2.1107912e-02
   2.1928489e-02
   2.1641185e-02
   1.9701183e-02
   1.6860360e-02
   1.3067239e-02
   7.7766183e-03
   3.3359158e-03
  -7.8147723e-04
  -4.8676337e-03
  -7.4318438e-03
  -9.3859187e-03
  -1.1029462e-02
  -1.2000457e-02
  -1.2605525e-02
  -1.2530256e-02
  -1.1923104e-02
  -1.1305073e-02
  -1.0914394e-02
  -1.0781560e-02
  -1.0481844e-02
  -9.9988100e-03
  -9.8053133e-03
  -9.7255934e-03
  -9.5579086e-03
  -9.2639959e-03
  -8.7314493e-03
  -7.6834927e-03
  -6.4786545e-03
  -5.1395129e-03
  -3.6077056e-03
  -2.4951949e-03
  -1.5987060e-03
  -9.4590282e-04
  -3.6162592e-04
   7.8828788e-04
   2.1537816e-03
   3.0126164e-03
  -1.3137904e-03
  -5.5587135e-04
   4.1407094e-05
   8.8690254e-04
   1.8617246e-03
   2.5455050e-03
   3.4296509e-03
   4.6753533e-03
   5.4700225e-03
   5.8690499e-03
   5.9092172e-03
   5.6214756e-03
   5.1925083e-03
   4.5291294e-03
   3.7831263e-03
   2.7256448e-03
   1.1911230e-03
  -1.9186452e-05
  -9.9978541e-04
  -2.0086441e-03
  -2.8142437e-03
  -3.5924726e-03
  -4.3390380e-03
  -4.6329463e-03
  -4.5008324e-03
  -3.5080551e-03
  -2.0679026e-03
  -4.0297660e-04
   1.8401161e-03
   4.1579668e-03
   6.7729745e-03
   9.8784074e-03
   1.2236648e-02
   1.4284345e-02
   1.6299263e-02
   1.7254235e-02
   1.7358637e-02
   1.6477641e-02
   1.4962883e-02
   1.2455355e-02
   8.5374953e-03
   5.2309576e-03
   1.9756561e-03
  -1.6276973e-03
  -4.1954351e-03
  -6.2638130e-03
  -8.3036097e-03
  -9.7833292e-03
  -1.1000002e-02
  -1.1917732e-02
  -1.2204914e-02
  -1.2299599e-02
  -1.2362953e-02
  -1.2432039e-02
  -1.2419111e-02
  -1.2064481e-02
  -1.1852472e-02
  -1.2096242e-02
  -1.2630442e-02
  -1.2818077e-02
  -1.2602677e-02
  -1.1834678e-02
  -1.1013636e-02
  -9.9881744e-03
  -8.7649431e-03
  -7.8757816e-03
  -7.1885838e-03
  -6.4682759e-03
  -5.6915543e-03
  -4.5889606e-03
  -3.1636548e-03
  -2.1450950e-03
  -2.9173213e-03
  -2.0475319e-03
  -1.3213672e-03
  -5.8966108e-04
   2.6592472e-04
   1.0364675e-03
   1.9312408e-03
   3.0858203e-03
   3.8341862e-03
   4.3071971e-03
   4.4264234e-03
   4.3185754e-03
   4.1681785e-03
   3.9039368e-03
   3.4150318e-03
   2.6763788e-03
   1.7511105e-03
   1.0976376e-03
   5.9706873e-04
   1.0939117e-04
  -3.3157268e-04
  -9.7150129e-04
  -1.7946718e-03
  -2.2862040e-03
  -2.4500349e-03
  -1.9881289e-03
  -1.0565237e-03
   1.2861625e-04
   1.8124635e-03
   3.6565475e-03
   5.6524593e-03
   8.1236658e-03
   1.0047962e-02
   1.1708555e-02
   1.3536701e-02
   1.4704858e-02
   1.5444533e-02
   1.5598337e-02
   1.4914289e-02
   1.3440989e-02
   1.0997104e-02
   8.6301444e-03
   5.9845271e-03
   2.7428573e-03
   1.9396384e-04
  -2.0767574e-03
  -4.3956406e-03
  -6.0935642e-03
  -7.4581769e-03
  -8.6700652e-03
  -9.5077985e-03
  -1.0187011e-02
  -1.0769583e-02
  -1.1198095e-02
  -1.1541755e-02
  -1.1626674e-02
  -1.1599313e-02
  -1.1728058e-02
  -1.2133909e-02
  -1.2388608e-02
  -1.2377886e-02
  -1.1964960e-02
  -1.1465845e-02
  -1.0747002e-02
  -9.7386778e-03
  -8.9980584e-03
  -8.4245748e-03
  -7.6691045e-03
  -6.6983169e-03
  -5.6141578e-03
  -4.4368702e-03
  -3.6195557e-03
  -3.7264349e-03
  -2.9270788e-03
  -2.3289635e-03
  -1.7312333e-03
  -9.7873846e-04
  -3.0007509e-04
   4.5858726e-04
   1.3585411e-03
   2.0014773e-03
   2.4818928e-03
   2.8146145e-03
   2.9238765e-03
   2.9563762e-03
   2.8659544e-03
   2.6412847e-03
   2.3942104e-03
   2.1754262e-03
   2.0497114e-03
   1.9643370e-03
   1.8235953e-03
   1.6408196e-03
   1.3711603e-03
   1.0694464e-03
   8.8386285e-04
   8.1072785e-04
   9.6353469e-04
   1.2759264e-03
   1.7952716e-03
   2.7908868e-03
   3.9828000e-03
   5.3540478e-03
   7.0859459e-03
   8.4177752e-03
   9.5960930e-03
   1.0863552e-02
   1.1697789e-02
   1.2280935e-02
   1.2405903e-02
   1.1923256e-02
   1.1021421e-02
   9.5674369e-03
   8.1337789e-03
   6.5182519e-03
   4.4601759e-03
   2.6328874e-03
   7.9698701e-04
  -1.2738622e-03
  -2.8341185e-03
  -4.1474683e-03
  -5.3216691e-03
  -6.0929260e-03
  -6.7873770e-03
  -7.5529415e-03
  -8.1527875e-03
  -8.6322066e-03
  -9.1169172e-03
  -9.4507278e-03
  -9.7052565e-03
  -9.9346225e-03
  -1.0082714e-02
  -1.0176964e-02
  -1.0165582e-02
  -1.0003058e-02
  -9.7193098e-03
  -9.3447077e-03
  -9.0785173e-03
  -8.7487210e-03
  -8.0874231e-03
  -7.2989775e-03
  -6.3646149e-03
  -5.2462415e-03
  -4.4353844e-03
  -3.8181700e-03
  -3.0749307e-03
  -2.5096218e-03
  -1.9641361e-03
  -1.3180363e-03
  -7.9541383e-04
  -2.9603510e-04
   2.7296547e-04
   7.1157104e-04
   1.0954135e-03
   1.4935459e-03
   1.7605180e-03
   2.0155409e-03
   2.2713094e-03
   2.4366514e-03
   2.6234956e-03
   2.8693733e-03
   3.0841310e-03
   3.2935771e-03
   3.5117409e-03
   3.6757294e-03
   3.8291043e-03
   3.9888052e-03
   4.1199820e-03
   4.2390767e-03
   4.4205167e-03
   4.6219843e-03
   4.8487816e-03
   5.1976886e-03
   5.5947646e-03
   6.0711470e-03
   6.7021761e-03
   7.1829248e-03
   7.5827720e-03
   7.9298478e-03
   8.1287645e-03
   8.2011667e-03
   8.0706509e-03
   7.7898448e-03
   7.3751053e-03
   6.6910784e-03
   6.0093101e-03
   5.2757619e-03
   4.3323137e-03
   3.5048036e-03
   2.6414416e-03
   1.5492308e-03
   6.2518045e-04
  -2.4948974e-04
  -1.1766750e-03
  -1.8533335e-03
  -2.4703120e-03
  -3.1170614e-03
  -3.5945473e-03
  -4.0449050e-03
  -4.5417355e-03
  -4.9221844e-03
  -5.2864816e-03
  -5.6880176e-03
  -5.9710610e-03
  -6.2154482e-03
  -6.4131547e-03
  -6.4731142e-03
  -6.4792027e-03
  -6.4897167e-03
  -6.5079540e-03
  -6.4761424e-03
  -6.2996000e-03
  -6.0144948e-03
  -5.6195416e-03
  -5.0174866e-03
  -4.4375815e-03
