  3.655120e-01
  3.665487e-01
  3.636749e-01
  3.611013e-01
  3.571329e-01
  3.531015e-01
  3.523895e-01
  3.531425e-01
  3.486766e-01
  3.387071e-01
  3.285869e-01
  3.163541e-01
  3.026463e-01
  2.869008e-01
  2.705369e-01
  2.545808e-01
  2.374927e-01
  2.294581e-01
  2.225086e-01
  2.157953e-01
  2.100705e-01
  2.072253e-01
  2.049512e-01
  2.069459e-01
  2.097081e-01
  2.122085e-01
  2.176267e-01
  2.223000e-01
  2.262076e-01
  2.340231e-01
  2.355981e-01
  2.373289e-01
  2.337231e-01
  2.289786e-01
  2.209169e-01
  2.116137e-01
  2.095086e-01
  2.111106e-01
  2.176659e-01
  2.215594e-01
  2.248952e-01
  2.208184e-01
  2.171085e-01
  2.083574e-01
  2.060349e-01
  2.033799e-01
  2.047312e-01
  2.071730e-01
  2.102900e-01
  2.173531e-01
  2.216905e-01
  2.262508e-01
  2.333241e-01
  2.391420e-01
  2.456885e-01
  2.537440e-01
  2.733248e-01
  2.912623e-01
  3.105218e-01
  3.290736e-01
  3.439772e-01
  3.566458e-01
  3.685610e-01
  3.790365e-01
  3.877818e-01
  3.942766e-01
  3.956088e-01
  3.951121e-01
  4.064328e-01
  4.262951e-01
  4.413418e-01
  4.617216e-01
