  -2.1977470e-01
  -2.1054025e-01
  -2.1415774e-01
  -2.0501545e-01
  -1.5944675e-01
  -8.1399290e-02
   2.4049384e-02
   9.6144807e-02
   1.2441419e-01
   1.0080122e-01
   6.6477648e-02
   2.2443698e-02
  -4.1344788e-02
  -1.0831659e-01
  -1.7701359e-01
  -2.5449915e-01
  -2.9423134e-01
  -3.1398504e-01
  -3.0579266e-01
  -2.6298126e-01
  -2.1213985e-01
  -1.6810997e-01
  -1.4412979e-01
  -1.4711230e-01
  -1.9265797e-01
  -2.2410266e-01
  -2.5632099e-01
  -2.8319552e-01
  -2.7881379e-01
  -2.7004220e-01
  -2.6188702e-01
  -2.6397672e-01
  -2.7224856e-01
  -2.8161798e-01
  -2.8310428e-01
  -2.6451171e-01
  -2.8876134e-01
  -3.4194272e-01
  -3.7523368e-01
  -4.2939885e-01
  -4.7347718e-01
  -5.1822377e-01
  -5.9039844e-01
  -6.7702679e-01
  -7.3243561e-01
  -7.8491742e-01
  -8.4049287e-01
  -8.1224538e-01
  -7.4955411e-01
  -6.6370755e-01
  -5.4509193e-01
  -3.9058059e-01
  -3.0566686e-01
  -2.7762335e-01
  -3.5163134e-01
  -4.1289571e-01
  -4.3995760e-01
  -4.5576106e-01
  -4.5362376e-01
  -4.7458193e-01
  -5.3364955e-01
  -5.1500752e-01
  -4.6145759e-01
  -4.2932991e-01
  -4.1648690e-01
  -4.1328698e-01
  -4.1986324e-01
  -4.2451309e-01
  -4.1471390e-01
  -3.7054111e-01
  -3.1450409e-01
  -2.6034408e-01
  -2.5717728e-01
  -3.3959962e-01
  -5.1020761e-01
  -7.3476518e-01
  -8.4418969e-01
  -8.3494519e-01
  -6.2646835e-01
  -3.0973587e-01
   4.3567041e-02
   3.5120775e-01
   4.4884902e-01
   4.4391574e-01
   3.5879926e-01
   2.0245667e-01
   3.7048031e-02
  -1.8925824e-01
  -3.8444571e-01
  -5.6683976e-01
  -7.0730830e-01
  -7.1596333e-01
  -6.4135669e-01
  -4.7331396e-01
  -3.5854215e-01
  -2.5511522e-01
  -9.3728873e-02
   5.0811127e-02
   1.4000841e-01
   1.0539509e-01
   9.6575449e-03
  -9.9697481e-02
  -2.4445856e-01
  -3.8737626e-01
  -5.5132320e-01
  -7.0726213e-01
  -7.5789234e-01
  -7.3662450e-01
  -7.6458364e-01
  -8.4051036e-01
  -8.9117275e-01
  -9.6468531e-01
  -1.0153462e+00
  -1.0292749e+00
  -9.8701408e-01
  -9.4467649e-01
  -9.1138317e-01
  -8.4746299e-01
  -8.0461165e-01
  -6.8947233e-01
  -5.7396418e-01
  -5.3644314e-01
  -4.5897603e-01
  -4.2271400e-01
  -4.5004566e-01
  -4.2574655e-01
  -3.8022084e-01
  -3.1430521e-01
  -2.0456224e-01
  -5.1446855e-02
   6.3329191e-02
   1.5287994e-01
   2.1861531e-01
   1.8700279e-01
   1.2909560e-01
   6.1788264e-02
   1.5079843e-02
  -3.9706454e-02
  -1.5705784e-01
  -2.9712738e-01
  -4.2716104e-01
  -4.8045381e-01
  -4.1535158e-01
  -3.0861988e-01
  -1.2602143e-01
  -1.4783242e-01
  -2.0617568e-01
  -2.8434950e-01
  -3.8381154e-01
  -5.0520709e-01
  -5.4943438e-01
  -3.3629170e-01
   1.0226548e-01
   5.5751946e-01
   5.6523747e-01
   3.8868608e-01
   2.4691594e-01
   2.1173380e-01
   1.9707980e-01
   6.0146492e-02
  -6.5661363e-02
  -1.7053073e-01
  -3.3686032e-01
  -4.4829319e-01
  -4.6785111e-01
  -3.6515377e-01
  -2.7851992e-01
  -2.8501416e-01
  -3.6262779e-01
  -3.5270318e-01
  -3.0638626e-01
  -3.8257787e-01
  -5.0750709e-01
  -5.0759880e-01
  -2.2438228e-01
  -1.2035343e-01
  -3.1836444e-01
  -6.2769215e-01
  -7.0921349e-01
  -7.3683983e-01
  -7.8296271e-01
  -7.8400549e-01
  -7.7816382e-01
  -8.5106750e-01
  -9.2568592e-01
  -9.4469327e-01
  -9.2158162e-01
  -8.8606882e-01
  -8.2976733e-01
  -6.7606998e-01
  -5.8823165e-01
  -5.0439665e-01
  -4.2376791e-01
  -3.6373403e-01
  -2.7932042e-01
  -2.4098603e-01
  -2.0733344e-01
  -1.6094948e-01
  -6.0345125e-02
   6.2766864e-02
   2.1019550e-01
   3.1404994e-01
   3.5192098e-01
   3.4586791e-01
   3.1397945e-01
   2.7303728e-01
   2.1655223e-01
   1.5246754e-01
   1.0004445e-01
   3.7372095e-02
  -4.0848897e-02
  -1.0694243e-01
  -1.9900108e-01
  -3.0943785e-01
  -3.0367583e-01
  -2.0960259e-01
   5.0781138e-03
   2.0188243e-02
   2.9275710e-02
   7.6330273e-02
  -4.5224581e-02
  -2.5420952e-01
  -3.9023055e-01
  -3.8527841e-01
  -1.9701634e-01
   2.5618110e-01
   3.6798130e-01
   1.9784954e-01
   5.8525088e-02
   1.5388659e-01
   2.8263959e-01
   3.6648291e-01
   3.9248934e-01
   3.9104778e-01
   1.9375201e-01
  -8.3119605e-02
  -2.2908167e-01
  -1.7031522e-01
  -7.0485333e-02
  -2.5266905e-02
  -5.6952437e-02
  -1.8559480e-01
  -2.8523142e-01
  -2.4182042e-01
  -3.3890568e-01
  -5.5111588e-01
  -4.6021154e-01
  -1.3494388e-01
   6.3887904e-02
   2.0120367e-01
   3.1308092e-01
   3.3531585e-01
   3.1011402e-01
   2.9947642e-01
   2.4717199e-01
   1.2242045e-01
   9.8665628e-03
  -9.4433574e-02
  -2.1323503e-01
  -2.9335072e-01
  -2.9684693e-01
  -1.0261825e-01
   4.9922712e-03
   5.6794325e-02
   9.9734696e-02
   1.1849726e-01
   1.4695876e-01
   2.0118479e-01
   2.2839787e-01
   2.6776437e-01
   2.3099791e-01
   1.0788854e-01
   6.6609980e-02
   1.1964790e-01
   1.3784137e-01
   1.1726696e-01
   1.4922339e-01
   1.9151374e-01
   2.0911958e-01
   2.3309442e-01
   2.4919315e-01
   2.4816923e-01
   2.1129690e-01
   1.4701268e-01
   7.1438316e-02
  -6.4825546e-02
  -1.6578150e-01
  -1.2966298e-01
   1.5364620e-01
   1.8975447e-01
   1.8953624e-01
   2.8969445e-01
   3.2812381e-01
   1.9180990e-01
  -2.0760100e-01
  -4.6325069e-01
  -3.4331439e-01
  -5.5187809e-02
  -7.3633552e-02
  -3.4377052e-02
   2.5419564e-01
   4.3533228e-01
   6.3014965e-01
   9.3128650e-01
   1.0876422e+00
   1.1901225e+00
   1.1297990e+00
   6.7515435e-01
   2.8594249e-01
   1.7399053e-01
   2.4215448e-01
   2.9852250e-01
   4.2485193e-01
   5.3458590e-01
   6.8171385e-01
   7.5213073e-01
   7.1692138e-01
   7.1879173e-01
   7.5880534e-01
   8.2845642e-01
   9.6849218e-01
   1.2144073e+00
   1.4385073e+00
   1.6207959e+00
   1.7480558e+00
   1.7753996e+00
   1.7735852e+00
   1.6714820e+00
   1.4738490e+00
   1.2817757e+00
   1.0018603e+00
   6.5886386e-01
   4.9011029e-01
   7.1587793e-01
   7.8668437e-01
   8.0154588e-01
   8.5783943e-01
   9.1937703e-01
   9.3657072e-01
   9.2941137e-01
   8.5602056e-01
   5.3601269e-01
   7.1513125e-02
   2.9711969e-02
   7.6313479e-02
   9.4568453e-02
   1.3418075e-01
   1.9027594e-01
   3.0221014e-01
   4.2589517e-01
   4.6027133e-01
   4.6388616e-01
   5.1981569e-01
   4.9455106e-01
   4.0729525e-01
   3.5051867e-01
   2.4918174e-01
   1.5634912e-01
   1.2610482e-01
   9.9370763e-02
   3.3684452e-01
   3.3247598e-01
   3.5108856e-01
   5.5181307e-01
   6.3755549e-01
   7.2893381e-01
   6.6993651e-01
   1.8694169e-01
  -1.5558127e-01
  -7.9442677e-02
   1.0597398e-01
   3.6469429e-01
   7.3257771e-01
   9.6136352e-01
   1.1260197e+00
   1.4601839e+00
   1.8325524e+00
   2.0666705e+00
   2.1623230e+00
   1.7580400e+00
   1.1362826e+00
   8.5419331e-01
   6.7770699e-01
   6.7401380e-01
   1.0878432e+00
   1.3968229e+00
   1.6955804e+00
   1.8653463e+00
   1.8639049e+00
   1.9168401e+00
   1.9570811e+00
   1.9992645e+00
   2.0674319e+00
   2.1562260e+00
   2.3186415e+00
   2.4881740e+00
   2.6393963e+00
   2.7573070e+00
   2.8334512e+00
   2.8379342e+00
   2.7567021e+00
   2.5792516e+00
   2.1865760e+00
   1.7027813e+00
   1.5033828e+00
   1.5751687e+00
   1.5917632e+00
   1.4998776e+00
   1.5539337e+00
   1.6852608e+00
   1.7649282e+00
   1.7332949e+00
   1.5437488e+00
   1.3678738e+00
   8.3967689e-01
   5.8597361e-01
   5.3551618e-01
   5.0361866e-01
   4.4032816e-01
   4.9906656e-01
   5.9967510e-01
   6.8083495e-01
   7.5362087e-01
   7.1192753e-01
   6.5834630e-01
   5.8987624e-01
   4.6250710e-01
   4.1354459e-01
   3.8157142e-01
   3.4033353e-01
   3.3457855e-01
   3.1319230e-01
   5.6549893e-01
   5.2041999e-01
   4.5020528e-01
   6.3930278e-01
   9.0330017e-01
   1.0950841e+00
   1.0940519e+00
   7.7082203e-01
   4.5836690e-01
   3.8923916e-01
   6.7612466e-01
   1.0184689e+00
   1.3380216e+00
   1.5217729e+00
   1.6001791e+00
   1.9490239e+00
   2.3992452e+00
   2.7412322e+00
   3.0527448e+00
   3.0093180e+00
   2.4115971e+00
   1.9200040e+00
   1.5768077e+00
   1.3941290e+00
   2.1276621e+00
   2.5424292e+00
   2.7800732e+00
   2.9962419e+00
   3.0194037e+00
   3.1017327e+00
   3.1351464e+00
   3.2019106e+00
   3.2329790e+00
   3.2610021e+00
   3.3239306e+00
   3.3621045e+00
   3.4809259e+00
   3.5332302e+00
   3.6654074e+00
   3.7265258e+00
   3.7157673e+00
   3.6563207e+00
   3.3449670e+00
   3.0234440e+00
   2.4643989e+00
   2.0650163e+00
   2.2677818e+00
   2.2695937e+00
   2.2728321e+00
   2.3902218e+00
   2.4455771e+00
   2.5167722e+00
   2.5046893e+00
   2.5581124e+00
   2.3758447e+00
   2.0774121e+00
   1.8007419e+00
   1.4618761e+00
   9.1653277e-01
   9.1547717e-01
   1.0023678e+00
   1.0188421e+00
   1.0768423e+00
   9.1656316e-01
   8.4486872e-01
   7.6844837e-01
   5.4104022e-01
   5.2971120e-01
   5.8023743e-01
   5.5488027e-01
   5.7997633e-01
   5.8422499e-01
   8.9358916e-01
   8.7930764e-01
   6.8834072e-01
   5.5423857e-01
   7.3074245e-01
   8.6492978e-01
   9.8739474e-01
   8.2419443e-01
   7.1781631e-01
   9.1423685e-01
   1.0772519e+00
   1.2501253e+00
   1.6622011e+00
   2.0226286e+00
   2.1468292e+00
   2.4359327e+00
   2.8474236e+00
   3.2366537e+00
   3.6008876e+00
   3.7499974e+00
   3.6294354e+00
   3.4521571e+00
   3.3444154e+00
   3.1555821e+00
   3.3935434e+00
   3.5873714e+00
   3.7475839e+00
   3.9317092e+00
   3.9749916e+00
   4.0404234e+00
   4.0685148e+00
   4.1245660e+00
   4.1476565e+00
   4.1651269e+00
   4.1891879e+00
   4.1950581e+00
   4.2533502e+00
   4.2895180e+00
   4.3849560e+00
   4.4705127e+00
   4.4815458e+00
   4.4520439e+00
   4.2876429e+00
   4.1837022e+00
   3.7559709e+00
   3.3065859e+00
   3.3033361e+00
   3.0062656e+00
   2.6656158e+00
   2.8577768e+00
   3.0237385e+00
   3.0911123e+00
   3.2219587e+00
   3.2849398e+00
   3.3813885e+00
   3.3334101e+00
   3.1485519e+00
   2.2496184e+00
   1.1729077e+00
   9.2801815e-01
   6.7252203e-01
   7.0481074e-01
   9.6933480e-01
   8.1138223e-01
   6.7894659e-01
   7.3589480e-01
   7.0339578e-01
   6.8918870e-01
   7.6260518e-01
   7.3294183e-01
   7.8342698e-01
   8.9694965e-01
   1.1213662e+00
   9.7989073e-01
   7.7197081e-01
   6.4619686e-01
   6.4468574e-01
   8.1968102e-01
   1.1810034e+00
   1.2846653e+00
   1.1683779e+00
   1.4034315e+00
   1.5607464e+00
   1.7543489e+00
   2.3371800e+00
   2.6263892e+00
   2.7116812e+00
   2.9295858e+00
   3.2594314e+00
   3.5807588e+00
   3.9477116e+00
   4.1312397e+00
   4.2812361e+00
   4.4318154e+00
   4.4753931e+00
   4.4270173e+00
   4.3071855e+00
   4.3359849e+00
   4.4533258e+00
   4.5574115e+00
   4.6089117e+00
   4.6277829e+00
   4.6503397e+00
   4.6634286e+00
   4.6772697e+00
   4.6875821e+00
   4.7041535e+00
   4.7377121e+00
   4.7911354e+00
   4.8535621e+00
   4.9241826e+00
   5.0074859e+00
   5.0359299e+00
   5.0157431e+00
   4.9256197e+00
   4.7799403e+00
   4.6392100e+00
   4.4256855e+00
   4.2391743e+00
   3.5806966e+00
   2.9971796e+00
   3.3211715e+00
   3.5451868e+00
   3.5266005e+00
   3.5646320e+00
   3.5812441e+00
   3.6097597e+00
   3.6290847e+00
   3.6038830e+00
   2.3583008e+00
   1.2019854e+00
   9.6227957e-01
   7.4562218e-01
   6.9576946e-01
   9.0553654e-01
   9.4268755e-01
   8.4512052e-01
   8.4251729e-01
   9.0961588e-01
   9.1219675e-01
   9.8619577e-01
   9.4074759e-01
   9.2157177e-01
   1.0734241e+00
   1.3209839e+00
   1.0307300e+00
   1.0258056e+00
   1.3614091e+00
   1.4852078e+00
   1.7048993e+00
   2.0761333e+00
   2.0298757e+00
   1.9168612e+00
   2.2927902e+00
   2.4812403e+00
   2.7444309e+00
   3.0075274e+00
   3.0710304e+00
   3.0858519e+00
   3.2928230e+00
   3.5296838e+00
   3.7965437e+00
   4.0830539e+00
   4.3096352e+00
   4.4713011e+00
   4.6446639e+00
   4.7589146e+00
   4.8195461e+00
   4.8198944e+00
   4.8625023e+00
   4.9296990e+00
   4.9923324e+00
   5.0044611e+00
   4.9738787e+00
   4.9112168e+00
   4.8455404e+00
   4.8028984e+00
   4.7881198e+00
   4.8307500e+00
   4.8975533e+00
   5.0036284e+00
   5.0884947e+00
   5.1783799e+00
   5.2611537e+00
   5.3120971e+00
   5.3202006e+00
   5.2780106e+00
   5.1799999e+00
   5.0624919e+00
   4.8764855e+00
   4.7303639e+00
   4.3771910e+00
   4.0224031e+00
   4.0265628e+00
   3.9790757e+00
   3.8598628e+00
   3.8208395e+00
   3.7894815e+00
   3.7960634e+00
   3.8056671e+00
   3.7768091e+00
   2.8760870e+00
   1.9791593e+00
   1.8065360e+00
   1.6711988e+00
   1.4486704e+00
   1.4377474e+00
   1.3949151e+00
   1.3178735e+00
   1.2199398e+00
   1.1861800e+00
   1.1727159e+00
   1.2546399e+00
   1.2151394e+00
   1.1421306e+00
   1.1842883e+00
   1.6030819e+00
   1.2756299e+00
   1.4888962e+00
   2.2445328e+00
   2.7992971e+00
   3.2087338e+00
   3.4264115e+00
   3.1572834e+00
   2.5107077e+00
   2.7222170e+00
   2.9576055e+00
   3.3217766e+00
   3.3107559e+00
   3.3205642e+00
   3.2949684e+00
   3.4864773e+00
   3.6393961e+00
   3.8495743e+00
   4.0619260e+00
   4.2684046e+00
   4.4501881e+00
   4.6444029e+00
   4.8153920e+00
   4.9495144e+00
   5.0624694e+00
   5.1073048e+00
   5.1548222e+00
   5.1561344e+00
   5.1278331e+00
   5.0393032e+00
   4.8760814e+00
   4.7263044e+00
   4.5884503e+00
   4.5389982e+00
   4.5928850e+00
   4.7129545e+00
   4.8609561e+00
   4.9902285e+00
   5.0979012e+00
   5.2071997e+00
   5.2752538e+00
   5.3103313e+00
   5.3101775e+00
   5.2492920e+00
   5.1704373e+00
   5.0293044e+00
   4.8986152e+00
   4.7818216e+00
   4.6438885e+00
   4.4044806e+00
   4.1952005e+00
   4.0259618e+00
   3.9316669e+00
   3.8744770e+00
   3.8375118e+00
   3.8659364e+00
   3.8748991e+00
   3.8036710e+00
   3.7228858e+00
   3.7706783e+00
   2.9623513e+00
   2.0553419e+00
   1.8874481e+00
   1.7116203e+00
   1.6141617e+00
   1.4929199e+00
   1.4530582e+00
   1.4288017e+00
   1.5431556e+00
   1.4534629e+00
   1.3857700e+00
   1.2929579e+00
   1.7429986e+00
   1.5710984e+00
   2.0471124e+00
   3.0370316e+00
   3.7437011e+00
   4.2791109e+00
   4.3246839e+00
   4.0144067e+00
   2.5395925e+00
   2.3578859e+00
   2.9110672e+00
   3.4459038e+00
   3.4508444e+00
   3.4324845e+00
   3.3999439e+00
   3.5136874e+00
   3.6073369e+00
   3.7468966e+00
   3.9035023e+00
   4.0611466e+00
   4.2290283e+00
   4.4281106e+00
   4.6238135e+00
   4.7951020e+00
   4.9772727e+00
   5.0106692e+00
   5.0793265e+00
   5.0394306e+00
   4.9166606e+00
   4.7476540e+00
   4.5360556e+00
   4.3576640e+00
   4.1558644e+00
   4.0698301e+00
   4.1355480e+00
   4.2888121e+00
   4.4733136e+00
   4.6319346e+00
   4.7563559e+00
   4.8842742e+00
   4.9624650e+00
   5.0096981e+00
   5.0358058e+00
   5.0144463e+00
   4.9779675e+00
   4.8694233e+00
   4.7764400e+00
   4.6381826e+00
   4.4898381e+00
   4.3188547e+00
   4.1611667e+00
   3.9940942e+00
   3.8794576e+00
   3.8113213e+00
   3.7340232e+00
   3.7709644e+00
   3.8335462e+00
   4.2684850e+00
   4.7681386e+00
   5.0374605e+00
   3.6818037e+00
   2.1838443e+00
   1.9464617e+00
   1.7995735e+00
   1.7306343e+00
   1.6488013e+00
   1.6481058e+00
   1.6542628e+00
   1.8056433e+00
   1.6301076e+00
   1.5382595e+00
   1.3654869e+00
   1.6389378e+00
   1.8605655e+00
   2.7477463e+00
   3.8078328e+00
   4.0623266e+00
   4.2423479e+00
   4.2703870e+00
   3.7737659e+00
   2.0920233e+00
   2.1264957e+00
   3.0753224e+00
   3.5155128e+00
   3.4777962e+00
   3.4064988e+00
   3.3868051e+00
   3.3787535e+00
   3.4377556e+00
   3.5020394e+00
   3.6125311e+00
   3.7244788e+00
   3.8494224e+00
   4.0627830e+00
   4.2480700e+00
   4.4529898e+00
   4.6292332e+00
   4.6317481e+00
   4.6389896e+00
   4.5523021e+00
   4.2897976e+00
   4.0807686e+00
   3.9109948e+00
   3.7782561e+00
   3.5829383e+00
   3.4724414e+00
   3.5744363e+00
   3.7333927e+00
   3.9504172e+00
   4.1058299e+00
   4.2432183e+00
   4.3615669e+00
   4.4404346e+00
   4.4963302e+00
   4.5202021e+00
   4.5394396e+00
   4.5224427e+00
   4.4693215e+00
   4.3986559e+00
   4.3039533e+00
   4.1853963e+00
   4.0536878e+00
   3.9182157e+00
   3.7720063e+00
   3.6683201e+00
   3.5859381e+00
   3.4875674e+00
   3.4726596e+00
   3.4678856e+00
   3.6522253e+00
   3.9184831e+00
   4.2032251e+00
   3.2224287e+00
   2.0167647e+00
   1.8423293e+00
   1.7741130e+00
   1.7308172e+00
   1.7443089e+00
   1.7788353e+00
   1.8109087e+00
   1.9577543e+00
   1.7881884e+00
   1.6182269e+00
   1.4648772e+00
   1.7860267e+00
   2.2171845e+00
   3.2092077e+00
   3.8671131e+00
   3.9498717e+00
   3.9647084e+00
   3.9964318e+00
   3.4503426e+00
   2.7193437e+00
   3.3004042e+00
   3.8336258e+00
   3.5959978e+00
   3.4223291e+00
   3.2793411e+00
   3.1746165e+00
   3.1163450e+00
   3.0630042e+00
   3.0579256e+00
   3.1166322e+00
   3.1865938e+00
   3.3010332e+00
   3.4769396e+00
   3.6636272e+00
   3.8732661e+00
   4.0079942e+00
   3.9691568e+00
   3.2925067e+00
   2.7983345e+00
   2.6345684e+00
   2.7891188e+00
   2.8434115e+00
   2.8219601e+00
   2.7037586e+00
   2.6061262e+00
   2.7654736e+00
   2.9601465e+00
   3.1635142e+00
   3.3336571e+00
   3.4677982e+00
   3.5638641e+00
   3.6419573e+00
   3.6988692e+00
   3.7315740e+00
   3.7644186e+00
   3.7778883e+00
   3.7572245e+00
   3.7340349e+00
   3.6844594e+00
   3.5913790e+00
   3.5072580e+00
   3.4072174e+00
   3.3087796e+00
   3.2328941e+00
   3.1487012e+00
   3.0517128e+00
   2.7562493e+00
   1.9583749e+00
   1.4821815e+00
   1.9474037e+00
   2.9238610e+00
   2.6705514e+00
   1.7616546e+00
   1.6958699e+00
   1.6862159e+00
   1.6643889e+00
   1.7609123e+00
   1.8915956e+00
   1.8684642e+00
   2.0089952e+00
   2.0111119e+00
   1.6563543e+00
   1.7848030e+00
   1.8056637e+00
   2.1083832e+00
   3.1340350e+00
   3.5506614e+00
   3.5255253e+00
   3.4125738e+00
   3.2182222e+00
   3.0900487e+00
   3.2042764e+00
   3.3519130e+00
   3.7432946e+00
   3.3935687e+00
   3.0997779e+00
   2.9063490e+00
   2.7194428e+00
   2.5387712e+00
   2.4239303e+00
   2.3596438e+00
   2.3573518e+00
   2.3843881e+00
   2.4530181e+00
   2.5994147e+00
   2.7487246e+00
   2.9120662e+00
   3.0462077e+00
   2.9632060e+00
   2.4245545e+00
   1.8759368e+00
   1.6084708e+00
   1.5032116e+00
   1.5326234e+00
   1.5270519e+00
   1.4424421e+00
   1.3884597e+00
   1.5590373e+00
   1.7557323e+00
   1.9892130e+00
   2.1538125e+00
   2.2854885e+00
   2.4040437e+00
   2.4821596e+00
   2.5417931e+00
   2.5985365e+00
   2.6358977e+00
   2.6714047e+00
   2.7051318e+00
   2.7162566e+00
   2.7095886e+00
   2.6775993e+00
   2.6460260e+00
   2.6046534e+00
   2.5458626e+00
   2.4990495e+00
   2.4426245e+00
   2.3059595e+00
   1.9906599e+00
   1.3739262e+00
   8.5533730e-01
   8.7933467e-01
   1.8183641e+00
   2.4293664e+00
   2.1025664e+00
   1.9123887e+00
   2.0455426e+00
   2.0497824e+00
   1.9918361e+00
   2.0176463e+00
   2.0371063e+00
   2.2455532e+00
   2.3053986e+00
   1.8238835e+00
   1.5454930e+00
   1.6968183e+00
   2.1507352e+00
   2.8739749e+00
   3.0580025e+00
   2.8902578e+00
   2.7142092e+00
   2.5247084e+00
   2.3372553e+00
   3.1191294e+00
   3.4937158e+00
   3.4275359e+00
   3.0360489e+00
   2.6614884e+00
   2.4015752e+00
   2.1617173e+00
   1.9219485e+00
   1.7792041e+00
   1.6866168e+00
   1.6367855e+00
   1.6266145e+00
   1.6544081e+00
   1.7536090e+00
   1.8663783e+00
   1.9951239e+00
   2.0966333e+00
   2.0108245e+00
   1.9019996e+00
   1.4036483e+00
   1.0086616e+00
   6.0911159e-01
   3.5711868e-01
  -1.8661077e-01
   1.8793015e-01
   2.9186863e-01
   4.7106832e-01
   6.6242602e-01
   8.8322180e-01
   1.0485729e+00
   1.1909510e+00
   1.3223205e+00
   1.4019054e+00
   1.4643837e+00
   1.5335857e+00
   1.5907410e+00
   1.6501486e+00
   1.7144251e+00
   1.7521800e+00
   1.7776091e+00
   1.7983802e+00
   1.8128621e+00
   1.8142910e+00
   1.7962630e+00
   1.7674180e+00
   1.7171168e+00
   1.5872709e+00
   1.4107405e+00
   1.1735240e+00
   9.7487780e-01
   8.4275203e-01
   1.3919190e+00
   2.2290745e+00
   2.6727129e+00
   2.6406286e+00
   2.9711831e+00
   3.0982912e+00
   2.6330745e+00
   2.2092359e+00
   2.1539630e+00
   2.3587278e+00
   2.2309596e+00
   1.8945677e+00
   1.2474933e+00
   1.4149793e+00
   1.9063341e+00
   2.4225887e+00
   2.4474323e+00
   2.1678087e+00
   1.9528335e+00
   1.7954087e+00
   1.5770989e+00
   2.5574912e+00
   3.0915240e+00
   2.8456393e+00
   2.4913195e+00
   2.0930111e+00
   1.7992808e+00
   1.5352974e+00
   1.2709880e+00
   1.1124815e+00
   9.9976817e-01
   9.1324988e-01
   8.6875347e-01
   8.5651106e-01
   9.0878895e-01
   9.8217987e-01
   1.0754113e+00
   1.1392575e+00
   1.0678158e+00
   1.1439967e+00
   8.7999797e-01
   6.3926996e-01
   1.2319703e-01
  -4.7480304e-01
  -1.2918698e+00
  -1.0178903e+00
  -7.7922809e-01
  -5.7448579e-01
  -4.0553625e-01
  -2.0106046e-01
  -3.0131455e-02
   1.2401888e-01
   2.6282261e-01
   3.3773148e-01
   3.9931053e-01
   4.7850306e-01
   5.5263731e-01
   6.3023779e-01
   7.1598433e-01
   7.7699710e-01
   8.3356714e-01
   9.0204136e-01
   9.5639613e-01
   9.9576040e-01
   1.0160822e+00
   1.0031104e+00
   9.5412866e-01
   8.2796224e-01
   7.5657145e-01
   7.1812739e-01
   6.8713200e-01
   5.0688972e-01
   6.9161158e-01
   1.5670446e+00
   2.5106761e+00
   2.9143258e+00
   3.4264595e+00
   3.6150013e+00
   3.0919259e+00
   2.3927863e+00
   2.1444010e+00
   2.2304251e+00
   2.0490021e+00
   1.8149526e+00
   1.1251023e+00
   9.8948784e-01
   1.3833506e+00
   1.8199039e+00
   1.7578545e+00
   1.4014145e+00
   1.1650466e+00
   1.0423995e+00
   8.6655123e-01
   1.6155801e+00
   2.1781546e+00
   2.0490941e+00
   1.7986319e+00
   1.4271133e+00
   1.1327222e+00
   8.6956719e-01
   6.0781244e-01
   4.4215164e-01
   3.1454966e-01
   2.0118974e-01
   1.2538783e-01
   7.4381779e-02
   8.2856489e-02
   1.1509393e-01
   1.7170650e-01
   1.9715988e-01
   1.5194130e-01
   1.4988319e-01
   2.7780056e-01
   4.5525474e-01
  -3.6561892e-03
  -9.7531993e-01
  -1.7562891e+00
  -2.1485139e+00
  -1.8112930e+00
  -1.5654514e+00
  -1.4337301e+00
  -1.2444881e+00
  -1.0641768e+00
  -8.9880160e-01
  -7.5688904e-01
  -6.9246804e-01
  -6.3530531e-01
  -5.4758515e-01
  -4.6101161e-01
  -3.7122663e-01
  -2.7081074e-01
  -1.8955850e-01
  -1.0248531e-01
   8.5405503e-03
   9.6575236e-02
   1.6986919e-01
   2.2520715e-01
   2.2680524e-01
   1.7666005e-01
   4.6663680e-02
   3.0901767e-02
  -3.0250899e-03
  -4.8772297e-02
  -2.0152576e-01
  -3.1443681e-01
   4.8253147e-01
   1.6408658e+00
   2.7038950e+00
   3.3729517e+00
   3.5542349e+00
   3.3281801e+00
   2.5579132e+00
   2.0209409e+00
   1.8896436e+00
   1.8056399e+00
   1.6050043e+00
   1.1768300e+00
   4.8251716e-01
   6.1980883e-01
   6.6939071e-01
   5.9072196e-01
   3.6254240e-01
   2.2129806e-01
   2.5126384e-01
   5.1964706e-01
   8.1479336e-01
   9.1195237e-01
   7.7817251e-01
   5.6838794e-01
   2.6579058e-01
   1.9144480e-02
  -2.0876550e-01
  -4.4301280e-01
  -6.0667526e-01
  -7.4867174e-01
  -8.8215950e-01
  -9.7235919e-01
  -1.0519796e+00
  -1.1042442e+00
  -1.1310314e+00
  -1.1404650e+00
  -1.1915353e+00
  -1.2585558e+00
  -1.1402555e+00
  -4.7590928e-01
   2.8125371e-02
  -1.0655032e-01
  -1.4308532e+00
  -1.7336384e+00
  -3.3428906e+00
  -3.7096820e+00
  -3.0682147e+00
  -2.9876764e+00
  -2.7842599e+00
  -2.5229103e+00
  -2.3285546e+00
  -2.1972458e+00
  -2.1521623e+00
  -2.1092406e+00
  -2.0354033e+00
  -1.9588043e+00
  -1.8753920e+00
  -1.7626813e+00
  -1.6495366e+00
  -1.5194748e+00
  -1.3578139e+00
  -1.2336723e+00
  -1.1266840e+00
  -1.0427816e+00
  -1.0360310e+00
  -1.0922601e+00
  -1.2136429e+00
  -1.3445598e+00
  -1.6676716e+00
  -1.3994154e+00
  -1.3230574e+00
  -1.9075109e+00
  -1.5837531e+00
   7.7260103e-02
   1.0122574e+00
   1.6735967e+00
   1.8394788e+00
   1.8905504e+00
   2.1786907e+00
   2.0777596e+00
   1.5140454e+00
   1.0959565e+00
   9.0970733e-01
   6.3576146e-01
  -1.9250292e-01
   3.2785000e-02
   4.2179448e-02
  -1.4313514e-01
  -1.9012166e-01
  -2.6373772e-01
  -2.9710521e-01
  -9.0367919e-02
   8.7125240e-02
   7.3781629e-02
  -3.5816737e-02
  -1.9993332e-01
  -4.4027122e-01
  -6.5048167e-01
  -8.5344104e-01
  -1.0708926e+00
  -1.2317317e+00
  -1.3725745e+00
  -1.4982243e+00
  -1.5783527e+00
  -1.6685697e+00
  -1.7625323e+00
  -1.8218510e+00
  -1.8769168e+00
  -1.9639040e+00
  -2.0241013e+00
  -1.8670077e+00
  -1.2132991e+00
  -4.8753602e-01
  -2.7334014e-01
  -9.9201747e-01
  -1.7000493e+00
  -2.8651078e+00
  -3.4016914e+00
  -3.8568944e+00
  -3.9131831e+00
  -3.6753306e+00
  -3.3088075e+00
  -3.0913861e+00
  -2.9633941e+00
  -2.9230798e+00
  -2.8952508e+00
  -2.8408221e+00
  -2.7799957e+00
  -2.7048008e+00
  -2.5801641e+00
  -2.4507009e+00
  -2.3059373e+00
  -2.1319713e+00
  -2.0005536e+00
  -1.8913855e+00
  -1.8151608e+00
  -1.8161987e+00
  -1.8739775e+00
  -1.9845303e+00
  -2.0818062e+00
  -2.2117660e+00
  -1.1472472e+00
  -1.2046406e+00
  -1.7417137e+00
  -2.0734607e+00
  -7.7848567e-01
  -1.0088771e-02
   5.1231993e-01
   6.6696423e-01
   7.2202667e-01
   1.0907242e+00
   1.3173295e+00
   8.0804736e-01
   4.6195340e-01
   3.8251791e-01
   1.7410446e-01
  -7.8322457e-01
  -5.2738721e-01
  -5.3259369e-01
  -7.6928796e-01
  -7.6920652e-01
  -7.9238618e-01
  -8.3156514e-01
  -6.8391666e-01
  -5.9000609e-01
  -6.6480087e-01
  -7.5203089e-01
  -8.7620118e-01
  -1.0655375e+00
  -1.2458269e+00
  -1.4287569e+00
  -1.6335171e+00
  -1.7901277e+00
  -1.9263840e+00
  -2.0430972e+00
  -2.1180446e+00
  -2.2216983e+00
  -2.3486787e+00
  -2.4299760e+00
  -2.5227638e+00
  -2.6375147e+00
  -2.6854561e+00
  -2.5008626e+00
  -1.8489782e+00
  -9.4475287e-01
  -5.0638082e-01
  -6.9344839e-01
  -1.6175272e+00
  -2.4306055e+00
  -3.2213546e+00
  -4.5267981e+00
  -4.7727733e+00
  -4.4700703e+00
  -3.9830386e+00
  -3.7420867e+00
  -3.6258092e+00
  -3.5935465e+00
  -3.5774450e+00
  -3.5376923e+00
  -3.4882112e+00
  -3.4185520e+00
  -3.2860838e+00
  -3.1465900e+00
  -2.9948643e+00
  -2.8184301e+00
  -2.6874733e+00
  -2.5836762e+00
  -2.5225501e+00
  -2.5347202e+00
  -2.5939329e+00
  -2.6827235e+00
  -2.7095911e+00
  -2.6160716e+00
  -9.9674937e-01
  -1.2128151e+00
  -1.6445103e+00
  -2.4128338e+00
  -1.5694535e+00
  -9.7849840e-01
  -5.8538832e-01
  -4.4064673e-01
  -3.6247899e-01
   1.0136042e-01
   5.6199688e-01
   1.0704648e-01
  -1.3498089e-01
  -6.5716457e-02
  -2.1646157e-01
  -1.4512405e+00
  -1.2786931e+00
  -1.2482422e+00
  -1.4366408e+00
  -1.6661382e+00
  -1.6544663e+00
  -1.5743780e+00
  -1.5065908e+00
  -1.4580491e+00
  -1.5129225e+00
  -1.5717966e+00
  -1.6508408e+00
  -1.7913359e+00
  -1.9427718e+00
  -2.1076308e+00
  -2.3031293e+00
  -2.4504999e+00
  -2.5724968e+00
  -2.6738347e+00
  -2.7521368e+00
  -2.8815459e+00
  -3.0370559e+00
  -3.1267453e+00
  -3.2565810e+00
  -3.3934259e+00
  -3.4115667e+00
  -3.2122318e+00
  -2.5434252e+00
  -1.4768941e+00
  -9.9078719e-01
  -5.7258522e-01
  -1.3894526e+00
  -1.8976872e+00
  -3.2436482e+00
  -5.2329093e+00
  -5.8708063e+00
  -5.4067152e+00
  -4.7111960e+00
  -4.4351492e+00
  -4.3544697e+00
  -4.3411486e+00
  -4.3345547e+00
  -4.3055418e+00
  -4.2626575e+00
  -4.1950589e+00
  -4.0603421e+00
  -3.9202854e+00
  -3.7756606e+00
  -3.6174883e+00
  -3.5043726e+00
  -3.4251108e+00
  -3.4023131e+00
  -3.4380203e+00
  -3.4990519e+00
  -3.5320735e+00
  -3.3754064e+00
  -2.8910598e+00
  -1.0045635e+00
  -1.5056405e+00
  -1.6560547e+00
  -2.5704176e+00
  -2.5706760e+00
  -2.2606508e+00
  -2.0333343e+00
  -1.8999644e+00
  -1.7459214e+00
  -1.1119807e+00
  -5.2011141e-01
  -8.9663364e-01
  -9.1682503e-01
  -5.3932782e-01
  -6.2404767e-01
  -1.5561327e+00
  -1.3128393e+00
  -1.4843456e+00
  -2.1354894e+00
  -2.2264100e+00
  -2.1851889e+00
  -2.0990473e+00
  -2.0422843e+00
  -2.0259358e+00
  -2.0613689e+00
  -2.0937823e+00
  -2.1448733e+00
  -2.2597412e+00
  -2.3988705e+00
  -2.5558069e+00
  -2.7443372e+00
  -2.8841464e+00
  -3.0004544e+00
  -3.1079541e+00
  -3.2067036e+00
  -3.3544931e+00
  -3.5318170e+00
  -3.6444059e+00
  -3.7903362e+00
  -3.8936461e+00
  -3.8255409e+00
  -3.5190521e+00
  -2.5676151e+00
  -1.3343030e+00
  -1.1024605e+00
  -9.0632869e-01
  -1.1776034e+00
  -1.6156947e+00
  -3.7853516e+00
  -4.4946428e+00
  -5.0105740e+00
  -4.2514720e+00
  -4.6201408e+00
  -4.9976202e+00
  -4.7816574e+00
  -4.7633961e+00
  -4.7525429e+00
  -4.7311616e+00
  -4.6978592e+00
  -4.6375156e+00
  -4.5199372e+00
  -4.4028246e+00
  -4.2850573e+00
  -4.1664806e+00
  -4.0978449e+00
  -4.0712625e+00
  -4.1108479e+00
  -4.1777645e+00
  -4.2271382e+00
  -4.1406024e+00
  -3.7507181e+00
  -2.8856731e+00
  -8.6902424e-01
  -1.1589036e+00
  -1.9764300e+00
  -3.1126905e+00
  -3.5473091e+00
  -3.4024243e+00
  -3.2259716e+00
  -3.0619518e+00
  -2.7816809e+00
  -1.8922478e+00
  -1.3013017e+00
  -1.6857253e+00
  -1.2906032e+00
  -8.1115541e-01
  -1.0401661e+00
  -1.5756420e+00
  -1.2141929e+00
  -1.5378062e+00
  -2.3857219e+00
  -2.4732424e+00
  -2.4299799e+00
  -2.3512242e+00
  -2.3016820e+00
  -2.2893678e+00
  -2.3078438e+00
  -2.3311536e+00
  -2.3778461e+00
  -2.4897942e+00
  -2.6277452e+00
  -2.7832848e+00
  -2.9672646e+00
  -3.1027731e+00
  -3.2192936e+00
  -3.3390098e+00
  -3.4526882e+00
  -3.6061140e+00
  -3.7925177e+00
  -3.9178971e+00
  -4.0615139e+00
  -4.1197825e+00
  -3.9737654e+00
  -3.5816374e+00
  -2.5437378e+00
  -1.2820201e+00
  -9.3914232e-01
  -8.2430823e-01
  -9.9215902e-01
  -1.3955520e+00
  -3.2634511e+00
  -3.3445622e+00
  -3.6197594e+00
  -3.2442975e+00
  -4.0434976e+00
  -4.9423900e+00
  -4.9427390e+00
  -4.9038579e+00
  -4.8969865e+00
  -4.8839530e+00
  -4.8586276e+00
  -4.8050402e+00
  -4.7025710e+00
  -4.6048621e+00
  -4.5114165e+00
  -4.4303513e+00
  -4.4031695e+00
  -4.4201133e+00
  -4.4995258e+00
  -4.5761094e+00
  -4.6023747e+00
  -4.4210440e+00
  -3.8796575e+00
  -2.7915205e+00
  -6.8918553e-01
  -9.0029965e-01
  -2.0753300e+00
  -3.4764011e+00
  -4.1133248e+00
  -4.0425561e+00
  -3.8852222e+00
  -3.6946924e+00
  -3.3281362e+00
  -2.3357249e+00
  -1.7608807e+00
  -1.9669987e+00
  -1.3247794e+00
  -9.5730325e-01
  -1.3552127e+00
  -1.5522062e+00
  -9.7581135e-01
  -1.5060351e+00
  -2.4938548e+00
  -2.6615094e+00
  -2.6324410e+00
  -2.5737440e+00
  -2.5331016e+00
  -2.5093016e+00
  -2.5028011e+00
  -2.5228318e+00
  -2.5775291e+00
  -2.6992617e+00
  -2.8424034e+00
  -2.9998815e+00
  -3.1782661e+00
  -3.3091030e+00
  -3.4296872e+00
  -3.5723558e+00
  -3.7059171e+00
  -3.8601099e+00
  -4.0526777e+00
  -4.1916899e+00
  -4.3200478e+00
  -4.3005297e+00
  -4.0378093e+00
  -3.5252137e+00
  -2.4759700e+00
  -1.2572622e+00
  -5.0962024e-01
  -4.3306443e-01
  -7.1853666e-01
  -1.0900168e+00
  -1.7740154e+00
  -1.2837559e+00
  -1.1069979e+00
  -1.7611623e+00
  -2.8337749e+00
  -4.4654250e+00
  -5.0266855e+00
  -4.9456113e+00
  -4.9501836e+00
  -4.9506716e+00
  -4.9368196e+00
  -4.8934936e+00
  -4.8133952e+00
  -4.7438251e+00
  -4.6868521e+00
  -4.6631940e+00
  -4.6989955e+00
  -4.7782936e+00
  -4.9057963e+00
  -4.9838950e+00
  -4.9667448e+00
  -4.6526664e+00
  -3.9257605e+00
  -2.5880070e+00
  -3.7964068e-01
  -5.5116876e-01
  -2.0901457e+00
  -3.9329093e+00
  -4.7398420e+00
  -4.7275589e+00
  -4.5800868e+00
  -4.3506722e+00
  -3.8742868e+00
  -2.8170793e+00
  -2.2770387e+00
  -2.0862999e+00
  -1.1635910e+00
  -1.1066463e+00
  -1.7845251e+00
  -1.9066515e+00
  -2.0058346e+00
  -2.3777162e+00
  -2.5000304e+00
  -2.6245179e+00
  -2.5832422e+00
  -2.5393909e+00
  -2.5085838e+00
  -2.4859775e+00
  -2.5003209e+00
  -2.5687111e+00
  -2.6772312e+00
  -2.8452316e+00
  -3.0074094e+00
  -3.1735828e+00
  -3.3539799e+00
  -3.4868891e+00
  -3.6126663e+00
  -3.7647701e+00
  -3.8947083e+00
  -4.0228859e+00
  -4.1623772e+00
  -4.2371049e+00
  -4.2683421e+00
  -4.1197751e+00
  -3.7457275e+00
  -3.1038065e+00
  -1.9812287e+00
  -8.1574736e-01
  -8.2770941e-03
  -2.5231653e-01
  -5.6901580e-01
  -7.5838740e-01
  -7.1946351e-01
  -9.6336132e-01
  -1.1527864e+00
  -1.7825205e+00
  -2.5692093e+00
  -4.1056259e+00
  -4.9488449e+00
  -4.6588092e+00
  -4.7085770e+00
  -4.6913064e+00
  -4.6623365e+00
  -4.6211624e+00
  -4.5776663e+00
  -4.5647341e+00
  -4.5788636e+00
  -4.6510100e+00
  -4.7657781e+00
  -4.9056542e+00
  -5.0508652e+00
  -5.0941112e+00
  -4.9977150e+00
  -4.5407726e+00
  -3.7229294e+00
  -2.4470977e+00
  -7.1183544e-01
  -5.1369472e-01
  -2.0811758e+00
  -4.4933954e+00
  -5.0363158e+00
  -4.9962733e+00
  -4.7825178e+00
  -4.4101718e+00
  -3.5719310e+00
  -2.4871450e+00
  -1.8974678e+00
  -1.4778839e+00
  -8.8649318e-01
  -1.1550490e+00
  -1.8295766e+00
  -2.0078696e+00
  -2.2542279e+00
  -2.4902648e+00
  -2.4395153e+00
  -2.5214652e+00
  -2.4935515e+00
  -2.4695137e+00
  -2.4577580e+00
  -2.4590535e+00
  -2.5154669e+00
  -2.6230748e+00
  -2.7652045e+00
  -2.9582704e+00
  -3.1271556e+00
  -3.2940376e+00
  -3.4737078e+00
  -3.6047450e+00
  -3.7261888e+00
  -3.8680705e+00
  -3.9795593e+00
  -4.0753989e+00
  -4.1602389e+00
  -4.1745615e+00
  -4.1276469e+00
  -3.8915218e+00
  -3.4563426e+00
  -2.7553662e+00
  -1.6038270e+00
  -4.4161855e-01
   2.5248526e-01
  -1.2451599e-01
  -4.6507557e-01
  -6.3762190e-01
  -4.8059483e-01
  -8.9258807e-01
  -1.2597329e+00
  -1.9038192e+00
  -2.4411815e+00
  -3.5807745e+00
  -4.6038629e+00
  -4.4335432e+00
  -4.4875151e+00
  -4.4480338e+00
  -4.4102590e+00
  -4.3753084e+00
  -4.3592226e+00
  -4.3791236e+00
  -4.4331114e+00
  -4.5539951e+00
  -4.7002165e+00
  -4.8586401e+00
  -4.9990263e+00
  -5.0126807e+00
  -4.8688922e+00
  -4.3534865e+00
  -3.5359114e+00
  -2.3772345e+00
  -1.0016103e+00
  -6.1294772e-01
  -2.0247888e+00
  -4.5478826e+00
  -5.0751081e+00
  -4.9723144e+00
  -4.7363100e+00
  -4.2534353e+00
  -3.1502002e+00
  -1.9891051e+00
  -1.4822480e+00
  -1.1328986e+00
  -8.1178177e-01
  -1.1915934e+00
  -1.8886560e+00
  -2.0642909e+00
  -2.3198420e+00
  -2.3358480e+00
  -2.3066147e+00
  -2.3167485e+00
  -2.3231107e+00
  -2.3349162e+00
  -2.3596441e+00
  -2.4117796e+00
  -2.5491548e+00
  -2.7190810e+00
  -2.9089888e+00
  -3.1349006e+00
  -3.3095487e+00
  -3.4740002e+00
  -3.6511929e+00
  -3.7772633e+00
  -3.8870301e+00
  -4.0026466e+00
  -4.0761212e+00
  -4.1142718e+00
  -4.1057599e+00
  -4.0194581e+00
  -3.8486990e+00
  -3.4830267e+00
  -2.9670522e+00
  -2.1979282e+00
  -1.0174753e+00
   1.6190023e-01
   5.8508967e-01
   6.8033966e-02
  -3.0961983e-01
  -5.2880384e-01
  -4.4660967e-01
  -8.8613218e-01
  -1.4688203e+00
  -2.1548688e+00
  -2.2862562e+00
  -2.6160825e+00
  -3.8976337e+00
  -4.0796917e+00
  -4.1221502e+00
  -4.0429967e+00
  -3.9931676e+00
  -3.9706177e+00
  -3.9968134e+00
  -4.0615434e+00
  -4.1688849e+00
  -4.3509776e+00
  -4.5289086e+00
  -4.6996588e+00
  -4.8216204e+00
  -4.7875083e+00
  -4.5778728e+00
  -4.0017486e+00
  -3.2261004e+00
  -2.2911200e+00
  -1.4734990e+00
  -8.4335685e-01
  -1.9076497e+00
  -4.4101539e+00
  -5.0236901e+00
  -4.7986199e+00
  -4.5449259e+00
  -3.8894359e+00
  -2.3810710e+00
  -1.0684711e+00
  -7.6222689e-01
  -6.6792367e-01
  -7.7717205e-01
  -1.2481452e+00
  -1.9951763e+00
  -1.9565477e+00
  -2.1388688e+00
  -2.1490369e+00
  -2.1626578e+00
  -2.2158349e+00
  -2.2721082e+00
  -2.3470681e+00
  -2.4368085e+00
  -2.5673285e+00
  -2.7956983e+00
  -3.0192989e+00
  -3.2407692e+00
  -3.4793472e+00
  -3.6486103e+00
  -3.7948197e+00
  -3.9375012e+00
  -4.0285682e+00
  -4.0952623e+00
  -4.1437230e+00
  -4.1473461e+00
  -4.0962714e+00
  -3.9515220e+00
  -3.7378831e+00
  -3.4316872e+00
  -2.9189484e+00
  -2.3119819e+00
  -1.4539530e+00
  -7.3523233e-02
   1.2816727e+00
   1.1801976e+00
   4.4121840e-01
   4.3644349e-02
  -2.4167892e-01
  -3.3106133e-01
  -6.3756187e-01
  -1.0418695e+00
  -1.3613295e+00
  -1.5780322e+00
  -1.8095639e+00
  -3.0035563e+00
  -3.6196554e+00
  -3.6900111e+00
  -3.5974488e+00
  -3.5682505e+00
  -3.5752471e+00
  -3.6311968e+00
  -3.7219116e+00
  -3.8503627e+00
  -4.0314106e+00
  -4.1805291e+00
  -4.3010181e+00
  -4.3410051e+00
  -4.2325737e+00
  -3.9650359e+00
  -3.3991320e+00
  -2.7626675e+00
  -2.0932421e+00
  -1.5027871e+00
  -9.4257615e-01
  -1.8149272e+00
  -3.5607488e+00
  -4.1873529e+00
  -4.2079918e+00
  -3.8053432e+00
  -2.6196375e+00
  -8.7081827e-01
  -1.9883894e-01
  -2.5683208e-01
  -4.6785044e-01
  -9.1034753e-01
  -1.3937640e+00
  -1.7217918e+00
  -1.9413773e+00
  -2.0929036e+00
  -2.1182708e+00
  -2.1657193e+00
  -2.2453733e+00
  -2.3300769e+00
  -2.4432189e+00
  -2.5679767e+00
  -2.7357246e+00
  -3.0016082e+00
  -3.2454470e+00
  -3.4769470e+00
  -3.7166100e+00
  -3.8803134e+00
  -4.0149340e+00
  -4.1345952e+00
  -4.2004973e+00
  -4.2356286e+00
  -4.2368590e+00
  -4.1937625e+00
  -4.0878068e+00
  -3.8654521e+00
  -3.5822470e+00
  -3.2027261e+00
  -2.6074800e+00
  -1.9478582e+00
  -1.0292736e+00
   3.6974376e-01
   1.7674398e+00
   1.6132722e+00
   7.2383912e-01
   2.3069411e-01
  -9.9796054e-02
  -2.6293458e-01
  -5.0192463e-01
  -8.0848607e-01
  -1.0386486e+00
  -1.3233416e+00
  -1.5876594e+00
  -2.7235134e+00
  -3.3859149e+00
  -3.4882131e+00
  -3.4096108e+00
  -3.4014673e+00
  -3.4298697e+00
  -3.5020688e+00
  -3.6019249e+00
  -3.7325455e+00
  -3.8982748e+00
  -4.0171626e+00
  -4.0944383e+00
  -4.0743104e+00
  -3.9205013e+00
  -3.6243001e+00
  -3.0715497e+00
  -2.5065053e+00
  -1.9549850e+00
  -1.4528857e+00
  -9.0895463e-01
  -1.6184398e+00
  -3.1149874e+00
  -3.6616554e+00
  -3.7418427e+00
  -3.2356152e+00
  -1.7823355e+00
  -1.0631840e-01
   2.0324965e-01
  -3.2823658e-02
  -4.1488759e-01
  -1.0275089e+00
  -1.5947574e+00
  -1.6802117e+00
  -1.9805647e+00
  -2.0977096e+00
  -2.1729229e+00
  -2.2875754e+00
  -2.4123897e+00
  -2.5426935e+00
  -2.7201127e+00
  -2.8982661e+00
  -3.1155220e+00
  -3.4218899e+00
  -3.6839797e+00
  -3.9206384e+00
  -4.1536139e+00
  -4.3049737e+00
  -4.4193596e+00
  -4.4974757e+00
  -4.5158296e+00
  -4.4906743e+00
  -4.4038080e+00
  -4.2762478e+00
  -4.0766893e+00
  -3.7298581e+00
  -3.3391530e+00
  -2.8472784e+00
  -2.1214346e+00
  -1.3762237e+00
  -3.4688167e-01
   9.5089639e-01
   2.3375005e+00
   2.4372537e+00
   1.2734483e+00
   5.1122018e-01
   9.7983980e-02
  -1.5049023e-01
  -2.9255566e-01
  -4.4764886e-01
  -6.9890104e-01
  -1.1193083e+00
  -1.5582653e+00
  -2.5895084e+00
  -3.0499246e+00
  -3.2255244e+00
  -3.1990069e+00
  -3.2374238e+00
  -3.3064504e+00
  -3.4037514e+00
  -3.5104877e+00
  -3.6310392e+00
  -3.7519563e+00
  -3.8033582e+00
  -3.7912725e+00
  -3.6562734e+00
  -3.4254959e+00
  -3.0892583e+00
  -2.5676851e+00
  -2.1063861e+00
  -1.6981135e+00
  -1.2813049e+00
  -7.3110271e-01
  -1.1057639e+00
  -2.4523622e+00
  -2.7506856e+00
  -2.8158323e+00
  -2.1177179e+00
  -2.8262499e-01
   9.8822522e-01
   7.1994350e-01
   2.3865583e-01
  -4.1380664e-01
  -1.2722113e+00
  -2.0794312e+00
  -1.7704492e+00
  -2.1994380e+00
  -2.3461553e+00
  -2.4754752e+00
  -2.6492816e+00
  -2.8105832e+00
  -2.9834366e+00
  -3.2103180e+00
  -3.4141849e+00
  -3.6384741e+00
  -3.9312606e+00
  -4.1713401e+00
  -4.3862994e+00
  -4.5982054e+00
  -4.7363791e+00
  -4.8393904e+00
  -4.8986521e+00
  -4.8930361e+00
  -4.8348544e+00
  -4.6899201e+00
  -4.4989618e+00
  -4.2279212e+00
  -3.7809904e+00
  -3.2980512e+00
  -2.7085855e+00
  -1.8486857e+00
  -9.2122816e-01
   3.3462914e-01
   9.6527875e-01
   1.7971846e+00
   2.8203963e+00
   1.6732997e+00
   6.6319054e-01
   1.5898291e-01
  -6.8234497e-02
  -2.0077166e-01
  -2.1107418e-01
  -4.8497589e-01
  -9.1004465e-01
  -1.5361832e+00
  -2.6484785e+00
  -2.9304011e+00
  -3.1685177e+00
  -3.2144321e+00
  -3.2924567e+00
  -3.4088790e+00
  -3.5512681e+00
  -3.6746774e+00
  -3.7949588e+00
  -3.8938339e+00
  -3.9083832e+00
  -3.8493049e+00
  -3.6579513e+00
  -3.3879700e+00
  -3.0239936e+00
  -2.4820380e+00
  -1.9990453e+00
  -1.5361540e+00
  -9.9067583e-01
  -3.9450853e-01
  -4.3417995e-01
  -2.0368472e+00
  -1.7990730e+00
  -1.8459907e+00
  -7.9283943e-01
   1.1499747e+00
   2.1212539e+00
   1.2383417e+00
   3.9772126e-01
  -4.2448248e-01
  -1.3351488e+00
  -2.0913063e+00
  -1.9046248e+00
  -2.3659547e+00
  -2.5330645e+00
  -2.6958358e+00
  -2.9071266e+00
  -3.0935944e+00
  -3.2938605e+00
  -3.5506935e+00
  -3.7711937e+00
  -4.0015706e+00
  -4.2885521e+00
  -4.5181296e+00
  -4.7216238e+00
  -4.9199165e+00
  -5.0485495e+00
  -5.1420481e+00
  -5.1857889e+00
  -5.1631639e+00
  -5.0838783e+00
  -4.9048417e+00
  -4.6777956e+00
  -4.3660555e+00
  -3.8626253e+00
  -3.3273912e+00
  -2.6803491e+00
  -1.7313715e+00
  -6.7020598e-01
   7.2093936e-01
   9.8930187e-01
   1.5423199e+00
   2.9953973e+00
   1.9379637e+00
   7.7902968e-01
   1.9965914e-01
  -5.1221961e-02
  -1.3062569e-01
  -6.8817496e-02
  -3.6610856e-01
  -7.9648508e-01
  -1.5075239e+00
  -2.6896993e+00
  -2.8940466e+00
  -3.1689014e+00
  -3.2640372e+00
  -3.3585872e+00
  -3.4974764e+00
  -3.6697446e+00
  -3.8067877e+00
  -3.9312559e+00
  -4.0224874e+00
  -4.0207428e+00
  -3.9394827e+00
  -3.7211379e+00
  -3.4325849e+00
  -3.0549585e+00
  -2.4992533e+00
  -1.9931306e+00
  -1.4775335e+00
  -8.1318770e-01
  -1.7110125e-01
  -2.4322335e-02
  -1.8083091e+00
  -1.2070411e+00
  -1.2772767e+00
  -2.5762018e-03
   1.9265844e+00
   2.8083199e+00
   1.5808962e+00
   4.8588462e-01
  -4.3412967e-01
  -1.3784420e+00
  -2.1110260e+00
  -2.0239494e+00
  -2.8186946e+00
  -3.0337773e+00
  -3.2601348e+00
  -3.5466611e+00
  -3.7923523e+00
  -4.0495570e+00
  -4.3605785e+00
  -4.6159093e+00
  -4.8654526e+00
  -5.1527163e+00
  -5.3758920e+00
  -5.5661088e+00
  -5.7359623e+00
  -5.8403975e+00
  -5.9049846e+00
  -5.9023510e+00
  -5.8378338e+00
  -5.7154408e+00
  -5.4794330e+00
  -5.1973609e+00
  -4.8235139e+00
  -4.2362093e+00
  -3.6222187e+00
  -2.8777811e+00
  -1.7324209e+00
  -3.2525905e-01
   1.3022850e+00
   1.1010325e+00
   1.4036089e+00
   3.0578747e+00
   2.5172631e+00
   1.0947695e+00
   2.8991802e-01
  -1.6664689e-01
   6.1220204e-02
   1.8409954e-01
  -1.9863369e-01
  -6.4969094e-01
  -1.3875231e+00
  -2.7888475e+00
  -2.9888550e+00
  -3.3251918e+00
  -3.5332771e+00
  -3.6244750e+00
  -3.7762243e+00
  -4.0140352e+00
  -4.1915150e+00
  -4.3429513e+00
  -4.4457802e+00
  -4.4414020e+00
  -4.3479802e+00
  -4.1126046e+00
  -3.8134892e+00
  -3.4251960e+00
  -2.8383413e+00
  -2.2458225e+00
  -1.5473529e+00
  -4.8538840e-01
   3.2039739e-01
   7.3139366e-01
  -1.4976972e+00
  -6.5541896e-02
  -3.3112131e-01
   1.3736488e+00
   2.9264553e+00
   4.0556845e+00
   2.3283333e+00
   6.0902530e-01
  -4.6577070e-01
  -1.4798687e+00
  -2.2025553e+00
  -2.4095688e+00
  -3.0085507e+00
  -3.2493865e+00
  -3.5089894e+00
  -3.8337909e+00
  -4.1078310e+00
  -4.3901589e+00
  -4.7273827e+00
  -4.9990212e+00
  -5.2582098e+00
  -5.5505943e+00
  -5.7676306e+00
  -5.9465041e+00
  -6.0993257e+00
  -6.1834770e+00
  -6.2233691e+00
  -6.1897075e+00
  -6.0940954e+00
  -5.9378753e+00
  -5.6655991e+00
  -5.3550553e+00
  -4.9569543e+00
  -4.3542467e+00
  -3.7393067e+00
  -3.0019559e+00
  -1.8531148e+00
  -4.0840447e-01
   1.2092355e+00
   1.1409146e+00
   1.5172213e+00
   2.9657462e+00
   2.8978613e+00
   1.3223586e+00
   2.0624984e-01
  -2.5021730e-01
   2.1866856e-01
   2.8914027e-01
  -1.6362154e-01
  -6.6287722e-01
  -1.4281868e+00
  -2.8983695e+00
  -3.0037210e+00
  -3.3625803e+00
  -3.6608214e+00
  -3.7674101e+00
  -3.8824184e+00
  -4.1441464e+00
  -4.3363494e+00
  -4.4969022e+00
  -4.6003656e+00
  -4.5905121e+00
  -4.4925736e+00
  -4.2583100e+00
  -3.9663627e+00
  -3.5924194e+00
  -3.0362541e+00
  -2.4648009e+00
  -1.7588883e+00
  -5.8284979e-01
   4.1796323e-01
   8.8515240e-01
  -1.6023852e+00
   1.4221980e-01
  -1.2638366e-01
   1.7009155e+00
   3.0310226e+00
   3.6026423e+00
   2.0440915e+00
   4.7460945e-01
  -6.2882317e-01
  -1.7954383e+00
  -2.3809916e+00
  -2.5947096e+00
  -3.1516015e+00
  -3.4118415e+00
  -3.6964937e+00
  -4.0501344e+00
  -4.3455345e+00
  -4.6467921e+00
  -5.0037585e+00
  -5.2876843e+00
  -5.5541404e+00
  -5.8503832e+00
  -6.0627936e+00
  -6.2331204e+00
  -6.3731089e+00
  -6.4419769e+00
  -6.4632621e+00
  -6.4062217e+00
  -6.2871807e+00
  -6.1054729e+00
  -5.8058696e+00
  -5.4738733e+00
  -5.0574975e+00
  -4.4431843e+00
  -3.8275289e+00
  -3.0955177e+00
  -1.9440539e+00
  -4.7105200e-01
   1.1391256e+00
   1.1709645e+00
   1.6028247e+00
   2.8963302e+00
   3.1846304e+00
   1.4938401e+00
   1.4320842e-01
  -3.1318505e-01
   3.3730108e-01
   3.6828524e-01
  -1.3724096e-01
  -6.7281267e-01
  -1.4588256e+00
  -2.9808910e+00
  -3.0149220e+00
  -3.3907513e+00
  -3.7569221e+00
  -3.8751073e+00
  -3.9624325e+00
  -4.2421812e+00
  -4.4454778e+00
  -4.6128994e+00
  -4.7168410e+00
  -4.7028620e+00
  -4.6015203e+00
  -4.3680946e+00
  -4.0815483e+00
  -3.7184172e+00
  -3.1853754e+00
  -2.6297945e+00
  -1.9182737e+00
  -6.5628397e-01
   4.9147611e-01
   1.0010049e+00
  -1.6812644e+00
   2.9876188e-01
   2.7879905e-02
   1.9475009e+00
   3.1098108e+00
   3.2612888e+00
   1.8299240e+00
   3.7333123e-01
  -7.5167822e-01
  -2.0332102e+00
  -2.5154379e+00
  -2.7342075e+00
  -2.9174314e+00
  -3.1934785e+00
  -3.4989412e+00
  -3.8813441e+00
  -4.2102093e+00
  -4.5392432e+00
  -4.9229805e+00
  -5.2342731e+00
  -5.5287224e+00
  -5.8502338e+00
  -6.0783781e+00
  -6.2611450e+00
  -6.4091275e+00
  -6.4757796e+00
  -6.4873248e+00
  -6.4189009e+00
  -6.2930049e+00
  -6.1062151e+00
  -5.8063855e+00
  -5.4814494e+00
  -5.0747633e+00
  -4.4743797e+00
  -3.8732118e+00
  -3.1691210e+00
  -2.1575948e+00
  -1.0682316e+00
   1.3617501e-01
   8.0637498e-01
   1.6443491e+00
   2.4614923e+00
   2.4575748e+00
   1.3010546e+00
  -2.4194093e-01
  -5.4979867e-01
   1.5846185e-02
   2.0938766e-01
  -3.5831948e-01
  -1.0607375e+00
  -2.1836282e+00
  -2.9199099e+00
  -2.5411077e+00
  -2.9249696e+00
  -3.6505709e+00
  -3.9582289e+00
  -3.7523819e+00
  -3.9406286e+00
  -4.1744566e+00
  -4.3695212e+00
  -4.5050889e+00
  -4.5211189e+00
  -4.4575364e+00
  -4.2798148e+00
  -4.0482202e+00
  -3.7444845e+00
  -3.2938322e+00
  -2.8352698e+00
  -2.2703448e+00
  -1.3542175e+00
  -4.0150612e-01
   2.7800807e-01
  -1.6219235e+00
   2.8738552e-02
  -2.0284737e-01
   1.3643734e+00
   2.5834218e+00
   2.2945345e+00
   7.7145055e-01
  -2.0973566e-01
  -1.1023379e+00
  -2.4260195e+00
  -2.8103053e+00
  -2.6467815e+00
  -2.6765633e+00
  -2.9156559e+00
  -3.1889605e+00
  -3.5444972e+00
  -3.8627543e+00
  -4.1869078e+00
  -4.5714934e+00
  -4.8923249e+00
  -5.2029368e+00
  -5.5469825e+00
  -5.7980378e+00
  -6.0047294e+00
  -6.1788563e+00
  -6.2672141e+00
  -6.2993633e+00
  -6.2519317e+00
  -6.1430046e+00
  -5.9711179e+00
  -5.6839869e+00
  -5.3707681e+00
  -4.9815389e+00
  -4.4159987e+00
  -3.8641220e+00
  -3.2393906e+00
  -2.4038073e+00
  -1.6035280e+00
  -7.6071811e-01
  -9.2576660e-02
   7.9025156e-01
   1.6815366e+00
   2.0186295e+00
   7.2124218e-01
  -4.3628533e-01
  -1.0101686e+00
  -7.8576765e-01
  -3.7867005e-01
  -6.8901887e-01
  -1.4391615e+00
  -2.5595460e+00
  -2.6648714e+00
  -2.1938042e+00
  -2.4345674e+00
  -3.0126558e+00
  -3.6959674e+00
  -3.6595013e+00
  -3.7104698e+00
  -3.9658940e+00
  -4.1768444e+00
  -4.3367257e+00
  -4.3790018e+00
  -4.3462431e+00
  -4.2077245e+00
  -4.0097996e+00
  -3.7406473e+00
  -3.3391729e+00
  -2.9467352e+00
  -2.4983459e+00
  -1.8350364e+00
  -1.1181767e+00
  -2.5558967e-01
  -1.6626222e+00
  -1.6779471e-01
  -4.4898622e-01
   8.2410030e-01
   1.9930399e+00
   1.9433216e+00
   4.1921310e-01
  -5.1676970e-01
  -1.2625631e+00
  -2.3295027e+00
  -2.6335915e+00
  -2.5010739e+00
  -2.3568847e+00
  -2.5469314e+00
  -2.7775561e+00
  -3.0974359e+00
  -3.4016141e+00
  -3.7192904e+00
  -4.1050017e+00
  -4.4384932e+00
  -4.7705561e+00
  -5.1445091e+00
  -5.4259720e+00
  -5.6644162e+00
  -5.8732418e+00
  -5.9904072e+00
  -6.0499019e+00
  -6.0303311e+00
  -5.9439250e+00
  -5.7918178e+00
  -5.5215402e+00
  -5.2238726e+00
  -4.8578121e+00
  -4.3385158e+00
  -3.8520582e+00
  -3.3326519e+00
  -2.7305791e+00
  -2.3139702e+00
  -1.9510692e+00
  -1.2856598e+00
  -3.4330151e-01
   6.4638405e-01
   1.4360640e+00
  -4.8281298e-02
  -6.9421802e-01
  -1.6211688e+00
  -1.8496646e+00
  -1.1591367e+00
  -1.1279211e+00
  -1.9414036e+00
  -3.0584618e+00
  -2.3263858e+00
  -1.7328653e+00
  -1.7837086e+00
  -2.1660188e+00
  -3.3478955e+00
  -3.5362307e+00
  -3.4050046e+00
  -3.6890910e+00
  -3.9211250e+00
  -4.1132751e+00
  -4.1903847e+00
  -4.1985352e+00
  -4.1120467e+00
  -3.9588081e+00
  -3.7355545e+00
  -3.3993487e+00
  -3.0946714e+00
  -2.8009477e+00
  -2.4731763e+00
  -2.0693376e+00
  -9.6377733e-01
  -1.7166371e+00
  -4.2863245e-01
  -7.7566020e-01
   1.0705311e-01
   1.2094886e+00
   1.4771940e+00
  -4.8274291e-02
  -9.2426340e-01
  -1.4752131e+00
  -2.2014062e+00
  -2.3990580e+00
  -2.3076917e+00
  -2.3026634e+00
  -2.2870260e+00
  -2.3177777e+00
  -2.4334047e+00
  -2.5993459e+00
  -2.8095601e+00
  -3.1126836e+00
  -3.4019912e+00
  -3.7123395e+00
  -4.0952403e+00
  -4.4025559e+00
  -4.6783220e+00
  -4.9483724e+00
  -5.1165348e+00
  -5.2304218e+00
  -5.2830031e+00
  -5.2585838e+00
  -5.1812547e+00
  -5.0296859e+00
  -4.8548861e+00
  -4.6441238e+00
  -4.3725882e+00
  -4.1511818e+00
  -3.9567240e+00
  -3.7907491e+00
  -3.6908589e+00
  -3.5536731e+00
  -3.1496428e+00
  -2.5810096e+00
  -1.6774156e+00
  -2.0892047e-01
  -8.1837743e-01
  -1.5449981e+00
  -2.8930233e+00
  -3.0710395e+00
  -2.6998044e+00
  -2.6369028e+00
  -2.9661443e+00
  -2.8036686e+00
  -1.9428317e+00
  -1.5753374e+00
  -1.4710965e+00
  -1.2657134e+00
  -2.1227278e+00
  -3.4564680e+00
  -3.0823919e+00
  -3.4055713e+00
  -3.6102268e+00
  -3.8128375e+00
  -3.9252442e+00
  -3.9874457e+00
  -3.9923299e+00
  -3.9415819e+00
  -3.8503161e+00
  -3.7203621e+00
  -3.6314089e+00
  -3.5983021e+00
  -3.6161097e+00
  -3.5017928e+00
  -2.6059194e+00
  -1.9058051e+00
  -4.3796499e-01
  -1.2050033e+00
  -1.2674857e+00
  -6.3146037e-01
   3.9853657e-01
  -8.1921623e-01
  -1.5018180e+00
  -1.8210878e+00
  -2.9887912e+00
  -2.6605362e+00
  -2.4739462e+00
  -2.6353936e+00
  -2.5274827e+00
  -2.4558443e+00
  -2.4433063e+00
  -2.5073242e+00
  -2.6289011e+00
  -2.8493270e+00
  -3.0896680e+00
  -3.3684619e+00
  -3.7352117e+00
  -4.0447017e+00
  -4.3313250e+00
  -4.6219979e+00
  -4.8126469e+00
  -4.9545126e+00
  -5.0492440e+00
  -5.0690288e+00
  -5.0463096e+00
  -4.9753054e+00
  -4.8808326e+00
  -4.7621170e+00
  -4.6147956e+00
  -4.5028900e+00
  -4.4145676e+00
  -4.3546491e+00
  -4.3174249e+00
  -4.2399752e+00
  -3.9828292e+00
  -3.5785292e+00
  -2.6959521e+00
  -1.0364174e+00
  -1.2993866e+00
  -2.3303451e+00
  -3.4014900e+00
  -3.5110523e+00
  -3.2857556e+00
  -3.1965667e+00
  -3.2601946e+00
  -2.8544265e+00
  -2.0639032e+00
  -1.7554790e+00
  -1.6238385e+00
  -1.2568531e+00
  -1.6435808e+00
  -2.9543778e+00
  -3.0939748e+00
  -3.4087157e+00
  -3.5918250e+00
  -3.7854969e+00
  -3.9086536e+00
  -3.9951154e+00
  -4.0467183e+00
  -4.0502827e+00
  -4.0277050e+00
  -3.9947914e+00
  -3.9895399e+00
  -4.0338606e+00
  -4.1356350e+00
  -4.1084071e+00
  -3.4044528e+00
  -2.1624499e+00
  -6.9020902e-01
  -1.5755530e+00
  -2.1109241e+00
  -1.6863652e+00
  -3.6512431e-01
  -1.2494873e+00
  -1.8362214e+00
  -2.2607413e+00
  -3.4899721e+00
  -3.0762494e+00
  -2.8733393e+00
  -3.4279557e+00
  -3.1820153e+00
  -2.9467078e+00
  -2.7122831e+00
  -2.5908825e+00
  -2.5464855e+00
  -2.6055128e+00
  -2.7485394e+00
  -2.9621201e+00
  -3.2880584e+00
  -3.5930195e+00
  -3.8910234e+00
  -4.2068933e+00
  -4.4308561e+00
  -4.6175287e+00
  -4.7833884e+00
  -4.8828358e+00
  -4.9591990e+00
  -5.0312603e+00
  -5.0777610e+00
  -5.1152139e+00
  -5.1644895e+00
  -5.2086164e+00
  -5.2463246e+00
  -5.2710780e+00
  -5.2620132e+00
  -5.2396328e+00
  -5.2266703e+00
  -5.0654454e+00
  -4.1997693e+00
  -2.3481772e+00
  -2.1308309e+00
  -3.8384600e+00
  -4.1108052e+00
  -4.0801430e+00
  -4.0753798e+00
  -3.9368996e+00
  -3.5632571e+00
  -3.0666551e+00
  -2.4870730e+00
  -2.2320569e+00
  -2.0942554e+00
  -1.5697992e+00
  -9.8504003e-01
  -1.8182585e+00
  -3.2403772e+00
  -3.5210452e+00
  -3.6642743e+00
  -3.8333186e+00
  -3.9683573e+00
  -4.0911191e+00
  -4.2173370e+00
  -4.3090271e+00
  -4.3970230e+00
  -4.5129956e+00
  -4.6221541e+00
  -4.7496877e+00
  -4.9183827e+00
  -4.9860904e+00
  -4.6500229e+00
  -2.6882069e+00
  -1.2723689e+00
  -2.2767826e+00
  -3.5598804e+00
  -3.4534873e+00
  -1.7384753e+00
  -1.9628233e+00
  -2.3986282e+00
  -3.1533251e+00
  -4.3618431e+00
  -3.9445171e+00
  -3.7389934e+00
  -4.7140951e+00
  -4.4711936e+00
  -4.1969825e+00
  -3.8447071e+00
  -3.5710868e+00
  -3.3525736e+00
  -3.1972402e+00
  -3.1655533e+00
  -3.2246434e+00
  -3.4115876e+00
  -3.6363071e+00
  -3.8888569e+00
  -4.1938525e+00
  -4.4366133e+00
  -4.6643830e+00
  -4.9103136e+00
  -5.0929030e+00
  -5.2604873e+00
  -5.4413025e+00
  -5.5734889e+00
  -5.6892565e+00
  -5.8143497e+00
  -5.9054023e+00
  -5.9717174e+00
  -6.0025322e+00
  -5.9756228e+00
  -5.9289988e+00
  -5.9492802e+00
  -5.9122062e+00
  -5.3450509e+00
  -5.3467432e+00
  -5.2086658e+00
  -5.1491265e+00
  -4.8558641e+00
  -4.7385556e+00
  -4.6519673e+00
  -4.4512954e+00
  -4.1498598e+00
  -3.7719568e+00
  -3.2857867e+00
  -3.0167673e+00
  -2.6528526e+00
  -2.4714315e+00
  -1.7146094e+00
  -1.9057504e+00
  -3.7636183e+00
  -3.8439398e+00
  -3.9644302e+00
  -4.1136686e+00
  -4.2545671e+00
  -4.4023481e+00
  -4.5783556e+00
  -4.7217188e+00
  -4.8644444e+00
  -5.0357134e+00
  -5.1774493e+00
  -5.3218306e+00
  -5.4999024e+00
  -5.6068006e+00
  -5.4870438e+00
  -3.9551509e+00
  -2.4074136e+00
  -3.1596296e+00
  -5.1470110e+00
  -5.1658324e+00
  -3.4895974e+00
  -2.8343857e+00
  -3.3287448e+00
  -5.1109456e+00
  -5.2354778e+00
  -5.0849260e+00
  -4.9543578e+00
  -5.4377904e+00
  -5.2198284e+00
  -4.9527532e+00
  -4.5757158e+00
  -4.2503203e+00
  -3.9606870e+00
  -3.7028107e+00
  -3.5757041e+00
  -3.5406226e+00
  -3.6279354e+00
  -3.7842779e+00
  -3.9879504e+00
  -4.2631664e+00
  -4.5009981e+00
  -4.7382717e+00
  -5.0150691e+00
  -5.2329959e+00
  -5.4392381e+00
  -5.6651869e+00
  -5.8338106e+00
  -5.9836432e+00
  -6.1413275e+00
  -6.2523881e+00
  -6.3327074e+00
  -6.3726493e+00
  -6.3471393e+00
  -6.2951483e+00
  -6.3172588e+00
  -6.3611490e+00
  -6.0276578e+00
  -6.5054327e+00
  -6.3252353e+00
  -5.7238512e+00
  -5.2451174e+00
  -5.0821675e+00
  -4.9522902e+00
  -4.7384282e+00
  -4.4797731e+00
  -4.1667679e+00
  -3.7618753e+00
  -3.5364429e+00
  -3.0875664e+00
  -3.1042533e+00
  -2.3975856e+00
  -2.2960500e+00
  -4.0622011e+00
  -4.0703212e+00
  -4.1663610e+00
  -4.2994794e+00
  -4.4393726e+00
  -4.5963602e+00
  -4.7952497e+00
  -4.9610213e+00
  -5.1237893e+00
  -5.3104844e+00
  -5.4564996e+00
  -5.5973058e+00
  -5.7665603e+00
  -5.8899824e+00
  -5.9003905e+00
  -4.7765942e+00
  -3.2268510e+00
  -3.6870406e+00
  -5.8360812e+00
  -5.9828521e+00
  -4.5530705e+00
  -3.6284611e+00
  -4.0486652e+00
  -5.9693356e+00
  -5.7237153e+00
  -5.7029046e+00
  -5.6206597e+00
  -6.5481815e+00
  -6.4212003e+00
  -6.2309447e+00
  -5.9102084e+00
  -5.5822506e+00
  -5.2444341e+00
  -4.8702419e+00
  -4.6032870e+00
  -4.4072812e+00
  -4.2931141e+00
  -4.2918358e+00
  -4.3676364e+00
  -4.5434664e+00
  -4.7385454e+00
  -4.9594908e+00
  -5.2514503e+00
  -5.4976226e+00
  -5.7344237e+00
  -5.9931748e+00
  -6.1909792e+00
  -6.3703819e+00
  -6.5552183e+00
  -6.6824617e+00
  -6.7795198e+00
  -6.8464378e+00
  -6.8490370e+00
  -6.8075895e+00
  -6.7942069e+00
  -6.9875269e+00
  -7.1616271e+00
  -7.0837492e+00
  -6.6421197e+00
  -6.2362868e+00
  -5.7743219e+00
  -5.5484079e+00
  -5.3583589e+00
  -5.1737403e+00
  -4.9856052e+00
  -4.7678795e+00
  -4.5528598e+00
  -4.5110992e+00
  -4.0277863e+00
  -4.3599800e+00
  -4.0637958e+00
  -3.6689021e+00
  -4.5297702e+00
  -4.5190885e+00
  -4.5511617e+00
  -4.6482557e+00
  -4.7768425e+00
  -4.9369014e+00
  -5.1592488e+00
  -5.3442716e+00
  -5.5133878e+00
  -5.6881492e+00
  -5.8088430e+00
  -5.9145373e+00
  -6.0382796e+00
  -6.1745097e+00
  -6.4038091e+00
  -6.2832978e+00
  -4.8943513e+00
  -4.5658060e+00
  -6.4304240e+00
  -6.9039829e+00
  -6.3621147e+00
  -5.5359415e+00
  -5.5993145e+00
  -6.7346261e+00
  -6.4652410e+00
  -6.5972713e+00
  -6.6031196e+00
  -7.0230774e+00
  -6.9591108e+00
  -6.8386636e+00
  -6.6159013e+00
  -6.3748421e+00
  -6.1060939e+00
  -5.7706156e+00
  -5.4993711e+00
  -5.2627143e+00
  -5.0541849e+00
  -4.9522688e+00
  -4.9133995e+00
  -4.9548823e+00
  -5.0615306e+00
  -5.2136772e+00
  -5.4419955e+00
  -5.6487881e+00
  -5.8532000e+00
  -6.0820806e+00
  -6.2694503e+00
  -6.4489473e+00
  -6.6379513e+00
  -6.7690360e+00
  -6.8771305e+00
  -6.9734498e+00
  -7.0268339e+00
  -7.0631460e+00
  -7.1293351e+00
  -7.2694329e+00
  -7.3400874e+00
  -7.1552706e+00
  -6.7825837e+00
  -6.3518569e+00
  -5.8946935e+00
  -5.6354270e+00
  -5.3936174e+00
  -5.2239417e+00
  -5.1086133e+00
  -4.9944057e+00
  -4.9004364e+00
  -4.9515900e+00
  -4.8991007e+00
  -5.1156175e+00
  -5.1467714e+00
  -5.0812422e+00
  -4.9527111e+00
  -4.8727559e+00
  -4.8500244e+00
  -4.8915105e+00
  -4.9901348e+00
  -5.1292766e+00
  -5.3383660e+00
  -5.5179616e+00
  -5.6832827e+00
  -5.8493377e+00
  -5.9505048e+00
  -6.0198760e+00
  -6.0676537e+00
  -6.1036215e+00
  -6.2079712e+00
  -6.3348848e+00
  -5.8196772e+00
  -5.6080809e+00
  -6.4695172e+00
  -6.8765652e+00
  -6.7856304e+00
  -6.4886372e+00
  -6.5940056e+00
  -7.1933798e+00
  -6.8127433e+00
  -6.9653950e+00
  -7.0195723e+00
  -7.2539470e+00
  -7.2272087e+00
  -7.1491431e+00
  -6.9888993e+00
  -6.8055707e+00
  -6.5876146e+00
  -6.2925154e+00
  -6.0345963e+00
  -5.7903363e+00
  -5.5426184e+00
  -5.3888112e+00
  -5.2855069e+00
  -5.2446428e+00
  -5.2890510e+00
  -5.3884690e+00
  -5.5645513e+00
  -5.7373118e+00
  -5.9137786e+00
  -6.1172071e+00
  -6.2914027e+00
  -6.4639091e+00
  -6.6487253e+00
  -6.7775696e+00
  -6.8881678e+00
  -6.9957085e+00
  -7.0713042e+00
  -7.1437493e+00
  -7.2452675e+00
  -7.3482568e+00
  -7.3643756e+00
  -7.1374874e+00
  -6.7948967e+00
  -6.3535829e+00
  -5.8964759e+00
  -5.6180517e+00
  -5.3439175e+00
  -5.1779575e+00
  -5.1076600e+00
  -5.0646933e+00
  -5.0594432e+00
  -5.1640256e+00
  -5.3142142e+00
  -5.4745721e+00
  -5.6529094e+00
  -5.7252822e+00
  -5.2091847e+00
  -5.0874596e+00
  -5.0316972e+00
  -5.0342695e+00
  -5.1077336e+00
  -5.2265579e+00
  -5.4191871e+00
  -5.5915073e+00
  -5.7546556e+00
  -5.9192406e+00
  -6.0140357e+00
  -6.0677786e+00
  -6.0787874e+00
  -6.0637811e+00
  -6.0915438e+00
  -6.2860433e+00
  -6.1909411e+00
  -6.0629841e+00
  -6.4476848e+00
  -6.7875288e+00
  -6.9148168e+00
  -6.9131830e+00
  -7.0543487e+00
  -7.3563912e+00
  -6.9703306e+00
  -7.1368625e+00
  -7.2170053e+00
  -7.3010439e+00
  -7.3117288e+00
  -7.2805087e+00
  -7.2003696e+00
  -7.0988673e+00
  -6.9691457e+00
  -6.7798072e+00
  -6.5943202e+00
  -6.4035130e+00
  -6.1780440e+00
  -6.0002321e+00
  -5.8444802e+00
  -5.7097597e+00
  -5.6543916e+00
  -5.6558261e+00
  -5.7249124e+00
  -5.8233831e+00
  -5.9389647e+00
  -6.0877541e+00
  -6.2226150e+00
  -6.3618654e+00
  -6.5177170e+00
  -6.6275221e+00
  -6.7256855e+00
  -6.8216192e+00
  -6.8905391e+00
  -6.9628021e+00
  -7.0563531e+00
  -7.1009508e+00
  -7.0867371e+00
  -6.8961262e+00
  -6.5442037e+00
  -6.1075846e+00
  -5.6401848e+00
  -5.3445375e+00
  -5.0314137e+00
  -4.8501576e+00
  -4.8326376e+00
  -4.8988198e+00
  -5.0467932e+00
  -5.1996351e+00
  -5.3605624e+00
  -5.5098132e+00
  -5.6641121e+00
  -5.6641112e+00
  -5.4915868e+00
  -5.3247319e+00
  -5.2333352e+00
  -5.1742270e+00
  -5.1946348e+00
  -5.2634052e+00
  -5.4073733e+00
  -5.5572328e+00
  -5.7184552e+00
  -5.8952369e+00
  -6.0028500e+00
  -6.0625878e+00
  -6.0668254e+00
  -6.0313248e+00
  -5.9717949e+00
  -5.9416885e+00
  -5.9112034e+00
  -5.9214734e+00
  -6.2584963e+00
  -6.4268903e+00
  -6.5941835e+00
  -6.8251524e+00
  -7.0432009e+00
  -7.1181766e+00
  -6.9511337e+00
  -7.1379370e+00
  -7.2345523e+00
  -7.0141080e+00
  -7.0423624e+00
  -7.0322090e+00
  -6.9809760e+00
  -6.9159873e+00
  -6.8322794e+00
  -6.7035858e+00
  -6.5740276e+00
  -6.4385510e+00
  -6.2686023e+00
  -6.1240601e+00
  -5.9860487e+00
  -5.8468487e+00
  -5.7652193e+00
  -5.7204367e+00
  -5.7199526e+00
  -5.7638969e+00
  -5.8339900e+00
  -5.9398301e+00
  -6.0413913e+00
  -6.1474782e+00
  -6.2694481e+00
  -6.3590732e+00
  -6.4423793e+00
  -6.5250832e+00
  -6.5802833e+00
  -6.6302670e+00
  -6.6783436e+00
  -6.6724299e+00
  -6.6277930e+00
  -6.4081700e+00
  -5.9827875e+00
  -5.4786611e+00
  -4.9648858e+00
  -4.7043627e+00
  -4.4388068e+00
  -4.2590631e+00
  -4.2372076e+00
  -4.3439837e+00
  -4.6091666e+00
  -4.8545370e+00
  -5.0889934e+00
  -5.3074167e+00
  -5.4554868e+00
  -5.4852601e+00
  -5.3809330e+00
  -5.2499817e+00
  -5.1741156e+00
  -5.0992247e+00
  -5.0835159e+00
  -5.1101551e+00
  -5.2047854e+00
  -5.3243631e+00
  -5.4658586e+00
  -5.6358112e+00
  -5.7537298e+00
  -5.8314887e+00
  -5.8536232e+00
  -5.8241098e+00
  -5.7602257e+00
  -5.6664919e+00
  -5.6217366e+00
  -5.6670202e+00
  -5.9082404e+00
  -6.0376775e+00
  -6.2287389e+00
  -6.4629667e+00
  -6.6178320e+00
  -6.6720450e+00
  -6.6677215e+00
  -6.8333111e+00
  -6.9350388e+00
  -6.6907380e+00
  -6.7295785e+00
  -6.7328341e+00
  -6.7008863e+00
  -6.6586972e+00
  -6.6044493e+00
  -6.5170804e+00
  -6.4264433e+00
  -6.3301776e+00
  -6.2029688e+00
  -6.0869460e+00
  -5.9688660e+00
  -5.8379100e+00
  -5.7475777e+00
  -5.6790634e+00
  -5.6372002e+00
  -5.6452510e+00
  -5.6830751e+00
  -5.7554630e+00
  -5.8295063e+00
  -5.9082240e+00
  -5.9999785e+00
  -6.0686042e+00
  -6.1346185e+00
  -6.2017529e+00
  -6.2445343e+00
  -6.2777342e+00
  -6.2927134e+00
  -6.2461283e+00
  -6.1692649e+00
  -5.9122985e+00
  -5.4230277e+00
  -4.8478689e+00
  -4.2823634e+00
  -4.0518919e+00
  -3.8450584e+00
  -3.6940183e+00
  -3.6672742e+00
  -3.7848927e+00
  -4.1352719e+00
  -4.4536314e+00
  -4.7428588e+00
  -5.0113027e+00
  -5.1641326e+00
  -5.2193192e+00
  -5.1659623e+00
  -5.0741637e+00
  -5.0181855e+00
  -4.9463353e+00
  -4.9149654e+00
  -4.9184099e+00
  -4.9807801e+00
  -5.0755356e+00
  -5.1964464e+00
  -5.3523794e+00
  -5.4707900e+00
  -5.5578083e+00
  -5.5942027e+00
  -5.5733662e+00
  -5.5155057e+00
  -5.4045320e+00
  -5.3583899e+00
  -5.4109902e+00
  -5.5885425e+00
  -5.7048276e+00
  -5.9012602e+00
  -6.1184924e+00
  -6.2247149e+00
  -6.2689650e+00
  -6.3494353e+00
  -6.4983453e+00
  -6.6030769e+00
  -6.0204710e+00
  -6.0683207e+00
  -6.0848668e+00
  -6.0742375e+00
  -6.0535499e+00
  -6.0289299e+00
  -5.9892912e+00
  -5.9454883e+00
  -5.8980099e+00
  -5.8315575e+00
  -5.7620517e+00
  -5.6851976e+00
  -5.5899869e+00
  -5.5109405e+00
  -5.4330336e+00
  -5.3573692e+00
  -5.3268929e+00
  -5.3244930e+00
  -5.3485273e+00
  -5.3795826e+00
  -5.4156142e+00
  -5.4559242e+00
  -5.4834694e+00
  -5.5128729e+00
  -5.5468095e+00
  -5.5681212e+00
  -5.5782169e+00
  -5.5500697e+00
  -5.4419965e+00
  -5.3012265e+00
  -4.9603333e+00
  -4.3651647e+00
  -3.6498562e+00
  -2.9778763e+00
  -2.7963145e+00
  -2.7183766e+00
  -2.6647280e+00
  -2.6278475e+00
  -2.7189461e+00
  -3.1800935e+00
  -3.6058253e+00
  -3.9691464e+00
  -4.3020613e+00
  -4.4812903e+00
  -4.5777255e+00
  -4.5936828e+00
  -4.5812003e+00
  -4.5697929e+00
  -4.5334785e+00
  -4.5047946e+00
  -4.4942501e+00
  -4.5225161e+00
  -4.5788817e+00
  -4.6594372e+00
  -4.7774350e+00
  -4.8812551e+00
  -4.9719563e+00
  -5.0296132e+00
  -5.0294702e+00
  -4.9994374e+00
  -4.9291782e+00
  -4.9007883e+00
  -4.9234386e+00
  -5.0312011e+00
  -5.1633882e+00
  -5.3408959e+00
  -5.4938909e+00
  -5.5309581e+00
  -5.5734161e+00
  -5.6912676e+00
  -5.8157495e+00
  -5.9228367e+00
  -4.9516221e+00
  -5.0021657e+00
  -5.0280714e+00
  -5.0362429e+00
  -5.0342857e+00
  -5.0324118e+00
  -5.0300425e+00
  -5.0288666e+00
  -5.0251128e+00
  -5.0130072e+00
  -4.9938733e+00
  -4.9660997e+00
  -4.9134718e+00
  -4.8596872e+00
  -4.7970047e+00
  -4.7197482e+00
  -4.6707670e+00
  -4.6361173e+00
  -4.6042728e+00
  -4.5817541e+00
  -4.5591607e+00
  -4.5255803e+00
  -4.4922088e+00
  -4.4629387e+00
  -4.4367370e+00
  -4.4208076e+00
  -4.4021096e+00
  -4.3622851e+00
  -4.2632705e+00
  -4.1021904e+00
  -3.7044916e+00
  -3.0163151e+00
  -2.0610422e+00
  -1.2153338e+00
  -1.0996975e+00
  -1.1880331e+00
  -1.2895475e+00
  -1.2338967e+00
  -1.3038118e+00
  -1.8565476e+00
  -2.4345271e+00
  -2.8586297e+00
  -3.2246320e+00
  -3.4213749e+00
  -3.5426761e+00
  -3.6141328e+00
  -3.6547730e+00
  -3.6865314e+00
  -3.7056059e+00
  -3.7165349e+00
  -3.7293932e+00
  -3.7562941e+00
  -3.7938946e+00
  -3.8441250e+00
  -3.9139430e+00
  -3.9784814e+00
  -4.0408056e+00
  -4.0908282e+00
  -4.1020499e+00
  -4.0933167e+00
  -4.0649009e+00
  -4.0609903e+00
  -4.0732706e+00
  -4.1420576e+00
  -4.2498467e+00
  -4.3724544e+00
  -4.4600885e+00
  -4.4889046e+00
  -4.5495124e+00
  -4.6603184e+00
  -4.7592038e+00
  -4.8548507e+00
  -3.9682394e+00
  -4.0184097e+00
  -4.0496580e+00
  -4.0713616e+00
  -4.0843911e+00
  -4.0991380e+00
  -4.1220051e+00
  -4.1489888e+00
  -4.1769481e+00
  -4.2050913e+00
  -4.2226236e+00
  -4.2325375e+00
  -4.2173851e+00
  -4.1856119e+00
  -4.1381753e+00
  -4.0683397e+00
  -4.0100700e+00
  -3.9509094e+00
  -3.8762976e+00
  -3.8127825e+00
  -3.7446357e+00
  -3.6544555e+00
  -3.5759766e+00
  -3.5027793e+00
  -3.4276679e+00
  -3.3804637e+00
  -3.3399653e+00
  -3.2908053e+00
  -3.2111095e+00
  -3.0625381e+00
  -2.6612781e+00
  -1.9305388e+00
  -7.5791182e-01
   1.7033918e-01
   2.3883490e-01
   4.6997830e-02
  -1.4671754e-01
  -7.7048565e-02
  -2.4465531e-01
  -8.4078452e-01
  -1.5041729e+00
  -1.9516664e+00
  -2.3166273e+00
  -2.5082648e+00
  -2.6314699e+00
  -2.7220163e+00
  -2.7855101e+00
  -2.8422421e+00
  -2.8987692e+00
  -2.9418361e+00
  -2.9805752e+00
  -3.0201059e+00
  -3.0521660e+00
  -3.0869179e+00
  -3.1262087e+00
  -3.1597548e+00
  -3.1919938e+00
  -3.2176574e+00
  -3.2217855e+00
  -3.2158889e+00
  -3.2046719e+00
  -3.2104749e+00
  -3.2188247e+00
  -3.2658731e+00
  -3.3550624e+00
  -3.4443335e+00
  -3.5007748e+00
  -3.5305142e+00
  -3.5995728e+00
  -3.7068795e+00
  -3.7919930e+00
  -3.8773154e+00
  -2.8250585e+00
  -2.8733985e+00
  -2.9092569e+00
  -2.9448479e+00
  -2.9741995e+00
  -3.0061594e+00
  -3.0539307e+00
  -3.1082347e+00
  -3.1688909e+00
  -3.2390477e+00
  -3.2944655e+00
  -3.3445339e+00
  -3.3721132e+00
  -3.3653255e+00
  -3.3362191e+00
  -3.2793612e+00
  -3.2140821e+00
  -3.1289544e+00
  -3.0088581e+00
  -2.9017459e+00
  -2.7847489e+00
  -2.6343452e+00
  -2.5087849e+00
  -2.3894458e+00
  -2.2606206e+00
  -2.1785230e+00
  -2.1149785e+00
  -2.0556558e+00
  -2.0037967e+00
  -1.8850419e+00
  -1.5034901e+00
  -7.4433136e-01
   6.7929355e-01
   1.6656515e+00
   1.6859636e+00
   1.3980335e+00
   1.1218898e+00
   1.2062630e+00
   8.6770952e-01
   2.4114921e-01
  -4.9475903e-01
  -9.5351531e-01
  -1.3018491e+00
  -1.4771616e+00
  -1.5923097e+00
  -1.6893920e+00
  -1.7667112e+00
  -1.8452569e+00
  -1.9387087e+00
  -2.0170264e+00
  -2.0879817e+00
  -2.1489939e+00
  -2.1803542e+00
  -2.2031950e+00
  -2.2137554e+00
  -2.2137941e+00
  -2.2091118e+00
  -2.1979693e+00
  -2.1852577e+00
  -2.1744518e+00
  -2.1727989e+00
  -2.1836221e+00
  -2.1901501e+00
  -2.2188418e+00
  -2.2882924e+00
  -2.3472193e+00
  -2.3815710e+00
  -2.4165531e+00
  -2.4913973e+00
  -2.5960966e+00
  -2.6699881e+00
  -2.7434068e+00
  -6.0803873e-01
  -6.4981229e-01
  -6.8757552e-01
  -7.3963871e-01
  -7.9571622e-01
  -8.6401001e-01
  -9.5819257e-01
  -1.0521489e+00
  -1.1595563e+00
  -1.2946415e+00
  -1.4022365e+00
  -1.5014135e+00
  -1.5891772e+00
  -1.6270183e+00
  -1.6329582e+00
  -1.5971522e+00
  -1.5263198e+00
  -1.4178601e+00
  -1.2486372e+00
  -1.0879105e+00
  -9.1122406e-01
  -6.8784682e-01
  -5.0754894e-01
  -3.3408230e-01
  -1.4372194e-01
  -1.2174201e-02
   8.9144856e-02
   1.7755852e-01
   2.2638459e-01
   2.7352447e-01
   4.6452641e-01
   1.1047401e+00
   2.4717785e+00
   3.1216323e+00
   3.5533938e+00
   3.2900165e+00
   2.7718560e+00
   2.3562583e+00
   1.8460284e+00
   1.5521850e+00
   8.6010196e-01
   5.2446423e-01
   3.2368599e-01
   2.3810203e-01
   1.8499201e-01
   1.6247787e-01
   1.5466475e-01
   1.0583037e-01
  -1.4385154e-02
  -1.4580439e-01
  -2.7334576e-01
  -3.8488660e-01
  -4.3460269e-01
  -4.5296777e-01
  -4.3398708e-01
  -3.9426073e-01
  -3.4088493e-01
  -2.6446528e-01
  -2.0887841e-01
  -1.6810141e-01
  -1.4923456e-01
  -1.5548804e-01
  -1.6004927e-01
  -1.6669654e-01
  -2.0100623e-01
  -2.3256475e-01
  -2.4549443e-01
  -2.5675706e-01
  -3.0507600e-01
  -4.0896204e-01
  -4.8134025e-01
  -5.4168934e-01
   9.4106967e-01
   9.0060876e-01
   8.6245195e-01
   8.0480882e-01
   7.3795823e-01
   6.5314853e-01
   5.3284066e-01
   4.1566566e-01
   2.8453929e-01
   1.1707690e-01
  -1.5484773e-02
  -1.3405881e-01
  -2.4818647e-01
  -3.1110118e-01
  -3.4015628e-01
  -3.2185431e-01
  -2.5502447e-01
  -1.4256959e-01
   4.1599556e-02
   2.2124843e-01
   4.1687476e-01
   6.6455213e-01
   8.6702962e-01
   1.0592195e+00
   1.2676203e+00
   1.4183944e+00
   1.5389645e+00
   1.6379531e+00
   1.6869470e+00
   1.7028906e+00
   1.7885707e+00
   1.9267178e+00
   1.9751865e+00
   2.5633227e+00
   3.3794067e+00
   3.3001336e+00
   3.1633122e+00
   2.1064927e+00
   1.8902801e+00
   2.0632393e+00
   1.4378802e+00
   1.2133774e+00
   1.1504798e+00
   1.1785924e+00
   1.2095206e+00
   1.2763940e+00
   1.3907842e+00
   1.4163643e+00
   1.3234008e+00
   1.1878561e+00
   1.0526620e+00
   9.2366599e-01
   8.5567629e-01
   8.2606020e-01
   8.4622711e-01
   8.9910539e-01
   9.7066995e-01
   1.0719296e+00
   1.1517194e+00
   1.2194545e+00
   1.2727524e+00
   1.2911175e+00
   1.2958224e+00
   1.2837163e+00
   1.2472073e+00
   1.2140055e+00
   1.1971317e+00
   1.1853179e+00
   1.1792766e+00
   1.1187386e+00
   1.0471997e+00
   9.9696084e-01
   2.5186193e+00
   2.4795485e+00
   2.4394157e+00
   2.3749135e+00
   2.2987844e+00
   2.2017130e+00
   2.0615208e+00
   1.9279109e+00
   1.7798405e+00
   1.5897363e+00
   1.4385469e+00
   1.3036383e+00
   1.1672022e+00
   1.0836565e+00
   1.0360655e+00
   1.0380992e+00
   1.0973802e+00
   1.2066782e+00
   1.3938907e+00
   1.5840795e+00
   1.7917108e+00
   2.0538128e+00
   2.2715622e+00
   2.4768412e+00
   2.6962833e+00
   2.8585426e+00
   2.9911282e+00
   3.0933938e+00
   3.1353346e+00
   3.1238611e+00
   3.0551711e+00
   2.5389965e+00
   1.5844679e+00
   1.8559087e+00
   2.5605715e+00
   2.5039987e+00
   2.4126097e+00
   1.7285815e+00
   1.6782123e+00
   2.1051072e+00
   1.8200513e+00
   1.7572731e+00
   1.8482148e+00
   1.9975069e+00
   2.1146276e+00
   2.2653997e+00
   2.5338129e+00
   2.6767626e+00
   2.6269751e+00
   2.5010649e+00
   2.3814242e+00
   2.2624585e+00
   2.1929403e+00
   2.1610554e+00
   2.1827787e+00
   2.2436028e+00
   2.3286509e+00
   2.4504972e+00
   2.5497480e+00
   2.6409766e+00
   2.7277421e+00
   2.7695066e+00
   2.7832343e+00
   2.7732536e+00
   2.7407252e+00
   2.7072019e+00
   2.6840785e+00
   2.6604952e+00
   2.6911359e+00
   2.6674531e+00
   2.5949661e+00
   2.5582966e+00
   4.0913541e+00
   4.0536937e+00
   4.0100982e+00
   3.9378022e+00
   3.8544730e+00
   3.7504628e+00
   3.5984392e+00
   3.4566351e+00
   3.3003808e+00
   3.1003516e+00
   2.9394793e+00
   2.7930911e+00
   2.6406690e+00
   2.5427495e+00
   2.4824365e+00
   2.4711617e+00
   2.5193498e+00
   2.6170678e+00
   2.7930428e+00
   2.9821704e+00
   3.1922004e+00
   3.4563187e+00
   3.6798838e+00
   3.8904061e+00
   4.1127915e+00
   4.2767038e+00
   4.4113155e+00
   4.5088809e+00
   4.5352187e+00
   4.4990151e+00
   4.2364852e+00
   2.9996520e+00
   1.4762691e+00
   1.1180361e+00
   1.2047114e+00
   9.9644307e-01
   6.4901496e-01
   1.2919659e+00
   1.1949078e+00
   1.6300382e+00
   1.9601037e+00
   2.1136095e+00
   2.3722386e+00
   2.6496523e+00
   2.8541206e+00
   3.0809993e+00
   3.5278615e+00
   3.8239800e+00
   3.8296210e+00
   3.7328969e+00
   3.6615469e+00
   3.5905477e+00
   3.5435714e+00
   3.5239437e+00
   3.5509107e+00
   3.6159065e+00
   3.7099623e+00
   3.8470375e+00
   3.9604685e+00
   4.0704355e+00
   4.1868876e+00
   4.2489643e+00
   4.2713522e+00
   4.2714484e+00
   4.2495344e+00
   4.2173167e+00
   4.1846810e+00
   4.1383635e+00
   4.2014006e+00
   4.2111356e+00
   4.1340597e+00
   4.1104331e+00
   5.7291337e+00
   5.6926360e+00
   5.6469588e+00
   5.5692448e+00
   5.4811438e+00
   5.3749470e+00
   5.2199722e+00
   5.0759314e+00
   4.9225110e+00
   4.7301020e+00
   4.5764909e+00
   4.4301463e+00
   4.2757740e+00
   4.1732778e+00
   4.1048030e+00
   4.0921901e+00
   4.1294910e+00
   4.2066412e+00
   4.3559910e+00
   4.5202287e+00
   4.7137148e+00
   4.9646685e+00
   5.1771465e+00
   5.3779790e+00
   5.5995981e+00
   5.7522702e+00
   5.8693400e+00
   5.9607865e+00
   5.9609963e+00
   5.8799518e+00
   5.5072423e+00
   4.3159118e+00
   2.9379468e+00
   1.4521124e+00
   1.0847003e+00
   7.0038784e-01
   6.4956158e-01
   1.5167625e+00
   6.6476125e-01
   9.7986989e-01
   1.8603739e+00
   2.2805465e+00
   2.7163744e+00
   3.1434909e+00
   3.4465288e+00
   3.7519500e+00
   4.3253577e+00
   4.7088641e+00
   4.7354570e+00
   4.7189968e+00
   4.7795824e+00
   4.8452160e+00
   4.8822319e+00
   4.9233039e+00
   4.9882783e+00
   5.0767106e+00
   5.1883581e+00
   5.3377148e+00
   5.4679370e+00
   5.5921480e+00
   5.7198679e+00
   5.7907077e+00
   5.8230728e+00
   5.8328280e+00
   5.8232897e+00
   5.7944949e+00
   5.7427155e+00
   5.6798730e+00
   5.8010544e+00
   5.8876847e+00
   5.7886503e+00
   5.7403502e+00
   6.7954969e+00
   6.7708983e+00
   6.7322443e+00
   6.6551383e+00
   6.5733033e+00
   6.4679984e+00
   6.3334296e+00
   6.1972510e+00
   6.0531946e+00
   5.8831540e+00
   5.7384017e+00
   5.6108415e+00
   5.4657380e+00
   5.3749837e+00
   5.3169847e+00
   5.2907371e+00
   5.3283264e+00
   5.3936567e+00
   5.5256246e+00
   5.6618498e+00
   5.8186693e+00
   6.0487379e+00
   6.2260829e+00
   6.4067426e+00
   6.5926404e+00
   6.7241030e+00
   6.8380370e+00
   6.8865600e+00
   6.8866690e+00
   6.7792689e+00
   6.5462354e+00
   6.0339327e+00
   5.0122556e+00
   2.5514675e+00
   2.0109192e+00
   1.7598326e+00
   1.4719749e+00
   1.4224643e+00
   1.1095640e+00
   1.1347406e+00
   1.8602734e+00
   2.5269465e+00
   3.1259841e+00
   3.5641605e+00
   3.9158408e+00
   4.2780712e+00
   4.8763790e+00
   5.2965853e+00
   5.3066264e+00
   5.3406411e+00
   5.4694164e+00
   5.6415164e+00
   5.7575951e+00
   5.8576281e+00
   5.9944105e+00
   6.1027585e+00
   6.2294695e+00
   6.3765374e+00
   6.4987125e+00
   6.6191387e+00
   6.7221219e+00
   6.7934764e+00
   6.8290053e+00
   6.8359755e+00
   6.8277068e+00
   6.7943960e+00
   6.7248257e+00
   6.6269633e+00
   6.7952239e+00
   6.9704817e+00
   6.8605240e+00
   6.8012503e+00
   7.4173608e+00
   7.4050788e+00
   7.3715010e+00
   7.3081059e+00
   7.2317927e+00
   7.1395214e+00
   7.0121902e+00
   6.8944175e+00
   6.7671263e+00
   6.6171981e+00
   6.4926324e+00
   6.3796604e+00
   6.2632568e+00
   6.1896875e+00
   6.1449259e+00
   6.1236579e+00
   6.1538889e+00
   6.2134259e+00
   6.3322830e+00
   6.4468923e+00
   6.5806830e+00
   6.7651883e+00
   6.9101609e+00
   7.0536532e+00
   7.2030287e+00
   7.3075489e+00
   7.3854109e+00
   7.4189806e+00
   7.3973451e+00
   7.2992074e+00
   7.0735418e+00
   6.7251898e+00
   6.2401042e+00
   4.2946936e+00
   2.7368668e+00
   2.2520280e+00
   1.8473139e+00
   1.7529286e+00
   1.7472043e+00
   2.0308717e+00
   2.5366446e+00
   3.0861144e+00
   3.6589092e+00
   4.0372887e+00
   4.3501672e+00
   4.7226734e+00
   5.2440899e+00
   5.6110114e+00
   5.6629141e+00
   5.7303095e+00
   5.8902454e+00
   6.0967885e+00
   6.2519407e+00
   6.3882745e+00
   6.5447749e+00
   6.6684558e+00
   6.7918373e+00
   6.9338941e+00
   7.0409464e+00
   7.1410009e+00
   7.2261158e+00
   7.2795291e+00
   7.3103756e+00
   7.3208463e+00
   7.3197287e+00
   7.3079782e+00
   7.2356996e+00
   7.1506183e+00
   7.3405709e+00
   7.5849382e+00
   7.4817761e+00
   7.4134620e+00
   7.6959835e+00
   7.6854666e+00
   7.6540630e+00
   7.5961652e+00
   7.5248985e+00
   7.4434124e+00
   7.3263622e+00
   7.2270259e+00
   7.1208724e+00
   6.9983523e+00
   6.8956992e+00
   6.8062811e+00
   6.7208658e+00
   6.6774474e+00
   6.6526265e+00
   6.6536457e+00
   6.6801601e+00
   6.7387177e+00
   6.8343059e+00
   6.9304787e+00
   7.0340415e+00
   7.1734256e+00
   7.2783169e+00
   7.3828786e+00
   7.4808253e+00
   7.5470988e+00
   7.5837057e+00
   7.5908732e+00
   7.5489553e+00
   7.4577082e+00
   7.2496544e+00
   6.9811228e+00
   6.7654785e+00
   5.9032842e+00
   4.3716002e+00
   3.8011568e+00
   3.2410632e+00
   2.9807506e+00
   3.0448777e+00
   3.1113880e+00
   3.2906139e+00
   3.6671767e+00
   4.1072678e+00
   4.3863625e+00
   4.6123232e+00
   4.9565046e+00
   5.3457526e+00
   5.6353492e+00
   5.7222317e+00
   5.8190235e+00
   5.9833195e+00
   6.2051624e+00
   6.3779786e+00
   6.5368822e+00
   6.7093656e+00
   6.8439913e+00
   6.9669270e+00
   7.0994795e+00
   7.1909431e+00
   7.2710607e+00
   7.3462258e+00
   7.3863984e+00
   7.4169455e+00
   7.4376078e+00
   7.4543523e+00
   7.4668244e+00
   7.4095075e+00
   7.3606247e+00
   7.5648883e+00
   7.8533739e+00
   7.7708098e+00
   7.6961156e+00
   7.5164665e+00
   7.5042894e+00
   7.4742088e+00
   7.4181264e+00
   7.3563485e+00
   7.2851123e+00
   7.1894917e+00
   7.1112205e+00
   7.0340911e+00
   6.9469899e+00
   6.8794761e+00
   6.8269151e+00
   6.7820078e+00
   6.7704459e+00
   6.7698114e+00
   6.7938214e+00
   6.8300753e+00
   6.8866976e+00
   6.9577508e+00
   7.0276850e+00
   7.0978877e+00
   7.1868358e+00
   7.2502744e+00
   7.3098528e+00
   7.3502887e+00
   7.3689338e+00
   7.3653452e+00
   7.3311844e+00
   7.2704960e+00
   7.1779889e+00
   7.0116460e+00
   6.8311692e+00
   6.6800662e+00
   6.5385986e+00
   5.8955519e+00
   5.5153923e+00
   4.9746309e+00
   4.5318608e+00
   4.3482150e+00
   4.0313504e+00
   3.9828117e+00
   4.1644014e+00
   4.4020048e+00
   4.5421288e+00
   4.6602523e+00
   4.9080819e+00
   5.1560209e+00
   5.3586266e+00
   5.4645723e+00
   5.5776329e+00
   5.7376840e+00
   5.9621755e+00
   6.1397289e+00
   6.3058823e+00
   6.4899256e+00
   6.6258081e+00
   6.7451465e+00
   6.8617028e+00
   6.9368835e+00
   7.0002432e+00
   7.0634378e+00
   7.0973486e+00
   7.1265644e+00
   7.1561630e+00
   7.1872274e+00
   7.2115622e+00
   7.1714678e+00
   7.1741602e+00
   7.3851062e+00
   7.6632891e+00
   7.6023914e+00
   7.5267936e+00
   6.8287496e+00
   6.8158974e+00
   6.7872391e+00
   6.7374170e+00
   6.6907350e+00
   6.6360068e+00
   6.5729945e+00
   6.5250178e+00
   6.4848668e+00
   6.4451615e+00
   6.4269654e+00
   6.4199817e+00
   6.4258810e+00
   6.4413802e+00
   6.4600926e+00
   6.4981046e+00
   6.5470866e+00
   6.5974860e+00
   6.6475919e+00
   6.6850446e+00
   6.7214101e+00
   6.7559136e+00
   6.7772723e+00
   6.7837320e+00
   6.7709879e+00
   6.7434051e+00
   6.6999278e+00
   6.6246301e+00
   6.5464957e+00
   6.4515102e+00
   6.3197011e+00
   6.2083709e+00
   6.1186922e+00
   6.0790405e+00
   6.0176795e+00
   5.8926665e+00
   5.6111191e+00
   5.2742305e+00
   4.9156323e+00
   4.5560363e+00
   4.4405108e+00
   4.4298100e+00
   4.4524983e+00
   4.4433701e+00
   4.4515285e+00
   4.5515399e+00
   4.6794055e+00
   4.7975068e+00
   4.9007269e+00
   5.0090525e+00
   5.1559820e+00
   5.3608288e+00
   5.5287289e+00
   5.6880443e+00
   5.8695498e+00
   5.9999764e+00
   6.1080245e+00
   6.2027961e+00
   6.2599509e+00
   6.3040748e+00
   6.3418078e+00
   6.3641148e+00
   6.3863373e+00
   6.4164512e+00
   6.4505712e+00
   6.4735852e+00
   6.4522648e+00
   6.5181460e+00
   6.7343578e+00
   6.9578007e+00
   6.9158190e+00
   6.8452175e+00
   5.6933312e+00
   5.6845781e+00
   5.6629975e+00
   5.6271937e+00
   5.5983204e+00
   5.5693759e+00
   5.5420292e+00
   5.5285731e+00
   5.5254902e+00
   5.5393222e+00
   5.5641917e+00
   5.5975036e+00
   5.6479398e+00
   5.6901339e+00
   5.7264650e+00
   5.7774699e+00
   5.8223987e+00
   5.8590348e+00
   5.8861353e+00
   5.8977373e+00
   5.9000662e+00
   5.8904423e+00
   5.8652173e+00
   5.8240247e+00
   5.7629560e+00
   5.6971628e+00
   5.6185289e+00
   5.5141257e+00
   5.4242814e+00
   5.3273817e+00
   5.2162739e+00
   5.1477884e+00
   5.1139505e+00
   5.1090061e+00
   5.1123628e+00
   5.1189983e+00
   5.0690453e+00
   4.9496336e+00
   4.7731595e+00
   4.5440452e+00
   4.4042712e+00
   4.2979759e+00
   4.1643369e+00
   4.0461824e+00
   3.9576979e+00
   3.9271242e+00
   3.9531271e+00
   3.9969589e+00
   4.0613110e+00
   4.1432453e+00
   4.2512965e+00
   4.4063453e+00
   4.5407701e+00
   4.6774326e+00
   4.8362959e+00
   4.9509402e+00
   5.0441174e+00
   5.1222262e+00
   5.1639715e+00
   5.1844737e+00
   5.1890064e+00
   5.1910275e+00
   5.1993104e+00
   5.2191618e+00
   5.2496794e+00
   5.2711891e+00
   5.2875823e+00
   5.4089648e+00
   5.6247410e+00
   5.7875780e+00
   5.7609449e+00
   5.7057878e+00
   4.1715744e+00
   4.1857275e+00
   4.1900096e+00
   4.1868299e+00
   4.1833561e+00
   4.1837091e+00
   4.1913664e+00
   4.2091272e+00
   4.2382747e+00
   4.2908269e+00
   4.3452389e+00
   4.4030160e+00
   4.4778513e+00
   4.5402456e+00
   4.6012237e+00
   4.6685474e+00
   4.7050910e+00
   4.7234987e+00
   4.7311008e+00
   4.7215556e+00
   4.6977195e+00
   4.6470100e+00
   4.5829483e+00
   4.5093039e+00
   4.4106503e+00
   4.3179944e+00
   4.2218696e+00
   4.1045822e+00
   4.0068317e+00
   3.9127750e+00
   3.8271365e+00
   3.7938016e+00
   3.7949674e+00
   3.8443318e+00
   3.9191509e+00
   4.0088071e+00
   4.0953275e+00
   4.1166479e+00
   4.0831407e+00
   3.9942112e+00
   3.9042331e+00
   3.7846551e+00
   3.5887212e+00
   3.4135907e+00
   3.2627594e+00
   3.1417638e+00
   3.0843284e+00
   3.0535746e+00
   3.0533534e+00
   3.0842899e+00
   3.1376049e+00
   3.2231178e+00
   3.3074889e+00
   3.4019315e+00
   3.5124175e+00
   3.5926744e+00
   3.6607943e+00
   3.7209008e+00
   3.7465378e+00
   3.7470482e+00
   3.7290806e+00
   3.7148186e+00
   3.7059996e+00
   3.7083390e+00
   3.7225386e+00
   3.7396836e+00
   3.7913015e+00
   3.9294537e+00
   4.1049203e+00
   4.1977564e+00
   4.1797330e+00
   4.1592464e+00
   2.4750722e+00
   2.5182897e+00
   2.5538568e+00
   2.5865278e+00
   2.6094851e+00
   2.6328858e+00
   2.6728277e+00
   2.7151851e+00
   2.7649566e+00
   2.8380008e+00
   2.9042595e+00
   2.9739316e+00
   3.0600354e+00
   3.1323104e+00
   3.2041952e+00
   3.2730822e+00
   3.3071101e+00
   3.3223237e+00
   3.3137178e+00
   3.2848718e+00
   3.2378942e+00
   3.1565743e+00
   3.0743652e+00
   2.9843002e+00
   2.8676902e+00
   2.7705158e+00
   2.6773023e+00
   2.5659618e+00
   2.4771591e+00
   2.4054076e+00
   2.3593148e+00
   2.3552737e+00
   2.3836405e+00
   2.4743378e+00
   2.5935314e+00
   2.7318008e+00
   2.8910189e+00
   2.9951818e+00
   3.0624232e+00
   3.0841909e+00
   3.0423903e+00
   2.9414607e+00
   2.7569076e+00
   2.5800477e+00
   2.4085285e+00
   2.2308850e+00
   2.1102731e+00
   2.0138158e+00
   1.9353904e+00
   1.9058304e+00
   1.9037443e+00
   1.9241956e+00
   1.9571735e+00
   2.0024616e+00
   2.0595539e+00
   2.1017712e+00
   2.1362448e+00
   2.1630512e+00
   2.1649483e+00
   2.1519168e+00
   2.1331161e+00
   2.1178292e+00
   2.1036021e+00
   2.0903805e+00
   2.0855606e+00
   2.0949980e+00
   2.1586667e+00
   2.2773554e+00
   2.3877241e+00
   2.4211493e+00
   2.4163061e+00
   2.4312551e+00
   7.8143252e-01
   8.2582289e-01
   8.6755554e-01
   9.1892056e-01
   9.6454853e-01
   1.0095123e+00
   1.0678922e+00
   1.1220205e+00
   1.1763570e+00
   1.2465994e+00
   1.3134224e+00
   1.3863991e+00
   1.4781709e+00
   1.5514172e+00
   1.6128507e+00
   1.6645609e+00
   1.6918089e+00
   1.7042321e+00
   1.6920614e+00
   1.6584384e+00
   1.6086907e+00
   1.5332392e+00
   1.4595609e+00
   1.3772404e+00
   1.2764641e+00
   1.1972022e+00
   1.1213639e+00
   1.0345861e+00
   9.7671320e-01
   9.4246138e-01
   9.3602224e-01
   9.6076827e-01
   1.0187480e+00
   1.1396566e+00
   1.2761886e+00
   1.4250394e+00
   1.5967103e+00
   1.7233593e+00
   1.8197886e+00
   1.8650567e+00
   1.8366447e+00
   1.7580966e+00
   1.6121452e+00
   1.4661998e+00
   1.3157784e+00
   1.1406120e+00
   1.0048655e+00
   8.8575993e-01
   7.7702572e-01
   7.1536965e-01
   6.7510324e-01
   6.4960826e-01
   6.4433721e-01
   6.4833706e-01
   6.5527635e-01
   6.5932054e-01
   6.6060920e-01
   6.5351960e-01
   6.3760678e-01
   6.1939882e-01
   5.9597511e-01
   5.7407241e-01
   5.5062421e-01
   5.2626139e-01
   5.1823634e-01
   5.2860687e-01
   5.8141057e-01
   6.5469810e-01
   7.0404910e-01
   7.0201215e-01
   7.0116470e-01
   7.2888989e-01
  -7.0816632e-01
  -6.7062422e-01
  -6.3067945e-01
  -5.7966229e-01
  -5.3708694e-01
  -4.9311997e-01
  -4.3448415e-01
  -3.8431151e-01
  -3.3504882e-01
  -2.7061520e-01
  -2.0785190e-01
  -1.4160232e-01
  -6.3770079e-02
  -3.9047387e-03
   4.6582468e-02
   9.6487854e-02
   1.3279872e-01
   1.5870166e-01
   1.6671364e-01
   1.5608604e-01
   1.3036216e-01
   7.8519319e-02
   2.6267213e-02
  -2.8699989e-02
  -9.3705972e-02
  -1.4662889e-01
  -2.0220993e-01
  -2.6624795e-01
  -3.0439822e-01
  -3.2452760e-01
  -3.2511481e-01
  -3.0233572e-01
  -2.5403278e-01
  -1.6292799e-01
  -6.7120243e-02
   3.5980604e-02
   1.5851819e-01
   2.4991218e-01
   3.1955957e-01
   3.6822703e-01
   3.8454539e-01
   3.8083920e-01
   3.4696089e-01
   3.0107423e-01
   2.4350366e-01
   1.5509325e-01
   7.1249644e-02
  -1.2751835e-02
  -1.0838209e-01
  -1.8344646e-01
  -2.5160819e-01
  -3.1616215e-01
  -3.5389809e-01
  -3.8473822e-01
  -4.1725116e-01
  -4.4218179e-01
  -4.7102359e-01
  -5.1067847e-01
  -5.4357833e-01
  -5.7816854e-01
  -6.2460907e-01
  -6.6542760e-01
  -7.0676554e-01
  -7.4779357e-01
  -7.6812278e-01
  -7.7726738e-01
  -7.6695949e-01
  -7.4470165e-01
  -7.3924954e-01
  -7.6179441e-01
  -7.6826060e-01
  -7.4945626e-01
  -1.3624526e+00
  -1.3430538e+00
  -1.3246044e+00
  -1.2993609e+00
  -1.2745569e+00
  -1.2477652e+00
  -1.2142538e+00
  -1.1851338e+00
  -1.1516995e+00
  -1.1015345e+00
  -1.0526200e+00
  -1.0023524e+00
  -9.4619481e-01
  -9.0245378e-01
  -8.5902105e-01
  -8.0654510e-01
  -7.6763962e-01
  -7.4082237e-01
  -7.3052871e-01
  -7.3692465e-01
  -7.5307883e-01
  -7.8502582e-01
  -8.2053278e-01
  -8.6162703e-01
  -9.1649071e-01
  -9.6502342e-01
  -1.0125783e+00
  -1.0595929e+00
  -1.0846837e+00
  -1.0979240e+00
  -1.0994684e+00
  -1.0858340e+00
  -1.0528488e+00
  -9.8940922e-01
  -9.2367255e-01
  -8.5091352e-01
  -7.5644199e-01
  -6.7481362e-01
  -5.9386338e-01
  -5.0028007e-01
  -4.3118064e-01
  -3.7716718e-01
  -3.3911316e-01
  -3.3055737e-01
  -3.4210652e-01
  -3.8522373e-01
  -4.3889044e-01
  -4.9981531e-01
  -5.7693391e-01
  -6.4335953e-01
  -7.0931672e-01
  -7.8335750e-01
  -8.3882948e-01
  -8.8876845e-01
  -9.4215980e-01
  -9.8486076e-01
  -1.0267812e+00
  -1.0732283e+00
  -1.1086755e+00
  -1.1436135e+00
  -1.1893069e+00
  -1.2299756e+00
  -1.2683197e+00
  -1.3081849e+00
  -1.3361706e+00
  -1.3538424e+00
  -1.3509953e+00
  -1.3394416e+00
  -1.3440165e+00
  -1.3710786e+00
  -1.3857067e+00
  -1.3827731e+00
  -1.4948541e+00
  -1.4968860e+00
  -1.4967933e+00
  -1.4930865e+00
  -1.4862507e+00
  -1.4764088e+00
  -1.4595005e+00
  -1.4406401e+00
  -1.4168342e+00
  -1.3837356e+00
  -1.3553473e+00
  -1.3281744e+00
  -1.2964159e+00
  -1.2700845e+00
  -1.2446015e+00
  -1.2194285e+00
  -1.2064636e+00
  -1.2009548e+00
  -1.2021636e+00
  -1.2062139e+00
  -1.2126509e+00
  -1.2247799e+00
  -1.2386244e+00
  -1.2560033e+00
  -1.2809352e+00
  -1.3027281e+00
  -1.3227314e+00
  -1.3402829e+00
  -1.3467863e+00
  -1.3455511e+00
  -1.3333165e+00
  -1.3140950e+00
  -1.2867450e+00
  -1.2408398e+00
  -1.1916392e+00
  -1.1338590e+00
  -1.0555245e+00
  -9.8527818e-01
  -9.1346281e-01
  -8.2982725e-01
  -7.6615076e-01
  -7.1191566e-01
  -6.6456279e-01
  -6.4194609e-01
  -6.3338243e-01
  -6.4082755e-01
  -6.5966331e-01
  -6.8731313e-01
  -7.3011376e-01
  -7.7189888e-01
  -8.1691718e-01
  -8.7208637e-01
  -9.1793404e-01
  -9.6290388e-01
  -1.0152417e+00
  -1.0575882e+00
  -1.0981556e+00
  -1.1433207e+00
  -1.1782891e+00
  -1.2115546e+00
  -1.2494346e+00
  -1.2794563e+00
  -1.3078363e+00
  -1.3389698e+00
  -1.3599652e+00
  -1.3745262e+00
  -1.3827508e+00
  -1.3892908e+00
  -1.4073948e+00
  -1.4430738e+00
  -1.4695123e+00
  -1.4862644e+00
  -9.5135725e-01
  -9.6975596e-01
  -9.8315641e-01
  -9.9325021e-01
  -9.9798931e-01
  -1.0006096e+00
  -1.0012061e+00
  -9.9973825e-01
  -9.9648122e-01
  -9.9048601e-01
  -9.8472136e-01
  -9.7915456e-01
  -9.7273719e-01
  -9.6766341e-01
  -9.6270395e-01
  -9.5771205e-01
  -9.5428417e-01
  -9.5084664e-01
  -9.4694201e-01
  -9.4334503e-01
  -9.3914520e-01
  -9.3323932e-01
  -9.2782283e-01
  -9.2171502e-01
  -9.1355735e-01
  -9.0632966e-01
  -8.9866992e-01
  -8.8903916e-01
  -8.8028392e-01
  -8.6979028e-01
  -8.5284315e-01
  -8.3392865e-01
  -8.1055711e-01
  -7.7704442e-01
  -7.4521309e-01
  -7.1076405e-01
  -6.6636890e-01
  -6.2763155e-01
  -5.8833005e-01
  -5.4212890e-01
  -5.0602271e-01
  -4.7334356e-01
  -4.3992861e-01
  -4.1722570e-01
  -3.9907307e-01
  -3.8375183e-01
  -3.7651444e-01
  -3.7419197e-01
  -3.7793139e-01
  -3.8570395e-01
  -3.9667572e-01
  -4.1357699e-01
  -4.3002381e-01
  -4.4824942e-01
  -4.7192281e-01
  -4.9254951e-01
  -5.1364964e-01
  -5.3946122e-01
  -5.6161767e-01
  -5.8464078e-01
  -6.1367653e-01
  -6.3872158e-01
  -6.6425266e-01
  -6.9537281e-01
  -7.2085080e-01
  -7.4538607e-01
  -7.7449595e-01
  -7.9922343e-01
  -8.2568291e-01
  -8.6154643e-01
  -8.9286156e-01
  -9.2209345e-01
