  3.556820e-01
  3.648405e-01
  3.628384e-01
  3.659996e-01
  3.649131e-01
  3.575935e-01
  3.475047e-01
  3.381915e-01
  3.273345e-01
  3.150358e-01
  2.977439e-01
  2.792959e-01
  2.614310e-01
  2.477829e-01
  2.374121e-01
  2.291206e-01
  2.230787e-01
  2.171318e-01
  2.127793e-01
  2.095260e-01
  2.090797e-01
  2.109025e-01
  2.130082e-01
  2.177308e-01
  2.217955e-01
  2.250357e-01
  2.274999e-01
  2.266312e-01
  2.258810e-01
  2.234250e-01
  2.218475e-01
  2.201140e-01
  2.152572e-01
  2.137027e-01
  2.116494e-01
  2.071731e-01
  2.048148e-01
  2.006631e-01
  2.040525e-01
  2.062974e-01
  2.106587e-01
  2.113747e-01
  2.120263e-01
  2.156083e-01
  2.144934e-01
  2.129863e-01
  2.136362e-01
  2.159096e-01
  2.188764e-01
  2.252799e-01
  2.288068e-01
  2.325388e-01
  2.389657e-01
  2.428568e-01
  2.477667e-01
  2.542624e-01
  2.719074e-01
  2.916221e-01
  3.129777e-01
  3.340882e-01
  3.523949e-01
  3.706318e-01
  3.869294e-01
  3.992093e-01
  4.104191e-01
  4.202055e-01
  4.273738e-01
  4.320038e-01
  4.297094e-01
  4.249595e-01
  4.499249e-01
  4.696215e-01
