   6.1111914e-03
   9.6581329e-03
   1.2891206e-02
   1.4852499e-02
   1.4921554e-02
   1.3877433e-02
   1.3214668e-02
   1.4089311e-02
   1.5885889e-02
   1.7809028e-02
   1.9226884e-02
   1.8942477e-02
   1.7733598e-02
   1.6112918e-02
   1.4985722e-02
   1.4062524e-02
   1.2569627e-02
   1.0774628e-02
   8.1960093e-03
   0.0000000e+00
   0.0000000e+00
   0.0000000e+00
   0.0000000e+00
   0.0000000e+00
   0.0000000e+00
   0.0000000e+00
   0.0000000e+00
   0.0000000e+00
   0.0000000e+00
   0.0000000e+00
   0.0000000e+00
   0.0000000e+00
   0.0000000e+00
   0.0000000e+00
   0.0000000e+00
   0.0000000e+00
   0.0000000e+00
   0.0000000e+00
   0.0000000e+00
   0.0000000e+00
   0.0000000e+00
   0.0000000e+00
   0.0000000e+00
   0.0000000e+00
   0.0000000e+00
   0.0000000e+00
   0.0000000e+00
   0.0000000e+00
   0.0000000e+00
   0.0000000e+00
   0.0000000e+00
   0.0000000e+00
   0.0000000e+00
   0.0000000e+00
   0.0000000e+00
   0.0000000e+00
   0.0000000e+00
   0.0000000e+00
   0.0000000e+00
   0.0000000e+00
   0.0000000e+00
   0.0000000e+00
   0.0000000e+00
   0.0000000e+00
   0.0000000e+00
   0.0000000e+00
   0.0000000e+00
   1.0783806e-02
   7.9656359e-03
   7.0444031e-03
   5.2102102e-03
   4.7695023e-03
   9.0852522e-03
   1.2054705e-02
   1.4721071e-02
   1.5941558e-02
   1.4854101e-02
   1.4548151e-02
   1.4397004e-02
   1.3066580e-02
   1.7123793e-02
   0.0000000e+00
   0.0000000e+00
   1.9134044e-02
   2.2087485e-02
   2.2507850e-02
   2.0340167e-02
   1.6893081e-02
   1.3493988e-02
   1.1135514e-02
   7.5052645e-03
   2.8559843e-03
  -1.4105584e-04
   0.0000000e+00
   0.0000000e+00
   0.0000000e+00
   0.0000000e+00
   0.0000000e+00
   0.0000000e+00
   0.0000000e+00
   0.0000000e+00
   0.0000000e+00
   0.0000000e+00
   0.0000000e+00
   0.0000000e+00
  -1.1568392e-03
  -1.6598513e-02
   0.0000000e+00
   0.0000000e+00
   0.0000000e+00
   0.0000000e+00
   0.0000000e+00
   0.0000000e+00
   0.0000000e+00
   0.0000000e+00
   0.0000000e+00
   0.0000000e+00
   0.0000000e+00
   0.0000000e+00
   0.0000000e+00
   0.0000000e+00
   0.0000000e+00
   0.0000000e+00
   0.0000000e+00
   0.0000000e+00
   0.0000000e+00
   0.0000000e+00
   0.0000000e+00
   0.0000000e+00
   0.0000000e+00
   0.0000000e+00
   0.0000000e+00
   0.0000000e+00
   0.0000000e+00
   0.0000000e+00
   0.0000000e+00
   1.1273974e-02
   1.0586824e-02
   1.1163868e-02
   1.0752364e-02
   9.2699794e-03
   7.2950612e-03
   5.9856266e-03
   6.5571697e-03
   7.6852978e-03
   6.3043584e-03
   8.9093924e-03
   8.1100702e-03
   1.1280227e-02
   0.0000000e+00
   0.0000000e+00
   0.0000000e+00
   0.0000000e+00
   0.0000000e+00
   0.0000000e+00
   0.0000000e+00
   0.0000000e+00
   0.0000000e+00
   0.0000000e+00
   0.0000000e+00
   0.0000000e+00
   0.0000000e+00
   1.2484091e-02
   9.1266067e-03
   5.3298049e-03
   1.5812895e-03
  -6.1750819e-04
  -2.9410202e-03
  -6.6514241e-03
  -7.0404835e-03
  -5.9670214e-03
  -6.9031017e-03
  -7.6884882e-03
  -6.2582514e-03
  -4.4275849e-03
  -2.0686921e-03
   1.0791438e-03
   5.0750280e-04
  -8.1356837e-03
  -0.0000000e+00
   0.0000000e+00
   0.0000000e+00
   0.0000000e+00
   0.0000000e+00
   0.0000000e+00
   0.0000000e+00
   0.0000000e+00
   0.0000000e+00
   0.0000000e+00
   0.0000000e+00
   0.0000000e+00
   0.0000000e+00
   0.0000000e+00
   0.0000000e+00
   0.0000000e+00
   0.0000000e+00
   0.0000000e+00
   0.0000000e+00
   0.0000000e+00
   0.0000000e+00
   0.0000000e+00
   0.0000000e+00
   0.0000000e+00
   0.0000000e+00
   0.0000000e+00
   0.0000000e+00
   0.0000000e+00
   0.0000000e+00
   1.4068249e-02
   1.6919556e-02
   1.9190503e-02
   1.9708072e-02
   1.0723660e-02
   6.2359110e-03
   7.0570579e-03
   0.0000000e+00
   0.0000000e+00
   0.0000000e+00
   0.0000000e+00
   0.0000000e+00
   0.0000000e+00
   0.0000000e+00
   0.0000000e+00
   0.0000000e+00
   0.0000000e+00
   0.0000000e+00
   0.0000000e+00
   4.1220061e-02
   3.5206663e-02
   2.2917319e-02
   2.2465788e-02
   7.8084624e-03
   0.0000000e+00
   0.0000000e+00
   0.0000000e+00
   0.0000000e+00
   5.1117073e-03
   2.1214850e-03
  -3.3729521e-04
  -3.9911917e-03
  -9.3871210e-03
  -1.9496063e-02
  -1.4963164e-02
  -9.3391235e-03
  -9.3364157e-03
  -1.0817910e-02
  -7.7726319e-03
  -4.2690387e-03
  -1.7731403e-03
   1.0479835e-03
   0.0000000e+00
   0.0000000e+00
   0.0000000e+00
   0.0000000e+00
   0.0000000e+00
   0.0000000e+00
   0.0000000e+00
   0.0000000e+00
   0.0000000e+00
   0.0000000e+00
   0.0000000e+00
   0.0000000e+00
   0.0000000e+00
   0.0000000e+00
   0.0000000e+00
   0.0000000e+00
   0.0000000e+00
   0.0000000e+00
   0.0000000e+00
   0.0000000e+00
   0.0000000e+00
   0.0000000e+00
   0.0000000e+00
   0.0000000e+00
   0.0000000e+00
   0.0000000e+00
   0.0000000e+00
   0.0000000e+00
   0.0000000e+00
   0.0000000e+00
   0.0000000e+00
   2.3238548e-02
   2.4924731e-02
   2.9976980e-02
   1.7325395e-02
   9.3537159e-03
   0.0000000e+00
   0.0000000e+00
   8.0061780e-03
  -5.8435590e-03
  -1.3661370e-03
   6.7512631e-04
  -5.6239632e-03
  -3.4130558e-03
   1.9238705e-03
   1.5610222e-02
   1.6583251e-02
   1.2952433e-02
   1.2413135e-02
   1.4842251e-02
   1.6423971e-02
   1.4980992e-02
   1.4345919e-02
   8.3770582e-03
   3.3957558e-04
  -8.1126256e-03
  -2.4547998e-02
   0.0000000e+00
   0.0000000e+00
   4.1274643e-03
  -1.4766575e-03
  -7.2359728e-03
  -1.0724517e-02
  -2.5117097e-02
  -0.0000000e+00
  -0.0000000e+00
  -0.0000000e+00
  -0.0000000e+00
  -0.0000000e+00
   0.0000000e+00
   0.0000000e+00
   0.0000000e+00
   0.0000000e+00
   0.0000000e+00
   0.0000000e+00
   0.0000000e+00
   0.0000000e+00
   0.0000000e+00
   0.0000000e+00
   0.0000000e+00
   0.0000000e+00
   0.0000000e+00
   0.0000000e+00
   0.0000000e+00
   0.0000000e+00
  -0.0000000e+00
  -0.0000000e+00
   0.0000000e+00
   0.0000000e+00
   0.0000000e+00
   0.0000000e+00
   0.0000000e+00
   0.0000000e+00
   0.0000000e+00
   0.0000000e+00
   0.0000000e+00
   0.0000000e+00
   0.0000000e+00
   0.0000000e+00
   0.0000000e+00
   0.0000000e+00
   0.0000000e+00
   2.1041446e-02
   2.1206696e-02
   2.2845106e-02
   2.8531373e-02
   2.5460253e-02
   2.2574119e-02
   1.4633027e-02
   8.2052480e-03
   6.9609167e-03
  -4.3160908e-03
  -3.2526376e-03
  -2.7709675e-03
  -7.8543375e-03
  -6.3428817e-03
  -2.0150006e-03
   5.7355093e-03
   7.9813440e-03
   6.7144171e-03
   7.1498630e-03
   6.7884844e-03
   7.8210356e-03
   7.1006971e-03
   4.8568574e-03
   3.9354427e-03
  -2.2411948e-03
  -4.8559253e-03
  -2.4727309e-02
   0.0000000e+00
   0.0000000e+00
   2.5916413e-03
  -3.5032593e-03
  -1.0594268e-02
  -1.4565254e-02
   0.0000000e+00
   0.0000000e+00
   0.0000000e+00
   0.0000000e+00
   0.0000000e+00
   0.0000000e+00
   0.0000000e+00
   0.0000000e+00
   0.0000000e+00
   0.0000000e+00
   0.0000000e+00
   0.0000000e+00
   0.0000000e+00
   0.0000000e+00
   0.0000000e+00
   0.0000000e+00
   0.0000000e+00
   0.0000000e+00
   0.0000000e+00
   0.0000000e+00
  -0.0000000e+00
  -6.3446441e-03
  -1.8764756e-02
  -2.0537832e-02
   0.0000000e+00
   0.0000000e+00
   0.0000000e+00
   0.0000000e+00
   0.0000000e+00
   0.0000000e+00
   0.0000000e+00
   0.0000000e+00
   0.0000000e+00
   0.0000000e+00
   0.0000000e+00
   0.0000000e+00
   0.0000000e+00
   0.0000000e+00
   0.0000000e+00
   1.6710999e-02
   1.6739827e-02
   1.7357725e-02
   2.1543643e-02
   2.2644429e-02
   2.1730716e-02
   1.5608761e-02
   9.1599129e-03
   5.7329331e-03
  -2.3726897e-03
  -8.2094062e-03
  -1.1102119e-02
  -1.3319851e-02
  -1.2737917e-02
  -1.0001104e-02
  -4.8101008e-03
  -1.2422476e-04
   3.0076912e-04
   1.9327139e-03
   1.2444724e-03
   8.7229552e-04
   1.3685180e-03
  -1.9690294e-03
  -1.1180490e-03
  -6.8310740e-03
  -8.1521494e-03
  -1.0253733e-02
  -1.8459551e-02
   0.0000000e+00
  -7.1350757e-03
  -1.0258729e-02
  -1.3659985e-02
  -1.6453033e-02
   0.0000000e+00
   0.0000000e+00
   0.0000000e+00
   0.0000000e+00
   0.0000000e+00
   0.0000000e+00
   0.0000000e+00
   0.0000000e+00
   0.0000000e+00
   0.0000000e+00
   0.0000000e+00
   0.0000000e+00
   0.0000000e+00
   0.0000000e+00
   0.0000000e+00
   0.0000000e+00
   0.0000000e+00
   0.0000000e+00
   7.1934643e-03
  -3.4910300e-04
  -5.6201307e-03
  -8.3038079e-03
  -1.7572522e-02
  -2.3101192e-02
   0.0000000e+00
   0.0000000e+00
   0.0000000e+00
   0.0000000e+00
   0.0000000e+00
   0.0000000e+00
   0.0000000e+00
   0.0000000e+00
   0.0000000e+00
   0.0000000e+00
   0.0000000e+00
   0.0000000e+00
   0.0000000e+00
   0.0000000e+00
   0.0000000e+00
   1.3020123e-02
   1.5160503e-02
   1.4637132e-02
   1.5756144e-02
   1.9306260e-02
   1.8414794e-02
   1.7187805e-02
   1.2009599e-02
   3.3592573e-03
  -6.2148587e-03
  -1.2589784e-02
  -1.5494353e-02
  -1.6785819e-02
  -1.5083106e-02
  -1.2692071e-02
  -8.6111198e-03
  -5.4633999e-03
  -4.0175720e-03
  -3.2099953e-03
  -3.2911397e-03
  -4.1803214e-03
  -4.3412759e-03
  -6.1779305e-03
  -6.7985208e-03
  -9.5508407e-03
  -1.1607749e-02
  -1.1640368e-02
  -1.4722028e-02
  -1.3641195e-02
  -1.7607610e-02
  -1.4577979e-02
  -1.3991130e-02
  -1.6068931e-02
   0.0000000e+00
   0.0000000e+00
   0.0000000e+00
   0.0000000e+00
   0.0000000e+00
   0.0000000e+00
   0.0000000e+00
   0.0000000e+00
   0.0000000e+00
   0.0000000e+00
   0.0000000e+00
   0.0000000e+00
   0.0000000e+00
   0.0000000e+00
   0.0000000e+00
   0.0000000e+00
   0.0000000e+00
   9.0731100e-05
   2.1378875e-03
  -4.1083022e-03
  -8.3097870e-03
  -1.3096092e-02
  -2.0080854e-02
   0.0000000e+00
   0.0000000e+00
   0.0000000e+00
   0.0000000e+00
   0.0000000e+00
   0.0000000e+00
   0.0000000e+00
   0.0000000e+00
   0.0000000e+00
   0.0000000e+00
   0.0000000e+00
   0.0000000e+00
   0.0000000e+00
   0.0000000e+00
   0.0000000e+00
   0.0000000e+00
   0.0000000e+00
   0.0000000e+00
   1.2636599e-02
   1.3484982e-02
   0.0000000e+00
   1.6507649e-02
   1.6188430e-02
   1.1572081e-02
  -2.0309493e-03
  -1.1465651e-02
  -1.6879410e-02
  -1.8816794e-02
  -1.9216735e-02
  -1.6767892e-02
  -1.4676347e-02
  -1.0510474e-02
  -8.7301471e-03
  -6.9383677e-03
  -6.8568530e-03
  -6.6821667e-03
  -7.6099788e-03
  -8.2245942e-03
  -9.2687641e-03
  -1.0379088e-02
  -1.1918005e-02
  -1.3519772e-02
  -1.3408914e-02
  -1.2860087e-02
  -1.3877048e-02
  -1.6080419e-02
  -1.3878674e-02
  -1.1294962e-02
  -1.0660276e-02
   0.0000000e+00
   0.0000000e+00
   0.0000000e+00
   0.0000000e+00
   0.0000000e+00
   0.0000000e+00
   0.0000000e+00
   0.0000000e+00
   0.0000000e+00
   0.0000000e+00
   0.0000000e+00
   0.0000000e+00
   0.0000000e+00
   0.0000000e+00
   0.0000000e+00
   0.0000000e+00
  -0.0000000e+00
  -2.6320788e-03
  -5.6895857e-03
  -8.9910521e-03
  -1.0078743e-02
  -1.4020021e-02
  -2.3536477e-02
   0.0000000e+00
   0.0000000e+00
   0.0000000e+00
   0.0000000e+00
   0.0000000e+00
   0.0000000e+00
   0.0000000e+00
   0.0000000e+00
   0.0000000e+00
   0.0000000e+00
   0.0000000e+00
   0.0000000e+00
   0.0000000e+00
   0.0000000e+00
   0.0000000e+00
   0.0000000e+00
   0.0000000e+00
   0.0000000e+00
   9.5172306e-03
   1.2228246e-02
   9.5917219e-03
   0.0000000e+00
   1.3068334e-02
   7.5640425e-03
  -8.1434664e-03
  -1.6480003e-02
  -2.0490371e-02
  -2.1426137e-02
  -2.0504225e-02
  -1.7915242e-02
  -1.5492298e-02
  -1.2002059e-02
  -1.0302552e-02
  -8.9846250e-03
  -8.6907163e-03
  -8.7792035e-03
  -9.4140306e-03
  -1.0184155e-02
  -1.1001918e-02
  -1.1874261e-02
  -1.3034608e-02
  -1.3863990e-02
  -1.3857717e-02
  -1.3131642e-02
  -1.3254189e-02
  -1.3637782e-02
  -1.2104085e-02
  -7.9901302e-03
  -7.8544796e-03
   0.0000000e+00
   0.0000000e+00
   0.0000000e+00
   0.0000000e+00
   0.0000000e+00
   0.0000000e+00
   0.0000000e+00
   0.0000000e+00
   9.1633629e-04
  -1.5528243e-03
   1.2424837e-03
   0.0000000e+00
   0.0000000e+00
   0.0000000e+00
  -5.4945513e-03
  -4.3396336e-04
  -4.6485632e-03
  -6.1603225e-03
  -1.0478948e-02
  -1.1178093e-02
  -1.0028928e-02
  -1.1053440e-02
   0.0000000e+00
   0.0000000e+00
   0.0000000e+00
   0.0000000e+00
   0.0000000e+00
   0.0000000e+00
   0.0000000e+00
   0.0000000e+00
   0.0000000e+00
   0.0000000e+00
   0.0000000e+00
   0.0000000e+00
   0.0000000e+00
   0.0000000e+00
   0.0000000e+00
   0.0000000e+00
   0.0000000e+00
   0.0000000e+00
   0.0000000e+00
   5.8592159e-03
   1.1162966e-02
   1.2440532e-02
   1.2688487e-02
   9.4169451e-03
   1.5882449e-03
  -1.3580876e-02
  -2.0406025e-02
  -2.2567423e-02
  -2.2606894e-02
  -2.0438076e-02
  -1.7888598e-02
  -1.5283662e-02
  -1.2391299e-02
  -1.0617495e-02
  -9.5013625e-03
  -9.2210348e-03
  -9.3719968e-03
  -9.8674080e-03
  -1.0445809e-02
  -1.1077718e-02
  -1.1833312e-02
  -1.2448823e-02
  -1.2973571e-02
  -1.2570809e-02
  -1.2317734e-02
  -1.1605058e-02
  -1.2095507e-02
  -9.7469135e-03
  -5.7963792e-03
  -3.1145413e-03
   0.0000000e+00
   0.0000000e+00
   0.0000000e+00
   0.0000000e+00
   0.0000000e+00
   0.0000000e+00
  -2.1213978e-03
  -3.3362127e-03
  -1.3609314e-03
  -1.9796001e-03
  -1.7082997e-03
  -1.0928572e-02
   0.0000000e+00
   0.0000000e+00
  -7.3886330e-03
  -4.2685921e-03
  -7.2789751e-03
  -9.7067688e-03
  -1.2441504e-02
  -1.2204533e-02
  -9.1905774e-03
  -7.4413745e-03
   0.0000000e+00
   0.0000000e+00
   0.0000000e+00
   0.0000000e+00
   0.0000000e+00
   0.0000000e+00
   0.0000000e+00
   0.0000000e+00
   0.0000000e+00
  -0.0000000e+00
  -1.3851987e-02
  -1.2392467e-02
  -1.8119196e-02
  -2.3628115e-02
   0.0000000e+00
   0.0000000e+00
   0.0000000e+00
   0.0000000e+00
   0.0000000e+00
   4.7451347e-03
   1.2722115e-02
   1.5797854e-02
   1.3702556e-02
   5.3640648e-03
  -4.7746438e-03
  -1.7396991e-02
  -2.2199249e-02
  -2.2437872e-02
  -2.1672240e-02
  -1.8743561e-02
  -1.6252498e-02
  -1.3797913e-02
  -1.1225724e-02
  -9.6325713e-03
  -8.5068914e-03
  -8.5352687e-03
  -8.5061904e-03
  -9.0704300e-03
  -9.2350603e-03
  -9.8978989e-03
  -1.0288966e-02
  -1.0779661e-02
  -1.0869327e-02
  -1.0469316e-02
  -1.0301743e-02
  -9.7527994e-03
  -1.0406833e-02
  -7.7721118e-03
  -4.0456369e-03
   3.9148399e-03
   1.4282589e-02
   1.7117466e-02
   0.0000000e+00
   0.0000000e+00
   0.0000000e+00
   0.0000000e+00
  -2.2768765e-03
  -3.6063354e-03
  -4.6911974e-03
  -2.0764192e-03
  -6.1045345e-04
  -6.2366421e-03
  -0.0000000e+00
  -1.5739081e-02
  -1.1100400e-02
  -1.0228124e-02
  -1.0745787e-02
  -1.2329277e-02
  -1.3165871e-02
  -1.2501942e-02
  -8.2644602e-03
  -4.0698281e-03
  -4.1879365e-03
   0.0000000e+00
   0.0000000e+00
   0.0000000e+00
   0.0000000e+00
   0.0000000e+00
   0.0000000e+00
  -1.6486205e-02
  -1.3736224e-02
  -1.4623231e-02
  -1.3320922e-02
  -1.2026754e-02
  -1.6152667e-02
  -2.0485411e-02
   0.0000000e+00
   0.0000000e+00
   0.0000000e+00
   0.0000000e+00
   1.4932486e-03
   6.2096683e-03
   1.5941374e-02
   1.8453582e-02
   1.3302282e-02
  -2.1601892e-04
  -1.0492465e-02
  -2.0035715e-02
  -2.1818442e-02
  -2.0543672e-02
  -1.8844647e-02
  -1.5851915e-02
  -1.3301440e-02
  -1.1177342e-02
  -8.8919005e-03
  -7.5287965e-03
  -6.6838062e-03
  -6.6005800e-03
  -6.6719851e-03
  -6.9026552e-03
  -7.3302839e-03
  -7.6856139e-03
  -7.9305948e-03
  -8.2156152e-03
  -8.1158894e-03
  -8.0653659e-03
  -7.7855113e-03
  -8.0007617e-03
  -8.4009237e-03
  -6.3538077e-03
  -2.4158763e-03
   6.4368664e-03
   1.4521200e-02
   1.6873976e-02
   9.5486737e-03
   6.5158322e-03
   0.0000000e+00
   0.0000000e+00
  -0.0000000e+00
  -4.0037119e-03
  -7.1945465e-03
  -1.2415164e-03
   5.9842617e-03
   8.0997047e-03
  -1.4395555e-02
  -1.5333874e-02
  -1.3304835e-02
  -1.3058400e-02
  -1.2748312e-02
  -1.3317813e-02
  -1.3711446e-02
  -1.1889879e-02
  -7.2893681e-03
  -2.4104179e-03
  -3.1241023e-03
  -3.1255180e-03
  -5.0639963e-03
  -9.5553752e-03
  -1.2731286e-02
  -1.0846123e-02
  -8.4168580e-03
  -1.5196640e-02
  -1.3111949e-02
  -1.2080359e-02
  -1.1715156e-02
  -1.0656428e-02
  -1.0828336e-02
  -1.2179388e-02
   0.0000000e+00
   0.0000000e+00
   0.0000000e+00
   0.0000000e+00
   1.5378889e-03
   7.8394090e-03
   1.8184948e-02
   1.7629349e-02
   8.3908165e-03
  -6.8169188e-03
  -1.5515438e-02
  -1.9934301e-02
  -1.8692670e-02
  -1.6496613e-02
  -1.4296707e-02
  -1.1508720e-02
  -9.1760452e-03
  -7.4627406e-03
  -5.6766250e-03
  -4.5464023e-03
  -3.8979813e-03
  -3.6763681e-03
  -3.8161910e-03
  -4.0051416e-03
  -4.4327214e-03
  -4.6832420e-03
  -4.8004381e-03
  -5.0256156e-03
  -4.9648707e-03
  -5.0645804e-03
  -5.5341229e-03
  -6.1468872e-03
  -6.3937671e-03
  -4.7062400e-03
  -8.5116674e-04
   6.3024361e-03
   1.5982657e-02
   1.6128307e-02
   9.5486737e-03
   6.5158322e-03
   0.0000000e+00
   0.0000000e+00
   0.0000000e+00
  -1.8801536e-03
  -5.8148163e-03
  -1.4677898e-03
   9.3767432e-03
   1.4872149e-02
  -8.8455324e-03
  -1.2852044e-02
  -1.2726159e-02
  -1.2508831e-02
  -1.3315333e-02
  -1.3655971e-02
  -1.2389273e-02
  -1.0096861e-02
  -5.5347239e-03
  -4.2774020e-04
   1.3380693e-04
  -3.1255180e-03
  -5.0639963e-03
  -9.5553752e-03
  -1.2731286e-02
  -1.0846123e-02
  -8.4168580e-03
  -9.2728474e-03
  -9.2883576e-03
  -9.0203441e-03
  -8.7525861e-03
  -6.9960800e-03
  -3.6664181e-03
  -1.9759187e-03
   0.0000000e+00
   0.0000000e+00
   0.0000000e+00
   0.0000000e+00
   2.0847190e-03
   9.3572348e-03
   1.7452941e-02
   1.1482220e-02
  -8.4581371e-04
  -1.3380371e-02
  -1.8450122e-02
  -1.4915234e-02
  -1.2616873e-02
  -1.0635984e-02
  -8.7557465e-03
  -6.4675471e-03
  -4.7105147e-03
  -3.4873035e-03
  -2.0947734e-03
  -1.1551918e-03
  -4.8295888e-04
  -3.6613909e-04
  -5.5688369e-04
  -7.3154755e-04
  -1.0507637e-03
  -1.2896301e-03
  -1.4712012e-03
  -1.7454891e-03
  -1.9466659e-03
  -2.3913278e-03
  -3.4292485e-03
  -4.2360075e-03
  -4.4196677e-03
  -2.7139468e-03
   8.4206093e-04
   6.3552493e-03
   1.4779487e-02
   1.7651088e-02
   1.6608819e-02
   1.7624952e-02
   2.1024045e-02
   0.0000000e+00
   0.0000000e+00
  -0.0000000e+00
  -6.6961180e-03
  -6.1139397e-03
   2.5470061e-03
   7.5655684e-03
   2.2779629e-04
  -1.2852044e-02
  -1.2137865e-02
  -1.1938327e-02
  -1.2201072e-02
  -1.1794470e-02
  -9.2039767e-03
  -6.0974569e-03
  -2.1630826e-03
   2.4711935e-03
   6.2113160e-03
   7.1570259e-03
   5.4487929e-03
   2.5063636e-03
   1.1360313e-03
  -3.3902848e-04
  -1.1882963e-03
  -2.4525007e-03
  -3.7287266e-03
  -4.9033371e-03
  -4.9547209e-03
  -1.0450522e-03
   7.7012315e-03
   1.1631582e-02
   0.0000000e+00
   0.0000000e+00
   0.0000000e+00
   0.0000000e+00
   0.0000000e+00
   1.0491230e-02
   1.2272530e-02
   2.1171323e-03
  -7.9556350e-03
  -1.4387509e-02
  -1.5746484e-02
  -9.5437148e-03
  -7.6379046e-03
  -6.2076980e-03
  -4.7591480e-03
  -2.9093723e-03
  -1.5503793e-03
  -5.4007709e-04
   6.9488423e-04
   1.5456199e-03
   2.1389212e-03
   2.1657723e-03
   1.9364144e-03
   1.7791355e-03
   1.4600635e-03
   1.1816417e-03
   8.8529563e-04
   4.5356948e-04
   2.3625893e-05
  -6.5704795e-04
  -1.9048312e-03
  -2.7993971e-03
  -2.9123461e-03
  -1.0812980e-03
   2.5973395e-03
   8.5611463e-03
   1.4668308e-02
   1.7791800e-02
   1.8710774e-02
   2.2100256e-02
   2.7464034e-02
   2.9482858e-02
   0.0000000e+00
   0.0000000e+00
  -6.8047002e-03
  -1.0150810e-02
  -4.9005996e-03
   3.8625052e-04
  -3.7213937e-03
   0.0000000e+00
  -1.1606371e-02
  -1.0102487e-02
  -9.4199223e-03
  -8.6991084e-03
  -5.7496274e-03
  -2.7107283e-03
   6.7311184e-04
   5.3730845e-03
   9.4114121e-03
   1.0806121e-02
   1.0000005e-02
   7.2529028e-03
   6.5680532e-03
   4.8709120e-03
   3.3019744e-03
   1.5921633e-03
  -6.5962354e-04
  -2.2126673e-03
  -1.3824625e-03
   5.6899069e-03
   1.3529922e-02
   1.2888982e-02
   0.0000000e+00
   0.0000000e+00
   0.0000000e+00
   0.0000000e+00
   0.0000000e+00
   8.8742999e-03
   6.9896433e-03
  -2.0670314e-03
  -8.6113505e-03
  -1.1295942e-02
  -1.0950023e-02
  -4.6243286e-03
  -3.3422597e-03
  -2.4302711e-03
  -1.3629220e-03
   8.3826992e-05
   1.1703397e-03
   2.0888905e-03
   3.2164597e-03
   3.9726745e-03
   4.4749378e-03
   4.4432181e-03
   4.2030866e-03
   4.0436014e-03
   3.6932652e-03
   3.3405074e-03
   2.9194046e-03
   2.2926479e-03
   1.6602683e-03
   7.7971740e-04
  -6.0437558e-04
  -1.5211384e-03
  -1.5370516e-03
   5.0671867e-04
   4.7178003e-03
   1.1963150e-02
   0.0000000e+00
   0.0000000e+00
   2.1750756e-02
   2.4450574e-02
   3.1038703e-02
   3.2376741e-02
   0.0000000e+00
   0.0000000e+00
   0.0000000e+00
  -1.2859264e-02
  -1.1556113e-02
  -6.5115516e-03
  -9.2571456e-03
  -1.4650232e-02
  -9.7783196e-03
  -7.4638350e-03
  -6.0480873e-03
  -5.1585589e-03
  -2.2155875e-03
   5.3146073e-04
   3.5320445e-03
   8.5756383e-03
   1.2838978e-02
   1.4935475e-02
   2.0229156e-02
   1.2478004e-02
   9.6482714e-03
   8.0733353e-03
   5.8696155e-03
   3.6763952e-03
   1.2035011e-03
   1.0084022e-04
   2.4235316e-03
   1.2255874e-02
   2.1488440e-02
   0.0000000e+00
   0.0000000e+00
   0.0000000e+00
   0.0000000e+00
   0.0000000e+00
   0.0000000e+00
   7.6714621e-03
   3.0577088e-03
  -3.6844646e-03
  -6.9011366e-03
  -7.0713469e-03
  -5.9632905e-03
  -2.8701028e-04
   3.0802768e-04
   7.7744886e-04
   1.5313838e-03
   2.6125874e-03
   3.5346509e-03
   4.4512897e-03
   5.4987705e-03
   6.1477032e-03
   6.5596414e-03
   6.4989657e-03
   6.2733763e-03
   6.0929851e-03
   5.6929515e-03
   5.2398498e-03
   4.6925218e-03
   3.8505571e-03
   3.0424006e-03
   1.9905356e-03
   5.0842848e-04
  -3.7835178e-04
  -2.7555870e-04
   2.0477069e-03
   7.1236461e-03
   1.6200948e-02
   0.0000000e+00
   0.0000000e+00
   2.5572935e-02
   2.5110371e-02
   3.4549793e-02
   3.7925103e-02
   0.0000000e+00
   0.0000000e+00
   0.0000000e+00
  -0.0000000e+00
  -1.7240654e-02
  -1.2984862e-02
  -1.3272379e-02
  -1.4650232e-02
  -7.5070234e-03
  -4.2557959e-03
  -2.3634600e-03
  -1.4049519e-03
   1.2798706e-03
   3.6156451e-03
   6.3926896e-03
   1.1981560e-02
   1.6671650e-02
   2.0050933e-02
   3.6125229e-02
   1.8725765e-02
   1.1245333e-02
   9.8129127e-03
   6.8247168e-03
   4.1280761e-03
   2.1230138e-03
   2.1383153e-03
   6.3767621e-03
   1.8424208e-02
   2.6826906e-02
   0.0000000e+00
   0.0000000e+00
   0.0000000e+00
   0.0000000e+00
   0.0000000e+00
   0.0000000e+00
   6.9795492e-03
   5.0612352e-04
  -3.3404518e-03
  -3.6235055e-03
  -2.2774617e-03
  -1.1220098e-03
   4.5914054e-03
   4.4821019e-03
   4.5775950e-03
   4.9989061e-03
   5.8134923e-03
   6.7343222e-03
   7.7154424e-03
   8.6283637e-03
   9.1403833e-03
   9.5156084e-03
   9.4960368e-03
   9.2097228e-03
   8.9315713e-03
   8.3697223e-03
   7.7774900e-03
   7.0225110e-03
   5.8049242e-03
   4.6210349e-03
   3.2956231e-03
   1.8463056e-03
   1.1870247e-03
   1.6252122e-03
   4.6785645e-03
   1.1514338e-02
   2.2826449e-02
   0.0000000e+00
   0.0000000e+00
   0.0000000e+00
   3.2197534e-02
   3.6746420e-02
   4.1295306e-02
   0.0000000e+00
   0.0000000e+00
   0.0000000e+00
  -0.0000000e+00
  -2.6058406e-02
  -2.1586470e-02
  -1.5891828e-02
  -9.7396376e-03
  -2.8857072e-03
   1.5445328e-03
   3.1324533e-03
  -1.4049519e-03
   5.8776529e-03
   7.8760825e-03
   1.1636388e-02
   1.8578141e-02
   2.6152468e-02
   2.9715065e-02
   3.6125229e-02
   3.3767640e-02
   1.9020060e-02
   1.1179331e-02
   6.4005636e-03
   2.7215635e-03
   3.3492904e-03
   5.9951555e-03
   1.3059908e-02
   2.8643256e-02
   3.8570855e-02
   0.0000000e+00
   0.0000000e+00
   0.0000000e+00
   0.0000000e+00
   0.0000000e+00
   0.0000000e+00
   2.2883897e-03
  -1.1064944e-03
   5.3138573e-04
   2.5580507e-03
   4.0259587e-03
   4.5554190e-03
   6.6858954e-03
   6.3175694e-03
   6.2970780e-03
   6.6592263e-03
   7.4883760e-03
   8.4814683e-03
   9.5100758e-03
   1.0365951e-02
   1.0872239e-02
   1.1238707e-02
   1.1157791e-02
   1.0793862e-02
   1.0428405e-02
   9.7548895e-03
   8.9907361e-03
   7.9916332e-03
   6.4805142e-03
   5.0934504e-03
   3.7652807e-03
   2.4868800e-03
   2.0563601e-03
   2.7870355e-03
   6.5892902e-03
   1.4296514e-02
   2.5607965e-02
   0.0000000e+00
   0.0000000e+00
   0.0000000e+00
   0.0000000e+00
   3.9747218e-02
   4.5664505e-02
   0.0000000e+00
   0.0000000e+00
   0.0000000e+00
  -0.0000000e+00
  -2.6278802e-02
  -2.6149046e-02
  -1.9685967e-02
  -1.0315627e-02
  -2.6732893e-03
   3.3593237e-03
   4.7100919e-03
   0.0000000e+00
   7.8280508e-03
   1.0730287e-02
   1.5284383e-02
   2.3407449e-02
   3.5599958e-02
   4.2593044e-02
   0.0000000e+00
   0.0000000e+00
   4.9485240e-02
   1.1179331e-02
   6.4005636e-03
   2.5243591e-03
   4.1654692e-03
   9.0675034e-03
   1.7892801e-02
   3.3109865e-02
   3.8570855e-02
   0.0000000e+00
   0.0000000e+00
   0.0000000e+00
   0.0000000e+00
   0.0000000e+00
  -0.0000000e+00
  -1.5588460e-03
   6.2627315e-04
   3.4973018e-03
   5.7766580e-03
   6.9276404e-03
   7.0401084e-03
   8.4159643e-03
   7.8553424e-03
   7.7669612e-03
   8.1103448e-03
   8.9834378e-03
   1.0048604e-02
   1.1095459e-02
   1.1916112e-02
   1.2411733e-02
   1.2739731e-02
   1.2577954e-02
   1.2117578e-02
   1.1645705e-02
   1.0808729e-02
   9.8340349e-03
   8.5870742e-03
   6.8108046e-03
   5.2990165e-03
   4.0102259e-03
   2.9277219e-03
   2.7582277e-03
   3.8548112e-03
   8.4002964e-03
   1.6582833e-02
   2.6953747e-02
   0.0000000e+00
   0.0000000e+00
   0.0000000e+00
   0.0000000e+00
   4.3803155e-02
   5.0932650e-02
   0.0000000e+00
   0.0000000e+00
   0.0000000e+00
   0.0000000e+00
  -0.0000000e+00
  -2.8831934e-02
  -2.3114056e-02
  -1.0579856e-02
  -1.4553965e-03
   5.3595402e-03
   7.1096325e-03
   1.0368977e-02
   1.0036036e-02
   1.3487331e-02
   1.8703931e-02
   2.7608489e-02
   4.2294632e-02
   5.2419737e-02
   0.0000000e+00
   0.0000000e+00
   7.4071252e-02
   0.0000000e+00
   0.0000000e+00
   2.3652112e-03
   5.2615283e-03
   1.1889735e-02
   2.2316999e-02
   3.7863175e-02
   0.0000000e+00
   0.0000000e+00
   0.0000000e+00
   0.0000000e+00
   0.0000000e+00
   0.0000000e+00
  -5.2322359e-03
  -3.2831281e-03
   2.2609263e-03
   6.2169018e-03
   8.5746126e-03
   9.3766686e-03
   9.1000365e-03
   1.0111522e-02
   9.4206434e-03
   9.3407398e-03
   9.7466303e-03
   1.0748550e-02
   1.1917632e-02
   1.2926000e-02
   1.3744104e-02
   1.4213333e-02
   1.4419684e-02
   1.4097538e-02
   1.3455735e-02
   1.2787401e-02
   1.1598829e-02
   1.0233634e-02
   8.6195854e-03
   6.5224804e-03
   5.0042755e-03
   3.8660207e-03
   3.1225449e-03
   3.4025299e-03
   5.1917727e-03
   1.0800572e-02
   1.8791875e-02
   2.5715041e-02
   0.0000000e+00
   7.8645943e-03
   7.8645943e-03
   4.3479026e-02
   5.2016620e-02
   6.0554214e-02
   0.0000000e+00
   0.0000000e+00
   0.0000000e+00
   0.0000000e+00
   0.0000000e+00
  -2.8447211e-02
  -2.7264059e-02
  -1.0270344e-02
   2.5394619e-03
   8.6666485e-03
   9.7586045e-03
   1.0368977e-02
   1.3804089e-02
   1.7262778e-02
   2.3147007e-02
   3.2295384e-02
   4.5875511e-02
   5.4282810e-02
   0.0000000e+00
   0.0000000e+00
   0.0000000e+00
   0.0000000e+00
   0.0000000e+00
   0.0000000e+00
   7.4694329e-03
   1.5420035e-02
   2.7814314e-02
   4.2075661e-02
   0.0000000e+00
   0.0000000e+00
   0.0000000e+00
   0.0000000e+00
   0.0000000e+00
   0.0000000e+00
  -4.0021920e-03
  -3.2018393e-03
   4.4094755e-03
   9.6070649e-03
   1.1691231e-02
   1.1917148e-02
   1.1139165e-02
   1.1142161e-02
   1.0525249e-02
   1.0543588e-02
   1.1055980e-02
   1.2154652e-02
   1.3220328e-02
   1.4105939e-02
   1.4857936e-02
   1.5147219e-02
   1.5101461e-02
   1.4449024e-02
   1.3496823e-02
   1.2426393e-02
   1.0699101e-02
   8.9444858e-03
   7.0476929e-03
   4.9602820e-03
   3.6357827e-03
   2.8008766e-03
   2.6541520e-03
   3.6960999e-03
   6.3814073e-03
   1.2510368e-02
   1.9308853e-02
   2.3635387e-02
   1.6205128e-02
   1.2811241e-02
   2.0232770e-02
   4.0044590e-02
   6.1734293e-02
   6.9387973e-02
   0.0000000e+00
   0.0000000e+00
   0.0000000e+00
   0.0000000e+00
   0.0000000e+00
  -2.8447211e-02
  -2.4550395e-02
  -9.3393732e-03
   4.8626340e-03
   1.0917415e-02
   1.2128299e-02
   1.3350198e-02
   1.6476592e-02
   2.0731515e-02
   2.6577776e-02
   3.4988805e-02
   4.2734696e-02
   4.7456169e-02
   3.1493632e-02
   0.0000000e+00
   0.0000000e+00
   0.0000000e+00
   0.0000000e+00
   0.0000000e+00
   1.0973589e-02
   1.8362399e-02
   3.0548117e-02
   4.2558734e-02
   4.3409316e-02
   0.0000000e+00
   0.0000000e+00
   0.0000000e+00
   0.0000000e+00
   0.0000000e+00
  -0.0000000e+00
  -2.4895879e-03
   7.8519551e-03
   1.2595221e-02
   1.3974395e-02
   1.3469259e-02
   1.2284239e-02
   1.1663036e-02
   1.1102453e-02
   1.1194955e-02
   1.1773386e-02
   1.2852803e-02
   1.3784995e-02
   1.4551487e-02
   1.5144345e-02
   1.5222228e-02
   1.4931420e-02
   1.3987109e-02
   1.2777254e-02
   1.1380036e-02
   9.3191644e-03
   7.3885325e-03
   5.4391850e-03
   3.5162828e-03
   2.4627653e-03
   1.9904262e-03
   2.4215302e-03
   4.0488595e-03
   7.2649902e-03
   1.3451119e-02
   1.9297707e-02
   2.2266535e-02
   1.6738718e-02
   1.5464659e-02
   2.3633580e-02
   4.3075659e-02
   6.6411885e-02
   7.3159770e-02
   0.0000000e+00
   0.0000000e+00
   0.0000000e+00
   0.0000000e+00
   0.0000000e+00
   0.0000000e+00
  -2.2668709e-02
  -8.1364238e-03
   6.1717951e-03
   1.2147621e-02
   1.3408526e-02
   1.4884569e-02
   1.8106807e-02
   2.2664361e-02
   2.8324655e-02
   3.5939896e-02
   4.0955893e-02
   4.1974878e-02
   2.8140107e-02
   2.0227775e-02
   0.0000000e+00
   0.0000000e+00
   0.0000000e+00
   0.0000000e+00
   0.0000000e+00
   2.2976745e-02
   3.1295156e-02
   4.1489394e-02
   3.8315795e-02
   1.9572668e-02
   0.0000000e+00
   0.0000000e+00
   0.0000000e+00
   0.0000000e+00
  -0.0000000e+00
  -7.5148116e-04
   1.0346616e-02
   1.4415132e-02
   1.5222610e-02
   1.4203469e-02
   1.2821833e-02
   1.2156206e-02
   1.1672656e-02
   1.1866038e-02
   1.2522276e-02
   1.3498210e-02
   1.4202415e-02
   1.4784725e-02
   1.5069637e-02
   1.4796686e-02
   1.4126712e-02
   1.2749756e-02
   1.1169884e-02
   9.3086842e-03
   6.8552772e-03
   4.7840007e-03
   2.8979011e-03
   1.3304105e-03
   7.4997098e-04
   8.8267095e-04
   2.2064092e-03
   4.6385274e-03
   8.4547670e-03
   1.4437695e-02
   1.8946385e-02
   2.0572944e-02
   1.7911388e-02
   1.9732465e-02
   2.9152780e-02
   5.0279826e-02
   7.0548438e-02
   7.5864459e-02
   0.0000000e+00
   0.0000000e+00
   0.0000000e+00
   0.0000000e+00
   0.0000000e+00
   0.0000000e+00
  -0.0000000e+00
  -6.0812530e-03
   7.5802576e-03
   1.3428337e-02
   1.4723991e-02
   1.6371966e-02
   2.0000009e-02
   2.4719286e-02
   2.9994883e-02
   3.6327364e-02
   3.9032201e-02
   3.4244369e-02
   2.2612586e-02
   2.0227775e-02
   0.0000000e+00
   0.0000000e+00
   0.0000000e+00
   0.0000000e+00
   0.0000000e+00
   3.1257554e-02
   3.1208652e-02
   3.8910267e-02
   3.2718791e-02
   1.9572668e-02
   0.0000000e+00
   0.0000000e+00
   0.0000000e+00
   0.0000000e+00
  -2.0691117e-03
   2.6180741e-03
   1.3652837e-02
   1.6525675e-02
   1.6522423e-02
   1.4835820e-02
   1.3279404e-02
   1.1775268e-02
   1.1391871e-02
   1.1651210e-02
   1.2234210e-02
   1.2912859e-02
   1.3303656e-02
   1.3494761e-02
   1.3157839e-02
   1.2317369e-02
   1.1086215e-02
   9.1669463e-03
   7.2097154e-03
   5.1029001e-03
   2.6925430e-03
   9.2021975e-04
  -4.3077658e-04
  -1.0918541e-03
  -8.0308976e-04
   2.7162767e-04
   2.6878954e-03
   5.7796883e-03
   9.6805936e-03
   1.4647208e-02
   1.7729329e-02
   1.8809196e-02
   1.8937301e-02
   2.3114623e-02
   3.3030508e-02
   5.1934757e-02
   6.5720874e-02
   6.8107382e-02
   0.0000000e+00
   0.0000000e+00
   0.0000000e+00
   0.0000000e+00
   0.0000000e+00
   0.0000000e+00
  -0.0000000e+00
   3.0831595e-03
   8.5381987e-03
   1.4704490e-02
   1.6031477e-02
   1.7524036e-02
   2.1049806e-02
   2.5468177e-02
   3.0168591e-02
   3.4676741e-02
   3.4925934e-02
   2.9546403e-02
   1.8585483e-02
   1.4909220e-02
   1.4480045e-02
   0.0000000e+00
   0.0000000e+00
   0.0000000e+00
   0.0000000e+00
   3.1257554e-02
   3.0262528e-02
   3.4646219e-02
   3.0803450e-02
   2.3374362e-02
   0.0000000e+00
   0.0000000e+00
   0.0000000e+00
  -0.0000000e+00
  -4.0172112e-03
   7.6901607e-03
   1.6450622e-02
   1.7538593e-02
   1.6658868e-02
   1.4444506e-02
   1.2821349e-02
   1.0875782e-02
   1.0524773e-02
   1.0779602e-02
   1.1265564e-02
   1.1723404e-02
   1.1878820e-02
   1.1784078e-02
   1.1068847e-02
   9.9445773e-03
   8.4938047e-03
   6.4149848e-03
   4.4259026e-03
   2.4038208e-03
   2.7020864e-04
  -1.1304518e-03
  -2.0032539e-03
  -2.0469642e-03
  -1.2732308e-03
   2.3093898e-04
   3.0421747e-03
   6.2452519e-03
   9.9471513e-03
   1.4236243e-02
   1.6710406e-02
   1.7772590e-02
   1.9177362e-02
   2.4145799e-02
   3.3505622e-02
   4.9764726e-02
   5.8960294e-02
   5.9358821e-02
   0.0000000e+00
   0.0000000e+00
   0.0000000e+00
   0.0000000e+00
   0.0000000e+00
   0.0000000e+00
   0.0000000e+00
   0.0000000e+00
   9.7826866e-03
   1.5026832e-02
   1.6624535e-02
   1.7914787e-02
   2.1208921e-02
   2.5384830e-02
   2.9657892e-02
   3.3106312e-02
   3.2330234e-02
   2.6993138e-02
   1.7354434e-02
   1.3684629e-02
   1.2016055e-02
   8.1072648e-03
   0.0000000e+00
   0.0000000e+00
   0.0000000e+00
   0.0000000e+00
   3.8455094e-02
   3.1967031e-02
   2.8823049e-02
   2.2849864e-02
   0.0000000e+00
   0.0000000e+00
   0.0000000e+00
  -0.0000000e+00
  -1.1742887e-03
   9.7678675e-03
   1.6966213e-02
   1.7140058e-02
   1.5855536e-02
   1.3459486e-02
   1.1859641e-02
   9.1153332e-03
   8.7884070e-03
   9.0035510e-03
   9.3142084e-03
   9.4325430e-03
   9.2244608e-03
   8.6931070e-03
   7.4473680e-03
   5.9710586e-03
   4.3033387e-03
   2.1281226e-03
   2.4215930e-04
  -1.4860811e-03
  -3.0443366e-03
  -3.7819544e-03
  -3.8700796e-03
  -2.9987665e-03
  -1.5777132e-03
   4.2132019e-04
   3.5848463e-03
   6.7271916e-03
   9.9627794e-03
   1.3257503e-02
   1.5073394e-02
   1.6346152e-02
   1.9226932e-02
   2.4824644e-02
   3.2763729e-02
   4.4347180e-02
   4.6621921e-02
   4.4078887e-02
   0.0000000e+00
   0.0000000e+00
   0.0000000e+00
   0.0000000e+00
   0.0000000e+00
   0.0000000e+00
   0.0000000e+00
   1.1458763e-02
   1.2022431e-02
   1.5139498e-02
   1.7304925e-02
   1.8230936e-02
   2.1073615e-02
   2.4865122e-02
   2.8481030e-02
   3.0480850e-02
   2.8617321e-02
   2.3640502e-02
   1.6539178e-02
   1.2261283e-02
   6.7190958e-03
   8.1072648e-03
   0.0000000e+00
   0.0000000e+00
   0.0000000e+00
   0.0000000e+00
   5.6640678e-02
   2.8146382e-02
   2.5436622e-02
   1.9993631e-02
   0.0000000e+00
   0.0000000e+00
   0.0000000e+00
   0.0000000e+00
   5.3801978e-03
   1.1928052e-02
   1.6802404e-02
   1.5822716e-02
   1.4066530e-02
   1.1519877e-02
   1.0000494e-02
   4.3700059e-03
   3.9622606e-03
   3.9360076e-03
   3.8981381e-03
   3.5045329e-03
   2.8511601e-03
   1.9416358e-03
   4.6571995e-04
  -9.2810780e-04
  -2.3230020e-03
  -3.9347938e-03
  -5.1329275e-03
  -6.0575009e-03
  -6.5711759e-03
  -6.3401284e-03
  -5.4714628e-03
  -3.6940787e-03
  -1.7635998e-03
   4.7987006e-04
   3.5615772e-03
   6.3297519e-03
   8.9761404e-03
   1.1538085e-02
   1.3152877e-02
   1.4758329e-02
   1.8095872e-02
   2.2995443e-02
   2.9492989e-02
   3.7512086e-02
   4.6621921e-02
   4.4078887e-02
   0.0000000e+00
   0.0000000e+00
   0.0000000e+00
   0.0000000e+00
   0.0000000e+00
   0.0000000e+00
   0.0000000e+00
   1.7949331e-02
   1.2022431e-02
   2.7078563e-02
   1.7923695e-02
   1.8238299e-02
   2.0479340e-02
   2.3568742e-02
   2.6297393e-02
   2.7069046e-02
   2.4795540e-02
   2.0520509e-02
   1.4955984e-02
   1.1166166e-02
   8.0856884e-03
   1.0341931e-02
   1.5530593e-02
   0.0000000e+00
   0.0000000e+00
   0.0000000e+00
   5.6640678e-02
   4.1307680e-02
   1.9270119e-02
   1.2331032e-02
   0.0000000e+00
   0.0000000e+00
   0.0000000e+00
   0.0000000e+00
   7.2064292e-03
   1.0976766e-02
   1.2822280e-02
   1.0911483e-02
   8.8616852e-03
   6.4768590e-03
   5.1556788e-03
   7.4211681e-04
   2.3873192e-04
   3.6799273e-05
  -2.2154061e-04
  -8.8012954e-04
  -1.7110295e-03
  -2.7257499e-03
  -4.1807951e-03
  -5.4281322e-03
  -6.5978950e-03
  -7.8343026e-03
  -8.6263240e-03
  -9.0918534e-03
  -9.0041720e-03
  -8.2421242e-03
  -6.8728204e-03
  -4.6118512e-03
  -2.4024415e-03
  -1.9629262e-05
   3.0424846e-03
   5.6561553e-03
   8.0870441e-03
   1.0461629e-02
   1.2081990e-02
   1.3806055e-02
   1.7061511e-02
   2.1258715e-02
   2.6614523e-02
   3.1440468e-02
   0.0000000e+00
   0.0000000e+00
   0.0000000e+00
   0.0000000e+00
   0.0000000e+00
   0.0000000e+00
   0.0000000e+00
   0.0000000e+00
   9.1219048e-03
   1.7812786e-02
   0.0000000e+00
   2.9383154e-02
   1.8175643e-02
   1.8079294e-02
   1.9824054e-02
   2.2488714e-02
   2.4909525e-02
   2.5296557e-02
   2.2923819e-02
   1.8962259e-02
   1.3999058e-02
   1.0557618e-02
   8.5263807e-03
   1.0947612e-02
   1.4129070e-02
   1.1423132e-02
   0.0000000e+00
   0.0000000e+00
   0.0000000e+00
   4.4767832e-02
   1.6394738e-02
   8.4423238e-03
   0.0000000e+00
   0.0000000e+00
   0.0000000e+00
   2.6747341e-03
   6.8469091e-03
   8.9366365e-03
   9.2637726e-03
   7.0696401e-03
   4.9792036e-03
   2.7431055e-03
   1.5152300e-03
  -6.3483092e-03
  -7.0732903e-03
  -7.6094861e-03
  -8.2516144e-03
  -9.2986129e-03
  -1.0309605e-02
  -1.1341524e-02
  -1.2554143e-02
  -1.3429712e-02
  -1.4142519e-02
  -1.4701979e-02
  -1.4822947e-02
  -1.4550466e-02
  -1.3489526e-02
  -1.1904343e-02
  -9.7930455e-03
  -6.8011598e-03
  -4.1598266e-03
  -1.5533714e-03
   1.5144533e-03
   3.9609168e-03
   6.2113010e-03
   8.6016447e-03
   1.0396080e-02
   1.2212923e-02
   1.4866162e-02
   1.7517911e-02
   2.0601661e-02
   2.0491556e-02
   0.0000000e+00
   0.0000000e+00
   0.0000000e+00
   0.0000000e+00
   0.0000000e+00
   0.0000000e+00
   0.0000000e+00
   0.0000000e+00
   1.2774667e-03
   1.2323109e-02
   0.0000000e+00
   1.9443245e-02
   1.8441559e-02
   1.7599889e-02
   1.8337505e-02
   2.0286798e-02
   2.2485460e-02
   2.2688607e-02
   2.0341348e-02
   1.6763954e-02
   1.2388444e-02
   9.6025129e-03
   8.7688826e-03
   1.1439269e-02
   1.2041668e-02
   1.1423132e-02
   0.0000000e+00
   0.0000000e+00
   0.0000000e+00
   0.0000000e+00
   8.9228974e-03
   2.8595745e-03
   0.0000000e+00
   0.0000000e+00
   0.0000000e+00
  -8.3449860e-04
   4.3458122e-03
   3.6045538e-03
   1.7807682e-03
  -5.2817756e-04
  -2.5097326e-03
  -4.4295355e-03
  -5.5346969e-03
  -1.1693045e-02
  -1.2563522e-02
  -1.3266227e-02
  -1.4051659e-02
  -1.5154155e-02
  -1.6099128e-02
  -1.6987246e-02
  -1.7945224e-02
  -1.8604712e-02
  -1.9140481e-02
  -1.9567901e-02
  -1.9653181e-02
  -1.9387703e-02
  -1.8356681e-02
  -1.6783991e-02
  -1.4690654e-02
  -1.1717605e-02
  -9.0541864e-03
  -6.4047400e-03
  -3.3187669e-03
  -9.2212406e-04
   1.2849166e-03
   3.7702656e-03
   5.7239592e-03
   7.5613067e-03
   9.6222985e-03
   1.1186952e-02
   1.2815647e-02
   1.1082898e-02
   4.9611406e-04
  -3.8640244e-03
   0.0000000e+00
   0.0000000e+00
   0.0000000e+00
   0.0000000e+00
   0.0000000e+00
   0.0000000e+00
   3.0193399e-03
   5.2289138e-03
   1.3816686e-03
   1.9184215e-02
   1.8034715e-02
   1.6242184e-02
   1.5428784e-02
   1.6461542e-02
   1.9001022e-02
   2.0081640e-02
   1.8093262e-02
   1.4808118e-02
   1.0969672e-02
   8.8375000e-03
   8.4205786e-03
   9.5894195e-03
   8.0231747e-03
   3.6490336e-03
   0.0000000e+00
   0.0000000e+00
   0.0000000e+00
   0.0000000e+00
   0.0000000e+00
  -7.4898394e-04
  -8.9892846e-03
   0.0000000e+00
   0.0000000e+00
  -1.1752128e-04
  -3.0885160e-04
  -2.6521807e-03
  -4.7191749e-03
  -6.6127429e-03
  -8.2633860e-03
  -9.8562739e-03
  -1.0857153e-02
  -1.3821286e-02
  -1.4705923e-02
  -1.5441808e-02
  -1.6245440e-02
  -1.7308387e-02
  -1.8172720e-02
  -1.8959199e-02
  -1.9785089e-02
  -2.0355675e-02
  -2.0835109e-02
  -2.1252734e-02
  -2.1382528e-02
  -2.1197433e-02
  -2.0304570e-02
  -1.8871192e-02
  -1.6933803e-02
  -1.4150835e-02
  -1.1634411e-02
  -9.1206712e-03
  -6.1991809e-03
  -3.9470350e-03
  -1.8659981e-03
   5.2263169e-04
   2.4157389e-03
   4.1307793e-03
   5.7844479e-03
   6.7639920e-03
   7.6423747e-03
   6.5769350e-03
   8.3247558e-05
  -3.5387291e-03
  -1.0382076e-02
   0.0000000e+00
   0.0000000e+00
   0.0000000e+00
   0.0000000e+00
   0.0000000e+00
   0.0000000e+00
   3.1855570e-03
   2.0984602e-03
   1.7245373e-02
   1.7534331e-02
   1.5127396e-02
   1.3362143e-02
   1.3682275e-02
   1.6349513e-02
   1.8110404e-02
   1.6447874e-02
   1.3410364e-02
   9.9560186e-03
   8.2014912e-03
   7.9306650e-03
   8.2039554e-03
   5.6880523e-03
   1.9328564e-03
   0.0000000e+00
   0.0000000e+00
   0.0000000e+00
   0.0000000e+00
   0.0000000e+00
  -3.1896759e-03
  -8.7195253e-03
  -6.6400621e-03
  -2.8292277e-03
  -1.3265162e-04
  -2.8229365e-03
  -5.6963420e-03
  -7.7410031e-03
  -9.3508387e-03
  -1.0766931e-02
  -1.2123109e-02
  -1.3021567e-02
  -1.2731398e-02
  -1.3312017e-02
  -1.3806361e-02
  -1.4337212e-02
  -1.5002495e-02
  -1.5539660e-02
  -1.6077342e-02
  -1.6762810e-02
  -1.7359538e-02
  -1.7963815e-02
  -1.8676490e-02
  -1.9181593e-02
  -1.9481362e-02
  -1.9373588e-02
  -1.8779576e-02
  -1.7771036e-02
  -1.6128476e-02
  -1.4592899e-02
  -1.3045694e-02
  -1.1204022e-02
  -9.7229631e-03
  -8.3145997e-03
  -6.7885778e-03
  -5.7050767e-03
  -4.8118979e-03
  -4.1122252e-03
  -3.8650719e-03
  -3.7611375e-03
  -2.6137773e-03
  -2.5042223e-03
  -3.0290657e-03
  -1.0382076e-02
   0.0000000e+00
   0.0000000e+00
   0.0000000e+00
   0.0000000e+00
   0.0000000e+00
  -0.0000000e+00
  -4.5177665e-05
   3.2215088e-03
   1.4382459e-02
   1.5496633e-02
   1.1805962e-02
   8.2622237e-03
   6.5903944e-03
   9.1382878e-03
   1.2793829e-02
   1.2204644e-02
   9.9301700e-03
   7.4332485e-03
   6.2806714e-03
   5.8005583e-03
   4.5146815e-03
   1.9012977e-03
  -3.5761559e-03
   0.0000000e+00
   0.0000000e+00
   0.0000000e+00
   0.0000000e+00
   0.0000000e+00
  -5.4976134e-03
  -7.4515716e-03
  -6.6400621e-03
  -2.8292277e-03
  -2.1629081e-03
  -6.0139628e-03
  -7.8847180e-03
  -9.1328900e-03
  -1.0085835e-02
  -1.0925252e-02
  -1.1680436e-02
  -1.2218512e-02
  -7.7547535e-03
  -8.1229890e-03
  -8.4374507e-03
  -8.7660621e-03
  -9.1670407e-03
  -9.5034599e-03
  -9.8635575e-03
  -1.0337810e-02
  -1.0758281e-02
  -1.1181394e-02
  -1.1670079e-02
  -1.2002702e-02
  -1.2185547e-02
  -1.2102562e-02
  -1.1722319e-02
  -1.1089378e-02
  -1.0075962e-02
  -9.1420164e-03
  -8.2123118e-03
  -7.1798257e-03
  -6.4615762e-03
  -5.8884958e-03
  -5.4386477e-03
  -5.3197896e-03
  -5.5135601e-03
  -6.4150444e-03
  -7.8214359e-03
  -9.4535207e-03
  -9.4146300e-03
  -7.8542741e-03
  -3.4616880e-03
  -1.0382076e-02
   0.0000000e+00
   0.0000000e+00
   0.0000000e+00
   0.0000000e+00
   0.0000000e+00
  -2.3222751e-03
  -1.5677027e-03
   2.9432063e-03
   1.2085620e-02
   1.2881859e-02
   9.7796096e-03
   5.5143614e-03
   2.0002304e-03
   3.0372622e-03
   8.0056008e-03
   8.5102540e-03
   6.9132086e-03
   5.0767464e-03
   4.2400173e-03
   3.7416073e-03
   2.3126730e-03
   1.5750078e-04
  -2.7452349e-03
   0.0000000e+00
   0.0000000e+00
   0.0000000e+00
   0.0000000e+00
   0.0000000e+00
  -4.1630808e-03
  -4.8993550e-03
  -3.7625931e-03
  -1.1230252e-03
  -1.2658947e-03
  -3.7643846e-03
  -4.8526542e-03
  -5.6302065e-03
  -6.1974417e-03
  -6.6871243e-03
  -7.1174633e-03
  -7.4387224e-03
  -4.0050038e-03
  -4.2132152e-03
  -4.3921409e-03
  -4.5683708e-03
  -4.7702045e-03
  -4.9553680e-03
  -5.1816606e-03
  -5.4967689e-03
  -5.7844356e-03
  -6.0710471e-03
  -6.3909624e-03
  -6.5936271e-03
  -6.6883736e-03
  -6.6240658e-03
  -6.4048924e-03
  -6.0549534e-03
  -5.5155785e-03
  -5.0349428e-03
  -4.5705064e-03
  -4.1477170e-03
  -4.0042209e-03
  -4.0605008e-03
  -4.4215166e-03
  -5.0294876e-03
  -6.0422412e-03
  -8.1501482e-03
  -1.0802435e-02
  -1.3742557e-02
  -1.4538864e-02
  -1.1885375e-02
  -3.7876557e-03
   0.0000000e+00
   0.0000000e+00
   0.0000000e+00
   0.0000000e+00
   0.0000000e+00
   0.0000000e+00
  -2.6809172e-03
  -2.7148788e-03
   2.7335138e-03
   1.0355023e-02
   1.0911706e-02
   8.2528149e-03
   3.4439312e-03
  -1.4583177e-03
  -1.5596738e-03
   4.3978170e-03
   5.7266442e-03
   4.6400205e-03
   3.3011942e-03
   2.7024468e-03
   2.1902507e-03
   6.5352691e-04
  -1.1563969e-03
  -2.1191613e-03
   0.0000000e+00
   0.0000000e+00
   0.0000000e+00
   0.0000000e+00
   0.0000000e+00
  -3.1575513e-03
  -2.9763379e-03
  -1.5945082e-03
   1.6254614e-04
  -5.9002254e-04
  -2.0693963e-03
  -2.5680869e-03
  -2.9910417e-03
  -3.2676564e-03
  -3.4938244e-03
  -3.6794032e-03
  -3.8372968e-03
   6.3997164e-03
   6.3101572e-03
   6.2289518e-03
   6.1460621e-03
   6.0475063e-03
   5.9275915e-03
   5.7678355e-03
   5.5557331e-03
   5.3535351e-03
   5.1536205e-03
   4.9438852e-03
   4.8217501e-03
   4.7744748e-03
   4.7915585e-03
   4.8515837e-03
   4.9392536e-03
   5.0230450e-03
   5.0650834e-03
   5.0648653e-03
   4.8266842e-03
   4.2961264e-03
   3.4441814e-03
   1.9626486e-03
   2.8758046e-04
  -1.9620754e-03
  -5.9256035e-03
  -1.0656035e-02
  -1.6368715e-02
  -2.2010210e-02
  -2.1376565e-02
  -1.9015889e-02
   0.0000000e+00
   0.0000000e+00
   0.0000000e+00
   0.0000000e+00
   0.0000000e+00
   0.0000000e+00
  -7.8975490e-03
  -6.6090164e-03
  -7.5635096e-04
   6.5610969e-03
   0.0000000e+00
   7.9363752e-03
   3.3973900e-03
  -3.6841155e-03
  -9.2616206e-03
  -3.0297586e-03
  -1.6941631e-04
  -3.3941358e-04
  -7.8518161e-04
  -8.9559606e-04
  -1.1266586e-03
  -2.2401009e-03
  -3.6778419e-03
  -4.9296761e-03
  -1.2268858e-02
   0.0000000e+00
   0.0000000e+00
  -6.6247330e-03
  -1.6818658e-03
   1.8427260e-03
   2.9286241e-03
   4.3502095e-03
   5.5799999e-03
   5.8330391e-03
   5.8260166e-03
   6.1084472e-03
   6.3541020e-03
   6.4726903e-03
   6.5244999e-03
   6.5306993e-03
   6.4707810e-03
   1.0349011e-02
   1.0327618e-02
   1.0294660e-02
   1.0250886e-02
   1.0187179e-02
   1.0095451e-02
   9.9635581e-03
   9.8000012e-03
   9.6504575e-03
   9.5043196e-03
   9.3559988e-03
   9.2826386e-03
   9.2758003e-03
   9.3098706e-03
   9.3290192e-03
   9.2996245e-03
   9.1192977e-03
   8.8374539e-03
   8.4237837e-03
   7.5606503e-03
   6.4329733e-03
   4.9248387e-03
   2.5576497e-03
   1.2046918e-04
  -2.8501046e-03
  -7.5294685e-03
  -1.2686748e-02
  -1.8785331e-02
  -2.5582475e-02
  -2.6495269e-02
  -2.4510600e-02
   0.0000000e+00
   0.0000000e+00
   0.0000000e+00
  -0.0000000e+00
  -0.0000000e+00
   0.0000000e+00
  -0.0000000e+00
  -9.1983390e-03
  -3.0748625e-03
   3.8667862e-03
   0.0000000e+00
   6.4659312e-03
   6.0915124e-03
  -2.5566186e-03
  -1.1752450e-02
  -5.8056310e-03
  -2.5681712e-03
  -2.4765690e-03
  -2.6298635e-03
  -2.5830335e-03
  -2.7068710e-03
  -3.6531694e-03
  -5.0250862e-03
  -6.4430969e-03
  -1.3121680e-02
  -1.9167186e-02
   0.0000000e+00
  -6.1135994e-03
  -1.6533067e-03
   1.7482283e-03
   3.4813665e-03
   5.2333576e-03
   6.7178053e-03
   7.5632873e-03
   8.1587023e-03
   8.9066321e-03
   9.5750079e-03
   9.9389571e-03
   1.0175504e-02
   1.0331638e-02
   1.0356051e-02
   1.5590490e-02
   1.5659566e-02
   1.5690644e-02
   1.5698784e-02
   1.5681327e-02
   1.5627008e-02
   1.5532095e-02
   1.5432968e-02
   1.5353307e-02
   1.5278541e-02
   1.5211729e-02
   1.5203103e-02
   1.5249932e-02
   1.5306547e-02
   1.5271444e-02
   1.5086682e-02
   1.4555819e-02
   1.3844121e-02
   1.2881720e-02
   1.1189153e-02
   9.2689836e-03
   6.8899579e-03
   3.3473316e-03
  -1.0131990e-04
  -4.0286915e-03
  -9.6581082e-03
  -1.5381898e-02
  -2.1992648e-02
  -3.0323564e-02
  -3.3288782e-02
  -3.1803148e-02
   0.0000000e+00
   0.0000000e+00
   0.0000000e+00
  -4.5767346e-02
  -4.5767346e-02
   0.0000000e+00
  -0.0000000e+00
  -1.2634872e-02
  -6.1519770e-03
   2.9091352e-04
   0.0000000e+00
   4.5143669e-03
   9.6671353e-03
  -1.0602115e-03
  -1.5058265e-02
  -9.4897519e-03
  -5.7517841e-03
  -5.3129887e-03
  -5.0781140e-03
  -4.8225902e-03
  -4.8041194e-03
  -5.5285853e-03
  -6.8131407e-03
  -8.4516998e-03
  -1.3970576e-02
  -1.9167186e-02
   0.0000000e+00
  -5.4352259e-03
  -1.6154032e-03
   1.6228114e-03
   4.2149629e-03
   6.4054664e-03
   8.2278936e-03
   9.8596622e-03
   1.1254628e-02
   1.2620366e-02
   1.3849775e-02
   1.4539365e-02
   1.5021095e-02
   1.5376222e-02
   1.5512557e-02
   1.6861414e-02
   1.7525183e-02
   1.7962112e-02
   1.8310165e-02
   1.8606277e-02
   1.8685096e-02
   1.8609709e-02
   1.8421972e-02
   1.8217004e-02
   1.7988781e-02
   1.7698823e-02
   1.7462342e-02
   1.7217803e-02
   1.6795132e-02
   1.6218071e-02
   1.5376710e-02
   1.3956185e-02
   1.2443317e-02
   1.0664907e-02
   8.0705361e-03
   5.4820969e-03
   2.5623484e-03
  -1.3176489e-03
  -4.7431636e-03
  -8.3270495e-03
  -1.3049772e-02
  -1.7755018e-02
  -2.3696448e-02
  -3.2911011e-02
  -3.9609636e-02
  -4.0780053e-02
   0.0000000e+00
   0.0000000e+00
  -3.4479903e-02
  -4.1796593e-02
  -4.0115669e-02
  -3.9734270e-02
  -0.0000000e+00
  -2.2537077e-02
  -1.2133016e-02
  -3.2366015e-03
  -1.0546024e-04
   2.1819126e-03
   9.6671353e-03
  -1.0602115e-03
  -3.0919335e-02
  -1.1813604e-02
  -1.0146336e-02
  -9.9795416e-03
  -9.4885675e-03
  -9.0268554e-03
  -8.8623412e-03
  -9.3996621e-03
  -1.0369835e-02
  -1.1606188e-02
  -1.3734024e-02
  -1.4712130e-02
  -1.2892264e-02
  -1.0142448e-02
  -7.7598245e-03
  -4.9779165e-03
  -1.7630191e-03
   9.2781381e-04
   3.2172413e-03
   5.6490420e-03
   7.8819871e-03
   1.0003387e-02
   1.2020333e-02
   1.3294598e-02
   1.4379358e-02
   1.5483834e-02
   1.6222495e-02
   1.4257592e-02
   1.5220732e-02
   1.5909238e-02
   1.6491116e-02
   1.7035413e-02
   1.7291255e-02
   1.7347493e-02
   1.7248316e-02
   1.7063901e-02
   1.6795640e-02
   1.6383041e-02
   1.5987619e-02
   1.5522727e-02
   1.4772027e-02
   1.3906475e-02
   1.2778834e-02
   1.1025124e-02
   9.2451573e-03
   7.2149284e-03
   4.3900305e-03
   1.7031180e-03
  -1.2001948e-03
  -4.8717393e-03
  -7.9881240e-03
  -1.1143798e-02
  -1.5143832e-02
  -1.9016092e-02
  -2.3997030e-02
  -3.2383341e-02
  -3.8767745e-02
  -4.1172137e-02
  -2.7221652e-02
  -2.8628264e-02
  -3.3523095e-02
  -3.9792158e-02
  -3.7489232e-02
  -3.5825122e-02
  -3.8024211e-02
  -2.7777836e-02
  -1.5887574e-02
  -5.5664851e-03
  -8.6677370e-04
   1.7268601e-03
   0.0000000e+00
   0.0000000e+00
  -3.4293805e-02
  -1.3974091e-02
  -1.2710758e-02
  -1.2396283e-02
  -1.1892780e-02
  -1.1353517e-02
  -1.1086215e-02
  -1.1493641e-02
  -1.2362487e-02
  -1.3541842e-02
  -1.5111028e-02
  -1.5866899e-02
  -1.4990099e-02
  -1.3429540e-02
  -1.1568214e-02
  -9.1529264e-03
  -5.9843180e-03
  -3.2721538e-03
  -9.2855485e-04
   1.6363116e-03
   4.0318300e-03
   6.3090755e-03
   8.4920823e-03
   9.8877341e-03
   1.1106456e-02
   1.2427102e-02
   1.3386149e-02
   7.7416712e-03
   9.1795369e-03
   1.0301764e-02
   1.1300578e-02
   1.2304909e-02
   1.2922412e-02
   1.3276998e-02
   1.3416250e-02
   1.3325973e-02
   1.3021605e-02
   1.2406944e-02
   1.1726931e-02
   1.0858395e-02
   9.5236848e-03
   8.1891292e-03
   6.6400900e-03
   4.4424199e-03
   2.3391415e-03
   2.6569976e-05
  -2.9994533e-03
  -5.6674255e-03
  -8.3322712e-03
  -1.1394887e-02
  -1.3802157e-02
  -1.6090927e-02
  -1.8749029e-02
  -2.1064722e-02
  -2.4063702e-02
  -3.0199773e-02
  -3.4471637e-02
  -4.0568336e-02
  -2.7221652e-02
  -2.8628264e-02
  -3.1857079e-02
  -3.5506342e-02
  -3.2438445e-02
  -3.3556225e-02
  -4.2614484e-02
  -3.6276682e-02
  -2.2388601e-02
  -9.9955402e-03
  -2.6342613e-03
   9.3166884e-05
   0.0000000e+00
   0.0000000e+00
   0.0000000e+00
  -1.8129073e-02
  -1.7036443e-02
  -1.6278345e-02
  -1.5840626e-02
  -1.5197701e-02
  -1.4745867e-02
  -1.4921050e-02
  -1.5671115e-02
  -1.6867138e-02
  -1.8395549e-02
  -1.9373028e-02
  -1.9860494e-02
  -1.9317168e-02
  -1.8133695e-02
  -1.6400525e-02
  -1.3570078e-02
  -1.0993736e-02
  -8.6973706e-03
  -6.1199448e-03
  -3.6574192e-03
  -1.2982916e-03
   9.7850492e-04
   2.4393819e-03
   3.7457214e-03
   5.2906389e-03
   6.5382103e-03
  -2.2188580e-03
  -6.2568651e-04
   7.2940622e-04
   2.0129187e-03
   3.4439154e-03
   4.4906875e-03
   5.3242765e-03
   6.0959089e-03
   6.5284855e-03
   6.6686860e-03
   6.4613952e-03
   6.0491378e-03
   5.3880304e-03
   4.2162104e-03
   3.0002373e-03
   1.5890989e-03
  -3.9915950e-04
  -2.3122690e-03
  -4.4437519e-03
  -7.2598202e-03
  -9.7655160e-03
  -1.2285435e-02
  -1.5248925e-02
  -1.7678602e-02
  -2.0087403e-02
  -2.2967841e-02
  -2.5448418e-02
  -2.8388775e-02
  -3.3275479e-02
  -3.6023325e-02
  -3.5044941e-02
  -2.7293038e-02
  -2.7997124e-02
  -3.1719701e-02
  -3.7126421e-02
  -3.8236164e-02
  -3.6248869e-02
  -4.1094094e-02
  -3.7642233e-02
  -2.9139465e-02
  -1.4400452e-02
  -7.2017196e-03
  -7.7315911e-03
   0.0000000e+00
   0.0000000e+00
   0.0000000e+00
  -2.9727995e-02
  -2.2112209e-02
  -2.1177399e-02
  -2.0500739e-02
  -1.9635976e-02
  -1.8880729e-02
  -1.8603923e-02
  -1.8995069e-02
  -2.0002584e-02
  -2.1848786e-02
  -2.3410186e-02
  -2.4675660e-02
  -2.4935569e-02
  -2.4377838e-02
  -2.3250657e-02
  -2.1265863e-02
  -1.9412403e-02
  -1.7562388e-02
  -1.5243848e-02
  -1.2964531e-02
  -1.0747024e-02
  -8.6718105e-03
  -7.3326803e-03
  -6.1463975e-03
  -4.6780432e-03
  -3.4395486e-03
  -8.2324261e-03
  -6.6458057e-03
  -5.2372648e-03
  -3.8566262e-03
  -2.2258710e-03
  -9.3759613e-04
   1.8912012e-04
   1.3862523e-03
   2.2144687e-03
   2.7338691e-03
   2.9287894e-03
   2.8228618e-03
   2.4434183e-03
   1.5496114e-03
   5.3071087e-04
  -6.9444693e-04
  -2.4595986e-03
  -4.1861619e-03
  -6.1478734e-03
  -8.7867220e-03
  -1.1173311e-02
  -1.3616828e-02
  -1.6575289e-02
  -1.9071154e-02
  -2.1610961e-02
  -2.4711814e-02
  -2.7370391e-02
  -3.0336556e-02
  -3.4564494e-02
  -3.6575422e-02
  -3.3618263e-02
  -2.8395966e-02
  -2.8655742e-02
  -3.2070490e-02
  -3.7801913e-02
  -4.1235674e-02
  -4.1678119e-02
  -4.0725709e-02
  -3.9524863e-02
  -3.2987722e-02
  -1.7754532e-02
  -9.3355526e-03
  -1.0358439e-02
  -0.0000000e+00
  -1.5389577e-02
  -3.5045212e-02
  -3.4794219e-02
  -2.5213970e-02
  -2.4176546e-02
  -2.3345531e-02
  -2.2319166e-02
  -2.1337471e-02
  -2.0744061e-02
  -2.0870902e-02
  -2.1704744e-02
  -2.3642974e-02
  -2.5473922e-02
  -2.7086086e-02
  -2.7803431e-02
  -2.7595844e-02
  -2.6826746e-02
  -2.5350831e-02
  -2.3944919e-02
  -2.2400736e-02
  -2.0309193e-02
  -1.8191110e-02
  -1.6107554e-02
  -1.4195576e-02
  -1.2970816e-02
  -1.1906613e-02
  -1.0562527e-02
  -9.3961835e-03
  -1.8387179e-02
  -1.7023791e-02
  -1.5709304e-02
  -1.4322770e-02
  -1.2477021e-02
  -1.0818295e-02
  -9.1882716e-03
  -7.1801826e-03
  -5.5147283e-03
  -4.1206582e-03
  -2.9160415e-03
  -2.1986952e-03
  -1.7716523e-03
  -1.8159867e-03
  -2.2367088e-03
  -2.9305465e-03
  -4.1144769e-03
  -5.3743116e-03
  -6.9215053e-03
  -9.1543654e-03
  -1.1295126e-02
  -1.3633100e-02
  -1.6699007e-02
  -1.9418021e-02
  -2.2302858e-02
  -2.5958189e-02
  -2.9083274e-02
  -3.2222464e-02
  -3.5540027e-02
  -3.6694020e-02
  -3.5244642e-02
  -3.2499991e-02
  -3.1966836e-02
  -3.3580204e-02
  -3.8302534e-02
  -4.5241549e-02
  -4.8575938e-02
  -4.7090230e-02
  -4.4942066e-02
  -3.9004858e-02
  -2.4887595e-02
  -1.3903710e-02
   0.0000000e+00
  -0.0000000e+00
  -1.5389577e-02
  -3.5045212e-02
  -3.9253464e-02
  -3.0530663e-02
  -2.9328577e-02
  -2.8215550e-02
  -2.6857778e-02
  -2.5402187e-02
  -2.4181677e-02
  -2.3761500e-02
  -2.4175458e-02
  -2.6057937e-02
  -2.8168534e-02
  -3.0105930e-02
  -3.1537532e-02
  -3.1862755e-02
  -3.1681881e-02
  -3.1061734e-02
  -3.0435082e-02
  -2.9484222e-02
  -2.7925526e-02
  -2.6186779e-02
  -2.4431894e-02
  -2.2883400e-02
  -2.1938204e-02
  -2.1185051e-02
  -2.0215873e-02
  -1.9312380e-02
  -2.4259808e-02
  -2.3303918e-02
  -2.2313497e-02
  -2.1269682e-02
  -1.9868064e-02
  -1.8510664e-02
  -1.7029553e-02
  -1.4992997e-02
  -1.3072226e-02
  -1.1180510e-02
  -9.1473063e-03
  -7.5678377e-03
  -6.2139793e-03
  -5.1432516e-03
  -4.6711049e-03
  -4.6120229e-03
  -5.0224538e-03
  -5.7315832e-03
  -6.8429852e-03
  -8.6323041e-03
  -1.0458689e-02
  -1.2542807e-02
  -1.5389591e-02
  -1.8011838e-02
  -2.0861734e-02
  -2.4548023e-02
  -2.7722775e-02
  -3.0782927e-02
  -3.3650806e-02
  -3.4515705e-02
  -3.3817317e-02
  -3.2720391e-02
  -3.2815551e-02
  -3.3760219e-02
  -3.5802658e-02
  -3.8755225e-02
  -3.9201076e-02
  -4.2658356e-02
  -4.5409495e-02
  -4.2434865e-02
  -3.1501082e-02
  -2.1224993e-02
   0.0000000e+00
  -0.0000000e+00
  -1.6240124e-02
  -2.8486501e-02
  -3.4239910e-02
  -3.2961751e-02
  -3.2495005e-02
  -3.1444207e-02
  -2.9981183e-02
  -2.8214812e-02
  -2.6457120e-02
  -2.5505282e-02
  -2.5376935e-02
  -2.6774711e-02
  -2.8743168e-02
  -3.0758132e-02
  -3.2554360e-02
  -3.3258992e-02
  -3.3483287e-02
  -3.3404676e-02
  -3.3236117e-02
  -3.2757780e-02
  -3.1642994e-02
  -3.0226421e-02
  -2.8726563e-02
  -2.7390421e-02
  -2.6615966e-02
  -2.6085972e-02
  -2.5469720e-02
  -2.4874894e-02
  -2.7653231e-02
  -2.6967934e-02
  -2.6199548e-02
  -2.5393754e-02
  -2.4316454e-02
  -2.3221771e-02
  -2.1953899e-02
  -2.0092701e-02
  -1.8191585e-02
  -1.6158009e-02
  -1.3763684e-02
  -1.1736687e-02
  -9.8332528e-03
  -8.0192178e-03
  -6.9056855e-03
  -6.2420069e-03
  -6.0080457e-03
  -6.2554597e-03
  -6.9909762e-03
  -8.4005820e-03
  -9.9496130e-03
  -1.1798416e-02
  -1.4417248e-02
  -1.6899540e-02
  -1.9644208e-02
  -2.3258318e-02
  -2.6418635e-02
  -2.9455374e-02
  -3.2174619e-02
  -3.2969464e-02
  -3.2695451e-02
  -3.2544120e-02
  -3.3172538e-02
  -3.3975166e-02
  -3.4852686e-02
  -3.5945511e-02
  -3.8276448e-02
  -4.2291826e-02
  -4.5457509e-02
  -4.4096799e-02
  -3.5630378e-02
  -2.6610708e-02
   0.0000000e+00
  -5.9586789e-03
  -1.6151675e-02
  -2.5072458e-02
  -3.1730258e-02
  -3.4104196e-02
  -3.4192736e-02
  -3.3312248e-02
  -3.1855122e-02
  -2.9946322e-02
  -2.7886352e-02
  -2.6614474e-02
  -2.6116146e-02
  -2.7121877e-02
  -2.8934153e-02
  -3.0949084e-02
  -3.2913539e-02
  -3.3838940e-02
  -3.4326355e-02
  -3.4583890e-02
  -3.4711597e-02
  -3.4538034e-02
  -3.3704916e-02
  -3.2502783e-02
  -3.1178921e-02
  -2.9968749e-02
  -2.9288719e-02
  -2.8888144e-02
  -2.8476971e-02
  -2.8067501e-02
  -3.0781287e-02
  -3.0479103e-02
  -3.0047752e-02
  -2.9613539e-02
  -2.9092785e-02
  -2.8577469e-02
  -2.7990242e-02
  -2.7020681e-02
  -2.5773973e-02
  -2.4164142e-02
  -2.1884758e-02
  -1.9637946e-02
  -1.7174530e-02
  -1.4298599e-02
  -1.2116381e-02
  -1.0250171e-02
  -8.6707982e-03
  -7.9464710e-03
  -7.8633077e-03
  -8.4531789e-03
  -9.3823413e-03
  -1.0676926e-02
  -1.2699966e-02
  -1.4733406e-02
  -1.7057429e-02
  -2.0262224e-02
  -2.3245068e-02
  -2.6344936e-02
  -2.9350422e-02
  -3.0449840e-02
  -3.0530572e-02
  -3.1226077e-02
  -3.2993783e-02
  -3.4595477e-02
  -3.5859191e-02
  -3.6926658e-02
  -3.9059347e-02
  -4.2995605e-02
  -4.4656549e-02
  -4.4410691e-02
  -4.0608118e-02
  -3.5971814e-02
   0.0000000e+00
   2.2541613e-04
  -1.3863015e-02
  -2.3355737e-02
  -3.0891127e-02
  -3.4158913e-02
  -3.5255518e-02
  -3.5043352e-02
  -3.3845576e-02
  -3.1946880e-02
  -2.9639193e-02
  -2.8023485e-02
  -2.6968639e-02
  -2.7186848e-02
  -2.8573349e-02
  -3.0417534e-02
  -3.2375435e-02
  -3.3510179e-02
  -3.4350502e-02
  -3.5006291e-02
  -3.5527216e-02
  -3.5755367e-02
  -3.5277650e-02
  -3.4380792e-02
  -3.3328138e-02
  -3.2246514e-02
  -3.1637406e-02
  -3.1357911e-02
  -3.1140139e-02
  -3.0928156e-02
  -3.1105164e-02
  -3.0978694e-02
  -3.0685619e-02
  -3.0394249e-02
  -3.0078456e-02
  -2.9776946e-02
  -2.9470489e-02
  -2.9075566e-02
  -2.8456877e-02
  -2.7480647e-02
  -2.5894805e-02
  -2.4137566e-02
  -2.2059171e-02
  -1.9300921e-02
  -1.6930878e-02
  -1.4603973e-02
  -1.2125815e-02
  -1.0526776e-02
  -9.6140243e-03
  -9.3344803e-03
  -9.5963925e-03
  -1.0262403e-02
  -1.1587430e-02
  -1.3068387e-02
  -1.4872868e-02
  -1.7426396e-02
  -1.9859110e-02
  -2.2605212e-02
  -2.5815371e-02
  -2.7633607e-02
  -2.8518874e-02
  -2.9665114e-02
  -3.1830052e-02
  -3.3832760e-02
  -3.4265597e-02
  -3.4375240e-02
  -3.6770191e-02
  -4.0866534e-02
  -4.2513875e-02
  -4.1342661e-02
  -3.5389408e-02
  -2.2481020e-02
   5.7746150e-03
   2.5614702e-03
  -1.0995543e-02
  -1.9749902e-02
  -2.7518928e-02
  -3.1501475e-02
  -3.3507567e-02
  -3.4103954e-02
  -3.3395095e-02
  -3.1830391e-02
  -2.9666532e-02
  -2.8087525e-02
  -2.6961898e-02
  -2.6721433e-02
  -2.7683931e-02
  -2.9246692e-02
  -3.0965709e-02
  -3.2069627e-02
  -3.3012219e-02
  -3.3863857e-02
  -3.4520711e-02
  -3.4962936e-02
  -3.4766476e-02
  -3.4049358e-02
  -3.3185196e-02
  -3.2225970e-02
  -3.1629134e-02
  -3.1361606e-02
  -3.1248031e-02
  -3.1141957e-02
  -3.0814370e-02
  -3.0791419e-02
  -3.0599852e-02
  -3.0386963e-02
  -3.0178717e-02
  -2.9996066e-02
  -2.9842971e-02
  -2.9769474e-02
  -2.9544311e-02
  -2.8994706e-02
  -2.7894704e-02
  -2.6530234e-02
  -2.4816000e-02
  -2.2326687e-02
  -1.9996612e-02
  -1.7526918e-02
  -1.4624944e-02
  -1.2519024e-02
  -1.1039320e-02
  -1.0129985e-02
  -9.8906273e-03
  -1.0064270e-02
  -1.0831475e-02
  -1.1863282e-02
  -1.3238244e-02
  -1.5277550e-02
  -1.7270957e-02
  -1.9662955e-02
  -2.2858775e-02
  -2.5125181e-02
  -2.6653064e-02
  -2.8291895e-02
  -3.0669457e-02
  -3.3003302e-02
  -3.2816466e-02
  -3.1776152e-02
  -3.4400463e-02
  -3.8733732e-02
  -4.0596959e-02
  -3.8735316e-02
  -3.1081685e-02
  -1.7499389e-02
   5.3972541e-03
   3.7463110e-03
  -8.4266834e-03
  -1.6646241e-02
  -2.4425159e-02
  -2.8840780e-02
  -3.1473701e-02
  -3.2674374e-02
  -3.2345972e-02
  -3.1073221e-02
  -2.9101312e-02
  -2.7621808e-02
  -2.6514694e-02
  -2.6036937e-02
  -2.6700808e-02
  -2.8048548e-02
  -2.9597686e-02
  -3.0661814e-02
  -3.1631670e-02
  -3.2567167e-02
  -3.3289417e-02
  -3.3848710e-02
  -3.3856242e-02
  -3.3284494e-02
  -3.2553380e-02
  -3.1716904e-02
  -3.1158696e-02
  -3.0896107e-02
  -3.0824884e-02
  -3.0788646e-02
  -2.9291154e-02
  -2.9350128e-02
  -2.9292709e-02
  -2.9126695e-02
  -2.8968109e-02
  -2.8860456e-02
  -2.8796371e-02
  -2.8931292e-02
  -2.9080749e-02
  -2.9012005e-02
  -2.8503896e-02
  -2.7730415e-02
  -2.6673097e-02
  -2.4932555e-02
  -2.3038525e-02
  -2.0801187e-02
  -1.7847589e-02
  -1.5363207e-02
  -1.3224835e-02
  -1.1501380e-02
  -1.0574900e-02
  -1.0031189e-02
  -9.9633371e-03
  -1.0307671e-02
  -1.1011290e-02
  -1.2293165e-02
  -1.3629595e-02
  -1.5350200e-02
  -1.8172414e-02
  -2.0859777e-02
  -2.3348995e-02
  -2.5987261e-02
  -2.8475630e-02
  -3.1326292e-02
  -3.0299552e-02
  -2.6776692e-02
  -2.9783484e-02
  -3.4687163e-02
  -3.7322407e-02
  -3.4524336e-02
  -2.4361577e-02
  -1.0851476e-02
   4.0854165e-03
   4.1700248e-03
  -4.0322439e-03
  -1.1560596e-02
  -1.9004339e-02
  -2.3794853e-02
  -2.7168211e-02
  -2.9190608e-02
  -2.9411436e-02
  -2.8625300e-02
  -2.7093166e-02
  -2.5901514e-02
  -2.4970720e-02
  -2.4393591e-02
  -2.4690026e-02
  -2.5735439e-02
  -2.7071888e-02
  -2.8046453e-02
  -2.8949320e-02
  -2.9866543e-02
  -3.0601114e-02
  -3.1228753e-02
  -3.1500537e-02
  -3.1149825e-02
  -3.0583077e-02
  -2.9979712e-02
  -2.9536373e-02
  -2.9272024e-02
  -2.9183211e-02
  -2.9222223e-02
  -2.6293552e-02
  -2.6360738e-02
  -2.6353404e-02
  -2.6233667e-02
  -2.6065382e-02
  -2.5949308e-02
  -2.5879686e-02
  -2.5963360e-02
  -2.6179309e-02
  -2.6311290e-02
  -2.6127287e-02
  -2.5670185e-02
  -2.5052501e-02
  -2.4007507e-02
  -2.2693814e-02
  -2.0954206e-02
  -1.8495030e-02
  -1.6316859e-02
  -1.4212800e-02
  -1.2161590e-02
  -1.0891384e-02
  -9.9309945e-03
  -9.2584153e-03
  -9.1164926e-03
  -9.3097836e-03
  -9.9918180e-03
  -1.0865456e-02
  -1.2064885e-02
  -1.4271883e-02
  -1.6842104e-02
  -1.9686610e-02
  -2.3206222e-02
  -2.5960771e-02
  -2.9410062e-02
  -2.9469845e-02
  -2.6776692e-02
  -2.6421254e-02
  -3.0432326e-02
  -3.3313468e-02
  -2.9752583e-02
  -1.8616059e-02
  -6.6382476e-03
   4.4464638e-03
   6.2183893e-03
   3.6152281e-04
  -6.0569046e-03
  -1.2825689e-02
  -1.7566948e-02
  -2.1312953e-02
  -2.3946902e-02
  -2.4647058e-02
  -2.4301840e-02
  -2.3239800e-02
  -2.2407057e-02
  -2.1754664e-02
  -2.1339423e-02
  -2.1507968e-02
  -2.2302467e-02
  -2.3506319e-02
  -2.4520149e-02
  -2.5404417e-02
  -2.6182142e-02
  -2.6813315e-02
  -2.7372699e-02
  -2.7750949e-02
  -2.7611695e-02
  -2.7171994e-02
  -2.6741145e-02
  -2.6495599e-02
  -2.6332351e-02
  -2.6200305e-02
  -2.6194628e-02
  -2.3527652e-02
  -2.3586842e-02
  -2.3585572e-02
  -2.3506720e-02
  -2.3336888e-02
  -2.3213482e-02
  -2.3150235e-02
  -2.3176255e-02
  -2.3366642e-02
  -2.3539613e-02
  -2.3510037e-02
  -2.3192544e-02
  -2.2787360e-02
  -2.2095252e-02
  -2.1124813e-02
  -1.9754608e-02
  -1.7677179e-02
  -1.5782131e-02
  -1.3879001e-02
  -1.1847498e-02
  -1.0491289e-02
  -9.3881514e-03
  -8.4541938e-03
  -8.0651786e-03
  -8.0021092e-03
  -8.4145212e-03
  -9.0880926e-03
  -1.0027580e-02
  -1.1798779e-02
  -1.4144722e-02
  -1.7016284e-02
  -2.1008754e-02
  -2.4142539e-02
  -2.7649267e-02
  -2.9168184e-02
   0.0000000e+00
  -2.4602003e-02
  -2.7730265e-02
  -3.0980955e-02
  -2.8451415e-02
  -1.3790147e-02
  -2.9317823e-03
   6.6017334e-03
   9.0016571e-03
   4.2445720e-03
  -1.5137707e-03
  -7.8140260e-03
  -1.2406050e-02
  -1.6260160e-02
  -1.9240228e-02
  -2.0287369e-02
  -2.0294407e-02
  -1.9597671e-02
  -1.9037028e-02
  -1.8626335e-02
  -1.8407507e-02
  -1.8614264e-02
  -1.9299879e-02
  -2.0408833e-02
  -2.1443926e-02
  -2.2387861e-02
  -2.3157156e-02
  -2.3712683e-02
  -2.4198340e-02
  -2.4579347e-02
  -2.4546396e-02
  -2.4200440e-02
  -2.3823940e-02
  -2.3679106e-02
  -2.3616214e-02
  -2.3500338e-02
  -2.3446469e-02
  -2.0308385e-02
  -2.0350665e-02
  -2.0336851e-02
  -2.0304696e-02
  -2.0136681e-02
  -2.0004956e-02
  -1.9954734e-02
  -1.9908586e-02
  -2.0026785e-02
  -2.0177049e-02
  -2.0256597e-02
  -2.0027228e-02
  -1.9775068e-02
  -1.9352634e-02
  -1.8687858e-02
  -1.7703732e-02
  -1.6034269e-02
  -1.4469036e-02
  -1.2882414e-02
  -1.1031130e-02
  -9.6876819e-03
  -8.5364223e-03
  -7.4430625e-03
  -6.8648750e-03
  -6.6081661e-03
  -6.8453537e-03
  -7.3968774e-03
  -8.1416962e-03
  -9.4700457e-03
  -1.1498216e-02
  -1.4254418e-02
  -1.8631067e-02
  -2.2271495e-02
  -2.5603428e-02
   0.0000000e+00
  -2.6436119e-02
  -2.3615943e-02
  -2.5182874e-02
  -2.6885726e-02
   0.0000000e+00
  -8.4053719e-03
   1.2937977e-03
   9.9999448e-03
   1.2677265e-02
   8.6805632e-03
   3.5127529e-03
  -2.3174928e-03
  -6.6851457e-03
  -1.0549981e-02
  -1.3826380e-02
  -1.5230854e-02
  -1.5621239e-02
  -1.5316260e-02
  -1.5043478e-02
  -1.4906691e-02
  -1.4939439e-02
  -1.5266942e-02
  -1.5885705e-02
  -1.6897607e-02
  -1.7950142e-02
  -1.9001036e-02
  -1.9819249e-02
  -2.0296379e-02
  -2.0690976e-02
  -2.1028575e-02
  -2.1075988e-02
  -2.0827678e-02
  -2.0463251e-02
  -2.0395700e-02
  -2.0453066e-02
  -2.0383384e-02
  -2.0270026e-02
  -1.4416431e-02
  -1.4294936e-02
  -1.4277935e-02
  -1.4326424e-02
  -1.4171479e-02
  -1.4019983e-02
  -1.4034559e-02
  -1.3984079e-02
  -1.4055241e-02
  -1.4165528e-02
  -1.4272680e-02
  -1.4132188e-02
  -1.3936199e-02
  -1.3576166e-02
  -1.3048481e-02
  -1.2378185e-02
  -1.1121376e-02
  -9.9121610e-03
  -8.7751884e-03
  -7.3569481e-03
  -6.2957141e-03
  -5.3224476e-03
  -4.3358499e-03
  -3.8000019e-03
  -3.4658387e-03
  -3.6394785e-03
  -4.2855586e-03
  -5.1700909e-03
  -6.3649503e-03
  -7.8840217e-03
  -9.9963098e-03
  -1.4212763e-02
  -1.9212423e-02
  -2.3831687e-02
   0.0000000e+00
  -2.6436119e-02
  -2.2666378e-02
  -2.0182516e-02
  -2.1894523e-02
   0.0000000e+00
   1.1675558e-02
   1.2355754e-02
   1.8334299e-02
   2.1176890e-02
   1.7622678e-02
   1.2850212e-02
   7.4294926e-03
   3.4938755e-03
  -4.2389630e-05
  -3.2824459e-03
  -4.9710116e-03
  -5.9260293e-03
  -6.3105533e-03
  -6.5272202e-03
  -6.8450745e-03
  -7.4138691e-03
  -8.1852400e-03
  -9.1061439e-03
  -1.0281219e-02
  -1.1336126e-02
  -1.2469113e-02
  -1.3509370e-02
  -1.4094677e-02
  -1.4485368e-02
  -1.4838992e-02
  -1.4918412e-02
  -1.4736619e-02
  -1.4466774e-02
  -1.4392734e-02
  -1.4501235e-02
  -1.4581936e-02
  -1.4504205e-02
  -1.0329594e-02
  -1.0067930e-02
  -9.9806091e-03
  -1.0042078e-02
  -9.9288669e-03
  -9.7607737e-03
  -9.8065336e-03
  -9.8592511e-03
  -9.9285616e-03
  -9.9939917e-03
  -1.0076686e-02
  -9.9883519e-03
  -9.8438500e-03
  -9.4926203e-03
  -8.9761443e-03
  -8.3394757e-03
  -7.2149161e-03
  -6.1328872e-03
  -5.1166960e-03
  -3.8870066e-03
  -2.9746108e-03
  -2.1488192e-03
  -1.2810523e-03
  -7.9841978e-04
  -4.9111824e-04
  -6.3981223e-04
  -1.3442739e-03
  -2.4121213e-03
  -3.9179614e-03
  -5.4079260e-03
  -7.2474851e-03
  -1.0789800e-02
  -1.6726578e-02
  -2.2533043e-02
  -3.3536822e-02
  -2.8687974e-02
  -1.8350805e-02
  -1.3655189e-02
  -1.5242691e-02
   0.0000000e+00
   0.0000000e+00
   1.9721974e-02
   2.2793403e-02
   2.5064653e-02
   2.2395218e-02
   1.8123345e-02
   1.3254938e-02
   9.7851482e-03
   6.8056257e-03
   4.0899924e-03
   2.5206890e-03
   1.4704583e-03
   8.1963342e-04
   3.8107827e-04
  -1.5012817e-04
  -9.9838040e-04
  -2.0710117e-03
  -3.3761025e-03
  -4.9530350e-03
  -6.1824349e-03
  -7.4347874e-03
  -8.6412983e-03
  -9.3784364e-03
  -9.8837392e-03
  -1.0336934e-02
  -1.0469716e-02
  -1.0279531e-02
  -1.0049400e-02
  -1.0021427e-02
  -1.0106141e-02
  -1.0246290e-02
  -1.0355910e-02
  -5.7787354e-03
  -5.4395436e-03
  -5.2866467e-03
  -5.3712991e-03
  -5.3180242e-03
  -5.1735286e-03
  -5.2437193e-03
  -5.3894739e-03
  -5.4874946e-03
  -5.5217374e-03
  -5.5459045e-03
  -5.4888898e-03
  -5.4006061e-03
  -5.0557181e-03
  -4.5605237e-03
  -3.9572577e-03
  -2.9100269e-03
  -1.9543392e-03
  -1.0331295e-03
   7.2824117e-05
   8.7803735e-04
   1.5937881e-03
   2.3758007e-03
   2.8027965e-03
   3.0844027e-03
   3.0198657e-03
   2.3453107e-03
   1.1544963e-03
  -7.2823043e-04
  -2.3568936e-03
  -4.1555761e-03
  -7.2329914e-03
  -1.3529259e-02
  -2.0789677e-02
  -3.1326193e-02
  -2.7288063e-02
  -1.2225995e-02
  -6.0970436e-03
  -1.1773267e-02
   0.0000000e+00
   0.0000000e+00
   0.0000000e+00
   2.2650311e-02
   2.4758998e-02
   2.3917887e-02
   2.1105750e-02
   1.7505116e-02
   1.4865000e-02
   1.2780850e-02
   1.1049980e-02
   9.9336843e-03
   9.0403214e-03
   8.3206457e-03
   7.8020650e-03
   7.1724273e-03
   6.1562626e-03
   4.8893038e-03
   3.2564847e-03
   1.2660832e-03
  -2.0477949e-04
  -1.6543864e-03
  -3.0925808e-03
  -4.0001940e-03
  -4.6723903e-03
  -5.3026749e-03
  -5.5290676e-03
  -5.3709221e-03
  -5.1403122e-03
  -5.1327540e-03
  -5.2044451e-03
  -5.3912417e-03
  -5.6802102e-03
  -6.4893868e-04
  -3.1608921e-04
  -1.1169484e-04
  -2.3462927e-04
  -2.7042429e-04
  -1.9230347e-04
  -2.8123219e-04
  -5.0593695e-04
  -6.6489077e-04
  -6.9034428e-04
  -6.3135356e-04
  -5.7768812e-04
  -5.4328402e-04
  -2.0222057e-04
   2.6297874e-04
   8.3011925e-04
   1.8661368e-03
   2.7024809e-03
   3.5453006e-03
   4.5881210e-03
   5.3375110e-03
   5.9921808e-03
   6.7308529e-03
   7.1069068e-03
   7.3577447e-03
   7.4443035e-03
   6.9147962e-03
   5.7125969e-03
   3.4525232e-03
   1.4801905e-03
  -5.1592455e-04
  -3.4455723e-03
  -9.3977867e-03
  -1.8504987e-02
  -2.7243187e-02
  -2.3617791e-02
  -5.0709085e-03
   4.1319743e-03
   0.0000000e+00
   0.0000000e+00
   0.0000000e+00
   0.0000000e+00
   1.4643959e-02
   1.9205334e-02
   2.1276958e-02
   2.0948211e-02
   1.9429607e-02
   1.8048426e-02
   1.7252902e-02
   1.7041274e-02
   1.6817353e-02
   1.6448915e-02
   1.5960894e-02
   1.5579038e-02
   1.5034313e-02
   1.4020903e-02
   1.2706612e-02
   1.0838212e-02
   8.4578499e-03
   6.7025416e-03
   4.9946191e-03
   3.2624287e-03
   2.1668178e-03
   1.2709521e-03
   3.7430063e-04
   6.1637399e-06
   7.9966586e-05
   3.4060392e-04
   3.7227790e-04
   3.0438025e-04
   8.7581228e-05
  -3.5967995e-04
   6.5090396e-03
   6.6849247e-03
   6.8689719e-03
   6.6598197e-03
   6.4230457e-03
   6.4275629e-03
   6.2990745e-03
   6.0037399e-03
   5.7785364e-03
   5.6924695e-03
   5.7365427e-03
   5.8362004e-03
   5.8744437e-03
   6.2091038e-03
   6.6582235e-03
   7.1514884e-03
   8.2330774e-03
   8.9772572e-03
   9.6110630e-03
   1.0478205e-02
   1.1214171e-02
   1.1869864e-02
   1.2614726e-02
   1.2996775e-02
   1.3148200e-02
   1.3447842e-02
   1.3281618e-02
   1.2502976e-02
   1.0450441e-02
   7.8346916e-03
   5.7281932e-03
   2.1332861e-03
  -2.6797640e-03
  -4.8368641e-03
   0.0000000e+00
   0.0000000e+00
   0.0000000e+00
   0.0000000e+00
   0.0000000e+00
   0.0000000e+00
   0.0000000e+00
   0.0000000e+00
  -6.2038941e-03
   5.7441716e-03
   1.2016701e-02
   1.4604614e-02
   1.6035342e-02
   1.6551115e-02
   1.7608480e-02
   1.9621791e-02
   2.1243700e-02
   2.2427874e-02
   2.3046742e-02
   2.3430834e-02
   2.3548224e-02
   2.3007453e-02
   2.1924450e-02
   2.0052001e-02
   1.7526481e-02
   1.5700150e-02
   1.3895058e-02
   1.1878914e-02
   1.0573390e-02
   9.3980042e-03
   8.1203729e-03
   7.5330752e-03
   7.4220153e-03
   7.5840116e-03
   7.8044620e-03
   7.7652683e-03
   7.5364363e-03
   7.0077708e-03
   1.3438024e-02
   1.3538985e-02
   1.3602142e-02
   1.3323919e-02
   1.2742379e-02
   1.2679684e-02
   1.2568220e-02
   1.2136356e-02
   1.1889089e-02
   1.1743190e-02
   1.1771463e-02
   1.1862882e-02
   1.1997754e-02
   1.2297409e-02
   1.2744345e-02
   1.3241303e-02
   1.4336981e-02
   1.5158705e-02
   1.5755785e-02
   1.6194039e-02
   1.6801642e-02
   1.7482612e-02
   1.7912836e-02
   1.8421817e-02
   1.8453025e-02
   1.8783147e-02
   1.8690030e-02
   1.8440113e-02
   1.7463008e-02
   1.4950902e-02
   1.3147607e-02
   8.5503121e-03
   4.9541047e-03
  -4.8368641e-03
   0.0000000e+00
   0.0000000e+00
   0.0000000e+00
   0.0000000e+00
   0.0000000e+00
   0.0000000e+00
   0.0000000e+00
  -2.2230526e-02
  -2.4433281e-02
  -1.6241105e-02
  -7.7079216e-03
  -2.5726108e-03
   2.2644353e-03
   5.2976130e-03
   8.7978261e-03
   1.3483622e-02
   1.7652791e-02
   2.1428333e-02
   2.4360295e-02
   2.6530751e-02
   2.7969523e-02
   2.8961276e-02
   2.8886947e-02
   2.7766126e-02
   2.5557823e-02
   2.3593874e-02
   2.1797679e-02
   1.9898665e-02
   1.8570144e-02
   1.7251784e-02
   1.5718927e-02
   1.4890222e-02
   1.4561075e-02
   1.4456683e-02
   1.4800396e-02
   1.4812091e-02
   1.4648731e-02
   1.4080987e-02
   1.9353685e-02
   1.9439448e-02
   1.9385232e-02
   1.9015014e-02
   1.8195629e-02
   1.7996319e-02
   1.7877424e-02
   1.7443919e-02
   1.7139142e-02
   1.6842698e-02
   1.6899951e-02
   1.6964817e-02
   1.7210810e-02
   1.7384088e-02
   1.7831746e-02
   1.8383915e-02
   1.9421211e-02
   2.0380646e-02
   2.0938853e-02
   2.1404651e-02
   2.1696471e-02
   2.2244111e-02
   2.2417938e-02
   2.2800840e-02
   2.2830783e-02
   2.2864285e-02
   2.2787137e-02
   2.2649017e-02
   2.2662899e-02
   2.0981964e-02
   1.9863103e-02
   1.5314103e-02
   1.3952015e-02
   0.0000000e+00
   0.0000000e+00
   0.0000000e+00
   0.0000000e+00
   0.0000000e+00
   0.0000000e+00
   0.0000000e+00
  -1.7082566e-02
  -1.7700876e-02
  -2.6389851e-02
  -2.5998434e-02
  -1.9371429e-02
  -1.4105234e-02
  -8.5731645e-03
  -4.1502662e-03
   4.9455595e-04
   6.9382544e-03
   1.2585937e-02
   1.8270224e-02
   2.3470505e-02
   2.7275464e-02
   2.9998850e-02
   3.2387058e-02
   3.3341801e-02
   3.3207184e-02
   3.1890405e-02
   3.0235224e-02
   2.8475658e-02
   2.6312066e-02
   2.5008793e-02
   2.3580197e-02
   2.2082413e-02
   2.1094375e-02
   2.0584274e-02
   2.0278469e-02
   2.0412096e-02
   2.0557098e-02
   2.0341900e-02
   1.9906777e-02
   2.4181712e-02
   2.4328165e-02
   2.4329050e-02
   2.3899251e-02
   2.3033731e-02
   2.2617680e-02
   2.2337753e-02
   2.1851247e-02
   2.1527354e-02
   2.1134842e-02
   2.1057002e-02
   2.1110083e-02
   2.1385229e-02
   2.1534308e-02
   2.1887416e-02
   2.2429398e-02
   2.3444176e-02
   2.4375844e-02
   2.5031257e-02
   2.5504033e-02
   2.5663764e-02
   2.5934894e-02
   2.5927911e-02
   2.6024845e-02
   2.5926275e-02
   2.5668451e-02
   2.5415520e-02
   2.5349972e-02
   2.5593056e-02
   2.5199163e-02
   2.4731844e-02
   2.3190040e-02
   2.5877512e-02
   5.5033994e-02
   8.5011697e-02
   6.3173768e-02
   0.0000000e+00
   0.0000000e+00
   0.0000000e+00
   4.9240065e-03
  -9.7571216e-03
  -1.1989927e-02
  -2.0761019e-02
  -2.4123896e-02
  -2.1053368e-02
  -1.7173078e-02
  -1.2650516e-02
  -8.2965084e-03
  -3.5890047e-03
   3.2566908e-03
   9.3770221e-03
   1.5703631e-02
   2.2288060e-02
   2.7070948e-02
   3.0771238e-02
   3.4076383e-02
   3.5759347e-02
   3.6337970e-02
   3.5720774e-02
   3.4628713e-02
   3.3079395e-02
   3.0969839e-02
   2.9600522e-02
   2.8186841e-02
   2.6666590e-02
   2.5651034e-02
   2.5075285e-02
   2.4742564e-02
   2.4763005e-02
   2.4899241e-02
   2.4813986e-02
   2.4501193e-02
   2.7312811e-02
   2.7579360e-02
   2.7678402e-02
   2.7272517e-02
   2.6465499e-02
   2.5919051e-02
   2.5387631e-02
   2.4724380e-02
   2.4296168e-02
   2.3848319e-02
   2.3486335e-02
   2.3471902e-02
   2.3642661e-02
   2.3863350e-02
   2.4046700e-02
   2.4516620e-02
   2.5415167e-02
   2.6221254e-02
   2.6909908e-02
   2.7380407e-02
   2.7436855e-02
   2.7462635e-02
   2.7257582e-02
   2.7102255e-02
   2.6742489e-02
   2.6251241e-02
   2.5731438e-02
   2.5623105e-02
   2.5659638e-02
   2.6163432e-02
   2.6517420e-02
   2.8402562e-02
   3.1385502e-02
   4.8834580e-02
   6.6894371e-02
   4.6631208e-02
   2.8140880e-02
   1.6101799e-02
   9.8614333e-03
   6.5646078e-03
   2.3909917e-04
  -5.0288424e-03
  -1.2683546e-02
  -1.7279225e-02
  -1.7424885e-02
  -1.5716622e-02
  -1.2836807e-02
  -9.5616020e-03
  -5.5184682e-03
   6.9771887e-04
   6.5495102e-03
   1.2563364e-02
   1.9478306e-02
   2.4681849e-02
   2.9015993e-02
   3.2949447e-02
   3.5236175e-02
   3.6403565e-02
   3.6347154e-02
   3.5751819e-02
   3.4644095e-02
   3.2971835e-02
   3.1608606e-02
   3.0363704e-02
   2.8936402e-02
   2.8031003e-02
   2.7482013e-02
   2.7250161e-02
   2.7300186e-02
   2.7402471e-02
   2.7532137e-02
   2.7419954e-02
   2.8196384e-02
   2.8490116e-02
   2.8622353e-02
   2.8305049e-02
   2.7574241e-02
   2.7003626e-02
   2.6318923e-02
   2.5433787e-02
   2.4773431e-02
   2.4152084e-02
   2.3494775e-02
   2.3252075e-02
   2.3228240e-02
   2.3445990e-02
   2.3540719e-02
   2.3871332e-02
   2.4518507e-02
   2.5132332e-02
   2.5656780e-02
   2.6004706e-02
   2.5878677e-02
   2.5738491e-02
   2.5391653e-02
   2.5133325e-02
   2.4567883e-02
   2.3804917e-02
   2.3140461e-02
   2.2872897e-02
   2.2869652e-02
   2.3563593e-02
   2.4776094e-02
   2.8057021e-02
   3.2480533e-02
   3.9676830e-02
   4.4584074e-02
   3.9450279e-02
   3.2503313e-02
   2.2293610e-02
   1.6052345e-02
   1.2966104e-02
   8.4602964e-03
   1.8442343e-03
  -5.3506090e-03
  -1.1298821e-02
  -1.3591713e-02
  -1.4000895e-02
  -1.2816661e-02
  -1.0836909e-02
  -7.7481412e-03
  -2.5238824e-03
   2.6753722e-03
   8.1233955e-03
   1.4737344e-02
   2.0059246e-02
   2.4777228e-02
   2.9178061e-02
   3.1994106e-02
   3.3821038e-02
   3.4470365e-02
   3.4221839e-02
   3.3614457e-02
   3.2435735e-02
   3.1282319e-02
   3.0312791e-02
   2.9180702e-02
   2.8364871e-02
   2.7791758e-02
   2.7569882e-02
   2.7647357e-02
   2.7788966e-02
   2.8066727e-02
   2.8206688e-02
   2.6291601e-02
   2.6422654e-02
   2.6575287e-02
   2.6373766e-02
   2.5741394e-02
   2.5116300e-02
   2.4412547e-02
   2.3460760e-02
   2.2584022e-02
   2.1690751e-02
   2.0726426e-02
   2.0168628e-02
   1.9957335e-02
   2.0041583e-02
   2.0118168e-02
   2.0281189e-02
   2.0720543e-02
   2.1077302e-02
   2.1324284e-02
   2.1290620e-02
   2.1048628e-02
   2.0715279e-02
   2.0357236e-02
   2.0127430e-02
   1.9558559e-02
   1.8593394e-02
   1.7948333e-02
   1.7680445e-02
   1.7808116e-02
   1.8602214e-02
   2.0235115e-02
   2.3833157e-02
   2.8615029e-02
   3.4570584e-02
   4.0769449e-02
   4.1649088e-02
   3.8796602e-02
   3.2540875e-02
   2.6852224e-02
   2.2006669e-02
   1.5601395e-02
   8.6991880e-03
   1.7688597e-03
  -5.1526664e-03
  -8.9642025e-03
  -1.1005000e-02
  -1.1705559e-02
  -1.1060416e-02
  -9.1758301e-03
  -5.2036272e-03
  -9.9644569e-04
   3.6584903e-03
   9.6618022e-03
   1.4730907e-02
   1.9474723e-02
   2.4078793e-02
   2.7132843e-02
   2.9451120e-02
   3.0825722e-02
   3.0991979e-02
   3.0750271e-02
   2.9841084e-02
   2.8947283e-02
   2.8266808e-02
   2.7390861e-02
   2.6584115e-02
   2.5901659e-02
   2.5486822e-02
   2.5459258e-02
   2.5593842e-02
   2.5949610e-02
   2.6230896e-02
   2.1648326e-02
   2.1623195e-02
   2.1725675e-02
   2.1652389e-02
   2.1154618e-02
   2.0519304e-02
   1.9818248e-02
   1.8912035e-02
   1.7923542e-02
   1.6864411e-02
   1.5658545e-02
   1.4871589e-02
   1.4554767e-02
   1.4576754e-02
   1.4536446e-02
   1.4524884e-02
   1.4830907e-02
   1.5019811e-02
   1.4960317e-02
   1.4695609e-02
   1.4388494e-02
   1.3899449e-02
   1.3475922e-02
   1.3385208e-02
   1.3020323e-02
   1.2213391e-02
   1.1662102e-02
   1.1516267e-02
   1.1869129e-02
   1.2823700e-02
   1.4661993e-02
   1.8252026e-02
   2.2609770e-02
   2.8012934e-02
   3.3861024e-02
   3.6678725e-02
   3.6783336e-02
   3.3619439e-02
   2.9517438e-02
   2.5183069e-02
   1.9071061e-02
   1.2974074e-02
   6.7538313e-03
  -2.8044351e-04
  -4.9372105e-03
  -8.1553950e-03
  -1.0480099e-02
  -1.1085674e-02
  -1.0468279e-02
  -7.9916192e-03
  -4.9947509e-03
  -1.4529976e-03
   3.6199130e-03
   8.2086264e-03
   1.2601473e-02
   1.7233044e-02
   2.0434522e-02
   2.2991862e-02
   2.4851688e-02
   2.5464494e-02
   2.5538543e-02
   2.4829482e-02
   2.4063667e-02
   2.3579952e-02
   2.2935679e-02
   2.2200173e-02
   2.1522450e-02
   2.0918908e-02
   2.0700775e-02
   2.0747528e-02
   2.1123926e-02
   2.1499763e-02
   1.5485630e-02
   1.5404660e-02
   1.5401905e-02
   1.5422936e-02
   1.5091801e-02
   1.4511673e-02
   1.3772405e-02
   1.2774415e-02
   1.1811608e-02
   1.0787703e-02
   9.6199302e-03
   8.8072512e-03
   8.4369957e-03
   8.4961569e-03
   8.3972678e-03
   8.1877531e-03
   8.3483614e-03
   8.4333427e-03
   8.2233425e-03
   8.0066271e-03
   7.7917488e-03
   7.3295182e-03
   6.8204032e-03
   6.7575603e-03
   6.7450553e-03
   6.4997969e-03
   6.1486641e-03
   6.1098845e-03
   6.7115398e-03
   7.8237060e-03
   9.8002861e-03
   1.3313634e-02
   1.7169795e-02
   2.1713293e-02
   2.6820717e-02
   2.9827903e-02
   3.1043166e-02
   2.9988842e-02
   2.7531688e-02
   2.4305863e-02
   1.9250526e-02
   1.4143663e-02
   8.7126581e-03
   2.0817003e-03
  -2.8647041e-03
  -6.7673418e-03
  -1.0112624e-02
  -1.1603543e-02
  -1.1855249e-02
  -1.0682462e-02
  -8.8636562e-03
  -6.4757039e-03
  -2.6145003e-03
   1.2781917e-03
   5.1950189e-03
   9.4824007e-03
   1.2612351e-02
   1.5183993e-02
   1.7218562e-02
   1.8048484e-02
   1.8444563e-02
   1.8139654e-02
   1.7486472e-02
   1.7040387e-02
   1.6610883e-02
   1.6022784e-02
   1.5551455e-02
   1.4955546e-02
   1.4573502e-02
   1.4467702e-02
   1.4792901e-02
   1.5254766e-02
   8.6523451e-03
   8.7156176e-03
   8.7588934e-03
   8.8503439e-03
   8.6189598e-03
   8.0911096e-03
   7.2967022e-03
   6.1888864e-03
   5.2682974e-03
   4.4872552e-03
   3.6849940e-03
   3.0921860e-03
   2.7732119e-03
   2.9267311e-03
   2.9070270e-03
   2.7599643e-03
   2.8903234e-03
   2.9201555e-03
   2.7566769e-03
   2.6063483e-03
   2.4078111e-03
   2.1206734e-03
   1.7625863e-03
   1.6978169e-03
   1.8572730e-03
   2.0769517e-03
   2.0814740e-03
   2.2851819e-03
   3.1283247e-03
   4.3339598e-03
   6.2323908e-03
   9.4409131e-03
   1.2778441e-02
   1.6434623e-02
   2.0452785e-02
   2.2853868e-02
   2.4219149e-02
   2.4215414e-02
   2.2794685e-02
   2.0417071e-02
   1.6443096e-02
   1.2372560e-02
   7.8255133e-03
   2.0820592e-03
  -2.4927279e-03
  -6.4253556e-03
  -9.9735684e-03
  -1.1818201e-02
  -1.2548235e-02
  -1.2233132e-02
  -1.1252896e-02
  -9.7672393e-03
  -7.1712573e-03
  -4.3530280e-03
  -1.1724402e-03
   2.3920897e-03
   4.9804212e-03
   7.2594338e-03
   9.1856266e-03
   9.9223394e-03
   1.0421785e-02
   1.0614078e-02
   1.0301459e-02
   9.8311089e-03
   9.3826179e-03
   9.0094599e-03
   8.7813233e-03
   8.3899549e-03
   7.8962164e-03
   7.6833318e-03
   8.0284929e-03
   8.4395127e-03
   3.0459614e-03
   3.2225314e-03
   3.4785962e-03
   3.6683653e-03
   3.4480577e-03
   2.9848774e-03
   2.3768103e-03
   1.5597672e-03
   8.2552903e-04
   1.9881625e-04
  -2.8668914e-04
  -4.6276675e-04
  -5.0847087e-04
  -4.6792221e-04
  -4.6323362e-04
  -4.2158454e-04
  -2.6643061e-04
  -2.5843207e-04
  -4.0830418e-04
  -7.3501631e-04
  -1.0368267e-03
  -1.1626476e-03
  -1.2021279e-03
  -1.2095316e-03
  -1.1983121e-03
  -1.1252092e-03
  -8.7334625e-04
  -4.0944382e-04
   6.0934155e-04
   1.7519178e-03
   3.2476991e-03
   5.6623481e-03
   8.1540293e-03
   1.0770903e-02
   1.3367971e-02
   1.4848954e-02
   1.5814838e-02
   1.5929397e-02
   1.4922319e-02
   1.3200805e-02
   1.0443622e-02
   7.6280756e-03
   4.4677427e-03
   4.9559058e-04
  -2.7395482e-03
  -5.7675720e-03
  -8.6256069e-03
  -1.0290230e-02
  -1.1316672e-02
  -1.1585288e-02
  -1.1083926e-02
  -1.0188633e-02
  -8.6794275e-03
  -7.1256773e-03
  -5.2463234e-03
  -2.8640390e-03
  -1.0926006e-03
   5.8495130e-04
   2.1634882e-03
   2.8947557e-03
   3.3152666e-03
   3.5357375e-03
   3.4176937e-03
   3.1446519e-03
   2.9480841e-03
   2.7668800e-03
   2.5260211e-03
   2.2678393e-03
   1.9522019e-03
   1.8841933e-03
   2.4186833e-03
   2.8476919e-03
   1.0923647e-03
   1.4660601e-03
   1.8340121e-03
   1.9984990e-03
   1.8390046e-03
   1.5161954e-03
   1.1323439e-03
   5.3942510e-04
  -7.6819066e-05
  -5.7022428e-04
  -8.5423882e-04
  -9.3943677e-04
  -1.0138882e-03
  -1.0943695e-03
  -1.0883797e-03
  -9.6575948e-04
  -8.0613460e-04
  -8.7305612e-04
  -1.1438041e-03
  -1.5504061e-03
  -1.8375163e-03
  -2.0008326e-03
  -2.0630155e-03
  -2.2307490e-03
  -2.3672019e-03
  -2.4049394e-03
  -2.2864578e-03
  -1.9568857e-03
  -1.0763644e-03
  -5.5090927e-05
   1.1231286e-03
   2.8455635e-03
   4.4864538e-03
   6.1061294e-03
   7.7689402e-03
   8.8588077e-03
   9.7447424e-03
   1.0234430e-02
   9.9599368e-03
   9.1312865e-03
   7.6939786e-03
   6.1243710e-03
   4.1300171e-03
   1.3718200e-03
  -1.1122737e-03
  -3.5089236e-03
  -5.8745049e-03
  -7.2441540e-03
  -8.1484513e-03
  -8.6957015e-03
  -8.6163373e-03
  -8.2068742e-03
  -7.4795426e-03
  -6.7144012e-03
  -5.7718684e-03
  -4.5256298e-03
  -3.4705553e-03
  -2.3370106e-03
  -1.0117959e-03
  -2.1232342e-04
   3.5202275e-04
   6.5307554e-04
   6.0975735e-04
   5.4602953e-04
   5.8964984e-04
   5.8573744e-04
   4.4941030e-04
   1.4934981e-04
  -2.2467208e-05
  -2.1118990e-05
   4.1779456e-04
   8.0711890e-04
   1.4200337e-03
   1.6061973e-03
   1.8149988e-03
   1.8642350e-03
   1.8254437e-03
   1.7480990e-03
   1.5073709e-03
   1.0299487e-03
   6.7853602e-04
   4.9558889e-04
   4.2415869e-04
   3.4230726e-04
   2.1436758e-04
   1.0561628e-04
   1.6281329e-04
   3.8395143e-04
   7.0699865e-04
   7.2351345e-04
   5.2761935e-04
   2.5808222e-04
   1.1359400e-04
  -1.6895813e-05
  -1.8969075e-04
  -3.2137442e-04
  -3.5083761e-04
  -2.4489658e-04
  -7.5176182e-05
   1.6021173e-04
   5.4766171e-04
   1.0710336e-03
   1.8002497e-03
   2.8321457e-03
   3.7074437e-03
   4.5451344e-03
   5.4814709e-03
   6.1697801e-03
   6.7474689e-03
   7.2150743e-03
   7.2806060e-03
   7.0007228e-03
   6.3918258e-03
   5.6321511e-03
   4.5354204e-03
   2.7579091e-03
   1.0683455e-03
  -6.1334637e-04
  -2.3633297e-03
  -3.4351042e-03
  -4.0966091e-03
  -4.3949043e-03
  -4.4094012e-03
  -4.3651061e-03
  -4.2871871e-03
  -4.0624131e-03
  -3.7195790e-03
  -3.2621051e-03
  -2.8132366e-03
  -2.3171151e-03
  -1.6769678e-03
  -1.1538266e-03
  -6.4340229e-04
  -1.4312755e-04
   6.4169677e-05
   1.9065096e-04
   3.9220533e-04
   5.9307951e-04
   7.7526578e-04
   8.9737039e-04
   9.1137788e-04
   9.1338041e-04
   1.0950237e-03
   1.2939900e-03
   1.7021950e-03
   1.9025533e-03
   2.0664451e-03
   2.2019102e-03
   2.2955049e-03
   2.3543698e-03
   2.4104410e-03
   2.4680184e-03
   2.5094919e-03
   2.5571550e-03
   2.6304415e-03
   2.6813007e-03
   2.7311890e-03
   2.8336880e-03
   2.9657523e-03
   3.1218184e-03
   3.2639987e-03
   3.3076189e-03
   3.2801980e-03
   3.1697263e-03
   3.0469500e-03
   2.9409550e-03
   2.8849934e-03
   2.8899303e-03
   2.9560746e-03
   3.0962487e-03
   3.2151777e-03
   3.3223474e-03
   3.4324494e-03
   3.5100844e-03
   3.6027753e-03
   3.7273910e-03
   3.8326244e-03
   3.9340302e-03
   4.0025904e-03
   3.9910715e-03
   3.9509200e-03
   3.8918240e-03
   3.8367758e-03
   3.7549879e-03
   3.5822864e-03
   3.3258620e-03
   2.9478247e-03
   2.3599257e-03
   1.8054866e-03
   1.2533913e-03
   6.2991891e-04
   1.8105370e-04
  -1.7371765e-04
  -4.7133117e-04
  -6.5951338e-04
  -8.3373432e-04
  -9.8122335e-04
  -1.0436215e-03
  -1.0720207e-03
  -1.0472446e-03
  -9.8787809e-04
  -9.0622483e-04
  -7.8436233e-04
  -6.5859772e-04
  -4.9529634e-04
  -2.7674042e-04
  -1.1810627e-04
   2.0162571e-05
   1.9266552e-04
   3.6612894e-04
   5.4865190e-04
   7.6555900e-04
   9.3849975e-04
   1.1056935e-03
   1.3262421e-03
   1.5194083e-03
