   4.7967017e-01
   4.5628199e-01
   4.1930183e-01
   3.4994064e-01
   2.7744721e-01
   1.9498207e-01
   8.5391463e-02
  -1.6248779e-02
  -1.2180426e-01
  -2.2148075e-01
  -2.4721216e-01
  -1.9886051e-01
  -4.9627374e-02
   9.9901453e-02
   2.7185375e-01
   5.3574675e-01
   5.3496845e-01
   4.7245606e-01
   4.0170210e-01
   3.7378020e-01
   3.7217257e-01
   3.1188950e-01
   2.4095208e-01
   1.6575545e-01
   1.6631712e-01
   1.9933824e-01
   2.0157482e-01
   2.9602025e-01
   3.4578216e-01
   3.4841556e-01
   3.3115526e-01
   3.1190930e-01
   3.0667389e-01
   3.3480648e-01
   3.9047122e-01
   3.9678611e-01
   4.3733712e-01
   4.8434727e-01
   4.1179577e-01
   2.7247829e-01
   1.2596770e-01
   1.4456760e-02
  -8.6520525e-02
  -2.1318664e-01
  -3.4800271e-01
  -4.6807524e-01
  -5.0687949e-01
  -4.6690453e-01
  -2.9659655e-01
  -7.7061347e-02
   1.5742072e-01
   3.8337446e-01
   4.9570363e-01
   5.4141340e-01
   5.6333269e-01
   5.5491658e-01
   5.2700269e-01
   4.9605952e-01
   4.8086358e-01
   4.7613155e-01
   4.8804386e-01
   5.0978453e-01
   5.3093062e-01
   5.3324934e-01
   5.1164978e-01
   4.7651959e-01
   4.3510167e-01
   4.1654086e-01
   4.1610325e-01
   4.3683470e-01
   4.6346239e-01
   4.8425831e-01
   4.0293486e-01
   3.9000776e-01
   3.6026831e-01
   2.6614500e-01
   1.1968524e-01
  -6.5220509e-02
  -2.7153030e-01
  -3.8062304e-01
  -4.2910006e-01
  -4.5694820e-01
  -4.8294564e-01
  -4.7386942e-01
  -3.1549581e-01
  -4.8343138e-02
   2.2187396e-01
   5.2146972e-01
   7.7155676e-01
   7.9476249e-01
   8.5550379e-01
   1.0263409e+00
   1.1281488e+00
   9.4978447e-01
   5.8945365e-01
   2.4753456e-01
   4.8055582e-02
   4.9781057e-02
   9.5519207e-02
   1.7888271e-01
   2.4585367e-01
   3.3267177e-01
   3.3950531e-01
   2.9644986e-01
   2.5899082e-01
   3.4369080e-01
   4.3635584e-01
   4.7529806e-01
   5.5750781e-01
   7.6013540e-01
   9.1861271e-01
   7.2276284e-01
   2.6791580e-01
  -7.9548336e-02
  -1.2354117e-01
  -3.4418045e-02
  -1.4250877e-02
  -1.4927163e-01
  -1.8273322e-01
   4.5484081e-02
   5.6834898e-01
   9.0461772e-01
   1.0065154e+00
   9.3844340e-01
   8.0447098e-01
   6.8962800e-01
   4.3467046e-01
   6.5715369e-02
  -1.7410496e-01
  -1.8185722e-01
  -7.4690998e-02
   1.0072514e-01
   2.9030960e-01
   3.7677051e-01
   3.8568124e-01
   3.2371193e-01
   2.7519113e-01
   2.6890454e-01
   3.0284435e-01
   3.2861493e-01
   3.4252652e-01
   3.6263655e-01
   3.8682382e-01
   4.0354660e-01
   2.7757451e-01
   2.6303882e-01
   2.2487363e-01
   9.8503943e-02
  -1.8727865e-02
  -1.0031628e-01
  -2.0901689e-01
  -3.4510604e-01
  -4.7281307e-01
  -5.4480851e-01
  -5.1169302e-01
  -3.8873660e-01
  -1.3730259e-01
   1.3175217e-01
   3.8992612e-01
   6.1787953e-01
   9.5657071e-01
   1.1006397e+00
   1.3304353e+00
   1.6093494e+00
   1.4711677e+00
   5.3907370e-01
  -5.0440007e-03
  -9.0649224e-02
   3.7556171e-02
   5.4153574e-02
   2.0395042e-02
   5.7763213e-02
   8.7926833e-02
   4.7308425e-02
   3.7971596e-02
   9.0948075e-02
   1.3878841e-01
   2.4734122e-01
   4.6726656e-01
   6.7203947e-01
   7.7313429e-01
   9.2615956e-01
   1.1379152e+00
   9.3893150e-01
   3.8214019e-01
   4.2343702e-02
   2.4864540e-01
   4.8489146e-01
   3.1136286e-01
   5.6026543e-04
   1.1536135e-01
   4.8035540e-01
   7.3981080e-01
   6.6630856e-01
   4.7212958e-01
   5.8224124e-01
   6.7038781e-01
   4.1164721e-01
  -1.5173930e-01
  -3.6738434e-01
  -2.7385217e-01
   3.2968345e-02
   2.0737712e-01
   2.8838365e-01
   3.6676906e-01
   4.0506007e-01
   3.5711792e-01
   2.3634233e-01
   2.2218307e-01
   3.2048098e-01
   4.3816421e-01
   4.2660121e-01
   3.6417955e-01
   3.4004290e-01
   3.4802120e-01
   3.2330838e-01
   2.2079117e-01
   9.0768319e-02
  -1.2013051e-01
  -2.8595881e-01
  -3.0225588e-01
  -2.3902686e-01
  -1.2993513e-01
  -1.3350396e-01
  -1.7472610e-01
  -1.1620825e-01
  -8.3518853e-03
   1.3864023e-01
   4.7120635e-01
   6.9848907e-01
   8.6741217e-01
   9.7875906e-01
   1.0946326e+00
   1.2022787e+00
   1.4451789e+00
   1.6654552e+00
   1.3974197e+00
   2.9658345e-01
  -1.0713093e-01
  -3.5699802e-02
   9.5506438e-02
   1.8925928e-02
   2.6659853e-02
   2.8554405e-01
   3.0941960e-01
   1.3354589e-01
   1.9097682e-01
   3.2358151e-01
   2.5380587e-01
   2.6871249e-01
   5.3069381e-01
   7.0919954e-01
   7.6127223e-01
   8.6038442e-01
   9.2986898e-01
   7.5001351e-01
   4.8630405e-01
   2.5372824e-01
   1.9179198e-01
   1.7423920e-01
   1.4174118e-01
   9.2936931e-02
   8.3407000e-02
   1.9031739e-01
   3.0685843e-01
   3.5762723e-01
   5.6465133e-01
   7.1185341e-01
   3.0063583e-01
  -2.0851998e-01
  -3.0775722e-01
  -9.0299943e-03
   2.7354767e-01
   3.5608289e-01
   2.8045862e-01
   2.7397623e-01
   3.7304124e-01
   3.1870864e-01
   1.2834683e-01
   6.9866568e-02
   2.3891711e-01
   4.0002776e-01
   4.3555835e-01
   3.8855839e-01
   3.5067407e-01
   3.1989562e-01
   2.7508661e-01
   2.4684206e-01
   8.5270900e-02
  -9.8580299e-02
  -4.2464251e-01
  -8.0205400e-01
  -9.0400277e-01
  -7.4512408e-01
  -2.9520881e-01
  -8.3624951e-02
  -1.1928245e-01
  -1.3574104e-01
  -5.3223143e-03
   2.2216525e-01
   4.7884867e-01
   5.7991021e-01
   7.0852137e-01
   7.6454117e-01
   8.6321872e-01
   1.0171713e+00
   1.1320676e+00
   1.2491518e+00
   1.1897387e+00
   4.2842317e-01
  -5.7891169e-02
  -1.6460545e-01
  -1.4438935e-01
  -1.4545644e-02
   2.5415096e-01
   4.9073237e-01
   3.6238800e-01
   1.5003918e-01
  -5.5407715e-02
  -7.4585723e-02
   1.9112120e-02
   2.2451236e-01
   3.6190607e-01
   3.7622578e-01
   4.3963880e-01
   5.2188503e-01
   5.4130661e-01
   5.5747528e-01
   4.5277628e-01
   2.5785730e-01
   1.4435401e-01
   1.0197543e-01
   1.0038087e-01
   8.0445740e-02
   5.5747867e-02
   1.5395142e-01
   3.5270785e-01
   6.5946619e-01
   8.8584049e-01
   2.9323887e-01
  -1.6664737e-01
  -1.6556065e-02
   2.4861135e-01
   2.3522554e-01
   3.3336087e-01
   3.3274956e-01
   1.6930885e-01
   1.9965572e-01
   2.3099260e-01
   6.4129070e-02
   2.2955010e-02
   2.5201260e-01
   4.6562145e-01
   5.0850932e-01
   3.7195722e-01
   3.4685750e-01
   3.5293863e-01
   2.2882723e-01
   1.5396496e-01
   1.4310783e-01
  -8.4146159e-02
  -2.2721954e-01
  -4.3401025e-01
  -3.8690522e-01
  -1.4940986e-01
  -9.3377141e-03
   1.1154587e-01
   1.0343059e-01
  -3.6735313e-02
  -1.5673749e-01
  -8.4159832e-02
  -6.8489446e-02
  -7.5143886e-02
   2.9763583e-01
   4.4545207e-01
   3.2031267e-01
   5.6309328e-01
   7.1927809e-01
   7.4316236e-01
   7.9752956e-01
   7.3620851e-01
   6.2851820e-01
   1.7230313e-01
  -2.6682948e-01
  -2.1378739e-01
   1.3058729e-01
   4.5658072e-01
   3.7425473e-01
   1.5647013e-01
  -3.8322286e-02
  -2.4409596e-01
  -2.7072064e-01
  -2.5963548e-01
  -1.1283543e-01
   1.3810049e-02
   5.6020769e-02
   2.0804458e-01
   2.8724987e-01
   3.5734722e-01
   4.4459390e-01
   4.0090503e-01
   4.1195880e-01
   2.7493447e-01
   6.1562238e-02
   9.6365545e-02
   1.5042238e-01
   1.4230931e-01
   2.2290013e-01
   3.9429568e-01
   7.3783182e-01
   8.4486654e-01
   2.3760591e-01
   8.0909969e-02
   1.9713638e-01
   4.3563362e-02
   9.2966164e-03
   1.7250933e-01
  -1.3029431e-02
  -2.3918464e-01
  -9.1619978e-02
  -7.0602993e-03
  -1.7574903e-01
  -6.4538312e-02
   3.5751690e-01
   5.1023800e-01
   4.4315454e-01
   3.2531323e-01
   3.6725510e-01
   3.2119616e-01
   1.0462627e-01
   6.4735020e-02
   2.5960335e-02
  -1.9304550e-01
  -2.6012110e-01
  -2.2415140e-01
   2.5283294e-01
   4.3189328e-01
   3.6264600e-01
   3.9343068e-01
   2.2374023e-01
  -2.2751111e-02
  -1.7176021e-01
  -1.8398004e-02
  -9.2561070e-02
  -1.8203379e-01
   1.2077487e-01
   8.5935747e-02
  -1.0527084e-01
   1.6505865e-01
   3.0258015e-01
   3.5205958e-01
   4.2021767e-01
   3.5426420e-01
   4.4088566e-01
   2.4871201e-01
  -1.9383379e-01
  -1.6935554e-01
   1.5384450e-01
   3.0284627e-01
   1.0553757e-01
  -1.2922668e-01
  -3.0718613e-01
  -4.7495496e-01
  -4.6343897e-01
  -4.7737389e-01
  -3.6553828e-01
  -2.2748385e-01
  -1.6227494e-01
   6.5714543e-02
   1.2450632e-01
   2.4212115e-01
   3.3760973e-01
   3.1092355e-01
   4.3318980e-01
   2.5049282e-01
  -1.9779053e-02
  -4.9943011e-02
   2.6559883e-02
   1.0190640e-01
   1.5776137e-01
   3.1257197e-01
   5.4818132e-01
   6.3868287e-01
   1.0536916e-01
  -2.1991498e-01
  -2.2356789e-01
  -2.3091871e-01
  -1.3358874e-01
  -1.3515014e-01
  -5.4714064e-01
  -6.4246739e-01
  -4.1015146e-01
  -2.8793304e-01
  -1.2304214e-01
   3.0992213e-01
   5.9667974e-01
   4.6624549e-01
   3.2173944e-01
   2.3565729e-01
   2.5558332e-01
   1.9466482e-01
  -1.2083814e-02
  -2.0835044e-02
  -8.1932799e-02
  -2.4302024e-01
  -2.6204926e-01
  -1.2565492e-01
   2.0067090e-01
   1.4348061e-01
  -8.3009326e-02
  -2.7046960e-01
  -1.8999165e-01
  -2.6357534e-01
  -4.1851542e-01
  -1.0991339e-01
   3.4908912e-02
  -1.9619822e-02
  -3.1872079e-02
  -1.1594221e-01
  -2.0084165e-01
  -1.4795499e-01
  -6.4885577e-02
   8.5281679e-03
   6.2778341e-02
   9.6195266e-02
   1.5027139e-01
   1.8555533e-01
   6.7370460e-02
  -1.6026935e-03
   9.3719021e-02
   5.2444732e-02
  -1.7101265e-01
  -3.8838068e-01
  -5.5503286e-01
  -6.8351457e-01
  -6.9401952e-01
  -6.7014300e-01
  -5.7327299e-01
  -4.0982270e-01
  -2.9167477e-01
  -9.4970205e-02
  -6.4000022e-03
   1.1037437e-01
   2.1157265e-01
   2.2274637e-01
   2.8899399e-01
   1.5587442e-01
   9.5333014e-02
  -7.4259925e-02
  -2.1833255e-01
  -6.5170292e-02
  -4.3907205e-02
   1.4065860e-01
   2.7678152e-01
   2.8466740e-01
  -8.1898221e-02
  -3.8950904e-01
  -4.2269898e-01
  -3.5625832e-01
  -3.2202611e-01
  -6.5014515e-01
  -6.5657910e-01
  -1.9526060e-01
   7.6815265e-03
   1.5806204e-01
   3.6011107e-01
   4.5149985e-01
   2.6629877e-01
   1.5984682e-01
   1.4087721e-01
   6.4819298e-02
   1.0648704e-01
   9.1168436e-02
  -9.2491813e-02
  -1.0696932e-01
  -1.4252155e-01
  -3.3019141e-01
  -3.2576350e-01
  -1.8556256e-01
   1.1483846e-01
  -6.8864763e-02
  -2.4207787e-01
  -5.1312036e-01
  -3.2150478e-01
  -7.0397531e-01
  -8.9114524e-01
  -1.5918665e-01
  -5.9820424e-02
  -2.7514394e-01
  -4.0362285e-01
  -3.6679587e-01
  -4.5590437e-01
  -4.1569997e-01
  -3.5978539e-01
  -2.6262995e-01
  -1.9322104e-01
  -1.2009167e-01
  -4.6072793e-02
   5.4265405e-02
   9.9094549e-02
   7.9939029e-02
   2.2649850e-02
  -1.2577428e-01
  -4.0432556e-01
  -5.7768661e-01
  -7.3838888e-01
  -8.4146457e-01
  -8.6746925e-01
  -8.1209174e-01
  -6.9355159e-01
  -5.2684013e-01
  -3.8292839e-01
  -2.3486374e-01
  -1.2646535e-01
  -1.8432557e-02
   8.6312226e-02
   1.2048600e-01
   1.4118486e-01
   6.1660689e-02
   5.7626261e-02
  -1.0761793e-01
  -1.7426807e-01
  -1.7702344e-01
  -4.9998022e-01
  -1.6119183e-01
  -3.3237782e-02
  -1.0742655e-01
  -2.9838076e-01
  -4.9414081e-01
  -5.4142518e-01
  -5.1057726e-01
  -4.8954964e-01
  -8.1012358e-01
  -3.2253748e-01
  -6.8200509e-02
  -1.8643553e-01
  -4.1441777e-02
  -5.1051151e-04
  -9.1550126e-02
  -1.7827965e-01
  -1.0044039e-01
  -7.1789832e-02
  -1.5419510e-01
  -9.2575839e-02
  -4.5751218e-02
  -2.0899722e-01
  -2.6042083e-01
  -2.1759557e-01
  -5.8133148e-01
  -4.8210409e-01
  -5.2794046e-01
  -8.4224072e-02
  -2.5279936e-01
  -2.6929483e-01
  -5.2425744e-01
  -2.8353243e-01
  -6.4470699e-01
  -7.1185119e-01
  -3.8507444e-01
  -6.8892406e-01
  -6.1441324e-01
  -6.9652019e-01
  -6.5220708e-01
  -6.9190578e-01
  -6.5969549e-01
  -6.1587314e-01
  -4.7744876e-01
  -3.9940735e-01
  -2.9342982e-01
  -2.0285311e-01
  -8.6775931e-02
  -1.5039354e-02
   2.0712471e-02
  -8.4487116e-02
  -3.2155936e-01
  -5.7634022e-01
  -6.6505257e-01
  -7.7649766e-01
  -8.9908869e-01
  -9.3887370e-01
  -8.5991009e-01
  -7.2951068e-01
  -5.8256392e-01
  -4.5514824e-01
  -3.3333076e-01
  -2.3051381e-01
  -1.3079631e-01
  -2.6143640e-02
   1.0234302e-02
   2.6196840e-02
  -4.6282664e-02
  -7.9312436e-02
  -2.0803698e-01
  -1.4795853e-01
  -3.1979574e-01
  -7.0121441e-01
  -4.6968956e-01
  -4.1635005e-01
  -4.2498657e-01
  -5.4085021e-01
  -6.2807616e-01
  -6.5248712e-01
  -6.3950751e-01
  -5.0704733e-01
  -5.4835456e-01
  -2.6845645e-01
  -5.8208243e-01
  -8.7685573e-01
  -6.0451035e-01
  -4.0380391e-01
  -3.4574886e-01
  -3.6090461e-01
  -3.3028740e-01
  -3.1527674e-01
  -4.2606670e-01
  -3.3724830e-01
  -1.8134570e-01
  -3.7122773e-01
  -4.0772488e-01
  -3.2990392e-01
  -6.4778456e-01
  -5.7159816e-01
  -8.0914907e-01
  -3.9583780e-01
  -4.3458243e-01
  -3.4001742e-01
  -5.4065479e-01
  -2.2875026e-01
  -3.0229454e-01
  -5.3978651e-01
  -7.7944520e-01
  -1.0841404e+00
  -9.1402828e-01
  -9.2996183e-01
  -8.6584628e-01
  -8.7281948e-01
  -8.3688577e-01
  -7.7450780e-01
  -6.5997553e-01
  -5.4780094e-01
  -4.5046815e-01
  -3.1482084e-01
  -2.2197633e-01
  -1.0830651e-01
  -7.4257121e-02
  -1.3686920e-01
  -6.0869146e-01
  -8.4516389e-01
  -6.9245759e-01
  -7.0346623e-01
  -8.4604519e-01
  -9.0514930e-01
  -8.1223563e-01
  -6.9956768e-01
  -5.9726138e-01
  -5.0608271e-01
  -4.0891516e-01
  -3.1596781e-01
  -2.2585417e-01
  -1.1899898e-01
  -8.7705934e-02
  -7.6952133e-02
  -1.4115688e-01
  -1.8559447e-01
  -3.0331679e-01
  -2.9485030e-01
  -4.1696890e-01
  -6.1758320e-01
  -6.3105959e-01
  -6.5826000e-01
  -6.5298434e-01
  -7.1238027e-01
  -7.3585509e-01
  -7.5104880e-01
  -7.1004816e-01
  -5.5185080e-01
  -3.8294580e-01
  -3.7243243e-01
  -7.2103013e-01
  -9.8474538e-01
  -6.5844798e-01
  -4.3449640e-01
  -4.3801570e-01
  -5.3465480e-01
  -5.6451997e-01
  -5.5626083e-01
  -6.6922674e-01
  -5.1321352e-01
  -2.8044281e-01
  -4.7146511e-01
  -4.4905077e-01
  -4.6097614e-01
  -5.7967173e-01
  -8.0795227e-01
  -1.0399319e+00
  -6.6190875e-01
  -4.9711040e-01
  -3.9904343e-01
  -4.9364261e-01
  -2.9185372e-01
  -1.0615009e-01
  -5.3700403e-01
  -8.9243603e-01
  -1.0563666e+00
  -1.0957420e+00
  -1.0832994e+00
  -1.0238392e+00
  -9.9576599e-01
  -9.5274138e-01
  -8.7957208e-01
  -7.7254342e-01
  -6.5518816e-01
  -5.6021406e-01
  -4.0111731e-01
  -3.2298777e-01
  -1.6980734e-01
  -1.7231963e-01
  -1.2307897e-01
  -7.8081518e-01
  -1.0097564e+00
  -6.7086394e-01
  -5.8123457e-01
  -7.5699240e-01
  -7.7287260e-01
  -6.8956119e-01
  -6.2859765e-01
  -5.8704504e-01
  -5.4621908e-01
  -4.6944213e-01
  -3.8678968e-01
  -2.9536282e-01
  -1.9040807e-01
  -1.5639319e-01
  -1.5545976e-01
  -2.1235071e-01
  -2.7149228e-01
  -3.6031072e-01
  -4.2274052e-01
  -4.4966260e-01
  -5.9323562e-01
  -7.1083805e-01
  -7.3551970e-01
  -7.8732256e-01
  -7.9890228e-01
  -8.0079229e-01
  -8.0565281e-01
  -7.4098022e-01
  -6.3355605e-01
  -3.3891937e-01
  -2.5857384e-01
  -4.1114704e-01
  -6.7406901e-01
  -4.8585362e-01
  -3.9447093e-01
  -5.1199143e-01
  -6.9734513e-01
  -7.7062970e-01
  -7.6557127e-01
  -8.5379390e-01
  -6.2689899e-01
  -3.4940529e-01
  -4.9533361e-01
  -4.6290722e-01
  -5.4811074e-01
  -7.5821873e-01
  -1.3346781e+00
  -1.3277544e+00
  -8.2917813e-01
  -4.5266353e-01
  -4.0879049e-01
  -3.9416055e-01
  -4.9048766e-01
  -8.8568450e-03
  -1.9583832e-01
  -6.1109863e-01
  -9.8492131e-01
  -1.2162968e+00
  -1.1548818e+00
  -1.1199468e+00
  -1.0598652e+00
  -1.0075926e+00
  -9.4722775e-01
  -8.2275149e-01
  -7.2893319e-01
  -5.9878644e-01
  -4.6929024e-01
  -3.6869194e-01
  -2.1872073e-01
  -2.2560658e-01
  -7.4835301e-02
  -6.1380273e-01
  -7.9229401e-01
  -5.7676352e-01
  -5.4229304e-01
  -6.3964586e-01
  -5.2182632e-01
  -5.3552532e-01
  -5.3640345e-01
  -5.6239456e-01
  -5.7766820e-01
  -5.1821737e-01
  -4.4119538e-01
  -3.3909558e-01
  -2.3418029e-01
  -1.9157170e-01
  -1.9525914e-01
  -2.5122899e-01
  -3.2081859e-01
  -4.0173672e-01
  -4.8168972e-01
  -5.4795131e-01
  -6.5267531e-01
  -7.7117078e-01
  -8.0667886e-01
  -8.1539075e-01
  -8.1329197e-01
  -8.0863926e-01
  -7.8151561e-01
  -7.2916379e-01
  -6.5869320e-01
  -3.5905001e-01
  -1.4828854e-01
  -1.5497974e-01
  -3.5630130e-01
  -3.4974748e-01
  -4.0347478e-01
  -6.0969516e-01
  -8.4999979e-01
  -9.3953287e-01
  -9.1294186e-01
  -1.0181506e+00
  -7.2874441e-01
  -3.6996305e-01
  -4.9388360e-01
  -5.2908301e-01
  -5.6011587e-01
  -1.1299966e+00
  -1.6980209e+00
  -1.3952596e+00
  -7.7195452e-01
  -3.3480043e-01
  -5.3424315e-01
  -4.2708188e-01
  -6.9794076e-01
  -5.0327740e-01
  -3.8474261e-01
  -6.4689619e-01
  -1.0347613e+00
  -1.2391420e+00
  -1.1865591e+00
  -1.1367448e+00
  -1.0865592e+00
  -1.0116575e+00
  -9.3503179e-01
  -8.5018121e-01
  -7.3058924e-01
  -5.8958056e-01
  -4.7417801e-01
  -3.6434777e-01
  -2.6164037e-01
  -1.8554851e-01
  -8.1176502e-03
  -1.0405680e-01
  -2.8374549e-01
  -4.7965069e-01
  -1.0148177e+00
  -2.5166635e-01
  -1.7559928e-02
  -4.4152919e-01
  -4.4000694e-01
  -5.1984757e-01
  -5.9866166e-01
  -5.6786507e-01
  -4.7874439e-01
  -3.6130794e-01
  -2.2908050e-01
  -1.8797102e-01
  -2.0088095e-01
  -2.5173614e-01
  -3.3020842e-01
  -4.0779923e-01
  -4.8077832e-01
  -5.5875635e-01
  -6.3933485e-01
  -7.1509679e-01
  -7.4866363e-01
  -7.5876260e-01
  -7.5596490e-01
  -7.3426162e-01
  -6.7994349e-01
  -5.8938058e-01
  -4.7846944e-01
  -3.3584514e-01
  -8.5784267e-02
   1.3654591e-02
   9.0286306e-04
  -2.2704508e-01
  -4.4751282e-01
  -7.6031986e-01
  -1.0258783e+00
  -1.0448526e+00
  -9.7137847e-01
  -1.1847769e+00
  -8.0033755e-01
  -3.0853044e-01
  -4.5802307e-01
  -5.8658476e-01
  -6.2585248e-01
  -1.3211214e+00
  -1.8998218e+00
  -1.3941581e+00
  -5.7528203e-01
  -2.1528427e-01
  -5.8373582e-01
  -4.1297005e-01
  -5.4633592e-01
  -9.1371397e-01
  -5.8106193e-01
  -5.9569065e-01
  -9.4961289e-01
  -1.1001231e+00
  -1.0764654e+00
  -1.0392562e+00
  -9.8024475e-01
  -9.2052654e-01
  -8.6100467e-01
  -7.7296459e-01
  -6.4143748e-01
  -5.1422878e-01
  -3.9233646e-01
  -2.9535015e-01
  -2.1079765e-01
  -6.1578354e-02
   1.7032260e-01
   5.1369709e-01
   5.9823812e-01
   3.3253978e-01
  -1.3898432e-01
  -2.7255927e-01
   4.9489545e-02
  -2.8639392e-01
  -6.9449591e-01
  -6.3498074e-01
  -7.1089062e-01
  -6.6920134e-01
  -5.1744524e-01
  -3.5084591e-01
  -2.0138551e-01
  -1.5187021e-01
  -1.5411358e-01
  -2.0687945e-01
  -2.7401410e-01
  -3.3107797e-01
  -4.0012105e-01
  -4.6331843e-01
  -5.1738868e-01
  -5.6904920e-01
  -5.9031843e-01
  -6.0211119e-01
  -5.9349411e-01
  -5.4270985e-01
  -4.4514425e-01
  -9.9070367e-02
  -1.3807780e-01
  -1.4358992e-01
  -1.1220982e-01
  -1.5855554e-02
   4.1414342e-01
   4.5975567e-01
   8.0786678e-02
  -4.1519713e-01
  -7.3726941e-01
  -8.0895032e-01
  -9.7517232e-01
  -8.0105747e-01
  -3.2244609e-01
  -3.2394739e-01
  -5.0408168e-01
  -5.6390168e-01
  -5.9352836e-01
  -1.4139535e+00
  -1.8256074e+00
  -1.2182688e+00
  -3.9446726e-01
  -5.6559321e-02
  -3.6731515e-01
  -1.0677150e-01
  -3.6115549e-01
  -6.2336662e-01
  -4.3866147e-01
  -6.2180577e-01
  -8.8859344e-01
  -9.6770490e-01
  -9.3945171e-01
  -9.0484093e-01
  -8.4766246e-01
  -7.9675551e-01
  -7.4480219e-01
  -6.4955190e-01
  -5.2084889e-01
  -4.0994683e-01
  -3.0319171e-01
  -2.2043892e-01
  -1.2497461e-01
   7.4896939e-02
   3.1269329e-01
   6.9235402e-01
   9.4898970e-01
   1.0504414e+00
   4.4832085e-01
  -6.5224861e-02
   1.3792269e-01
  -2.6985212e-01
  -8.1670226e-01
  -9.0146497e-01
  -9.0995807e-01
  -7.9846285e-01
  -5.6781184e-01
  -3.5670445e-01
  -1.7878200e-01
  -1.0960970e-01
  -8.9535979e-02
  -1.2143035e-01
  -1.7200827e-01
  -2.1260420e-01
  -2.6682209e-01
  -3.1886854e-01
  -3.5848774e-01
  -3.9405593e-01
  -4.1068335e-01
  -4.2732460e-01
  -4.0908824e-01
  -3.2319591e-01
  -1.4818660e-01
   2.9253841e-01
   9.3217591e-02
  -1.0233305e-01
  -4.1414529e-01
  -3.0310345e-01
   2.8224098e-01
   4.2173686e-01
   8.3723745e-02
  -3.3536660e-01
  -5.7141505e-01
  -4.2829671e-01
  -3.4984424e-01
  -3.5936613e-01
  -2.6659162e-01
  -4.8304336e-01
  -5.3659389e-01
  -5.2021724e-01
  -5.8751887e-01
  -1.5773664e+00
  -1.5933022e+00
  -9.2164511e-01
  -2.6831968e-01
   1.5943858e-02
  -2.1245603e-01
  -2.8188778e-02
  -2.7391968e-01
  -4.2278111e-01
  -4.0755533e-01
  -6.4786975e-01
  -8.0102827e-01
  -8.0950193e-01
  -7.7476141e-01
  -7.4234657e-01
  -6.9087640e-01
  -6.4687627e-01
  -5.9827922e-01
  -5.0310382e-01
  -3.8458128e-01
  -2.8725632e-01
  -1.9699587e-01
  -1.1973492e-01
  -1.4732586e-03
   2.1953038e-01
   4.5647900e-01
   8.3933073e-01
   1.2526331e+00
   1.6133897e+00
   1.3530040e+00
   8.0180060e-01
   5.1088642e-01
  -8.5137350e-02
  -6.2888411e-01
  -1.1365074e+00
  -1.1126334e+00
  -8.8279618e-01
  -5.9363132e-01
  -3.5349682e-01
  -1.4830085e-01
  -5.0362933e-02
  -1.8362889e-03
  -5.3368102e-03
  -3.7448809e-02
  -6.3888236e-02
  -1.0543521e-01
  -1.4875314e-01
  -1.8130083e-01
  -2.0923946e-01
  -2.2599887e-01
  -2.4564332e-01
  -2.1046074e-01
  -8.2075259e-02
   1.6754373e-01
   7.3661548e-01
   6.4332307e-01
   2.3592017e-01
  -3.2815386e-01
  -2.3501005e-01
   1.8548148e-01
   3.2310740e-01
   5.7317127e-02
  -2.5275658e-01
  -3.6617980e-01
  -1.0222888e-01
   1.9122986e-01
  -2.6341473e-02
  -2.8379620e-01
  -5.1807746e-01
  -4.9385593e-01
  -4.6607202e-01
  -6.4389422e-01
  -1.8126417e+00
  -1.2443052e+00
  -5.3541338e-01
  -1.9529064e-01
   1.6514289e-03
  -1.4495243e-01
  -1.9402102e-01
  -2.8434985e-01
  -3.7896958e-01
  -5.1456683e-01
  -6.6582095e-01
  -6.8831584e-01
  -6.3030593e-01
  -5.9067238e-01
  -5.6097954e-01
  -5.1770439e-01
  -4.7925640e-01
  -4.3087831e-01
  -3.4302512e-01
  -2.3994491e-01
  -1.5304750e-01
  -7.8076126e-02
   2.1986057e-03
   1.5110053e-01
   3.6705491e-01
   6.0148331e-01
   9.9492552e-01
   1.5553025e+00
   2.0254015e+00
   2.5618854e+00
   2.2468967e+00
   1.1405928e+00
   2.6672076e-01
  -1.6633968e-01
  -1.3215669e+00
  -1.3053400e+00
  -9.2002618e-01
  -5.9456332e-01
  -3.4026191e-01
  -1.1066729e-01
   2.2823446e-02
   1.0375894e-01
   1.3284818e-01
   1.2004114e-01
   1.0561796e-01
   7.3352834e-02
   3.6612324e-02
   5.1644079e-03
  -2.2539128e-02
  -4.3190417e-02
  -6.3722305e-02
  -5.4763443e-03
   1.7072556e-01
   4.8714932e-01
   1.2285528e+00
   1.4905792e+00
   8.6005842e-01
   1.4760550e-01
   1.9089153e-01
   1.7652743e-01
   2.3935217e-01
   5.4314760e-02
  -1.4413438e-01
  -1.1716974e-01
   1.5042143e-01
   5.7912878e-01
   1.9046540e-01
  -3.2892201e-01
  -4.2157612e-01
  -3.8258421e-01
  -4.0543184e-01
  -7.5511875e-01
  -1.8775619e+00
  -6.1754912e-01
  -3.7283190e-01
  -3.2512628e-01
  -1.7923110e-01
  -2.8051681e-01
  -3.4818072e-01
  -3.5866936e-01
  -3.5728305e-01
  -3.6463779e-01
  -3.6023012e-01
  -3.0473344e-01
  -2.4867789e-01
  -2.3772164e-01
  -2.2730789e-01
  -2.0811451e-01
  -1.8159518e-01
  -1.4833853e-01
  -8.3029547e-02
  -4.7281189e-04
   7.4816097e-02
   1.4583595e-01
   2.4707289e-01
   3.9927037e-01
   5.8187639e-01
   8.6204435e-01
   1.3650634e+00
   2.1300764e+00
   2.8218171e+00
   3.2593181e+00
   2.9867152e+00
   2.4596275e+00
   8.4673900e-01
   3.2820708e-01
  -1.1712397e+00
  -1.4864884e+00
  -8.2529379e-01
  -5.4943863e-01
  -3.1295116e-01
  -2.2859190e-02
   1.8974135e-01
   3.3310797e-01
   4.1384390e-01
   4.2388332e-01
   4.1459560e-01
   3.8363512e-01
   3.4145409e-01
   2.9503109e-01
   2.4678977e-01
   2.1335133e-01
   2.0711671e-01
   3.2843966e-01
   5.8767751e-01
   1.0121188e+00
   1.8207040e+00
   2.5750529e+00
   1.9553818e+00
   1.3408664e+00
   1.0043106e+00
   1.0558690e-01
  -1.0028117e-01
  -1.2700835e-02
   1.7750205e-02
   3.2504022e-01
   6.7358340e-01
   1.1418080e+00
   1.6285353e+00
   9.9962797e-01
   4.7213111e-01
   2.7682513e-01
  -1.5348184e-01
  -8.7537591e-01
  -1.7159971e+00
  -6.7050419e-01
  -4.5490607e-01
  -3.1915034e-01
  -2.0396336e-01
  -2.3919431e-01
  -2.2511152e-01
  -1.8707598e-01
  -1.4800636e-01
  -1.1726485e-01
  -8.4493562e-02
  -3.4358298e-02
  -1.3957514e-02
  -2.4335106e-02
  -2.7375215e-02
  -2.2257487e-02
  -1.0372283e-02
   9.9632689e-03
   6.6280367e-02
   1.4039455e-01
   2.0767062e-01
   2.8542860e-01
   4.0341171e-01
   5.4974800e-01
   7.7760269e-01
   1.0911339e+00
   1.5937463e+00
   2.5061552e+00
   3.3898353e+00
   3.7796092e+00
   3.0847366e+00
   2.6986527e+00
   1.3258633e+00
   4.1618768e-01
  -6.3023767e-01
  -1.0983661e+00
  -6.5949516e-01
  -5.6766527e-01
  -3.6813931e-01
   5.5323019e-02
   3.2974327e-01
   5.0936326e-01
   6.1023977e-01
   6.2701420e-01
   6.1104887e-01
   5.6704779e-01
   5.1240781e-01
   4.4705070e-01
   3.8053730e-01
   3.4737695e-01
   3.6676659e-01
   5.4079994e-01
   8.4954619e-01
   1.3313665e+00
   2.2394612e+00
   3.1380961e+00
   2.0347306e+00
   1.0706504e+00
   8.3152057e-01
   1.2603102e-01
  -4.8343122e-01
  -2.0763333e-01
   9.3537842e-02
   6.3199221e-01
   1.0901464e+00
   1.6915437e+00
   2.3815981e+00
   1.6322005e+00
   9.7657920e-01
   5.6816827e-01
  -1.3087458e-01
  -1.1510677e+00
  -1.4616778e+00
  -5.5900187e-01
  -3.2787476e-01
  -2.2875697e-01
  -1.7098642e-01
  -1.3862040e-01
  -6.1468973e-02
   8.1870681e-03
   6.8647682e-02
   1.2114112e-01
   1.6793142e-01
   2.0571640e-01
   1.9351900e-01
   1.6497966e-01
   1.5049867e-01
   1.4143156e-01
   1.3784081e-01
   1.4802862e-01
   1.9875199e-01
   2.6631562e-01
   3.2984918e-01
   4.1899290e-01
   5.5369948e-01
   7.1495838e-01
   1.0639780e+00
   1.3621697e+00
   1.8507845e+00
   2.8873270e+00
   3.9502634e+00
   4.2642599e+00
   3.0408602e+00
   2.6886106e+00
   1.4640381e+00
   4.1112243e-01
  -2.6513627e-01
  -7.4589737e-01
  -4.7057116e-01
  -5.7193206e-01
  -4.4723785e-01
   1.4193174e-01
   4.7387646e-01
   6.7855633e-01
   7.9377114e-01
   8.1252757e-01
   7.8726209e-01
   7.2733850e-01
   6.5745198e-01
   5.7383790e-01
   4.9598197e-01
   4.7141371e-01
   5.2058334e-01
   7.4549975e-01
   1.0985997e+00
   1.6286389e+00
   2.6198853e+00
   3.6160837e+00
   2.2009492e+00
   8.4794602e-01
   6.2938690e-01
   4.7598609e-02
  -8.4406772e-01
  -3.6434742e-01
   2.1403268e-01
   9.6457200e-01
   1.5342766e+00
   2.2692052e+00
   2.9451769e+00
   2.0639245e+00
   1.3921702e+00
   7.4085334e-01
  -1.6461326e-01
  -1.4044896e+00
  -8.8763911e-01
  -3.2548106e-02
   3.2016327e-01
   8.9476408e-02
   4.8470253e-03
   1.3848990e-01
   2.6548050e-01
   3.4338977e-01
   3.9865243e-01
   4.4635496e-01
   4.8159882e-01
   4.8599241e-01
   4.3339034e-01
   3.8560101e-01
   3.5902631e-01
   3.2918281e-01
   3.0132042e-01
   3.0297428e-01
   3.5314294e-01
   4.1542361e-01
   4.8301823e-01
   5.9896018e-01
   7.5782538e-01
   9.8681967e-01
   1.6797481e+00
   1.8476297e+00
   2.2858139e+00
   3.4504176e+00
   4.7446942e+00
   4.8867323e+00
   2.6623770e+00
   2.1212243e+00
   9.0726240e-01
   1.9725815e-01
  -1.2705666e-01
  -3.1480126e-01
  -1.4575298e-01
  -5.4712229e-01
  -6.1481463e-01
   2.8601106e-01
   6.9169440e-01
   9.0780510e-01
   1.0308969e+00
   1.0419724e+00
   9.9742276e-01
   9.0805278e-01
   8.0990769e-01
   7.0136780e-01
   6.2247376e-01
   6.2879788e-01
   7.3030154e-01
   1.0248204e+00
   1.4306853e+00
   2.0101940e+00
   3.0855020e+00
   4.1192249e+00
   2.6343909e+00
   6.3101893e-01
   2.7164389e-01
  -2.8541461e-01
  -1.3161539e+00
  -5.0637492e-01
   4.8769717e-01
   1.5029016e+00
   2.2383919e+00
   3.1674168e+00
   3.3404227e+00
   2.2430709e+00
   1.7965477e+00
   7.2745034e-01
  -3.3852337e-01
  -1.7219125e+00
  -7.7004018e-01
   2.6778001e-02
   3.3496958e-01
   1.8991314e-01
   3.2116940e-01
   4.8506760e-01
   5.8907618e-01
   6.4392482e-01
   6.6963951e-01
   6.8467153e-01
   6.9511353e-01
   6.7465532e-01
   5.9939571e-01
   5.4017181e-01
   4.9914335e-01
   4.4652732e-01
   4.0713452e-01
   4.1362539e-01
   4.6792445e-01
   5.3333681e-01
   6.2129943e-01
   7.7169350e-01
   9.5482554e-01
   1.2239911e+00
   1.6211744e+00
   1.6276721e+00
   2.4091340e+00
   4.0151385e+00
   5.3120287e+00
   4.4634970e+00
   1.9579801e+00
   1.5504272e+00
   7.3997165e-01
   4.2762945e-02
   3.0962870e-01
   7.6858778e-01
   5.7283162e-01
   1.9887041e-02
  -4.4193988e-01
   3.8719016e-01
   8.9534143e-01
   1.0979294e+00
   1.2024669e+00
   1.1926992e+00
   1.1233507e+00
   1.0020913e+00
   8.8625463e-01
   7.8087999e-01
   7.4641566e-01
   8.0723760e-01
   9.6436653e-01
   1.3164754e+00
   1.7562852e+00
   2.3572662e+00
   3.3740236e+00
   4.1684047e+00
   3.5765505e+00
   7.6670689e-01
   1.6573735e-01
  -1.1945928e-01
  -9.0930673e-01
  -3.6283866e-01
   9.3401913e-01
   2.1545331e+00
   3.1961425e+00
   4.3716809e+00
   3.5997460e+00
   2.3006150e+00
   1.6760704e+00
   3.9201547e-01
  -6.1186659e-01
  -1.6091928e+00
  -6.0756454e-01
   1.3020056e-01
   4.3294042e-01
   3.7877410e-01
   5.5425088e-01
   6.8991378e-01
   7.6890933e-01
   8.0445593e-01
   8.1110681e-01
   8.0575653e-01
   8.0113807e-01
   7.6742639e-01
   6.8402876e-01
   6.1838494e-01
   5.6576595e-01
   5.0140035e-01
   4.6381106e-01
   4.7748393e-01
   5.3581533e-01
   6.0782496e-01
   7.1139939e-01
   8.8182443e-01
   1.0726317e+00
   1.3430438e+00
   1.6753165e+00
   1.7379660e+00
   2.6768951e+00
   4.3139797e+00
   5.5583404e+00
   4.1489921e+00
   1.5933845e+00
   1.2387029e+00
   5.4283355e-01
   2.2966837e-02
   2.7601648e-01
   6.9280931e-01
   4.7622233e-01
   1.2850923e-01
  -1.9726930e-01
   4.8692369e-01
   9.8830530e-01
   1.1882430e+00
   1.2749653e+00
   1.2511045e+00
   1.1681831e+00
   1.0359567e+00
   9.2190662e-01
   8.3702215e-01
   8.4576297e-01
   9.4484643e-01
   1.1375315e+00
   1.5213302e+00
   1.9736104e+00
   2.5682703e+00
   3.5066612e+00
   4.1386063e+00
   3.8101521e+00
   8.4223864e-01
   2.5184126e-02
  -1.6454820e-01
  -7.7963930e-01
  -1.7966035e-01
   1.2711072e+00
   2.6644722e+00
   3.9453196e+00
   4.8719593e+00
   3.5005061e+00
   2.1360119e+00
   1.3405915e+00
   7.5835226e-02
  -8.6768178e-01
  -1.5048856e+00
  -3.2483680e-01
   3.1998682e-01
   6.3889022e-01
   7.3033845e-01
   8.6651871e-01
   9.2100204e-01
   9.5955544e-01
   9.6726064e-01
   9.5069483e-01
   9.2120429e-01
   8.9916687e-01
   8.5203906e-01
   7.6508031e-01
   6.9255620e-01
   6.2360224e-01
   5.4781108e-01
   5.2147473e-01
   5.4787357e-01
   6.1245565e-01
   6.9698428e-01
   8.2199236e-01
   1.0146592e+00
   1.2069933e+00
   1.4547491e+00
   1.8313340e+00
   2.1194125e+00
   3.1873915e+00
   4.6137336e+00
   5.7409980e+00
   3.7253692e+00
   1.2374237e+00
   9.1447706e-01
   2.1534271e-01
   7.7130627e-02
  -7.3919069e-02
  -1.5863150e-01
  -1.9037423e-01
   8.7727364e-03
   2.3115338e-01
   6.4214372e-01
   1.0638689e+00
   1.2665311e+00
   1.3258305e+00
   1.2841741e+00
   1.1871011e+00
   1.0509328e+00
   9.5199342e-01
   9.1013910e-01
   9.8574389e-01
   1.1344618e+00
   1.3701230e+00
   1.7871589e+00
   2.2453855e+00
   2.8125792e+00
   3.6157591e+00
   4.0420276e+00
   3.7279176e+00
   9.2245452e-01
  -2.1675657e-01
  -3.6855448e-01
  -7.5187256e-01
   1.3216835e-01
   1.7297661e+00
   3.3732112e+00
   4.9863071e+00
   5.2101011e+00
   3.1184664e+00
   1.7378857e+00
   6.7947469e-01
  -4.0697580e-01
  -1.2570822e+00
  -1.3469097e+00
   1.1717440e-01
   6.8814022e-01
   9.4889489e-01
   1.0161968e+00
   1.0441998e+00
   1.0374775e+00
   1.0452500e+00
   1.0330077e+00
   1.0028449e+00
   9.6079988e-01
   9.2379783e-01
   8.7077865e-01
   7.8416373e-01
   7.0196224e-01
   6.2311470e-01
   5.5953181e-01
   5.5795215e-01
   5.9810589e-01
   6.8010357e-01
   7.8833443e-01
   9.3723549e-01
   1.1526939e+00
   1.3759360e+00
   1.6622752e+00
   2.1490603e+00
   2.7140671e+00
   3.6365898e+00
   4.7545680e+00
   5.7382071e+00
   3.3423445e+00
   7.6529564e-01
   4.9449492e-01
  -4.3611030e-02
  -3.7653007e-01
  -5.3687882e-01
  -5.9203498e-01
  -3.6088135e-01
   9.7367088e-03
   5.0356195e-01
   6.4585074e-01
   1.0148882e+00
   1.2488211e+00
   1.2884291e+00
   1.2358090e+00
   1.1438873e+00
   1.0398964e+00
   9.9815762e-01
   1.0340369e+00
   1.1870158e+00
   1.3799408e+00
   1.6473499e+00
   2.0744246e+00
   2.5055037e+00
   2.9990332e+00
   3.6006167e+00
   3.8149522e+00
   3.5013302e+00
   1.8421321e+00
   1.4106224e-01
  -2.8242513e-01
  -5.2019890e-01
   6.7685411e-01
   2.2728701e+00
   4.1571195e+00
   4.9313785e+00
   3.4923043e+00
   1.7972605e+00
   7.8805555e-01
   3.7367327e-02
  -5.2248434e-01
  -1.1807038e+00
  -8.9274633e-01
   3.3813522e-01
   8.4581538e-01
   1.0517087e+00
   1.0885830e+00
   1.0782929e+00
   1.0571796e+00
   1.0576920e+00
   1.0397788e+00
   1.0051034e+00
   9.5889869e-01
   9.1518115e-01
   8.5876538e-01
   7.6996138e-01
   6.8690179e-01
   6.1202137e-01
   5.6292138e-01
   5.7449942e-01
   6.2371636e-01
   7.2040305e-01
   8.4193576e-01
   1.0026645e+00
   1.2355743e+00
   1.4838883e+00
   1.8017660e+00
   2.3327108e+00
   2.9483943e+00
   3.7499504e+00
   4.6965341e+00
   5.5151004e+00
   3.0308418e+00
   4.5740376e-01
   2.3456640e-01
  -1.7210644e-01
  -4.4934268e-01
  -5.2717401e-01
  -4.2236022e-01
  -1.6481546e-01
   2.6210623e-01
   7.9585436e-01
   7.6582228e-01
   9.9376715e-01
   1.2146981e+00
   1.2569599e+00
   1.2021936e+00
   1.1193945e+00
   1.0467762e+00
   1.0443089e+00
   1.1204222e+00
   1.3077188e+00
   1.5196149e+00
   1.7973319e+00
   2.2153799e+00
   2.6162978e+00
   3.0515934e+00
   3.5290343e+00
   3.6454317e+00
   3.3389049e+00
   2.0233728e+00
   1.5518630e-01
  -2.6339359e-01
  -3.3627367e-01
   9.7991214e-01
   2.5412879e+00
   4.4289704e+00
   4.6661803e+00
   2.5337342e+00
   1.0746944e+00
   3.3863943e-01
  -1.8789845e-01
  -5.1645899e-01
  -1.0506707e+00
  -6.8061440e-01
   6.1215555e-01
   1.0173718e+00
   1.1317682e+00
   1.1142106e+00
   1.0707899e+00
   1.0465708e+00
   1.0454722e+00
   1.0244389e+00
   9.8624494e-01
   9.3680682e-01
   8.8545732e-01
   8.2441865e-01
   7.3075233e-01
   6.5024850e-01
   5.8839521e-01
   5.6487852e-01
   5.9348501e-01
   6.5593097e-01
   7.7627616e-01
   9.1562670e-01
   1.0909175e+00
   1.3509796e+00
   1.6391376e+00
   2.0072707e+00
   2.5830378e+00
   3.1817394e+00
   3.7893894e+00
   4.5077358e+00
   5.0367460e+00
   2.5353569e+00
   1.0198124e-02
  -1.3324170e-01
  -3.3058869e-01
  -3.9958434e-01
  -2.9579551e-01
   1.3947378e-01
   3.3420943e-01
   8.0419900e-01
   1.3003409e+00
   1.0220453e+00
   9.7063444e-01
   1.1493950e+00
   1.2063162e+00
   1.1519214e+00
   1.0863911e+00
   1.0665844e+00
   1.1225310e+00
   1.2497905e+00
   1.4756780e+00
   1.7082558e+00
   1.9936958e+00
   2.3877740e+00
   2.7361970e+00
   3.0798011e+00
   3.3820355e+00
   3.3842602e+00
   3.0927646e+00
   1.9948018e+00
   2.2843231e-02
  -2.6164503e-01
  -4.6226518e-02
   1.3837330e+00
   2.8713603e+00
   4.6569252e+00
   4.1210476e+00
   1.2541604e+00
   1.2213311e-01
  -1.9558861e-01
  -3.8018627e-01
  -4.5098230e-01
  -8.0586281e-01
  -4.3109975e-01
   7.2810889e-01
   9.5020313e-01
   9.9702385e-01
   9.6524248e-01
   9.3514475e-01
   9.3204550e-01
   9.3624124e-01
   9.1448409e-01
   8.7671280e-01
   8.2747988e-01
   7.7696631e-01
   7.1945661e-01
   6.4341600e-01
   5.8900958e-01
   5.5748805e-01
   5.7095886e-01
   6.2376983e-01
   7.1049022e-01
   8.5825750e-01
   1.0147469e+00
   1.2104022e+00
   1.5078148e+00
   1.8209658e+00
   2.1962765e+00
   2.7444681e+00
   3.3211112e+00
   4.1508516e+00
   3.8014776e+00
   3.5423774e+00
   2.8724917e+00
  -2.0361694e-01
  -4.9712022e-01
  -6.2254056e-01
  -5.5599035e-01
  -2.1202808e-01
   1.1449723e-01
   1.6538285e-01
   5.4100416e-01
   7.6170361e-01
   6.9251286e-01
   9.5951088e-01
   1.1223648e+00
   1.1525005e+00
   1.1199553e+00
   1.0945964e+00
   1.1378735e+00
   1.2444667e+00
   1.4036335e+00
   1.6493033e+00
   1.8869373e+00
   2.1522029e+00
   2.4796506e+00
   2.7330638e+00
   2.9422467e+00
   3.0601274e+00
   2.9691244e+00
   2.7134820e+00
   2.0929477e+00
   7.8023871e-01
   6.2644901e-02
   1.4226435e-01
   1.6865853e+00
   3.0202050e+00
   4.3359206e+00
   3.2286467e+00
   3.9545223e-01
  -2.7227772e-01
  -2.9003996e-01
  -3.3641670e-01
  -3.5741253e-01
  -5.1385361e-01
  -8.4775882e-02
   6.8203493e-01
   8.2858756e-01
   8.5425755e-01
   8.2298383e-01
   8.0245408e-01
   8.0672241e-01
   8.1018197e-01
   7.8782432e-01
   7.5087488e-01
   7.0278641e-01
   6.5553280e-01
   6.0452010e-01
   5.4663048e-01
   5.1445622e-01
   5.0764135e-01
   5.5041808e-01
   6.2502740e-01
   7.3170524e-01
   8.9997338e-01
   1.0706900e+00
   1.2809317e+00
   1.5964611e+00
   1.9158613e+00
   2.2839886e+00
   2.8030787e+00
   3.3523943e+00
   4.2132675e+00
   3.1545323e+00
   2.6696968e+00
   2.5402878e+00
  -4.3691992e-01
  -7.4948877e-01
  -7.9204502e-01
  -5.7300919e-01
  -1.5034055e-01
   1.1169624e-01
   9.7089627e-02
   4.4829762e-01
   5.5277110e-01
   4.7021099e-01
   8.9120458e-01
   1.0924603e+00
   1.1043138e+00
   1.0910101e+00
   1.0941792e+00
   1.1678363e+00
   1.2965390e+00
   1.4692239e+00
   1.7181033e+00
   1.9490426e+00
   2.1929718e+00
   2.4759210e+00
   2.6766208e+00
   2.8193875e+00
   2.8561886e+00
   2.7299861e+00
   2.4860573e+00
   2.0244794e+00
   9.9238952e-01
   1.3343421e-01
   2.6521703e-01
   1.8097580e+00
   3.0031602e+00
   3.9949499e+00
   2.6070135e+00
  -1.5452599e-01
  -4.3255427e-01
  -2.9216922e-01
  -3.1749997e-01
  -3.4144840e-01
  -3.7098701e-01
   4.7477993e-02
   4.5398530e-01
   5.1892522e-01
   5.3451258e-01
   5.1589002e-01
   5.1342749e-01
   5.2310253e-01
   5.2022304e-01
   4.9664355e-01
   4.6181116e-01
   4.1697100e-01
   3.7877344e-01
   3.4435010e-01
   3.2672480e-01
   3.4033731e-01
   3.8336410e-01
   4.8447031e-01
   6.0505654e-01
   7.5217294e-01
   9.6003327e-01
   1.1597075e+00
   1.3974506e+00
   1.7376955e+00
   2.0561379e+00
   2.3972468e+00
   2.8512455e+00
   3.3364330e+00
   4.1161184e+00
   1.7805260e+00
   1.2404692e+00
   1.2867118e+00
  -9.6442979e-01
  -1.2162717e+00
  -1.0683231e+00
  -5.0121847e-01
  -3.2188590e-02
   1.2291254e-01
   2.5873028e-02
   3.7826189e-01
   3.5223228e-01
   6.6092283e-02
   6.9644747e-01
   1.0245497e+00
   1.0029218e+00
   1.0298227e+00
   1.0865104e+00
   1.2012598e+00
   1.3561589e+00
   1.5441234e+00
   1.7870716e+00
   1.9941094e+00
   2.1902816e+00
   2.3928604e+00
   2.5109442e+00
   2.5611416e+00
   2.5007982e+00
   2.3427541e+00
   2.1056399e+00
   1.7436678e+00
   1.0311993e+00
   9.0338448e-02
   4.8385155e-01
   1.9394884e+00
   2.8358234e+00
   3.2306663e+00
   1.4541792e+00
  -1.1203029e+00
  -6.0110620e-01
  -2.2454434e-01
  -2.9542866e-01
  -3.6717208e-01
  -1.7410167e-01
   1.7021524e-01
   7.7691170e-02
   1.1503942e-01
   1.1074283e-01
   7.7506729e-02
   5.8405962e-02
   4.2899218e-02
   1.0719858e-02
  -2.9454024e-02
  -7.5135971e-02
  -1.2934691e-01
  -1.6720464e-01
  -1.8471512e-01
  -1.6090400e-01
  -9.9800566e-02
   1.4534382e-03
   1.7812578e-01
   3.5922078e-01
   5.6181314e-01
   8.3061140e-01
   1.0760455e+00
   1.3487669e+00
   1.7115672e+00
   2.0334187e+00
   2.3660829e+00
   2.7833884e+00
   3.1796991e+00
   3.5605636e+00
   9.5923107e-01
   9.3900775e-02
  -4.2939128e-01
  -1.7727862e+00
  -1.5970674e+00
  -1.1301642e+00
  -2.4473542e-01
  -8.1148073e-02
  -4.8375833e-02
  -6.4230118e-02
   2.8008744e-01
   2.8427751e-01
   3.5870676e-01
   9.7936162e-01
   8.6015855e-01
   7.4298270e-01
   8.0124250e-01
   9.1374870e-01
   1.0606148e+00
   1.2132735e+00
   1.3973686e+00
   1.6097889e+00
   1.7755607e+00
   1.9220802e+00
   2.0615910e+00
   2.1301553e+00
   2.1407566e+00
   2.0551681e+00
   1.8964002e+00
   1.6878627e+00
   1.3879173e+00
   2.9322936e-01
  -1.8545302e-01
   8.1782178e-01
   2.0640090e+00
   2.3887982e+00
   2.3934652e+00
   9.7096858e-01
  -8.7113873e-01
  -3.4880524e-01
  -1.9310807e-01
  -3.2482725e-01
  -6.3387293e-01
  -2.8920366e-01
   1.6668810e-02
  -1.3154232e-01
  -1.1167935e-01
  -1.3079537e-01
  -1.7798215e-01
  -2.1284249e-01
  -2.4856493e-01
  -3.0318308e-01
  -3.5737370e-01
  -4.1394403e-01
  -4.7859726e-01
  -5.1907986e-01
  -5.2925506e-01
  -4.8461965e-01
  -3.9885705e-01
  -2.6708898e-01
  -5.0258686e-02
   1.6403431e-01
   3.9855743e-01
   7.0360457e-01
   9.7665734e-01
   1.2704880e+00
   1.6463220e+00
   1.9694873e+00
   2.2966229e+00
   2.6911387e+00
   3.0305559e+00
   3.2010700e+00
   5.4104848e-01
  -5.4833772e-01
  -1.3173058e+00
  -2.0696663e+00
  -1.7947854e+00
  -1.1026235e+00
  -1.5442106e-01
  -1.3104861e-01
  -1.6040118e-01
  -1.2593232e-01
   2.2280684e-01
   2.5392645e-01
   5.0889796e-01
   1.0782141e+00
   7.2945062e-01
   5.6621395e-01
   6.2402078e-01
   7.5929767e-01
   9.2755828e-01
   1.0734224e+00
   1.2497400e+00
   1.4407413e+00
   1.5816731e+00
   1.7009902e+00
   1.8076922e+00
   1.8513780e+00
   1.8421656e+00
   1.7434586e+00
   1.5845683e+00
   1.3910762e+00
   1.1296144e+00
  -5.1416873e-02
  -2.7275342e-01
   9.8420829e-01
   2.1239795e+00
   2.0811807e+00
   1.8634552e+00
   6.8236455e-01
  -6.4173756e-01
  -2.1302881e-01
  -1.8839626e-01
  -3.2359500e-01
  -6.9556986e-01
  -3.0308127e-01
  -7.6466072e-02
  -4.2704526e-01
  -4.4228214e-01
  -5.0059732e-01
  -5.9576599e-01
  -6.8447905e-01
  -7.7891843e-01
  -8.9506932e-01
  -9.9230857e-01
  -1.0878297e+00
  -1.1926299e+00
  -1.2504800e+00
  -1.2603395e+00
  -1.1970515e+00
  -1.0849464e+00
  -9.1912461e-01
  -6.5460679e-01
  -3.9559853e-01
  -1.1071629e-01
   2.5700768e-01
   5.7962310e-01
   9.1132631e-01
   1.3079567e+00
   1.6301531e+00
   1.9454355e+00
   2.2961777e+00
   2.5189551e+00
   2.4477766e+00
   1.3729398e-01
  -1.4782154e+00
  -2.2494346e+00
  -1.7481344e+00
  -2.0059681e+00
  -7.6308747e-01
  -2.8077237e-01
  -3.1161666e-01
  -4.0009194e-01
  -2.6939776e-01
   1.2883985e-01
   2.4715317e-01
   6.6026554e-01
   9.3402266e-01
   3.5405601e-01
   1.6007750e-01
   1.3039418e-01
   2.5769876e-01
   4.7334382e-01
   5.8267328e-01
   7.2069457e-01
   8.5986826e-01
   9.5652084e-01
   1.0393929e+00
   1.1107267e+00
   1.1321716e+00
   1.1056714e+00
   9.9289756e-01
   8.3519362e-01
   6.5885200e-01
   4.7113315e-01
  -2.1924290e-01
  -7.5391530e-02
   1.1254361e+00
   2.1636845e+00
   1.3600299e+00
   8.0180659e-01
   1.7805364e-01
   1.2333686e-01
  -4.3176084e-02
  -2.4372712e-01
  -2.3651281e-01
  -3.6228833e-01
  -7.9343121e-02
  -2.4566187e-01
  -2.5148395e-01
  -2.6726942e-01
  -3.2342973e-01
  -4.1969047e-01
  -5.1145342e-01
  -6.0767731e-01
  -7.2133605e-01
  -8.1186438e-01
  -8.9987184e-01
  -9.9361678e-01
  -1.0427708e+00
  -1.0510339e+00
  -9.9877931e-01
  -9.0568478e-01
  -7.7186992e-01
  -5.6042680e-01
  -3.5026455e-01
  -1.1599282e-01
   1.8826290e-01
   4.5376736e-01
   7.2718315e-01
   1.0631724e+00
   1.3487863e+00
   1.6364281e+00
   1.9413397e+00
   2.0610202e+00
   1.8453362e+00
   5.9782672e-02
  -1.2834977e+00
  -1.7389621e+00
  -1.7097156e+00
  -1.0672821e+00
  -3.6199018e-01
  -7.6615841e-01
  -8.4874829e-01
  -8.5907332e-01
  -3.0753654e-01
  -2.8044515e-02
   9.9643753e-02
   6.9283673e-01
   9.9578651e-01
   4.0944416e-01
   1.9003079e-01
   5.2979148e-02
   7.8833329e-02
   3.3322803e-01
   4.2245309e-01
   5.1945521e-01
   6.2841220e-01
   7.0233468e-01
   7.6724128e-01
   8.1705629e-01
   8.1938572e-01
   7.7307847e-01
   6.3107329e-01
   4.4258500e-01
   2.2392702e-01
  -6.1697081e-02
  -4.9764887e-01
  -3.9625653e-02
   1.1352175e+00
   2.0039558e+00
   1.0982379e+00
   3.5327802e-01
  -2.2326472e-01
  -7.2266823e-02
  -1.0510465e-01
  -2.7861452e-01
  -3.0206958e-01
  -1.3138566e-01
   1.8465284e-01
  -1.2178844e-01
  -1.1920387e-01
  -1.3540270e-01
  -1.8993937e-01
  -2.8702294e-01
  -3.8108390e-01
  -4.7865237e-01
  -5.9043334e-01
  -6.7590521e-01
  -7.5825136e-01
  -8.4366650e-01
  -8.8626821e-01
  -8.9332852e-01
  -8.4938728e-01
  -7.7061662e-01
  -6.6091801e-01
  -4.8946506e-01
  -3.1610678e-01
  -1.1996851e-01
   1.3646580e-01
   3.5893890e-01
   5.8843691e-01
   8.7873486e-01
   1.1367850e+00
   1.4036005e+00
   1.6739802e+00
   1.7159802e+00
   1.3914159e+00
   1.3802702e-03
  -1.1367838e+00
  -1.3543367e+00
  -1.6807682e+00
  -3.6001093e-01
  -5.9775641e-02
  -1.1318819e+00
  -1.2534605e+00
  -1.2049017e+00
  -3.3627295e-01
  -1.4625209e-01
  -1.1500080e-02
   7.1737812e-01
   1.0423237e+00
   4.5117744e-01
   2.1259968e-01
  -5.3507081e-03
  -5.5936298e-02
   2.2765507e-01
   3.0173207e-01
   3.6782750e-01
   4.5401714e-01
   5.1081319e-01
   5.6218340e-01
   5.9578465e-01
   5.8371114e-01
   5.2247990e-01
   3.5844977e-01
   1.4676642e-01
  -1.0377564e-01
  -4.6316836e-01
  -7.0741924e-01
  -1.2677158e-02
   1.1425875e+00
   1.8836051e+00
   9.0098569e-01
   1.5325469e-02
  -5.2564582e-01
  -2.1964822e-01
  -1.5176593e-01
  -3.0490112e-01
  -3.5146459e-01
   4.2592443e-02
   3.8356573e-01
  -2.8453598e-02
   8.0221516e-01
   8.7016554e-01
   8.8215244e-01
   8.5176813e-01
   8.1308987e-01
   7.6825867e-01
   7.1576488e-01
   6.7675227e-01
   6.3875694e-01
   6.0763278e-01
   6.0039224e-01
   6.0956032e-01
   6.4633919e-01
   7.0413217e-01
   7.8372867e-01
   9.0895068e-01
   1.0370174e+00
   1.1810745e+00
   1.3685823e+00
   1.5238910e+00
   1.6660819e+00
   1.8059320e+00
   1.8816989e+00
   1.8912317e+00
   1.6866033e+00
   1.1822710e+00
   3.8789940e-01
  -6.1169747e-01
  -1.2378336e+00
  -1.5681417e+00
  -7.3780935e-01
   5.8979592e-01
  -3.4054466e-01
  -1.1339276e+00
  -1.9116107e+00
  -1.1558407e+00
  -5.0854595e-01
  -6.3460149e-01
  -5.3343460e-01
   7.5910325e-01
   1.5323808e+00
   1.1837935e+00
   1.1033294e+00
   8.3639225e-01
   4.8158102e-01
   8.4085384e-01
   1.0362158e+00
   1.0623411e+00
   1.1172692e+00
   1.1309802e+00
   1.1229833e+00
   1.0650335e+00
   9.7267461e-01
   8.3834926e-01
   5.9941650e-01
   3.0870576e-01
  -9.0325485e-02
  -7.1575777e-01
  -1.0149673e+00
  -5.7838016e-01
   1.2569193e+00
   2.5587072e+00
   7.6660321e-01
  -4.1846013e-01
  -9.9360221e-01
  -3.5820035e-01
  -1.2785390e-01
  -4.2806483e-01
  -6.9067516e-01
   1.5620503e-01
   1.0238205e+00
   7.6375306e-01
   8.7506881e-01
   9.9191655e-01
   1.0429394e+00
   1.0512675e+00
   1.0435211e+00
   1.0289774e+00
   1.0079608e+00
   9.8958201e-01
   9.6926609e-01
   9.5770435e-01
   9.6229127e-01
   9.7511961e-01
   1.0033955e+00
   1.0437472e+00
   1.0990245e+00
   1.1853443e+00
   1.2727252e+00
   1.3693775e+00
   1.4899384e+00
   1.5799385e+00
   1.6469819e+00
   1.6805929e+00
   1.6501937e+00
   1.5369321e+00
   1.2008484e+00
   6.6986130e-01
  -3.7343665e-02
  -8.4869036e-01
  -1.3667880e+00
  -1.5180623e+00
  -4.9490624e-01
   6.3477764e-02
  -5.3397814e-01
  -1.1956601e+00
  -1.8343594e+00
  -1.5584246e+00
  -8.0594259e-01
  -9.6416889e-01
  -6.7612761e-01
   8.7373093e-01
   1.3431953e+00
   1.0320342e+00
   1.0811516e+00
   7.7397243e-01
   5.2951264e-01
   7.0000118e-01
   9.5283732e-01
   9.7138122e-01
   1.0040563e+00
   9.9793279e-01
   9.6723365e-01
   8.8541552e-01
   7.7653889e-01
   6.2856292e-01
   3.8050591e-01
   9.5863229e-02
  -2.7453262e-01
  -8.4242988e-01
  -1.2791009e+00
  -9.8563096e-01
   9.6811599e-01
   2.0677110e+00
   4.7041126e-01
  -6.5950592e-01
  -1.2638986e+00
  -5.9142236e-01
  -2.1131246e-01
  -4.5546555e-01
  -6.0698967e-01
   3.5470515e-01
   1.0043630e+00
   7.6742180e-01
   9.7175973e-01
   1.1535038e+00
   1.2563348e+00
   1.3160419e+00
   1.3493480e+00
   1.3750017e+00
   1.3957615e+00
   1.4047677e+00
   1.4079158e+00
   1.4223172e+00
   1.4426015e+00
   1.4602877e+00
   1.4772784e+00
   1.4944821e+00
   1.5174831e+00
   1.5521723e+00
   1.5855550e+00
   1.6192922e+00
   1.6510016e+00
   1.6543243e+00
   1.6216326e+00
   1.5142435e+00
   1.3429414e+00
   1.0667079e+00
   5.5615750e-01
  -1.0205765e-02
  -6.0172367e-01
  -1.1632259e+00
  -1.5379355e+00
  -1.4515973e+00
  -1.7252671e-01
  -6.3504847e-01
  -7.9070188e-01
  -1.2775910e+00
  -1.7318320e+00
  -2.0927315e+00
  -1.2006456e+00
  -1.4015687e+00
  -8.6550889e-01
   1.0258641e+00
   1.0921095e+00
   8.3062014e-01
   1.0517173e+00
   6.9112923e-01
   5.9312719e-01
   5.1306239e-01
   8.4217790e-01
   8.5065981e-01
   8.5380087e-01
   8.2135309e-01
   7.6052370e-01
   6.4702759e-01
   5.1622875e-01
   3.5013578e-01
   8.9969109e-02
  -1.8662008e-01
  -5.1901122e-01
  -1.0105483e+00
  -1.6296575e+00
  -1.5261317e+00
   5.8481807e-01
   1.4160637e+00
   7.7307114e-02
  -9.7942043e-01
  -1.6226343e+00
  -9.0095319e-01
  -3.2207816e-01
  -4.9183161e-01
  -4.9592279e-01
   6.1815331e-01
   9.7853902e-01
   7.7229094e-01
   3.5243139e-01
   5.5870500e-01
   6.9264928e-01
   7.8396386e-01
   8.4363253e-01
   8.9958022e-01
   9.5289892e-01
   9.7882223e-01
   9.8741923e-01
   1.0020571e+00
   1.0263805e+00
   1.0495035e+00
   1.0706151e+00
   1.0872640e+00
   1.1017843e+00
   1.1118015e+00
   1.1083342e+00
   1.0872137e+00
   1.0259488e+00
   9.3233663e-01
   7.9123439e-01
   5.4159357e-01
   2.6086210e-01
  -6.5211392e-02
  -4.6730879e-01
  -7.8393044e-01
  -1.0664035e+00
  -1.3282651e+00
  -1.6026455e+00
  -2.1448130e+00
  -1.4355111e+00
  -8.0371577e-01
  -7.0687145e-01
  -1.1711184e+00
  -1.8069144e+00
  -2.5003238e+00
  -1.7825155e+00
  -1.3931546e+00
  -4.8088426e-01
   5.5165836e-01
   3.1607364e-01
   1.9495989e-01
   4.2970782e-01
   3.5774821e-01
   3.9112593e-01
   6.5454214e-02
   2.4346570e-01
   2.6658678e-01
   2.4042876e-01
   2.0296567e-01
   1.4176648e-01
   3.3970606e-02
  -9.0992757e-02
  -2.5152816e-01
  -4.8451595e-01
  -6.9120026e-01
  -8.9387702e-01
  -1.1316648e+00
  -1.3242886e+00
  -1.3239322e+00
   1.5364852e-01
   3.7940913e-01
  -4.8412887e-01
  -1.5790775e+00
  -2.1416634e+00
  -2.1174960e+00
  -1.0274578e+00
  -8.2181283e-01
  -7.3140110e-01
   2.4717073e-02
   1.1049755e-01
   9.4183956e-02
  -8.5026398e-03
   2.0267247e-01
   3.4726253e-01
   4.5073776e-01
   5.1827129e-01
   5.8291927e-01
   6.4732687e-01
   6.8099981e-01
   6.9350873e-01
   7.0699291e-01
   7.2874623e-01
   7.4948445e-01
   7.6685478e-01
   7.7631846e-01
   7.7814821e-01
   7.6578724e-01
   7.3874540e-01
   6.9092805e-01
   5.9476302e-01
   4.7319265e-01
   3.1002669e-01
   4.6299327e-02
  -2.2823632e-01
  -5.2247733e-01
  -8.4724100e-01
  -1.0756090e+00
  -1.2659867e+00
  -1.4255292e+00
  -1.5923439e+00
  -2.0320946e+00
  -1.5860451e+00
  -9.2471819e-01
  -7.8988257e-01
  -1.2576785e+00
  -1.7444758e+00
  -2.3272991e+00
  -1.8192335e+00
  -1.3339605e+00
  -5.4678957e-01
   1.4309961e-01
  -6.7469602e-02
  -5.0436634e-02
   1.9532489e-01
   1.2602920e-01
   2.4072906e-01
  -8.0826683e-02
  -2.1250579e-02
   4.1192922e-03
  -3.5875620e-02
  -8.1992035e-02
  -1.4721644e-01
  -2.5398599e-01
  -3.7362595e-01
  -5.2373252e-01
  -7.3141514e-01
  -9.0085312e-01
  -1.0536554e+00
  -1.2084357e+00
  -1.2791252e+00
  -1.2173602e+00
  -1.4042486e-01
  -9.0544904e-02
  -6.1599604e-01
  -1.6376094e+00
  -2.1017179e+00
  -2.4345830e+00
  -1.4792789e+00
  -1.1164667e+00
  -9.1034559e-01
  -3.6899780e-01
  -3.2860870e-01
  -2.7327802e-01
  -6.1702873e-01
  -4.0356107e-01
  -2.4578128e-01
  -1.2578246e-01
  -4.9755622e-02
   2.3868875e-02
   1.0195940e-01
   1.4735721e-01
   1.6692962e-01
   1.7764786e-01
   1.9193810e-01
   2.0512569e-01
   2.1228358e-01
   2.0527137e-01
   1.8077990e-01
   1.2560490e-01
   5.7482732e-02
  -3.1992834e-02
  -1.7474105e-01
  -3.2531059e-01
  -4.9953984e-01
  -7.4327410e-01
  -9.6288743e-01
  -1.1647621e+00
  -1.3501617e+00
  -1.4661537e+00
  -1.5572052e+00
  -1.5902021e+00
  -1.5444559e+00
  -1.5136040e+00
  -1.4676592e+00
  -1.1431585e+00
  -1.0136584e+00
  -1.4980815e+00
  -1.5717024e+00
  -1.7746081e+00
  -1.6889266e+00
  -1.1996506e+00
  -8.4228069e-01
  -6.2975377e-01
  -6.7043391e-01
  -3.8467734e-01
  -1.1840323e-01
  -2.8843610e-01
  -3.3605746e-02
  -2.5462115e-01
  -4.1403191e-01
  -3.8886424e-01
  -4.5012949e-01
  -5.1447781e-01
  -5.8891028e-01
  -6.9540872e-01
  -8.0485147e-01
  -9.3280496e-01
  -1.0918067e+00
  -1.2006686e+00
  -1.2857332e+00
  -1.3418017e+00
  -1.2873958e+00
  -1.0448439e+00
  -6.6342833e-01
  -7.9757738e-01
  -7.1415991e-01
  -1.5513571e+00
  -1.8167061e+00
  -2.7200757e+00
  -2.2669336e+00
  -1.6783029e+00
  -1.2385559e+00
  -1.0632205e+00
  -1.0264864e+00
  -8.7518513e-01
  -1.2190243e+00
  -1.0043083e+00
  -8.2891798e-01
  -6.7329671e-01
  -5.6820134e-01
  -4.6412471e-01
  -3.4719709e-01
  -2.7399991e-01
  -2.2931188e-01
  -1.9628975e-01
  -1.7300293e-01
  -1.6175580e-01
  -1.6853269e-01
  -1.9317053e-01
  -2.4065864e-01
  -3.3139299e-01
  -4.2730105e-01
  -5.3877310e-01
  -6.9703143e-01
  -8.4208985e-01
  -9.9406339e-01
  -1.1934961e+00
  -1.3747551e+00
  -1.5421133e+00
  -1.6951296e+00
  -1.7942821e+00
  -1.8772132e+00
  -1.9182622e+00
  -1.8858258e+00
  -1.7798470e+00
  -1.6440690e+00
  -1.5246976e+00
  -1.5689796e+00
  -1.8088298e+00
  -1.8569178e+00
  -1.9228799e+00
  -1.7835129e+00
  -1.4911725e+00
  -1.2973704e+00
  -1.1571458e+00
  -1.1735301e+00
  -1.1770286e+00
  -4.0263643e-01
  -6.9129999e-01
  -2.8527140e-01
  -3.1392461e-01
  -5.6786388e-01
  -6.3475396e-01
  -7.1468457e-01
  -7.9197091e-01
  -8.7455054e-01
  -9.8120325e-01
  -1.0813938e+00
  -1.1896652e+00
  -1.3134123e+00
  -1.3822677e+00
  -1.4206818e+00
  -1.4202736e+00
  -1.3517070e+00
  -1.1692318e+00
  -1.1264287e+00
  -1.3888432e+00
  -1.0615022e+00
  -1.2531537e+00
  -1.2933260e+00
  -1.6883478e+00
  -1.9533036e+00
  -1.8524651e+00
  -1.6372640e+00
  -1.7015796e+00
  -1.6114913e+00
  -1.4574216e+00
  -1.5617358e+00
  -1.3567644e+00
  -1.1798400e+00
  -1.0092414e+00
  -8.8968188e-01
  -7.7052370e-01
  -6.3263303e-01
  -5.4240391e-01
  -4.8086312e-01
  -4.3096106e-01
  -3.9789275e-01
  -3.7991503e-01
  -3.8384372e-01
  -4.0992327e-01
  -4.6015098e-01
  -5.5789993e-01
  -6.6222441e-01
  -7.8078257e-01
  -9.4525091e-01
  -1.0883922e+00
  -1.2308812e+00
  -1.4111637e+00
  -1.5755591e+00
  -1.7283552e+00
  -1.8688838e+00
  -1.9628830e+00
  -2.0421969e+00
  -2.0833992e+00
  -2.0556995e+00
  -1.9358961e+00
  -1.7867007e+00
  -1.7498553e+00
  -1.8411398e+00
  -1.9730404e+00
  -2.0018992e+00
  -2.0050020e+00
  -1.8509023e+00
  -1.6307631e+00
  -1.4890948e+00
  -1.3887838e+00
  -1.4047407e+00
  -1.5419323e+00
  -6.4374207e-01
  -9.5817530e-01
  -5.2879546e-01
  -4.1203238e-01
  -6.8023691e-01
  -7.5918316e-01
  -8.4397654e-01
  -9.2586594e-01
  -1.0118735e+00
  -1.1203161e+00
  -1.2186661e+00
  -1.3221547e+00
  -1.4355349e+00
  -1.4901095e+00
  -1.5072372e+00
  -1.4776766e+00
  -1.4025433e+00
  -1.2526379e+00
  -1.2802802e+00
  -1.5368293e+00
  -1.1903770e+00
  -1.1731195e+00
  -1.2143769e+00
  -1.4293294e+00
  -1.8902675e+00
  -1.9832744e+00
  -1.8825876e+00
  -2.0123006e+00
  -1.9168594e+00
  -1.7790753e+00
  -2.0965925e+00
  -1.9302804e+00
  -1.7700080e+00
  -1.5879279e+00
  -1.4504701e+00
  -1.3128319e+00
  -1.1447968e+00
  -1.0252817e+00
  -9.3170934e-01
  -8.4608207e-01
  -7.8729614e-01
  -7.4123964e-01
  -7.1654087e-01
  -7.2559752e-01
  -7.5688063e-01
  -8.3590402e-01
  -9.3676115e-01
  -1.0541846e+00
  -1.2224684e+00
  -1.3653548e+00
  -1.5001870e+00
  -1.6641979e+00
  -1.8134259e+00
  -1.9549076e+00
  -2.0892884e+00
  -2.1851888e+00
  -2.2611132e+00
  -2.2926167e+00
  -2.2659380e+00
  -2.1894823e+00
  -2.1039621e+00
  -2.1190826e+00
  -2.1672421e+00
  -2.2008402e+00
  -2.1891609e+00
  -2.1280352e+00
  -1.9864496e+00
  -1.7894667e+00
  -1.6372339e+00
  -1.5964164e+00
  -1.6417717e+00
  -1.9181296e+00
  -1.1978836e+00
  -1.4588530e+00
  -1.1337223e+00
  -7.0947612e-01
  -9.1123465e-01
  -9.1848723e-01
  -9.9794262e-01
  -1.0808196e+00
  -1.1694627e+00
  -1.2845162e+00
  -1.3876796e+00
  -1.4981088e+00
  -1.6170746e+00
  -1.6684148e+00
  -1.6641457e+00
  -1.5958157e+00
  -1.5137871e+00
  -1.4110532e+00
  -1.2742617e+00
  -1.3447143e+00
  -1.2370426e+00
  -1.2494806e+00
  -1.5824005e+00
  -1.7615530e+00
  -2.0509823e+00
  -2.2584374e+00
  -2.3065963e+00
  -2.3790419e+00
  -2.3313695e+00
  -2.2590657e+00
  -2.3536417e+00
  -2.2306940e+00
  -2.1066611e+00
  -1.9486451e+00
  -1.8161835e+00
  -1.6850022e+00
  -1.5230491e+00
  -1.3958514e+00
  -1.2856899e+00
  -1.1783162e+00
  -1.1085263e+00
  -1.0510675e+00
  -1.0015611e+00
  -9.8411385e-01
  -9.8986028e-01
  -1.0337698e+00
  -1.1095065e+00
  -1.2049523e+00
  -1.3557795e+00
  -1.4905673e+00
  -1.6150984e+00
  -1.7609411e+00
  -1.8895453e+00
  -2.0149586e+00
  -2.1360498e+00
  -2.2262402e+00
  -2.3008123e+00
  -2.3304128e+00
  -2.3071488e+00
  -2.2559861e+00
  -2.2190684e+00
  -2.2575611e+00
  -2.2968133e+00
  -2.3205433e+00
  -2.2637525e+00
  -2.1604439e+00
  -2.0128575e+00
  -1.8142351e+00
  -1.6465620e+00
  -1.5843852e+00
  -1.5078598e+00
  -1.4378432e+00
  -1.0013955e+00
  -9.8600409e-01
  -1.0488947e+00
  -8.3756195e-01
  -9.9683743e-01
  -1.0234662e+00
  -1.0666700e+00
  -1.1366966e+00
  -1.2157896e+00
  -1.3335648e+00
  -1.4485128e+00
  -1.5789858e+00
  -1.7229362e+00
  -1.7892223e+00
  -1.7937985e+00
  -1.7256222e+00
  -1.6499187e+00
  -1.5801822e+00
  -1.4360319e+00
  -1.3304138e+00
  -1.2058859e+00
  -1.1725380e+00
  -1.4455108e+00
  -1.7029016e+00
  -2.0328143e+00
  -2.2447058e+00
  -2.3542709e+00
  -2.4819558e+00
  -2.4985118e+00
  -2.4663873e+00
  -2.4860993e+00
  -2.3898766e+00
  -2.2891857e+00
  -2.1501018e+00
  -2.0245645e+00
  -1.9009301e+00
  -1.7489784e+00
  -1.6223041e+00
  -1.5056904e+00
  -1.3869966e+00
  -1.3112872e+00
  -1.2491796e+00
  -1.1884600e+00
  -1.1551267e+00
  -1.1441020e+00
  -1.1649034e+00
  -1.2216199e+00
  -1.2994559e+00
  -1.4326136e+00
  -1.5575303e+00
  -1.6725323e+00
  -1.8054703e+00
  -1.9202506e+00
  -2.0335937e+00
  -2.1444174e+00
  -2.2290383e+00
  -2.3006373e+00
  -2.3295125e+00
  -2.3123434e+00
  -2.2803057e+00
  -2.2764232e+00
  -2.3308027e+00
  -2.3609633e+00
  -2.3773813e+00
  -2.3043976e+00
  -2.1816796e+00
  -2.0270635e+00
  -1.8230654e+00
  -1.6374664e+00
  -1.5531436e+00
  -1.4158391e+00
  -1.1782353e+00
  -8.8623727e-01
  -7.7165672e-01
  -9.9619856e-01
  -9.2183539e-01
  -1.0561049e+00
  -1.0840391e+00
  -1.1028841e+00
  -1.1602524e+00
  -1.2293434e+00
  -1.3452206e+00
  -1.4663319e+00
  -1.6107163e+00
  -1.7747448e+00
  -1.8553611e+00
  -1.8721870e+00
  -1.8126334e+00
  -1.7439715e+00
  -1.6924325e+00
  -1.5525756e+00
  -1.3598443e+00
  -1.2084660e+00
  -1.1059850e+00
  -1.3283029e+00
  -1.6319100e+00
  -1.9881545e+00
  -2.2052218e+00
  -2.3557783e+00
  -2.5179876e+00
  -2.5719773e+00
  -2.5661750e+00
  -2.5470199e+00
  -2.4817779e+00
  -2.4117436e+00
  -2.3092433e+00
  -2.2054539e+00
  -2.1032987e+00
  -1.9852547e+00
  -1.8779504e+00
  -1.7673156e+00
  -1.6429285e+00
  -1.5634329e+00
  -1.5044227e+00
  -1.4452477e+00
  -1.3950964e+00
  -1.3609433e+00
  -1.3497184e+00
  -1.3717584e+00
  -1.4146735e+00
  -1.5026856e+00
  -1.5987454e+00
  -1.6913505e+00
  -1.8032342e+00
  -1.8980156e+00
  -1.9896318e+00
  -2.0811404e+00
  -2.1519878e+00
  -2.2125052e+00
  -2.2421359e+00
  -2.2462724e+00
  -2.2490270e+00
  -2.2944391e+00
  -2.3725269e+00
  -2.3792937e+00
  -2.3828444e+00
  -2.3325144e+00
  -2.2108025e+00
  -2.0361491e+00
  -1.8103422e+00
  -1.5739514e+00
  -1.4319023e+00
  -1.2752910e+00
  -1.0071281e+00
  -7.7391880e-01
  -7.9816964e-01
  -9.3361935e-01
  -1.0385694e+00
  -1.1480465e+00
  -1.1395408e+00
  -1.1229489e+00
  -1.1487336e+00
  -1.1915406e+00
  -1.2924592e+00
  -1.4167917e+00
  -1.5828646e+00
  -1.7868712e+00
  -1.9023665e+00
  -1.9576533e+00
  -1.9385268e+00
  -1.8892448e+00
  -1.8511706e+00
  -1.7477950e+00
  -1.5304310e+00
  -1.2891830e+00
  -9.6055477e-01
  -1.0752269e+00
  -1.4252696e+00
  -1.8169723e+00
  -2.0487523e+00
  -2.2580601e+00
  -2.4620085e+00
  -2.5517234e+00
  -2.5820023e+00
  -2.4578995e+00
  -2.4083896e+00
  -2.3489475e+00
  -2.2629548e+00
  -2.1745198e+00
  -2.0853116e+00
  -1.9907108e+00
  -1.9065843e+00
  -1.8104025e+00
  -1.6961816e+00
  -1.6209993e+00
  -1.5664697e+00
  -1.5223248e+00
  -1.4759760e+00
  -1.4315153e+00
  -1.4035106e+00
  -1.4110271e+00
  -1.4398115e+00
  -1.5007782e+00
  -1.5743746e+00
  -1.6470721e+00
  -1.7407965e+00
  -1.8236646e+00
  -1.9003751e+00
  -1.9755065e+00
  -2.0341608e+00
  -2.0832795e+00
  -2.1021808e+00
  -2.1103235e+00
  -2.1370274e+00
  -2.2253915e+00
  -2.3385480e+00
  -2.3124709e+00
  -2.2571675e+00
  -2.2352489e+00
  -2.1656118e+00
  -1.9964599e+00
  -1.7526729e+00
  -1.4456050e+00
  -1.2205089e+00
  -1.0770443e+00
  -8.6553161e-01
  -6.9802650e-01
  -7.3479644e-01
  -8.4487138e-01
  -9.9305006e-01
  -1.0970312e+00
  -1.1070693e+00
  -1.0853175e+00
  -1.0897590e+00
  -1.1119374e+00
  -1.1852207e+00
  -1.2923000e+00
  -1.4545464e+00
  -1.6830166e+00
  -1.8391621e+00
  -1.9462852e+00
  -1.9891364e+00
  -1.9752252e+00
  -1.9620767e+00
  -1.8982225e+00
  -1.7097405e+00
  -1.4412793e+00
  -1.0451802e+00
  -1.0045025e+00
  -1.2801672e+00
  -1.6411580e+00
  -1.8728599e+00
  -2.0903857e+00
  -2.2973853e+00
  -2.4046898e+00
  -2.4621870e+00
  -2.3580858e+00
  -2.3214375e+00
  -2.2691916e+00
  -2.1927309e+00
  -2.1139711e+00
  -2.0323254e+00
  -1.9508636e+00
  -1.8818285e+00
  -1.7972346e+00
  -1.6918269e+00
  -1.6213018e+00
  -1.5702525e+00
  -1.5369379e+00
  -1.4966346e+00
  -1.4476571e+00
  -1.4082607e+00
  -1.4066076e+00
  -1.4274424e+00
  -1.4714252e+00
  -1.5304514e+00
  -1.5909144e+00
  -1.6705207e+00
  -1.7454424e+00
  -1.8138659e+00
  -1.8799850e+00
  -1.9320286e+00
  -1.9763892e+00
  -1.9924555e+00
  -2.0021473e+00
  -2.0415612e+00
  -2.1552993e+00
  -2.2940202e+00
  -2.2475494e+00
  -2.1234095e+00
  -2.0843195e+00
  -2.0499866e+00
  -1.9258855e+00
  -1.6984614e+00
  -1.3253815e+00
  -1.0124131e+00
  -8.8170737e-01
  -7.1950818e-01
  -5.9558599e-01
  -6.3841868e-01
  -7.4066035e-01
  -9.1414906e-01
  -1.0225287e+00
  -1.0501927e+00
  -1.0293177e+00
  -1.0215488e+00
  -1.0319758e+00
  -1.0857193e+00
  -1.1785889e+00
  -1.3328239e+00
  -1.5709174e+00
  -1.7520248e+00
  -1.8951179e+00
  -1.9867424e+00
  -2.0054683e+00
  -2.0167533e+00
  -1.9869520e+00
  -1.8242658e+00
  -1.5378446e+00
  -1.0967557e+00
  -9.5232283e-01
  -1.1630090e+00
  -1.4927576e+00
  -1.7208968e+00
  -1.9397600e+00
  -2.1463864e+00
  -2.2630849e+00
  -2.3389743e+00
  -2.1520708e+00
  -2.1352485e+00
  -2.0912643e+00
  -2.0218278e+00
  -1.9524150e+00
  -1.8765790e+00
  -1.8037104e+00
  -1.7504750e+00
  -1.6833029e+00
  -1.5924520e+00
  -1.5312942e+00
  -1.4852562e+00
  -1.4658166e+00
  -1.4405147e+00
  -1.3921395e+00
  -1.3396845e+00
  -1.3291281e+00
  -1.3446798e+00
  -1.3724011e+00
  -1.4163092e+00
  -1.4657314e+00
  -1.5249826e+00
  -1.5911247e+00
  -1.6543176e+00
  -1.7150124e+00
  -1.7633622e+00
  -1.8092124e+00
  -1.8323955e+00
  -1.8411354e+00
  -1.8868500e+00
  -2.0208549e+00
  -2.1929743e+00
  -2.1275609e+00
  -1.8572177e+00
  -1.7134928e+00
  -1.7195165e+00
  -1.7433253e+00
  -1.6012252e+00
  -1.1104628e+00
  -6.2338503e-01
  -5.1623796e-01
  -4.3585945e-01
  -3.5951471e-01
  -4.0362073e-01
  -5.1876947e-01
  -7.1186487e-01
  -8.4422870e-01
  -9.0383344e-01
  -8.9416875e-01
  -8.7771333e-01
  -8.7991885e-01
  -9.0944937e-01
  -9.8021241e-01
  -1.1126497e+00
  -1.3455006e+00
  -1.5490830e+00
  -1.7352251e+00
  -1.8983651e+00
  -1.9745987e+00
  -2.0313952e+00
  -2.0574579e+00
  -1.9387611e+00
  -1.6329506e+00
  -1.1421884e+00
  -8.8280117e-01
  -9.8525170e-01
  -1.2549719e+00
  -1.4708493e+00
  -1.6813623e+00
  -1.8818654e+00
  -2.0033971e+00
  -2.1001698e+00
  -1.8490510e+00
  -1.8573242e+00
  -1.8270013e+00
  -1.7645370e+00
  -1.7012339e+00
  -1.6305986e+00
  -1.5604416e+00
  -1.5129664e+00
  -1.4581358e+00
  -1.3812330e+00
  -1.3293352e+00
  -1.2907870e+00
  -1.2718264e+00
  -1.2582726e+00
  -1.2211646e+00
  -1.1645595e+00
  -1.1424997e+00
  -1.1518483e+00
  -1.1704562e+00
  -1.2019153e+00
  -1.2462834e+00
  -1.2909336e+00
  -1.3408054e+00
  -1.3952264e+00
  -1.4596603e+00
  -1.5187951e+00
  -1.5862842e+00
  -1.6560422e+00
  -1.6951747e+00
  -1.7548879e+00
  -1.8848264e+00
  -2.0700392e+00
  -2.0019524e+00
  -1.5503285e+00
  -1.1959822e+00
  -1.1176697e+00
  -1.2894063e+00
  -1.4073993e+00
  -8.3517136e-01
  -1.3633391e-01
  -1.5055729e-02
  -3.9820669e-02
  -2.4310488e-02
  -8.4663046e-02
  -2.0747785e-01
  -4.0142763e-01
  -5.4993380e-01
  -6.4218783e-01
  -6.6535412e-01
  -6.5441902e-01
  -6.5625197e-01
  -6.7718882e-01
  -7.3183457e-01
  -8.4458209e-01
  -1.0557969e+00
  -1.2494195e+00
  -1.4357515e+00
  -1.6269799e+00
  -1.7393314e+00
  -1.8207286e+00
  -1.8731046e+00
  -1.7985065e+00
  -1.5145650e+00
  -1.0400893e+00
  -7.5389416e-01
  -7.7098348e-01
  -9.7674559e-01
  -1.1688839e+00
  -1.3652627e+00
  -1.5634941e+00
  -1.6769446e+00
  -1.7743390e+00
  -1.5816339e+00
  -1.6070124e+00
  -1.5904385e+00
  -1.5365403e+00
  -1.4789507e+00
  -1.4133752e+00
  -1.3455221e+00
  -1.3026819e+00
  -1.2567088e+00
  -1.1909523e+00
  -1.1454382e+00
  -1.1129467e+00
  -1.0947291e+00
  -1.0853941e+00
  -1.0551836e+00
  -1.0006481e+00
  -9.7152184e-01
  -9.7458623e-01
  -9.8805849e-01
  -1.0106040e+00
  -1.0493649e+00
  -1.0849659e+00
  -1.1223177e+00
  -1.1672833e+00
  -1.2299041e+00
  -1.2947746e+00
  -1.3773255e+00
  -1.4859301e+00
  -1.5672664e+00
  -1.6720191e+00
  -1.8491773e+00
  -2.0507732e+00
  -1.9661070e+00
  -1.3451349e+00
  -8.1746690e-01
  -6.6269860e-01
  -8.9653995e-01
  -1.0644707e+00
  -4.7882874e-01
   2.6194216e-01
   3.4059458e-01
   2.7327143e-01
   2.4468359e-01
   1.7608896e-01
   5.0141832e-02
  -1.3922771e-01
  -2.9116235e-01
  -4.0284047e-01
  -4.5612924e-01
  -4.5659088e-01
  -4.6146846e-01
  -4.8129014e-01
  -5.2731868e-01
  -6.2510832e-01
  -8.1804368e-01
  -1.0031127e+00
  -1.1840873e+00
  -1.3769879e+00
  -1.5010928e+00
  -1.5963691e+00
  -1.6657368e+00
  -1.6148418e+00
  -1.3500566e+00
  -9.0040831e-01
  -6.1498626e-01
  -5.8541354e-01
  -7.4591538e-01
  -9.1869147e-01
  -1.0960275e+00
  -1.2949801e+00
  -1.4114907e+00
  -1.5031896e+00
  -1.2763310e+00
  -1.3186642e+00
  -1.3186515e+00
  -1.2757649e+00
  -1.2248623e+00
  -1.1653035e+00
  -1.1000352e+00
  -1.0622579e+00
  -1.0253588e+00
  -9.7173408e-01
  -9.3259518e-01
  -9.0673578e-01
  -8.8953028e-01
  -8.8187260e-01
  -8.5798190e-01
  -8.0873551e-01
  -7.7311669e-01
  -7.6859292e-01
  -7.7768597e-01
  -7.9111342e-01
  -8.2288721e-01
  -8.5011534e-01
  -8.7411192e-01
  -9.0740756e-01
  -9.6534826e-01
  -1.0348365e+00
  -1.1325232e+00
  -1.2843260e+00
  -1.4216981e+00
  -1.5945567e+00
  -1.8515619e+00
  -2.0743267e+00
  -1.9634731e+00
  -1.1443791e+00
  -4.2524254e-01
  -1.8215111e-01
  -4.5195611e-01
  -5.8521638e-01
  -1.4113758e-02
   7.0053720e-01
   7.0239841e-01
   6.1213068e-01
   5.3809240e-01
   4.6319979e-01
   3.3553122e-01
   1.5411393e-01
   3.7872524e-03
  -1.2527374e-01
  -2.1353903e-01
  -2.3034304e-01
  -2.4041871e-01
  -2.6226950e-01
  -3.0132207e-01
  -3.8326929e-01
  -5.5575134e-01
  -7.3117552e-01
  -9.0321298e-01
  -1.0862223e+00
  -1.2134741e+00
  -1.3205978e+00
  -1.4061841e+00
  -1.3745836e+00
  -1.1315955e+00
  -7.1562908e-01
  -4.4356162e-01
  -3.7535189e-01
  -4.8989024e-01
  -6.4137159e-01
  -7.9361342e-01
  -9.9478105e-01
  -1.1199880e+00
  -1.2019967e+00
  -7.2835084e-01
  -7.7268506e-01
  -7.9483020e-01
  -7.7837199e-01
  -7.4571959e-01
  -7.0155934e-01
  -6.4222864e-01
  -6.1459765e-01
  -5.9572072e-01
  -5.6584751e-01
  -5.4496956e-01
  -5.3440210e-01
  -5.2687869e-01
  -5.2552374e-01
  -5.0773595e-01
  -4.6800756e-01
  -4.2928463e-01
  -4.1208419e-01
  -4.1301743e-01
  -4.1156147e-01
  -4.2470542e-01
  -4.4247337e-01
  -4.5398755e-01
  -4.7210353e-01
  -5.0983728e-01
  -5.6766703e-01
  -6.6399299e-01
  -8.4804288e-01
  -1.0560439e+00
  -1.3183422e+00
  -1.8039494e+00
  -2.2018964e+00
  -2.0295734e+00
  -9.9149818e-01
   1.1646247e-02
   5.8398148e-01
   4.2047834e-01
   7.9739050e-02
   2.6030481e-01
   9.3493339e-01
   1.0049707e+00
   9.1864602e-01
   8.3935200e-01
   8.1701574e-01
   7.5085718e-01
   6.2605688e-01
   4.9538475e-01
   3.8092002e-01
   2.6696388e-01
   2.1340374e-01
   1.8058617e-01
   1.3976086e-01
   9.0413761e-02
   1.7969155e-02
  -1.2294242e-01
  -2.7294835e-01
  -4.2498137e-01
  -5.7997499e-01
  -6.8213685e-01
  -7.7229766e-01
  -8.7483800e-01
  -9.4146835e-01
  -8.5333666e-01
  -5.2005360e-01
  -2.4734558e-01
  -1.0061474e-01
  -1.0391780e-01
  -2.0906697e-01
  -2.8357897e-01
  -4.0938291e-01
  -5.7705987e-01
  -6.8298767e-01
  -3.5226621e-01
  -3.8596557e-01
  -4.1097105e-01
  -4.0971170e-01
  -3.9176393e-01
  -3.6031732e-01
  -3.1371260e-01
  -2.9530625e-01
  -2.8769767e-01
  -2.7454075e-01
  -2.7119716e-01
  -2.7669678e-01
  -2.8306679e-01
  -2.9096449e-01
  -2.8022900e-01
  -2.4443172e-01
  -2.0817542e-01
  -1.8608759e-01
  -1.7933358e-01
  -1.6892468e-01
  -1.6683659e-01
  -1.7214671e-01
  -1.7668296e-01
  -1.9053291e-01
  -2.1703570e-01
  -2.6191411e-01
  -3.4563543e-01
  -5.1889118e-01
  -7.3980049e-01
  -1.0338669e+00
  -1.6633804e+00
  -1.8305040e+00
  -1.1453656e+00
  -3.8886753e-01
   5.6280814e-01
   1.1512886e+00
   1.1344459e+00
   5.1287368e-01
   5.2068054e-01
   1.0101632e+00
   8.8768361e-01
   7.7367650e-01
   6.6638120e-01
   7.1314539e-01
   7.6830554e-01
   7.7128583e-01
   6.9075048e-01
   6.1874914e-01
   5.4568667e-01
   4.9595490e-01
   4.5929791e-01
   4.1025955e-01
   3.5446274e-01
   2.8111114e-01
   1.5338679e-01
   2.0579591e-02
  -1.1639939e-01
  -2.5383955e-01
  -3.4026109e-01
  -4.1039736e-01
  -4.8077536e-01
  -5.3466407e-01
  -5.1590996e-01
  -3.2012138e-01
  -1.2768128e-01
  -1.5262996e-03
   2.0092089e-02
  -8.6247135e-02
  -1.4145799e-01
  -7.2785210e-02
  -1.7153927e-01
  -2.9838448e-01
   4.6126757e-02
   2.1563598e-02
  -1.2748277e-03
  -8.3444353e-03
  -3.1973901e-03
   1.5019079e-02
   4.5796317e-02
   5.2866196e-02
   4.7299827e-02
   4.2332463e-02
   2.6251509e-02
   2.7033491e-03
  -1.9864113e-02
  -3.7497738e-02
  -3.6781334e-02
  -9.7348761e-03
   2.2699014e-02
   4.6552254e-02
   6.3297102e-02
   8.3040534e-02
   9.8323720e-02
   1.0664119e-01
   1.0962825e-01
   1.0170624e-01
   8.6405278e-02
   5.4022415e-02
  -1.5060100e-02
  -1.6900112e-01
  -3.8761156e-01
  -6.9455332e-01
  -1.4133782e+00
  -1.4284621e+00
  -5.5252719e-01
  -2.7317272e-01
   3.7030961e-01
   9.8286077e-01
   1.1280017e+00
   5.9660591e-01
   5.8443428e-01
   1.0041736e+00
   7.9494542e-01
   5.9160912e-01
   4.3157327e-01
   4.8361111e-01
   6.2204195e-01
   7.7827848e-01
   7.8250868e-01
   7.7006743e-01
   7.6193249e-01
   7.3877399e-01
   7.1183884e-01
   6.6413357e-01
   6.0706725e-01
   5.3502161e-01
   4.2258974e-01
   3.1038458e-01
   1.9196198e-01
   7.4218792e-02
   3.8399911e-03
  -4.6284120e-02
  -8.6306456e-02
  -1.1380173e-01
  -1.2232150e-01
  -2.7707820e-02
   9.1707729e-02
   1.8870196e-01
   2.1021277e-01
   9.1791431e-02
  -3.2117133e-02
   1.6550774e-01
   2.0772790e-01
   1.1268745e-01
   4.6455963e-01
   4.4712945e-01
   4.3242814e-01
   4.2570664e-01
   4.2146090e-01
   4.2701706e-01
   4.3952388e-01
   4.3303324e-01
   4.1197747e-01
   3.8755894e-01
   3.5032525e-01
   3.0689598e-01
   2.6547486e-01
   2.3730900e-01
   2.2485013e-01
   2.3674515e-01
   2.6338404e-01
   2.8498902e-01
   3.1275643e-01
   3.4184707e-01
   3.6793387e-01
   3.9123510e-01
   4.0191081e-01
   4.0164131e-01
   3.9745259e-01
   3.7680120e-01
   3.2462531e-01
   1.9904695e-01
   9.9888676e-04
  -2.9477043e-01
  -1.0335491e+00
  -9.8162507e-01
  -2.2660602e-01
  -5.3293129e-01
  -4.8743071e-01
   8.8652842e-02
   4.1224193e-01
   3.2061618e-01
   4.1782682e-01
   8.6001933e-01
   7.4100410e-01
   4.0804883e-01
   1.6309417e-01
   1.4935218e-01
   3.1651964e-01
   6.3727289e-01
   7.6010698e-01
   8.2405336e-01
   9.0431167e-01
   9.3271132e-01
   9.3181715e-01
   8.9799142e-01
   8.4558382e-01
   7.7662326e-01
   6.8133410e-01
   5.9285049e-01
   4.9666675e-01
   4.0124900e-01
   3.4703214e-01
   3.1646943e-01
   3.0410126e-01
   3.1488144e-01
   3.2519035e-01
   3.6482704e-01
   4.2410080e-01
   4.8542657e-01
   4.8193123e-01
   3.4540540e-01
   5.5698066e-02
   2.9245232e-01
   5.4588014e-01
   5.4497164e-01
   9.5050204e-01
   9.3852075e-01
   9.3874434e-01
   9.4381755e-01
   9.4048570e-01
   9.4093400e-01
   9.3940816e-01
   9.1659096e-01
   8.7377540e-01
   8.2685467e-01
   7.6616566e-01
   7.0083573e-01
   6.3429390e-01
   5.9028960e-01
   5.6198844e-01
   5.4384430e-01
   5.5845731e-01
   5.7139674e-01
   5.9889425e-01
   6.3589765e-01
   6.7395404e-01
   7.1689613e-01
   7.3314856e-01
   7.4168055e-01
   7.5093099e-01
   7.4249647e-01
   7.1208881e-01
   6.1991804e-01
   4.6387342e-01
   2.1517501e-01
  -4.5464180e-01
  -3.1014618e-01
   6.6890178e-01
   6.2602876e-01
  -1.7619644e-01
  -3.0757086e-01
   2.3841354e-01
   1.7575845e-01
   5.4977306e-02
   2.0399955e-01
   7.8816092e-01
   5.4939338e-01
   1.4771127e-01
   3.7082173e-02
   1.1559598e-01
   4.8559422e-01
   7.2034601e-01
   8.6315787e-01
   1.0285564e+00
   1.1236802e+00
   1.1702530e+00
   1.1743621e+00
   1.1305063e+00
   1.0593730e+00
   9.8141487e-01
   9.1715153e-01
   8.4767209e-01
   7.8315458e-01
   7.4727517e-01
   7.3716205e-01
   7.5261612e-01
   7.8289332e-01
   8.1883835e-01
   8.5239071e-01
   8.8361750e-01
   9.2729825e-01
   9.1515001e-01
   8.1178919e-01
   3.0216666e-01
   4.1234560e-01
   8.5219359e-01
   1.0161928e+00
   1.2155792e+00
   1.2508781e+00
   1.2959414e+00
   1.3338894e+00
   1.3469079e+00
   1.3552773e+00
   1.3536417e+00
   1.3259828e+00
   1.2684150e+00
   1.2048196e+00
   1.1302532e+00
   1.0461158e+00
   9.5565830e-01
   8.9105591e-01
   8.5122721e-01
   8.0522743e-01
   8.0465949e-01
   8.0494185e-01
   8.1816427e-01
   8.4826942e-01
   8.8421779e-01
   9.4797482e-01
   9.7362655e-01
   9.8954008e-01
   1.0121595e+00
   1.0134763e+00
   1.0003356e+00
   9.4425686e-01
   8.2896625e-01
   6.1834560e-01
  -6.8063874e-02
  -3.3120467e-02
   6.9526184e-01
   1.3623576e+00
   1.0574821e+00
   6.9740407e-01
   5.3273188e-01
   2.6592413e-01
   7.5862236e-02
   1.5188964e-01
   4.4488716e-01
   4.0818461e-01
   1.2349965e-01
   6.3815062e-03
   3.1062196e-02
   3.5239963e-01
   6.4619389e-01
   8.5894898e-01
   1.0894766e+00
   1.2338580e+00
   1.3290641e+00
   1.3709974e+00
   1.3520020e+00
   1.2988295e+00
   1.2202173e+00
   1.1712751e+00
   1.1201860e+00
   1.0742519e+00
   1.0556066e+00
   1.0620575e+00
   1.1037154e+00
   1.1443999e+00
   1.1902434e+00
   1.2376955e+00
   1.2675271e+00
   1.3038454e+00
   1.3344833e+00
   1.3019465e+00
   5.6996046e-01
   1.2281612e-01
   6.9489419e-01
   1.1606275e+00
   1.3983830e+00
   1.4587709e+00
   1.5304609e+00
   1.6021908e+00
   1.6294901e+00
   1.6528002e+00
   1.6563437e+00
   1.6301774e+00
   1.5714084e+00
   1.4894154e+00
   1.4091578e+00
   1.3128490e+00
   1.2038637e+00
   1.1193184e+00
   1.0619756e+00
   1.0003371e+00
   9.8149667e-01
   9.6709202e-01
   9.6649292e-01
   9.8463329e-01
   1.0131060e+00
   1.0776305e+00
   1.1181490e+00
   1.1462269e+00
   1.1743432e+00
   1.1849159e+00
   1.1905185e+00
   1.1734818e+00
   1.1108661e+00
   9.5031012e-01
   4.6040047e-01
   3.4507719e-01
   7.8997678e-01
   1.2839647e+00
   1.4544183e+00
   1.0602707e+00
   7.1524729e-01
   4.7971433e-01
   1.3588866e-01
  -4.2788151e-02
   2.1888513e-01
   1.9577606e-01
   3.5587347e-02
  -4.4914486e-02
  -2.8419137e-02
   2.2445377e-01
   5.2744361e-01
   7.8439827e-01
   1.0615442e+00
   1.2468530e+00
   1.3770556e+00
   1.4663939e+00
   1.4708187e+00
   1.4430809e+00
   1.3790584e+00
   1.3371190e+00
   1.2996295e+00
   1.2607592e+00
   1.2563815e+00
   1.2747205e+00
   1.3383391e+00
   1.3881855e+00
   1.4443548e+00
   1.5000802e+00
   1.5407928e+00
   1.5713892e+00
   1.6463857e+00
   1.6931758e+00
   1.0788090e+00
   2.2148327e-01
   6.4042958e-01
   1.2221914e+00
   1.4902789e+00
   1.5717293e+00
   1.6665579e+00
   1.7573794e+00
   1.8044999e+00
   1.8426814e+00
   1.8630839e+00
   1.8410555e+00
   1.7875169e+00
   1.6947728e+00
   1.6072622e+00
   1.5056655e+00
   1.3848030e+00
   1.2864939e+00
   1.2059936e+00
   1.1231285e+00
   1.0843669e+00
   1.0501883e+00
   1.0337974e+00
   1.0437829e+00
   1.0692927e+00
   1.1210031e+00
   1.1726265e+00
   1.2103939e+00
   1.2522108e+00
   1.2680838e+00
   1.2930229e+00
   1.3125086e+00
   1.3068482e+00
   1.2226571e+00
   9.6578429e-01
   8.1398480e-01
   1.0116955e+00
   1.2556446e+00
   1.5394481e+00
   1.1015401e+00
   7.4009354e-01
   5.7925797e-01
   8.3185132e-02
  -1.6025607e-01
  -5.1846617e-02
  -6.9181002e-02
  -1.3027883e-01
  -1.4701605e-01
  -1.1033092e-01
   9.4597267e-02
   3.7062135e-01
   6.3783934e-01
   9.4562091e-01
   1.1534017e+00
   1.3132272e+00
   1.4341781e+00
   1.4762035e+00
   1.4730690e+00
   1.4430090e+00
   1.4050050e+00
   1.3799333e+00
   1.3461475e+00
   1.3543804e+00
   1.3772823e+00
   1.4533342e+00
   1.5143069e+00
   1.5823991e+00
   1.6441793e+00
   1.6976785e+00
   1.7223246e+00
   1.8435047e+00
   1.9473246e+00
   1.5185699e+00
   4.8058268e-01
   6.6152221e-01
   1.2325451e+00
   1.4286411e+00
   1.5416266e+00
   1.6517161e+00
   1.7605396e+00
   1.8253204e+00
   1.8848705e+00
   1.9248602e+00
   1.9184670e+00
   1.8728147e+00
   1.7851471e+00
   1.6902983e+00
   1.5900894e+00
   1.4627346e+00
   1.3589214e+00
   1.2545140e+00
   1.1473070e+00
   1.0869369e+00
   1.0317200e+00
   9.9506770e-01
   1.0021576e+00
   1.0259654e+00
   1.0680534e+00
   1.1179966e+00
   1.1647692e+00
   1.2200190e+00
   1.2483390e+00
   1.2882407e+00
   1.3428696e+00
   1.3859775e+00
   1.3888010e+00
   1.3215161e+00
   1.2348729e+00
   1.3007772e+00
   1.4001857e+00
   1.5503123e+00
   1.2328577e+00
   8.9977618e-01
   6.8850227e-01
   2.2077559e-01
  -3.3964118e-02
  -1.7470944e-01
  -2.4447420e-01
  -3.0897649e-01
  -2.9132341e-01
  -2.3690525e-01
  -5.6535730e-02
   1.7222576e-01
   4.2481428e-01
   7.3322901e-01
   9.5030174e-01
   1.1163811e+00
   1.2563412e+00
   1.3319556e+00
   1.3607263e+00
   1.3644325e+00
   1.3417068e+00
   1.3239353e+00
   1.3053498e+00
   1.3181380e+00
   1.3424730e+00
   1.4130227e+00
   1.4838516e+00
   1.5620260e+00
   1.6307942e+00
   1.6940205e+00
   1.7139506e+00
   1.8776162e+00
   2.0012045e+00
   1.6846865e+00
   6.9526202e-01
   6.5465401e-01
   1.1359711e+00
   1.2415509e+00
   1.3750365e+00
   1.4871003e+00
   1.6065231e+00
   1.6847155e+00
   1.7639772e+00
   1.8230179e+00
   1.8344532e+00
   1.8010502e+00
   1.7276204e+00
   1.6401707e+00
   1.5420837e+00
   1.4169679e+00
   1.3104993e+00
   1.1949782e+00
   1.0681147e+00
   9.8928372e-01
   9.1076150e-01
   8.5417814e-01
   8.5699979e-01
   8.7855975e-01
   9.2158754e-01
   9.6018851e-01
   1.0107420e+00
   1.0726135e+00
   1.1246101e+00
   1.1760669e+00
   1.2642568e+00
   1.3440078e+00
   1.4201964e+00
   1.4729850e+00
   1.4719953e+00
   1.5175542e+00
   1.5642339e+00
   1.6054514e+00
   1.4953798e+00
   1.2155357e+00
   9.1832963e-01
   5.9190350e-01
   2.3570260e-01
  -6.5662323e-02
  -2.6156638e-01
  -4.1514497e-01
  -4.3232295e-01
  -3.9310015e-01
  -2.4756441e-01
  -6.8132317e-02
   1.4960622e-01
   4.3412855e-01
   6.4811074e-01
   8.0268170e-01
   9.4720843e-01
   1.0365244e+00
   1.0968552e+00
   1.1255833e+00
   1.1295900e+00
   1.1191744e+00
   1.1216920e+00
   1.1319720e+00
   1.1598085e+00
   1.2143030e+00
   1.2861712e+00
   1.3634568e+00
   1.4411730e+00
   1.5065215e+00
   1.5355950e+00
   1.7206342e+00
   1.8061611e+00
   1.5264859e+00
   7.6729177e-01
   6.2166210e-01
   9.7233980e-01
   9.4161515e-01
   1.0760141e+00
   1.1949561e+00
   1.3105166e+00
   1.4052364e+00
   1.4937802e+00
   1.5769425e+00
   1.5991835e+00
   1.5797876e+00
   1.5244699e+00
   1.4605474e+00
   1.3704490e+00
   1.2523044e+00
   1.1465050e+00
   1.0334427e+00
   9.0216701e-01
   8.1024818e-01
   7.1081748e-01
   6.3984042e-01
   6.3422970e-01
   6.5630229e-01
   6.9921313e-01
   7.3055868e-01
   7.7200988e-01
   8.4096779e-01
   9.1055557e-01
   9.7536936e-01
   1.0871494e+00
   1.2022755e+00
   1.3258850e+00
   1.4413553e+00
   1.5045672e+00
   1.5663337e+00
   1.6263392e+00
   1.6342953e+00
   1.5635392e+00
   1.3460497e+00
   1.0842037e+00
   7.9516748e-01
   3.8366405e-01
   3.7568762e-02
  -2.4037795e-01
  -4.6172804e-01
  -5.4244789e-01
  -5.4837798e-01
  -4.5921954e-01
  -3.3201549e-01
  -1.7062493e-01
   7.3397178e-02
   2.6852867e-01
   4.2005524e-01
   5.5203386e-01
   6.3955542e-01
   7.0731540e-01
   7.5777127e-01
   7.8062225e-01
   7.8641584e-01
   7.9956245e-01
   8.1219386e-01
   8.4265726e-01
   8.9181775e-01
   9.5651870e-01
   1.0203278e+00
   1.1013247e+00
   1.1604466e+00
   1.2131850e+00
   1.3791460e+00
   1.3828958e+00
   1.1036653e+00
   5.9931974e-01
   4.8902029e-01
   7.1700999e-01
   4.5111930e-01
   6.0182765e-01
   7.4278979e-01
   8.7996832e-01
   9.9064927e-01
   1.0956475e+00
   1.1979239e+00
   1.2392548e+00
   1.2387645e+00
   1.2121647e+00
   1.1722936e+00
   1.1041768e+00
   9.9651962e-01
   8.9659026e-01
   7.8621295e-01
   6.6409555e-01
   5.6732850e-01
   4.6566455e-01
   3.8670781e-01
   3.7641849e-01
   3.9373556e-01
   4.2666844e-01
   4.5844351e-01
   4.9734629e-01
   5.7208999e-01
   6.4692556e-01
   7.2154362e-01
   8.4753354e-01
   9.9140993e-01
   1.1333014e+00
   1.2740807e+00
   1.3685904e+00
   1.4500963e+00
   1.5166889e+00
   1.5214967e+00
   1.4655725e+00
   1.2855892e+00
   1.0589260e+00
   7.9094854e-01
   3.9579820e-01
   4.6586767e-02
  -2.5089376e-01
  -5.0636633e-01
  -6.3399149e-01
  -6.8774766e-01
  -6.5565964e-01
  -5.8485078e-01
  -4.8387473e-01
  -3.0531215e-01
  -1.3980702e-01
   2.1312530e-03
   1.2802419e-01
   2.0799705e-01
   2.6780799e-01
   3.2115247e-01
   3.5410773e-01
   3.7561109e-01
   3.9377231e-01
   4.1268217e-01
   4.4236816e-01
   4.9574477e-01
   5.5450402e-01
   6.0666731e-01
   6.7573216e-01
   7.3269371e-01
   8.0000497e-01
   9.1409688e-01
   8.6174796e-01
   5.6830540e-01
   1.7530428e-01
   1.0086527e-01
   2.4329436e-01
   2.0269594e-02
   1.5854996e-01
   2.9598885e-01
   4.3514592e-01
   5.4239627e-01
   6.4910271e-01
   7.5737774e-01
   8.1966496e-01
   8.4856044e-01
   8.4865963e-01
   8.2863274e-01
   7.7976540e-01
   6.9396777e-01
   6.0439611e-01
   5.0076720e-01
   3.8431086e-01
   2.9671469e-01
   2.0585948e-01
   1.3376710e-01
   1.2546899e-01
   1.3227259e-01
   1.4619874e-01
   1.7966047e-01
   2.2682445e-01
   3.0310863e-01
   3.8286784e-01
   4.6901425e-01
   6.0741922e-01
   7.5411365e-01
   8.8881801e-01
   1.0283761e+00
   1.1345326e+00
   1.2209550e+00
   1.2811136e+00
   1.2793917e+00
   1.2204339e+00
   1.0688247e+00
   8.7831289e-01
   6.3850650e-01
   2.9146273e-01
  -1.4839673e-02
  -2.9432683e-01
  -5.5637355e-01
  -7.0557074e-01
  -7.9564587e-01
  -8.2364595e-01
  -7.9866265e-01
  -7.4674205e-01
  -6.3357557e-01
  -5.1288003e-01
  -3.9857668e-01
  -2.8255388e-01
  -2.0478058e-01
  -1.4988175e-01
  -1.0587089e-01
  -7.1974663e-02
  -4.3886390e-02
  -1.8950380e-02
   6.4494682e-03
   3.7810548e-02
   8.8058889e-02
   1.3979773e-01
   1.8599759e-01
   2.4174468e-01
   3.0239883e-01
   3.7065666e-01
   4.2541096e-01
   3.5964900e-01
   1.6605963e-01
  -8.0260872e-02
  -1.5967730e-01
  -1.1665718e-01
  -2.2347916e-01
  -1.2907301e-01
  -2.8886143e-02
   7.7809501e-02
   1.5712974e-01
   2.3393422e-01
   3.3394665e-01
   4.1296143e-01
   4.6447637e-01
   4.8845085e-01
   4.8390665e-01
   4.4881539e-01
   3.7749611e-01
   3.0293838e-01
   2.1559060e-01
   1.1454541e-01
   4.0553496e-02
  -3.2529550e-02
  -8.8556314e-02
  -1.0159548e-01
  -1.0855169e-01
  -9.5808799e-02
  -5.4788005e-02
  -5.9009359e-03
   6.5618443e-02
   1.4628577e-01
   2.4124564e-01
   3.8214546e-01
   5.1521458e-01
   6.3321103e-01
   7.5491688e-01
   8.4998605e-01
   9.2640815e-01
   9.6655408e-01
   9.4584526e-01
   8.7953239e-01
   7.4498858e-01
   5.8047374e-01
   3.7398500e-01
   9.9893290e-02
  -1.3404306e-01
  -3.6764933e-01
  -6.0722450e-01
  -7.5173431e-01
  -8.6187164e-01
  -9.3907558e-01
  -9.5221777e-01
  -9.3485143e-01
  -8.7422793e-01
  -7.9939326e-01
  -7.2208500e-01
  -6.3964113e-01
  -5.7632210e-01
  -5.2201207e-01
  -4.7849164e-01
  -4.5357753e-01
  -4.3125308e-01
  -3.9835675e-01
  -3.5889110e-01
  -3.1625602e-01
  -2.7666272e-01
  -2.4019229e-01
  -1.9687892e-01
  -1.4683216e-01
  -9.8404251e-02
  -4.7783806e-02
  -3.8352202e-02
  -9.2531734e-02
  -1.5859609e-01
  -2.2508343e-01
  -2.7054097e-01
  -2.8331751e-01
  -4.3908452e-01
  -3.7178719e-01
  -3.0293849e-01
  -2.2263669e-01
  -1.6962454e-01
  -1.2369845e-01
  -4.6454563e-02
   3.4926066e-02
   1.0530446e-01
   1.5392337e-01
   1.6401786e-01
   1.5074480e-01
   1.0842355e-01
   5.3978122e-02
  -1.2783616e-02
  -9.6224721e-02
  -1.5342991e-01
  -1.9513973e-01
  -2.3589915e-01
  -2.7195297e-01
  -2.9319362e-01
  -2.6655294e-01
  -2.1513668e-01
  -1.6158636e-01
  -9.2543967e-02
  -2.0996254e-02
   6.4010387e-02
   1.8045561e-01
   2.8163427e-01
   3.7223282e-01
   4.6177685e-01
   5.2845721e-01
   5.8316166e-01
   6.0611270e-01
   5.7571124e-01
   5.0589617e-01
   3.8012825e-01
   2.4359192e-01
   8.8013057e-02
  -1.0502672e-01
  -2.6696048e-01
  -4.3598076e-01
  -6.3247935e-01
  -7.6542769e-01
  -8.7029630e-01
  -9.6165132e-01
  -1.0033125e+00
  -1.0165677e+00
  -9.9839382e-01
  -9.6216136e-01
  -9.1857479e-01
  -8.7308563e-01
  -8.3698548e-01
  -7.9696640e-01
  -7.5606370e-01
  -7.3319387e-01
  -7.1620373e-01
  -6.8926091e-01
  -6.4706921e-01
  -5.9687870e-01
  -5.5305129e-01
  -5.2020517e-01
  -4.8684806e-01
  -4.6222737e-01
  -4.4162208e-01
  -4.1845931e-01
  -4.4010676e-01
  -4.9049450e-01
  -4.9927337e-01
  -4.7024900e-01
  -4.7487963e-01
  -4.8375500e-01
  -5.7717189e-01
  -5.3384125e-01
  -4.7933618e-01
  -4.2049911e-01
  -3.8090165e-01
  -3.4152174e-01
  -2.7854809e-01
  -2.1127160e-01
  -1.4509083e-01
  -9.1785312e-02
  -7.0808314e-02
  -6.1193734e-02
  -6.3087900e-02
  -8.4187066e-02
  -1.2703464e-01
  -1.9412100e-01
  -2.3758255e-01
  -2.6508080e-01
  -2.8973252e-01
  -3.1069111e-01
  -3.2515015e-01
  -3.1642149e-01
  -2.8668855e-01
  -2.4140545e-01
  -1.7106090e-01
  -1.0660629e-01
  -4.1884790e-02
   3.3987933e-02
   9.4299288e-02
   1.5104671e-01
   2.1133554e-01
   2.5438381e-01
   2.8636480e-01
   2.9986249e-01
   2.8037822e-01
   2.2811474e-01
   1.2114907e-01
   8.2144247e-03
  -1.1032071e-01
  -2.4779546e-01
  -3.5911591e-01
  -4.7372649e-01
  -6.1701287e-01
  -7.2484002e-01
  -8.0905601e-01
  -8.7939149e-01
  -9.2156329e-01
  -9.5090452e-01
  -9.5964310e-01
  -9.4831581e-01
  -9.3178962e-01
  -9.1514241e-01
  -9.0032263e-01
  -8.7867162e-01
  -8.4743786e-01
  -8.2582763e-01
  -8.0900871e-01
  -7.8680003e-01
  -7.6106494e-01
  -7.2721987e-01
  -6.7627079e-01
  -6.3834820e-01
  -6.1803231e-01
  -6.1124219e-01
  -6.0589621e-01
  -6.1333531e-01
  -6.6415184e-01
  -7.1029674e-01
  -7.0985254e-01
  -6.5637799e-01
  -6.1913632e-01
  -6.0222049e-01
  -5.7057024e-01
  -5.3801916e-01
  -5.0412237e-01
  -4.6541329e-01
  -4.3587074e-01
  -4.0376174e-01
  -3.5496811e-01
  -3.0971163e-01
  -2.6979265e-01
  -2.3506547e-01
  -2.1345903e-01
  -1.9419184e-01
  -1.7526187e-01
  -1.6981916e-01
  -1.7977047e-01
  -2.0948620e-01
  -2.3696944e-01
  -2.5774765e-01
  -2.6705491e-01
  -2.6425892e-01
  -2.5658497e-01
  -2.3989339e-01
  -2.1716823e-01
  -1.8580439e-01
  -1.3996777e-01
  -1.0176268e-01
  -6.7615632e-02
  -3.2949870e-02
  -5.2866005e-03
   2.4224189e-02
   5.9708971e-02
   8.1025679e-02
   9.0866948e-02
   8.7562829e-02
   7.2283299e-02
   4.0199478e-02
  -2.9042990e-02
  -1.0845769e-01
  -1.9382448e-01
  -2.8871188e-01
  -3.6137373e-01
  -4.3370244e-01
  -5.2041677e-01
  -5.8542926e-01
  -6.3734347e-01
  -6.7977154e-01
  -7.0554220e-01
  -7.2868289e-01
  -7.4995790e-01
  -7.5812007e-01
  -7.5780664e-01
  -7.5019021e-01
  -7.4269311e-01
  -7.3533381e-01
  -7.2647113e-01
  -7.1993278e-01
  -7.1467721e-01
  -7.0634406e-01
  -6.9300103e-01
  -6.7252973e-01
  -6.4338647e-01
  -6.2262814e-01
  -6.0707021e-01
  -5.9906236e-01
  -6.1089822e-01
  -6.4844029e-01
  -7.2137488e-01
  -7.7169145e-01
  -7.8087250e-01
  -7.3080143e-01
  -6.6938357e-01
  -6.1637352e-01
  -4.4957680e-01
  -4.1111187e-01
  -3.7531433e-01
  -3.3680683e-01
  -3.0704670e-01
  -2.7788769e-01
  -2.4386667e-01
  -2.1668407e-01
  -1.9112426e-01
  -1.6280210e-01
  -1.4157310e-01
  -1.2196923e-01
  -1.0025070e-01
  -8.4239093e-02
  -7.1748845e-02
  -6.2008363e-02
  -5.8144636e-02
  -5.7273552e-02
  -5.6059686e-02
  -5.2990234e-02
  -4.5215417e-02
  -2.8297075e-02
  -1.0458990e-02
   8.5507819e-03
   2.9180429e-02
   4.2518295e-02
   5.2125202e-02
   5.9647112e-02
   6.3843376e-02
   6.6384515e-02
   6.6643970e-02
   6.3919479e-02
   5.7728616e-02
   4.4255484e-02
   2.6667563e-02
   3.2612035e-03
  -3.2946780e-02
  -6.8607162e-02
  -1.0723742e-01
  -1.5497027e-01
  -1.9367111e-01
  -2.3064430e-01
  -2.7162548e-01
  -3.0212862e-01
  -3.2930601e-01
  -3.5624595e-01
  -3.7355016e-01
  -3.8729440e-01
  -3.9892673e-01
  -4.0455442e-01
  -4.0755893e-01
  -4.0895820e-01
  -4.0954422e-01
  -4.1061765e-01
  -4.1266559e-01
  -4.1479165e-01
  -4.1688292e-01
  -4.1839209e-01
  -4.1861534e-01
  -4.1800696e-01
  -4.1498633e-01
  -4.1077340e-01
  -4.0697019e-01
  -4.0789611e-01
  -4.1818399e-01
  -4.3850062e-01
  -4.7403313e-01
  -5.0576337e-01
  -5.3023773e-01
  -5.3729557e-01
  -5.2224969e-01
  -4.9369513e-01
