  3.606347e-01
  3.563051e-01
  3.421671e-01
  3.415171e-01
  3.374206e-01
  3.303195e-01
  3.296166e-01
  3.271383e-01
  3.227491e-01
  3.166810e-01
  3.108663e-01
  2.979219e-01
  2.857217e-01
  2.735066e-01
  2.615276e-01
  2.500257e-01
  2.364897e-01
  2.291801e-01
  2.230557e-01
  2.173773e-01
  2.100283e-01
  2.074431e-01
  2.053918e-01
  2.038861e-01
  2.067911e-01
  2.096993e-01
  2.188912e-01
  2.250555e-01
  2.301458e-01
  2.377711e-01
  2.356718e-01
  2.333650e-01
  2.205250e-01
  2.148364e-01
  2.065335e-01
  2.033269e-01
  2.035878e-01
  2.077487e-01
  2.130286e-01
  2.168212e-01
  2.269781e-01
  2.269324e-01
  2.268908e-01
  2.197422e-01
  2.171204e-01
  2.140419e-01
  2.130924e-01
  2.137699e-01
  2.147759e-01
  2.199623e-01
  2.231231e-01
  2.264663e-01
  2.318812e-01
  2.369176e-01
  2.424245e-01
  2.490639e-01
  2.627219e-01
  2.770692e-01
  2.948230e-01
  3.146231e-01
  3.331843e-01
  3.456402e-01
  3.584876e-01
  3.695419e-01
  3.820357e-01
  3.937928e-01
  4.023075e-01
  4.063696e-01
  4.052407e-01
  4.160912e-01
  4.389545e-01
  4.567879e-01
