   2   2   2   2   2   2   2   2   2   2   2   2   2   2   2   2   2   2   2   2   2   2   2   2   2   2   2   2   2   2   2   2   2   2   2   2   2   2   2   2   2   2   2   2   2   2   2   2   2   2   2   2   2   2   2   2   2   2   2   2   2   2   2   2   2   2   2   2   2   2   2   2
   3   3   3   3   3   3   3   3   3   3   3   3   3   3   3   3   3   3   3   3   3   3   3   3   3   3   3   3   3   3   3   3   3   3   3   3   3   3   3   3   3   3   3   3   3   3   3   3   3   3   3   3   3   3   3   3   3   3   3   3   3   3   3   3   3   3   3   3   3   3   3   3
   3   3   3   3   3   3   3   3   3   3   3   3   3   3   3   3   3   3   3   3   3   3   3   3   3   3   3   3   3   3   3   3   3   3   3   3   3   3   3   3   3   3   3   3   3   3   3   3   3   3   3   3   3   3   3   3   3   3   3   3   3   3   3   3   3   3   3   3   3   3   3   3
   3   3   3   3   3   3   3   3   3   3   3   3   3   3   3   3   3   3   3   3   3   3   3   3   3   3   3   3   3   3   3   3   3   3   3   3   3   4   4   4   4   3   3   4   4   3   3   3   3   3   3   3   3   3   3   3   3   3   3   3   3   3   3   3   3   3   3   3   3   3   3   3
   3   3   3   3   3   3   3   3   3   3   3   3   3   3   3   3   3   3   3   3   3   3   3   3   3   3   3   3   3   3   3   3   3   4   6   7   7   8   9   9   4  90  90   4   5   5   3   3   3   3   3   3   3   3   3   3   3   3   3   3   3   3   3   3   3   3   3   3   3   3   3   3
   3   3   3   3   3   3   3   3   3   3   3   3   3   3   3   3   3   3   3   3   3   3   3   3   3   3   3   3   3   3   3   3   3   5  10  13  13  13  14   9  90  90  90  90  90   3   3   3   3   3   3   3   3   3   3   3   3   3   3   3   3   3   3   3   3   3   3   3   3   3   3   3
   3   3   3   3   3   3   3   3   3   3   3   3   3   3   3   3   3   3   3   3   3   3   3   3   3   3   3   3   3   3   3   3   3   4  10  14  14  15  15   9  90  90  90  90  90  90   3   3   3   3   3   3   3   3   3   3   3   3   3   3   3   3   3   3   3   3   3   3   3   3   3   3
   3   3   3   3   3   3   3   3   3   3   3   3   3   3   3   3   3   3   3   3   3   3   3   3   3   3   3   3   3   3   3   3   3   3   7  13  14  15  15  90  90  90  90  90  90  90  90   3   3   3   3   3   3   3   3   3   3   3   3   3   3   3   3   3   3   3   3   3   3   3   3   3
   3   3   3   3   3   3   3   3   3   3   3   3   3   3   3   3   3   3   3   3   3   3   3   3   3   3   3   3   3   3   3   3   3   3   6  12  14  15  15  90  90  90  90  90  90  90  90  90   4   3   3   3   3   3   4   4   4   4   3   3   3   3   3   3   3   3   3   3   3   3   3   3
   3   3   3   3   3   3   3   3   3   3   3   3   3   3   3   3   3   3   3   3   3   3   3   3   3   3   3   3   3   3   3   3   3   3   6  11  14  15  15  90  90  90  90  90  90  90  90  90   4   3   3   3   3   5   5   5   5   5   3   3   3   3   3   3   3   3   3   3   3   3   3   3
   3   3   3   3   3   3   3   3   3   3   3   3   3   3   3   3   3   3   3   3   3   3   3   3   3   3   3   3   3   3   3   3   3   3   7  11  14  15  15  90  90  90  90  90  90  90  90  90   4   3   3   4   4   4  90  90  90   5   3   3   3   3   3   3   3   3   3   3   3   3   3   3
   3   3   3   3   3   3   3   3   3   3   3   3   3   3   3   3   3   3   3   3   3   3   3   3   3   3   3   3   3   3   3   3   3   4   8  13  14  15  15  90  90  90  90  90  90  90  90  90   4   4   4   7  90  90  90  90   5   5   3   3   3   3   3   3   3   3   3   3   3   3   3   3
   3   3   3   3   3   3   3   3   3   3   3   3   3   3   3   3   3   3   3   3   3   3   3   3   3   3   3   3   3   3   3   3   3   6  11  13  14  15  15  90  90  90  90  90  90  90  90  90   4   6   7  10  90  90   6   6   6   4   3   3   3   3   3   3   3   3   3   3   3   3   3   3
   3   3   3   3   3   3   3   3   3   3   3   3   3   3   3   3   3   3   3   3   3   3   3   3   3   3   3   3   3   4   4   4   5   9  13  14  14  14  90  90   1   1  90  90  90  90  90  90   4   8   9  10   6   6  10  10   6   3   3   3   3   3   3   3   3   3   3   3   3   3   3   3
   3   3   3   3   3   3   3   3   3   3   3   3   3   3   3   3   3   3   3   3   3   3   3   3   3   3   3   3   3   6   6   6   7  12  14  14  13  13  90   1   1  15  15  90  90  90  90  90   4   8   7   7   6   6   7   7   4   3   3   3   3   3   3   3   3   3   3   3   3   3   3   3
   3   3   3   3   3   3   3   3   3   3   3   3   3   3   3   3   3   3   3   3   3   3   3   3   3   3   3   3   3   8   9   9   9  14  15  14  13  13  90  15  15  15  15  90  90  90  90  90   4   6   4   4   4   4   4   4   3   3   3   3   3   3   3   3   3   3   3   3   3   3   3   3
   3   3   3   3   3   3   3   3   3   3   3   3   3   3   3   3   3   3   3   3   3   3   3   3   3   3   3   3   4  10  13  12  12  15  15  15  14  14  14  14  14  90  90  90  90  90  90  90   4   4   3   3   3   3   3   3   3   3   3   3   3   3   3   3   3   3   3   3   3   3   3   3
   3   3   3   3   3   3   3   3   3   3   3   3   3   3   3   3   3   3   3   3   3   3   3   3   3   3   3   3   4  10  14  13  12  90  15  15  14  14  14  14  14  90  90  90  90  90  90  90   4   4   3   3   3   3   3   3   3   3   3   3   3   3   3   3   3   3   3   3   3   3   3   3
   3   3   3   3   3   3   3   3   3   3   3   3   3   3   3   3   3   3   3   3   3   3   3   3   3   3   3   3   4  10  14  13  90  90  15  15  14  14  14  14  15  15  90  90  90  90  90  90   4   5   3   3   3   3   3   3   3   3   3   3   3   3   3   3   3   3   3   3   3   3   3   3
   3   3   3   3   3   3   3   3   3   3   3   3   3   3   3   3   3   3   3   3   3   3   3   3   3   3   3   3   4  10  14  90  90  90  15  15  90  90  14  14  15  15  15  90  90  90  90  90   4   5   3   3   3   3   3   3   3   3   3   3   3   3   3   3   3   3   3   3   3   3   3   3
   3   3   3   3   3   3   3   3   3   3   3   3   3   3   3   3   3   3   3   3   3   3   3   3   3   3   3   3   5  10  90  90  90  90  90  90  90  90  14  14  15  15  15  90  90  90  90  90   4   5   3   3   3   3   3   3   3   3   3   3   3   3   3   3   3   3   3   3   3   3   3   3
   3   3   3   3   3   3   3   3   3   3   3   3   3   3   3   3   3   3   3   3   3   3   3   3   3   3   3   3   6   7  90  90  90  90  90  90  90  90  15  15  15  15  15  90  90  90  90  90  90   4   4   3   3   3   3   3   3   3   3   3   3   3   3   3   3   3   3   3   3   3   3   3
   3   3   3   3   3   3   3   3   3   3   3   3   3   3   3   3   3   3   3   3   3   3   3   3   3   3   3   3   7   7  90  90  90  90  90  90  90  90  15  15  15  15  15  90  90  90  90  90  90   4   4   3   3   3   3   3   3   3   3   3   3   3   3   3   3   3   3   3   3   3   3   3
   3   3   3   3   3   3   3   3   3   3   3   3   3   3   3   3   3   3   3   3   3   3   3   3   3   3   3   4   9   9  90  90  90  90  90  90  90  90  90  90  90  15  15  15  90  90  90  90  90   4   4   4   3   3   3   3   3   3   3   3   3   3   3   3   3   3   3   3   3   3   3   3
   3   3   3   3   3   3   3   3   3   3   3   3   3   3   3   3   3   3   3   3   3   3   3   3   3   3   3   4  10  10  90  90  90  90  90  90  90  90  90  90  90  15  15  15  90  90  90  90  90  90   4   5   5   4   3   3   3   3   3   3   3   3   3   3   3   3   3   3   3   3   3   3
   3   3   3   3   3   3   3   3   3   3   3   3   3   3   3   3   3   3   3   3   3   3   3   3   3   3   3   5  12  12  90  90  90  90  90  90  90  90  90  90  90  15  15  15  90  90  90  90  90  90  90   4   4   4   3   3   3   3   3   3   3   3   3   3   3   3   3   3   3   3   3   3
   3   3   3   3   3   3   3   3   3   3   3   3   3   3   3   3   3   3   3   3   3   3   3   3   3   3   3   8  13  13  90  90  90  90  90  90  90  90  90  90  90  15  15  15   1   1  90  90  90  90  90  90  90   6   6   6   4   3   3   3   3   3   3   3   3   3   3   3   3   3   3   3
   3   3   3   3   3   3   3   3   3   3   3   3   3   3   3   3   3   3   3   3   3   3   3   3   3   3   4   9  14  14  90  90  90  90  90  90  90  90  90  90  90  15  15  15   1   1   1   1   1   1  90  90  90  90  90   4   4   3   3   3   3   3   3   3   3   3   3   3   3   3   3   3
   3   3   3   3   3   3   3   3   3   3   3   3   3   3   3   3   3   3   3   3   3   3   3   3   3   3   5  10  14  14  90  90  90  90  90  90  90  90  90  90  90  15  15  15   1   1  12  12  13  13   9  90  90  90  90  90   4   3   3   3   3   3   3   3   3   3   3   3   3   3   3   3
   3   3   3   3   3   3   3   3   3   3   3   3   3   3   3   3   3   3   3   3   3   3   3   3   3   3   7  13  15  15  90  90  90  90  90  90  90  90  90  90  90  90  15  15  15  14  10   7   7  12   9  90  90  90  90   3   4   3   3   3   3   3   3   3   3   3   3   3   3   3   3   3
   3   3   3   3   3   3   3   3   3   3   3   3   3   3   3   3   3   3   3   3   3   3   3   3   3   3   7  13  15  15  90  90  90  90  90  90  90  90  90  90  90  90  15  15  14  14   5   5   6   9   9  90  90  90  90   3   3   3   3   3   3   3   3   3   3   3   3   3   3   3   3   3
   3   3   3   3   3   3   3   3   3   3   3   3   3   3   3   3   3   3   3   3   3   3   3   3   3   3   8  14  15  15  90  90  90  90  90  90  90  90  90  90  90  90  15  15  14  90   4   4   4   7  11  15  15  15  14   7   3   3   3   3   3   3   3   3   3   3   3   3   3   3   3   3
   3   3   3   3   3   3   3   3   3   3   3   3   3   3   3   3   3   3   3   3   3   3   3   3   3   4  10  14  14  90  90  90  90  90  90  90  90  90  90  90  90  90  90  90  11   5   3   3   3   5   9  12  14  14  14   7   3   3   3   3   3   3   3   3   3   3   3   3   3   3   3   3
   3   3   3   3   3   3   3   3   3   3   3   3   3   3   3   3   3   3   3   3   3   3   3   3   3   4  11  15  14  90  90  90  90  90  90  90  90  90  90  90  90  90  90  90   8   5   3   3   3   4   7  10  12  13  14   8   3   3   3   3   3   3   3   3   3   3   3   3   3   3   3   3
   3   3   3   3   3   3   3   3   3   3   3   3   3   3   3   3   3   3   3   3   3   3   3   3   3   4  12  15  90  90  90  90  90  90  90  90  90  90  90  90  90  90  90   4   6   3   3   3   3   3   5   8   9  11  14   9   4   3   3   3   3   3   3   3   3   3   3   3   3   3   3   3
   3   3   3   3   3   3   3   3   3   3   3   3   3   3   3   3   3   3   3   3   3   3   3   3   3   5  13  13  90  90  90  90  90  90  90  90  90  90  90  90  90  90  90   4   4   3   3   3   3   3   4   4   6   8  14  90   5   3   3   3   3   3   3   3   3   3   3   3   3   3   3   3
   3   3   3   3   3   3   3   3   3   3   3   3   3   3   3   3   3   3   3   3   3   3   3   3   3   6  13  90  90  90  90  90  90  90  90  90  90  90  90  90  90  90   4   4   3   3   3   3   3   3   3   4   4   7  14  90   5   3   3   3   3   3   3   3   3   3   3   3   3   3   3   3
   3   3   3   3   3   3   3   3   3   3   3   3   3   3   3   3   3   3   3   3   3   3   3   3   3   7  13  90  90  90  90  90  90  90  90  90  90  90  90  90  90   6   6   4   3   3   3   3   3   3   3   3   3   6  14  90   5   3   3   3   3   3   3   3   3   3   3   3   3   3   3   3
   3   3   3   3   3   3   3   3   3   3   3   3   3   3   3   3   3   3   3   3   3   3   3   3   3   7  13  90  90  90  90  90  90  90  90  90  90  90  90  90   4   6   4   3   3   3   3   3   3   3   3   3   3   6  13  90   3   3   3   3   3   3   3   3   3   3   3   3   3   3   3   3
   3   3   3   3   3   3   3   3   3   3   3   3   3   3   3   3   3   3   3   3   3   3   3   3   4   7  13  90  90  90  90  90  90  90  90  90  90  90  90  90   4   4   3   3   3   3   3   3   3   3   3   3   3   7  13  90  90   3   3   3   3   3   3   3   3   3   3   3   3   3   3   3
   3   3   3   3   3   3   3   3   3   3   3   3   3   3   3   3   3   3   3   3   3   3   3   3   4  10  13  15  15  15  90  90  90  90  90  90  90  90  90   6   6   3   3   3   3   3   3   3   3   3   3   3   3   7  13   1  90   3   6   4   3   3   3   3   3   3   3   3   3   3   3   3
   3   3   3   3   3   3   3   3   3   3   3   3   3   3   3   3   3   3   3   3   3   3   3   3   5  11  14  15  15  15  90  90  90  90  90  90  90  90  90   6   6   3   3   3   3   3   3   3   3   3   3   3   3   7  13   1  90   3   8   4   3   3   3   3   3   3   3   3   3   3   3   3
   3   3   3   3   3   3   3   3   3   3   3   3   3   3   3   3   3   3   3   3   3   3   3   3   6  11  15  15  15  15  90  90  90  90  90  90  90  90  90   6   6   3   3   3   3   3   3   3   3   3   3   3   3   7  12   1  90   3  10   5   3   3   3   3   3   3   3   3   3   3   3   3
   3   3   3   3   3   3   3   3   3   3   3   3   3   3   3   3   3   3   3   3   3   3   3   4   8   8  90  90  90  90  90  90  90  90  90  90  90  90  90   9   9   5   3   3   3   3   3   3   3   3   3   3   3   5  90   1   1   1  10   6   4   4   3   3   3   3   3   3   3   3   3   3
   3   3   3   3   3   3   3   3   3   3   3   3   3   3   3   3   3   3   3   3   3   3   3   4   9   8  90  90  90  90  90  90  90  90  90  90  90  90  90  10  10   6   3   3   3   3   3   3   3   3   3   3   3   5   5   1   1   1   6   6   6   6   5   3   3   3   3   3   3   3   3   3
   3   3   3   3   3   3   3   3   3   3   3   3   3   3   3   3   3   3   3   3   3   3   3   4   9   8  90  90  90  90  90  90  90  90  90  90  90  90  90  12  12   7   3   3   3   3   3   3   3   3   3   3   3   4  11  14  14  90   6   6   6   8   7   4   3   3   3   3   3   3   3   3
   3   3   3   3   3   3   3   3   3   3   3   3   3   3   3   3   3   3   3   3   3   3   3   5  10  90  90  90  90  90  90  90  90  90  90  90  90  90  90  13  13  10   6   3   3   3   3   3   3   3   3   3   3   3   7  12  14  14   7   6   6  11   9   4   3   3   3   3   3   3   3   3
   3   3   3   3   3   3   3   3   3   3   3   3   3   3   3   3   3   3   3   3   3   3   3   5  10  90  90  90  90  90  90  90  90  90  90  90  90  90  90  13  13  11   7   4   3   3   3   3   3   3   3   3   3   3   5  10  14  14  11   6   6  12  10   5   3   3   3   3   3   3   3   3
   3   3   3   3   3   3   3   3   3   3   3   3   3   3   3   3   3   3   3   3   3   3   3   5  10  90  90  90  90  90  90  90  90  90  90  90  90  90  90  14  13  12  10   5   3   3   3   3   3   3   3   3   3   3   4   9  13  14  10   6   7  12  11   5   3   3   3   3   3   3   3   3
   3   3   3   3   3   3   3   3   3   3   3   3   3   3   3   3   3   3   3   3   3   3   3   4  10   1  90  90  90  90  90  90  90  90  90  90  90  90  90  14  13  13  12   9   5   3   3   3   3   3   3   3   3   3   3   4   9  11   7   6   7  13  11   6   3   3   3   3   3   3   3   3
   3   3   3   3   3   3   3   3   3   3   3   3   3   3   3   3   3   3   3   3   3   3   3   4   4   1  90  90  90  90  90  90  90  90  90  90  90  90  90  15  14  14  13  10   7   4   3   3   3   3   3   3   3   3   3   4   6   7   5   5   8  13  11   6   3   3   3   3   3   3   3   3
   3   3   3   3   3   3   3   3   3   3   3   3   3   3   3   3   3   3   3   3   3   3   3   4  90   1  90  90  90  90  90  90  90  90  90  90  90  90  90  15  14  14  14  12   9   6   3   3   3   3   3   3   3   3   3   3   4   5   5   5   8  14  11   6   3   3   3   3   3   3   3   3
   3   3   3   3   3   3   3   3   3   3   3   3   3   3   3   3   3   3   3   3   3   3   3   4  90   4  15  15   2  90  90  90  90  90  90  90  90  90  15  15  15  15  14  14  12  10   7   5   3   3   3   3   3   3   3   3   3   3   3   5  10  14  11   6   3   3   3   3   3   3   3   3
   3   3   3   3   3   3   3   3   3   3   3   3   3   3   3   3   3   3   3   3   3   3   3   4  90   4  14  14   2   2   2  90  90  90  90  90  90  90  15  15  15  15  15  90  12  11  10   8   5   3   3   3   3   3   3   3   3   3   3   6  11  13  11   8   5   3   3   3   3   3   3   3
   3   3   3   3   3   3   3   3   3   3   3   3   3   3   3   3   3   3   3   3   3   3   3   4   4   4  13  14  14  14  14  90  90  90  90  90  90  90  90  15  15  15  15  90  12  12  12  11   8   4   3   3   3   3   3   3   3   3   4   8  13  13  11  10   6   4   3   3   3   3   3   3
   3   3   3   3   3   3   3   3   3   3   3   3   3   3   3   3   3   3   3   3   3   3   3   4   9  13  13  14  14  14  14  14  90  90  90  90  90  90  90  90  90  90  90  90  90  12  13  14  12   7   4   3   3   3   3   3   3   3   5  10  14  12  12  13  10   5   3   3   3   3   3   3
   3   3   3   3   3   3   3   3   3   3   3   3   3   3   3   3   3   3   3   3   3   3   3   5  13  14  15  15  15  15  14  14   1  90  90  90  90  90  90  90  90  90  90  90  90  12  12  14  14  11   6   3   3   3   3   3   3   6  10  13  14  12  13  13  13   9   5   3   3   3   3   3
   3   3   3   3   3   3   3   3   3   3   3   3   3   3   3   3   3   3   3   3   3   3   3   3  90  90  90  90  90  90  14  14   1  90  90  90  90  90  90  90  90  90  90  90  90  90  12  13  14  13   9   6   4   4   4   4   5   9  12  13  13  12  90  90  11  11   6   3   3   3   3   3
   3   3   3   3   3   3   3   3   3   3   3   3   3   3   3   3   3   3   3   3   3   3   3   3  90  90  90  90  90  90  90   1   1  90  90  90  90  90  90  90  90  90  90  90  90  90  12  13  14  14  12   9   7   6   6   7   9  12  13  13  13  12  90  90  11  11   7   3   3   3   3   3
   3   3   3   3   3   3   3   3   3   3   3   3   3   3   3   3   3   3   3   3   3   3   3   3  90  90  90  90  90  90  90  90  90  90  90  90  90  90  90  90  90  90  90  90  90  90  12  13  13  14  14  13  11  10  10  11  13  14  14  13  13  90  90  90  90   7   7   3   3   3   3   3
   3   3   3   3   3   3   3   3   3   3   3   3   3   3   3   3   3   3   3   3   3   3   2   2  90  90  90  90  90  90  90  90  90  90  90  90  90  90  90  90  90  90  90  90  90  90  90  13  13  14  14  14  14  14  14  14  14  14  13  13  13  90  90  90  90  90   4   4   3   3   3   3
   3   3   3   3   3   3   3   3   3   3   3   3   3   3   3   3   3   3   3   3   3   4   2  90  90  90  90  90  90  90  90  90  90  90  90  90  90  90  90  90  90  90  90  90  90  90  90  90  13  13  14  15  15  15  15  14  14  13  13  13  90  90  90  90  90  90   4   4   3   3   3   3
   3   3   3   3   3   3   3   3   3   3   3   3   3   3   3   3   3   3   3   3   3   4  90  90  90  90  90  90  90  90  90  90  90  90  90  90  90  90  90  90  90  90  90  90  90  90  90  90  13  13  14  14  14  14  14  14  13  13  13  13  90  90  90  90  90  90  90   4   7   4   3   3
   3   3   3   3   3   3   3   3   3   3   3   3   3   3   3   3   3   3   3   3   3  90  90  90  90  90  90   4   1  90  90  90  90  90  90  90  90  90  90  90  90  90  90  90  90  90  90  90  13  13  13  13  14  13  12  12  12  14  15  15  90  90  90  90  90  90  90  90   7   6   4   3
   3   3   3   3   3   3   3   3   3   3   3   3   3   3   3   3   3   3   3   3   3  90  90  90  90  90  15  15   1  90  90  90  90  90  90  90  90  90  90  90  90  90  90  90  90  90  90  90  90  13  13  13  13  12  12  12  12  90  90  90  90  90  90  90  90  90  90  90  90   6   5   3
   3   3   3   3   3   3   3   3   3   3   3   3   3   3   3   3   3   3   6   3  90  90  90  90  14  14  15  15   1  90  90  90  90  90  90  90  90  90  90  90  90  90  90  90  90  90  90  90  90  90  90   1   1   1   1   1  90  90  90  90  90  90  90  90  90  90  90  90  90   5   5   4
   3   3   3   3   3   3   3   3   3   3   3   3   3   3   3   3   3   5   6  90  90  90  90  14  14  14  15  15  90  90  90  90  90  90  90  90  90  90  90  90  90  90  90  90  90  90  90  90  90  90  90  90  90  90  90  90  90  90  90  90  90  90  90  90  90  90  90  90  90  90   5   6
   3   3   3   3   3   3   3   3   3   3   3   3   3   3   3   3   3   3   3  90  90  90  14  14  14   1   1  90  90  90  90  90  90  90  90  90  90  90  90  90  90  90  90  90  90  90  90  90  90  90  90  90  90  90  90  90  90  90  90  90  90  90  90  90  90  90  90  90  90  90  90   8
   4   3   3   3   3   3   3   3   3   3   3   3   3   3   4   4   3  90  90  90  90  14  14  14  14   1  90  90  90  90  90  90  90  90  90  90  90  90  90  90  90  90  90  90  90  90  90  90  90  90  90  90  90  90  90  90  90  90  90  90  90  90  90  90  90  90  90  90  90  90  90   8
   4   3   3   3   3   3   3   3   3   3   3   4   5   5   4   4  90  90  90  90  14  14  14  14  14  90  90  90  90  90  90  90  90  90  90  90  90  90  90  90  90  90  90  90  90  90  90  90  90  90  90  90  90  90  90  90  90  90  90  90  90  90  90  90  90  90  90  90  90  90  90   4
   4   4   4   4   4   4   5   5   5   3   3   3   3  90  90  90  90  90   8   8  14  14  14  14  90  90  90  90  90  90  90  90  90  90  90  90  90  90  90  90  90  90  90  90  90  90  90  90  90  90  90  90  90  90  90  90  90  90  90  90  90  90  90  90  90  90  90  90  90  90  90  90
   1   1   1   1   1   1   1   1   1  90  90  90  90  90   1   1   1   8   8   8   8   8   8   8   1  90  90  90  90  90  90  90  90  90  90  90  90  90  90  90  90  90  90  90  90  90  90  90  90  90  90  90  90  90  90  90  90  90  90  90  90  90  90  90  90  90  90  90  90  90  90  90
