   7.5558864e-01   7.5657644e-01   7.5647092e-01   7.5486377e-01   7.5263324e-01   7.4988671e-01   7.4608701e-01   7.4316150e-01   7.4030715e-01   7.3682005e-01   7.3413610e-01   7.3176689e-01   7.2948582e-01   7.2808399e-01   7.2695780e-01   7.2512794e-01   7.2296400e-01   7.2015928e-01   7.1588595e-01   7.1177835e-01   7.0720330e-01   7.0076311e-01   6.9429479e-01   6.8714843e-01   6.7701806e-01   6.6686736e-01   6.5511794e-01   6.3781736e-01   6.2027094e-01   5.9989620e-01   5.7221278e-01   5.4664857e-01   5.1967852e-01   4.8702423e-01   4.6064281e-01   4.3610497e-01   4.1224181e-01   3.9953203e-01   3.9308859e-01   3.9173371e-01   3.9498940e-01   4.0128535e-01   4.1279694e-01   4.2499514e-01   4.3864425e-01   4.5593337e-01   4.7049245e-01   4.8500451e-01   5.0240257e-01   5.1696450e-01   5.3176605e-01   5.5001874e-01   5.6522046e-01   5.8004608e-01   5.9707391e-01   6.1077332e-01   6.2400046e-01   6.3962978e-01   6.5229756e-01   6.6439126e-01   6.7803717e-01   6.8835575e-01   6.9733031e-01   7.0632024e-01   7.1297759e-01   7.1939875e-01   7.2674382e-01   7.3235169e-01   7.3786039e-01   7.4410194e-01   7.4871779e-01   7.5261870e-01
   8.3539958e-01   8.2996587e-01   8.2825828e-01   8.2957725e-01   8.3206354e-01   8.3515402e-01   8.4012976e-01   8.4572928e-01   8.5040891e-01   8.5495381e-01   8.6005808e-01   8.6749128e-01   8.7753658e-01   8.8330083e-01   8.8541222e-01   8.8661452e-01   8.9091008e-01   8.9915371e-01   9.1178208e-01   9.2243368e-01   9.3353888e-01   9.4854273e-01   9.6074451e-01   9.7066811e-01   9.7586279e-01   9.7410340e-01   9.6826982e-01   9.5495919e-01   9.3759216e-01   9.1404955e-01   8.7589401e-01   8.3463180e-01   7.8415152e-01   7.0921265e-01   6.3483710e-01   5.5186895e-01   4.5609795e-01   3.9337281e-01   3.4439867e-01   3.0791575e-01   3.0928660e-01   3.3159150e-01   3.7185975e-01   4.1278192e-01   4.5840630e-01   5.1362985e-01   5.5641508e-01   5.9592629e-01   6.3892705e-01   6.7005106e-01   6.9742279e-01   7.2576179e-01   7.4598075e-01   7.6322872e-01   7.7860032e-01   7.8688959e-01   7.9162976e-01   7.9471302e-01   7.9853629e-01   8.0466965e-01   8.1269871e-01   8.1818117e-01   8.2275241e-01   8.3089253e-01   8.4182454e-01   8.5381250e-01   8.6380329e-01   8.6699191e-01   8.6653257e-01   8.6192483e-01   8.5488909e-01   8.4583909e-01
   4.1191155e-01   4.1748881e-01   4.2581139e-01   4.3242255e-01   4.3557365e-01   4.3578029e-01   4.3319562e-01   4.3173441e-01   4.3064222e-01   4.3147025e-01   4.3580077e-01   4.4351789e-01   4.4867708e-01   4.4450312e-01   4.3772841e-01   4.3674985e-01   4.4355383e-01   4.5306437e-01   4.6313907e-01   4.6951815e-01   4.7403280e-01   4.8028847e-01   4.8659217e-01   4.8914665e-01   4.8245788e-01   4.7106639e-01   4.5993911e-01   4.5406779e-01   4.5580258e-01   4.6050768e-01   4.6678519e-01   4.7303978e-01   4.8131550e-01   4.8495255e-01   4.7658803e-01   4.7456452e-01   5.0921901e-01   5.5312550e-01   5.9567319e-01   6.4328188e-01   6.7529856e-01   6.9371802e-01   7.0218783e-01   7.0682559e-01   7.0845750e-01   6.9828975e-01   6.7902967e-01   6.5270379e-01   6.1446535e-01   5.8408918e-01   5.6038852e-01   5.4042015e-01   5.2668378e-01   5.1452332e-01   5.0007057e-01   4.9005568e-01   4.8292453e-01   4.7388491e-01   4.6860258e-01   4.6821863e-01   4.7167755e-01   4.7408198e-01   4.7567133e-01   4.8344186e-01   4.9219468e-01   4.9488843e-01   4.8684539e-01   4.7664457e-01   4.6631956e-01   4.5065451e-01   4.3346483e-01   4.1820362e-01
   1.3111389e+00   1.3333353e+00   1.3540892e+00   1.3719553e+00   1.3778465e+00   1.3733559e+00   1.3557991e+00   1.3352793e+00   1.3118410e+00   1.2803561e+00   1.2536703e+00   1.2320280e+00   1.2138589e+00   1.1948363e+00   1.1649578e+00   1.1209050e+00   1.0879443e+00   1.0602662e+00   1.0246154e+00   9.8889148e-01   9.5046951e-01   9.0677242e-01   8.7859224e-01   8.5235175e-01   8.1045851e-01   7.7402822e-01   7.4981597e-01   7.4406487e-01   7.5902698e-01   7.9606684e-01   8.7169139e-01   9.5814037e-01   1.0649648e+00   1.2139467e+00   1.3494064e+00   1.4962434e+00   1.6790562e+00   1.8135355e+00   1.9260456e+00   2.0252333e+00   2.0571204e+00   2.0447974e+00   1.9895355e+00   1.9222189e+00   1.8429355e+00   1.7289377e+00   1.6117013e+00   1.4775252e+00   1.3105918e+00   1.1809038e+00   1.0696763e+00   9.6779668e-01   9.0959652e-01   8.7817484e-01   8.7731493e-01   9.0018413e-01   9.3804544e-01   9.9341725e-01   1.0376076e+00   1.0782290e+00   1.1202844e+00   1.1437899e+00   1.1558457e+00   1.1683093e+00   1.1843283e+00   1.2027276e+00   1.2212952e+00   1.2329294e+00   1.2448001e+00   1.2619272e+00   1.2757183e+00   1.2894396e+00
   3.1039111e+00   3.1368099e+00   3.1648335e+00   3.1871115e+00   3.1906617e+00   3.1822467e+00   3.1642879e+00   3.1432347e+00   3.1156437e+00   3.0807498e+00   3.0558877e+00   3.0336545e+00   3.0102016e+00   2.9946389e+00   2.9769915e+00   2.9397642e+00   2.8992501e+00   2.8617223e+00   2.8263838e+00   2.7981325e+00   2.7620843e+00   2.7043243e+00   2.6541164e+00   2.6108727e+00   2.5635217e+00   2.5222352e+00   2.4839330e+00   2.4551332e+00   2.4522641e+00   2.4715463e+00   2.5192418e+00   2.5747499e+00   2.6481939e+00   2.7670784e+00   2.9049982e+00   3.0924805e+00   3.3382073e+00   3.5080909e+00   3.6399270e+00   3.7458128e+00   3.7830643e+00   3.7706483e+00   3.6821224e+00   3.5563669e+00   3.4033259e+00   3.1970467e+00   3.0131908e+00   2.8253627e+00   2.6013804e+00   2.4338891e+00   2.3070184e+00   2.2221849e+00   2.2033116e+00   2.2222756e+00   2.2846409e+00   2.3580738e+00   2.4358645e+00   2.5208629e+00   2.5827447e+00   2.6367411e+00   2.6934562e+00   2.7349204e+00   2.7638736e+00   2.7815938e+00   2.7927905e+00   2.8048716e+00   2.8265813e+00   2.8573723e+00   2.8992145e+00   2.9568649e+00   3.0063019e+00   3.0544087e+00
   4.7064581e+00   4.7386629e+00   4.7614785e+00   4.7738004e+00   4.7735229e+00   4.7652654e+00   4.7483018e+00   4.7343392e+00   4.7209150e+00   4.7042303e+00   4.6891308e+00   4.6724348e+00   4.6557039e+00   4.6467699e+00   4.6421520e+00   4.6331969e+00   4.6170791e+00   4.5957444e+00   4.5668695e+00   4.5452696e+00   4.5193618e+00   4.4656434e+00   4.4117162e+00   4.3631982e+00   4.3162683e+00   4.2786518e+00   4.2387404e+00   4.1983601e+00   4.1728467e+00   4.1581104e+00   4.1578227e+00   4.1745856e+00   4.2141800e+00   4.2792884e+00   4.3645842e+00   4.5289783e+00   4.7838237e+00   4.9522743e+00   5.0555717e+00   5.1027167e+00   5.1207007e+00   5.1092898e+00   5.0148848e+00   4.8764426e+00   4.7001333e+00   4.4599720e+00   4.2543315e+00   4.0589054e+00   3.8501740e+00   3.7008908e+00   3.5957290e+00   3.5501140e+00   3.5679474e+00   3.6213218e+00   3.7243976e+00   3.8292796e+00   3.9303778e+00   4.0285258e+00   4.0890486e+00   4.1334352e+00   4.1774771e+00   4.2133506e+00   4.2454521e+00   4.2721671e+00   4.2874376e+00   4.3077624e+00   4.3514559e+00   4.4038719e+00   4.4678826e+00   4.5494245e+00   4.6082545e+00   4.6569752e+00
   5.9461408e+00   5.9646636e+00   5.9743153e+00   5.9774931e+00   5.9771272e+00   5.9771690e+00   5.9725356e+00   5.9703866e+00   5.9727174e+00   5.9772512e+00   5.9802317e+00   5.9787631e+00   5.9796705e+00   5.9828726e+00   5.9907001e+00   6.0068547e+00   6.0182603e+00   6.0208741e+00   6.0085336e+00   5.9933432e+00   5.9732553e+00   5.9390097e+00   5.9020763e+00   5.8635240e+00   5.8209494e+00   5.7878076e+00   5.7470354e+00   5.6863146e+00   5.6361960e+00   5.5870302e+00   5.5438980e+00   5.5187931e+00   5.5142765e+00   5.5253131e+00   5.5161016e+00   5.6128758e+00   5.8639600e+00   6.0204573e+00   6.0777945e+00   6.0325698e+00   5.9979414e+00   5.9729625e+00   5.8879740e+00   5.7655902e+00   5.6038331e+00   5.3858042e+00   5.1961070e+00   5.0193398e+00   4.8484119e+00   4.7449771e+00   4.6925665e+00   4.7058280e+00   4.7648815e+00   4.8528647e+00   4.9844593e+00   5.0917997e+00   5.1892483e+00   5.2846812e+00   5.3383300e+00   5.3751473e+00   5.4031335e+00   5.4240010e+00   5.4462429e+00   5.4765588e+00   5.5077830e+00   5.5495781e+00   5.6163888e+00   5.6788814e+00   5.7436567e+00   5.8202630e+00   5.8753681e+00   5.9141750e+00
   6.7559894e+00   6.7627736e+00   6.7641350e+00   6.7716478e+00   6.7839814e+00   6.8005689e+00   6.8175119e+00   6.8293676e+00   6.8391521e+00   6.8534121e+00   6.8682038e+00   6.8846209e+00   6.9042976e+00   6.9196834e+00   6.9411533e+00   6.9723388e+00   7.0025526e+00   7.0277081e+00   7.0466586e+00   7.0507221e+00   7.0491907e+00   7.0419744e+00   7.0316551e+00   7.0101624e+00   6.9756987e+00   6.9440625e+00   6.9039942e+00   6.8359209e+00   6.7686675e+00   6.6974830e+00   6.6089649e+00   6.5396029e+00   6.4729325e+00   6.4320509e+00   6.3189554e+00   6.2475200e+00   6.4319693e+00   6.5354366e+00   6.5197122e+00   6.3771919e+00   6.2807237e+00   6.2483471e+00   6.2066340e+00   6.1387336e+00   6.0371267e+00   5.9010215e+00   5.7766789e+00   5.6670420e+00   5.5766838e+00   5.5415607e+00   5.5463910e+00   5.6177960e+00   5.7165966e+00   5.8298664e+00   5.9649773e+00   6.0612218e+00   6.1421646e+00   6.2102564e+00   6.2519683e+00   6.2848760e+00   6.3104324e+00   6.3241828e+00   6.3370474e+00   6.3646217e+00   6.4048853e+00   6.4537424e+00   6.5208356e+00   6.5745275e+00   6.6230577e+00   6.6751642e+00   6.7110441e+00   6.7376485e+00
   7.0849322e+00   7.0842869e+00   7.0857130e+00   7.1047889e+00   7.1300157e+00   7.1571701e+00   7.1874886e+00   7.2086603e+00   7.2281079e+00   7.2507539e+00   7.2755500e+00   7.3079894e+00   7.3451348e+00   7.3729512e+00   7.4034534e+00   7.4470372e+00   7.4904098e+00   7.5317853e+00   7.5740947e+00   7.6009193e+00   7.6264221e+00   7.6507520e+00   7.6657489e+00   7.6684861e+00   7.6559786e+00   7.6361116e+00   7.6072015e+00   7.5529227e+00   7.4868311e+00   7.4042357e+00   7.2784486e+00   7.1608783e+00   7.0291605e+00   6.8685441e+00   6.6549569e+00   6.3744927e+00   6.2384284e+00   6.1389002e+00   6.0076971e+00   5.8354301e+00   5.7371202e+00   5.7678919e+00   5.8288011e+00   5.8561265e+00   5.8717398e+00   5.8850640e+00   5.8879770e+00   5.8961605e+00   5.9284555e+00   5.9757240e+00   6.0452848e+00   6.1691043e+00   6.2934463e+00   6.4154349e+00   6.5368234e+00   6.6148448e+00   6.6731596e+00   6.7202870e+00   6.7525498e+00   6.7770397e+00   6.7925165e+00   6.7978095e+00   6.8066141e+00   6.8331115e+00   6.8703750e+00   6.9092565e+00   6.9521112e+00   6.9834595e+00   7.0112383e+00   7.0387915e+00   7.0574874e+00   7.0741698e+00
   6.9334331e+00   6.9350034e+00   6.9411479e+00   6.9656560e+00   6.9966192e+00   7.0290560e+00   7.0669569e+00   7.0969314e+00   7.1283186e+00   7.1662295e+00   7.2015401e+00   7.2402849e+00   7.2898079e+00   7.3315850e+00   7.3755458e+00   7.4340294e+00   7.4864808e+00   7.5383472e+00   7.5964749e+00   7.6447264e+00   7.6957818e+00   7.7517174e+00   7.7869613e+00   7.8122463e+00   7.8288038e+00   7.8321337e+00   7.8258698e+00   7.7924730e+00   7.7379105e+00   7.6538258e+00   7.5110548e+00   7.3456244e+00   7.1303444e+00   6.7544355e+00   6.3155023e+00   5.8266371e+00   5.3629954e+00   5.1109012e+00   4.8929739e+00   4.4932687e+00   4.2828002e+00   4.4500894e+00   4.7610440e+00   4.9614462e+00   5.1412325e+00   5.3651834e+00   5.5340162e+00   5.6834684e+00   5.8441914e+00   5.9775783e+00   6.1150699e+00   6.2870735e+00   6.4228605e+00   6.5389897e+00   6.6352306e+00   6.6883201e+00   6.7246920e+00   6.7605021e+00   6.7837311e+00   6.7980055e+00   6.8003791e+00   6.8016066e+00   6.8095767e+00   6.8329225e+00   6.8552412e+00   6.8752354e+00   6.8915875e+00   6.9006464e+00   6.9073712e+00   6.9136165e+00   6.9196626e+00   6.9272663e+00
   6.3718281e+00   6.3765780e+00   6.3873687e+00   6.4062169e+00   6.4373815e+00   6.4723652e+00   6.5220250e+00   6.5634740e+00   6.6054133e+00   6.6600786e+00   6.7016993e+00   6.7450307e+00   6.7993097e+00   6.8548071e+00   6.9092154e+00   6.9797346e+00   7.0366765e+00   7.0961620e+00   7.1742278e+00   7.2421540e+00   7.3165346e+00   7.3921257e+00   7.4510723e+00   7.4953849e+00   7.5499567e+00   7.5748701e+00   7.5929453e+00   7.5806435e+00   7.5400108e+00   7.4686582e+00   7.3090030e+00   7.1032457e+00   6.7754194e+00   6.1998292e+00   5.5434007e+00   5.1025528e+00   4.8196275e+00   4.5425192e+00   4.2983272e+00   3.3688179e+00   2.6230189e+00   2.7963689e+00   3.3672165e+00   3.8216758e+00   4.1460772e+00   4.5706218e+00   4.8980953e+00   5.1868775e+00   5.4668131e+00   5.6723176e+00   5.8630551e+00   6.0621481e+00   6.1916514e+00   6.2781684e+00   6.3400710e+00   6.3620825e+00   6.3749646e+00   6.3842348e+00   6.3920735e+00   6.3947961e+00   6.3902028e+00   6.3918446e+00   6.3981431e+00   6.4159571e+00   6.4189297e+00   6.4201728e+00   6.4116253e+00   6.4057182e+00   6.3940905e+00   6.3796762e+00   6.3703967e+00   6.3670607e+00
   5.4924445e+00   5.4946613e+00   5.5044537e+00   5.5216460e+00   5.5504490e+00   5.5870420e+00   5.6463094e+00   5.6947745e+00   5.7458163e+00   5.8094693e+00   5.8571996e+00   5.9066086e+00   5.9640327e+00   6.0272720e+00   6.0841539e+00   6.1611760e+00   6.2222700e+00   6.2886105e+00   6.3861375e+00   6.4683154e+00   6.5581726e+00   6.6480077e+00   6.7299687e+00   6.8003201e+00   6.8845215e+00   6.9336567e+00   6.9691231e+00   6.9797664e+00   6.9535216e+00   6.8869147e+00   6.7236330e+00   6.4705115e+00   6.1179047e+00   5.5148095e+00   5.0083098e+00   4.7519335e+00   2.7428587e+00   2.4374833e+00   2.2305245e+00   1.7923723e+00   1.7213452e+00   1.5265270e+00   2.1859415e+00   2.8560358e+00   3.2103651e+00   3.7436028e+00   4.1945750e+00   4.5928996e+00   4.9743178e+00   5.2148959e+00   5.4190985e+00   5.6057074e+00   5.6993857e+00   5.7417365e+00   5.7564721e+00   5.7444180e+00   5.7264176e+00   5.6953436e+00   5.6833464e+00   5.6722968e+00   5.6657270e+00   5.6660907e+00   5.6666916e+00   5.6750771e+00   5.6628541e+00   5.6484388e+00   5.6189271e+00   5.5988239e+00   5.5731958e+00   5.5359063e+00   5.5110236e+00   5.4951824e+00
   4.3803273e+00   4.3760203e+00   4.3787188e+00   4.4089230e+00   4.4349087e+00   4.4741487e+00   4.5340263e+00   4.5809241e+00   4.6378697e+00   4.7013819e+00   4.7561871e+00   4.8084822e+00   4.8727796e+00   4.9356868e+00   4.9945314e+00   5.0742306e+00   5.1432098e+00   5.2161856e+00   5.3235900e+00   5.4136671e+00   5.5095645e+00   5.6160748e+00   5.7134303e+00   5.8174456e+00   5.9056730e+00   5.9856211e+00   6.0340461e+00   6.0663550e+00   6.0540017e+00   5.9779987e+00   5.8301777e+00   5.5478295e+00   5.3415906e+00   4.7586338e+00   2.9051705e+00   2.5381094e+00   1.8906525e+00   1.3219455e+00   1.6428903e+00   1.5935618e+00   8.1965692e-01   7.2452385e-01   1.5268817e+00   2.1812815e+00   2.4803183e+00   3.0397421e+00   3.5695863e+00   4.0247696e+00   4.4533305e+00   4.6848756e+00   4.8499492e+00   4.9735969e+00   5.0013909e+00   4.9984468e+00   4.9500352e+00   4.9033069e+00   4.8484388e+00   4.7801170e+00   4.7495045e+00   4.7240320e+00   4.7155971e+00   4.7112838e+00   4.7040535e+00   4.6956882e+00   4.6726033e+00   4.6422243e+00   4.6016702e+00   4.5644103e+00   4.5256793e+00   4.4663709e+00   4.4280243e+00   4.3992849e+00
   2.9558939e+00   2.9408375e+00   2.9424949e+00   2.9768725e+00   3.0027196e+00   3.0375878e+00   3.0993431e+00   3.1402721e+00   3.1905077e+00   3.2682506e+00   3.3186083e+00   3.3691649e+00   3.4362825e+00   3.4966126e+00   3.5666829e+00   3.6461183e+00   3.7216171e+00   3.8043789e+00   3.9016980e+00   4.0077181e+00   4.1184530e+00   4.2311285e+00   4.3418082e+00   4.4540819e+00   4.5504789e+00   4.6435398e+00   4.7259091e+00   4.7449520e+00   4.7540108e+00   4.7243130e+00   4.5414718e+00   4.4004864e+00   4.4089631e+00   4.0983365e+00   1.0011471e+00   5.3823379e-01   6.9439485e-01   9.9123174e-01   1.4199249e+00   1.9669323e+00   1.4595838e+00   4.3023508e-01   1.4463912e+00   1.5375127e+00   1.9657922e+00   2.5980370e+00   3.1364134e+00   3.5734611e+00   3.8861141e+00   4.0560618e+00   4.1260846e+00   4.0891515e+00   4.0371616e+00   3.9630945e+00   3.8450484e+00   3.7469899e+00   3.6526725e+00   3.5561185e+00   3.5058500e+00   3.4703173e+00   3.4449053e+00   3.4365851e+00   3.4186952e+00   3.3881682e+00   3.3523551e+00   3.3032391e+00   3.2523810e+00   3.1923070e+00   3.1279281e+00   3.0737588e+00   3.0196427e+00   2.9744819e+00
   1.2131751e+00   1.2046586e+00   1.2144736e+00   1.2349292e+00   1.2540503e+00   1.2850032e+00   1.3377180e+00   1.3884793e+00   1.4399503e+00   1.5038921e+00   1.5549347e+00   1.6026897e+00   1.6658809e+00   1.7306435e+00   1.7991037e+00   1.8854831e+00   1.9609037e+00   2.0428550e+00   2.1515349e+00   2.2439526e+00   2.3386504e+00   2.4595856e+00   2.5568241e+00   2.6526150e+00   2.7770616e+00   2.8698959e+00   2.9468008e+00   3.0133089e+00   3.0304227e+00   3.0497316e+00   3.0539052e+00   3.1705108e+00   3.4401828e+00   3.6481093e+00   1.9489591e+00   1.1444667e+00   6.9402438e-01   3.3514722e-01   3.3336404e-01   7.8544295e-01   9.4544377e-01   4.2710516e-01   1.2004567e+00   1.2996820e+00   1.6237964e+00   2.0849920e+00   2.3778742e+00   2.6048326e+00   2.7653016e+00   2.7884960e+00   2.7424234e+00   2.6296379e+00   2.5097868e+00   2.3904035e+00   2.2437811e+00   2.1151451e+00   2.0103358e+00   1.9141694e+00   1.8512201e+00   1.8101146e+00   1.7744477e+00   1.7512030e+00   1.7299774e+00   1.6945145e+00   1.6528168e+00   1.6051431e+00   1.5307521e+00   1.4569424e+00   1.3935279e+00   1.3304421e+00   1.2864414e+00   1.2459541e+00
   1.0625733e+00   1.0641105e+00   1.0634819e+00   1.0695734e+00   1.0715305e+00   1.0725210e+00   1.0695884e+00   1.0559998e+00   1.0388903e+00   1.0216237e+00   1.0023407e+00   9.7370047e-01   9.3698670e-01   9.0945309e-01   8.8668569e-01   8.6166174e-01   8.4192760e-01   8.3150296e-01   8.4609753e-01   8.8092601e-01   9.2608066e-01   1.0044874e+00   1.0733950e+00   1.1420775e+00   1.2442415e+00   1.3347073e+00   1.4204261e+00   1.5179565e+00   1.6177933e+00   1.7770533e+00   1.9851201e+00   2.3153273e+00   2.7963109e+00   3.5037316e+00   3.9965086e+00   2.3702157e+00   1.6369134e+00   1.4145966e+00   1.0181143e+00   7.3654654e-01   7.8814077e-01   4.4463502e-01   6.8366043e-01   1.0357822e+00   1.2678649e+00   1.3926435e+00   1.4564564e+00   1.5098152e+00   1.5183587e+00   1.4572289e+00   1.3476467e+00   1.1869836e+00   1.0497208e+00   9.2102536e-01   7.9008130e-01   7.5853653e-01   7.7440456e-01   8.0994950e-01   8.5112474e-01   9.0027303e-01   9.5716578e-01   9.9404660e-01   1.0201770e+00   1.0367042e+00   1.0419643e+00   1.0465230e+00   1.0465355e+00   1.0416754e+00   1.0320290e+00   1.0267196e+00   1.0312654e+00   1.0434625e+00
   1.6802578e+00   1.6878290e+00   1.6880879e+00   1.6928312e+00   1.6885171e+00   1.6761976e+00   1.6437359e+00   1.5960332e+00   1.5437789e+00   1.4845692e+00   1.4289542e+00   1.3630927e+00   1.2757612e+00   1.2008797e+00   1.1282965e+00   1.0380709e+00   9.6195346e-01   8.9735080e-01   8.5520419e-01   8.4745879e-01   8.4932445e-01   8.7049990e-01   8.8949977e-01   9.0507167e-01   9.3809981e-01   9.7857836e-01   1.0235180e+00   1.0858205e+00   1.1805703e+00   1.3366243e+00   1.5632027e+00   1.9378698e+00   2.4681604e+00   3.3569378e+00   3.7958714e+00   3.5082475e+00   3.0756616e+00   2.6336684e+00   1.7336054e+00   7.6814525e-01   8.2597439e-01   9.0261708e-01   7.6436303e-01   9.6983950e-01   1.0079529e+00   9.1370495e-01   9.1738426e-01   9.5707857e-01   9.8548819e-01   9.7596331e-01   9.3950622e-01   8.7651320e-01   8.2774775e-01   7.8810555e-01   7.5970422e-01   8.0654725e-01   8.8718895e-01   9.9026812e-01   1.0816992e+00   1.1694374e+00   1.2572520e+00   1.3098136e+00   1.3481105e+00   1.3863281e+00   1.4213097e+00   1.4594200e+00   1.5008814e+00   1.5284478e+00   1.5453967e+00   1.5721188e+00   1.6020689e+00   1.6396403e+00
   2.8536964e+00   2.8630274e+00   2.8766114e+00   2.8923454e+00   2.8931795e+00   2.8860682e+00   2.8538890e+00   2.8085219e+00   2.7601942e+00   2.7035429e+00   2.6513367e+00   2.5931457e+00   2.5120961e+00   2.4426695e+00   2.3691204e+00   2.2701941e+00   2.1847426e+00   2.1120794e+00   2.0598998e+00   2.0290045e+00   1.9977635e+00   1.9541502e+00   1.9055828e+00   1.8458860e+00   1.7721830e+00   1.7192592e+00   1.6763406e+00   1.6434518e+00   1.6433503e+00   1.6526814e+00   1.7210387e+00   1.9839261e+00   2.4144531e+00   3.1555079e+00   3.6035334e+00   3.5082475e+00   3.0756616e+00   2.6336684e+00   1.7336054e+00   7.6615571e-01   8.2597439e-01   9.0261708e-01   1.0473099e+00   1.0945383e+00   8.4630216e-01   6.6493178e-01   7.6755671e-01   9.4110604e-01   1.1507133e+00   1.3135855e+00   1.4721195e+00   1.6388104e+00   1.7712833e+00   1.9077003e+00   2.0568853e+00   2.1503002e+00   2.2288548e+00   2.3247293e+00   2.4032113e+00   2.4707142e+00   2.5207489e+00   2.5395298e+00   2.5516752e+00   2.5770372e+00   2.6196939e+00   2.6680502e+00   2.7094884e+00   2.7263344e+00   2.7385520e+00   2.7658568e+00   2.7950906e+00   2.8270702e+00
   4.3809116e+00   4.3986584e+00   4.4262591e+00   4.4450193e+00   4.4448899e+00   4.4392253e+00   4.4079197e+00   4.3677512e+00   4.3279951e+00   4.2711436e+00   4.2145938e+00   4.1503889e+00   4.0598415e+00   3.9889774e+00   3.9169214e+00   3.8240780e+00   3.7604784e+00   3.7248377e+00   3.7100733e+00   3.6992540e+00   3.6857152e+00   3.6665039e+00   3.6452773e+00   3.6190941e+00   3.5917004e+00   3.5686949e+00   3.5374408e+00   3.4841995e+00   3.4036823e+00   3.2924671e+00   3.2038556e+00   3.2128474e+00   3.2517985e+00   3.3588184e+00   3.4816876e+00   3.5082475e+00   1.4067455e+00   1.3812220e+00   1.3563839e+00   9.6577755e-01   9.6037144e-01   1.0802018e+00   1.5437763e+00   1.7622151e+00   1.9669505e+00   2.2836838e+00   2.5595126e+00   2.8157171e+00   3.0574316e+00   3.2183641e+00   3.3548094e+00   3.4884681e+00   3.5994226e+00   3.7103350e+00   3.8231108e+00   3.8980848e+00   3.9653185e+00   4.0462226e+00   4.1042442e+00   4.1454708e+00   4.1738144e+00   4.1857324e+00   4.1946558e+00   4.2227488e+00   4.2630760e+00   4.2897520e+00   4.2963655e+00   4.2957617e+00   4.3033110e+00   4.3229005e+00   4.3429696e+00   4.3642662e+00
   5.1005067e+00   5.1167707e+00   5.1387003e+00   5.1466620e+00   5.1394805e+00   5.1237689e+00   5.0829714e+00   5.0439355e+00   5.0062148e+00   4.9371428e+00   4.8640753e+00   4.7869582e+00   4.6930461e+00   4.6269209e+00   4.5619028e+00   4.4856866e+00   4.4470281e+00   4.4344997e+00   4.4305020e+00   4.4243826e+00   4.4190227e+00   4.4111780e+00   4.3998368e+00   4.3925808e+00   4.3908176e+00   4.3844826e+00   4.3694408e+00   4.3283892e+00   4.2517444e+00   4.1524796e+00   4.0731794e+00   4.0418527e+00   3.9927233e+00   3.8924206e+00   3.7996886e+00   0.0000000e+00   1.6198119e+00   1.6689788e+00   1.7791436e+00   1.0774289e+00   1.2896518e+00   1.6132887e+00   2.2278570e+00   2.5653296e+00   2.8441553e+00   3.2112786e+00   3.5081299e+00   3.7672261e+00   3.9940589e+00   4.1359543e+00   4.2516627e+00   4.3700063e+00   4.4722841e+00   4.5706574e+00   4.6683280e+00   4.7382736e+00   4.8014145e+00   4.8676823e+00   4.9108149e+00   4.9418530e+00   4.9695322e+00   4.9819005e+00   4.9880597e+00   5.0075306e+00   5.0329382e+00   5.0419625e+00   5.0353241e+00   5.0326318e+00   5.0396714e+00   5.0536701e+00   5.0712472e+00   5.0883493e+00
   5.6881491e+00   5.7002543e+00   5.7123365e+00   5.7056635e+00   5.6878381e+00   5.6604435e+00   5.6107666e+00   5.5692621e+00   5.5268059e+00   5.4436357e+00   5.3551644e+00   5.2665413e+00   5.1739351e+00   5.1152487e+00   5.0602334e+00   5.0056109e+00   4.9901601e+00   4.9948898e+00   4.9982022e+00   4.9981616e+00   5.0019803e+00   5.0047774e+00   5.0042729e+00   5.0161392e+00   5.0404260e+00   5.0527501e+00   5.0568478e+00   5.0353372e+00   4.9779010e+00   4.9064446e+00   4.8455115e+00   4.7854397e+00   4.6701865e+00   4.4152198e+00   4.1641989e+00   3.3867880e+00   2.3519253e+00   2.0996288e+00   2.2501594e+00   2.6073232e+00   1.9413081e+00   2.2437444e+00   2.9284397e+00   3.3201477e+00   3.6284999e+00   4.0192350e+00   4.3207867e+00   4.5705090e+00   4.7750559e+00   4.8963017e+00   4.9948876e+00   5.1032300e+00   5.1995479e+00   5.2891976e+00   5.3759147e+00   5.4403375e+00   5.4972568e+00   5.5487813e+00   5.5797279e+00   5.6048489e+00   5.6327907e+00   5.6439496e+00   5.6454370e+00   5.6521717e+00   5.6613286e+00   5.6552812e+00   5.6388278e+00   5.6352189e+00   5.6419852e+00   5.6523823e+00   5.6677520e+00   5.6806976e+00
   6.2459299e+00   6.2460757e+00   6.2346326e+00   6.1982589e+00   6.1570528e+00   6.1091144e+00   6.0479435e+00   5.9948719e+00   5.9305312e+00   5.8227847e+00   5.7144869e+00   5.6123297e+00   5.5319809e+00   5.4900558e+00   5.4561014e+00   5.4437622e+00   5.4580593e+00   5.4747776e+00   5.4809995e+00   5.4928189e+00   5.5121442e+00   5.5287373e+00   5.5460319e+00   5.5860129e+00   5.6489406e+00   5.6926894e+00   5.7309914e+00   5.7540864e+00   5.7584977e+00   5.7624965e+00   5.7482524e+00   5.6722588e+00   5.5100209e+00   5.1480469e+00   4.4796502e+00   3.3867880e+00   2.9049072e+00   3.0402165e+00   3.0391167e+00   2.6073232e+00   2.7707640e+00   3.3725229e+00   3.9792357e+00   4.3056233e+00   4.5578011e+00   4.9232773e+00   5.1954039e+00   5.4043311e+00   5.5601816e+00   5.6479557e+00   5.7297775e+00   5.8354379e+00   5.9291581e+00   6.0146487e+00   6.0947248e+00   6.1500558e+00   6.1932435e+00   6.2231878e+00   6.2424936e+00   6.2685299e+00   6.2989095e+00   6.3046338e+00   6.2951240e+00   6.2742898e+00   6.2569674e+00   6.2348293e+00   6.2117965e+00   6.2094617e+00   6.2163570e+00   6.2259559e+00   6.2387619e+00   6.2457749e+00
   6.3936063e+00   6.3737214e+00   6.3327457e+00   6.2582098e+00   6.1884092e+00   6.1225574e+00   6.0419423e+00   5.9610504e+00   5.8665211e+00   5.7414427e+00   5.6308070e+00   5.5358418e+00   5.4768436e+00   5.4571586e+00   5.4530949e+00   5.4860826e+00   5.5242050e+00   5.5469593e+00   5.5653115e+00   5.5978958e+00   5.6446211e+00   5.7033062e+00   5.7637249e+00   5.8453685e+00   5.9585551e+00   6.0468410e+00   6.1333043e+00   6.2287107e+00   6.2967256e+00   6.3547905e+00   6.3601835e+00   6.2692616e+00   6.0725016e+00   5.6430499e+00   5.0379018e+00   4.2356879e+00   3.8178508e+00   3.8057658e+00   3.7608280e+00   3.5855955e+00   3.7627302e+00   4.2533291e+00   4.7553672e+00   4.9838922e+00   5.1535631e+00   5.4423846e+00   5.6556016e+00   5.8074053e+00   5.9010494e+00   5.9587931e+00   6.0400893e+00   6.1612683e+00   6.2587271e+00   6.3419695e+00   6.4185054e+00   6.4649816e+00   6.4962544e+00   6.5160401e+00   6.5372831e+00   6.5662238e+00   6.5922870e+00   6.5901940e+00   6.5638321e+00   6.5107712e+00   6.4728577e+00   6.4479665e+00   6.4184695e+00   6.4076474e+00   6.4097399e+00   6.4121955e+00   6.4139348e+00   6.4092237e+00
   6.3104798e+00   6.2706240e+00   6.2075310e+00   6.1053375e+00   6.0162578e+00   5.9353894e+00   5.8360381e+00   5.7378357e+00   5.6307473e+00   5.5025124e+00   5.3999546e+00   5.3202110e+00   5.2823269e+00   5.2831675e+00   5.3037164e+00   5.3662029e+00   5.4207276e+00   5.4548620e+00   5.4915628e+00   5.5431149e+00   5.6123536e+00   5.7081110e+00   5.8048788e+00   5.9196929e+00   6.0694604e+00   6.1910169e+00   6.3133815e+00   6.4545139e+00   6.5547962e+00   6.6317047e+00   6.6367694e+00   6.5319524e+00   6.3100059e+00   5.8429634e+00   5.2704521e+00   4.6202682e+00   4.2486432e+00   4.1863248e+00   4.1254526e+00   4.0388240e+00   4.2094207e+00   4.6762270e+00   5.1439022e+00   5.3094178e+00   5.3929611e+00   5.6252093e+00   5.7913164e+00   5.8979094e+00   5.9449068e+00   5.9860948e+00   6.0716911e+00   6.2058129e+00   6.3081787e+00   6.3928770e+00   6.4680527e+00   6.5124189e+00   6.5430783e+00   6.5667994e+00   6.5910988e+00   6.6171223e+00   6.6305653e+00   6.6186619e+00   6.5825960e+00   6.5163194e+00   6.4682313e+00   6.4405222e+00   6.4047626e+00   6.3866167e+00   6.3821846e+00   6.3751681e+00   6.3655256e+00   6.3460405e+00
   6.0344342e+00   5.9633516e+00   5.8703216e+00   5.7314706e+00   5.6180982e+00   5.5155525e+00   5.3873174e+00   5.2686589e+00   5.1530545e+00   5.0288393e+00   4.9455124e+00   4.8946747e+00   4.8896954e+00   4.9215850e+00   4.9773287e+00   5.0759894e+00   5.1514993e+00   5.2068279e+00   5.2761849e+00   5.3562952e+00   5.4576894e+00   5.6083107e+00   5.7577004e+00   5.9190747e+00   6.1174625e+00   6.2839823e+00   6.4548003e+00   6.6507103e+00   6.7816973e+00   6.8658381e+00   6.8577671e+00   6.7318503e+00   6.4763761e+00   5.9693788e+00   5.4286084e+00   4.9287966e+00   4.6182445e+00   4.5387088e+00   4.4705313e+00   4.4164328e+00   4.5640040e+00   5.0487951e+00   5.5071251e+00   5.5960324e+00   5.5424530e+00   5.6988302e+00   5.7986461e+00   5.8419923e+00   5.8258002e+00   5.8495887e+00   5.9449676e+00   6.0977231e+00   6.2085094e+00   6.2978290e+00   6.3722531e+00   6.4175801e+00   6.4544238e+00   6.4932159e+00   6.5230076e+00   6.5407839e+00   6.5292205e+00   6.5006988e+00   6.4539600e+00   6.3790127e+00   6.3215811e+00   6.2894196e+00   6.2439832e+00   6.2151075e+00   6.1993727e+00   6.1760551e+00   6.1483950e+00   6.1038532e+00
   5.1597563e+00   5.0365208e+00   4.9019517e+00   4.7285844e+00   4.5997830e+00   4.4873711e+00   4.3612801e+00   4.2684426e+00   4.1939856e+00   4.1317229e+00   4.1101516e+00   4.1233327e+00   4.1773886e+00   4.2544530e+00   4.3523386e+00   4.4726576e+00   4.5552917e+00   4.6273675e+00   4.7281207e+00   4.8390857e+00   4.9779391e+00   5.1877550e+00   5.3885095e+00   5.5990919e+00   5.8558794e+00   6.0737220e+00   6.2921992e+00   6.5290327e+00   6.6775504e+00   6.7614521e+00   6.7333275e+00   6.5768977e+00   6.2951659e+00   5.7984256e+00   5.3305221e+00   4.9528138e+00   4.7261700e+00   4.6290290e+00   4.5119569e+00   4.3902885e+00   4.5201683e+00   4.9824863e+00   5.5071251e+00   5.2663197e+00   5.0980480e+00   5.2060028e+00   5.2899090e+00   5.2733279e+00   5.1764076e+00   5.1988049e+00   5.3162482e+00   5.4920931e+00   5.6168392e+00   5.7185129e+00   5.8042900e+00   5.8612460e+00   5.9190596e+00   5.9745415e+00   5.9974534e+00   5.9868881e+00   5.9174727e+00   5.8561532e+00   5.8134500e+00   5.7511116e+00   5.6841431e+00   5.6332726e+00   5.5687492e+00   5.5271389e+00   5.4967022e+00   5.4515329e+00   5.3892233e+00   5.2956574e+00
   4.4506806e+00   4.3091340e+00   4.1664430e+00   4.0044911e+00   3.8969752e+00   3.8105296e+00   3.7262877e+00   3.6779741e+00   3.6509344e+00   3.6452964e+00   3.6680426e+00   3.7194975e+00   3.8051720e+00   3.8980482e+00   4.0035230e+00   4.1185834e+00   4.1942086e+00   4.2638948e+00   4.3635031e+00   4.4722672e+00   4.6118224e+00   4.8293384e+00   5.0416836e+00   5.2693681e+00   5.5544636e+00   5.7993624e+00   6.0422356e+00   6.3003161e+00   6.4617600e+00   6.5543508e+00   6.5248178e+00   6.3603779e+00   6.0798842e+00   5.6127145e+00   5.1978636e+00   4.8775807e+00   4.6708666e+00   4.5423401e+00   4.3676994e+00   4.1662549e+00   4.2095830e+00   4.4908504e+00   3.2137267e+00   4.8656077e+00   4.7646555e+00   4.7941929e+00   4.8501004e+00   4.7593437e+00   4.6272041e+00   4.6569385e+00   4.7890678e+00   4.9770159e+00   5.1095162e+00   5.2220302e+00   5.3256336e+00   5.3967909e+00   5.4661127e+00   5.5209144e+00   5.5314951e+00   5.4995959e+00   5.4009312e+00   5.3183357e+00   5.2734809e+00   5.1974625e+00   5.1188795e+00   5.0512527e+00   4.9736702e+00   4.9207520e+00   4.8775273e+00   4.8155804e+00   4.7323656e+00   4.6144615e+00
   3.3240767e+00   3.1668807e+00   3.0256181e+00   2.9039018e+00   2.8491601e+00   2.8230218e+00   2.8277699e+00   2.8634302e+00   2.9196156e+00   3.0075354e+00   3.0974720e+00   3.2020955e+00   3.3288978e+00   3.4352236e+00   3.5378508e+00   3.6317578e+00   3.6890763e+00   3.7460103e+00   3.8288810e+00   3.9188836e+00   4.0429137e+00   4.2500666e+00   4.4639722e+00   4.7060463e+00   5.0254416e+00   5.3051671e+00   5.5788139e+00   5.8639619e+00   6.0452223e+00   6.1566011e+00   6.1331591e+00   5.9653743e+00   5.6994819e+00   5.2912175e+00   4.9572826e+00   4.7049272e+00   4.5029026e+00   4.3149105e+00   4.0387453e+00   3.6965273e+00   3.5618356e+00   3.4641083e+00   2.0502328e+00   4.3040293e+00   4.2500237e+00   4.1330021e+00   4.1359536e+00   3.9129878e+00   3.7418443e+00   3.7879841e+00   3.9416516e+00   4.1451195e+00   4.2879418e+00   4.4181418e+00   4.5549050e+00   4.6513035e+00   4.7358298e+00   4.7815803e+00   4.7687802e+00   4.7039060e+00   4.5686685e+00   4.4552487e+00   4.4039333e+00   4.2927732e+00   4.1935585e+00   4.0984174e+00   4.0014401e+00   3.9300034e+00   3.8659729e+00   3.7778947e+00   3.6654946e+00   3.5175617e+00
   2.1109186e+00   2.0597635e+00   2.0440433e+00   2.0827439e+00   2.1514711e+00   2.2393840e+00   2.3715133e+00   2.5025601e+00   2.6429891e+00   2.8140734e+00   2.9534364e+00   3.0873576e+00   3.2267453e+00   3.3166187e+00   3.3825328e+00   3.4191807e+00   3.4164210e+00   3.3973003e+00   3.3680012e+00   3.3530718e+00   3.3654229e+00   3.4393088e+00   3.5699580e+00   3.7704398e+00   4.0873000e+00   4.3824463e+00   4.6786071e+00   5.0022207e+00   5.2308943e+00   5.4014573e+00   5.4612973e+00   5.3583590e+00   5.1601343e+00   4.8353655e+00   4.5348516e+00   4.2654321e+00   3.9770020e+00   3.6837697e+00   3.2958604e+00   2.7735135e+00   2.3861273e+00   1.8629793e+00   1.4128965e+00   4.3040293e+00   4.2500237e+00   2.9904528e+00   3.0918849e+00   2.7725037e+00   2.5663867e+00   2.6369310e+00   2.7901026e+00   2.9727270e+00   3.1209452e+00   3.2911708e+00   3.5004698e+00   3.6491266e+00   3.7628330e+00   3.8334943e+00   3.8042740e+00   3.6499803e+00   3.4473132e+00   3.2749665e+00   3.2120811e+00   3.0368483e+00   2.8757211e+00   2.7364880e+00   2.6095761e+00   2.5273237e+00   2.4599087e+00   2.3840343e+00   2.3038158e+00   2.2094600e+00
   1.8517364e+00   1.8697003e+00   1.9202543e+00   2.0266269e+00   2.1408557e+00   2.2673263e+00   2.4370212e+00   2.5924296e+00   2.7529834e+00   2.9441018e+00   3.0950828e+00   3.2336281e+00   3.3718980e+00   3.4525997e+00   3.4998554e+00   3.5039131e+00   3.4640749e+00   3.3951759e+00   3.2877398e+00   3.1956684e+00   3.1207760e+00   3.0783402e+00   3.1147408e+00   3.2394905e+00   3.5056866e+00   3.7877199e+00   4.0860967e+00   4.4258234e+00   4.6811090e+00   4.9000640e+00   5.0481746e+00   5.0148059e+00   4.8673444e+00   4.5965723e+00   4.3028953e+00   4.0012837e+00   3.6465613e+00   3.2745808e+00   2.8123339e+00   2.2385317e+00   1.8103041e+00   1.2836169e+00   1.0686788e+00   1.5015808e+00   1.7410620e+00   2.6900726e+00   2.6233465e+00   2.1250946e+00   1.9437795e+00   2.0258218e+00   2.1626231e+00   2.3175948e+00   2.4665806e+00   2.6627042e+00   2.9218601e+00   3.1134667e+00   3.2681846e+00   3.4065248e+00   3.4076540e+00   3.2363617e+00   2.9598820e+00   2.7133784e+00   2.6225309e+00   2.4432125e+00   2.2753324e+00   2.1368101e+00   2.0224797e+00   1.9715168e+00   1.9462467e+00   1.9278210e+00   1.9033199e+00   1.8708849e+00
   2.0297516e+00   2.1705607e+00   2.3202142e+00   2.5025391e+00   2.6556143e+00   2.8076224e+00   2.9894609e+00   3.1427368e+00   3.2972642e+00   3.4829311e+00   3.6298124e+00   3.7591879e+00   3.8842718e+00   3.9505376e+00   3.9709652e+00   3.9227857e+00   3.8195484e+00   3.6619321e+00   3.4095878e+00   3.1699036e+00   2.9225923e+00   2.6380270e+00   2.4588839e+00   2.3906173e+00   2.5078824e+00   2.7387789e+00   3.0261249e+00   3.3837258e+00   3.6811516e+00   3.9979061e+00   4.3437333e+00   4.4668127e+00   4.4175706e+00   4.2422540e+00   3.9427696e+00   3.5586289e+00   3.0741040e+00   2.5499680e+00   1.9537968e+00   1.3677851e+00   1.0157928e+00   8.1172185e-01   1.0686788e+00   1.5015808e+00   8.8345779e-01   0.0000000e+00   1.4672942e+00   1.0897607e+00   1.0097131e+00   1.1068938e+00   1.1953199e+00   1.2842440e+00   1.4312905e+00   1.6732131e+00   2.0240759e+00   2.3026948e+00   2.5567250e+00   2.8771556e+00   2.9815483e+00   2.8296479e+00   2.3861042e+00   1.9648515e+00   1.7997729e+00   1.6584615e+00   1.5189515e+00   1.4170758e+00   1.3636656e+00   1.4143766e+00   1.5172965e+00   1.6604397e+00   1.7767057e+00   1.8867604e+00
   3.0902091e+00   3.2539886e+00   3.4162931e+00   3.6014960e+00   3.7490371e+00   3.8895053e+00   4.0481641e+00   4.1742628e+00   4.2967775e+00   4.4433645e+00   4.5574971e+00   4.6553167e+00   4.7505758e+00   4.8020884e+00   4.8142194e+00   4.7571735e+00   4.6435121e+00   4.4673272e+00   4.1747567e+00   3.8783543e+00   3.5420990e+00   3.0875130e+00   2.6916082e+00   2.3273419e+00   2.0248727e+00   1.9588671e+00   2.0743256e+00   2.3831306e+00   2.7275357e+00   3.1602831e+00   3.7087429e+00   4.0165307e+00   4.0543915e+00   3.9446599e+00   3.7544169e+00   3.4073452e+00   2.8443263e+00   2.2277030e+00   1.4799340e+00   7.6493957e-01   5.1929058e-01   3.7979074e-01   5.3967894e-01   5.8350760e-01   6.2407587e-01   6.2208162e-01   5.5471391e-01   4.0691480e-01   4.4084099e-01   5.5741558e-01   5.9978980e-01   5.9855500e-01   7.1239285e-01   9.8184682e-01   1.4191415e+00   1.8103134e+00   2.2046582e+00   2.7001735e+00   2.6750869e+00   2.5170562e+00   2.5514835e+00   2.1861845e+00   1.9829311e+00   1.9734216e+00   2.0070131e+00   2.0282208e+00   2.0765963e+00   2.1994528e+00   2.3657621e+00   2.5795605e+00   2.7500611e+00   2.9055052e+00
   3.7219995e+00   3.8945758e+00   4.0609170e+00   4.2456895e+00   4.3903795e+00   4.5252590e+00   4.6729657e+00   4.7868883e+00   4.8947776e+00   5.0230133e+00   5.1215815e+00   5.2050496e+00   5.2872748e+00   5.3333126e+00   5.3435663e+00   5.2848131e+00   5.1682782e+00   4.9849573e+00   4.6753795e+00   4.3542326e+00   3.9787001e+00   3.4483808e+00   2.9548510e+00   2.4524258e+00   1.9310266e+00   1.6702639e+00   1.6170970e+00   1.8133356e+00   2.1684106e+00   2.6633781e+00   3.3158295e+00   3.8225798e+00   3.8979586e+00   3.7392016e+00   3.6137284e+00   3.3377500e+00   2.7886805e+00   2.0888932e+00   1.2840310e+00   5.3764435e-01   3.5160251e-01   2.4015264e-01   3.7266096e-01   4.8722177e-01   1.9413456e+00   3.1828725e-01   2.1060355e-01   1.6807641e-01   2.2763009e-01   3.3279228e-01   3.5702070e-01   3.1845313e-01   3.8365566e-01   6.0337385e-01   1.0649279e+00   1.5087323e+00   1.9609432e+00   2.5152539e+00   2.4997898e+00   2.3824129e+00   2.7057230e+00   2.4176999e+00   2.2085356e+00   2.2616851e+00   2.3946079e+00   2.4795694e+00   2.5707046e+00   2.7174961e+00   2.9079543e+00   3.1507009e+00   3.3448077e+00   3.5199063e+00
   4.8188483e+00   4.9845482e+00   5.1420374e+00   5.3163436e+00   5.4581041e+00   5.5891101e+00   5.7307511e+00   5.8417277e+00   5.9443749e+00   6.0630953e+00   6.1525228e+00   6.2312316e+00   6.3122828e+00   6.3638350e+00   6.3847189e+00   6.3392000e+00   6.2327966e+00   6.0548789e+00   5.7473027e+00   5.4241862e+00   5.0425992e+00   4.4966120e+00   3.9763921e+00   3.4071452e+00   2.6467378e+00   1.9668838e+00   1.3209263e+00   9.4342254e-01   1.2385487e+00   1.8103403e+00   2.3180863e+00   0.0000000e+00   0.0000000e+00   3.2549125e+00   3.2404678e+00   3.3099721e+00   3.1507243e+00   0.0000000e+00   1.3525917e+00   7.4050780e-01   6.4096220e-01   5.3099837e-01   7.5394534e-01   1.4246452e+00   1.9413456e+00   3.1828725e-01   3.6404431e-01   5.1455339e-01   4.2705197e-01   4.0833916e-01   4.4316046e-01   4.1400302e-01   2.6404837e-01   9.7749205e-02   4.7802113e-01   9.4784834e-01   1.3839420e+00   1.8340981e+00   1.9571305e+00   0.0000000e+00   3.2259252e+00   3.2711531e+00   3.1279947e+00   3.2180428e+00   3.5062076e+00   3.6584644e+00   3.7428139e+00   3.8448563e+00   4.0155428e+00   4.2489806e+00   4.4446259e+00   4.6203760e+00
   5.0760426e+00   5.2342172e+00   5.3847783e+00   5.5517677e+00   5.6885881e+00   5.8149306e+00   5.9515191e+00   6.0579200e+00   6.1542772e+00   6.2656785e+00   6.3479199e+00   6.4160989e+00   6.4800241e+00   6.5124599e+00   6.5118787e+00   6.4476389e+00   6.3359369e+00   6.1644743e+00   5.8852908e+00   5.5946880e+00   5.2453435e+00   4.7382404e+00   4.2515002e+00   3.7172797e+00   3.0058550e+00   2.3571651e+00   1.6665237e+00   8.9218466e-01   7.6376830e-01   1.3705350e+00   1.9194153e+00   1.4015253e+00   1.8306649e+00   3.2549125e+00   2.9636564e+00   2.9233666e+00   3.1507243e+00   1.4582615e+00   1.6785910e+00   1.1664316e+00   1.1252337e+00   1.0101798e+00   1.1512551e+00   1.5359385e+00   1.4264475e+00   9.3800527e-01   4.7555704e-01   8.1450997e-01   6.8919668e-01   5.8511816e-01   5.7553465e-01   5.5410962e-01   4.3942265e-01   2.6849272e-01   3.0896603e-01   6.1057864e-01   9.5913330e-01   1.3179501e+00   1.4029188e+00   2.0893688e+00   3.4548500e+00   3.2711531e+00   3.3943299e+00   3.6260809e+00   3.9944846e+00   4.1661820e+00   4.2174064e+00   4.2311720e+00   4.3523408e+00   4.5529482e+00   4.7275051e+00   4.8893039e+00
   5.2698307e+00   5.4223352e+00   5.5676762e+00   5.7291525e+00   5.8622507e+00   5.9850794e+00   6.1178610e+00   6.2208144e+00   6.3124322e+00   6.4183187e+00   6.4951457e+00   6.5553907e+00   6.6064120e+00   6.6244442e+00   6.6076897e+00   6.5293442e+00   6.4136499e+00   6.2470511e+00   5.9892607e+00   5.7231558e+00   5.3981051e+00   4.9203000e+00   4.4587858e+00   3.9509566e+00   3.2764388e+00   2.6512301e+00   1.9269209e+00   8.5357848e-01   4.0603581e-01   1.0391552e+00   1.6190289e+00   7.6291526e-01   1.4748786e+00   1.8749493e+00   2.5465184e+00   2.6320712e+00   0.0000000e+00   1.2860473e+00   1.9242214e+00   1.4873521e+00   1.4901174e+00   1.3712283e+00   1.4506158e+00   1.6197946e+00   1.3294575e+00   1.0547399e+00   5.5957847e-01   1.0405181e+00   8.8671470e-01   7.1831573e-01   6.7527456e-01   6.5967566e-01   5.7156180e-01   3.9714274e-01   1.8158819e-01   3.5645624e-01   6.3905290e-01   9.2904832e-01   9.8533728e-01   2.1146084e+00   3.0195981e+00   3.2162027e+00   3.6618971e+00   3.9335251e+00   4.3623865e+00   4.5487316e+00   4.5749974e+00   4.5222491e+00   4.6061078e+00   4.7819784e+00   4.9406458e+00   5.0919329e+00
   5.2850414e+00   5.4388347e+00   5.5875080e+00   5.7543781e+00   5.8932979e+00   6.0241575e+00   6.1670147e+00   6.2774146e+00   6.3757578e+00   6.4865884e+00   6.5670939e+00   6.6303121e+00   6.6823090e+00   6.7013140e+00   6.6860227e+00   6.6086169e+00   6.4886938e+00   6.3144258e+00   6.0434680e+00   5.7707994e+00   5.4492550e+00   4.9891213e+00   4.5427313e+00   4.0410509e+00   3.3655811e+00   2.7354862e+00   2.0000550e+00   9.3315920e-01   6.9416475e-01   1.5818679e+00   2.4237128e+00   1.3543308e+00   2.8147690e-01   1.0557403e+00   0.0000000e+00   0.0000000e+00   6.3561023e-01   1.2355610e+00   2.2408115e+00   2.0608504e+00   2.2747509e+00   2.2210906e+00   2.2820497e+00   2.5461788e+00   2.4412879e+00   1.8412908e+00   1.5027066e+00   1.6186345e+00   1.4059463e+00   1.1608447e+00   9.7207899e-01   8.0683112e-01   6.6931656e-01   5.3102797e-01   4.5561962e-01   5.6307029e-01   4.0251316e-01   9.8645705e-01   0.0000000e+00   1.4571936e+00   2.0667066e+00   2.1786912e+00   3.6711357e+00   4.2010494e+00   4.8317848e+00   5.0219346e+00   4.7907034e+00   4.6659836e+00   4.6945751e+00   4.8385749e+00   4.9709575e+00   5.1099451e+00
   5.0998763e+00   5.2523146e+00   5.4008001e+00   5.5701250e+00   5.7108195e+00   5.8451199e+00   5.9950010e+00   6.1132677e+00   6.2230946e+00   6.3492546e+00   6.4436070e+00   6.5226552e+00   6.5953146e+00   6.6326746e+00   6.6378266e+00   6.5863197e+00   6.4902282e+00   6.3417221e+00   6.1021355e+00   5.8552478e+00   5.5599875e+00   5.1324863e+00   4.7166130e+00   4.2508094e+00   3.6215726e+00   3.0207770e+00   2.2990069e+00   1.2352924e+00   9.3531055e-01   1.7951478e+00   2.8356202e+00   3.7097086e+00   8.9660331e-01   8.5070203e-01   1.0727954e+00   1.1367099e+00   4.7880838e-01   1.1290441e+00   2.2408115e+00   2.1837429e+00   2.5473927e+00   2.5825023e+00   2.5931523e+00   2.8153561e+00   2.7003873e+00   2.1380412e+00   1.8767755e+00   1.9420795e+00   1.7293935e+00   1.4768934e+00   1.2562342e+00   1.0249537e+00   8.2823288e-01   6.3381126e-01   4.9821533e-01   6.2445016e-01   5.8671605e-01   9.8645705e-01   5.1815776e-01   1.2655109e+00   1.7774324e+00   2.2389522e+00   3.3013354e+00   3.7508295e+00   4.8317848e+00   5.0219346e+00   4.6422261e+00   4.4889545e+00   4.5408394e+00   4.6693520e+00   4.7949586e+00   4.9281568e+00
   4.8541263e+00   5.0047662e+00   5.1530027e+00   5.3255855e+00   5.4686353e+00   5.6075024e+00   5.7667054e+00   5.8954129e+00   6.0204809e+00   6.1669861e+00   6.2797159e+00   6.3797736e+00   6.4798562e+00   6.5415768e+00   6.5738611e+00   6.5567269e+00   6.4922647e+00   6.3779495e+00   6.1799986e+00   5.9673271e+00   5.7069509e+00   5.3227594e+00   4.9473878e+00   4.5291996e+00   3.9613229e+00   3.3994132e+00   2.6957741e+00   1.6362817e+00   1.2553578e+00   2.0782116e+00   3.2456310e+00   3.7097086e+00   0.0000000e+00   5.7857653e-01   5.4306336e-01   7.0513890e-01   2.7070192e-01   9.8767562e-01   0.0000000e+00   2.3468452e+00   2.9092413e+00   3.0621658e+00   3.0060459e+00   3.1726064e+00   3.0442625e+00   2.5318865e+00   2.3732374e+00   2.3713539e+00   2.1586707e+00   1.8963513e+00   1.6333632e+00   1.3144448e+00   1.0391456e+00   7.7022461e-01   5.5474810e-01   7.0591313e-01   8.3118901e-01   0.0000000e+00   5.4239843e-01   1.0111108e+00   1.3935093e+00   0.0000000e+00   2.8105387e+00   2.9541239e+00   3.0334599e+00   0.0000000e+00   4.4451678e+00   4.2540025e+00   4.3368023e+00   4.4447604e+00   4.5613740e+00   4.6868885e+00
   3.9578438e+00   4.0756730e+00   4.1885395e+00   4.3191522e+00   4.4207753e+00   4.5187216e+00   4.6353685e+00   4.7326770e+00   4.8346972e+00   4.9759372e+00   5.1064438e+00   5.2435453e+00   5.4112051e+00   5.5458110e+00   5.6673609e+00   5.7707279e+00   5.8135783e+00   5.8137942e+00   5.7610289e+00   5.6705528e+00   5.5329257e+00   5.3054425e+00   5.0725702e+00   4.8124011e+00   4.4519638e+00   4.0711102e+00   3.5621125e+00   2.7126746e+00   2.1254325e+00   2.5432928e+00   3.5785213e+00   4.4113850e+00   4.6550229e+00   1.8872091e+00   4.6423459e-01   7.2815149e-01   6.3542360e-01   8.6398954e-01   1.5419229e+00   1.7276476e+00   2.9092413e+00   3.5325003e+00   3.5138730e+00   3.6163651e+00   3.4694210e+00   3.1689125e+00   3.0926090e+00   3.0462865e+00   2.8372797e+00   2.5827821e+00   2.2936494e+00   1.9050773e+00   1.5682658e+00   1.2565279e+00   9.0764769e-01   7.3592970e-01   1.0862283e+00   6.8480547e-01   9.6936631e-01   1.4463438e+00   1.8316693e+00   3.0095858e+00   2.0535362e+00   1.3533042e+00   1.3347905e+00   2.3687142e+00   3.7848600e+00   3.5936375e+00   3.6677868e+00   3.6719860e+00   3.7419829e+00   3.8285823e+00
   3.4974599e+00   3.5968304e+00   3.6914862e+00   3.7989300e+00   3.8792833e+00   3.9548831e+00   4.0456359e+00   4.1255867e+00   4.2150153e+00   4.3518900e+00   4.4928211e+00   4.6537721e+00   4.8661568e+00   5.0469898e+00   5.2204219e+00   5.3899161e+00   5.4884299e+00   5.5450478e+00   5.5627528e+00   5.5347436e+00   5.4647212e+00   5.3265035e+00   5.1716863e+00   4.9886994e+00   4.7179015e+00   4.4178029e+00   4.0086030e+00   3.3015358e+00   2.6920895e+00   2.7605674e+00   3.6968428e+00   4.5557537e+00   4.6550229e+00   2.1511215e+00   5.2160399e-01   7.7211593e-01   8.1713289e-01   9.3668709e-01   1.6272497e+00   1.2850395e+00   2.2278184e+00   3.8235642e+00   3.7510291e+00   3.8344830e+00   3.7031850e+00   3.4881593e+00   3.4398332e+00   3.3936117e+00   3.2045426e+00   2.9572356e+00   2.6535333e+00   2.2269957e+00   1.8561315e+00   1.5276604e+00   1.1894517e+00   9.5012799e-01   9.7128815e-01   6.3684489e-01   1.1970859e+00   1.6479896e+00   2.1216151e+00   2.8472538e+00   1.7916810e+00   8.4113745e-01   9.2064380e-01   1.9526897e+00   3.3634152e+00   3.4000771e+00   3.3813875e+00   3.3213460e+00   3.3430248e+00   3.3967624e+00
   2.7606450e+00   2.8293160e+00   2.8947961e+00   2.9639982e+00   3.0103173e+00   3.0491960e+00   3.0955969e+00   3.1468814e+00   3.2156148e+00   3.3443053e+00   3.5028529e+00   3.7054507e+00   3.9966365e+00   4.2577912e+00   4.5186064e+00   4.7969840e+00   4.9849739e+00   5.1301083e+00   5.2576356e+00   5.3293842e+00   5.3708429e+00   5.3818143e+00   5.3554237e+00   5.2930873e+00   5.1535532e+00   4.9738658e+00   4.7242550e+00   4.2699057e+00   3.6853393e+00   3.0927102e+00   3.8482231e+00   4.9661607e+00   3.8194666e+00   2.2790481e+00   6.8399640e-01   8.6566006e-01   1.1038841e+00   1.1512831e+00   1.9478156e+00   1.0681272e+00   2.1755294e+00   4.2669940e+00   4.1134942e+00   4.1764824e+00   4.0883991e+00   3.9933470e+00   3.9794693e+00   3.9499446e+00   3.8058017e+00   3.5722908e+00   3.2444484e+00   2.7555722e+00   2.3284373e+00   1.9769795e+00   1.7129653e+00   1.4362974e+00   6.0996087e-01   6.4894910e-01   1.5675970e+00   1.9549050e+00   2.6324462e+00   2.4703791e+00   1.3940730e+00   2.4509646e-01   5.8841746e-01   1.4944265e+00   2.6424668e+00   2.9905878e+00   2.9643101e+00   2.7935627e+00   2.7203337e+00   2.7121945e+00
   2.4402287e+00   2.4625683e+00   2.5063897e+00   2.5688631e+00   2.6195572e+00   2.6672157e+00   2.7222156e+00   2.7773737e+00   2.8462691e+00   2.9616539e+00   3.1005238e+00   3.2854306e+00   3.5651261e+00   3.8254831e+00   4.0907905e+00   4.3897041e+00   4.6116942e+00   4.8041907e+00   5.0004329e+00   5.1380345e+00   5.2542644e+00   5.3633009e+00   5.4233492e+00   5.4503015e+00   5.4252752e+00   5.3574947e+00   5.2544060e+00   5.0960180e+00   4.8138335e+00   3.9125046e+00   3.8482231e+00   4.9661607e+00   2.6911770e+00   1.5930468e+00   6.8658883e-01   7.6980481e-01   1.1476795e+00   1.2150205e+00   2.0976522e+00   1.4187159e+00   2.4119834e+00   4.5445031e+00   4.4440743e+00   4.4997887e+00   4.4767149e+00   4.4848454e+00   4.5294109e+00   4.5533855e+00   4.4606061e+00   4.2370473e+00   3.8841674e+00   3.3103647e+00   2.7768722e+00   2.3113869e+00   2.0873912e+00   1.9086300e+00   1.1395492e+00   1.3399989e+00   1.9969704e+00   2.3914141e+00   3.7428973e+00   3.1074137e+00   2.0331258e+00   2.4509646e-01   6.6990742e-01   1.3087259e+00   2.0548028e+00   2.6921176e+00   2.7537874e+00   2.7211035e+00   2.5775803e+00   2.4839572e+00
   2.3789462e+00   2.3702957e+00   2.3973367e+00   2.4535425e+00   2.5082440e+00   2.5656266e+00   2.6330763e+00   2.6946376e+00   2.7654513e+00   2.8712050e+00   2.9898639e+00   3.1485367e+00   3.3951087e+00   3.6309223e+00   3.8760999e+00   4.1637183e+00   4.3907110e+00   4.6010877e+00   4.8308994e+00   5.0049513e+00   5.1644443e+00   5.3297300e+00   5.4381871e+00   5.5135482e+00   5.5446799e+00   5.5263120e+00   5.4904064e+00   5.4786256e+00   5.3800583e+00   5.2450741e+00   1.9391277e+00   2.5870420e+00   2.0459739e+00   1.2474235e+00   6.6616471e-01   7.0290905e-01   1.1767588e+00   1.2305032e+00   2.1730326e+00   1.8400247e+00   2.5603157e+00   4.6861555e+00   4.6302356e+00   4.6818146e+00   4.6933254e+00   4.7582250e+00   4.8384084e+00   4.8937472e+00   4.8323219e+00   4.6185536e+00   4.2541713e+00   3.6296107e+00   3.0198051e+00   2.4620497e+00   2.1903524e+00   1.9954567e+00   1.8059457e+00   1.7086755e+00   2.1806350e+00   2.6639213e+00   4.0885900e+00   3.3086005e+00   2.3950077e+00   9.6109508e-01   7.4123613e-01   1.2252731e+00   1.7814898e+00   2.5844715e+00   2.6898391e+00   2.7611424e+00   2.6038737e+00   2.4752300e+00
   2.5549970e+00   2.4876323e+00   2.4785032e+00   2.5194602e+00   2.5838187e+00   2.6669774e+00   2.7708016e+00   2.8517722e+00   2.9296757e+00   3.0157859e+00   3.0826963e+00   3.1641734e+00   3.2994267e+00   3.4429037e+00   3.6057781e+00   3.8242100e+00   4.0268153e+00   4.2447240e+00   4.5144793e+00   4.7430866e+00   4.9716606e+00   5.2256774e+00   5.4078895e+00   5.5533664e+00   5.6518864e+00   5.6785709e+00   5.7111086e+00   5.8790522e+00   6.0927846e+00   6.1264520e+00   3.1013445e+00   1.4530371e+00   1.0325788e+00   8.0876103e-01   5.8516760e-01   5.7085983e-01   1.2314433e+00   1.2080059e+00   2.2684239e+00   2.9948695e+00   2.8225881e+00   4.8705951e+00   4.9162045e+00   4.9613424e+00   5.0213891e+00   5.1704627e+00   5.3114972e+00   5.4178204e+00   5.4100678e+00   5.2208315e+00   4.8446691e+00   4.1354867e+00   3.3712228e+00   2.6081070e+00   2.1038673e+00   1.7225811e+00   1.6357096e+00   2.2285785e+00   2.3309555e+00   3.1430585e+00   4.4173159e+00   3.6671253e+00   2.9554625e+00   0.0000000e+00   9.0849039e-01   1.1449728e+00   1.4923023e+00   2.5561466e+00   2.7154235e+00   3.0059630e+00   2.8861717e+00   2.7334782e+00
   2.8889480e+00   2.7942150e+00   2.7619835e+00   2.7828444e+00   2.8400957e+00   2.9262269e+00   3.0402620e+00   3.1234158e+00   3.1955187e+00   3.2646694e+00   3.3027063e+00   3.3380918e+00   3.3956734e+00   3.4625767e+00   3.5523143e+00   3.6955484e+00   3.8458204e+00   4.0246723e+00   4.2726503e+00   4.5029658e+00   4.7468431e+00   5.0310236e+00   5.2424051e+00   5.4169692e+00   5.5447857e+00   5.5890299e+00   5.6520446e+00   5.9164533e+00   6.2992957e+00   6.4336123e+00   4.9383783e+00   2.3738800e+00   6.0455584e-01   5.1646719e-01   5.0256294e-01   4.6598039e-01   1.1362488e+00   1.1989299e+00   1.8500459e+00   2.9175137e+00   3.5193701e+00   4.9438903e+00   5.0368694e+00   5.0816452e+00   5.1540869e+00   5.3297732e+00   5.5051654e+00   5.6484219e+00   5.6905441e+00   5.5468945e+00   5.1964886e+00   4.4373466e+00   3.5588456e+00   2.7139601e+00   1.6485659e+00   1.7225811e+00   1.6357096e+00   2.3872148e+00   2.7607675e+00   3.8431717e+00   4.6432299e+00   4.0605714e+00   2.9770525e+00   1.5917948e+00   7.7476763e-01   1.1258693e+00   1.3967806e+00   2.5561466e+00   2.8118301e+00   3.1763585e+00   3.1594048e+00   3.0733585e+00
   3.1013477e+00   2.9996541e+00   2.9589707e+00   2.9715472e+00   3.0252843e+00   3.1114428e+00   3.2287030e+00   3.3115335e+00   3.3790956e+00   3.4371805e+00   3.4592305e+00   3.4690304e+00   3.4817657e+00   3.5018006e+00   3.5439464e+00   3.6356921e+00   3.7474561e+00   3.8929761e+00   4.1138352e+00   4.3347555e+00   4.5786529e+00   4.8727458e+00   5.0972616e+00   5.2853407e+00   5.4224391e+00   5.4636065e+00   5.5275534e+00   5.8569214e+00   6.3642063e+00   6.7035981e+00   6.9942205e+00   3.0388260e+00   6.6115581e-01   4.2576943e-01   4.4141523e-01   3.9826761e-01   1.0741239e+00   1.1812167e+00   1.5803502e+00   4.6923138e+00   4.8277918e+00   4.9357553e+00   5.0636927e+00   5.1061703e+00   5.1831681e+00   5.3702564e+00   5.5663042e+00   5.7345015e+00   5.8158438e+00   5.7143307e+00   5.3970392e+00   4.6168583e+00   3.6778464e+00   2.7557364e+00   1.3675093e+00   7.5552234e-01   1.6312660e+00   2.5634971e+00   3.2187557e+00   5.2839952e+00   4.7772519e+00   4.2906568e+00   3.0440738e+00   1.5917948e+00   7.5083367e-01   1.1551118e+00   1.3667668e+00   1.7796320e+00   2.9271282e+00   3.2540710e+00   3.2996251e+00   3.2692082e+00
   3.3710867e+00   3.2966739e+00   3.2668383e+00   3.2844442e+00   3.3371968e+00   3.4169471e+00   3.5269992e+00   3.6034999e+00   3.6623522e+00   3.7054176e+00   3.7153852e+00   3.7055879e+00   3.6771186e+00   3.6439741e+00   3.6219616e+00   3.6356602e+00   3.6804616e+00   3.7542919e+00   3.8948339e+00   4.0675804e+00   4.2779182e+00   4.5525380e+00   4.7750002e+00   4.9630058e+00   5.0795583e+00   5.0675624e+00   5.0688926e+00   5.4932228e+00   6.2169286e+00   6.8538242e+00   6.9942205e+00   4.1573769e+00   1.8700370e+00   6.3978489e-01   3.3399110e-01   3.0879209e-01   9.8976731e-01   1.1174346e+00   1.2254039e+00   4.6923138e+00   4.8277918e+00   4.7860188e+00   4.9251413e+00   4.9575505e+00   5.0288291e+00   5.2112961e+00   5.4294384e+00   5.6343253e+00   5.7914039e+00   5.7888450e+00   5.5714642e+00   4.8016882e+00   3.8278275e+00   2.7204519e+00   1.3738151e+00   9.6025713e-01   1.6193401e+00   3.0480329e+00   4.4387408e+00   5.2839952e+00   4.9140393e+00   4.5131678e+00   4.1215710e+00   0.0000000e+00   9.3176109e-01   1.3353729e+00   1.4349397e+00   2.1487873e+00   3.1895331e+00   3.2467408e+00   3.3616536e+00   3.4476653e+00
   3.2820354e+00   3.2664789e+00   3.2730172e+00   3.3190444e+00   3.3868443e+00   3.4710509e+00   3.5770820e+00   3.6525215e+00   3.7101652e+00   3.7518033e+00   3.7642088e+00   3.7529376e+00   3.7102672e+00   3.6587694e+00   3.6111923e+00   3.5848504e+00   3.5874500e+00   3.6124632e+00   3.6908252e+00   3.8168355e+00   3.9910197e+00   4.2389707e+00   4.4531083e+00   4.6383238e+00   4.7298481e+00   4.6141733e+00   4.2799063e+00   4.7141416e+00   5.7686673e+00   6.6814768e+00   7.0469746e+00   4.9353758e+00   3.2748139e+00   1.8625050e+00   7.8719061e-01   3.1461305e-01   7.9857207e-01   1.2268227e+00   2.3194627e+00   4.2728461e+00   4.4815329e+00   4.3702837e+00   4.4995468e+00   4.5122174e+00   4.5700886e+00   4.7237697e+00   4.9443000e+00   5.1834801e+00   5.4160770e+00   5.5233305e+00   5.4583619e+00   4.8284337e+00   3.7261461e+00   2.8314311e+00   1.3738151e+00   1.4295920e+00   1.6413872e+00   4.4174592e+00   4.4731356e+00   4.5916946e+00   4.6864799e+00   4.5728809e+00   4.3380745e+00   2.1175098e+00   1.6763780e+00   1.5941024e+00   1.6447524e+00   3.1913850e+00   2.9540252e+00   3.0043651e+00   3.1227415e+00   3.2613362e+00
   3.1005887e+00   3.1334484e+00   3.1739183e+00   3.2474466e+00   3.3291196e+00   3.4209420e+00   3.5290286e+00   3.6057608e+00   3.6643938e+00   3.7081763e+00   3.7237847e+00   3.7136792e+00   3.6664419e+00   3.6081723e+00   3.5478223e+00   3.4959207e+00   3.4712368e+00   3.4630987e+00   3.4963185e+00   3.5860199e+00   3.7299073e+00   3.9520269e+00   4.1535880e+00   4.3329916e+00   4.4160382e+00   4.2322987e+00   3.8868419e+00   4.3021693e+00   5.2350404e+00   6.3659507e+00   6.9446040e+00   5.3766490e+00   4.0866875e+00   2.6990946e+00   1.1711708e+00   3.3239875e-01   8.5317570e-01   1.6437714e+00   4.6545714e+00   4.1693389e+00   4.1117804e+00   3.9551722e+00   4.0620227e+00   4.0642950e+00   4.1080986e+00   4.2318997e+00   4.4452455e+00   4.7053652e+00   4.9985630e+00   5.1966197e+00   5.2727132e+00   4.8146689e+00   3.7312511e+00   3.0334231e+00   1.3847736e+00   1.6844265e+00   1.7288784e+00   4.1383057e+00   4.1725254e+00   4.0883203e+00   4.3955497e+00   4.5409282e+00   4.4365883e+00   2.7331166e+00   2.0630469e+00   1.6971218e+00   1.6347444e+00   3.1913850e+00   2.6925146e+00   2.7125667e+00   2.8333550e+00   3.0084689e+00
   2.6106794e+00   2.7187510e+00   2.8196424e+00   2.9438163e+00   3.0499154e+00   3.1611641e+00   3.2827566e+00   3.3656612e+00   3.4296454e+00   3.4831399e+00   3.5060264e+00   3.5023046e+00   3.4616552e+00   3.4088758e+00   3.3445609e+00   3.2671418e+00   3.2143663e+00   3.1682029e+00   3.1428498e+00   3.1802567e+00   3.2760100e+00   3.4505158e+00   3.6215247e+00   3.7851376e+00   3.8783024e+00   3.6219474e+00   3.4132488e+00   3.5029812e+00   4.0890343e+00   5.5416941e+00   6.5052807e+00   5.6800181e+00   4.6869458e+00   3.6732542e+00   1.7891418e+00   3.8502037e-01   1.3454323e+00   0.0000000e+00   4.6545714e+00   3.9753921e+00   3.3741096e+00   3.1697161e+00   3.2142488e+00   3.2115953e+00   3.2277032e+00   3.2931651e+00   3.4777581e+00   3.7564253e+00   4.1408365e+00   4.4808541e+00   4.8062406e+00   4.7245109e+00   4.0884271e+00   1.4139343e+00   1.4775615e+00   1.8279194e+00   1.9981536e+00   3.1678714e+00   3.1275002e+00   3.1597348e+00   3.7441319e+00   4.1298607e+00   4.1290455e+00   3.2526855e+00   2.2293967e+00   1.6459910e+00   1.2680681e+00   1.5496839e+00   1.8529093e+00   2.0815676e+00   2.2052614e+00   2.4241525e+00
   1.7838522e+00   1.9643345e+00   2.1382028e+00   2.3360377e+00   2.4813539e+00   2.6180752e+00   2.7640567e+00   2.8615167e+00   2.9357688e+00   2.9979836e+00   3.0265080e+00   3.0349311e+00   3.0164951e+00   2.9802744e+00   2.9267490e+00   2.8421549e+00   2.7787977e+00   2.7163904e+00   2.6487173e+00   2.6364350e+00   2.6768038e+00   2.7789080e+00   2.8856020e+00   2.9997060e+00   3.1347226e+00   3.0755435e+00   2.9795354e+00   2.3940190e+00   2.7784197e+00   4.1472211e+00   5.6230111e+00   5.1085503e+00   4.3868828e+00   3.6153270e+00   1.7149210e+00   3.6100075e-01   2.2102679e+00   4.4751919e+00   4.1416219e+00   3.1874385e+00   2.4679686e+00   2.1266405e+00   2.0842266e+00   2.0824943e+00   2.0705866e+00   2.0843330e+00   2.2144167e+00   2.4648801e+00   2.9057404e+00   3.3906821e+00   4.0577053e+00   4.3298098e+00   3.6757910e+00   1.6379347e+00   1.6797678e+00   2.0010708e+00   2.1840345e+00   2.2235766e+00   1.9824491e+00   2.0490237e+00   2.6371201e+00   3.1452660e+00   3.7735262e+00   2.7428622e+00   1.8094765e+00   1.2832615e+00   8.9215630e-01   9.5296320e-01   1.2719145e+00   1.2772155e+00   1.3267939e+00   1.5331899e+00
   1.0641910e+00   1.2910630e+00   1.5168126e+00   1.7710032e+00   1.9541767e+00   2.1174755e+00   2.2838180e+00   2.3939582e+00   2.4768940e+00   2.5431966e+00   2.5735841e+00   2.5896540e+00   2.5848026e+00   2.5572568e+00   2.5115520e+00   2.4326503e+00   2.3669470e+00   2.3006067e+00   2.2193013e+00   2.1803930e+00   2.1822973e+00   2.2276178e+00   2.2805100e+00   2.3565000e+00   2.5513629e+00   2.7593583e+00   2.8612698e+00   2.0916256e+00   2.4210394e+00   3.2902885e+00   4.7500569e+00   4.6200261e+00   4.0751213e+00   3.4602162e+00   1.5542405e+00   3.0684840e-01   3.2704228e+00   3.6922431e+00   3.4490449e+00   2.5220926e+00   1.7954078e+00   1.3319113e+00   1.1790589e+00   1.2385506e+00   1.2687276e+00   1.2443708e+00   1.3251297e+00   1.5064870e+00   1.9581406e+00   2.5166946e+00   3.3326181e+00   3.8865606e+00   3.5632728e+00   1.8072785e+00   1.8590781e+00   2.0361642e+00   1.5061191e+00   1.5490963e+00   1.1562381e+00   1.2191611e+00   1.7234886e+00   2.1732917e+00   2.0482087e+00   2.3269920e+00   1.4614953e+00   9.4915619e-01   6.1411010e-01   5.9365229e-01   7.9499251e-01   8.3271695e-01   8.1307100e-01   8.6129475e-01
   2.4768789e-01   5.1858143e-01   7.9717050e-01   1.1112847e+00   1.3393371e+00   1.5350703e+00   1.7240652e+00   1.8485978e+00   1.9412546e+00   2.0103822e+00   2.0413082e+00   2.0645404e+00   2.0721254e+00   2.0514519e+00   2.0138074e+00   1.9475428e+00   1.8827308e+00   1.8172105e+00   1.7324481e+00   1.6719350e+00   1.6352410e+00   1.6193634e+00   1.6123407e+00   1.6476645e+00   1.9225484e+00   2.2069029e+00   1.5349332e+00   9.5623806e-01   8.0663463e-01   2.2402015e+00   3.7052657e+00   4.0703570e+00   3.6952218e+00   3.2300441e+00   1.3222068e+00   2.2820080e-01   3.2704228e+00   3.0454613e+00   2.4781098e+00   1.7778145e+00   1.0924548e+00   4.8880664e-01   1.9266193e-01   3.5289109e-01   4.6522041e-01   4.0120958e-01   4.2503271e-01   5.0492157e-01   9.4897612e-01   1.5638594e+00   2.4718787e+00   3.1472226e+00   2.0253227e+00   1.9861473e+00   1.2220175e+00   2.0361642e+00   1.5061191e+00   5.4109607e-01   3.0706162e-01   3.4848085e-01   7.1274154e-01   1.5921466e+00   2.0482087e+00   1.8695875e+00   1.0757523e+00   5.6057330e-01   3.2408505e-01   2.6884215e-01   2.6878433e-01   4.6070362e-01   3.6007748e-01   1.5260334e-01
   1.1831057e+00   9.1759728e-01   6.7499358e-01   4.6592032e-01   4.3384306e-01   5.3216158e-01   6.9967654e-01   8.2604311e-01   9.2880836e-01   1.0085322e+00   1.0430765e+00   1.0699233e+00   1.0902972e+00   1.0813891e+00   1.0542297e+00   1.0080849e+00   9.5027879e-01   8.8197215e-01   8.0334512e-01   7.4260071e-01   6.8055090e-01   5.8939903e-01   4.9165127e-01   4.7681234e-01   1.0437914e+00   1.6800309e+00   1.2360903e+00   6.3957448e-01   6.8935040e-01   1.1429079e+00   2.0821992e+00   3.4845240e+00   3.6327799e+00   2.7226924e+00   1.2297051e+00   9.0929851e-01   1.8186103e+00   1.5868856e+00   1.5045152e+00   1.3816053e+00   1.2846507e+00   1.3047048e+00   1.4635698e+00   1.4526103e+00   1.2800733e+00   1.5019749e+00   1.4710913e+00   1.3303689e+00   1.2473037e+00   1.3025201e+00   1.6403891e+00   2.1824385e+00   1.9519677e+00   0.0000000e+00   1.2220175e+00   8.7405692e-01   7.7980495e-01   8.9383472e-01   9.4052169e-01   9.6927929e-01   8.1953528e-01   7.4040728e-01   8.1523056e-01   1.4378589e+00   7.7998630e-01   5.6158374e-01   4.5872130e-01   4.0333409e-01   1.1124297e+00   1.5083410e+00   1.5731268e+00   1.4472622e+00
   1.9651260e+00   1.7334503e+00   1.4869046e+00   1.2089064e+00   1.0210975e+00   8.8828300e-01   7.7303464e-01   6.8582038e-01   6.0661866e-01   5.1232631e-01   4.4489443e-01   4.0294523e-01   3.9723885e-01   4.2145742e-01   4.1863524e-01   3.9404199e-01   3.8293528e-01   3.9689660e-01   4.2842263e-01   4.6134840e-01   5.0572061e-01   5.6408398e-01   6.0073811e-01   6.6883102e-01   1.0201057e+00   1.4949738e+00   1.0549344e+00   8.5895871e-01   1.0584623e+00   1.6203717e+00   2.5978027e+00   3.4113168e+00   3.9045736e+00   2.2658678e+00   1.6494101e+00   9.6837280e-01   1.4953520e+00   1.7169411e+00   1.7939948e+00   1.8845674e+00   1.9852284e+00   2.2175915e+00   2.5228524e+00   2.2498940e+00   1.8986477e+00   1.9028401e+00   2.0450896e+00   2.1464460e+00   2.0935849e+00   2.0970947e+00   2.1738397e+00   2.2123359e+00   1.9687404e+00   1.7979822e+00   1.6694247e+00   1.6718879e+00   1.6777333e+00   1.7002754e+00   1.6948714e+00   1.7058390e+00   1.6000085e+00   1.3865045e+00   1.3561015e+00   1.3597430e+00   9.0270516e-01   8.1966516e-01   8.1369924e-01   7.4785784e-01   1.4277477e+00   1.8831559e+00   2.1126268e+00   2.1271903e+00
   2.6534516e+00   2.4659267e+00   2.2527998e+00   1.9776560e+00   1.7268594e+00   1.4800862e+00   1.2161897e+00   1.0145379e+00   8.3783472e-01   6.5624654e-01   5.3977308e-01   4.6454938e-01   4.2846455e-01   4.3944141e-01   4.3937799e-01   4.3570590e-01   4.5638704e-01   5.1409324e-01   6.0706125e-01   6.9497428e-01   7.9871543e-01   9.3814443e-01   1.0464802e+00   1.1559855e+00   1.3335880e+00   1.6094935e+00   1.1102392e+00   2.4390539e+00   2.5906060e+00   2.4421663e+00   3.1833729e+00   3.7696428e+00   3.5282818e+00   2.0442463e+00   1.8295719e+00   1.3028262e+00   1.6779642e+00   2.0514863e+00   2.2025269e+00   2.4402281e+00   2.6990591e+00   2.8132604e+00   2.8823992e+00   2.9080271e+00   3.2064351e+00   2.8907684e+00   2.7123485e+00   2.9043952e+00   2.9027026e+00   2.9071977e+00   2.8685897e+00   2.7239212e+00   2.5227812e+00   2.3726915e+00   2.4394401e+00   2.5530474e+00   2.5476627e+00   2.4846484e+00   2.4347136e+00   2.4211869e+00   2.3354959e+00   2.0748715e+00   1.7546614e+00   1.4487000e+00   1.1009216e+00   1.0948837e+00   1.1693319e+00   1.0877884e+00   1.7792454e+00   2.3204620e+00   2.6650160e+00   2.7448383e+00
   3.1928082e+00   3.0667565e+00   2.9288023e+00   2.7370490e+00   2.5305501e+00   2.3040580e+00   2.0452819e+00   1.8420867e+00   1.6639333e+00   1.4925468e+00   1.3842545e+00   1.3129906e+00   1.2463143e+00   1.2004823e+00   1.1807176e+00   1.1942444e+00   1.2277678e+00   1.2863435e+00   1.3866219e+00   1.4862389e+00   1.5975720e+00   1.7409402e+00   1.8490251e+00   1.9524946e+00   2.0185237e+00   2.1537682e+00   1.4620881e+00   2.5768970e+00   2.7240697e+00   3.3381052e+00   3.9399744e+00   4.4314668e+00   2.5117571e+00   2.0889596e+00   1.8109262e+00   1.3868263e+00   2.3595017e+00   2.5677068e+00   2.7084924e+00   3.0277487e+00   3.3955211e+00   3.0716773e+00   2.5393891e+00   3.3336667e+00   3.6820932e+00   3.3342063e+00   3.4706169e+00   3.5834893e+00   3.6433734e+00   3.7079711e+00   3.7116224e+00   3.7263038e+00   3.6308404e+00   3.5262815e+00   3.5200231e+00   3.4962294e+00   3.3702518e+00   3.2300133e+00   3.1436944e+00   3.0950176e+00   2.9979223e+00   2.7819255e+00   2.4302988e+00   1.7305502e+00   1.3869390e+00   1.3835088e+00   1.5136357e+00   1.4142218e+00   2.1727348e+00   2.8045104e+00   3.1996231e+00   3.2556907e+00
   3.4241764e+00   3.4336130e+00   3.4001033e+00   3.3351828e+00   3.2435325e+00   3.1047123e+00   2.9246555e+00   2.7655074e+00   2.6234737e+00   2.4932002e+00   2.3905634e+00   2.3100280e+00   2.2476045e+00   2.1970189e+00   2.1626268e+00   2.1687863e+00   2.1927652e+00   2.2440394e+00   2.3436979e+00   2.4474222e+00   2.5637220e+00   2.6881099e+00   2.7618777e+00   2.8368599e+00   2.9180403e+00   2.9896786e+00   3.0149536e+00   4.0686253e+00   4.1684045e+00   4.4476281e+00   4.6266155e+00   0.0000000e+00   1.8658202e+00   2.2401143e+00   1.8109262e+00   2.0686085e+00   2.7149638e+00   2.8231818e+00   3.0361693e+00   3.5228072e+00   3.9682179e+00   3.4790663e+00   2.6839913e+00   3.0970106e+00   3.9068161e+00   4.2411622e+00   4.3234408e+00   4.2905027e+00   4.3088933e+00   4.4651679e+00   4.5095492e+00   4.5822218e+00   4.5480226e+00   4.5230699e+00   4.4872751e+00   4.4082373e+00   4.2452175e+00   4.0255861e+00   3.8925374e+00   3.7675970e+00   3.6023451e+00   3.4102478e+00   3.1852650e+00   2.1882676e+00   1.7996235e+00   1.6964814e+00   1.8320090e+00   1.7440693e+00   2.6925775e+00   3.2095085e+00   3.5683624e+00   3.5269586e+00
   3.1441869e+00   3.0390426e+00   3.4362528e+00   3.6197184e+00   3.6428467e+00   3.6035944e+00   3.5089946e+00   3.4095752e+00   3.3187095e+00   3.2157660e+00   3.1264867e+00   3.0494499e+00   2.9914363e+00   2.9593281e+00   2.9443475e+00   2.9605566e+00   2.9997251e+00   3.0563994e+00   3.1407150e+00   3.2338489e+00   3.3267619e+00   3.4208017e+00   3.4623743e+00   3.4909901e+00   3.5918045e+00   3.7602110e+00   4.2987378e+00   4.9555609e+00   5.0774012e+00   5.2524226e+00   4.6266155e+00   1.9854295e+00   2.3542691e+00   1.7614549e+00   1.9133713e+00   2.2629956e+00   2.7410646e+00   2.8297924e+00   3.1643871e+00   3.8239153e+00   4.2262724e+00   4.2395721e+00   3.9510936e+00   3.6569593e+00   3.9964287e+00   4.3156652e+00   4.4473843e+00   4.4514007e+00   4.5683351e+00   4.7906472e+00   4.8335972e+00   5.0393697e+00   5.1097777e+00   5.2069869e+00   5.1431434e+00   4.9956808e+00   4.7667049e+00   4.6074131e+00   4.4814265e+00   4.2257172e+00   3.9375857e+00   3.7314809e+00   3.7279744e+00   2.6276225e+00   2.0822239e+00   2.0394402e+00   2.0867226e+00   1.8865121e+00   2.6925775e+00   3.0994012e+00   3.4442239e+00   3.4389866e+00
   2.9732219e+00   2.8641595e+00   3.3190477e+00   3.6013211e+00   3.6957774e+00   3.7513058e+00   3.7602889e+00   3.7454162e+00   3.7135983e+00   3.6552289e+00   3.5798280e+00   3.5175782e+00   3.4729765e+00   3.4682275e+00   3.4931923e+00   3.5379563e+00   3.6039605e+00   3.6557817e+00   3.7528242e+00   3.8129159e+00   3.8869946e+00   3.9253046e+00   3.9513831e+00   3.9575433e+00   4.0336969e+00   4.1599125e+00   4.5652062e+00   5.3196191e+00   5.2107849e+00   5.3838209e+00   1.7504408e+00   2.0395767e+00   2.1777199e+00   1.7523287e+00   1.9881693e+00   2.3701492e+00   2.6939375e+00   2.8521792e+00   3.3669359e+00   4.1460892e+00   4.2522374e+00   4.2111040e+00   4.0709804e+00   3.9864748e+00   4.1286647e+00   4.2611680e+00   4.3371248e+00   4.3463356e+00   4.6091672e+00   4.8430339e+00   4.9215043e+00   5.1140080e+00   5.2014951e+00   5.3186496e+00   5.2502266e+00   5.0915923e+00   4.8518478e+00   4.7024077e+00   4.5775741e+00   4.0409838e+00   3.8389171e+00   3.9048579e+00   3.8800376e+00   2.3113941e+00   2.1045537e+00   2.2618938e+00   2.1188806e+00   1.8026252e+00   1.9629332e+00   3.1164302e+00   3.3571722e+00   3.3911382e+00
   2.8365838e+00   2.9600641e+00   3.3579204e+00   3.6148109e+00   3.7034309e+00   3.8092059e+00   3.8815914e+00   3.9410159e+00   3.9309508e+00   3.8762978e+00   3.8039268e+00   3.7751753e+00   3.7630483e+00   3.8017429e+00   3.8636051e+00   3.9560596e+00   4.0383969e+00   4.1087907e+00   4.1878239e+00   4.2309247e+00   4.2647462e+00   4.2730186e+00   4.2679765e+00   4.2717217e+00   4.3139165e+00   4.4016360e+00   4.6284921e+00   5.4747904e+00   5.1965599e+00   1.5186058e+00   1.5198224e+00   2.1595654e+00   1.4125276e+00   1.6388287e+00   1.9522613e+00   2.3700426e+00   2.6605644e+00   2.9136831e+00   3.3830446e+00   4.2753034e+00   4.0391916e+00   3.9183110e+00   3.8107399e+00   3.8956416e+00   3.9577592e+00   3.9926526e+00   4.0290645e+00   4.0778667e+00   4.3288761e+00   4.6649320e+00   4.8533206e+00   3.0439248e+00   2.6613422e+00   2.3983777e+00   2.3075485e+00   2.2119722e+00   2.1128862e+00   2.0836899e+00   2.1969250e+00   3.8772059e+00   3.7663128e+00   3.9620926e+00   4.0001690e+00   1.8401544e+00   2.0048068e+00   2.1695658e+00   1.9681795e+00   1.7633645e+00   1.7609790e+00   3.1827025e+00   3.3255641e+00   3.3752899e+00
   2.7257294e+00   3.0726282e+00   3.3968386e+00   3.5996098e+00   3.6747440e+00   3.7316948e+00   3.8096692e+00   3.9367787e+00   3.9118365e+00   3.8259376e+00   3.7954237e+00   3.8198674e+00   3.8526460e+00   3.9322962e+00   4.0298253e+00   4.1661315e+00   4.2611537e+00   4.3497922e+00   4.3988059e+00   4.4189904e+00   4.4062177e+00   4.3857228e+00   4.3597757e+00   4.3796800e+00   4.4290459e+00   4.4884170e+00   4.5010584e+00   1.4124934e+00   1.0162124e+00   1.1912975e+00   1.8699340e+00   1.5598502e+00   1.5619835e+00   1.6158757e+00   1.9146060e+00   2.3047949e+00   2.7019011e+00   2.9920807e+00   3.1489954e+00   2.0314626e+00   3.6950710e+00   3.3370630e+00   3.3660190e+00   3.4202232e+00   3.5052194e+00   3.5126703e+00   3.5728413e+00   3.6036751e+00   3.7819834e+00   4.5160335e+00   4.5693413e+00   1.6557597e+00   1.5105353e+00   1.5030914e+00   1.5526148e+00   1.4704058e+00   1.3883778e+00   1.3017719e+00   1.2905527e+00   1.4979820e+00   1.6014294e+00   1.6855747e+00   1.5153007e+00   1.6270782e+00   1.7358748e+00   1.8716592e+00   1.7675334e+00   1.7404698e+00   1.6061550e+00   1.8699112e+00   1.6620499e+00   1.7924284e+00
   2.5512947e+00   2.9748144e+00   3.3550898e+00   3.5249155e+00   3.4836609e+00   3.4742333e+00   3.5823950e+00   3.6262976e+00   3.5327839e+00   3.5842071e+00   3.6068946e+00   3.6825221e+00   3.7279670e+00   3.8199192e+00   3.9507783e+00   4.1195689e+00   4.2407834e+00   4.3215686e+00   4.3611965e+00   4.3330209e+00   4.3402018e+00   4.2495880e+00   4.2208874e+00   4.2390542e+00   4.3979749e+00   4.4115403e+00   2.1674331e+00   1.9636887e+00   2.0070484e+00   2.1019809e+00   1.6152438e+00   1.3015578e+00   1.4377530e+00   1.4843958e+00   1.8844922e+00   2.2873179e+00   2.8376721e+00   3.0967692e+00   1.3825402e+00   1.2559006e+00   1.6364910e+00   2.7114921e+00   2.6241914e+00   2.7475458e+00   2.8750838e+00   3.0140919e+00   2.9798518e+00   2.8726680e+00   2.7412775e+00   1.5074916e+00   1.0618180e+00   6.5549734e-01   6.3650942e-01   9.0933666e-01   8.9282791e-01   7.7243098e-01   7.8069089e-01   7.9137744e-01   7.8188478e-01   8.9356010e-01   1.0846024e+00   1.2254000e+00   1.4635957e+00   1.5075440e+00   1.4054071e+00   1.5826494e+00   1.5337729e+00   1.5177806e+00   1.3245145e+00   1.2423620e+00   1.1484868e+00   1.4314491e+00
   2.4052031e+00   2.8331394e+00   3.0140436e+00   3.5072659e+00   3.2870310e+00   3.2835715e+00   3.4524089e+00   3.3257362e+00   3.1594924e+00   3.0758233e+00   3.2104533e+00   3.3289774e+00   3.3466552e+00   3.4168704e+00   3.5937762e+00   3.7830543e+00   3.9299366e+00   3.9948244e+00   4.0050559e+00   4.0333509e+00   4.1818001e+00   3.9855082e+00   3.7904152e+00   3.8564351e+00   4.0604257e+00   3.8098123e+00   2.1115267e+00   2.2053428e+00   2.1118777e+00   1.7529540e+00   9.5683161e-01   9.4836245e-01   1.0864995e+00   1.1893612e+00   1.9060568e+00   2.3696839e+00   2.5982385e+00   3.1256088e+00   1.2639527e+00   1.3353505e+00   1.4473126e+00   1.0534425e+00   2.0324595e+00   2.1349169e+00   2.3109847e+00   2.7877818e+00   2.5733461e+00   2.0365798e+00   1.7853490e+00   1.3333826e+00   1.0289044e+00   8.1025209e-01   8.9336106e-01   9.4376353e-01   5.2443808e-01   5.8569945e-01   5.4185238e-01   3.9942793e-01   3.7888361e-01   4.8328164e-01   6.3923219e-01   8.3380998e-01   1.1032029e+00   1.0982589e+00   1.1008329e+00   1.1830845e+00   1.0651398e+00   9.4691300e-01   8.2887756e-01   7.8120184e-01   8.8794688e-01   1.1597059e+00
   2.4966912e+00   2.7991262e+00   2.5638955e+00   7.7052100e-01   8.8266999e-01   7.9255330e-01   8.1958556e-01   1.1209179e+00   1.5626900e+00   2.1282939e+00   2.5245719e+00   2.6328087e+00   2.6215538e+00   2.7672694e+00   2.9350337e+00   3.2322598e+00   3.3389558e+00   3.3910556e+00   3.4796451e+00   3.5347328e+00   3.8153761e+00   2.9962202e+00   3.0700528e+00   3.2636366e+00   3.4287189e+00   3.1465148e+00   1.7586330e+00   1.5595832e+00   1.2574708e+00   9.6120113e-01   6.9063871e-01   6.6589440e-01   7.8659522e-01   9.7422260e-01   1.8949389e+00   2.2345492e+00   1.6780197e+00   1.0818502e+00   8.3792594e-01   1.3602081e+00   1.4182827e+00   1.1675949e+00   5.7188279e-01   1.6595620e+00   1.6595620e+00   8.6176575e-01   8.4139314e-01   1.2426413e+00   1.3284130e+00   1.1173425e+00   7.8764835e-01   9.7097567e-01   1.1485089e+00   1.1894860e+00   1.1386316e+00   1.1635483e+00   7.4549303e-01   2.6700864e-01   2.0117109e-01   2.1130452e-01   2.8113271e-01   4.1264488e-01   6.1075342e-01   7.0501052e-01   5.8772561e-01   6.6144018e-01   7.1465638e-01   5.2153117e-01   4.2651050e-01   5.1670940e-01   6.3416359e-01   7.6805963e-01
   7.1485595e-01   5.7842386e-01   9.5694748e-01   1.2859382e+00   1.2763562e+00   1.1307240e+00   1.3166473e+00   1.3554018e+00   1.1004501e+00   1.6515187e+00   2.1636426e+00   2.2342414e+00   1.9232388e+00   1.8054083e+00   2.1574214e+00   2.4413985e+00   2.5701982e+00   2.5481797e+00   3.2742069e+00   2.9587135e+00   0.0000000e+00   2.0026405e+00   2.3049220e+00   2.4471402e+00   2.5355957e+00   1.5584709e+00   1.5155716e+00   1.4703557e+00   1.1279083e+00   8.5218959e-01   8.1595767e-01   7.3838464e-01   8.4366064e-01   9.0839215e-01   1.6563872e+00   1.6076467e+00   1.3602270e+00   5.4671886e-01   6.4241706e-01   1.3510237e+00   1.3511688e+00   1.4292585e+00   6.0631510e-01   3.8303579e-01   4.4951509e-01   3.1651550e-01   3.6006474e-01   1.0103495e+00   1.1902803e+00   1.1173425e+00   3.7940055e-01   4.4074563e-01   5.0686566e-01   6.9849352e-01   1.4612258e+00   1.3940322e+00   7.0020050e-01   3.6946886e-01   4.0390085e-01   3.4027907e-01   1.9579963e-01   2.5091932e-01   2.9776943e-01   4.9739872e-01   4.7237734e-01   6.4016494e-01   9.5183186e-01   8.1365790e-01   4.9310452e-01   4.0422725e-01   4.3589569e-01   3.4702890e-01
   5.2747456e-01   7.3515066e-01   8.5459548e-01   9.7849991e-01   1.2455737e+00   1.5762539e+00   6.9368810e-01   1.1548085e+00   8.5347977e-01   7.1127586e-01   5.6293291e-01   7.4420825e-01   9.4557436e-01   9.9872552e-01   1.3374858e+00   1.7842185e+00   1.8175038e+00   2.2505004e+00   0.0000000e+00   0.0000000e+00   1.2916054e+00   1.3960989e+00   1.4817705e+00   1.5258205e+00   1.5191539e+00   1.0552942e+00   1.2106261e+00   1.4717654e+00   1.2717625e+00   1.0279761e+00   9.7501030e-01   9.2491408e-01   9.0962083e-01   8.4557690e-01   8.4818421e-01   7.1762445e-01   3.4279037e-01   2.6313927e-01   5.5241110e-01   1.5023171e+00   1.5677163e+00   1.4598370e+00   7.8570273e-01   6.1861514e-01   5.2560599e-01   3.3611000e-01   3.9570867e-01   5.2984162e-01   4.4711908e-01   3.3288117e-01   1.8571187e-01   2.5792723e-01   2.7408302e-01   2.7222692e-01   5.5052815e-01   8.1886688e-01   6.3908872e-01   3.2352198e-01   4.6121360e-01   5.3040936e-01   4.4382774e-01   3.1095305e-01   2.4799602e-01   4.1210450e-01   8.9775208e-01   1.2640337e+00   1.4886261e+00   1.1400216e+00   8.0334781e-01   4.6156800e-01   3.3162170e-01   6.5680617e-01
   8.5659130e-01   1.0053167e+00   8.5930725e-01   6.7518337e-01   7.2032968e-01   6.7909797e-01   6.3198539e-01   6.2553697e-01   5.3830913e-01   6.8793126e-01   1.1610038e+00   1.2094387e+00   8.9063627e-01   8.5634190e-01   9.0144612e-01   9.8464044e-01   0.0000000e+00   2.8056369e-01   5.7193558e-01   5.8351311e-01   7.0487259e-01   5.9159394e-01   6.3853396e-01   6.4457391e-01   6.2063091e-01   5.3267906e-01   4.8702778e-01   9.2984117e-01   9.2593087e-01   8.5870985e-01   8.9670852e-01   9.3226273e-01   8.6877040e-01   7.4838926e-01   6.5712792e-01   3.8390895e-01   1.4944963e-01   1.4297286e-01   2.0004931e-01   7.2847343e-01   9.9694499e-01   1.0039351e+00   6.4705368e-01   4.4764927e-01   5.3683880e-01   4.6477929e-01   2.7462650e-01   3.1566589e-01   4.6762817e-01   3.3944413e-01   1.7386045e-01   2.5157318e-01   2.8108293e-01   3.0509329e-01   3.3555412e-01   4.0363162e-01   5.0575264e-01   4.7998445e-01   3.9133456e-01   5.5074120e-01   5.5987163e-01   4.6274978e-01   4.3082452e-01   2.8233466e-01   2.9421128e-01   5.5816024e-01   6.3061496e-01   5.1630053e-01   6.2756025e-01   4.6295814e-01   3.7326276e-01   7.7264413e-01
   3.3358142e-01   1.0053167e+00   8.6524954e-01   6.6480551e-01   6.7394791e-01   6.0969307e-01   1.0497655e+00   1.0953495e+00   1.0451956e+00   9.2056990e-01   7.1995833e-01   6.2261434e-01   5.8668886e-01   5.6658431e-01   5.2031152e-01   5.3725992e-01   5.5128298e-01   4.4420793e-01   5.5255491e-01   6.1341456e-01   5.1675911e-01   4.5121071e-01   3.3935340e-01   2.8881748e-01   1.7962001e-01   1.7037309e-01   2.6167250e-01   3.4750603e-01   4.0891339e-01   4.3896640e-01   4.5164636e-01   4.3372373e-01   4.4031196e-01   4.9691520e-01   3.5297370e-01   3.1734871e-01   3.7578867e-01   3.4937384e-01   2.4917687e-01   2.5905382e-01   2.4381610e-01   3.9866055e-01   5.0414055e-01   4.1039423e-01   3.1371500e-01   2.9074407e-01   2.5083830e-01   2.1779507e-01   2.6450599e-01   2.5096575e-01   1.7277709e-01   1.6398177e-01   2.6835048e-01   4.0968866e-01   5.4086866e-01   5.0669247e-01   4.0270487e-01   3.7320487e-01   3.7411893e-01   4.0794348e-01   5.0434890e-01   5.5984004e-01   4.8509610e-01   3.4098659e-01   3.5012981e-01   4.7284155e-01   5.4787567e-01   5.3735979e-01   5.4558493e-01   4.3670686e-01   2.7100882e-01   2.5961670e-01
   5.6994556e-01   8.9431663e-01   1.0502836e+00   1.1135897e+00   1.0637545e+00   1.0514040e+00   1.2326805e+00   1.3850281e+00   1.5099270e+00   1.0964420e+00   8.1647456e-01   7.0422953e-01   6.8634531e-01   4.9105273e-01   4.0685273e-01   1.3158327e+00   1.2842634e+00   1.1108689e+00   1.0752450e+00   1.0421059e+00   9.3000933e-01   8.8238066e-01   8.6970557e-01   6.2270366e-01   4.0289639e-01   4.1256287e-01   3.7094909e-01   3.5160812e-01   3.5352517e-01   3.5612258e-01   2.9819110e-01   1.8553398e-01   1.8177029e-01   1.8421352e-01   3.0669321e-01   4.1312677e-01   8.0296354e-01   9.9591886e-01   1.0269932e+00   6.3415802e-01   3.4319264e-01   5.9285284e-01   7.2476920e-01   5.5069837e-01   3.6276339e-01   2.8778201e-01   3.0245270e-01   2.6888256e-01   1.8118760e-01   1.4457769e-01   1.4609871e-01   1.7074447e-01   3.9215099e-01   6.5132510e-01   7.0653885e-01   5.2487301e-01   3.5119848e-01   3.2170210e-01   3.2307225e-01   3.1511180e-01   3.3390252e-01   3.4527043e-01   3.0398665e-01   2.6786617e-01   3.0745488e-01   3.8380381e-01   4.6360700e-01   5.1878727e-01   5.8162802e-01   5.9130075e-01   4.3396240e-01   2.2501015e-01
   4.3897208e-01   5.7585958e-01   6.3790683e-01   6.1273450e-01   5.5331690e-01   5.7124521e-01   6.8603378e-01   7.4549630e-01   7.4226052e-01   6.5388277e-01   5.1422941e-01   3.7748459e-01   5.0845211e-01   7.1004081e-01   8.1707879e-01   7.5672499e-01   6.0833261e-01   5.6803760e-01   7.7338777e-01   9.0727967e-01   9.3039418e-01   8.6211176e-01   7.8881597e-01   7.3223825e-01   6.9888957e-01   5.3349740e-01   5.9354517e-01   9.2076422e-01   1.0975105e+00   1.0800338e+00   1.0333696e+00   9.2136456e-01   9.2212340e-01   1.0447949e+00   9.8489549e-01   1.3584743e+00   1.4076645e+00   1.4170606e+00   1.1935380e+00   6.3650292e-01   4.1938724e-01   6.4309365e-01   8.3854537e-01   8.6576634e-01   8.3900211e-01   8.0689389e-01   8.0426056e-01   8.2056491e-01   8.4391697e-01   8.4234120e-01   8.3579472e-01   8.1517305e-01   7.5433985e-01   6.5516323e-01   5.2431385e-01   4.5373377e-01   4.2108937e-01   3.8604962e-01   3.5374520e-01   3.3634490e-01   3.2357639e-01   2.9816326e-01   2.7257254e-01   2.7599410e-01   2.9043529e-01   3.2392516e-01   4.0809894e-01   4.8091228e-01   5.2999266e-01   5.0743776e-01   4.0535397e-01   3.0154154e-01
