   5.5136627e-01
   6.8347124e-01
   8.0239248e-01
   1.0427989e+00
   1.3692857e+00
   1.7759954e+00
   2.2020059e+00
   2.4858462e+00
   2.8819029e+00
   3.9289675e+00
   5.5454381e+00
   7.6720676e+00
   1.0102392e+01
   1.1287791e+01
   1.0912298e+01
   8.9075985e+00
   7.8156772e+00
   6.8021965e+00
   5.7048955e+00
   5.1872457e+00
   4.8430839e+00
   4.4845347e+00
   4.2067127e+00
   3.9643655e+00
   3.7505476e+00
   3.6856814e+00
   3.6787510e+00
   3.6415162e+00
   3.5278287e+00
   3.3324206e+00
   3.0217721e+00
   2.7594296e+00
   2.5451865e+00
   2.3942802e+00
   2.3406279e+00
   2.3029792e+00
   2.2047429e+00
   2.0414133e+00
   1.8127124e+00
   1.4867550e+00
   1.1702316e+00
   7.4202383e-01
  -1.0459383e-01
  -1.1733062e+00
  -2.4834454e+00
  -4.0898309e+00
  -5.1309174e+00
  -5.9794440e+00
  -6.7179794e+00
  -6.2353813e+00
  -5.4192829e+00
  -4.3625965e+00
  -3.5308006e+00
  -2.7094836e+00
  -1.7542046e+00
  -1.1130582e+00
  -7.0234704e-01
  -6.1076319e-01
  -8.1697413e-01
  -1.1271539e+00
  -1.4016253e+00
  -1.4361218e+00
  -1.3193141e+00
  -1.0934254e+00
  -9.0783102e-01
  -7.8631276e-01
  -7.1160984e-01
  -6.5310393e-01
  -5.4423422e-01
  -2.9852229e-01
  -1.3087575e-02
   2.8207961e-01
   1.0128137e+00
   9.2049676e-01
   8.3469689e-01
   8.5717124e-01
   9.4281745e-01
   1.0878246e+00
   1.4141502e+00
   1.7756704e+00
   2.0573235e+00
   2.3778050e+00
   3.2445626e+00
   5.1417384e+00
   8.1191616e+00
   9.5309658e+00
   7.6172123e+00
   4.2717204e+00
   2.7180982e+00
   1.8929794e+00
   2.4957311e+00
   4.0063396e+00
   4.7993631e+00
   4.2286525e+00
   3.3973582e+00
   2.7866998e+00
   2.4091995e+00
   2.1597149e+00
   1.8435588e+00
   1.4182903e+00
   1.0909683e+00
   7.9397565e-01
   4.4862741e-01
   1.8305238e-01
  -2.8296653e-02
  -2.0993844e-01
  -3.4637171e-01
  -4.8551017e-01
  -5.9794647e-01
  -6.1647022e-01
  -6.3210917e-01
  -7.5433588e-01
  -9.0290082e-01
  -1.0016196e+00
  -1.1464269e+00
  -1.5916600e+00
  -2.4996405e+00
  -3.9349878e+00
  -4.5130186e+00
  -4.1261311e+00
  -5.0145912e+00
  -5.4498935e+00
  -4.8695359e+00
  -3.5995791e+00
  -1.9905604e+00
   4.5424551e-02
   2.5047400e+00
   3.8375549e+00
   4.0926352e+00
   2.8813095e+00
   1.1770051e+00
  -2.6747140e-01
  -1.0453398e+00
  -1.0102412e+00
  -8.1986308e-01
  -7.0953751e-01
  -5.9846991e-01
  -3.4141138e-01
   4.6071932e-02
   2.4493665e-01
   3.2937375e-01
   4.5729589e-01
   6.8735409e-01
   9.2825121e-01
   1.2145278e+00
   1.0704789e+00
   1.0017595e+00
   9.9849218e-01
   9.2483003e-01
   8.4320617e-01
   8.9446288e-01
   1.0079873e+00
   1.1516988e+00
   1.4091276e+00
   1.8091611e+00
   2.5691669e+00
   4.0476928e+00
   5.1735223e+00
   5.2663364e+00
   4.1790895e+00
   3.5689102e+00
   3.5260997e+00
   3.9339004e+00
   5.0484356e+00
   5.1878066e+00
   3.9868629e+00
   3.0241171e+00
   2.4653513e+00
   2.0160718e+00
   1.5340813e+00
   1.0255462e+00
   5.6140548e-01
   2.2416735e-01
  -1.6917114e-01
  -6.2618464e-01
  -8.7934424e-01
  -1.0592164e+00
  -1.2951514e+00
  -1.4321404e+00
  -1.4180108e+00
  -1.3564967e+00
  -1.3870126e+00
  -1.3490480e+00
  -1.1462432e+00
  -1.1106270e+00
  -1.2314880e+00
  -1.2324356e+00
  -1.2351629e+00
  -1.5969435e+00
  -2.2001755e+00
  -2.4285762e+00
  -2.2947292e+00
  -3.1525393e+00
  -4.1913075e+00
  -3.9561019e+00
  -1.8243947e+00
   2.8928315e-01
   2.6115003e+00
   5.8446188e+00
   7.6157341e+00
   7.4547319e+00
   4.9418139e+00
   1.4520742e+00
  -1.6694876e+00
  -3.4239368e+00
  -2.8937594e+00
  -1.8986962e+00
  -1.1201041e+00
  -6.9512717e-01
  -2.9005545e-01
   1.5131611e-01
   5.2596384e-01
   8.7409508e-01
   1.0969650e+00
   1.1850984e+00
   1.2599361e+00
   1.2302821e+00
   1.0796465e+00
   8.4107012e-01
   9.0348339e-01
   8.4490758e-01
   5.9591013e-01
   6.7850941e-01
   7.9310930e-01
   6.7113471e-01
   7.8843355e-01
   1.0598805e+00
   1.2264032e+00
   1.7235678e+00
   2.5090115e+00
   3.2047212e+00
   3.7445748e+00
   4.4422417e+00
   5.1247339e+00
   5.3954883e+00
   5.3150578e+00
   4.5628190e+00
   3.4671032e+00
   2.5726364e+00
   1.9166529e+00
   1.3838332e+00
   8.1276500e-01
   3.3356839e-01
  -8.9858606e-02
  -5.9617209e-01
  -1.0015242e+00
  -1.2992816e+00
  -1.6743220e+00
  -1.9032180e+00
  -1.9066141e+00
  -2.0293076e+00
  -2.0480928e+00
  -1.7975996e+00
  -1.7133356e+00
  -1.6086655e+00
  -1.3019350e+00
  -1.1746016e+00
  -1.0859481e+00
  -9.1961539e-01
  -8.9957249e-01
  -9.5754278e-01
  -1.1310961e+00
  -1.2260619e+00
  -1.4300866e+00
  -2.9136393e+00
  -3.9109173e+00
  -3.2429924e+00
  -1.0689254e+00
   9.1453350e-01
   4.0890017e+00
   8.8689594e+00
   9.1963148e+00
   6.7625980e+00
   2.9199724e+00
  -2.4191401e+00
  -6.7679701e+00
  -6.4661713e+00
  -3.2395177e+00
  -1.7302172e+00
  -1.2159321e+00
  -4.7777295e-01
   7.4293036e-03
   4.6958929e-01
   9.1673422e-01
   1.1982180e+00
   1.4476712e+00
   1.4294527e+00
   1.2502320e+00
   9.2166072e-01
   8.0546459e-01
   6.9729328e-01
   5.0696689e-01
   5.5152004e-01
   4.1331321e-01
   3.3307546e-01
   5.4330855e-01
   5.0392276e-01
   5.0854754e-01
   6.4619772e-01
   5.6000733e-01
   6.9472760e-01
   9.3358368e-01
   1.1087650e+00
   2.0805678e+00
   3.5217167e+00
   4.6304893e+00
   4.9744267e+00
   5.2442959e+00
   4.5192342e+00
   2.7975154e+00
   1.8191653e+00
   1.2431232e+00
   6.3148499e-01
   1.4556193e-01
  -3.1612208e-01
  -8.8453072e-01
  -1.2930439e+00
  -1.6721731e+00
  -2.0594051e+00
  -2.2767288e+00
  -2.4471469e+00
  -2.4796245e+00
  -2.4047601e+00
  -2.3546431e+00
  -2.1218536e+00
  -1.8936706e+00
  -1.7221088e+00
  -1.3293769e+00
  -1.0993751e+00
  -9.3909144e-01
  -6.4012027e-01
  -6.4249031e-01
  -5.8421493e-01
  -4.8287845e-01
  -7.4788579e-01
  -8.8438034e-01
  -1.6792774e+00
  -2.2507508e+00
  -1.4331542e+00
  -4.1076142e-01
   1.7719035e+00
   5.6765490e+00
   7.9098907e+00
   5.9961503e+00
   2.9170420e+00
  -1.9939653e+00
  -6.5849787e+00
  -7.7654119e+00
  -4.7130041e+00
  -2.7191683e+00
  -1.4848398e+00
  -3.5412857e-01
   9.5824672e-03
   5.0656557e-01
   1.0326413e+00
   1.2529831e+00
   1.5813180e+00
   1.5854490e+00
   1.4169870e+00
   1.2794200e+00
   6.4814961e-01
   5.3793371e-01
   3.5555238e-01
   2.3911434e-01
   3.7847918e-01
   1.8855877e-01
   2.5154522e-01
   3.7678009e-01
   3.8347736e-01
   4.9681184e-01
   3.3125502e-01
   3.3413008e-01
   2.1650279e-01
   6.4871728e-02
   2.8470814e-01
   5.8963317e-01
   1.3449312e+00
   2.4445910e+00
   3.9752741e+00
   5.5543642e+00
   4.7509270e+00
   2.0670397e+00
   1.2380446e+00
   6.4800131e-01
   5.8369372e-02
  -3.5775390e-01
  -9.1870797e-01
  -1.4288843e+00
  -1.8621880e+00
  -2.1961200e+00
  -2.5000334e+00
  -2.6939926e+00
  -2.7314589e+00
  -2.7229290e+00
  -2.5900993e+00
  -2.4316909e+00
  -2.2063081e+00
  -1.9323920e+00
  -1.6850152e+00
  -1.2909719e+00
  -1.0130719e+00
  -7.9453295e-01
  -5.3772116e-01
  -4.3846738e-01
  -3.0185777e-01
  -2.7004874e-01
  -3.6886591e-01
  -4.8110077e-01
  -1.0179157e+00
  -1.1296484e+00
  -6.1239463e-01
   6.2566245e-01
   3.1469886e+00
   4.9264908e+00
   3.8569279e+00
   2.6372228e+00
   1.1735034e+00
  -3.5781553e+00
  -6.9340558e+00
  -6.6607862e+00
  -3.9172976e+00
  -2.2800508e+00
  -9.1521686e-01
   1.5829088e-01
   6.1511075e-01
   1.0928977e+00
   1.4995295e+00
   1.6474911e+00
   1.8428547e+00
   1.6469878e+00
   1.4053184e+00
   1.1657319e+00
   4.6846142e-01
   3.0118251e-01
   1.6166823e-01
   9.7620852e-02
   3.4760872e-01
   9.0215757e-02
   2.2531068e-01
   2.9466537e-01
   3.6766350e-01
   5.2841127e-01
   1.7420886e-01
   3.8568512e-01
  -2.7116710e-01
  -2.2652023e-01
  -2.5177833e-01
  -5.4720569e-01
   6.5582788e-01
   1.7276841e-01
   4.3323903e+00
   7.3576660e+00
   4.3800206e+00
   1.1450943e+00
   7.3636162e-01
  -2.7044476e-03
  -3.3100352e-01
  -8.8089490e-01
  -1.3512905e+00
  -1.8745592e+00
  -2.2718642e+00
  -2.5331361e+00
  -2.7571795e+00
  -2.8368773e+00
  -2.8231721e+00
  -2.6995771e+00
  -2.5700345e+00
  -2.3299994e+00
  -2.1269922e+00
  -1.8177036e+00
  -1.5722520e+00
  -1.1986272e+00
  -8.9622700e-01
  -7.3237717e-01
  -3.9865384e-01
  -3.3129871e-01
  -1.3026914e-01
  -1.2576939e-01
  -1.5601674e-01
  -1.6593450e-01
  -4.3496376e-01
  -4.0244806e-01
  -4.4348353e-01
   9.0654910e-02
   6.9886369e-01
   1.3917392e+00
   1.7829922e+00
   9.8638332e-01
   1.1248276e-01
  -2.5143180e+00
  -4.8449211e+00
  -4.9848280e+00
  -3.3512592e+00
  -1.9303678e+00
  -4.2203948e-01
   7.2714245e-01
   1.3141489e+00
   1.6969223e+00
   2.0635958e+00
   2.0838945e+00
   2.0666521e+00
   1.8034246e+00
   1.3822855e+00
   1.0621979e+00
   7.4939102e-01
   3.5921323e-01
   3.8342857e-01
   2.7528447e-01
   5.2685618e-01
   5.3893924e-01
   7.3955566e-01
   9.0177578e-01
   7.1003634e-01
   1.0839603e+00
   4.2595986e-01
   6.4404905e-01
  -4.9687096e-01
  -2.7655089e-01
  -8.1656998e-01
  -8.4948063e-01
  -2.1799858e-01
   3.1879783e-01
   8.5524635e+00
   7.5532465e+00
   2.2559929e+00
   4.2085314e-01
  -4.2038821e-02
  -4.1145071e-01
  -8.2216322e-01
  -1.2838651e+00
  -1.6929206e+00
  -2.1827359e+00
  -2.5110064e+00
  -2.6685717e+00
  -2.7909374e+00
  -2.7182071e+00
  -2.6959734e+00
  -2.4710910e+00
  -2.3467646e+00
  -2.1141913e+00
  -1.8479065e+00
  -1.6360674e+00
  -1.3159118e+00
  -1.0889904e+00
  -7.3420751e-01
  -6.3760984e-01
  -2.9996070e-01
  -2.2929890e-01
  -7.0947349e-02
  -1.2701778e-02
  -8.6755604e-02
  -2.6708558e-02
  -2.7242839e-01
  -1.4102246e-01
  -2.0758530e-01
   7.4967310e-02
   2.4790528e-01
   4.0316030e-01
   5.5414313e-01
  -8.5676685e-03
  -3.3435857e-01
  -1.8004057e+00
  -2.2552321e+00
  -3.0475540e+00
  -4.2110529e+00
  -1.4217629e+00
   3.8657057e-01
   1.6513890e+00
   2.6476548e+00
   2.9326940e+00
   3.4249208e+00
   3.2543023e+00
   3.1208296e+00
   2.3821020e+00
   1.8740776e+00
   1.1628582e+00
   2.6759729e+00
   2.4411590e+00
   2.4569404e+00
   2.5105350e+00
   2.5783617e+00
   2.7188752e+00
   2.7943883e+00
   3.1326648e+00
   2.8596487e+00
   3.1083977e+00
   2.4669425e+00
   2.5307317e+00
   1.5680373e+00
   1.7482118e+00
   1.0738202e+00
   1.4518200e+00
   1.2727333e+00
   3.3691144e+00
   7.3130360e+00
   2.7572521e+00
   5.9430790e-01
  -4.9210337e-01
  -6.0266851e-01
  -7.1368808e-01
  -1.1072392e+00
  -1.4706346e+00
  -1.8896129e+00
  -2.3293362e+00
  -2.5665917e+00
  -2.5941889e+00
  -2.4940994e+00
  -2.4067926e+00
  -2.2813213e+00
  -2.1762505e+00
  -1.9636523e+00
  -1.8016263e+00
  -1.4729242e+00
  -1.3378118e+00
  -1.0349225e+00
  -8.6088026e-01
  -5.7652598e-01
  -4.7711146e-01
  -2.3454721e-01
  -1.4504643e-01
  -2.3358105e-02
   3.7239888e-04
  -5.3460770e-02
  -9.1385089e-02
  -2.1612598e-01
  -2.4157353e-01
  -2.4286538e-01
  -2.0532230e-01
  -1.0149059e-01
  -1.6859612e-01
  -1.2919268e-01
  -5.2055102e-01
  -6.6551000e-01
  -1.4641048e+00
  -1.5066372e+00
  -3.2220147e+00
  -2.2998760e+00
   1.4527143e+00
   2.2886367e+00
   3.5596588e+00
   4.4439840e+00
   5.1380539e+00
   5.7463279e+00
   5.8030427e+00
   5.3514495e+00
   4.3200216e+00
   3.6921854e+00
   3.0384903e+00
   2.1753819e+00
   2.1250713e+00
   2.1190953e+00
   2.1785355e+00
   2.1490958e+00
   2.1143160e+00
   2.2229695e+00
   2.4712006e+00
   2.2319984e+00
   2.2435098e+00
   1.9764520e+00
   1.9113334e+00
   1.5581303e+00
   1.6062601e+00
   1.3683947e+00
   1.4821836e+00
   1.2874838e+00
   2.1287942e+00
   1.8661985e+00
  -6.8629990e-01
  -5.9370768e-01
  -1.1431676e+00
  -8.7532140e-01
  -8.7076020e-01
  -1.1245525e+00
  -1.5401193e+00
  -1.8674673e+00
  -2.4109545e+00
  -2.4492399e+00
  -2.2423878e+00
  -1.9679712e+00
  -1.9072659e+00
  -1.8163618e+00
  -1.7691565e+00
  -1.5491347e+00
  -1.3589721e+00
  -1.0748277e+00
  -9.5594752e-01
  -7.5744176e-01
  -5.8126557e-01
  -4.1074009e-01
  -3.1835899e-01
  -1.7407091e-01
  -9.1296140e-02
   1.2877143e-03
  -1.9003188e-02
  -6.9360278e-02
  -1.6528028e-01
  -2.4837114e-01
  -3.5223942e-01
  -3.6537066e-01
  -4.3754143e-01
  -4.0358944e-01
  -5.2287614e-01
  -5.4379916e-01
  -7.8716209e-01
  -8.8732070e-01
  -1.3129863e+00
  -1.4428168e+00
  -2.2855785e+00
  -2.0942444e-01
   1.6736600e+00
   1.6634545e+00
   2.3262205e+00
   2.8281442e+00
   3.3396158e+00
   3.6330729e+00
   3.9000592e+00
   3.4823234e+00
   2.9873033e+00
   2.6033258e+00
   2.4031212e+00
   5.0872397e-01
   4.6225590e-01
   5.0631708e-01
   4.8579273e-01
   4.5581722e-01
   2.8928053e-01
   5.2850509e-01
   7.4755037e-01
   5.7499260e-01
   4.5401868e-01
   5.0958383e-01
   5.5674380e-01
   4.1917011e-01
   2.7736425e-01
   1.4424157e-01
  -1.5238477e-01
  -2.7353793e-01
  -6.1591661e-01
  -9.1120988e-01
  -1.3353939e+00
  -1.3883176e+00
  -1.3241327e+00
  -9.1692567e-01
  -8.0236483e-01
  -1.1137106e+00
  -1.4982649e+00
  -1.6743466e+00
  -2.1413260e+00
  -2.0505543e+00
  -1.6724155e+00
  -1.4588543e+00
  -1.4236317e+00
  -1.4140744e+00
  -1.2227542e+00
  -1.0954429e+00
  -9.0689898e-01
  -6.8690068e-01
  -6.0516268e-01
  -4.8523602e-01
  -3.3699334e-01
  -2.4812883e-01
  -2.0254605e-01
  -1.2323584e-01
  -5.7812758e-02
  -4.6097874e-03
  -3.0144129e-02
  -1.0251561e-01
  -1.8941191e-01
  -3.1005597e-01
  -4.0178311e-01
  -4.8478216e-01
  -5.4744875e-01
  -6.0616308e-01
  -6.8535107e-01
  -7.7178687e-01
  -8.9147878e-01
  -1.0040387e+00
  -1.1763333e+00
  -1.2032843e+00
  -1.1527082e+00
  -1.2943675e-01
   2.3194507e-01
   2.0350894e-01
   6.4054084e-01
   7.8775543e-01
   7.6586199e-01
   1.0825962e+00
   1.1145078e+00
   8.9021856e-01
   7.1078157e-01
   6.3665342e-01
   5.9060597e-01
   1.0224844e-01
   1.3720387e-01
   2.1161182e-01
   2.2131202e-01
   8.5590281e-02
  -1.9186732e-01
   2.3400827e-01
   5.8323044e-01
   4.8965138e-01
   1.9124234e-01
   5.9860307e-01
   8.8586867e-01
   6.2220848e-01
   2.4483716e-01
  -1.0574164e-01
  -5.9016597e-01
  -8.5556030e-01
  -1.0487211e+00
  -1.2762264e+00
  -1.5828586e+00
  -1.5814737e+00
  -1.1770580e+00
  -6.8094122e-01
  -6.8797076e-01
  -1.0564460e+00
  -1.3866637e+00
  -1.3206795e+00
  -1.5970052e+00
  -1.4678398e+00
  -1.2904338e+00
  -1.1529694e+00
  -1.0494914e+00
  -1.0193379e+00
  -6.5815496e-01
  -5.5291665e-01
  -4.6750367e-01
  -3.9992923e-01
  -3.1793970e-01
  -2.5961512e-01
  -1.4503156e-01
  -1.1579473e-01
  -1.4707121e-01
  -7.4538931e-02
  -4.3088779e-02
  -1.2388757e-03
  -4.1854616e-02
  -1.0948302e-01
  -1.9076560e-01
  -3.2921082e-01
  -4.1353700e-01
  -5.2254677e-01
  -5.8957565e-01
  -6.7708379e-01
  -7.4875301e-01
  -8.4087062e-01
  -9.2366481e-01
  -1.0177444e+00
  -1.0699031e+00
  -1.0102711e+00
  -7.2775459e-01
  -5.1541302e-02
   8.6891733e-02
   1.6266406e-01
   6.2003654e-01
   5.6939024e-01
   5.7247311e-01
   9.8537964e-01
   8.1488633e-01
   5.7808310e-01
   3.6201486e-01
   3.1014842e-01
   2.3852254e-01
  -2.2674428e-01
  -7.7689610e-02
   2.7276689e-02
   3.3191435e-02
  -2.5946432e-01
  -5.6661260e-01
   1.8334779e-01
   4.3581790e-01
   2.4429883e-01
  -1.8719557e-01
   5.4875934e-01
   9.2029780e-01
   5.5295032e-01
   2.9483007e-02
  -3.4847230e-01
  -8.8354546e-01
  -1.1894109e+00
  -1.3312622e+00
  -1.4449447e+00
  -1.5093724e+00
  -1.3651474e+00
  -7.2175395e-01
  -3.9416695e-01
  -5.9500581e-01
  -9.6274167e-01
  -1.1625711e+00
  -9.1786844e-01
  -9.9171185e-01
  -9.2726535e-01
  -1.1622567e+00
  -9.8999417e-01
  -6.6247499e-01
  -5.5245370e-01
  -2.5551203e-01
  -4.6019897e-02
  -1.0563672e-01
  -2.1521573e-01
  -7.6865643e-02
  -1.1247403e-01
  -1.0819780e-02
  -4.2215027e-02
  -1.3237517e-01
  -4.9093708e-02
  -3.0260842e-02
   1.1903521e-02
  -3.6256861e-02
  -9.4814487e-02
  -1.6653894e-01
  -3.0837804e-01
  -3.8724744e-01
  -4.8407596e-01
  -5.6653714e-01
  -6.4533991e-01
  -7.4419999e-01
  -8.1846052e-01
  -9.0605259e-01
  -9.7506154e-01
  -9.5840472e-01
  -8.5403121e-01
  -4.6536875e-01
   2.1907195e-01
   3.0295581e-01
   1.7714117e-01
   3.5849997e-01
   4.5256361e-01
   7.2810966e-01
   7.2669035e-01
   5.6471908e-01
   3.9586145e-01
   2.2118580e-01
   1.2779456e-01
   3.5899036e-02
  -2.9019241e-01
  -2.9332716e-01
   3.5209882e-02
  -2.7351885e-01
  -3.9205118e-01
   6.0814041e-02
   1.3919655e-01
  -7.0320309e-02
  -1.4921084e-01
  -3.2220502e-01
  -6.3867005e-02
   1.4857498e-01
  -1.3720726e-01
  -5.1502704e-01
  -7.9671568e-01
  -1.1267397e+00
  -1.3621905e+00
  -1.4913351e+00
  -1.4869853e+00
  -1.4088720e+00
  -1.0112116e+00
  -5.0808609e-01
  -4.8980929e-01
  -6.7669903e-01
  -7.9806410e-01
  -7.0855195e-01
  -4.0252596e-01
  -4.9501568e-02
  -1.8190406e-01
  -3.4253872e-01
  -5.2249236e-01
   7.2296048e-02
   6.8713674e-02
  -2.7855454e-02
  -1.5008318e-01
  -2.1735463e-01
   5.3898565e-02
   1.2842126e-01
  -3.3231274e-02
  -2.0598027e-02
  -4.8279855e-02
  -1.4131059e-01
  -7.4352529e-02
  -7.2526988e-03
   3.0830764e-02
  -5.6158493e-03
  -5.6917235e-02
  -1.2426224e-01
  -2.3308172e-01
  -3.0743886e-01
  -3.8212140e-01
  -4.6538033e-01
  -5.6230642e-01
  -6.7977600e-01
  -7.7210793e-01
  -8.4059995e-01
  -8.8675483e-01
  -8.1514228e-01
  -6.5276412e-01
  -2.5661206e-01
   5.8544322e-01
   8.4569496e-01
   3.6065178e-01
   3.4642909e-01
   3.4479934e-01
   3.0368345e-01
   3.2465983e-01
   4.0142964e-01
   2.8891785e-01
   1.7876109e-01
   1.1506955e-01
   3.3582277e-02
   4.4223601e-03
   4.2224467e-02
  -2.7672487e-01
  -1.7431888e-01
  -8.8625345e-03
  -3.4332868e-01
  -8.1038624e-01
  -5.6284142e-01
  -4.8833737e-01
  -5.0894243e-01
  -1.8293671e-01
   1.1353178e-01
  -2.6506239e-01
  -6.4378244e-01
  -9.6796232e-01
  -1.2996672e+00
  -1.4873425e+00
  -1.5610849e+00
  -1.4792957e+00
  -1.3036180e+00
  -9.1269541e-01
  -5.6759202e-01
  -4.6123701e-01
  -3.7132359e-01
  -1.9682695e-01
  -2.2499437e-02
   1.9638065e-01
   3.3686632e-01
   2.6152545e-01
   1.4172965e-01
   1.7132151e-01
   5.9913063e-01
   8.3232093e-01
   5.8120966e-01
   1.7859404e-01
   4.9077738e-02
   8.2304943e-01
   5.9625661e-01
   2.5429505e-01
  -7.0415802e-02
  -1.4732766e-01
  -1.8163809e-01
  -5.2266814e-02
   4.4471107e-02
   8.3117619e-02
   6.2506005e-02
   2.7969878e-02
  -1.6820023e-02
  -9.9078201e-02
  -1.6586751e-01
  -2.3842221e-01
  -3.5151207e-01
  -4.7910380e-01
  -5.9834623e-01
  -6.8547851e-01
  -7.3131919e-01
  -7.4040413e-01
  -6.2590182e-01
  -4.0015119e-01
   3.7647016e-02
   8.6258382e-01
   1.2445587e+00
   5.8907926e-01
   4.0861776e-01
   4.7361562e-01
   4.5311183e-01
   5.4625702e-01
   4.8407662e-01
   3.6929512e-01
   2.7564621e-01
   1.6638589e-01
   1.9336854e-01
   3.4518307e-01
   3.8958214e-02
  -1.8074775e-01
  -2.5103569e-01
  -4.6977508e-01
  -8.5097647e-01
  -1.0182264e+00
  -9.2276788e-01
  -8.0671060e-01
  -4.1892174e-01
  -7.0924804e-02
  -1.0336319e-01
  -5.5245274e-01
  -8.6777723e-01
  -1.1439717e+00
  -1.3951541e+00
  -1.5048485e+00
  -1.5110189e+00
  -1.3695678e+00
  -1.1524277e+00
  -8.0663145e-01
  -4.6308947e-01
  -2.0384845e-01
   8.0532879e-02
   3.9486641e-01
   5.0375283e-01
   5.2367187e-01
   5.4999268e-01
   5.0236487e-01
   4.7842169e-01
   6.1918622e-01
   9.3706298e-01
   1.1577523e+00
   1.0273248e+00
   7.6824009e-01
   8.8435102e-01
   1.1249410e+00
   5.9682113e-01
   3.3692518e-01
   1.3572589e-02
  -2.1798566e-01
  -1.6504280e-01
   1.4355966e-02
   1.2324820e-01
   1.5694918e-01
   1.4175081e-01
   1.2363242e-01
   9.3576163e-02
   1.4488474e-02
  -6.3391469e-02
  -1.5485489e-01
  -2.9916009e-01
  -4.3393832e-01
  -5.3842187e-01
  -6.0771483e-01
  -6.2552768e-01
  -5.9026319e-01
  -4.2051598e-01
  -1.5736760e-01
   2.8783178e-01
   1.0857115e+00
   1.7699401e+00
   1.1958108e+00
   6.5574312e-01
   8.3816749e-01
   9.5711875e-01
   9.7568703e-01
   8.6665028e-01
   5.5022788e-01
   3.6121330e-01
   3.1727931e-01
   4.2188394e-01
   6.0279661e-01
   8.0188781e-02
  -1.7795010e-01
  -4.8299453e-01
  -8.5661608e-01
  -1.0769075e+00
  -7.6235312e-01
  -7.6667488e-01
  -6.4131743e-01
  -3.4770077e-01
  -1.5930441e-01
  -4.0944314e-01
  -8.1573349e-01
  -1.0342230e+00
  -1.2223643e+00
  -1.3771421e+00
  -1.4151698e+00
  -1.3670514e+00
  -1.1897207e+00
  -9.5611745e-01
  -6.3762134e-01
  -2.4210857e-01
   1.5475011e-01
   5.8805740e-01
   1.1084876e+00
   1.0225211e+00
   8.8958544e-01
   7.7179050e-01
   6.8189073e-01
   7.3829514e-01
   9.7102946e-01
   1.2326585e+00
   1.4291955e+00
   1.4036502e+00
   1.2986798e+00
   1.5907080e+00
   1.2162286e+00
   5.4992408e-01
   3.1730944e-01
  -1.2858652e-02
  -2.6195684e-01
  -1.1543783e-01
   1.0315713e-01
   2.1436080e-01
   2.4074349e-01
   2.3025757e-01
   2.2092332e-01
   1.9297485e-01
   1.0229781e-01
   3.6101062e-03
  -1.1120058e-01
  -2.7883735e-01
  -4.0807581e-01
  -4.9209574e-01
  -5.3125358e-01
  -5.0783175e-01
  -4.2039526e-01
  -1.9473669e-01
   8.9965984e-02
   5.3136623e-01
   1.2747777e+00
   2.1073022e+00
   1.9009807e+00
   1.4867877e+00
   1.4766670e+00
   1.4463785e+00
   1.3651659e+00
   1.1879187e+00
   7.7042103e-01
   4.9602604e-01
   4.9228862e-01
   6.4053595e-01
   7.7124423e-01
   1.9481558e-01
  -3.0213599e-01
  -8.3857034e-01
  -1.0830883e+00
  -1.0218808e+00
  -1.4711286e-01
  -1.4102534e-01
  -2.6257652e-02
  -3.2250895e-01
  -4.5644639e-01
  -7.7449391e-01
  -1.0344517e+00
  -1.1331768e+00
  -1.2063838e+00
  -1.2600758e+00
  -1.2370647e+00
  -1.1496885e+00
  -9.5807186e-01
  -7.2658512e-01
  -4.1423370e-01
   6.7384069e-02
   5.7783803e-01
   1.1213602e+00
   1.9201546e+00
   1.5366699e+00
   1.3088426e+00
   1.0128612e+00
   8.1862088e-01
   9.3349063e-01
   1.2472527e+00
   1.4991382e+00
   1.6850568e+00
   1.7204994e+00
   1.7351206e+00
   2.1034853e+00
   1.1516510e+00
   5.0429915e-01
   2.2150662e-01
  -1.5549682e-01
  -2.8241564e-01
  -4.1426848e-02
   2.0637349e-01
   3.1223495e-01
   3.2977420e-01
   3.2422288e-01
   3.1629606e-01
   2.7925801e-01
   1.6561776e-01
   3.9274589e-02
  -1.0046675e-01
  -2.8329476e-01
  -3.9739357e-01
  -4.5766978e-01
  -4.5706996e-01
  -3.8151167e-01
  -2.3652868e-01
   4.3094111e-02
   3.3638018e-01
   7.6680846e-01
   1.4322341e+00
   2.2470040e+00
   2.6450741e+00
   2.8295580e+00
   2.3347746e+00
   1.8755696e+00
   1.6873880e+00
   1.4146736e+00
   1.0124832e+00
   6.7496845e-01
   6.7611583e-01
   8.3786712e-01
   7.2541589e-01
  -8.0575086e-02
  -5.9387445e-01
  -1.1438401e+00
  -9.4691944e-01
  -2.2002086e-01
   4.5494446e-01
  -8.2354739e-02
  -5.6448424e-01
  -8.9608741e-01
  -6.7090011e-01
  -7.9466242e-01
  -8.4324050e-01
  -8.3905923e-01
  -8.6495799e-01
  -8.8899356e-01
  -8.2780778e-01
  -7.1412742e-01
  -5.1849908e-01
  -2.6782808e-01
   8.7817863e-02
   6.6202909e-01
   1.2235037e+00
   1.8164977e+00
   2.5350366e+00
   2.0055556e+00
   1.8471181e+00
   1.5591627e+00
   1.3468251e+00
   1.0949092e+00
   1.4267775e+00
   1.8360692e+00
   2.0756507e+00
   2.1463795e+00
   2.0925426e+00
   2.2149956e+00
   1.1930590e+00
   4.4928086e-01
   1.9049297e-01
  -1.0427951e-01
  -2.5857580e-01
   1.0586271e-01
   3.8090035e-01
   4.7132546e-01
   4.7890669e-01
   4.6865070e-01
   4.3035132e-01
   3.4490687e-01
   1.6960187e-01
   2.4206564e-04
  -1.7253014e-01
  -3.4546760e-01
  -4.1119161e-01
  -4.1465470e-01
  -3.1112024e-01
  -1.2894322e-01
   1.5488070e-01
   5.9309101e-01
   9.2050463e-01
   1.3200822e+00
   1.6601253e+00
   2.4855001e+00
   3.1800394e+00
   3.4584231e+00
   2.8943195e+00
   2.5633554e+00
   2.3708329e+00
   1.9057368e+00
   1.5094755e+00
   1.0099177e+00
   9.1923487e-01
   9.0984082e-01
   4.2081311e-01
  -2.4518754e-01
  -9.2545265e-01
  -1.1801226e+00
  -6.2821643e-01
  -1.8503219e-03
   5.3305769e-01
  -1.7760673e-01
  -5.6456429e-01
  -7.7204633e-01
  -6.5543477e-01
  -6.6551304e-01
  -6.0264575e-01
  -6.0261153e-01
  -6.4563632e-01
  -6.5198046e-01
  -5.6772404e-01
  -4.3883795e-01
  -2.2470054e-01
   4.9891317e-02
   4.2163864e-01
   1.0017455e+00
   1.5466750e+00
   2.0948620e+00
   2.7835212e+00
   2.2650282e+00
   1.5527329e+00
   1.4084971e+00
   1.5635137e+00
   1.3471909e+00
   1.5040679e+00
   1.9762132e+00
   2.2475176e+00
   2.2886016e+00
   2.1628520e+00
   2.1299474e+00
   1.6903306e+00
   6.2734894e-01
   1.8061526e-01
  -7.0223972e-02
  -2.0334629e-01
   2.0013061e-01
   4.9233431e-01
   5.5900275e-01
   5.5205446e-01
   5.1247686e-01
   4.3430761e-01
   3.0311152e-01
   8.9852981e-02
  -9.7991738e-02
  -2.7188975e-01
  -4.0261489e-01
  -4.1883768e-01
  -3.6060387e-01
  -1.6305451e-01
   1.2155764e-01
   5.4092419e-01
   1.1762788e+00
   1.6558719e+00
   1.9439783e+00
   1.8498473e+00
   2.6870081e+00
   3.5569377e+00
   3.9753451e+00
   3.4670478e+00
   3.0327444e+00
   2.7277892e+00
   2.2595918e+00
   1.7041537e+00
   1.1475004e+00
   1.0566105e+00
   1.1011963e+00
   1.8060587e-01
  -3.6575499e-01
  -1.2006451e+00
  -1.1170633e+00
  -3.7769845e-01
   2.0306268e-01
   6.5947890e-01
  -9.8261431e-02
  -4.3404913e-01
  -6.5192431e-01
  -6.2809408e-01
  -5.1913339e-01
  -3.8791761e-01
  -3.9938310e-01
  -4.5015168e-01
  -4.3692765e-01
  -3.3427975e-01
  -1.9175181e-01
   4.2392433e-02
   3.3626327e-01
   7.1849924e-01
   1.2965055e+00
   1.8186861e+00
   2.3139517e+00
   2.8974838e+00
   2.4660668e+00
   1.5705202e+00
   1.3114738e+00
   1.5537275e+00
   1.4050558e+00
   1.6029081e+00
   2.1027546e+00
   2.3820345e+00
   2.4555006e+00
   2.3403075e+00
   2.1009047e+00
   1.9751226e+00
   7.5877190e-01
   1.7840587e-01
   3.0826455e-02
  -7.6511383e-02
   3.0321032e-01
   5.9103996e-01
   6.2680995e-01
   5.9877634e-01
   5.1944572e-01
   3.9440548e-01
   2.1914430e-01
  -2.1342203e-02
  -2.1477112e-01
  -3.7418291e-01
  -4.5129219e-01
  -4.1042948e-01
  -2.8362298e-01
   1.6177597e-02
   4.1528836e-01
   9.8340642e-01
   1.8702888e+00
   2.4543676e+00
   2.4231102e+00
   2.0349832e+00
   2.8871932e+00
   3.8927026e+00
   4.4790511e+00
   4.0598893e+00
   3.5295150e+00
   3.0529089e+00
   2.5332510e+00
   1.8799645e+00
   1.2395127e+00
   1.0857872e+00
   1.0312660e+00
  -2.4180196e-02
  -4.4252254e-01
  -1.4738543e+00
  -8.0527285e-01
  -1.6639830e-01
   4.7026680e-01
   9.4971450e-01
   4.0414847e-01
   4.4763826e-02
  -4.8673503e-01
  -5.6215609e-01
  -2.6898871e-01
  -1.3449373e-01
  -1.7892591e-01
  -2.2007945e-01
  -1.7436262e-01
  -5.5477053e-02
   1.0332733e-01
   3.6975776e-01
   6.8123346e-01
   1.0661946e+00
   1.6234108e+00
   2.0988893e+00
   2.4995360e+00
   2.7638622e+00
   2.6273855e+00
   2.2891928e+00
   1.2900929e+00
   1.0368600e+00
   1.0572791e+00
   1.7938241e+00
   2.2557417e+00
   2.4938572e+00
   2.7518794e+00
   2.8350208e+00
   2.1831784e+00
   1.9157494e+00
   8.4548182e-01
   1.9222885e-01
   3.2581390e-01
   2.6603556e-01
   4.7198761e-01
   7.0567347e-01
   6.8086209e-01
   6.0775411e-01
   4.4772257e-01
   2.3929147e-01
   3.9857775e-03
  -2.5210864e-01
  -4.2498596e-01
  -5.2877397e-01
  -5.0295679e-01
  -3.6262238e-01
  -1.2128836e-01
   3.4481307e-01
   9.3644851e-01
   1.7492192e+00
   3.1209255e+00
   3.7503929e+00
   2.7953718e+00
   2.2928059e+00
   3.1740429e+00
   4.2874520e+00
   5.1788793e+00
   4.9627290e+00
   4.3094170e+00
   3.4528860e+00
   2.7513901e+00
   2.0925900e+00
   1.2715586e+00
   8.8785721e-01
   3.5006541e-01
  -3.0605494e-01
  -6.1113501e-01
  -1.4116212e+00
  -7.0057814e-01
   8.0160856e-02
   1.0456297e+00
   1.2821378e+00
   5.2144903e-01
   1.3944129e-01
  -3.0917989e-01
  -2.4710572e-01
  -3.6439495e-02
   6.9790184e-03
  -2.9002190e-02
  -3.7745646e-02
   2.8192820e-02
   1.5494111e-01
   3.2608147e-01
   6.0867420e-01
   9.2659801e-01
   1.3063638e+00
   1.8125557e+00
   2.2023702e+00
   2.5091273e+00
   2.6379320e+00
   2.5029576e+00
   2.3303350e+00
   1.9586252e+00
   1.5085678e+00
   9.7952181e-01
   1.4402939e+00
   2.3290496e+00
   2.4992889e+00
   2.8974811e+00
   2.6748018e+00
   1.4697007e+00
   1.0982027e+00
   4.3974575e-01
   5.9508409e-02
   1.4277277e-01
   3.3132839e-01
   6.3268963e-01
   7.1134780e-01
   5.9768039e-01
   4.4520124e-01
   1.6836123e-01
  -1.0240625e-01
  -3.3617490e-01
  -5.2787349e-01
  -6.1232936e-01
  -6.1023632e-01
  -4.3954226e-01
  -1.6580316e-01
   2.1928701e-01
   8.8157588e-01
   1.6593161e+00
   2.6757175e+00
   4.1390288e+00
   4.0144229e+00
   2.0984439e+00
   1.6831567e+00
   3.1412768e+00
   4.5968116e+00
   5.5590595e+00
   5.4988909e+00
   4.6645663e+00
   3.4919417e+00
   2.6230159e+00
   1.7635213e+00
   7.5695674e-01
   2.0973921e-01
  -1.2649018e-01
  -4.9366829e-01
  -7.1177581e-01
  -1.3574786e+00
  -6.1595254e-01
   2.2168433e-01
   1.2586363e+00
   1.0999623e+00
   3.9100162e-01
   1.3322419e-01
  -1.7106708e-01
  -7.9378163e-02
   6.5420307e-02
   7.5124568e-02
   5.5778560e-02
   6.7506596e-02
   1.4570132e-01
   2.8037589e-01
   4.6272696e-01
   7.5534245e-01
   1.0752661e+00
   1.4429780e+00
   1.9018099e+00
   2.2270055e+00
   2.4749457e+00
   2.5593602e+00
   2.4469137e+00
   2.3426916e+00
   2.2791912e+00
   1.9427843e+00
   1.1519396e+00
   1.4111922e+00
   2.3054499e+00
   2.4665548e+00
   2.9279767e+00
   2.5875901e+00
   1.1489035e+00
   6.9870696e-01
   2.1559474e-01
  -9.1223564e-02
   2.2173847e-03
   3.9058135e-01
   6.9113538e-01
   6.3115321e-01
   4.5474750e-01
   2.4649790e-01
  -8.1663256e-02
  -3.5282888e-01
  -5.4929691e-01
  -6.6402523e-01
  -6.7136816e-01
  -5.8431541e-01
  -3.0765390e-01
   5.5121520e-02
   5.2786535e-01
   1.2928786e+00
   2.1546678e+00
   3.2455593e+00
   4.6667241e+00
   4.1729569e+00
   1.6756754e+00
   1.4099628e+00
   3.1553672e+00
   4.7640771e+00
   5.7002085e+00
   5.6302007e+00
   4.6774115e+00
   3.3211807e+00
   2.2823710e+00
   1.2858435e+00
   3.1809624e-01
  -1.4792771e-01
  -4.1320492e-01
  -7.2778999e-01
  -8.2636055e-01
  -1.2778327e+00
  -4.9615689e-01
   3.7684008e-01
   1.3630269e+00
   4.8944161e-01
   3.0161230e-02
   5.9707193e-02
   2.0216197e-02
   9.0067335e-02
   1.4226392e-01
   1.3545140e-01
   1.4732204e-01
   1.8355120e-01
   2.7589777e-01
   4.2302124e-01
   6.2221148e-01
   9.2663679e-01
   1.2468789e+00
   1.5913844e+00
   1.9783902e+00
   2.2157273e+00
   2.3937615e+00
   2.4662946e+00
   2.4024067e+00
   2.3438384e+00
   2.5610646e+00
   2.5988565e+00
   1.5800197e+00
   1.5707322e+00
   2.2072400e+00
   2.3911803e+00
   2.9029505e+00
   2.4972122e+00
   8.9493613e-01
   3.3757480e-01
  -2.0522635e-02
  -3.3858390e-01
  -1.9096590e-01
   4.7952463e-01
   7.1798865e-01
   4.5132230e-01
   1.9320977e-01
  -8.7429670e-02
  -4.5453493e-01
  -6.8716748e-01
  -8.0263165e-01
  -7.8891229e-01
  -6.8268215e-01
  -4.7584993e-01
  -5.7892166e-02
   4.1622234e-01
   9.9072241e-01
   1.8574672e+00
   2.7863186e+00
   3.9121857e+00
   5.1828135e+00
   4.3544507e+00
   1.1871434e+00
   1.1949749e+00
   3.2070483e+00
   4.9361055e+00
   5.7700685e+00
   5.5798255e+00
   4.4811234e+00
   2.9212085e+00
   1.6148916e+00
   4.4408184e-01
  -3.2106528e-01
  -5.0527780e-01
  -7.4204780e-01
  -9.2264301e-01
  -1.1482593e+00
  -1.1676047e+00
  -3.7620834e-01
   3.3382775e-01
   8.1854713e-01
   8.7569267e-02
  -4.3172198e-02
   1.5188485e-01
   1.3989365e-01
   1.4972311e-01
   1.6484997e-01
   1.7935757e-01
   2.1560394e-01
   2.7090234e-01
   3.8338304e-01
   5.4227864e-01
   7.4749756e-01
   1.0444579e+00
   1.3327334e+00
   1.6262059e+00
   1.9393016e+00
   2.1329763e+00
   2.2885840e+00
   2.3840883e+00
   2.3822674e+00
   2.3667512e+00
   2.5910594e+00
   2.2005694e+00
   1.0486902e+00
   9.8732907e-01
   1.7961072e+00
   2.1573987e+00
   2.6696529e+00
   2.0856383e+00
   4.1414487e-01
  -7.9620153e-02
  -3.4415453e-01
  -5.4343951e-01
   3.4650736e-02
   7.1170345e-01
   4.8754433e-01
   3.6219377e-02
  -2.4678493e-01
  -5.0465864e-01
  -7.5925916e-01
  -8.5860206e-01
  -8.2857794e-01
  -6.4757580e-01
  -4.2236180e-01
  -1.1202639e-01
   3.9434284e-01
   9.1350103e-01
   1.5130894e+00
   2.3807073e+00
   3.2644919e+00
   4.2543049e+00
   5.1007299e+00
   3.7509332e+00
   8.7233382e-01
   1.0871658e+00
   3.2043706e+00
   4.8752575e+00
   5.5014796e+00
   5.1292337e+00
   3.8624878e+00
   1.9174327e+00
   4.4946671e-01
  -3.5281527e-01
  -7.8562832e-01
  -8.1551125e-01
  -9.2037952e-01
  -8.7401271e-01
  -1.1152317e+00
  -1.0113994e+00
  -3.2189044e-01
   2.8525160e-01
   6.2067598e-01
   8.3760485e-02
   7.4451369e-02
   2.0778783e-01
   1.7710137e-01
   1.6757854e-01
   1.7364408e-01
   1.9707987e-01
   2.4174067e-01
   3.0463049e-01
   4.2516828e-01
   5.8675746e-01
   7.8934693e-01
   1.0720491e+00
   1.3379010e+00
   1.6048857e+00
   1.8878514e+00
   2.0741493e+00
   2.2336042e+00
   2.3365862e+00
   2.3473267e+00
   2.3390527e+00
   2.4747701e+00
   1.9067141e+00
   7.5717866e-01
   7.7254534e-01
   1.6373120e+00
   2.0103378e+00
   2.4267480e+00
   1.7117066e+00
   8.4223025e-02
  -3.0409360e-01
  -5.0282815e-01
  -5.5238938e-01
   2.3697725e-01
   6.7889289e-01
   2.5512710e-01
  -2.0556387e-01
  -4.5611611e-01
  -6.5734482e-01
  -8.3267993e-01
  -8.6809181e-01
  -7.5764340e-01
  -4.8347086e-01
  -2.0584123e-01
   1.3772011e-01
   6.6066343e-01
   1.1774456e+00
   1.7629648e+00
   2.5925250e+00
   3.4067843e+00
   4.2660284e+00
   4.7822728e+00
   3.1788256e+00
   6.4882022e-01
   1.0401688e+00
   3.1642088e+00
   4.7387671e+00
   5.2589726e+00
   4.5922897e+00
   3.0522890e+00
   1.2231663e+00
  -7.4882489e-02
  -6.6760302e-01
  -9.3660253e-01
  -9.1137009e-01
  -9.2918795e-01
  -6.8086696e-01
  -8.9785757e-01
  -7.2572015e-01
  -2.5966334e-01
   2.0038356e-01
   4.4288756e-01
   2.5831108e-01
   3.6065855e-01
   2.8605038e-01
   2.0266920e-01
   1.7883667e-01
   1.8227898e-01
   2.1521347e-01
   2.6687903e-01
   3.3741742e-01
   4.6612055e-01
   6.2814701e-01
   8.2234297e-01
   1.0777879e+00
   1.3099702e+00
   1.5432191e+00
   1.7950205e+00
   1.9853142e+00
   2.1632381e+00
   2.2718503e+00
   2.2813694e+00
   2.2690902e+00
   2.2111390e+00
   1.4561069e+00
   3.7210710e-01
   5.7609840e-01
   1.4828910e+00
   1.8004994e+00
   2.0106487e+00
   1.0949974e+00
  -4.0640162e-01
  -5.9694925e-01
  -6.9677513e-01
  -4.7847798e-01
   5.6933663e-01
   5.0278254e-01
  -1.3972442e-01
  -5.3658251e-01
  -7.0605210e-01
  -7.9586040e-01
  -8.5195249e-01
  -8.1053816e-01
  -5.9335389e-01
  -1.9495468e-01
   1.4125137e-01
   5.0917535e-01
   1.0275467e+00
   1.5187385e+00
   2.0626046e+00
   2.8099533e+00
   3.4952423e+00
   4.1356643e+00
   4.1349956e+00
   2.2233685e+00
   3.1147170e-01
   9.8815968e-01
   3.0790879e+00
   4.4730160e+00
   4.8597767e+00
   3.6428843e+00
   1.5918696e+00
   1.8710232e-01
  -6.7216222e-01
  -9.8195449e-01
  -1.0499144e+00
  -9.7637356e-01
  -8.6703341e-01
  -5.2240264e-01
  -5.8839756e-01
  -6.3795936e-01
  -4.0959409e-01
   1.1056115e-01
   3.8016373e-01
   4.3326274e-01
   3.7941891e-01
   2.1769726e-01
   1.7687619e-01
   1.3960898e-01
   1.3941370e-01
   1.7513570e-01
   2.2650214e-01
   2.9486093e-01
   4.2250112e-01
   5.7602900e-01
   7.4983972e-01
   9.7585511e-01
   1.1904567e+00
   1.4125814e+00
   1.6676924e+00
   1.8890665e+00
   2.0843775e+00
   2.1430473e+00
   2.1208327e+00
   1.9933448e+00
   1.6799346e+00
   1.1207019e+00
   2.6071924e-01
   2.9199678e-01
   1.2575676e+00
   1.5034411e+00
   1.3294753e+00
   3.7531024e-01
  -1.1053805e+00
  -1.3433286e+00
  -9.3400562e-01
  -2.0541896e-01
   3.7347212e-01
  -1.4069775e-01
  -6.0313600e-01
  -7.7484846e-01
  -7.7092290e-01
  -7.1186328e-01
  -7.4557608e-01
  -8.0249649e-01
  -5.3926659e-01
   5.3071901e-03
   3.7641311e-01
   7.4427921e-01
   1.2347376e+00
   1.6752918e+00
   2.1412129e+00
   2.7382879e+00
   3.2266693e+00
   3.5755773e+00
   3.2824683e+00
   1.8456814e+00
   5.0986308e-01
   8.2484806e-01
   2.4947548e+00
   3.9261436e+00
   4.1540170e+00
   2.6038337e+00
   5.8907938e-01
  -5.1933604e-01
  -1.0130112e+00
  -1.0989360e+00
  -1.0088726e+00
  -8.2958901e-01
  -6.8583149e-01
  -5.4827777e-01
  -4.8224041e-01
  -5.0370494e-01
  -4.2307433e-01
   6.5874234e-02
   3.2320650e-01
   4.0203204e-01
   2.9760665e-01
   1.3958009e-01
   1.0227232e-01
   5.5905603e-02
   5.2846625e-02
   8.5455557e-02
   1.3230214e-01
   1.9675444e-01
   3.1967716e-01
   4.6542579e-01
   6.2853197e-01
   8.4184455e-01
   1.0478077e+00
   1.2667298e+00
   1.5272051e+00
   1.7620312e+00
   1.9653602e+00
   2.0421470e+00
   2.0657706e+00
   1.8441776e+00
   1.3230339e+00
   7.9013842e-01
  -2.6579292e-02
   2.9454278e-02
   1.0560037e+00
   1.2371249e+00
   8.6099946e-01
  -1.1667490e-02
  -1.2648166e+00
  -1.4710293e+00
  -9.1621494e-01
  -1.6329132e-01
   4.7634113e-02
  -5.3690648e-01
  -8.6956464e-01
  -9.2589289e-01
  -8.2803214e-01
  -6.7547743e-01
  -6.7768012e-01
  -8.3625996e-01
  -6.2460408e-01
  -1.8991855e-02
   3.4754178e-01
   7.0326845e-01
   1.1699993e+00
   1.5792178e+00
   2.0032653e+00
   2.5279564e+00
   2.9346979e+00
   3.1781806e+00
   2.8265576e+00
   1.7190880e+00
   6.2574855e-01
   6.6494975e-01
   2.1454046e+00
   3.5197789e+00
   3.6271894e+00
   2.0598345e+00
   1.8544879e-01
  -8.0198376e-01
  -1.1227429e+00
  -1.0945640e+00
  -9.4456660e-01
  -7.4501985e-01
  -6.2399355e-01
  -7.4945112e-01
  -4.0837003e-01
  -1.7252070e-01
  -3.4581413e-01
   3.1048223e-03
   2.0266514e-01
   1.7199402e-01
   3.9215809e-02
  -3.9583246e-02
  -9.9755707e-02
  -1.6270659e-01
  -1.7144717e-01
  -1.5029427e-01
  -1.1667705e-01
  -6.2154348e-02
   4.7548660e-02
   1.7678044e-01
   3.2396450e-01
   5.2248516e-01
   7.1648458e-01
   9.3457851e-01
   1.2084411e+00
   1.4589983e+00
   1.6725940e+00
   1.8424592e+00
   2.0274745e+00
   1.6157872e+00
   6.7591068e-01
   6.8133387e-02
  -7.9514257e-01
  -5.3010984e-01
   6.3205011e-01
   6.7646642e-01
  -1.0336914e-03
  -6.0077634e-01
  -1.1923508e+00
  -1.2669106e+00
  -6.7743961e-01
  -2.5164285e-01
  -7.6957320e-01
  -1.2131921e+00
  -1.3002828e+00
  -1.1892263e+00
  -9.4734568e-01
  -6.3287319e-01
  -5.5874039e-01
  -9.4313131e-01
  -9.2116130e-01
  -2.4820328e-01
   7.7379846e-02
   3.9699135e-01
   8.1490334e-01
   1.1704355e+00
   1.5307917e+00
   1.9575523e+00
   2.2753135e+00
   2.4330509e+00
   2.1361440e+00
   1.6377738e+00
   8.1557879e-01
   3.1654460e-01
   1.5623813e+00
   2.7375858e+00
   2.6105947e+00
   1.2530997e+00
  -2.3155956e-01
  -1.0906942e+00
  -1.1826805e+00
  -9.8992967e-01
  -7.8515491e-01
  -6.0805984e-01
  -5.8169741e-01
  -8.7565649e-01
  -7.1036541e-01
  -2.8471258e-01
  -4.7105324e-01
  -1.6931528e-01
  -9.2866600e-02
  -1.9772950e-01
  -3.0078122e-01
  -3.8250086e-01
  -4.9340451e-01
  -5.6202447e-01
  -5.8794677e-01
  -5.9450126e-01
  -5.8272767e-01
  -5.5025196e-01
  -4.7537529e-01
  -3.7984031e-01
  -2.6163024e-01
  -9.1256425e-02
   8.2131594e-02
   2.9325348e-01
   6.0754913e-01
   9.5443845e-01
   1.3852012e+00
   1.8578696e+00
   1.7889105e+00
   1.5199790e+00
   3.6529043e-01
  -2.9862750e-01
  -7.5227845e-01
  -3.9437288e-01
   4.1007590e-01
   1.6942814e-02
  -7.3119158e-01
  -1.1345706e+00
  -1.3595815e+00
  -1.3151668e+00
  -1.0985888e+00
  -1.0976313e+00
  -1.5834944e+00
  -1.8028593e+00
  -1.8059286e+00
  -1.6438961e+00
  -1.3564574e+00
  -9.0555727e-01
  -4.3900403e-01
  -9.4730479e-01
  -1.4240348e+00
  -7.5310296e-01
  -5.1216590e-01
  -2.5914752e-01
   7.7323034e-02
   3.5770535e-01
   6.5091610e-01
   1.0473766e+00
   1.4115089e+00
   1.6913143e+00
   1.6903284e+00
   1.4877217e+00
   8.7737185e-01
   8.9004613e-02
   1.0784647e+00
   2.0286565e+00
   1.7372952e+00
   8.6109245e-01
  -3.5210812e-01
  -1.0450836e+00
  -1.0095130e+00
  -8.6987484e-01
  -7.2958434e-01
  -6.0926491e-01
  -5.7684082e-01
  -9.7701752e-01
  -8.3291107e-01
  -3.5822746e-01
  -5.0618833e-01
  -3.0119422e-01
  -2.9464132e-01
  -4.3141878e-01
  -5.2425373e-01
  -6.1247337e-01
  -7.4596244e-01
  -8.1601828e-01
  -8.4974027e-01
  -8.6926818e-01
  -8.6915052e-01
  -8.4939861e-01
  -7.9506296e-01
  -7.2070485e-01
  -6.2269491e-01
  -4.7522113e-01
  -3.2089335e-01
  -1.2337822e-01
   1.9823301e-01
   5.8474767e-01
   1.1186146e+00
   1.7183373e+00
   1.5213732e+00
   1.3323448e+00
   2.1012096e-01
  -4.7949946e-01
  -7.0465052e-01
  -3.2053480e-01
   2.3270015e-01
  -3.6184418e-01
  -1.1029618e+00
  -1.3995179e+00
  -1.4638327e+00
  -1.3885189e+00
  -1.3564060e+00
  -1.5414187e+00
  -1.9827564e+00
  -2.1024618e+00
  -2.0779877e+00
  -1.9079046e+00
  -1.6151150e+00
  -1.1067107e+00
  -3.4951323e-01
  -8.3707589e-01
  -1.6290302e+00
  -1.0546855e+00
  -8.5932946e-01
  -6.5024018e-01
  -3.6954060e-01
  -1.4150336e-01
   9.8444045e-02
   4.4846347e-01
   8.1424713e-01
   1.1654179e+00
   1.3766459e+00
   1.3427200e+00
   8.3809322e-01
  -1.2266737e-01
   7.2508979e-01
   1.5948020e+00
   1.2412696e+00
   6.6013414e-01
  -3.8382158e-01
  -9.8350376e-01
  -8.9719772e-01
  -7.9547298e-01
  -7.0803618e-01
  -6.3141698e-01
  -6.4433098e-01
  -1.2715735e+00
  -7.8569917e-01
  -5.1609740e-01
  -3.8830772e-01
  -6.6225517e-01
  -7.6141402e-01
  -8.9792713e-01
  -1.0069769e+00
  -1.1280495e+00
  -1.2661380e+00
  -1.3298887e+00
  -1.3661109e+00
  -1.3921511e+00
  -1.4061164e+00
  -1.4065914e+00
  -1.3869767e+00
  -1.3543735e+00
  -1.3047468e+00
  -1.2248094e+00
  -1.1342946e+00
  -1.0032338e+00
  -7.4492198e-01
  -3.7011351e-01
   2.2368849e-01
   8.0227333e-01
   4.8867704e-01
   4.1505076e-01
   7.6158515e-02
  -6.2299383e-01
  -5.2187049e-01
  -2.2419773e-01
  -2.7972549e-01
  -9.5539759e-01
  -1.4618669e+00
  -1.6190252e+00
  -1.6657561e+00
  -1.7179597e+00
  -1.8353057e+00
  -2.0389851e+00
  -2.2878411e+00
  -2.3883300e+00
  -2.4180494e+00
  -2.3351190e+00
  -2.1317762e+00
  -1.6312651e+00
  -1.1188646e-01
  -1.3499384e-01
  -1.5562822e+00
  -1.5817873e+00
  -1.4435955e+00
  -1.3300504e+00
  -1.1790276e+00
  -1.0761804e+00
  -9.8878406e-01
  -8.4802312e-01
  -5.9706644e-01
  -1.2815633e-01
   6.1421822e-01
   8.3903694e-01
   4.2512406e-01
  -8.3500668e-01
  -1.8324428e-01
   7.8950419e-01
   4.9004515e-01
   4.5890713e-01
  -2.5715943e-01
  -7.2069903e-01
  -6.6076168e-01
  -6.5326903e-01
  -7.2300153e-01
  -7.6699322e-01
  -1.0804087e+00
  -1.2333711e+00
  -6.5437126e-01
  -4.5895541e-01
  -4.6177649e-01
  -7.1264917e-01
  -7.7837777e-01
  -8.7970829e-01
  -9.6456683e-01
  -1.0550474e+00
  -1.1498127e+00
  -1.1959314e+00
  -1.2268924e+00
  -1.2586495e+00
  -1.2857343e+00
  -1.3074584e+00
  -1.3230252e+00
  -1.3306712e+00
  -1.3332552e+00
  -1.3283025e+00
  -1.3116412e+00
  -1.2766277e+00
  -1.1823697e+00
  -9.8972225e-01
  -5.9576952e-01
   1.4251282e-02
   1.7720088e-01
   1.6100550e-01
  -1.2892967e-01
  -5.1276517e-01
  -3.4699035e-01
  -1.2073386e-01
  -2.0472634e-01
  -6.7779344e-01
  -9.9677706e-01
  -1.0834167e+00
  -1.1109593e+00
  -1.1625302e+00
  -1.2595577e+00
  -1.4126210e+00
  -1.6109689e+00
  -1.7277992e+00
  -1.8057802e+00
  -1.8374580e+00
  -1.7924154e+00
  -1.6435075e+00
  -1.2197413e+00
  -7.6546353e-01
  -1.2880470e+00
  -1.2875141e+00
  -1.2846329e+00
  -1.2720530e+00
  -1.2679014e+00
  -1.2955542e+00
  -1.3558180e+00
  -1.4476399e+00
  -1.4206336e+00
  -1.1043836e+00
  -2.3179850e-01
   3.6188653e-01
   2.5051966e-01
  -7.8278589e-01
  -4.9780756e-01
   3.3556274e-01
  -1.4649945e-01
   9.1426976e-02
  -2.2033922e-01
  -4.9492872e-01
  -5.5086637e-01
  -6.6267145e-01
  -8.1464052e-01
  -8.9542186e-01
  -1.1605146e+00
  -1.2045869e+00
  -5.5541956e-01
  -4.1590071e-01
  -5.1713300e-01
  -7.5061953e-01
  -7.9115951e-01
  -8.6598086e-01
  -9.3261206e-01
  -1.0000426e+00
  -1.0621653e+00
  -1.0949986e+00
  -1.1219954e+00
  -1.1580602e+00
  -1.1950300e+00
  -1.2327648e+00
  -1.2748400e+00
  -1.3128123e+00
  -1.3547354e+00
  -1.4062816e+00
  -1.4452662e+00
  -1.4826216e+00
  -1.5119733e+00
  -1.4565786e+00
  -1.2132062e+00
  -5.7949919e-01
  -5.7486903e-02
  -3.0409893e-02
  -2.8345734e-01
  -4.2971134e-01
  -2.1522355e-01
  -4.2777013e-02
  -1.4821678e-01
  -4.6862736e-01
  -6.4634609e-01
  -6.7985189e-01
  -6.9293678e-01
  -7.4403101e-01
  -8.2574904e-01
  -9.4067514e-01
  -1.1009665e+00
  -1.2301093e+00
  -1.3444544e+00
  -1.4624858e+00
  -1.5367172e+00
  -1.6527319e+00
  -2.0544765e+00
  -1.2405033e+00
  -1.0859401e+00
  -1.0657884e+00
  -1.1648595e+00
  -1.2283537e+00
  -1.3348651e+00
  -1.4608457e+00
  -1.6323671e+00
  -1.8994329e+00
  -2.0411663e+00
  -1.8399410e+00
  -8.6924624e-01
   2.3682564e-03
   1.1896062e-01
  -7.4343926e-01
  -7.3482144e-01
  -6.4682811e-03
  -6.2611639e-01
  -1.8545814e-01
  -1.9259635e-01
  -3.2481778e-01
  -4.6806365e-01
  -6.6975582e-01
  -8.8368779e-01
  -9.9218893e-01
  -1.2208720e+00
  -1.0053649e+00
  -5.5290914e-01
  -2.9402733e-01
  -2.2714531e-01
  -2.2916219e-01
  -1.9246483e-01
  -1.8182726e-01
  -1.8715434e-01
  -2.0665888e-01
  -2.2674955e-01
  -2.4046621e-01
  -2.5921795e-01
  -2.9506594e-01
  -3.3663875e-01
  -3.8604432e-01
  -4.5143762e-01
  -5.1987624e-01
  -6.0471839e-01
  -7.3067617e-01
  -8.6713421e-01
  -1.0557450e+00
  -1.3956819e+00
  -1.7814627e+00
  -2.1884110e+00
  -1.8152012e+00
  -3.1146675e-01
  -3.4531611e-01
  -3.5581627e-01
   7.4531510e-02
   2.8906879e-01
   4.1596228e-01
   5.6695497e-01
   6.0183233e-01
   6.2052333e-01
   6.4918840e-01
   6.5833640e-01
   6.2096125e-01
   5.5684090e-01
   4.6703142e-01
   3.2510656e-01
   1.9324061e-01
   7.2388098e-02
  -8.4680006e-02
  -2.7225459e-01
  -5.5336952e-01
  -6.9454479e-01
  -5.3215161e-02
   4.5440844e-01
  -1.4147991e-01
  -2.9900819e-01
  -4.9974447e-01
  -8.0011135e-01
  -1.1002144e+00
  -1.4526719e+00
  -1.9695256e+00
  -2.4319549e+00
  -2.7533615e+00
  -2.4857044e+00
  -1.0929068e+00
  -6.6245548e-02
  -7.3382926e-01
  -1.0314313e+00
  -7.4181956e-01
  -1.5247408e+00
  -8.1577349e-01
  -1.8384470e-01
  -1.9496581e-01
  -4.7106478e-01
  -7.3555678e-01
  -1.0784431e+00
  -1.3921223e+00
  -1.7002555e+00
  -1.0643233e+00
  -6.8678647e-01
  -4.1449472e-01
  -2.7654678e-01
  -2.2003360e-01
  -1.6118668e-01
  -1.2899040e-01
  -1.2045386e-01
  -1.3092636e-01
  -1.5001862e-01
  -1.7031048e-01
  -2.0035112e-01
  -2.5205687e-01
  -3.0400711e-01
  -3.6193439e-01
  -4.3825614e-01
  -5.1626253e-01
  -6.1360800e-01
  -7.6265943e-01
  -9.2616576e-01
  -1.1459802e+00
  -1.5271792e+00
  -1.9723564e+00
  -2.5100801e+00
  -2.3388915e+00
  -7.2521663e-01
  -6.9744015e-01
  -6.2953770e-01
  -1.3363659e-03
   2.2854617e-01
   3.5995519e-01
   6.6179073e-01
   8.5219735e-01
   9.6361935e-01
   1.0240073e+00
   1.0442554e+00
   1.0116125e+00
   9.4865847e-01
   8.5509515e-01
   7.0775199e-01
   5.6595695e-01
   4.2870706e-01
   2.4837314e-01
   5.1528484e-02
  -2.0259881e-01
  -2.7157819e-01
   2.2508642e-01
   4.7995332e-01
  -1.0321904e-01
  -3.0261827e-01
  -5.4658771e-01
  -9.0319079e-01
  -1.2537651e+00
  -1.6551687e+00
  -2.2205198e+00
  -2.7309411e+00
  -3.1671491e+00
  -3.1445909e+00
  -1.5379891e+00
  -2.3599675e-01
  -1.0252271e+00
  -1.3295960e+00
  -9.2006725e-01
  -1.8160506e+00
  -1.0587420e+00
  -2.9539645e-01
  -2.8461716e-01
  -5.8548754e-01
  -8.5827160e-01
  -1.1804501e+00
  -1.4282755e+00
  -1.8556790e+00
  -1.1425727e+00
  -8.6446775e-01
  -5.7437836e-01
  -3.4211215e-01
  -2.0791823e-01
  -1.1967455e-01
  -5.8865645e-02
  -3.1929404e-02
  -3.0414622e-02
  -4.8181815e-02
  -7.7200241e-02
  -1.2222345e-01
  -1.9497550e-01
  -2.6069867e-01
  -3.2993594e-01
  -4.2076172e-01
  -5.1146644e-01
  -6.2540634e-01
  -8.0510736e-01
  -1.0045122e+00
  -1.2657399e+00
  -1.7017018e+00
  -2.2257095e+00
  -2.9369976e+00
  -3.0339298e+00
  -1.2743429e+00
  -1.1647770e+00
  -9.9281905e-01
  -1.0202775e-01
   1.4822092e-01
   2.8562295e-01
   7.8765623e-01
   1.1844803e+00
   1.4189745e+00
   1.5214648e+00
   1.5564446e+00
   1.5300824e+00
   1.4686765e+00
   1.3701312e+00
   1.2155966e+00
   1.0606239e+00
   9.0161145e-01
   6.9039922e-01
   4.8125133e-01
   2.6294187e-01
   2.8978050e-01
   5.9444653e-01
   5.1385638e-01
  -5.2439471e-02
  -3.0740965e-01
  -6.0875777e-01
  -1.0399970e+00
  -1.4575568e+00
  -1.9239212e+00
  -2.5536380e+00
  -3.1277540e+00
  -3.7163251e+00
  -4.0190608e+00
  -2.1286997e+00
  -4.6128945e-01
  -1.4119686e+00
  -1.7253187e+00
  -1.1566365e+00
  -2.2026755e+00
  -1.3812083e+00
  -4.4344721e-01
  -4.0360187e-01
  -7.3734880e-01
  -1.0211380e+00
  -1.3158331e+00
  -1.4762578e+00
  -2.0619567e+00
  -1.6382043e+00
  -1.3718781e+00
  -1.0914775e+00
  -8.4655046e-01
  -7.1783274e-01
  -6.3823074e-01
  -5.7140356e-01
  -5.3500777e-01
  -5.2342910e-01
  -5.4039150e-01
  -5.8264285e-01
  -6.4837390e-01
  -7.5177145e-01
  -8.4910321e-01
  -9.4883740e-01
  -1.0747854e+00
  -1.1903037e+00
  -1.3193728e+00
  -1.5017681e+00
  -1.6859330e+00
  -1.9131683e+00
  -2.2640591e+00
  -2.6585979e+00
  -3.2152178e+00
  -3.7450843e+00
  -2.5564423e+00
  -2.2586291e+00
  -1.8159229e+00
  -9.5745206e-01
  -9.0357965e-01
  -7.4137294e-01
  -1.4424111e-01
   4.4009012e-01
   1.0108564e+00
   1.3025713e+00
   1.4165587e+00
   1.3949207e+00
   1.3163939e+00
   1.2112843e+00
   1.0764562e+00
   9.5343518e-01
   8.1456882e-01
   6.1070359e-01
   4.2726803e-01
   2.7086785e-01
   2.4807206e-01
   2.3606282e-01
  -6.6322893e-02
  -5.5431890e-01
  -8.8163120e-01
  -1.2229195e+00
  -1.6588328e+00
  -2.0528364e+00
  -2.4787519e+00
  -3.0506089e+00
  -3.5901523e+00
  -4.2345662e+00
  -4.9654632e+00
  -3.2255337e+00
  -9.2393172e-01
  -2.0930123e+00
  -2.2983048e+00
  -1.0339493e+00
  -2.7993665e+00
  -2.0627577e+00
  -1.0298208e+00
  -6.5007484e-01
  -8.9345884e-01
  -1.1107656e+00
  -1.4630851e+00
  -1.8491311e+00
  -2.2493508e+00
  -1.9518470e+00
  -1.6860330e+00
  -1.4002364e+00
  -1.1326365e+00
  -9.9321496e-01
  -9.0934771e-01
  -8.3590204e-01
  -7.9365146e-01
  -7.7542400e-01
  -7.8948498e-01
  -8.3394134e-01
  -9.0307897e-01
  -1.0123990e+00
  -1.1193732e+00
  -1.2326566e+00
  -1.3775989e+00
  -1.5095897e+00
  -1.6511346e+00
  -1.8397205e+00
  -2.0196161e+00
  -2.2300410e+00
  -2.5283978e+00
  -2.8333511e+00
  -3.2442551e+00
  -3.7210505e+00
  -3.0610170e+00
  -2.8594389e+00
  -2.3211186e+00
  -1.5411128e+00
  -1.2464228e+00
  -1.1286799e+00
  -7.4298596e-01
  -2.0902157e-01
   5.2211559e-01
   9.6457309e-01
   1.1696793e+00
   1.1775368e+00
   1.0821861e+00
   9.6015978e-01
   8.2673568e-01
   7.4158913e-01
   6.6883218e-01
   5.2444524e-01
   3.7110382e-01
   2.3906536e-01
   1.6742946e-01
   4.8445046e-02
  -2.9539710e-01
  -7.5806493e-01
  -1.1057224e+00
  -1.4549758e+00
  -1.8816020e+00
  -2.2518191e+00
  -2.6442466e+00
  -3.1690197e+00
  -3.6668081e+00
  -4.2939148e+00
  -5.2169504e+00
  -3.6823123e+00
  -1.3097174e+00
  -2.5731821e+00
  -2.6694560e+00
  -1.2260824e+00
  -3.1416092e+00
  -2.3545656e+00
  -1.1905152e+00
  -7.6382518e-01
  -1.0664480e+00
  -1.2035251e+00
  -1.5929543e+00
  -2.1929915e+00
  -2.4504392e+00
  -2.4964046e+00
  -2.2274155e+00
  -1.9255026e+00
  -1.6099551e+00
  -1.4436545e+00
  -1.3466837e+00
  -1.2601017e+00
  -1.2077629e+00
  -1.1778275e+00
  -1.1854503e+00
  -1.2301238e+00
  -1.2994989e+00
  -1.4112161e+00
  -1.5288674e+00
  -1.6623098e+00
  -1.8383391e+00
  -1.9993803e+00
  -2.1642846e+00
  -2.3662454e+00
  -2.5418747e+00
  -2.7258645e+00
  -2.9337714e+00
  -3.0787009e+00
  -3.2086023e+00
  -3.4018076e+00
  -3.7575031e+00
  -3.8490825e+00
  -3.1890796e+00
  -2.5792678e+00
  -1.6527411e+00
  -1.6474158e+00
  -1.7878318e+00
  -1.4402625e+00
  -4.6137417e-01
   2.6095378e-01
   6.4833644e-01
   7.2292181e-01
   5.9485480e-01
   4.3598546e-01
   2.9852074e-01
   2.8946813e-01
   3.6272983e-01
   3.5370821e-01
   2.6070926e-01
   1.6229554e-01
  -4.3421294e-03
  -2.5437196e-01
  -6.1229699e-01
  -1.0451681e+00
  -1.4132607e+00
  -1.7662102e+00
  -2.1695440e+00
  -2.4932630e+00
  -2.8229276e+00
  -3.2598245e+00
  -3.6734805e+00
  -4.2397215e+00
  -5.4502180e+00
  -4.3364639e+00
  -2.0339853e+00
  -3.4356694e+00
  -3.3188716e+00
  -1.7175943e+00
  -3.7151268e+00
  -2.7795574e+00
  -1.3463677e+00
  -9.3660617e-01
  -1.4102342e+00
  -1.3856761e+00
  -1.8399138e+00
  -2.8531788e+00
  -2.8478735e+00
  -2.9892156e+00
  -2.7556181e+00
  -2.4585711e+00
  -2.0989648e+00
  -1.8748012e+00
  -1.7214995e+00
  -1.5735343e+00
  -1.4765846e+00
  -1.3980943e+00
  -1.3495743e+00
  -1.3598425e+00
  -1.4025796e+00
  -1.4965857e+00
  -1.6142292e+00
  -1.7529945e+00
  -1.9354223e+00
  -2.1058905e+00
  -2.2848503e+00
  -2.4954013e+00
  -2.6679535e+00
  -2.8491790e+00
  -3.0891251e+00
  -3.2989330e+00
  -3.5074429e+00
  -3.7305016e+00
  -4.0322094e+00
  -4.3343394e+00
  -4.2403009e+00
  -3.2971365e+00
  -1.9755982e+00
  -2.5296730e+00
  -2.9381475e+00
  -2.7905375e+00
  -1.7557649e+00
  -6.5876210e-01
   1.4866936e-01
   5.1471451e-01
   4.0451378e-01
   1.5644009e-01
  -1.7733483e-01
  -2.6770151e-01
  -5.3728375e-02
   2.3765449e-01
   2.0965068e-01
   1.8113252e-01
   2.7568927e-02
  -2.0204152e-01
  -4.9976516e-01
  -8.9757674e-01
  -1.2605255e+00
  -1.6225145e+00
  -2.0492715e+00
  -2.3877110e+00
  -2.7130753e+00
  -3.1110782e+00
  -3.4599609e+00
  -3.8960419e+00
  -4.9131816e+00
  -4.4634032e+00
  -3.1053008e+00
  -4.0912311e+00
  -3.6483417e+00
  -2.7103948e+00
  -4.2765720e+00
  -3.1165032e+00
  -1.4636191e+00
  -1.1320048e+00
  -2.1100149e+00
  -2.0924398e+00
  -2.4810356e+00
  -3.2273932e+00
  -3.1800601e+00
  -3.2070885e+00
  -3.0086249e+00
  -2.7343171e+00
  -2.3701658e+00
  -2.1215336e+00
  -1.9396011e+00
  -1.7550679e+00
  -1.6258356e+00
  -1.5135348e+00
  -1.4249815e+00
  -1.4086039e+00
  -1.4317907e+00
  -1.5114838e+00
  -1.6231298e+00
  -1.7589942e+00
  -1.9393489e+00
  -2.1104007e+00
  -2.2938869e+00
  -2.5106590e+00
  -2.6867484e+00
  -2.8714478e+00
  -3.1252608e+00
  -3.3583670e+00
  -3.5934989e+00
  -3.8299620e+00
  -4.1012273e+00
  -4.4563336e+00
  -4.6151943e+00
  -3.6582582e+00
  -2.2875834e+00
  -3.1359158e+00
  -3.5558610e+00
  -3.5051320e+00
  -2.5080249e+00
  -1.2348327e+00
  -1.4761564e-01
   4.5133829e-01
   3.9328013e-01
   1.1893767e-01
  -3.5030770e-01
  -5.3870409e-01
  -3.3869943e-01
   1.4736275e-01
   1.6684167e-01
   1.9261673e-01
   8.6948588e-02
  -1.0591239e-01
  -3.6107540e-01
  -7.3414481e-01
  -1.0925968e+00
  -1.4625022e+00
  -1.9118675e+00
  -2.2729566e+00
  -2.6151814e+00
  -3.0162144e+00
  -3.3465799e+00
  -3.7115588e+00
  -4.5246997e+00
  -4.4004545e+00
  -3.6303463e+00
  -4.3434887e+00
  -3.6420627e+00
  -2.9698584e+00
  -4.5409389e+00
  -3.3957258e+00
  -1.5144579e+00
  -1.0308383e+00
  -2.2336397e+00
  -2.4386241e+00
  -2.7625828e+00
  -3.3516446e+00
  -3.3301325e+00
  -3.4065208e+00
  -3.2965042e+00
  -3.1024746e+00
  -2.7772945e+00
  -2.5094794e+00
  -2.2905742e+00
  -2.0453317e+00
  -1.8502720e+00
  -1.6713666e+00
  -1.5022305e+00
  -1.4284341e+00
  -1.4112722e+00
  -1.4591406e+00
  -1.5479837e+00
  -1.6660159e+00
  -1.8303156e+00
  -1.9915489e+00
  -2.1743056e+00
  -2.4037696e+00
  -2.5972436e+00
  -2.7986863e+00
  -3.0643318e+00
  -3.3032126e+00
  -3.5392297e+00
  -3.7885544e+00
  -4.0129681e+00
  -4.3007175e+00
  -4.6988276e+00
  -4.1151806e+00
  -3.0620082e+00
  -4.3152851e+00
  -4.4365680e+00
  -4.4990089e+00
  -3.7165295e+00
  -2.2516063e+00
  -6.3654774e-01
   4.7614228e-01
   5.9360367e-01
   3.3325129e-01
  -4.0060545e-01
  -8.5804308e-01
  -8.9084903e-01
  -4.7885476e-02
   6.9208132e-02
   2.1224532e-01
   2.7206163e-01
   1.9290976e-01
   2.2760563e-02
  -3.0096613e-01
  -6.4888167e-01
  -1.0373566e+00
  -1.5428058e+00
  -1.9712513e+00
  -2.3830986e+00
  -2.8453218e+00
  -3.1879644e+00
  -3.4487000e+00
  -3.7327981e+00
  -3.9989254e+00
  -4.2594529e+00
  -4.4658871e+00
  -3.1974688e+00
  -2.6890360e+00
  -4.8295786e+00
  -4.0275417e+00
  -1.5581092e+00
  -3.9652168e-01
  -1.8102946e+00
  -2.8529077e+00
  -3.0148280e+00
  -3.3464120e+00
  -3.4767802e+00
  -3.3617463e+00
  -3.3182416e+00
  -3.2079263e+00
  -2.9646065e+00
  -2.7349749e+00
  -2.5303931e+00
  -2.2892599e+00
  -2.0675259e+00
  -1.8431411e+00
  -1.6029615e+00
  -1.4602063e+00
  -1.3866574e+00
  -1.3864434e+00
  -1.4425590e+00
  -1.5331933e+00
  -1.6768174e+00
  -1.8259815e+00
  -2.0018284e+00
  -2.2346146e+00
  -2.4370589e+00
  -2.6456518e+00
  -2.9038959e+00
  -3.1180947e+00
  -3.3217316e+00
  -3.5411098e+00
  -3.7223368e+00
  -3.9063020e+00
  -4.0609479e+00
  -3.9309311e+00
  -3.7377968e+00
  -4.4011507e+00
  -4.6620302e+00
  -4.7996140e+00
  -4.3772683e+00
  -2.9320748e+00
  -7.4702227e-01
   6.5442008e-01
   7.7847409e-01
   6.5080863e-01
  -3.3089042e-02
  -4.8652592e-01
  -1.1845348e+00
  -3.7090638e-01
  -1.8159340e-01
   3.0328557e-02
   2.6451534e-01
   3.2880625e-01
   2.7677548e-01
   5.0761070e-02
  -2.5479600e-01
  -6.2766534e-01
  -1.1426444e+00
  -1.6003207e+00
  -2.0551469e+00
  -2.5842717e+00
  -3.0186191e+00
  -3.4268591e+00
  -3.8458300e+00
  -4.1720862e+00
  -4.6332741e+00
  -4.9187727e+00
  -3.6279736e+00
  -3.1162639e+00
  -5.0958972e+00
  -4.5161486e+00
  -1.8368909e+00
   8.9511342e-02
  -7.9280686e-01
  -2.2970238e+00
  -3.0156429e+00
  -3.2180777e+00
  -3.3604486e+00
  -3.2940679e+00
  -3.2924102e+00
  -3.2358062e+00
  -3.0520523e+00
  -2.8550219e+00
  -2.6664920e+00
  -2.4376268e+00
  -2.2091574e+00
  -1.9633329e+00
  -1.6819756e+00
  -1.4924318e+00
  -1.3750557e+00
  -1.3343041e+00
  -1.3649361e+00
  -1.4353381e+00
  -1.5624890e+00
  -1.7027119e+00
  -1.8724899e+00
  -2.1043227e+00
  -2.3108761e+00
  -2.5230374e+00
  -2.7764242e+00
  -2.9756879e+00
  -3.1596982e+00
  -3.3610716e+00
  -3.5215595e+00
  -3.6642854e+00
  -3.7306492e+00
  -3.8166445e+00
  -4.0207887e+00
  -4.3810639e+00
  -4.7161955e+00
  -4.9488363e+00
  -4.8291402e+00
  -3.4409052e+00
  -7.9462028e-01
   7.5683314e-01
   8.8650747e-01
   8.4027612e-01
   1.8806794e-01
  -3.4952312e-01
  -1.3802460e+00
  -6.0711801e-01
  -3.8685958e-01
  -1.5244685e-01
   1.8730839e-01
   3.5351013e-01
   3.9434949e-01
   2.5721934e-01
  -7.1457020e-04
  -3.4681857e-01
  -8.5253710e-01
  -1.3190572e+00
  -1.7928653e+00
  -2.3532348e+00
  -2.8289386e+00
  -3.3057561e+00
  -3.8001678e+00
  -4.1677275e+00
  -4.7264552e+00
  -5.1275520e+00
  -3.9647496e+00
  -3.5121825e+00
  -5.1452527e+00
  -4.8181552e+00
  -2.0935097e+00
   2.8298530e-01
  -2.5340074e-01
  -1.8116279e+00
  -2.9034460e+00
  -3.0900437e+00
  -3.2462189e+00
  -3.0725724e+00
  -3.1224836e+00
  -3.1357055e+00
  -3.0535328e+00
  -2.9266619e+00
  -2.7825159e+00
  -2.6026157e+00
  -2.4009652e+00
  -2.1537964e+00
  -1.8339999e+00
  -1.5749110e+00
  -1.3743385e+00
  -1.2476801e+00
  -1.2298070e+00
  -1.2648110e+00
  -1.3595513e+00
  -1.4840461e+00
  -1.6403280e+00
  -1.8603455e+00
  -2.0665996e+00
  -2.2799068e+00
  -2.5266054e+00
  -2.7095430e+00
  -2.8719741e+00
  -3.0540839e+00
  -3.2115003e+00
  -3.3874972e+00
  -3.5719133e+00
  -3.6815332e+00
  -3.8725022e+00
  -4.0972655e+00
  -4.4764418e+00
  -4.9932247e+00
  -5.5123571e+00
  -4.3500161e+00
  -7.7669493e-01
   8.4894427e-01
   9.9069183e-01
   1.0376516e+00
   4.2539243e-01
  -5.1884859e-01
  -1.6596369e+00
  -1.0134685e+00
  -8.0573320e-01
  -6.1648076e-01
  -1.6110401e-01
   1.7144263e-01
   3.9157786e-01
   4.5977632e-01
   3.3383513e-01
   7.9948845e-02
  -3.6103056e-01
  -8.0507804e-01
  -1.2741079e+00
  -1.8350635e+00
  -2.3046115e+00
  -2.7812522e+00
  -3.3357166e+00
  -3.7663116e+00
  -4.3448868e+00
  -5.1186167e+00
  -4.6101567e+00
  -4.4444033e+00
  -4.7929080e+00
  -5.1714064e+00
  -2.6936257e+00
   1.2879611e-01
   5.9100942e-02
  -7.3932299e-01
  -2.3712236e+00
  -2.7669692e+00
  -2.9620095e+00
  -2.7673122e+00
  -2.8422111e+00
  -2.8862263e+00
  -2.8688704e+00
  -2.8023907e+00
  -2.7047967e+00
  -2.5720653e+00
  -2.4103648e+00
  -2.1953196e+00
  -1.8934832e+00
  -1.6249359e+00
  -1.3931847e+00
  -1.2093987e+00
  -1.1427551e+00
  -1.1398631e+00
  -1.1998936e+00
  -1.3048066e+00
  -1.4466685e+00
  -1.6468124e+00
  -1.8395448e+00
  -2.0443883e+00
  -2.2840097e+00
  -2.4555721e+00
  -2.5982560e+00
  -2.7418095e+00
  -2.8588053e+00
  -2.9948834e+00
  -3.1722799e+00
  -3.2910908e+00
  -3.4346834e+00
  -3.6790195e+00
  -4.1470961e+00
  -4.8291286e+00
  -5.8022316e+00
  -4.7862696e+00
  -1.0468029e+00
   9.5195777e-01
   1.0985156e+00
   7.9822191e-01
   2.7879801e-01
  -1.6677232e-01
  -9.8620320e-01
  -1.0837570e+00
  -9.6220971e-01
  -9.2884327e-01
  -5.4187107e-01
  -1.5543884e-01
   1.6450284e-01
   4.0274538e-01
   4.2635317e-01
   3.0013176e-01
  -1.8568899e-02
  -3.9316501e-01
  -8.2175507e-01
  -1.3573674e+00
  -1.8088827e+00
  -2.2622311e+00
  -2.8024305e+00
  -3.2553805e+00
  -3.7726653e+00
  -4.4356689e+00
  -4.3748235e+00
  -4.1829910e+00
  -4.3254017e+00
  -4.9907268e+00
  -3.2915743e+00
  -3.5997535e-01
  -2.3187302e-01
  -4.7009793e-01
  -1.7028884e+00
  -2.3317463e+00
  -2.6152827e+00
  -2.4883443e+00
  -2.5815422e+00
  -2.6460361e+00
  -2.6700849e+00
  -2.6439973e+00
  -2.5814566e+00
  -2.4857744e+00
  -2.3572771e+00
  -2.1726595e+00
  -1.8951465e+00
  -1.6319319e+00
  -1.3902429e+00
  -1.1777733e+00
  -1.0796095e+00
  -1.0479032e+00
  -1.0807725e+00
  -1.1678347e+00
  -1.2966578e+00
  -1.4812535e+00
  -1.6607021e+00
  -1.8547262e+00
  -2.0851494e+00
  -2.2475053e+00
  -2.3781291e+00
  -2.4957458e+00
  -2.5824143e+00
  -2.6870112e+00
  -2.8437397e+00
  -2.9576227e+00
  -3.0742406e+00
  -3.3396198e+00
  -3.8544352e+00
  -4.6098140e+00
  -5.8509596e+00
  -5.1487687e+00
  -1.4985031e+00
   6.8122194e-01
   1.0659867e+00
   8.4456318e-01
   4.2094251e-01
   1.4665847e-01
  -5.6849185e-01
  -1.0880254e+00
  -1.0300676e+00
  -1.0732226e+00
  -7.7633928e-01
  -3.8518369e-01
  -2.0342541e-02
   3.1872411e-01
   4.4734835e-01
   4.2149537e-01
   2.0551701e-01
  -1.0507762e-01
  -4.9145114e-01
  -9.9768549e-01
  -1.4321060e+00
  -1.8706417e+00
  -2.4039423e+00
  -2.8738329e+00
  -3.3809161e+00
  -4.0393641e+00
  -4.2719572e+00
  -3.9877243e+00
  -3.7907331e+00
  -4.6703017e+00
  -3.6551037e+00
  -7.5036471e-01
  -5.4035059e-01
  -4.3826699e-01
  -1.2132710e+00
  -1.9528639e+00
  -2.2982279e+00
  -2.0014157e+00
  -2.1187000e+00
  -2.2056773e+00
  -2.2711371e+00
  -2.2899375e+00
  -2.2756198e+00
  -2.2341214e+00
  -2.1578559e+00
  -2.0282027e+00
  -1.8068374e+00
  -1.5771218e+00
  -1.3502040e+00
  -1.1283865e+00
  -9.9779290e-01
  -9.2586221e-01
  -9.1921312e-01
  -9.7519498e-01
  -1.0814998e+00
  -1.2434811e+00
  -1.3981378e+00
  -1.5679381e+00
  -1.7775819e+00
  -1.9259260e+00
  -2.0458596e+00
  -2.1342996e+00
  -2.1794774e+00
  -2.2377798e+00
  -2.3337609e+00
  -2.4159742e+00
  -2.5137587e+00
  -2.8213307e+00
  -3.3580030e+00
  -4.1069676e+00
  -5.5618266e+00
  -5.7188718e+00
  -2.6415152e+00
  -4.2290292e-01
   7.8234669e-01
   1.3843961e+00
   1.1469741e+00
   6.7933777e-01
  -1.8162381e-01
  -9.9168038e-01
  -1.0184489e+00
  -1.0810375e+00
  -9.8913222e-01
  -6.6679364e-01
  -3.0374118e-01
   1.1684822e-01
   3.7398848e-01
   4.9511035e-01
   4.4280945e-01
   2.4484804e-01
  -5.8733902e-02
  -5.0292823e-01
  -9.0644448e-01
  -1.3303304e+00
  -1.8622122e+00
  -2.3556320e+00
  -2.9242021e+00
  -3.7419619e+00
  -4.2866101e+00
  -3.7224120e+00
  -2.6715383e+00
  -3.8421899e+00
  -3.9730183e+00
  -1.3343533e+00
  -1.1524632e+00
  -7.5347583e-01
  -5.6836618e-01
  -1.3241739e+00
  -1.7444898e+00
  -1.3455477e+00
  -1.4912949e+00
  -1.5991246e+00
  -1.6892405e+00
  -1.7353899e+00
  -1.7552788e+00
  -1.7616202e+00
  -1.7354028e+00
  -1.6650076e+00
  -1.5200559e+00
  -1.3470197e+00
  -1.1612768e+00
  -9.6962661e-01
  -8.5057020e-01
  -7.6514781e-01
  -7.3320204e-01
  -7.6374888e-01
  -8.4066492e-01
  -9.7603977e-01
  -1.1047723e+00
  -1.2440109e+00
  -1.4199090e+00
  -1.5445921e+00
  -1.6442385e+00
  -1.7147104e+00
  -1.7289302e+00
  -1.7389619e+00
  -1.7701831e+00
  -1.8130158e+00
  -1.8942233e+00
  -2.2031839e+00
  -2.7220430e+00
  -3.4230876e+00
  -4.4677310e+00
  -5.1419296e+00
  -3.6695330e+00
  -1.5064666e+00
  -2.4565895e-01
   5.6426567e-01
   7.1431482e-01
   5.3624046e-01
   7.7660382e-02
  -4.3812597e-01
  -7.1288836e-01
  -7.7505159e-01
  -8.2803750e-01
  -6.6183406e-01
  -3.9051351e-01
  -1.5901694e-02
   2.6375765e-01
   4.5374873e-01
   5.1218301e-01
   4.1151148e-01
   1.9704156e-01
  -1.6238901e-01
  -5.0891733e-01
  -8.8432223e-01
  -1.3674666e+00
  -1.8190637e+00
  -2.3385658e+00
  -3.2365844e+00
  -4.0905161e+00
  -3.0694835e+00
  -8.9027071e-01
  -1.9688386e+00
  -3.3123207e+00
  -1.8414061e+00
  -1.1855996e+00
  -4.2293000e-01
  -1.4532708e-01
  -6.5266228e-01
  -1.0427538e+00
  -8.8415956e-01
  -1.0312070e+00
  -1.1407222e+00
  -1.2308469e+00
  -1.2771635e+00
  -1.3015070e+00
  -1.3215220e+00
  -1.3174916e+00
  -1.2807378e+00
  -1.1894286e+00
  -1.0658067e+00
  -9.2057276e-01
  -7.6419586e-01
  -6.6803197e-01
  -5.9130329e-01
  -5.5301929e-01
  -5.7460909e-01
  -6.3640511e-01
  -7.5194669e-01
  -8.6488350e-01
  -9.8511302e-01
  -1.1374618e+00
  -1.2459180e+00
  -1.3305057e+00
  -1.3889550e+00
  -1.3927272e+00
  -1.3800616e+00
  -1.3739502e+00
  -1.3919806e+00
  -1.4557843e+00
  -1.7327198e+00
  -2.2013004e+00
  -2.8449285e+00
  -3.7117889e+00
  -4.3985767e+00
  -3.8256814e+00
  -2.2627468e+00
  -9.6923459e-01
  -8.7903827e-02
   1.1098970e-01
   7.9144603e-02
  -3.5418097e-02
  -4.0186650e-01
  -5.3853631e-01
  -5.1977211e-01
  -6.0426021e-01
  -5.3212970e-01
  -3.3800384e-01
  -2.5482763e-02
   2.3693489e-01
   4.4002602e-01
   5.4427958e-01
   4.9532139e-01
   3.3579367e-01
   3.6736272e-02
  -2.6298317e-01
  -5.9234565e-01
  -1.0199589e+00
  -1.4185628e+00
  -1.8775502e+00
  -2.7420352e+00
  -3.7269717e+00
  -2.9838750e+00
  -5.4382825e-01
  -1.2576413e+00
  -2.6123252e+00
  -1.9201596e+00
  -1.1355171e+00
  -4.0978694e-01
  -6.8959251e-02
  -3.0383610e-01
  -6.0236734e-01
  -4.1734871e-01
  -5.5372155e-01
  -6.5662622e-01
  -7.3565787e-01
  -7.6992959e-01
  -7.8622270e-01
  -8.0727595e-01
  -8.1735492e-01
  -8.0948508e-01
  -7.7237689e-01
  -7.0486116e-01
  -6.0800427e-01
  -4.9631387e-01
  -4.3277466e-01
  -3.7648749e-01
  -3.3912843e-01
  -3.5737878e-01
  -4.0743393e-01
  -5.0219411e-01
  -6.0071337e-01
  -7.0330477e-01
  -8.3194917e-01
  -9.2425585e-01
  -9.9310356e-01
  -1.0397841e+00
  -1.0402422e+00
  -1.0118240e+00
  -9.7320855e-01
  -9.6800274e-01
  -1.0105203e+00
  -1.2339195e+00
  -1.6274571e+00
  -2.1978114e+00
  -2.9557531e+00
  -3.4303565e+00
  -3.6205268e+00
  -3.0240846e+00
  -1.7015688e+00
  -7.9591429e-01
  -6.9088346e-01
  -6.1158586e-01
  -3.3905405e-01
  -5.9134477e-01
  -3.8813752e-01
  -2.3585960e-01
  -3.0711865e-01
  -3.2007089e-01
  -2.1215680e-01
   1.8493645e-02
   2.4227998e-01
   4.3598783e-01
   5.6605446e-01
   5.5870473e-01
   4.4980425e-01
   2.1230596e-01
  -3.5751391e-02
  -3.1088549e-01
  -6.6870874e-01
  -9.9860179e-01
  -1.3797140e+00
  -2.1526380e+00
  -3.2146795e+00
  -3.1365891e+00
  -7.7393675e-01
  -9.2659992e-01
  -1.7534711e+00
  -1.8218379e+00
  -1.0378444e+00
  -5.3698838e-01
  -1.3337269e-01
  -3.0044096e-02
  -1.9091877e-01
  -8.8703205e-02
  -1.3654531e-01
  -1.8014275e-01
  -2.0995269e-01
  -1.9911521e-01
  -1.5858617e-01
  -1.0765697e-01
  -7.5169003e-02
  -4.5773499e-02
  -1.5364012e-02
   1.1430636e-02
   5.6719541e-02
   1.0830905e-01
   1.1470499e-01
   1.1102150e-01
   1.0536023e-01
   6.5072519e-02
  -1.7161802e-03
  -9.5317824e-02
  -1.7790249e-01
  -2.6023192e-01
  -3.4802450e-01
  -4.0539712e-01
  -4.4570019e-01
  -4.6566903e-01
  -4.6219312e-01
  -4.3958907e-01
  -4.0656672e-01
  -3.9966196e-01
  -4.1955648e-01
  -5.2070660e-01
  -7.2971991e-01
  -1.0753574e+00
  -1.6226314e+00
  -2.0024607e+00
  -2.3969254e+00
  -2.6519085e+00
  -2.5172137e+00
  -1.3707172e+00
  -7.4005094e-01
  -6.0622647e-01
  -4.0307006e-01
  -5.2815783e-01
  -4.7046439e-01
  -1.8477932e-01
  -6.6770821e-02
  -4.3224815e-02
   4.8154072e-02
   2.2532456e-01
   3.9093947e-01
   5.4545396e-01
   6.6366294e-01
   6.8018529e-01
   6.1455356e-01
   4.4008066e-01
   2.5409618e-01
   5.9796793e-02
  -1.6947386e-01
  -3.5112931e-01
  -5.5212795e-01
  -9.8484861e-01
  -2.1008172e+00
  -2.2877696e+00
  -8.0614078e-01
  -1.4174891e+00
  -1.2891740e+00
  -1.2931437e+00
  -1.1932467e+00
  -8.6341209e-01
  -4.3260322e-01
  -1.2660418e-01
  -5.1630608e-02
  -1.5591899e-01
  -1.2248491e-01
  -9.0849437e-02
  -4.7787014e-02
   8.0373026e-03
   8.9300707e-02
   1.9662219e-01
   2.7667594e-01
   3.4558946e-01
   4.0920490e-01
   4.4250047e-01
   4.7755736e-01
   5.0804788e-01
   4.9507076e-01
   4.6724242e-01
   4.3212977e-01
   3.7419605e-01
   2.9471797e-01
   1.9428343e-01
   1.1676846e-01
   4.3157294e-02
  -2.3979178e-02
  -5.5826362e-02
  -7.2541624e-02
  -6.9022752e-02
  -4.9752250e-02
  -2.1050552e-02
   8.8124201e-03
   1.3174400e-02
  -6.1864257e-03
  -8.0088213e-02
  -2.2390246e-01
  -4.5551896e-01
  -8.2803750e-01
  -1.1207323e+00
  -1.4307225e+00
  -1.7856354e+00
  -1.8385868e+00
  -1.3251554e+00
  -6.7351574e-01
  -4.0828738e-01
  -2.7053210e-01
  -4.0122598e-01
  -4.5578891e-01
  -2.0617568e-01
  -4.5646979e-03
   6.6533573e-02
   1.6173574e-01
   3.2806960e-01
   4.7612023e-01
   6.1662680e-01
   7.3290843e-01
   7.5705600e-01
   7.0658582e-01
   5.6247503e-01
   4.0476450e-01
   2.3954135e-01
   6.0064562e-02
  -4.9011379e-02
  -1.4697292e-01
  -3.4428966e-01
  -9.0211946e-01
  -1.2201545e+00
  -4.5326909e-01
  -4.4423962e-01
  -3.9089820e-01
  -6.2534755e-01
  -8.6806369e-01
  -8.7347758e-01
  -6.4786154e-01
  -3.7914658e-01
  -2.2800474e-01
   1.2550177e-02
   8.5531004e-02
   1.6155922e-01
   2.5286824e-01
   3.3869132e-01
   4.4641748e-01
   5.9023750e-01
   7.0278919e-01
   7.9907918e-01
   8.8740730e-01
   9.2745608e-01
   9.5470309e-01
   9.6630800e-01
   9.3495780e-01
   8.8390499e-01
   8.1865400e-01
   7.4034244e-01
   6.4282459e-01
   5.2807951e-01
   4.4933957e-01
   3.7964481e-01
   3.2566276e-01
   3.1314945e-01
   3.1825775e-01
   3.4300178e-01
   3.7677416e-01
   4.1331750e-01
   4.4418636e-01
   4.5124352e-01
   4.3647307e-01
   3.8434982e-01
   2.8824732e-01
   1.3789579e-01
  -1.0234240e-01
  -3.1680968e-01
  -5.3612715e-01
  -8.6635876e-01
  -9.9313205e-01
  -8.3627284e-01
  -3.0293784e-01
  -7.0716023e-02
  -1.7874647e-02
  -1.4252909e-01
  -2.4264966e-01
  -4.4687662e-02
   1.8512741e-01
   2.8224108e-01
   3.7286201e-01
   5.1157308e-01
   6.2811518e-01
   7.3665941e-01
   8.3091271e-01
   8.5456210e-01
   8.1384325e-01
   6.9317675e-01
   5.5980504e-01
   4.1890076e-01
   2.7471936e-01
   2.1203366e-01
   1.8709910e-01
   1.5956399e-01
   4.0442765e-02
  -1.8605161e-01
   1.0934415e-01
   3.5842815e-01
   4.0683144e-01
   1.4981139e-01
  -2.1936230e-01
  -4.4310954e-01
  -4.2239454e-01
  -2.4654326e-01
  -9.6046537e-02
   4.6639276e-01
   5.2935493e-01
   6.1173332e-01
   7.2024745e-01
   8.1700188e-01
   9.3303001e-01
   1.0886812e+00
   1.2150491e+00
   1.3239014e+00
   1.4262705e+00
   1.4725158e+00
   1.4936337e+00
   1.4873786e+00
   1.4379866e+00
   1.3637837e+00
   1.2666104e+00
   1.1650474e+00
   1.0441207e+00
   9.0642142e-01
   8.1815851e-01
   7.4597299e-01
   6.9476002e-01
   6.9226128e-01
   7.1524489e-01
   7.5853884e-01
   8.0540860e-01
   8.5157597e-01
   8.8789600e-01
   9.0310931e-01
   8.9779037e-01
   8.6194909e-01
   7.9327524e-01
   6.8640548e-01
   5.2710688e-01
   3.7732440e-01
   2.4709544e-01
   6.7772113e-02
  -1.0864273e-02
   8.9642137e-02
   3.6674899e-01
   4.0968609e-01
   3.6763284e-01
   2.6130965e-01
   1.8992487e-01
   3.2256877e-01
   5.1901090e-01
   6.1793268e-01
   6.9612598e-01
   7.9143095e-01
   8.6285037e-01
   9.2130280e-01
   9.7068268e-01
   9.8269767e-01
   9.4341058e-01
   8.3493167e-01
   7.1851307e-01
   5.9556156e-01
   4.7136152e-01
   4.2524907e-01
   4.3661895e-01
   4.9876416e-01
   6.5635669e-01
   7.4345392e-01
   8.6342180e-01
   9.5773721e-01
   1.0694901e+00
   1.0034455e+00
   7.4914670e-01
   4.6068797e-01
   3.0382627e-01
   3.3626318e-01
   4.0333211e-01
   1.3097357e+00
   1.3211422e+00
   1.3692422e+00
   1.4593077e+00
   1.5437448e+00
   1.6453454e+00
   1.7874054e+00
   1.9096066e+00
   2.0191931e+00
   2.1257351e+00
   2.1718324e+00
   2.1760534e+00
   2.1340404e+00
   2.0546738e+00
   1.9424328e+00
   1.7951698e+00
   1.6653292e+00
   1.5193645e+00
   1.3480594e+00
   1.2340775e+00
   1.1475463e+00
   1.0787142e+00
   1.0642566e+00
   1.0903863e+00
   1.1550393e+00
   1.2184505e+00
   1.2755980e+00
   1.3178665e+00
   1.3409663e+00
   1.3517410e+00
   1.3408628e+00
   1.2950766e+00
   1.2231360e+00
   1.1176129e+00
   1.0126287e+00
   9.1481535e-01
   8.3348509e-01
   7.9507034e-01
   8.1302534e-01
   9.0057951e-01
   9.2474754e-01
   8.7118820e-01
   7.8408292e-01
   7.6397888e-01
   8.4610264e-01
   9.8921891e-01
   1.0834575e+00
   1.1585889e+00
   1.2233065e+00
   1.2530932e+00
   1.2622819e+00
   1.2462557e+00
   1.2218146e+00
   1.1611782e+00
   1.0325174e+00
   9.0784595e-01
   7.9622046e-01
   7.0188468e-01
   6.6453963e-01
   6.8331819e-01
   7.7652929e-01
   9.7853147e-01
   1.2630028e+00
   1.4572520e+00
   1.5460682e+00
   1.6604700e+00
   1.7094752e+00
   1.6541440e+00
   1.5343764e+00
   1.4121703e+00
   1.3600512e+00
   1.3312396e+00
   1.7187690e+00
   1.7019954e+00
   1.7246552e+00
   1.8022896e+00
   1.8902147e+00
   1.9943718e+00
   2.1287518e+00
   2.2470939e+00
   2.3617921e+00
   2.4830425e+00
   2.5513248e+00
   2.5738511e+00
   2.5420496e+00
   2.4694846e+00
   2.3514471e+00
   2.1725383e+00
   2.0154774e+00
   1.8503448e+00
   1.6571951e+00
   1.5218515e+00
   1.4207329e+00
   1.3395202e+00
   1.3144920e+00
   1.3350505e+00
   1.4041401e+00
   1.4797966e+00
   1.5477550e+00
   1.6027869e+00
   1.6345379e+00
   1.6603025e+00
   1.6755695e+00
   1.6547154e+00
   1.6051606e+00
   1.5295798e+00
   1.4495223e+00
   1.3715498e+00
   1.3077984e+00
   1.2772517e+00
   1.2620734e+00
   1.2669475e+00
   1.2507875e+00
   1.1934274e+00
   1.1166668e+00
   1.0972273e+00
   1.1440157e+00
   1.2527521e+00
   1.3505361e+00
   1.4314548e+00
   1.5052099e+00
   1.5300758e+00
   1.5226126e+00
   1.4700911e+00
   1.4059534e+00
   1.3224957e+00
   1.1776148e+00
   1.0432587e+00
   9.2085642e-01
   8.2924569e-01
   7.9971349e-01
   8.1830752e-01
   9.2284429e-01
   1.1117834e+00
   1.3929003e+00
   1.6622866e+00
   1.8087389e+00
   1.9329214e+00
   2.0264359e+00
   2.0372381e+00
   1.9915140e+00
   1.9086549e+00
   1.8366809e+00
   1.7742954e+00
   1.8584702e+00
   1.8341204e+00
   1.8417144e+00
   1.9071620e+00
   2.0024886e+00
   2.1211197e+00
   2.2646604e+00
   2.3877206e+00
   2.5160613e+00
   2.6583910e+00
   2.7458448e+00
   2.7879543e+00
   2.7719920e+00
   2.7139466e+00
   2.6072731e+00
   2.4209540e+00
   2.2461982e+00
   2.0671933e+00
   1.8628036e+00
   1.7171075e+00
   1.6056794e+00
   1.5142865e+00
   1.4796391e+00
   1.4884679e+00
   1.5468128e+00
   1.6231480e+00
   1.6965942e+00
   1.7624061e+00
   1.8016511e+00
   1.8374236e+00
   1.8666953e+00
   1.8623469e+00
   1.8338678e+00
   1.7789613e+00
   1.7156827e+00
   1.6543452e+00
   1.5947025e+00
   1.5590715e+00
   1.5190538e+00
   1.4707441e+00
   1.4234828e+00
   1.3577240e+00
   1.2796302e+00
   1.2479501e+00
   1.2661957e+00
   1.3432237e+00
   1.4319093e+00
   1.5082499e+00
   1.5885565e+00
   1.6168361e+00
   1.6017772e+00
   1.5372436e+00
   1.4510288e+00
   1.3468952e+00
   1.1876556e+00
   1.0461087e+00
   9.1462463e-01
   8.1080562e-01
   7.7948427e-01
   8.0023122e-01
   9.1203409e-01
   1.0881047e+00
   1.3366240e+00
   1.6152039e+00
   1.7951188e+00
   1.9430224e+00
   2.0680404e+00
   2.1128576e+00
   2.1058908e+00
   2.0530128e+00
   1.9882822e+00
   1.9214543e+00
   1.7799431e+00
   1.7554667e+00
   1.7553893e+00
   1.8107477e+00
   1.9081361e+00
   2.0341952e+00
   2.1880801e+00
   2.3208287e+00
   2.4639144e+00
   2.6276488e+00
   2.7355123e+00
   2.8006084e+00
   2.8055694e+00
   2.7639735e+00
   2.6773167e+00
   2.5051620e+00
   2.3272200e+00
   2.1406476e+00
   1.9288826e+00
   1.7776480e+00
   1.6581359e+00
   1.5589061e+00
   1.5169319e+00
   1.5141141e+00
   1.5568397e+00
   1.6264532e+00
   1.7002884e+00
   1.7755088e+00
   1.8267972e+00
   1.8741781e+00
   1.9144120e+00
   1.9202142e+00
   1.9121332e+00
   1.8778622e+00
   1.8273089e+00
   1.7791531e+00
   1.7223555e+00
   1.6783943e+00
   1.6216877e+00
   1.5398426e+00
   1.4697673e+00
   1.3943331e+00
   1.3101101e+00
   1.2607532e+00
   1.2524405e+00
   1.2948518e+00
   1.3626801e+00
   1.4240322e+00
   1.5001032e+00
   1.5325313e+00
   1.5139962e+00
   1.4444665e+00
   1.3466613e+00
   1.2271976e+00
   1.0560789e+00
   9.0839428e-01
   7.7391607e-01
   6.5631676e-01
   6.1256510e-01
   6.2675840e-01
   7.3421896e-01
   8.9495456e-01
   1.1079915e+00
   1.3690333e+00
   1.5646988e+00
   1.7342688e+00
   1.8853893e+00
   1.9509838e+00
   1.9677635e+00
   1.9427223e+00
   1.8953700e+00
   1.8385135e+00
   1.4887623e+00
   1.4655530e+00
   1.4656610e+00
   1.5176945e+00
   1.6119773e+00
   1.7349384e+00
   1.8946755e+00
   2.0404730e+00
   2.1925502e+00
   2.3663082e+00
   2.4935121e+00
   2.5863941e+00
   2.6208000e+00
   2.5951428e+00
   2.5284481e+00
   2.3858070e+00
   2.2235279e+00
   2.0430899e+00
   1.8322766e+00
   1.6805802e+00
   1.5573218e+00
   1.4543297e+00
   1.4068773e+00
   1.3948429e+00
   1.4252837e+00
   1.4820517e+00
   1.5483184e+00
   1.6297979e+00
   1.6971418e+00
   1.7580580e+00
   1.8107678e+00
   1.8266723e+00
   1.8338943e+00
   1.8170223e+00
   1.7773117e+00
   1.7394823e+00
   1.6847265e+00
   1.6333296e+00
   1.5716151e+00
   1.4766734e+00
   1.3944736e+00
   1.3104426e+00
   1.2134805e+00
   1.1429322e+00
   1.1095835e+00
   1.1160420e+00
   1.1513912e+00
   1.1876923e+00
   1.2452897e+00
   1.2761930e+00
   1.2527153e+00
   1.1792369e+00
   1.0780562e+00
   9.4915986e-01
   7.6961237e-01
   6.1847846e-01
   4.8678038e-01
   3.6562258e-01
   3.0968221e-01
   3.0850211e-01
   3.9368266e-01
   5.2922350e-01
   7.0553482e-01
   9.4050503e-01
   1.1353547e+00
   1.3154235e+00
   1.4844465e+00
   1.5624124e+00
   1.5951335e+00
   1.5961099e+00
   1.5707486e+00
   1.5341220e+00
   1.0250038e+00
   1.0054425e+00
   1.0108302e+00
   1.0663335e+00
   1.1568192e+00
   1.2712595e+00
   1.4329288e+00
   1.5908267e+00
   1.7431893e+00
   1.9101368e+00
   2.0487833e+00
   2.1684718e+00
   2.2402179e+00
   2.2339382e+00
   2.1833489e+00
   2.0724602e+00
   1.9390564e+00
   1.7798899e+00
   1.5834866e+00
   1.4372109e+00
   1.3111175e+00
   1.2046374e+00
   1.1535362e+00
   1.1327311e+00
   1.1542208e+00
   1.1954065e+00
   1.2502047e+00
   1.3360684e+00
   1.4159748e+00
   1.4870236e+00
   1.5577136e+00
   1.5944430e+00
   1.6098690e+00
   1.6015122e+00
   1.5733400e+00
   1.5461239e+00
   1.4946908e+00
   1.4372229e+00
   1.3775792e+00
   1.2845294e+00
   1.1972592e+00
   1.1099958e+00
   9.9801886e-01
   9.0454603e-01
   8.4514534e-01
   8.1490076e-01
   8.1339469e-01
   8.2046741e-01
   8.4839690e-01
   8.6411847e-01
   8.2957542e-01
   7.5175357e-01
   6.5295283e-01
   5.2084547e-01
   3.4188184e-01
   1.9467897e-01
   7.0662640e-02
  -4.0599007e-02
  -9.6853707e-02
  -1.0819411e-01
  -4.8834600e-02
   5.1448861e-02
   1.8649039e-01
   3.8967463e-01
   5.6677460e-01
   7.4147964e-01
   9.1480571e-01
   9.9792302e-01
   1.0430070e+00
   1.0678184e+00
   1.0642940e+00
   1.0509466e+00
   4.7008449e-01
   4.6034855e-01
   4.6597931e-01
   5.2038401e-01
   6.0728657e-01
   7.1315563e-01
   8.7290066e-01
   1.0293540e+00
   1.1709139e+00
   1.3215959e+00
   1.4588646e+00
   1.5922394e+00
   1.6944188e+00
   1.7135700e+00
   1.6840813e+00
   1.6026734e+00
   1.4999392e+00
   1.3679284e+00
   1.1971852e+00
   1.0628474e+00
   9.3563336e-01
   8.2347274e-01
   7.6530743e-01
   7.3189211e-01
   7.4112111e-01
   7.7155799e-01
   8.2093173e-01
   9.1016704e-01
   9.8921627e-01
   1.0591044e+00
   1.1538178e+00
   1.2251281e+00
   1.2511100e+00
   1.2462865e+00
   1.2288151e+00
   1.2106029e+00
   1.1716739e+00
   1.1161904e+00
   1.0597900e+00
   9.7132015e-01
   8.7969089e-01
   7.9617417e-01
   6.7803395e-01
   5.6479669e-01
   4.7828561e-01
   4.1149998e-01
   3.7738529e-01
   3.5527197e-01
   3.4604567e-01
   3.3266518e-01
   2.8428522e-01
   2.0550334e-01
   1.1633667e-01
  -3.0075759e-03
  -1.5629426e-01
  -2.8386748e-01
  -3.9400250e-01
  -4.8735297e-01
  -5.3343856e-01
  -5.3928244e-01
  -4.8922107e-01
  -4.1857368e-01
  -3.2058755e-01
  -1.6404653e-01
  -2.3431562e-02
   1.2823132e-01
   2.8975818e-01
   3.7045893e-01
   4.2271435e-01
   4.6665081e-01
   4.7978336e-01
   4.7965437e-01
  -9.9401020e-02
  -1.0024634e-01
  -1.0567185e-01
  -5.9824906e-02
   2.3548476e-02
   1.1981335e-01
   2.6238149e-01
   3.9348513e-01
   5.1311427e-01
   6.5043586e-01
   7.7864265e-01
   9.0976787e-01
   1.0217111e+00
   1.0615197e+00
   1.0628078e+00
   1.0198720e+00
   9.5012730e-01
   8.5071856e-01
   7.1302742e-01
   5.9867549e-01
   4.8498741e-01
   3.6858788e-01
   2.9711184e-01
   2.5521794e-01
   2.5652680e-01
   2.8548586e-01
   3.3394337e-01
   4.2089158e-01
   4.9271357e-01
   5.5943608e-01
   6.7293763e-01
   7.6904225e-01
   8.1529999e-01
   8.2279634e-01
   8.1015408e-01
   7.9782170e-01
   7.8017306e-01
   7.3879474e-01
   6.8566430e-01
   6.0167694e-01
   5.1198304e-01
   4.3371603e-01
   3.2018659e-01
   1.9583397e-01
   8.7228276e-02
  -6.0479939e-03
  -6.5372750e-02
  -1.1465857e-01
  -1.5952566e-01
  -2.0016000e-01
  -2.5439230e-01
  -3.2015380e-01
  -3.9188445e-01
  -4.8017085e-01
  -5.8766478e-01
  -6.8919885e-01
  -7.8644162e-01
  -8.6696672e-01
  -9.0516704e-01
  -9.0921336e-01
  -8.7033427e-01
  -8.1630433e-01
  -7.4331057e-01
  -6.3920170e-01
  -5.4134637e-01
  -4.2370337e-01
  -2.9320735e-01
  -2.2575928e-01
  -1.7620260e-01
  -1.2127247e-01
  -1.0034765e-01
  -1.0149797e-01
  -6.5171289e-01
  -6.5116239e-01
  -6.6225433e-01
  -6.1953282e-01
  -5.4247063e-01
  -4.6252611e-01
  -3.5461593e-01
  -2.5392765e-01
  -1.5246871e-01
  -1.7737029e-02
   1.0750891e-01
   2.3020005e-01
   3.4166735e-01
   3.9546862e-01
   4.2124179e-01
   4.2230105e-01
   3.9965573e-01
   3.4548324e-01
   2.4463597e-01
   1.6160455e-01
   7.8132369e-02
  -3.6561195e-02
  -1.1172123e-01
  -1.4395475e-01
  -1.3612467e-01
  -1.0528832e-01
  -6.0854897e-02
   1.3000661e-02
   8.0809414e-02
   1.5449001e-01
   2.6779106e-01
   3.5753077e-01
   4.1534743e-01
   4.3775284e-01
   4.2547578e-01
   4.1884503e-01
   4.2290837e-01
   4.0004456e-01
   3.5518351e-01
   2.8759676e-01
   2.1709591e-01
   1.5036979e-01
   4.9085863e-02
  -7.4330434e-02
  -1.9416495e-01
  -3.0189601e-01
  -3.7767893e-01
  -4.4279295e-01
  -5.1124924e-01
  -5.7591927e-01
  -6.3308924e-01
  -6.8281811e-01
  -7.3935205e-01
  -8.0250293e-01
  -8.8603526e-01
  -9.8096192e-01
  -1.0734552e+00
  -1.1496154e+00
  -1.1910692e+00
  -1.2145723e+00
  -1.2125536e+00
  -1.1833925e+00
  -1.1354541e+00
  -1.0664421e+00
  -9.9584281e-01
  -9.0998501e-01
  -8.1952155e-01
  -7.6933885e-01
  -7.2527188e-01
  -6.7172623e-01
  -6.5661943e-01
  -6.6179502e-01
  -1.0243553e+00
  -1.0286030e+00
  -1.0343169e+00
  -1.0025244e+00
  -9.5075071e-01
  -8.9430535e-01
  -8.1846458e-01
  -7.4314690e-01
  -6.5353179e-01
  -5.1925409e-01
  -3.9942601e-01
  -2.9634106e-01
  -2.0004600e-01
  -1.3745378e-01
  -9.5209301e-02
  -6.2931441e-02
  -4.3766316e-02
  -5.2397493e-02
  -1.0149750e-01
  -1.4363781e-01
  -1.9864902e-01
  -3.0294997e-01
  -3.7252825e-01
  -3.9391598e-01
  -3.8095000e-01
  -3.5740578e-01
  -3.2878986e-01
  -2.7849659e-01
  -2.1847287e-01
  -1.4446735e-01
  -4.5773458e-02
   3.0595969e-02
   9.2202209e-02
   1.3347419e-01
   1.3744462e-01
   1.3985579e-01
   1.6158806e-01
   1.6903952e-01
   1.5383251e-01
   1.1429931e-01
   6.7167193e-02
   1.5306571e-02
  -6.7018658e-02
  -1.6976744e-01
  -2.8448859e-01
  -4.1785300e-01
  -5.2385879e-01
  -6.0878682e-01
  -6.9572544e-01
  -7.7737641e-01
  -8.4471202e-01
  -8.9355630e-01
  -9.3342555e-01
  -9.8184139e-01
  -1.0642273e+00
  -1.1547095e+00
  -1.2379277e+00
  -1.3047713e+00
  -1.3422501e+00
  -1.3707724e+00
  -1.3957208e+00
  -1.4009757e+00
  -1.3839167e+00
  -1.3372222e+00
  -1.2885083e+00
  -1.2344991e+00
  -1.1748912e+00
  -1.1263633e+00
  -1.0675796e+00
  -1.0110129e+00
  -1.0087858e+00
  -1.0234523e+00
  -1.1314361e+00
  -1.1499765e+00
  -1.1673760e+00
  -1.1662209e+00
  -1.1447773e+00
  -1.1137991e+00
  -1.0616655e+00
  -1.0043168e+00
  -9.2705166e-01
  -8.0537081e-01
  -7.0223713e-01
  -6.2263674e-01
  -5.4362410e-01
  -4.7814626e-01
  -4.1624317e-01
  -3.5760736e-01
  -3.2960126e-01
  -3.2180360e-01
  -3.2817045e-01
  -3.3880275e-01
  -3.6380446e-01
  -4.2663616e-01
  -4.7890592e-01
  -4.9907666e-01
  -4.8685008e-01
  -4.6884891e-01
  -4.5238444e-01
  -4.1711342e-01
  -3.6378014e-01
  -2.9583943e-01
  -2.0950066e-01
  -1.4909729e-01
  -1.0402352e-01
  -6.4161122e-02
  -3.9069276e-02
  -1.6761245e-02
   1.4434753e-02
   4.2699315e-02
   5.5295482e-02
   3.4605693e-02
   2.1199095e-03
  -3.5224304e-02
  -9.5991902e-02
  -1.7231582e-01
  -2.7272898e-01
  -4.1544366e-01
  -5.3344595e-01
  -6.3402790e-01
  -7.3767757e-01
  -8.1899548e-01
  -8.7676448e-01
  -9.0424490e-01
  -9.2289662e-01
  -9.6068251e-01
  -1.0332143e+00
  -1.1049527e+00
  -1.1698830e+00
  -1.2262707e+00
  -1.2560852e+00
  -1.2811053e+00
  -1.3179281e+00
  -1.3423589e+00
  -1.3469100e+00
  -1.3288447e+00
  -1.3118750e+00
  -1.2983887e+00
  -1.2727270e+00
  -1.2302737e+00
  -1.1743255e+00
  -1.1206115e+00
  -1.1099545e+00
  -1.1171318e+00
  -1.0654504e+00
  -1.0763730e+00
  -1.0889130e+00
  -1.0966297e+00
  -1.0910290e+00
  -1.0750153e+00
  -1.0359457e+00
  -9.8783118e-01
  -9.2795253e-01
  -8.4607768e-01
  -7.7665603e-01
  -7.1327704e-01
  -6.4206147e-01
  -5.8470792e-01
  -5.2914137e-01
  -4.6793896e-01
  -4.2739883e-01
  -3.9894497e-01
  -3.7894914e-01
  -3.7361503e-01
  -3.8055083e-01
  -4.1083467e-01
  -4.4279414e-01
  -4.6054679e-01
  -4.5864484e-01
  -4.4708014e-01
  -4.3410575e-01
  -4.0754569e-01
  -3.6775041e-01
  -3.1795293e-01
  -2.5706869e-01
  -2.1620178e-01
  -1.8511236e-01
  -1.5313691e-01
  -1.2428468e-01
  -9.4783299e-02
  -6.0920104e-02
  -3.5933673e-02
  -2.3857655e-02
  -3.3838432e-02
  -5.4232337e-02
  -8.2311735e-02
  -1.3583468e-01
  -2.0451303e-01
  -2.8968474e-01
  -4.0188101e-01
  -4.9645537e-01
  -5.8947825e-01
  -6.9566417e-01
  -7.6859206e-01
  -8.1656116e-01
  -8.4861481e-01
  -8.7396419e-01
  -9.0963221e-01
  -9.6454233e-01
  -1.0107671e+00
  -1.0489788e+00
  -1.0794419e+00
  -1.0951939e+00
  -1.1126959e+00
  -1.1436546e+00
  -1.1666921e+00
  -1.1806285e+00
  -1.1862009e+00
  -1.1871481e+00
  -1.1864083e+00
  -1.1697667e+00
  -1.1376883e+00
  -1.1023988e+00
  -1.0729842e+00
  -1.0622329e+00
  -1.0595571e+00
  -9.7235948e-01
  -9.6683151e-01
  -9.6242201e-01
  -9.5700151e-01
  -9.4876367e-01
  -9.3416464e-01
  -9.0432680e-01
  -8.7120074e-01
  -8.3319122e-01
  -7.8109777e-01
  -7.3400408e-01
  -6.8631619e-01
  -6.3069403e-01
  -5.8666408e-01
  -5.4412526e-01
  -4.9011412e-01
  -4.4329134e-01
  -3.9913726e-01
  -3.5479543e-01
  -3.3244270e-01
  -3.2481638e-01
  -3.3339915e-01
  -3.4903729e-01
  -3.6050254e-01
  -3.5679659e-01
  -3.3952385e-01
  -3.1633052e-01
  -2.8975716e-01
  -2.7185208e-01
  -2.5626880e-01
  -2.3597947e-01
  -2.1336247e-01
  -1.8465367e-01
  -1.4537162e-01
  -1.1447345e-01
  -9.2656501e-02
  -8.0850899e-02
  -7.8407966e-02
  -7.8176454e-02
  -8.0579206e-02
  -8.8288732e-02
  -1.0658488e-01
  -1.4884317e-01
  -2.0117156e-01
  -2.6369220e-01
  -3.4693962e-01
  -4.1814223e-01
  -4.8811215e-01
  -5.6640142e-01
  -6.2099165e-01
  -6.6653162e-01
  -7.1345264e-01
  -7.5137538e-01
  -7.9050982e-01
  -8.3815551e-01
  -8.7213981e-01
  -8.9683384e-01
  -9.1510344e-01
  -9.2590338e-01
  -9.3772948e-01
  -9.5556778e-01
  -9.7125018e-01
  -9.8544067e-01
  -9.9873352e-01
  -1.0079602e+00
  -1.0140746e+00
  -1.0139463e+00
  -1.0069348e+00
  -9.9691117e-01
  -9.8863876e-01
  -9.8356539e-01
  -9.7885495e-01
  -6.6874892e-01
  -6.5880720e-01
  -6.4683926e-01
  -6.3010699e-01
  -6.1454980e-01
  -5.9815556e-01
  -5.7634985e-01
  -5.5463093e-01
  -5.2899957e-01
  -4.9288982e-01
  -4.5956672e-01
  -4.2474848e-01
  -3.8227928e-01
  -3.4636863e-01
  -3.1005058e-01
  -2.6640522e-01
  -2.3064126e-01
  -1.9581969e-01
  -1.5734699e-01
  -1.3022551e-01
  -1.0865381e-01
  -8.9611791e-02
  -7.7629423e-02
  -6.6917911e-02
  -5.3826924e-02
  -4.1511352e-02
  -2.7675036e-02
  -1.0337474e-02
   3.5621976e-03
   1.5828002e-02
   2.7161026e-02
   3.4911975e-02
   4.1418847e-02
   4.6984617e-02
   4.8871277e-02
   4.7865286e-02
   4.2110607e-02
   3.3665534e-02
   2.2371808e-02
   5.8330884e-03
  -1.0172856e-02
  -2.8252283e-02
  -5.3546477e-02
  -7.8300847e-02
  -1.0664906e-01
  -1.4568299e-01
  -1.8117029e-01
  -2.1844786e-01
  -2.6462752e-01
  -3.0345406e-01
  -3.4261906e-01
  -3.8941178e-01
  -4.2696709e-01
  -4.6261156e-01
  -5.0074565e-01
  -5.2802741e-01
  -5.5114281e-01
  -5.7318747e-01
  -5.8831977e-01
  -6.0169464e-01
  -6.1559731e-01
  -6.2593435e-01
  -6.3520300e-01
  -6.4543772e-01
  -6.5376256e-01
  -6.6202158e-01
  -6.7123532e-01
  -6.7758051e-01
  -6.8217218e-01
  -6.8421555e-01
  -6.8250046e-01
  -6.7793584e-01
