   7.2329401e-01   7.2581042e-01   7.2740401e-01   7.2794044e-01   7.2730984e-01   7.2591339e-01   7.2323753e-01   7.2068510e-01   7.1787195e-01   7.1428311e-01   7.1163341e-01   7.0947741e-01   7.0765980e-01   7.0676306e-01   7.0613151e-01   7.0498859e-01   7.0334264e-01   7.0114487e-01   6.9784129e-01   6.9469742e-01   6.9126475e-01   6.8671071e-01   6.8211033e-01   6.7701573e-01   6.6981598e-01   6.6255102e-01   6.5413977e-01   6.4159816e-01   6.2852126e-01   6.1295659e-01   5.9108029e-01   5.7008676e-01   5.4725120e-01   5.1851081e-01   4.9424166e-01   4.7061361e-01   4.4568521e-01   4.3014621e-01   4.1946861e-01   4.1206901e-01   4.1006837e-01   4.1090719e-01   4.1537347e-01   4.2148783e-01   4.2908328e-01   4.3964966e-01   4.4918702e-01   4.5914979e-01   4.7181800e-01   4.8298278e-01   4.9464966e-01   5.0932644e-01   5.2170323e-01   5.3394453e-01   5.4862278e-01   5.6115988e-01   5.7395378e-01   5.9004733e-01   6.0361793e-01   6.1678978e-01   6.3170092e-01   6.4315064e-01   6.5332859e-01   6.6385765e-01   6.7181107e-01   6.7937708e-01   6.8792874e-01   6.9452160e-01   7.0092309e-01   7.0821321e-01   7.1379163e-01   7.1876259e-01
   8.3017764e-01   8.2371629e-01   8.1983612e-01   8.1730954e-01   8.1583407e-01   8.1489787e-01   8.1594453e-01   8.1905129e-01   8.2215263e-01   8.2552699e-01   8.2904674e-01   8.3382719e-01   8.3989808e-01   8.4280451e-01   8.4324087e-01   8.4421339e-01   8.4942972e-01   8.5935947e-01   8.7487359e-01   8.8822409e-01   9.0169385e-01   9.1899135e-01   9.3246187e-01   9.4342521e-01   9.5080496e-01   9.5150141e-01   9.4780975e-01   9.3618324e-01   9.1998495e-01   8.9776684e-01   8.6161354e-01   8.2295686e-01   7.7663140e-01   7.0959785e-01   6.4368747e-01   5.6952354e-01   4.8106024e-01   4.2036021e-01   3.7061533e-01   3.2578461e-01   3.1123514e-01   3.1972575e-01   3.4839565e-01   3.8210559e-01   4.2254212e-01   4.7473667e-01   5.1724115e-01   5.5800338e-01   6.0514997e-01   6.4138647e-01   6.7416698e-01   7.0720953e-01   7.2921269e-01   7.4715483e-01   7.6376543e-01   7.7464264e-01   7.8305810e-01   7.9037480e-01   7.9641267e-01   8.0354271e-01   8.1167473e-01   8.1703224e-01   8.2158745e-01   8.2944328e-01   8.3957236e-01   8.5028647e-01   8.5911497e-01   8.6194231e-01   8.6106581e-01   8.5613264e-01   8.4926812e-01   8.4061819e-01
   4.2475541e-01   4.2916126e-01   4.3458115e-01   4.3751846e-01   4.3865288e-01   4.3778761e-01   4.3398351e-01   4.3051641e-01   4.2684892e-01   4.2422457e-01   4.2614047e-01   4.3155778e-01   4.3412277e-01   4.2865904e-01   4.2123684e-01   4.2051816e-01   4.2825619e-01   4.3833095e-01   4.4918538e-01   4.5765992e-01   4.6478882e-01   4.7199384e-01   4.7717044e-01   4.7946406e-01   4.7471762e-01   4.6442438e-01   4.5216731e-01   4.4197360e-01   4.3909293e-01   4.3945656e-01   4.4222195e-01   4.4689389e-01   4.5596070e-01   4.6915170e-01   4.7702748e-01   4.9211311e-01   5.3673082e-01   5.8191445e-01   6.2249291e-01   6.6129259e-01   6.8197879e-01   6.9226862e-01   6.9460930e-01   6.9460308e-01   6.9206934e-01   6.7811319e-01   6.5681011e-01   6.3074953e-01   5.9771449e-01   5.7298010e-01   5.5279122e-01   5.3317111e-01   5.1827972e-01   5.0517438e-01   4.9147757e-01   4.8408587e-01   4.8050930e-01   4.7600639e-01   4.7197724e-01   4.6983829e-01   4.7043027e-01   4.7262177e-01   4.7578229e-01   4.8542057e-01   4.9513689e-01   4.9884822e-01   4.9219233e-01   4.8277335e-01   4.7290911e-01   4.5781918e-01   4.4220344e-01   4.2926197e-01
   1.3269699e+00   1.3529097e+00   1.3762512e+00   1.3967019e+00   1.4050478e+00   1.4040060e+00   1.3925275e+00   1.3787436e+00   1.3623707e+00   1.3387733e+00   1.3185099e+00   1.3022460e+00   1.2870665e+00   1.2691662e+00   1.2417288e+00   1.2013703e+00   1.1697871e+00   1.1420986e+00   1.1066530e+00   1.0724945e+00   1.0356266e+00   9.8898623e-01   9.5301532e-01   9.1972677e-01   8.7613469e-01   8.4075669e-01   8.1621394e-01   8.1032035e-01   8.2683719e-01   8.6544625e-01   9.4373802e-01   1.0337345e+00   1.1454652e+00   1.3025646e+00   1.4444663e+00   1.5942398e+00   1.7762592e+00   1.9100992e+00   2.0201265e+00   2.1106838e+00   2.1348928e+00   2.1153270e+00   2.0490791e+00   1.9713203e+00   1.8835690e+00   1.7632584e+00   1.6419913e+00   1.5058731e+00   1.3411967e+00   1.2129160e+00   1.0980321e+00   9.8542299e-01   9.1586631e-01   8.7352631e-01   8.6366525e-01   8.8286965e-01   9.1949433e-01   9.7542126e-01   1.0204592e+00   1.0617718e+00   1.1056397e+00   1.1323951e+00   1.1492360e+00   1.1674784e+00   1.1870942e+00   1.2081849e+00   1.2283209e+00   1.2393072e+00   1.2501434e+00   1.2674660e+00   1.2831528e+00   1.3000928e+00
   3.1369889e+00   3.1714415e+00   3.2000513e+00   3.2259021e+00   3.2361346e+00   3.2353309e+00   3.2275439e+00   3.2175899e+00   3.2023138e+00   3.1803416e+00   3.1635406e+00   3.1483981e+00   3.1318502e+00   3.1182958e+00   3.1010261e+00   3.0667556e+00   3.0284058e+00   2.9891652e+00   2.9469669e+00   2.9119893e+00   2.8705795e+00   2.8098447e+00   2.7566850e+00   2.7066832e+00   2.6504798e+00   2.6063900e+00   2.5684796e+00   2.5425950e+00   2.5448210e+00   2.5691781e+00   2.6228423e+00   2.6861945e+00   2.7696979e+00   2.9005465e+00   3.0449131e+00   3.2322316e+00   3.4746526e+00   3.6449406e+00   3.7784961e+00   3.8836305e+00   3.9164613e+00   3.8970965e+00   3.7986689e+00   3.6626495e+00   3.4981716e+00   3.2823727e+00   3.0934007e+00   2.9001371e+00   2.6724895e+00   2.5036723e+00   2.3725541e+00   2.2771318e+00   2.2474140e+00   2.2556740e+00   2.3049419e+00   2.3683904e+00   2.4404475e+00   2.5245284e+00   2.5871354e+00   2.6420723e+00   2.7010595e+00   2.7450327e+00   2.7772719e+00   2.8006051e+00   2.8172771e+00   2.8353911e+00   2.8630710e+00   2.8943136e+00   2.9327600e+00   2.9873999e+00   3.0367964e+00   3.0855151e+00
   4.7471667e+00   4.7777248e+00   4.8022632e+00   4.8207488e+00   4.8281725e+00   4.8300491e+00   4.8267701e+00   4.8233539e+00   4.8195900e+00   4.8136509e+00   4.8071318e+00   4.7985656e+00   4.7896741e+00   4.7854729e+00   4.7835192e+00   4.7767081e+00   4.7616737e+00   4.7373750e+00   4.6992758e+00   4.6690147e+00   4.6365374e+00   4.5792420e+00   4.5236853e+00   4.4728314e+00   4.4212267e+00   4.3813234e+00   4.3422308e+00   4.3037266e+00   4.2807415e+00   4.2692639e+00   4.2747316e+00   4.2984084e+00   4.3457032e+00   4.4257403e+00   4.5246869e+00   4.6916555e+00   4.9371982e+00   5.1010823e+00   5.2084164e+00   5.2664940e+00   5.2852747e+00   5.2684920e+00   5.1663446e+00   5.0192791e+00   4.8317142e+00   4.5782529e+00   4.3654486e+00   4.1645025e+00   3.9497753e+00   3.7968636e+00   3.6866138e+00   3.6318984e+00   3.6408452e+00   3.6846160e+00   3.7754062e+00   3.8698715e+00   3.9621063e+00   4.0539064e+00   4.1126477e+00   4.1570413e+00   4.2019773e+00   4.2392925e+00   4.2744171e+00   4.3078458e+00   4.3294072e+00   4.3547445e+00   4.4029500e+00   4.4578760e+00   4.5216171e+00   4.5989845e+00   4.6545864e+00   4.7011279e+00
   5.9961139e+00   6.0142092e+00   6.0260487e+00   6.0337438e+00   6.0378900e+00   6.0446236e+00   6.0508699e+00   6.0558635e+00   6.0639887e+00   6.0772756e+00   6.0887501e+00   6.0951234e+00   6.1019995e+00   6.1093393e+00   6.1197313e+00   6.1356400e+00   6.1449306e+00   6.1438646e+00   6.1263834e+00   6.1063317e+00   6.0829358e+00   6.0480039e+00   6.0126286e+00   5.9760607e+00   5.9342335e+00   5.8999915e+00   5.8590481e+00   5.7991933e+00   5.7496074e+00   5.7030424e+00   5.6634529e+00   5.6437745e+00   5.6458616e+00   5.6706570e+00   5.6881669e+00   5.7934376e+00   6.0229989e+00   6.1630442e+00   6.2183203e+00   6.1934709e+00   6.1691726e+00   6.1436934e+00   6.0533246e+00   5.9222120e+00   5.7508744e+00   5.5204633e+00   5.3241962e+00   5.1434424e+00   4.9688028e+00   4.8623914e+00   4.8040962e+00   4.8073498e+00   4.8566057e+00   4.9343080e+00   5.0537114e+00   5.1527907e+00   5.2425302e+00   5.3317808e+00   5.3846645e+00   5.4213198e+00   5.4502199e+00   5.4725412e+00   5.4964773e+00   5.5296238e+00   5.5640322e+00   5.6088144e+00   5.6784658e+00   5.7427233e+00   5.8073507e+00   5.8795988e+00   5.9295798e+00   5.9657672e+00
   6.8187427e+00   6.8282545e+00   6.8321134e+00   6.8403640e+00   6.8528032e+00   6.8695390e+00   6.8886187e+00   6.9024200e+00   6.9156784e+00   6.9360542e+00   6.9555914e+00   6.9755905e+00   6.9987561e+00   7.0170456e+00   7.0396646e+00   7.0697381e+00   7.0966155e+00   7.1201606e+00   7.1388145e+00   7.1432946e+00   7.1425262e+00   7.1376842e+00   7.1302555e+00   7.1133375e+00   7.0851049e+00   7.0560261e+00   7.0164370e+00   6.9488525e+00   6.8832255e+00   6.8150429e+00   6.7326766e+00   6.6680282e+00   6.6085767e+00   6.5724616e+00   6.4872454e+00   6.4474455e+00   6.6056215e+00   6.6765797e+00   6.6454208e+00   6.5226169e+00   6.4418270e+00   6.4112169e+00   6.3674294e+00   6.2933885e+00   6.1841585e+00   6.0367197e+00   5.9082148e+00   5.7955292e+00   5.7020412e+00   5.6641425e+00   5.6648279e+00   5.7284795e+00   5.8200634e+00   5.9267172e+00   6.0540757e+00   6.1437087e+00   6.2173581e+00   6.2810664e+00   6.3206609e+00   6.3511704e+00   6.3761364e+00   6.3910734e+00   6.4043834e+00   6.4313405e+00   6.4714952e+00   6.5218103e+00   6.5906902e+00   6.6451669e+00   6.6936215e+00   6.7430983e+00   6.7748567e+00   6.7989459e+00
   7.1603826e+00   7.1638415e+00   7.1675399e+00   7.1837137e+00   7.2026254e+00   7.2229419e+00   7.2480227e+00   7.2680009e+00   7.2882226e+00   7.3119632e+00   7.3367722e+00   7.3683445e+00   7.4042875e+00   7.4327206e+00   7.4644547e+00   7.5086770e+00   7.5507829e+00   7.5932169e+00   7.6393018e+00   7.6707218e+00   7.6999579e+00   7.7304816e+00   7.7502576e+00   7.7588066e+00   7.7535650e+00   7.7381791e+00   7.7106760e+00   7.6589728e+00   7.5968824e+00   7.5196395e+00   7.4012597e+00   7.2891209e+00   7.1627876e+00   7.0120846e+00   6.8149124e+00   6.5718703e+00   6.4501942e+00   6.3194874e+00   6.1640245e+00   5.9921012e+00   5.9005693e+00   5.9248045e+00   5.9793944e+00   6.0028830e+00   6.0096128e+00   6.0118475e+00   6.0104661e+00   6.0159365e+00   6.0444763e+00   6.0901126e+00   6.1594227e+00   6.2812284e+00   6.4018366e+00   6.5205933e+00   6.6384408e+00   6.7110300e+00   6.7627564e+00   6.8045852e+00   6.8322872e+00   6.8526648e+00   6.8662156e+00   6.8716816e+00   6.8801824e+00   6.9058299e+00   6.9415432e+00   6.9800092e+00   7.0236182e+00   7.0561173e+00   7.0858668e+00   7.1150897e+00   7.1324144e+00   7.1477824e+00
   7.0156211e+00   7.0181962e+00   7.0235083e+00   7.0430014e+00   7.0635094e+00   7.0864544e+00   7.1173886e+00   7.1458671e+00   7.1744140e+00   7.2064196e+00   7.2366075e+00   7.2713653e+00   7.3171830e+00   7.3586697e+00   7.4042705e+00   7.4650873e+00   7.5191950e+00   7.5737507e+00   7.6386236e+00   7.6934838e+00   7.7511928e+00   7.8154359e+00   7.8585595e+00   7.8904606e+00   7.9149123e+00   7.9220639e+00   7.9195363e+00   7.8900889e+00   7.8405090e+00   7.7601635e+00   7.6238592e+00   7.4633251e+00   7.2549359e+00   6.8955197e+00   6.4899238e+00   6.0153465e+00   5.5795948e+00   5.3114982e+00   5.0520520e+00   4.6393172e+00   4.4498100e+00   4.6023932e+00   4.8973308e+00   5.0924726e+00   5.2627277e+00   5.4692343e+00   5.6324767e+00   5.7790140e+00   5.9407661e+00   6.0748839e+00   6.2153879e+00   6.3870942e+00   6.5218053e+00   6.6360243e+00   6.7317017e+00   6.7821492e+00   6.8154402e+00   6.8447572e+00   6.8626385e+00   6.8723332e+00   6.8716332e+00   6.8709783e+00   6.8777851e+00   6.8996732e+00   6.9210373e+00   6.9414060e+00   6.9598538e+00   6.9722424e+00   6.9823695e+00   6.9922963e+00   6.9995114e+00   7.0086568e+00
   6.4512218e+00   6.4529081e+00   6.4585207e+00   6.4723025e+00   6.4942842e+00   6.5215032e+00   6.5636577e+00   6.6006216e+00   6.6371512e+00   6.6796009e+00   6.7132665e+00   6.7484874e+00   6.7996667e+00   6.8540910e+00   6.9112983e+00   6.9850556e+00   7.0470513e+00   7.1125241e+00   7.1976045e+00   7.2739918e+00   7.3560380e+00   7.4445399e+00   7.5109921e+00   7.5635624e+00   7.6230610e+00   7.6537148e+00   7.6779373e+00   7.6700141e+00   7.6338214e+00   7.5606900e+00   7.4100175e+00   7.2042011e+00   6.8884692e+00   6.3027438e+00   5.6757773e+00   5.2015478e+00   4.2488168e+00   3.9499404e+00   3.5529988e+00   2.9217843e+00   2.7791168e+00   2.9155206e+00   3.4813541e+00   3.9283665e+00   4.2492397e+00   4.6445307e+00   4.9657575e+00   5.2530205e+00   5.5366719e+00   5.7459078e+00   5.9379297e+00   6.1386401e+00   6.2679086e+00   6.3567665e+00   6.4201349e+00   6.4454623e+00   6.4600107e+00   6.4652096e+00   6.4677173e+00   6.4645782e+00   6.4561306e+00   6.4537825e+00   6.4582772e+00   6.4715701e+00   6.4750706e+00   6.4777845e+00   6.4733410e+00   6.4709667e+00   6.4625553e+00   6.4535813e+00   6.4481182e+00   6.4489405e+00
   5.5641727e+00   5.5609550e+00   5.5635335e+00   5.5752060e+00   5.5978232e+00   5.6289080e+00   5.6782192e+00   5.7177303e+00   5.7609352e+00   5.8086365e+00   5.8468170e+00   5.8851526e+00   5.9387900e+00   6.0000825e+00   6.0605197e+00   6.1433513e+00   6.2124013e+00   6.2882162e+00   6.3940705e+00   6.4869743e+00   6.5866015e+00   6.6926057e+00   6.7814388e+00   6.8603383e+00   6.9463087e+00   7.0029897e+00   7.0440870e+00   7.0600323e+00   7.0356645e+00   6.9654710e+00   6.8110325e+00   6.5551257e+00   6.2039767e+00   5.4006635e+00   4.4743666e+00   4.1107494e+00   2.9747134e+00   2.5246835e+00   2.2261899e+00   1.7050626e+00   1.4851415e+00   1.4939667e+00   2.2800648e+00   2.9502532e+00   3.2966860e+00   3.7903641e+00   4.2312260e+00   4.6290567e+00   5.0149882e+00   5.2622418e+00   5.4679780e+00   5.6597583e+00   5.7560602e+00   5.8058955e+00   5.8250056e+00   5.8215299e+00   5.8081009e+00   5.7772516e+00   5.7608255e+00   5.7433010e+00   5.7318258e+00   5.7263609e+00   5.7233943e+00   5.7244718e+00   5.7122315e+00   5.6991663e+00   5.6730478e+00   5.6551730e+00   5.6327398e+00   5.6036224e+00   5.5845604e+00   5.5719379e+00
   4.4455457e+00   4.4355116e+00   4.4321460e+00   4.4536494e+00   4.4741018e+00   4.5075708e+00   4.5540454e+00   4.5900973e+00   4.6354545e+00   4.6826379e+00   4.7255578e+00   4.7673058e+00   4.8235519e+00   4.8847398e+00   4.9460427e+00   5.0359577e+00   5.1138845e+00   5.1970839e+00   5.3180110e+00   5.4200337e+00   5.5306691e+00   5.6507746e+00   5.7576810e+00   5.8669622e+00   5.9614255e+00   6.0461068e+00   6.0975774e+00   6.1349474e+00   6.1213226e+00   6.0445571e+00   5.8997895e+00   5.6172716e+00   5.3847497e+00   4.3813694e+00   2.9106858e+00   2.4503404e+00   2.0122928e+00   1.4241567e+00   1.6278735e+00   1.4903097e+00   7.8117796e-01   6.1983328e-01   1.5408258e+00   2.2818047e+00   2.5452551e+00   3.0626671e+00   3.5769224e+00   4.0303737e+00   4.4695162e+00   4.7092684e+00   4.8843577e+00   5.0153765e+00   5.0531286e+00   5.0589829e+00   5.0203773e+00   4.9821900e+00   4.9323176e+00   4.8672539e+00   4.8338996e+00   4.8033924e+00   4.7874196e+00   4.7759648e+00   4.7615942e+00   4.7460370e+00   4.7193613e+00   4.6895964e+00   4.6489912e+00   4.6138649e+00   4.5796387e+00   4.5296858e+00   4.4978866e+00   4.4684993e+00
   3.0136181e+00   2.9965196e+00   2.9927126e+00   3.0150917e+00   3.0343788e+00   3.0593393e+00   3.1056089e+00   3.1343378e+00   3.1707473e+00   3.2325869e+00   3.2719763e+00   3.3137095e+00   3.3704742e+00   3.4265543e+00   3.4978507e+00   3.5870836e+00   3.6726844e+00   3.7660513e+00   3.8820407e+00   4.0008011e+00   4.1228754e+00   4.2534450e+00   4.3720651e+00   4.4903661e+00   4.5977082e+00   4.6904342e+00   4.7720384e+00   4.7954381e+00   4.8042529e+00   4.7706805e+00   4.5914325e+00   4.4453463e+00   4.4389772e+00   3.4220081e+00   1.1195244e+00   5.1155724e-01   6.5278793e-01   9.6346642e-01   1.4460603e+00   1.9466589e+00   1.3841690e+00   4.3656690e-01   1.0599998e+00   1.6059662e+00   1.9727672e+00   2.5846662e+00   3.1226839e+00   3.5652901e+00   3.8956890e+00   4.0798705e+00   4.1625150e+00   4.1427984e+00   4.1007949e+00   4.0352627e+00   3.9295026e+00   3.8369178e+00   3.7478054e+00   3.6538108e+00   3.6006717e+00   3.5593628e+00   3.5221437e+00   3.5045267e+00   3.4779961e+00   3.4394429e+00   3.3980189e+00   3.3456141e+00   3.2939758e+00   3.2370410e+00   3.1790329e+00   3.1314812e+00   3.0817316e+00   3.0376291e+00
   1.2638295e+00   1.2511287e+00   1.2544218e+00   1.2671154e+00   1.2792068e+00   1.2992694e+00   1.3341894e+00   1.3679562e+00   1.4037503e+00   1.4522270e+00   1.4939195e+00   1.5340758e+00   1.5879455e+00   1.6493989e+00   1.7219115e+00   1.8179606e+00   1.9009655e+00   1.9914660e+00   2.1128186e+00   2.2184789e+00   2.3262126e+00   2.4629651e+00   2.5729975e+00   2.6787675e+00   2.8074418e+00   2.8990166e+00   2.9743955e+00   3.0408117e+00   3.0596224e+00   3.0725648e+00   3.0686260e+00   3.1849503e+00   3.4646593e+00   3.3058222e+00   1.8141881e+00   1.0687829e+00   6.6816538e-01   3.5200208e-01   3.4189504e-01   8.3347329e-01   9.0521928e-01   3.9386649e-01   8.8793344e-01   1.2455087e+00   1.5844029e+00   2.0650346e+00   2.3705859e+00   2.6109127e+00   2.7895526e+00   2.8256518e+00   2.7906126e+00   2.6906982e+00   2.5820854e+00   2.4712272e+00   2.3327357e+00   2.2099225e+00   2.1078021e+00   2.0117283e+00   1.9441082e+00   1.8942920e+00   1.8469756e+00   1.8121112e+00   1.7791222e+00   1.7346920e+00   1.6869287e+00   1.6356271e+00   1.5637226e+00   1.4958226e+00   1.4368646e+00   1.3765880e+00   1.3343653e+00   1.2975719e+00
   1.0596026e+00   1.0632868e+00   1.0632532e+00   1.0685373e+00   1.0743261e+00   1.0807894e+00   1.0817306e+00   1.0717289e+00   1.0594500e+00   1.0441557e+00   1.0249070e+00   9.9819613e-01   9.5945077e-01   9.2749144e-01   9.0330470e-01   8.7998641e-01   8.6110194e-01   8.4867290e-01   8.5384665e-01   8.8047601e-01   9.2349312e-01   1.0057040e+00   1.0826930e+00   1.1599010e+00   1.2651046e+00   1.3530848e+00   1.4350062e+00   1.5297197e+00   1.6226969e+00   1.7666971e+00   1.9772950e+00   2.3395570e+00   2.8660717e+00   3.4448676e+00   2.9930581e+00   2.0853327e+00   1.4400080e+00   1.2039019e+00   8.3280159e-01   6.9060862e-01   7.5475223e-01   3.4684488e-01   5.6167691e-01   9.3475350e-01   1.2155500e+00   1.3754952e+00   1.4576861e+00   1.5267974e+00   1.5504746e+00   1.4982032e+00   1.3986159e+00   1.2492859e+00   1.1195419e+00   9.9420935e-01   8.4499786e-01   7.5611438e-01   7.5730997e-01   8.0082171e-01   8.4658897e-01   8.9487547e-01   9.5016749e-01   9.8920163e-01   1.0185403e+00   1.0350992e+00   1.0339523e+00   1.0346097e+00   1.0360277e+00   1.0342111e+00   1.0287085e+00   1.0263263e+00   1.0312509e+00   1.0419618e+00
   1.6542860e+00   1.6665861e+00   1.6699282e+00   1.6787775e+00   1.6849787e+00   1.6859023e+00   1.6682205e+00   1.6352831e+00   1.5985345e+00   1.5502253e+00   1.4994269e+00   1.4387257e+00   1.3512753e+00   1.2723992e+00   1.1977520e+00   1.1072746e+00   1.0300746e+00   9.5967214e-01   8.9997187e-01   8.7583726e-01   8.6750633e-01   8.8234329e-01   9.0126509e-01   9.1979365e-01   9.5357214e-01   9.9131935e-01   1.0323358e+00   1.0912169e+00   1.1791806e+00   1.3281206e+00   1.5790348e+00   2.0010604e+00   2.5833125e+00   3.4654177e+00   3.6252497e+00   2.8849053e+00   2.2127191e+00   1.9429950e+00   1.2970922e+00   6.4679043e-01   7.0792558e-01   4.8956511e-01   5.9720724e-01   8.8871165e-01   9.7691924e-01   9.0782859e-01   9.1965367e-01   9.6502122e-01   1.0002613e+00   9.9543671e-01   9.6363279e-01   9.0507682e-01   8.5757184e-01   8.1620956e-01   7.6514282e-01   7.5206968e-01   8.1744526e-01   9.2905698e-01   1.0271014e+00   1.1180909e+00   1.2118931e+00   1.2739551e+00   1.3212570e+00   1.3614173e+00   1.3902889e+00   1.4254826e+00   1.4683586e+00   1.4982351e+00   1.5192829e+00   1.5486471e+00   1.5783747e+00   1.6134068e+00
   2.8386127e+00   2.8508451e+00   2.8647940e+00   2.8872410e+00   2.9000853e+00   2.9040345e+00   2.8848306e+00   2.8538364e+00   2.8200160e+00   2.7733241e+00   2.7255174e+00   2.6689080e+00   2.5839383e+00   2.5125927e+00   2.4416948e+00   2.3470188e+00   2.2635296e+00   2.1885476e+00   2.1255804e+00   2.0848992e+00   2.0439237e+00   1.9867966e+00   1.9278649e+00   1.8623359e+00   1.7855828e+00   1.7306409e+00   1.6858426e+00   1.6507751e+00   1.6530965e+00   1.6799246e+00   1.8022514e+00   2.1087347e+00   2.5690941e+00   3.3493365e+00   3.6802368e+00   3.4161213e+00   2.8944786e+00   2.4170682e+00   1.5717638e+00   6.0430194e-01   7.2839748e-01   8.0791378e-01   9.8749539e-01   1.0884417e+00   8.6503545e-01   6.7711896e-01   7.6359501e-01   9.2176722e-01   1.1254791e+00   1.2891524e+00   1.4430234e+00   1.6021095e+00   1.7278253e+00   1.8581343e+00   2.0032261e+00   2.0973817e+00   2.1773125e+00   2.2743939e+00   2.3535766e+00   2.4237878e+00   2.4839428e+00   2.5117905e+00   2.5282141e+00   2.5497510e+00   2.5871779e+00   2.6347564e+00   2.6790624e+00   2.7000531e+00   2.7164247e+00   2.7453375e+00   2.7743997e+00   2.8074514e+00
   4.3952580e+00   4.4150169e+00   4.4442051e+00   4.4713554e+00   4.4797117e+00   4.4789574e+00   4.4546701e+00   4.4228087e+00   4.3882540e+00   4.3333599e+00   4.2767707e+00   4.2085554e+00   4.1150753e+00   4.0487768e+00   3.9821806e+00   3.8926483e+00   3.8282721e+00   3.7875172e+00   3.7632886e+00   3.7471814e+00   3.7293579e+00   3.7036127e+00   3.6776358e+00   3.6488017e+00   3.6171780e+00   3.5917852e+00   3.5619572e+00   3.5179024e+00   3.4576511e+00   3.3781619e+00   3.3250129e+00   3.3518078e+00   3.4057588e+00   3.4996965e+00   3.3694230e+00   2.6236260e+00   1.6226736e+00   1.4078539e+00   1.2613203e+00   8.1727031e-01   7.4199260e-01   1.1991687e+00   1.6230965e+00   1.8288084e+00   2.0214313e+00   2.3143489e+00   2.5713142e+00   2.8147491e+00   3.0537392e+00   3.2146460e+00   3.3475978e+00   3.4766118e+00   3.5826141e+00   3.6886537e+00   3.7981741e+00   3.8724241e+00   3.9398280e+00   4.0199080e+00   4.0759931e+00   4.1198859e+00   4.1545673e+00   4.1658872e+00   4.1695610e+00   4.1908914e+00   4.2309927e+00   4.2629543e+00   4.2771482e+00   4.2811358e+00   4.2918369e+00   4.3169889e+00   4.3431537e+00   4.3718739e+00
   5.1300196e+00   5.1508887e+00   5.1770260e+00   5.1927288e+00   5.1911303e+00   5.1773591e+00   5.1382865e+00   5.1002794e+00   5.0599926e+00   4.9885573e+00   4.9151436e+00   4.8356699e+00   4.7427756e+00   4.6820264e+00   4.6204697e+00   4.5448174e+00   4.5024767e+00   4.4835480e+00   4.4719930e+00   4.4630622e+00   4.4567500e+00   4.4482406e+00   4.4376362e+00   4.4299445e+00   4.4252869e+00   4.4192751e+00   4.4091776e+00   4.3836524e+00   4.3318537e+00   4.2617554e+00   4.2064076e+00   4.1839132e+00   4.1396170e+00   4.0101804e+00   3.5761458e+00   2.5029521e+00   1.6903858e+00   1.7062496e+00   1.6943873e+00   9.9638549e-01   1.0885356e+00   1.7077845e+00   2.3026364e+00   2.6312460e+00   2.9016247e+00   3.2469506e+00   3.5272545e+00   3.7763799e+00   4.0013371e+00   4.1426314e+00   4.2549692e+00   4.3695403e+00   4.4683668e+00   4.5645751e+00   4.6626091e+00   4.7329576e+00   4.7958249e+00   4.8595761e+00   4.8991548e+00   4.9298360e+00   4.9569760e+00   4.9638572e+00   4.9628955e+00   4.9765070e+00   5.0041687e+00   5.0224739e+00   5.0264363e+00   5.0281103e+00   5.0393520e+00   5.0629154e+00   5.0881630e+00   5.1113601e+00
   5.7325265e+00   5.7514872e+00   5.7699901e+00   5.7700692e+00   5.7548890e+00   5.7261321e+00   5.6725280e+00   5.6252514e+00   5.5739768e+00   5.4848135e+00   5.3961361e+00   5.3074523e+00   5.2188443e+00   5.1653913e+00   5.1122700e+00   5.0558650e+00   5.0347437e+00   5.0327747e+00   5.0311570e+00   5.0308657e+00   5.0365347e+00   5.0437541e+00   5.0488495e+00   5.0627897e+00   5.0863551e+00   5.1016959e+00   5.1137671e+00   5.1123640e+00   5.0810239e+00   5.0344405e+00   4.9884430e+00   4.9315700e+00   4.8144807e+00   4.5214558e+00   3.8874504e+00   2.6388197e+00   1.9827295e+00   2.1381145e+00   2.1862028e+00   1.4284173e+00   1.6226670e+00   2.3127478e+00   2.9935544e+00   3.3825222e+00   3.6876498e+00   4.0586788e+00   4.3454045e+00   4.5871901e+00   4.7906338e+00   4.9111757e+00   5.0066924e+00   5.1120535e+00   5.2065967e+00   5.2971550e+00   5.3881430e+00   5.4542843e+00   5.5105077e+00   5.5576698e+00   5.5829577e+00   5.6041083e+00   5.6257784e+00   5.6281684e+00   5.6214642e+00   5.6235686e+00   5.6373811e+00   5.6442573e+00   5.6417373e+00   5.6429309e+00   5.6549907e+00   5.6777167e+00   5.7012569e+00   5.7187762e+00
   6.3111557e+00   6.3206532e+00   6.3179307e+00   6.2861229e+00   6.2432316e+00   6.1884107e+00   6.1143340e+00   6.0467053e+00   5.9678588e+00   5.8503981e+00   5.7430894e+00   5.6456194e+00   5.5714302e+00   5.5324165e+00   5.4990442e+00   5.4824158e+00   5.4902005e+00   5.5019799e+00   5.5086736e+00   5.5241368e+00   5.5481930e+00   5.5748362e+00   5.6033853e+00   5.6497259e+00   5.7169372e+00   5.7675647e+00   5.8171397e+00   5.8630692e+00   5.8879947e+00   5.9068019e+00   5.8999758e+00   5.8264326e+00   5.6604675e+00   5.2633368e+00   4.5702339e+00   3.4049415e+00   2.9045375e+00   3.0595424e+00   3.0285599e+00   2.6152219e+00   2.8122640e+00   3.4023557e+00   4.0189863e+00   4.3565109e+00   4.6164804e+00   4.9654402e+00   5.2239116e+00   5.4261495e+00   5.5818457e+00   5.6698162e+00   5.7494015e+00   5.8530455e+00   5.9478087e+00   6.0394689e+00   6.1301135e+00   6.1894860e+00   6.2314137e+00   6.2539842e+00   6.2635021e+00   6.2790266e+00   6.2973766e+00   6.2931491e+00   6.2756746e+00   6.2527126e+00   6.2433483e+00   6.2386239e+00   6.2350415e+00   6.2396090e+00   6.2534691e+00   6.2766499e+00   6.2959646e+00   6.3049212e+00
   6.4844191e+00   6.4714533e+00   6.4368102e+00   6.3628421e+00   6.2856687e+00   6.2054417e+00   6.1040290e+00   6.0047306e+00   5.8933616e+00   5.7569833e+00   5.6472834e+00   5.5584112e+00   5.5055191e+00   5.4886520e+00   5.4876025e+00   5.5182518e+00   5.5527589e+00   5.5758699e+00   5.6012659e+00   5.6403127e+00   5.6930183e+00   5.7630607e+00   5.8355278e+00   5.9264617e+00   6.0481427e+00   6.1443889e+00   6.2416912e+00   6.3560800e+00   6.4391024e+00   6.5061275e+00   6.5172103e+00   6.4266409e+00   6.2213561e+00   5.7567945e+00   5.1232906e+00   4.2743553e+00   3.8493300e+00   3.8289798e+00   3.7574060e+00   3.5831638e+00   3.7802782e+00   4.2705358e+00   4.7798458e+00   5.0270672e+00   5.2080061e+00   5.4798576e+00   5.6799753e+00   5.8251462e+00   5.9213865e+00   5.9820264e+00   6.0626435e+00   6.1841885e+00   6.2886620e+00   6.3839784e+00   6.4734957e+00   6.5235617e+00   6.5517408e+00   6.5604138e+00   6.5666127e+00   6.5807812e+00   6.5957965e+00   6.5875034e+00   6.5557651e+00   6.5048183e+00   6.4779603e+00   6.4723127e+00   6.4668714e+00   6.4671434e+00   6.4785335e+00   6.4932406e+00   6.4998416e+00   6.4957875e+00
   6.4195008e+00   6.3827463e+00   6.3216684e+00   6.2158073e+00   6.1150174e+00   6.0155556e+00   5.8926379e+00   5.7756445e+00   5.6518117e+00   5.5125733e+00   5.4107576e+00   5.3364160e+00   5.3033814e+00   5.3072541e+00   5.3325490e+00   5.3953071e+00   5.4490473e+00   5.4870771e+00   5.5340876e+00   5.5935924e+00   5.6695178e+00   5.7760620e+00   5.8836071e+00   6.0079543e+00   6.1678727e+00   6.2977196e+00   6.4302187e+00   6.5876053e+00   6.7002221e+00   6.7843719e+00   6.7939371e+00   6.6868521e+00   6.4530712e+00   5.9527281e+00   5.3531319e+00   4.6702712e+00   4.2891605e+00   4.2086206e+00   4.1227424e+00   4.0365327e+00   4.2237805e+00   4.6839381e+00   5.1485650e+00   5.3337076e+00   5.4392502e+00   5.6564202e+00   5.8107252e+00   5.9119443e+00   5.9649496e+00   6.0114411e+00   6.0978519e+00   6.2344640e+00   6.3474227e+00   6.4468046e+00   6.5350177e+00   6.5816863e+00   6.6072182e+00   6.6167137e+00   6.6241749e+00   6.6350820e+00   6.6393039e+00   6.6232413e+00   6.5836672e+00   6.5226963e+00   6.4882515e+00   6.4806521e+00   6.4705397e+00   6.4657663e+00   6.4723970e+00   6.4769615e+00   6.4713330e+00   6.4524382e+00
   6.1672956e+00   6.0924615e+00   5.9934679e+00   5.8441685e+00   5.7131498e+00   5.5874769e+00   5.4345790e+00   5.2987186e+00   5.1680545e+00   5.0344898e+00   4.9515128e+00   4.9036697e+00   4.9008121e+00   4.9362639e+00   4.9990218e+00   5.1024569e+00   5.1815723e+00   5.2452255e+00   5.3279146e+00   5.4174705e+00   5.5263144e+00   5.6856422e+00   5.8425137e+00   6.0121019e+00   6.2216196e+00   6.3964713e+00   6.5761497e+00   6.7847535e+00   6.9256814e+00   7.0169835e+00   7.0118919e+00   6.8792742e+00   6.6077249e+00   6.0713739e+00   5.5086188e+00   4.9907434e+00   4.6584903e+00   4.5565286e+00   4.4648749e+00   4.4209811e+00   4.5864992e+00   5.0436199e+00   5.4778936e+00   5.5836940e+00   5.5735004e+00   5.7192439e+00   5.8097567e+00   5.8504602e+00   5.8460353e+00   5.8787111e+00   5.9772023e+00   6.1356106e+00   6.2610782e+00   6.3670836e+00   6.4531432e+00   6.4982286e+00   6.5266348e+00   6.5467235e+00   6.5590572e+00   6.5636536e+00   6.5462632e+00   6.5156958e+00   6.4679184e+00   6.4026090e+00   6.3625502e+00   6.3512452e+00   6.3320420e+00   6.3188959e+00   6.3166284e+00   6.3042593e+00   6.2797917e+00   6.2365068e+00
   5.2910756e+00   5.1549352e+00   5.0053789e+00   4.8115159e+00   4.6599897e+00   4.5246349e+00   4.3806446e+00   4.2798229e+00   4.1997331e+00   4.1352874e+00   4.1141317e+00   4.1278006e+00   4.1837639e+00   4.2656785e+00   4.3696132e+00   4.4976815e+00   4.5891462e+00   4.6726550e+00   4.7876860e+00   4.9066082e+00   5.0511137e+00   5.2659279e+00   5.4700303e+00   5.6838835e+00   5.9470246e+00   6.1718192e+00   6.3967817e+00   6.6418287e+00   6.7970452e+00   6.8846158e+00   6.8541735e+00   6.6873865e+00   6.3893332e+00   5.8701618e+00   5.3850889e+00   4.9906216e+00   4.7351071e+00   4.6108554e+00   4.4756694e+00   4.3679344e+00   4.5115686e+00   4.9609313e+00   4.3871776e+00   4.9012061e+00   5.1380953e+00   5.2413248e+00   5.3058823e+00   5.2788862e+00   5.1986512e+00   5.2340601e+00   5.3582169e+00   5.5433495e+00   5.6824529e+00   5.7958948e+00   5.8882147e+00   5.9435344e+00   5.9918383e+00   6.0313511e+00   6.0439197e+00   6.0291273e+00   5.9625640e+00   5.9028971e+00   5.8640726e+00   5.8130680e+00   5.7619119e+00   5.7302570e+00   5.6867783e+00   5.6572147e+00   5.6373912e+00   5.5976057e+00   5.5324387e+00   5.4345748e+00
   4.5618791e+00   4.4038701e+00   4.2435889e+00   4.0588415e+00   3.9293965e+00   3.8236213e+00   3.7280065e+00   3.6777704e+00   3.6502980e+00   3.6460156e+00   3.6698046e+00   3.7215336e+00   3.8099820e+00   3.9080207e+00   4.0187278e+00   4.1417660e+00   4.2265481e+00   4.3069620e+00   4.4202328e+00   4.5373573e+00   4.6825501e+00   4.9035850e+00   5.1179024e+00   5.3473110e+00   5.6362943e+00   5.8862219e+00   6.1329688e+00   6.3947119e+00   6.5581287e+00   6.6493005e+00   6.6119976e+00   6.4343407e+00   6.1365323e+00   5.6485289e+00   5.2180076e+00   4.8817928e+00   4.6495808e+00   4.5005266e+00   4.3197053e+00   4.1449396e+00   4.2164058e+00   4.5223268e+00   3.5374908e+00   4.3612585e+00   4.8044925e+00   4.8291197e+00   4.8625751e+00   4.7667809e+00   4.6535377e+00   4.6963086e+00   4.8344592e+00   5.0301349e+00   5.1742175e+00   5.2949083e+00   5.4030290e+00   5.4734323e+00   5.5353676e+00   5.5787833e+00   5.5832761e+00   5.5520157e+00   5.4611873e+00   5.3864480e+00   5.3484654e+00   5.2880667e+00   5.2215558e+00   5.1685798e+00   5.1065609e+00   5.0610331e+00   5.0227835e+00   4.9584229e+00   4.8660759e+00   4.7387530e+00
   3.3927217e+00   3.2155776e+00   3.0552326e+00   2.9103452e+00   2.8376943e+00   2.7999100e+00   2.8042401e+00   2.8468180e+00   2.9094628e+00   3.0030868e+00   3.0953843e+00   3.2009625e+00   3.3324985e+00   3.4440727e+00   3.5506151e+00   3.6516386e+00   3.7164396e+00   3.7811714e+00   3.8759517e+00   3.9758582e+00   4.1063127e+00   4.3154901e+00   4.5302903e+00   4.7730110e+00   5.0931653e+00   5.3744123e+00   5.6473989e+00   5.9284632e+00   6.1030115e+00   6.2036216e+00   6.1630973e+00   5.9776102e+00   5.6923804e+00   5.2635682e+00   4.9149960e+00   4.6478936e+00   4.4308816e+00   4.2386443e+00   3.9795133e+00   3.6896780e+00   3.6159523e+00   3.6170370e+00   2.2068445e+00   3.5108455e+00   4.2853164e+00   4.1603003e+00   4.1386960e+00   3.9257871e+00   3.7760569e+00   3.8334116e+00   3.9899748e+00   4.1961633e+00   4.3447496e+00   4.4776422e+00   4.6168840e+00   4.7150595e+00   4.7972513e+00   4.8402246e+00   4.8272498e+00   4.7694034e+00   4.6487713e+00   4.5548621e+00   4.5146183e+00   4.4275200e+00   4.3330462e+00   4.2434887e+00   4.1526516e+00   4.0802698e+00   4.0103920e+00   3.9056675e+00   3.7733974e+00   3.6075628e+00
   2.1216357e+00   2.0586131e+00   2.0334285e+00   2.0624228e+00   2.1259244e+00   2.2127951e+00   2.3500198e+00   2.4872689e+00   2.6327608e+00   2.8090874e+00   2.9517469e+00   3.0882545e+00   3.2317029e+00   3.3245477e+00   3.3928026e+00   3.4328483e+00   3.4331160e+00   3.4168264e+00   3.3932163e+00   3.3854693e+00   3.4032646e+00   3.4818309e+00   3.6167862e+00   3.8189982e+00   4.1344017e+00   4.4267738e+00   4.7172944e+00   5.0297072e+00   5.2426235e+00   5.3902024e+00   5.4166665e+00   5.2857357e+00   5.0629342e+00   4.7150691e+00   4.4102574e+00   4.1417450e+00   3.8607941e+00   3.5846352e+00   3.2298943e+00   2.7674491e+00   2.4496846e+00   2.0215242e+00   1.5109291e+00   2.4369304e+00   2.5818261e+00   3.1796426e+00   3.1281900e+00   2.7935848e+00   2.6242156e+00   2.6952296e+00   2.8362809e+00   3.0093459e+00   3.1545572e+00   3.3193718e+00   3.5258733e+00   3.6794108e+00   3.7989555e+00   3.8755551e+00   3.8616524e+00   3.7308211e+00   3.5369984e+00   3.3917272e+00   3.3384569e+00   3.1900609e+00   3.0288849e+00   2.8792940e+00   2.7398467e+00   2.6420291e+00   2.5520733e+00   2.4465034e+00   2.3470908e+00   2.2375676e+00
   1.8534373e+00   1.8643165e+00   1.9100980e+00   2.0122784e+00   2.1248568e+00   2.2522572e+00   2.4262630e+00   2.5855437e+00   2.7492892e+00   2.9444406e+00   3.0981233e+00   3.2387850e+00   3.3792620e+00   3.4610161e+00   3.5093158e+00   3.5148331e+00   3.4765778e+00   3.4092512e+00   3.3058154e+00   3.2199934e+00   3.1499814e+00   3.1119998e+00   3.1524032e+00   3.2781238e+00   3.5411412e+00   3.8190946e+00   4.1110304e+00   4.4379550e+00   4.6738681e+00   4.8619541e+00   4.9641716e+00   4.8968260e+00   4.7256787e+00   4.4349676e+00   4.1410968e+00   3.8525150e+00   3.5210892e+00   3.1769056e+00   2.7548252e+00   2.2352541e+00   1.8732886e+00   1.4311141e+00   1.2932825e+00   1.9307068e+00   1.8249184e+00   2.4855680e+00   2.4836849e+00   2.1656058e+00   2.0159654e+00   2.0892934e+00   2.2065688e+00   2.3471176e+00   2.4880921e+00   2.6727889e+00   2.9234602e+00   3.1189221e+00   3.2810892e+00   3.4262439e+00   3.4531251e+00   3.3111591e+00   3.0576238e+00   2.8300500e+00   2.7478402e+00   2.5886985e+00   2.4205542e+00   2.2659536e+00   2.1285819e+00   2.0540367e+00   2.0048220e+00   1.9613466e+00   1.9252881e+00   1.8840547e+00
   2.0499600e+00   2.1916036e+00   2.3429286e+00   2.5269414e+00   2.6790831e+00   2.8295912e+00   3.0090858e+00   3.1598539e+00   3.3130925e+00   3.4995517e+00   3.6466306e+00   3.7754441e+00   3.8977416e+00   3.9611266e+00   3.9799684e+00   3.9303870e+00   3.8279184e+00   3.6720152e+00   3.4235118e+00   3.1894298e+00   2.9460868e+00   2.6632217e+00   2.4845063e+00   2.4141008e+00   2.5247928e+00   2.7510840e+00   3.0335037e+00   3.3791059e+00   3.6534738e+00   3.9254386e+00   4.2008472e+00   4.2801821e+00   4.2140114e+00   4.0301561e+00   3.7346060e+00   3.3873463e+00   2.9556401e+00   2.4745481e+00   1.9267542e+00   1.3721942e+00   1.0696778e+00   9.2191237e-01   1.1899554e+00   1.2637990e+00   9.0431945e-01   1.1860643e+00   1.3552117e+00   1.1816638e+00   1.1061708e+00   1.1756946e+00   1.2342949e+00   1.3039256e+00   1.4349228e+00   1.6538450e+00   1.9834150e+00   2.2604041e+00   2.5202811e+00   2.8433113e+00   2.9924046e+00   2.8744277e+00   2.5003404e+00   2.0678295e+00   1.9096173e+00   1.7664706e+00   1.6298056e+00   1.5072960e+00   1.4141753e+00   1.4288725e+00   1.5167394e+00   1.6588909e+00   1.7858177e+00   1.9039042e+00
   3.1009517e+00   3.2675257e+00   3.4336022e+00   3.6232372e+00   3.7724193e+00   3.9135530e+00   4.0716660e+00   4.1976264e+00   4.3213670e+00   4.4701841e+00   4.5850853e+00   4.6824341e+00   4.7749184e+00   4.8229474e+00   4.8310954e+00   4.7688483e+00   4.6525122e+00   4.4750382e+00   4.1840662e+00   3.8910966e+00   3.5567977e+00   3.1025017e+00   2.7072778e+00   2.3426017e+00   2.0367395e+00   1.9712760e+00   2.0882302e+00   2.3848558e+00   2.6977986e+00   3.0746712e+00   3.5335445e+00   3.7822595e+00   3.8048312e+00   3.7465521e+00   3.5463206e+00   3.2286025e+00   2.7476540e+00   2.1981768e+00   1.5370109e+00   8.2621830e-01   6.1125793e-01   4.9033212e-01   5.4808517e-01   8.1760860e-01   5.6527597e-01   6.9676998e-01   6.2606400e-01   5.1447997e-01   5.2508670e-01   5.8389992e-01   6.0247335e-01   6.0311927e-01   7.0649374e-01   9.4412471e-01   1.3476424e+00   1.7269085e+00   2.1230687e+00   2.6282043e+00   2.7346954e+00   2.5357448e+00   2.5633772e+00   2.2241435e+00   2.0327475e+00   1.9981834e+00   2.0477018e+00   2.0693959e+00   2.0987345e+00   2.1911793e+00   2.3494251e+00   2.5642880e+00   2.7454053e+00   2.9103559e+00
   3.7217353e+00   3.8984045e+00   4.0698279e+00   4.2608338e+00   4.4087854e+00   4.5458213e+00   4.6944734e+00   4.8097867e+00   4.9204983e+00   5.0521468e+00   5.1521606e+00   5.2355285e+00   5.3152179e+00   5.3574084e+00   5.3623720e+00   5.2963639e+00   5.1750073e+00   4.9883824e+00   4.6784961e+00   4.3586984e+00   3.9829308e+00   3.4509657e+00   2.9570888e+00   2.4535101e+00   1.9281895e+00   1.6687028e+00   1.6211682e+00   1.8145340e+00   2.1373249e+00   2.5694911e+00   3.0933708e+00   3.3815322e+00   3.4511461e+00   3.5511947e+00   3.4169227e+00   3.1598347e+00   2.6720740e+00   2.0339831e+00   1.3969886e+00   6.3496189e-01   4.6330421e-01   3.4735879e-01   3.3819500e-01   7.4259209e-01   5.1697279e-01   4.9583530e-01   3.1453582e-01   2.5675601e-01   2.8586874e-01   3.2451374e-01   3.3267608e-01   3.0984967e-01   3.7462053e-01   5.6011325e-01   9.7954531e-01   1.4060628e+00   1.8591441e+00   2.4271768e+00   2.4939305e+00   2.3265230e+00   2.6536970e+00   2.4102725e+00   2.2224379e+00   2.2367666e+00   2.3921251e+00   2.4918605e+00   2.5785984e+00   2.6956699e+00   2.8795207e+00   3.1223866e+00   3.3267193e+00   3.5120083e+00
   4.7751564e+00   4.9477953e+00   5.1129065e+00   5.2973285e+00   5.4455568e+00   5.5822174e+00   5.7292960e+00   5.8448489e+00   5.9535339e+00   6.0791989e+00   6.1727740e+00   6.2534587e+00   6.3334405e+00   6.3804924e+00   6.3943662e+00   6.3389778e+00   6.2235925e+00   6.0378468e+00   5.7240641e+00   5.3950951e+00   5.0049689e+00   4.4490124e+00   3.9213190e+00   3.3415900e+00   2.5653654e+00   1.8774912e+00   1.2457543e+00   9.2419075e-01   1.2045701e+00   1.7000754e+00   2.1361044e+00   2.2142491e+00   2.3391260e+00   3.0924440e+00   3.1142389e+00   3.1573794e+00   2.7598526e+00   1.7510130e+00   1.5715438e+00   9.1016758e-01   7.7353987e-01   6.1635529e-01   7.5548201e-01   1.4769188e+00   1.1294783e+00   5.5737826e-01   3.3044820e-01   4.4259696e-01   3.5526768e-01   2.9642916e-01   3.4739430e-01   3.6368471e-01   2.6108923e-01   6.9323875e-02   3.8887561e-01   8.3543227e-01   1.2773551e+00   1.7479877e+00   1.6807059e+00   1.9295639e+00   3.0495743e+00   3.1547988e+00   3.0788625e+00   3.1064948e+00   3.4225721e+00   3.6221306e+00   3.7380237e+00   3.7995592e+00   3.9538953e+00   4.1759783e+00   4.3795202e+00   4.5657654e+00
   5.0268489e+00   5.1927600e+00   5.3511790e+00   5.5283538e+00   5.6722010e+00   5.8046845e+00   5.9469195e+00   6.0579722e+00   6.1603484e+00   6.2788085e+00   6.3652280e+00   6.4352524e+00   6.4980756e+00   6.5271988e+00   6.5214928e+00   6.4482163e+00   6.3279870e+00   6.1493468e+00   5.8631897e+00   5.5644625e+00   5.2045832e+00   4.6850252e+00   4.1871831e+00   3.6379609e+00   2.9026248e+00   2.2338580e+00   1.5382580e+00   8.0488785e-01   7.2141762e-01   1.2860467e+00   1.6727178e+00   1.4428814e+00   1.8285435e+00   2.3737037e+00   2.6510924e+00   2.7919700e+00   2.1991631e+00   1.5431381e+00   1.8592097e+00   1.3446861e+00   1.2720658e+00   1.1303386e+00   1.2550957e+00   1.6961200e+00   1.4023770e+00   9.8548699e-01   5.5298667e-01   8.3400712e-01   6.8924352e-01   5.5226364e-01   5.3586705e-01   5.3096721e-01   4.4574359e-01   2.7659960e-01   2.7722483e-01   5.1465900e-01   8.6531097e-01   1.2135166e+00   1.1639197e+00   1.8733295e+00   3.1837603e+00   3.1433452e+00   3.2630474e+00   3.4854324e+00   3.8651250e+00   4.1156361e+00   4.2670256e+00   4.1975933e+00   4.2888297e+00   4.4757554e+00   4.6560056e+00   4.8280636e+00
   5.2164914e+00   5.3773333e+00   5.5307099e+00   5.7024243e+00   5.8429704e+00   5.9723066e+00   6.1108922e+00   6.2185541e+00   6.3161768e+00   6.4292083e+00   6.5102363e+00   6.5722284e+00   6.6221232e+00   6.6377376e+00   6.6172788e+00   6.5305241e+00   6.4066451e+00   6.2333587e+00   5.9680166e+00   5.6920756e+00   5.3549864e+00   4.8628537e+00   4.3875035e+00   3.8612674e+00   3.1567394e+00   2.5023695e+00   1.7586505e+00   7.1499676e-01   3.5737698e-01   9.7408868e-01   1.3235702e+00   8.6167934e-01   1.4438352e+00   1.8321550e+00   2.3021257e+00   2.5166451e+00   1.7767007e+00   1.3865107e+00   2.0759571e+00   1.6720825e+00   1.6476898e+00   1.5176093e+00   1.6315393e+00   1.8612814e+00   1.6079979e+00   1.3080538e+00   7.2066261e-01   1.1289227e+00   9.4088409e-01   7.4502710e-01   6.7787549e-01   6.5700946e-01   5.8487500e-01   4.3277552e-01   1.9309937e-01   2.7296616e-01   5.5484831e-01   8.1080890e-01   7.7453718e-01   1.8309586e+00   3.2848653e+00   3.1347152e+00   3.4018252e+00   3.7709503e+00   4.1985751e+00   4.4874774e+00   4.6656125e+00   4.4974998e+00   4.5411925e+00   4.7016283e+00   4.8643289e+00   5.0256973e+00
   5.2436003e+00   5.4043240e+00   5.5588329e+00   5.7329789e+00   5.8780352e+00   6.0149761e+00   6.1638244e+00   6.2787424e+00   6.3829736e+00   6.5022083e+00   6.5880644e+00   6.6537102e+00   6.7042166e+00   6.7203216e+00   6.7005794e+00   6.6137673e+00   6.4856970e+00   6.3051249e+00   6.0280103e+00   5.7481663e+00   5.4183737e+00   4.9473938e+00   4.4902866e+00   3.9743110e+00   3.2740788e+00   2.6214207e+00   1.8725486e+00   8.4682618e-01   6.9931208e-01   1.5325750e+00   2.1395376e+00   1.2207106e+00   3.0240172e-01   1.1328789e+00   1.4757871e+00   1.5123319e+00   6.3375770e-01   1.2478929e+00   2.2609726e+00   2.2573190e+00   2.4494651e+00   2.3746995e+00   2.4830834e+00   2.7827208e+00   2.7072143e+00   2.1040393e+00   1.7006861e+00   1.7686117e+00   1.5524427e+00   1.2999721e+00   1.0892934e+00   8.9190257e-01   7.3463733e-01   5.7715221e-01   4.6056553e-01   5.2886059e-01   4.4529778e-01   7.8095996e-01   5.1755459e-01   1.2089670e+00   1.9926912e+00   2.0349036e+00   3.1120283e+00   3.9580548e+00   4.5156587e+00   4.6955502e+00   4.9035895e+00   4.7357282e+00   4.6401627e+00   4.7839529e+00   4.9140997e+00   5.0585152e+00
   5.0621407e+00   5.2211025e+00   5.3744898e+00   5.5494939e+00   5.6954109e+00   5.8352928e+00   5.9906756e+00   6.1131922e+00   6.2284566e+00   6.3621806e+00   6.4613043e+00   6.5419545e+00   6.6123290e+00   6.6467489e+00   6.6479576e+00   6.5880135e+00   6.4845195e+00   6.3299373e+00   6.0827618e+00   5.8265726e+00   5.5206208e+00   5.0794693e+00   4.6513924e+00   4.1716888e+00   3.5234635e+00   2.9096125e+00   2.1840892e+00   1.1551447e+00   9.2149020e-01   1.7331417e+00   2.5197821e+00   1.9239183e+00   8.2777007e-01   8.5677833e-01   1.0918402e+00   1.2154333e+00   4.6376243e-01   1.1357833e+00   2.1524471e+00   2.3986369e+00   2.7333992e+00   2.7339299e+00   2.7904358e+00   3.0445417e+00   2.9561247e+00   2.3861324e+00   2.0709972e+00   2.1069526e+00   1.8983361e+00   1.6422718e+00   1.4047212e+00   1.1461026e+00   9.2951452e-01   7.1333726e-01   5.2533454e-01   5.8875131e-01   5.9110813e-01   8.1851072e-01   4.8181167e-01   1.0923680e+00   1.7275707e+00   2.0421657e+00   2.9217073e+00   3.4569833e+00   3.7949574e+00   4.1005320e+00   4.6335001e+00   4.5486809e+00   4.4898658e+00   4.6215664e+00   4.7453935e+00   4.8822913e+00
   4.8213087e+00   4.9779321e+00   5.1298306e+00   5.3059736e+00   5.4530330e+00   5.5968182e+00   5.7608736e+00   5.8934751e+00   6.0233825e+00   6.1763365e+00   6.2930692e+00   6.3936331e+00   6.4903762e+00   6.5491037e+00   6.5781183e+00   6.5538332e+00   6.4829568e+00   6.3628681e+00   6.1554276e+00   5.9306330e+00   5.6563226e+00   5.2547591e+00   4.8652111e+00   4.4336474e+00   3.8544453e+00   3.2920991e+00   2.5975641e+00   1.5643431e+00   1.2163636e+00   1.9993326e+00   3.0244403e+00   2.8572112e+00   1.5250357e+00   4.9033936e-01   5.8226823e-01   8.2139124e-01   2.3814574e-01   9.8699205e-01   2.0084127e+00   2.5861932e+00   3.1102349e+00   3.2106983e+00   3.1983520e+00   3.3920288e+00   3.2864770e+00   2.7605245e+00   2.5624718e+00   2.5559966e+00   2.3574037e+00   2.0965700e+00   1.8233550e+00   1.4834754e+00   1.1881543e+00   8.9408123e-01   6.1129558e-01   6.6823791e-01   7.8462675e-01   8.6834785e-01   4.3437389e-01   9.3761855e-01   1.3757043e+00   2.0518039e+00   2.6691145e+00   2.7919644e+00   2.8384470e+00   3.3108275e+00   4.2750392e+00   4.3004328e+00   4.2903926e+00   4.4060481e+00   4.5214875e+00   4.6484081e+00
   3.9431718e+00   4.0664014e+00   4.1832933e+00   4.3174728e+00   4.4235790e+00   4.5269035e+00   4.6495044e+00   4.7518622e+00   4.8592821e+00   5.0058106e+00   5.1393130e+00   5.2763619e+00   5.4400047e+00   5.5705089e+00   5.6865588e+00   5.7811733e+00   5.8173425e+00   5.8109837e+00   5.7467757e+00   5.6443678e+00   5.4951984e+00   5.2554821e+00   5.0151607e+00   4.7503447e+00   4.3901711e+00   4.0150552e+00   3.5140627e+00   2.6681406e+00   2.0632241e+00   2.4393504e+00   3.2707953e+00   3.9221314e+00   3.7628090e+00   1.7115394e+00   4.6476465e-01   7.0076215e-01   6.2024743e-01   8.7909562e-01   1.6247525e+00   1.8524162e+00   2.5194758e+00   3.5289568e+00   3.6927845e+00   3.8142916e+00   3.6832671e+00   3.3753064e+00   3.2880606e+00   3.2490557e+00   3.0592538e+00   2.8138115e+00   2.5219368e+00   2.1184800e+00   1.7634269e+00   1.4264983e+00   1.0419905e+00   7.8108860e-01   9.4737311e-01   6.8412119e-01   8.5044435e-01   1.4242338e+00   1.8691550e+00   2.5810922e+00   2.1628392e+00   1.2449226e+00   1.1601688e+00   2.0328546e+00   3.2726784e+00   3.6292580e+00   3.6573276e+00   3.6470449e+00   3.7267042e+00   3.8135205e+00
   3.4909855e+00   3.5943373e+00   3.6926793e+00   3.8038078e+00   3.8888122e+00   3.9697644e+00   4.0670436e+00   4.1528341e+00   4.2487495e+00   4.3920491e+00   4.5365669e+00   4.6984953e+00   4.9085284e+00   5.0864441e+00   5.2547037e+00   5.4156688e+00   5.5076836e+00   5.5582488e+00   5.5658056e+00   5.5281860e+00   5.4495603e+00   5.3025331e+00   5.1425846e+00   4.9564006e+00   4.6863790e+00   4.3913327e+00   3.9868545e+00   3.2725768e+00   2.6218503e+00   2.6442804e+00   3.3509193e+00   4.1452279e+00   4.0577701e+00   2.0801142e+00   5.3188266e-01   7.3829130e-01   8.0694112e-01   9.4131205e-01   1.6348737e+00   1.5797067e+00   2.4013782e+00   3.7299953e+00   3.9249343e+00   4.0246616e+00   3.9052532e+00   3.6864174e+00   3.6359554e+00   3.6007036e+00   3.4335467e+00   3.1997105e+00   2.8984157e+00   2.4607570e+00   2.0713028e+00   1.7136531e+00   1.3375854e+00   1.0340412e+00   8.6029573e-01   5.9282042e-01   1.0867079e+00   1.6322167e+00   2.1401123e+00   2.7493582e+00   1.9669474e+00   7.4785523e-01   7.4172459e-01   1.6704223e+00   2.9202380e+00   3.3443061e+00   3.3896672e+00   3.3060882e+00   3.3384795e+00   3.3925013e+00
   2.7664807e+00   2.8360541e+00   2.9042982e+00   2.9774562e+00   3.0286410e+00   3.0726418e+00   3.1264903e+00   3.1850211e+00   3.2625577e+00   3.4007414e+00   3.5646205e+00   3.7707944e+00   4.0637456e+00   4.3251435e+00   4.5823727e+00   4.8533330e+00   5.0353460e+00   5.1759366e+00   5.2970442e+00   5.3645015e+00   5.4032937e+00   5.4115004e+00   5.3828669e+00   5.3174660e+00   5.1756054e+00   4.9970917e+00   4.7449866e+00   4.2669539e+00   3.6050554e+00   2.9570483e+00   3.4456759e+00   4.2686777e+00   3.9135819e+00   2.4834170e+00   7.3123476e-01   8.7010686e-01   1.0988259e+00   1.1257255e+00   1.8004975e+00   1.2184025e+00   2.3460448e+00   4.0788339e+00   4.2807387e+00   4.3566363e+00   4.2736326e+00   4.1809569e+00   4.1748453e+00   4.1603571e+00   4.0425171e+00   3.8299242e+00   3.5136720e+00   3.0201613e+00   2.5729677e+00   2.1830874e+00   1.8642971e+00   1.5794980e+00   5.9784529e-01   4.4910029e-01   1.4810917e+00   1.9348101e+00   2.5863768e+00   2.9439357e+00   1.6997079e+00   1.6694755e-01   3.9196704e-01   1.3024114e+00   2.4733246e+00   2.9313886e+00   3.0027766e+00   2.7956842e+00   2.7315916e+00   2.7243334e+00
   2.4708099e+00   2.4911826e+00   2.5347621e+00   2.5981722e+00   2.6519715e+00   2.7036757e+00   2.7665072e+00   2.8302492e+00   2.9096638e+00   3.0374274e+00   3.1843961e+00   3.3767528e+00   3.6635736e+00   3.9282968e+00   4.1949018e+00   4.4912853e+00   4.7090522e+00   4.8977277e+00   5.0904046e+00   5.2271453e+00   5.3442369e+00   5.4543758e+00   5.5144671e+00   5.5384706e+00   5.5060977e+00   5.4316690e+00   5.3208287e+00   5.1369311e+00   4.7851344e+00   3.1863970e+00   1.8607276e+00   3.0904307e+00   2.9283200e+00   1.7494207e+00   7.3500227e-01   7.7918875e-01   1.1522658e+00   1.2016930e+00   1.9579594e+00   1.5706327e+00   2.5952946e+00   4.3556012e+00   4.6034167e+00   4.6709147e+00   4.6493735e+00   4.6599478e+00   4.7152783e+00   4.7564612e+00   4.6928685e+00   4.4982942e+00   4.1702851e+00   3.6073122e+00   3.0582054e+00   2.5506119e+00   2.2349316e+00   2.0339894e+00   1.3506535e+00   1.2947504e+00   1.9531282e+00   2.3883991e+00   3.3835795e+00   3.3054941e+00   2.2982123e+00   8.4245345e-01   6.4247309e-01   1.2018877e+00   1.9803699e+00   2.4060039e+00   2.6821366e+00   2.7236643e+00   2.6023774e+00   2.5171942e+00
   2.4266236e+00   2.4142578e+00   2.4382726e+00   2.4921302e+00   2.5473044e+00   2.6069175e+00   2.6816905e+00   2.7526261e+00   2.8351301e+00   2.9547819e+00   3.0831284e+00   3.2512796e+00   3.5073187e+00   3.7491221e+00   3.9982765e+00   4.2875001e+00   4.5132841e+00   4.7218741e+00   4.9507669e+00   5.1261412e+00   5.2884681e+00   5.4571424e+00   5.5672177e+00   5.6400290e+00   5.6612505e+00   5.6314790e+00   5.5841509e+00   5.5488642e+00   5.3863301e+00   3.6442343e+00   1.6839302e+00   2.4735450e+00   2.3161105e+00   1.3633924e+00   7.1261712e-01   7.1175140e-01   1.1819144e+00   1.2233461e+00   2.0366076e+00   1.9256092e+00   2.7377589e+00   4.4932134e+00   4.7835692e+00   4.8466972e+00   4.8588742e+00   4.9248952e+00   5.0153524e+00   5.0875519e+00   5.0562655e+00   4.8759330e+00   4.5447273e+00   3.9430585e+00   3.3244940e+00   2.7262835e+00   2.3450018e+00   2.1138748e+00   1.6147547e+00   1.7351445e+00   2.1843279e+00   2.6543199e+00   3.8244573e+00   3.5526570e+00   2.6597787e+00   1.2466328e+00   7.9119498e-01   1.1701082e+00   1.7621709e+00   2.1963853e+00   2.5682472e+00   2.7682632e+00   2.6365403e+00   2.5215883e+00
   2.6361046e+00   2.5620379e+00   2.5431304e+00   2.5731005e+00   2.6301660e+00   2.7100252e+00   2.8187492e+00   2.9103923e+00   3.0022491e+00   3.1043520e+00   3.1834597e+00   3.2771846e+00   3.4239680e+00   3.5743452e+00   3.7451511e+00   3.9746773e+00   4.1853006e+00   4.4082380e+00   4.6834946e+00   4.9173487e+00   5.1517534e+00   5.4129169e+00   5.5998194e+00   5.7441169e+00   5.8293854e+00   5.8365659e+00   5.8504320e+00   6.0048230e+00   6.1662040e+00   5.0928363e+00   3.0353204e+00   1.6316522e+00   1.2455757e+00   8.3232913e-01   6.2266038e-01   5.7133776e-01   1.2264491e+00   1.2087026e+00   2.1346919e+00   2.8260510e+00   2.9613717e+00   4.6632331e+00   5.0567731e+00   5.1140051e+00   5.1759516e+00   5.3210307e+00   5.4666413e+00   5.5857297e+00   5.6080557e+00   5.4588860e+00   5.1305341e+00   4.4703774e+00   3.7177544e+00   2.9251782e+00   2.2903981e+00   1.8373785e+00   1.6580257e+00   2.3304240e+00   2.4609786e+00   3.0865943e+00   4.4834406e+00   4.0310995e+00   3.2708107e+00   1.9214257e+00   1.0370058e+00   1.1775911e+00   1.5616822e+00   2.0699443e+00   2.5444840e+00   3.0298675e+00   2.9314823e+00   2.8028046e+00
   2.9924777e+00   2.8907941e+00   2.8426431e+00   2.8443518e+00   2.8877849e+00   2.9650222e+00   3.0774713e+00   3.1677035e+00   3.2526098e+00   3.3380431e+00   3.3888270e+00   3.4364960e+00   3.5057571e+00   3.5796912e+00   3.6769028e+00   3.8331735e+00   3.9964826e+00   4.1865561e+00   4.4460850e+00   4.6846153e+00   4.9362347e+00   5.2289128e+00   5.4469102e+00   5.6243132e+00   5.7450885e+00   5.7710401e+00   5.8100459e+00   6.0633658e+00   6.4092494e+00   6.0005053e+00   4.7317788e+00   2.4784792e+00   7.3705394e-01   5.0832127e-01   5.0349095e-01   4.6331681e-01   1.1191195e+00   1.2151160e+00   1.8297757e+00   2.7697091e+00   3.4436771e+00   4.7641833e+00   5.1585851e+00   5.2148212e+00   5.2899144e+00   5.4576651e+00   5.6312724e+00   5.7836540e+00   5.8558304e+00   5.7541609e+00   5.4607747e+00   4.7772600e+00   3.9342194e+00   3.0525587e+00   1.7861203e+00   1.1207265e+00   1.5750801e+00   2.4137812e+00   2.8614164e+00   3.8405234e+00   4.7982008e+00   4.4306997e+00   3.4161517e+00   1.6733752e+00   8.2384401e-01   1.1813544e+00   1.4978843e+00   1.7915751e+00   2.5440204e+00   3.2197531e+00   3.2117669e+00   3.1533273e+00
   3.2160380e+00   3.1084322e+00   3.0491390e+00   3.0376722e+00   3.0739439e+00   3.1482436e+00   3.2602266e+00   3.3469930e+00   3.4250765e+00   3.4985268e+00   3.5331610e+00   3.5545297e+00   3.5779763e+00   3.6047161e+00   3.6538721e+00   3.7586579e+00   3.8850609e+00   4.0448003e+00   4.2806780e+00   4.5115181e+00   4.7645126e+00   5.0682721e+00   5.3004738e+00   5.4943955e+00   5.6309941e+00   5.6574983e+00   5.6945837e+00   6.0115990e+00   6.4933636e+00   6.5080436e+00   5.7169000e+00   3.1130539e+00   7.2736930e-01   4.1045005e-01   4.2644373e-01   3.9160529e-01   1.0515107e+00   1.2033798e+00   1.5979028e+00   2.7475878e+00   3.8142173e+00   4.8089815e+00   5.1714161e+00   5.2255059e+00   5.3054815e+00   5.4821724e+00   5.6717035e+00   5.8458110e+00   5.9560665e+00   5.8967219e+00   5.6414778e+00   4.9569356e+00   4.0709192e+00   3.1125160e+00   1.5591987e+00   8.3759624e-01   1.5288386e+00   2.5229188e+00   3.2837819e+00   4.3914424e+00   4.9827105e+00   4.6598115e+00   3.5072611e+00   1.5659816e+00   8.0380541e-01   1.2406487e+00   1.4846636e+00   1.7485137e+00   2.6362343e+00   3.3161822e+00   3.3608469e+00   3.3549985e+00
   3.4892305e+00   3.4143614e+00   3.3667027e+00   3.3550982e+00   3.3874934e+00   3.4536709e+00   3.5552589e+00   3.6287426e+00   3.6898554e+00   3.7433139e+00   3.7638857e+00   3.7622002e+00   3.7395359e+00   3.7112691e+00   3.6950800e+00   3.7175646e+00   3.7735393e+00   3.8621426e+00   4.0207932e+00   4.2049928e+00   4.4266305e+00   4.7134733e+00   4.9444451e+00   5.1436567e+00   5.2769775e+00   5.2648131e+00   5.2375327e+00   5.6381168e+00   6.3565287e+00   6.9113958e+00   6.6434213e+00   4.2507937e+00   1.7999097e+00   6.6029633e-01   3.2426422e-01   2.9013376e-01   9.6791529e-01   1.1337905e+00   1.1722482e+00   2.7669116e+00   4.5053350e+00   4.7987656e+00   5.0081746e+00   5.0543078e+00   5.1284539e+00   5.2975521e+00   5.5007959e+00   5.7043993e+00   5.8850502e+00   5.9213428e+00   5.7695261e+00   5.1314943e+00   4.2411464e+00   3.1158428e+00   1.5953824e+00   1.0750915e+00   1.4926354e+00   2.8555682e+00   4.3999531e+00   5.3379842e+00   5.1627987e+00   4.8641863e+00   3.6183663e+00   1.6037661e+00   1.1778489e+00   1.5126961e+00   1.5624631e+00   2.1571150e+00   3.0732100e+00   3.3544759e+00   3.4492537e+00   3.5375731e+00
   3.3887054e+00   3.3739161e+00   3.3686617e+00   3.3887538e+00   3.4360777e+00   3.5071037e+00   3.6046072e+00   3.6729661e+00   3.7262499e+00   3.7719596e+00   3.7912729e+00   3.7848394e+00   3.7456251e+00   3.6971815e+00   3.6541884e+00   3.6349502e+00   3.6465857e+00   3.6841311e+00   3.7785272e+00   3.9148986e+00   4.1004562e+00   4.3637959e+00   4.5903854e+00   4.7912257e+00   4.9107587e+00   4.8065212e+00   4.4405760e+00   4.8519584e+00   5.8644507e+00   6.6303205e+00   6.6198553e+00   4.8620444e+00   3.1830900e+00   1.8816039e+00   8.0235430e-01   3.2951751e-01   7.4055734e-01   1.2082332e+00   2.0310484e+00   3.5380186e+00   4.4419948e+00   4.4148180e+00   4.5731532e+00   4.5988371e+00   4.6629627e+00   4.8031754e+00   5.0012857e+00   5.2275225e+00   5.4708077e+00   5.6058863e+00   5.5970776e+00   5.1173995e+00   4.1721321e+00   2.8646025e+00   1.4612179e+00   1.4006125e+00   1.5169037e+00   3.0298600e+00   4.4408635e+00   4.8088541e+00   4.8558661e+00   4.8585670e+00   4.1237838e+00   2.6178324e+00   1.9822347e+00   1.8141315e+00   1.7223206e+00   2.5160651e+00   2.9259911e+00   3.1051892e+00   3.2177391e+00   3.3492577e+00
   3.1937558e+00   3.2276794e+00   3.2605033e+00   3.3123367e+00   3.3749673e+00   3.4538850e+00   3.5528068e+00   3.6206778e+00   3.6718000e+00   3.7152037e+00   3.7349025e+00   3.7275236e+00   3.6820587e+00   3.6246840e+00   3.5671212e+00   3.5214565e+00   3.5052715e+00   3.5088653e+00   3.5571610e+00   3.6563703e+00   3.8109432e+00   4.0493624e+00   4.2659807e+00   4.4641440e+00   4.5817891e+00   4.4192082e+00   3.7758154e+00   4.1715005e+00   5.3263960e+00   6.2778110e+00   6.5216395e+00   5.2359655e+00   3.9994953e+00   2.7199520e+00   1.2179165e+00   3.6700396e-01   7.3584810e-01   1.5496716e+00   2.8229255e+00   3.9553879e+00   4.2088167e+00   4.0169911e+00   4.1322630e+00   4.1457842e+00   4.1980147e+00   4.3089238e+00   4.4948560e+00   4.7329217e+00   5.0246815e+00   5.2391783e+00   5.3579710e+00   5.0545863e+00   4.0353001e+00   2.5567314e+00   1.4027779e+00   1.6149945e+00   1.6638534e+00   3.0146431e+00   4.2059432e+00   4.2835724e+00   4.5111687e+00   4.7446512e+00   4.3783855e+00   3.2098361e+00   2.3954896e+00   1.9454063e+00   1.7101480e+00   2.4159375e+00   2.6196621e+00   2.8075072e+00   2.9267439e+00   3.0887884e+00
   2.6750554e+00   2.7832871e+00   2.8814084e+00   2.9934473e+00   3.0856750e+00   3.1843577e+00   3.2946704e+00   3.3689521e+00   3.4249441e+00   3.4725882e+00   3.4956176e+00   3.4924628e+00   3.4514482e+00   3.3949414e+00   3.3291286e+00   3.2575932e+00   3.2148315e+00   3.1811617e+00   3.1708349e+00   3.2165115e+00   3.3204424e+00   3.5094069e+00   3.6982939e+00   3.8845746e+00   4.0174664e+00   3.7977064e+00   2.7255141e+00   3.0495495e+00   4.2343075e+00   5.4969745e+00   6.2174843e+00   5.5689601e+00   4.6496688e+00   3.7024593e+00   1.9063050e+00   4.3502212e-01   1.0791152e+00   2.6188754e+00   4.2173027e+00   4.1865606e+00   3.4984007e+00   3.2413407e+00   3.2876984e+00   3.2912852e+00   3.3180145e+00   3.3727455e+00   3.5244628e+00   3.7678482e+00   4.1290466e+00   4.4633674e+00   4.7995346e+00   4.8585210e+00   3.6687925e+00   1.8838799e+00   1.4118436e+00   1.8453470e+00   2.1363137e+00   2.6860466e+00   3.3245659e+00   3.2944966e+00   3.7983911e+00   4.3575287e+00   4.4639930e+00   3.6637818e+00   2.5597182e+00   1.9249484e+00   1.4149672e+00   1.5000664e+00   1.7876293e+00   2.1669863e+00   2.2813569e+00   2.4811865e+00
   1.8011456e+00   1.9814009e+00   2.1531831e+00   2.3461070e+00   2.4858211e+00   2.6173077e+00   2.7576682e+00   2.8491834e+00   2.9165517e+00   2.9691128e+00   2.9943408e+00   3.0021384e+00   2.9819568e+00   2.9402069e+00   2.8820481e+00   2.7999298e+00   2.7443217e+00   2.6947108e+00   2.6444170e+00   2.6403545e+00   2.6852689e+00   2.7940832e+00   2.9140897e+00   3.0472737e+00   3.2168279e+00   3.2215078e+00   2.4722378e+00   2.3441636e+00   2.9133608e+00   4.1206263e+00   5.4611881e+00   5.0989284e+00   4.3719058e+00   3.6801154e+00   1.9295446e+00   2.8687059e-01   1.9539247e+00   3.7644319e+00   4.2071520e+00   3.4301090e+00   2.6513876e+00   2.2474573e+00   2.1804237e+00   2.1685432e+00   2.1561668e+00   2.1525938e+00   2.2426078e+00   2.4523697e+00   2.8528397e+00   3.3071810e+00   3.9320018e+00   4.3597031e+00   3.3803960e+00   2.1036162e+00   1.5106470e+00   1.9092078e+00   2.2548863e+00   2.4604633e+00   2.1781571e+00   2.1248048e+00   2.6529253e+00   3.4786464e+00   3.9333050e+00   3.1731224e+00   2.1158132e+00   1.4683830e+00   1.0004846e+00   9.6434932e-01   1.2366943e+00   1.3429756e+00   1.3906373e+00   1.5594141e+00
   1.0418893e+00   1.2641173e+00   1.4882843e+00   1.7419951e+00   1.9259507e+00   2.0909702e+00   2.2582609e+00   2.3654027e+00   2.4429934e+00   2.5001854e+00   2.5269515e+00   2.5418695e+00   2.5347897e+00   2.5018200e+00   2.4502872e+00   2.3702992e+00   2.3096307e+00   2.2539538e+00   2.1886062e+00   2.1579293e+00   2.1635114e+00   2.2109377e+00   2.2723553e+00   2.3619827e+00   2.5802413e+00   2.7405550e+00   2.1746388e+00   1.7103451e+00   1.9352753e+00   3.1198772e+00   4.8083158e+00   4.6552769e+00   4.0483294e+00   3.5285283e+00   1.7942806e+00   2.3187842e-01   2.3849248e+00   3.7367282e+00   3.6210562e+00   2.7534229e+00   1.9991672e+00   1.4917582e+00   1.2954472e+00   1.2922161e+00   1.3022314e+00   1.2967568e+00   1.3395264e+00   1.4745319e+00   1.8719746e+00   2.3879181e+00   3.1442374e+00   3.7223579e+00   2.9941417e+00   2.1902684e+00   1.7205185e+00   1.9939002e+00   2.0808274e+00   1.7851749e+00   1.3072664e+00   1.2603525e+00   1.7147140e+00   2.5745580e+00   3.2283286e+00   2.7645159e+00   1.7636483e+00   1.0694768e+00   6.9432775e-01   6.1187833e-01   7.6606220e-01   8.4011136e-01   8.5154895e-01   8.9034614e-01
   1.8118002e-01   4.4030613e-01   7.1783619e-01   1.0355373e+00   1.2711940e+00   1.4768369e+00   1.6750837e+00   1.8002793e+00   1.8896340e+00   1.9522617e+00   1.9805787e+00   2.0023265e+00   2.0075073e+00   1.9823960e+00   1.9383621e+00   1.8666615e+00   1.8034199e+00   1.7449027e+00   1.6726895e+00   1.6204493e+00   1.5876357e+00   1.5697474e+00   1.5653983e+00   1.6069836e+00   1.8891930e+00   2.2055264e+00   1.7970599e+00   9.8095740e-01   9.1442031e-01   2.0865375e+00   4.0703839e+00   4.1340466e+00   3.6388631e+00   3.2881471e+00   1.5603319e+00   2.0776667e-01   2.7028941e+00   3.1748658e+00   2.6573003e+00   1.9762166e+00   1.3031819e+00   6.9097592e-01   3.3216134e-01   3.5018896e-01   4.1481673e-01   4.3246739e-01   4.2497953e-01   4.5162267e-01   8.2637135e-01   1.3900209e+00   2.2335549e+00   2.8940813e+00   2.4859115e+00   2.2344378e+00   2.0227490e+00   2.1050560e+00   1.7398338e+00   7.7111349e-01   3.8488339e-01   3.5909605e-01   6.8068087e-01   1.4768019e+00   2.3026719e+00   2.3104789e+00   1.3817986e+00   6.1610636e-01   3.7523591e-01   2.7088579e-01   2.3670342e-01   3.8052458e-01   3.6216723e-01   2.0020590e-01
   1.3251285e+00   1.0678796e+00   8.0359263e-01   5.2799579e-01   4.0915283e-01   4.5253132e-01   6.1029210e-01   7.3950671e-01   8.4324458e-01   9.2491381e-01   9.6355783e-01   9.9105240e-01   1.0079987e+00   9.9475247e-01   9.6082707e-01   9.0410381e-01   8.4258450e-01   7.7592800e-01   7.0275886e-01   6.4671512e-01   5.8973607e-01   4.9969873e-01   3.9667242e-01   3.7475310e-01   9.5547461e-01   1.7126945e+00   1.3445345e+00   6.0702990e-01   7.3726395e-01   1.0766363e+00   2.4079928e+00   3.4836954e+00   3.5069058e+00   2.9040486e+00   1.3536640e+00   8.9238653e-01   1.8742948e+00   1.6814881e+00   1.5372485e+00   1.3599536e+00   1.1978513e+00   1.1485408e+00   1.2766024e+00   1.3334491e+00   1.0151455e+00   1.4051919e+00   1.5490234e+00   1.3970786e+00   1.2797206e+00   1.2755309e+00   1.5090446e+00   2.0414147e+00   2.0566084e+00   1.6040531e+00   1.3216735e+00   9.3080051e-01   7.2070578e-01   8.5809446e-01   9.6879669e-01   1.0235812e+00   8.7606775e-01   7.1500325e-01   1.2500262e+00   1.5469354e+00   1.0041329e+00   6.0770152e-01   5.2673266e-01   4.9307747e-01   8.5066212e-01   1.4096752e+00   1.6070655e+00   1.5408237e+00
   2.1075366e+00   1.9080625e+00   1.6689734e+00   1.3673140e+00   1.1404440e+00   9.7421439e-01   8.3678090e-01   7.3762768e-01   6.4715232e-01   5.4852647e-01   4.8382273e-01   4.4409205e-01   4.1948628e-01   4.1924794e-01   4.1979824e-01   4.1601660e-01   4.2392863e-01   4.4878469e-01   4.8666268e-01   5.2169370e-01   5.6700203e-01   6.2639548e-01   6.6376316e-01   7.2295372e-01   1.0436348e+00   1.4991627e+00   1.1477332e+00   8.8112069e-01   1.0603211e+00   1.4721416e+00   2.6156248e+00   3.6347297e+00   3.8297716e+00   2.5976172e+00   1.7450537e+00   1.1163254e+00   1.4890026e+00   1.6899240e+00   1.7173922e+00   1.7573149e+00   1.8221964e+00   2.0043247e+00   2.2897909e+00   2.1764376e+00   1.7027878e+00   1.5938540e+00   2.0754852e+00   2.2420364e+00   2.1629566e+00   2.1332366e+00   2.1644030e+00   2.2133336e+00   2.0713736e+00   1.7699665e+00   1.6007148e+00   1.6361139e+00   1.6904078e+00   1.7435034e+00   1.7760273e+00   1.8049822e+00   1.7007323e+00   1.4740057e+00   1.4374098e+00   1.4364674e+00   1.0901141e+00   8.9408883e-01   9.1356528e-01   8.8806307e-01   1.2132906e+00   1.7790648e+00   2.1720208e+00   2.2267166e+00
   2.7878821e+00   2.6385017e+00   2.4570824e+00   2.1949340e+00   1.9365597e+00   1.6726998e+00   1.3840575e+00   1.1650758e+00   9.7227034e-01   7.7977179e-01   6.6051244e-01   5.8434906e-01   5.2916445e-01   5.1865576e-01   5.2536481e-01   5.4673124e-01   5.8829850e-01   6.5689298e-01   7.5488540e-01   8.4464728e-01   9.4837060e-01   1.0885200e+00   1.2016094e+00   1.3059468e+00   1.4453572e+00   1.5835406e+00   1.1632227e+00   1.2799532e+00   1.6745081e+00   2.2107768e+00   3.1314457e+00   3.9313661e+00   3.6969038e+00   2.3611702e+00   1.9563015e+00   1.3234096e+00   1.6184613e+00   1.9537667e+00   2.0620934e+00   2.2571760e+00   2.4962795e+00   2.6457449e+00   2.7937236e+00   2.9490433e+00   2.6689830e+00   2.1632243e+00   2.6623467e+00   2.9840604e+00   2.9863034e+00   2.9746840e+00   2.9299077e+00   2.8037673e+00   2.6258722e+00   2.4334334e+00   2.3579014e+00   2.5365081e+00   2.6368494e+00   2.5933626e+00   2.5654760e+00   2.5642594e+00   2.4763219e+00   2.2361401e+00   1.9045763e+00   1.5920081e+00   1.2989902e+00   1.1848995e+00   1.2871061e+00   1.2568699e+00   1.5779136e+00   2.2056770e+00   2.7458438e+00   2.8612875e+00
   3.3113801e+00   3.2105454e+00   3.1178947e+00   2.9638070e+00   2.7636040e+00   2.5317067e+00   2.2579526e+00   2.0426003e+00   1.8518188e+00   1.6641585e+00   1.5447219e+00   1.4654288e+00   1.3941723e+00   1.3511422e+00   1.3342503e+00   1.3504211e+00   1.3860393e+00   1.4463196e+00   1.5486835e+00   1.6519987e+00   1.7652975e+00   1.9090062e+00   2.0237248e+00   2.1310915e+00   2.1874079e+00   2.0389571e+00   1.4847115e+00   1.8765826e+00   2.6434082e+00   3.3070212e+00   3.9464413e+00   4.2536613e+00   3.0528946e+00   2.2161888e+00   1.9741985e+00   1.5460012e+00   2.2688576e+00   2.4604806e+00   2.5585033e+00   2.8467212e+00   3.1997442e+00   3.0560487e+00   2.7685244e+00   3.5109615e+00   3.8048864e+00   3.1478734e+00   3.3410695e+00   3.6119915e+00   3.7159613e+00   3.7698555e+00   3.7860353e+00   3.8094643e+00   3.7230055e+00   3.5963131e+00   3.5859001e+00   3.6109553e+00   3.5369421e+00   3.3884599e+00   3.3193298e+00   3.2790098e+00   3.1723434e+00   2.9717971e+00   2.6554275e+00   2.0388659e+00   1.6497584e+00   1.4766230e+00   1.6366276e+00   1.5882505e+00   1.9455108e+00   2.6770631e+00   3.2981996e+00   3.3990498e+00
   3.5346745e+00   3.5602432e+00   3.5382321e+00   3.4921166e+00   3.4249383e+00   3.3051619e+00   3.1374232e+00   2.9756921e+00   2.8274727e+00   2.6888818e+00   2.5805612e+00   2.4947775e+00   2.4276116e+00   2.3735311e+00   2.3375476e+00   2.3467595e+00   2.3691338e+00   2.4192335e+00   2.5250303e+00   2.6305319e+00   2.7462271e+00   2.8721530e+00   2.9546171e+00   3.0379591e+00   3.1072960e+00   3.0547841e+00   2.6025400e+00   3.2188631e+00   4.2203567e+00   4.5299009e+00   4.6206541e+00   3.3869183e+00   2.1051772e+00   2.1786974e+00   2.0257816e+00   2.1502877e+00   2.7030265e+00   2.7583669e+00   2.9187718e+00   3.3781020e+00   3.8479609e+00   3.5973628e+00   2.9859301e+00   2.9375068e+00   3.9540793e+00   4.3899569e+00   4.4444621e+00   4.3847231e+00   4.3631487e+00   4.4980756e+00   4.5823431e+00   4.6837570e+00   4.6667253e+00   4.6492324e+00   4.6496488e+00   4.5945268e+00   4.4695746e+00   4.2365555e+00   4.1135471e+00   3.9838440e+00   3.7994722e+00   3.6122597e+00   3.3968847e+00   2.6141320e+00   2.1671081e+00   1.8065661e+00   1.9856115e+00   1.9205341e+00   2.4160236e+00   3.1022205e+00   3.6959723e+00   3.6854623e+00
   3.2406723e+00   2.8928901e+00   3.4939676e+00   3.7294663e+00   3.7661765e+00   3.7471603e+00   3.6778773e+00   3.5896111e+00   3.4971549e+00   3.4026055e+00   3.3112107e+00   3.2349400e+00   3.1765183e+00   3.1387053e+00   3.1269130e+00   3.1384953e+00   3.1817905e+00   3.2409052e+00   3.3266757e+00   3.4233136e+00   3.5122384e+00   3.6091526e+00   3.6585899e+00   3.6970754e+00   3.7946269e+00   3.9448682e+00   4.2606772e+00   4.8285886e+00   5.1583477e+00   5.3251025e+00   3.7301470e+00   2.3110165e+00   2.2867320e+00   2.0868852e+00   1.9804057e+00   2.2275426e+00   2.6780441e+00   2.7659200e+00   3.0799125e+00   3.7413064e+00   4.2038282e+00   4.3082565e+00   4.0240498e+00   3.4432581e+00   3.9907110e+00   4.3717674e+00   4.5566754e+00   4.5626262e+00   4.6245269e+00   4.8330448e+00   4.9331727e+00   5.1487727e+00   5.2305710e+00   5.3815292e+00   5.3921208e+00   5.2413337e+00   5.0466744e+00   4.8584639e+00   4.7290858e+00   4.4750405e+00   4.1696966e+00   3.9535431e+00   3.9070103e+00   3.0608780e+00   2.3159053e+00   2.1415487e+00   2.2353287e+00   2.0824875e+00   2.2533482e+00   2.9268233e+00   3.4632878e+00   3.5921941e+00
   3.0681282e+00   2.7325814e+00   3.3529357e+00   3.7053873e+00   3.8072559e+00   3.8712646e+00   3.9098470e+00   3.9057325e+00   3.8818827e+00   3.8230573e+00   3.7481471e+00   3.6866700e+00   3.6424986e+00   3.6383403e+00   3.6655111e+00   3.7155625e+00   3.7829900e+00   3.8430670e+00   3.9383628e+00   4.0036924e+00   4.0710778e+00   4.1085046e+00   4.1413909e+00   4.1579248e+00   4.2321774e+00   4.3576627e+00   4.7195005e+00   5.4526472e+00   5.0437570e+00   4.1834550e+00   2.1323562e+00   2.0031888e+00   2.1966403e+00   1.8791281e+00   1.9552637e+00   2.2795077e+00   2.6027397e+00   2.7945357e+00   3.2849781e+00   4.0904210e+00   4.3178173e+00   4.3384502e+00   4.2348415e+00   4.0954632e+00   4.2603427e+00   4.3581522e+00   4.4848796e+00   4.4937798e+00   4.6763215e+00   4.9175762e+00   5.0470233e+00   4.6131748e+00   4.2633021e+00   3.8910788e+00   3.7536787e+00   3.6083411e+00   3.4852775e+00   3.4548279e+00   3.6160439e+00   3.9565541e+00   3.9044512e+00   4.0990977e+00   3.5208252e+00   2.4659828e+00   2.1687222e+00   2.3058301e+00   2.2328422e+00   1.9621957e+00   2.0171120e+00   2.7047278e+00   3.2762116e+00   3.4864875e+00
   2.9059839e+00   2.9108246e+00   3.3737087e+00   3.6786941e+00   3.7635252e+00   3.8755489e+00   3.9747634e+00   4.0472464e+00   4.0533568e+00   3.9973602e+00   3.9278113e+00   3.9037239e+00   3.8988962e+00   3.9469985e+00   4.0182849e+00   4.1219352e+00   4.2069110e+00   4.2858926e+00   4.3666922e+00   4.4108465e+00   4.4323092e+00   4.4337000e+00   4.4382581e+00   4.4530761e+00   4.4959628e+00   4.5945448e+00   4.3824840e+00   3.5748137e+00   2.7089451e+00   1.9757048e+00   1.5120049e+00   2.0973431e+00   1.8366480e+00   1.5704743e+00   1.8337300e+00   2.2318191e+00   2.5649595e+00   2.8437585e+00   3.1745505e+00   3.6372843e+00   4.0031689e+00   4.1092638e+00   4.0261713e+00   4.1266378e+00   4.1425468e+00   4.1278007e+00   4.1993541e+00   4.2392337e+00   4.4177533e+00   4.7671653e+00   4.5083109e+00   3.4085786e+00   2.9215513e+00   2.4963412e+00   2.3965050e+00   2.2933965e+00   2.1941308e+00   2.1371145e+00   2.2684865e+00   2.6868906e+00   2.7358812e+00   2.9871507e+00   2.3642271e+00   1.8650311e+00   1.9961125e+00   2.1698672e+00   2.0433018e+00   1.8720268e+00   1.8262080e+00   2.3335897e+00   2.4955326e+00   2.6554766e+00
   2.7175470e+00   3.0164813e+00   3.3564913e+00   3.6225342e+00   3.7144162e+00   3.7737126e+00   3.8589376e+00   4.0150505e+00   3.9850288e+00   3.8910602e+00   3.8701569e+00   3.9097524e+00   3.9499429e+00   4.0475750e+00   4.1600019e+00   4.3118843e+00   4.4086391e+00   4.5042485e+00   4.5528950e+00   4.5658427e+00   4.5319689e+00   4.5077110e+00   4.4974099e+00   4.5299632e+00   4.5863471e+00   4.3349075e+00   3.2037938e+00   1.6104209e+00   1.0548988e+00   1.1380152e+00   1.7906599e+00   1.9528232e+00   1.5428448e+00   1.4480657e+00   1.7506382e+00   2.1545103e+00   2.5908799e+00   2.7564915e+00   2.4300310e+00   2.4047573e+00   2.9921408e+00   3.4195261e+00   3.5451262e+00   3.6080622e+00   3.6617784e+00   3.6463712e+00   3.7354018e+00   3.7722215e+00   3.7458430e+00   3.3795202e+00   2.7960003e+00   1.8635555e+00   1.6239270e+00   1.5842910e+00   1.6060992e+00   1.5365901e+00   1.4434449e+00   1.3429951e+00   1.3216718e+00   1.5024156e+00   1.5980884e+00   1.7170879e+00   1.5670918e+00   1.6407986e+00   1.7742714e+00   1.8695711e+00   1.7966419e+00   1.7987020e+00   1.6647120e+00   1.8113223e+00   1.5994461e+00   1.7900559e+00
   2.4212390e+00   2.8275221e+00   3.2539847e+00   3.4168704e+00   3.3014633e+00   3.3549032e+00   3.4435791e+00   3.4307971e+00   3.3780058e+00   3.5843371e+00   3.6353651e+00   3.7277802e+00   3.7793009e+00   3.8920053e+00   4.0521314e+00   4.2345609e+00   4.3592688e+00   4.4335755e+00   4.4618206e+00   4.4037736e+00   4.3772878e+00   4.2993537e+00   4.3100371e+00   4.3527495e+00   4.5128576e+00   3.7500839e+00   2.2238204e+00   1.8808232e+00   1.9062991e+00   2.0178036e+00   1.7277326e+00   1.3005898e+00   1.3307743e+00   1.4072905e+00   1.7588434e+00   2.1622672e+00   2.6797120e+00   2.5554630e+00   1.6657069e+00   1.3623073e+00   1.8234473e+00   2.1056660e+00   2.7288592e+00   2.8801608e+00   2.9684321e+00   3.0979618e+00   3.0621774e+00   2.9262077e+00   2.6947416e+00   1.8277680e+00   1.2307423e+00   7.4248421e-01   6.7694019e-01   9.3218264e-01   9.2163582e-01   8.0349913e-01   7.8725562e-01   8.1253466e-01   7.9603463e-01   8.8141914e-01   1.0574015e+00   1.2067920e+00   1.4278785e+00   1.5059963e+00   1.4640552e+00   1.5648248e+00   1.5192339e+00   1.5322426e+00   1.3510214e+00   1.2337409e+00   1.1207142e+00   1.4115614e+00
   1.8920865e+00   2.6395183e+00   2.8135777e+00   2.2387324e+00   2.0359332e+00   2.1920803e+00   2.0552951e+00   1.9827718e+00   2.2939498e+00   2.9731868e+00   3.1966426e+00   3.3402940e+00   3.3444683e+00   3.4553097e+00   3.6649797e+00   3.8662017e+00   3.9971235e+00   4.0312806e+00   4.0229131e+00   3.9914652e+00   3.7328517e+00   3.5825705e+00   3.8290589e+00   3.9253073e+00   4.1454818e+00   3.1769679e+00   2.0937844e+00   2.2831739e+00   2.2392773e+00   1.8908797e+00   1.0282482e+00   7.5685739e-01   9.3859583e-01   1.1089631e+00   1.6583713e+00   2.2230211e+00   2.4123607e+00   2.1178617e+00   1.3442523e+00   1.2593701e+00   1.4445754e+00   1.1463792e+00   1.4650471e+00   1.9824080e+00   2.0380465e+00   2.2073545e+00   1.9528320e+00   1.7940871e+00   1.6915077e+00   1.4190466e+00   1.0268976e+00   8.1404108e-01   8.4855923e-01   9.4834591e-01   5.5887790e-01   5.1661441e-01   5.1148240e-01   4.6117827e-01   3.7559197e-01   4.6701031e-01   6.0603863e-01   7.9930533e-01   1.0479659e+00   1.0877832e+00   1.1012880e+00   1.1155396e+00   1.0026620e+00   9.4372550e-01   8.1168926e-01   7.4309651e-01   8.4200180e-01   1.0658392e+00
   1.2182076e+00   1.5808782e+00   1.2606019e+00   8.0241327e-01   9.6353578e-01   8.4995585e-01   8.2872260e-01   1.2097534e+00   1.5347796e+00   1.9300997e+00   2.3681983e+00   2.4969389e+00   2.5331622e+00   2.7578081e+00   2.9668180e+00   3.2394553e+00   3.2985345e+00   3.3313551e+00   3.3565519e+00   2.9714807e+00   2.4216352e+00   2.5802586e+00   3.0590934e+00   3.2801148e+00   3.3614580e+00   2.3641759e+00   1.7799143e+00   1.5963784e+00   1.3216790e+00   1.0142309e+00   6.8296218e-01   6.4254106e-01   7.4350790e-01   9.1935505e-01   1.3941688e+00   2.0941525e+00   1.7148261e+00   1.3218787e+00   9.0120287e-01   1.3232916e+00   1.3576336e+00   1.2442487e+00   5.9993126e-01   9.6716841e-01   1.0773044e+00   8.8814351e-01   7.8215014e-01   9.7267738e-01   1.1480449e+00   9.2951373e-01   7.5748559e-01   9.3310128e-01   1.0897515e+00   1.2070452e+00   1.1346796e+00   1.0441335e+00   7.4855242e-01   4.0286808e-01   2.1487334e-01   2.1245448e-01   2.5830030e-01   3.8707678e-01   5.6787558e-01   6.7906832e-01   5.9508895e-01   5.2821654e-01   5.4358612e-01   5.5223581e-01   5.1115438e-01   4.7029919e-01   5.6659697e-01   6.7978650e-01
   6.3300451e-01   5.1064618e-01   7.9426728e-01   1.2338494e+00   1.2504677e+00   1.1587217e+00   1.3571150e+00   1.3990013e+00   1.1225367e+00   8.0268512e-01   9.2805859e-01   1.2946748e+00   1.4028040e+00   1.7475575e+00   2.1274209e+00   2.3485548e+00   2.4494644e+00   2.3212900e+00   1.6190603e+00   1.2970931e+00   1.5067614e+00   1.9604923e+00   2.2391312e+00   2.4086747e+00   2.4094108e+00   1.7044553e+00   1.5516820e+00   1.4510006e+00   1.0956370e+00   8.1958409e-01   7.7855181e-01   7.0439456e-01   7.8009428e-01   8.7839243e-01   1.1184871e+00   1.6044470e+00   1.1482066e+00   7.2374416e-01   6.2675739e-01   1.2500196e+00   1.2265249e+00   1.4213407e+00   6.9811159e-01   3.8778137e-01   5.1091765e-01   2.9721473e-01   2.8341504e-01   5.3885916e-01   6.2279162e-01   5.6034700e-01   3.6664071e-01   4.1507921e-01   5.1765613e-01   6.9126649e-01   1.2725285e+00   1.2816256e+00   7.8354907e-01   4.4665231e-01   4.4723409e-01   3.4408383e-01   2.0736661e-01   2.4340901e-01   2.8359647e-01   4.3931957e-01   4.3832587e-01   5.6654451e-01   7.3886628e-01   7.4190622e-01   6.6448977e-01   4.4348293e-01   4.2814064e-01   3.1762356e-01
   4.9665316e-01   7.3535677e-01   1.1625448e+00   1.0566216e+00   1.1981731e+00   1.4439827e+00   1.1163870e+00   1.0745858e+00   8.5278275e-01   7.3916616e-01   9.3312877e-01   1.0394367e+00   1.0357943e+00   9.9850089e-01   1.2458842e+00   1.6263837e+00   1.0825448e+00   8.2928927e-01   5.2861548e-01   7.7438507e-01   1.1380469e+00   1.2084092e+00   1.3581624e+00   1.4360193e+00   1.4209546e+00   1.0888033e+00   1.2458404e+00   1.4658009e+00   1.2224757e+00   9.7268376e-01   9.2741983e-01   8.6796372e-01   8.5328745e-01   8.2530150e-01   9.2280730e-01   1.0214314e+00   5.4243787e-01   2.7615832e-01   4.5738105e-01   1.3452474e+00   1.4376719e+00   1.4042662e+00   9.1689905e-01   6.1403872e-01   4.8954896e-01   3.3845459e-01   3.8182895e-01   5.1035000e-01   4.7996901e-01   3.9413326e-01   2.4859460e-01   2.4581442e-01   2.8342836e-01   3.1051614e-01   4.7654040e-01   6.8328960e-01   6.6325964e-01   4.3036319e-01   4.6367337e-01   5.2048015e-01   4.4213606e-01   3.5620126e-01   2.7905297e-01   3.4059384e-01   7.3487332e-01   1.0443228e+00   1.2746389e+00   1.0464961e+00   7.5883239e-01   5.1260163e-01   3.2612895e-01   5.4651299e-01
   8.4490061e-01   9.3355632e-01   8.1379655e-01   6.7067044e-01   7.0651562e-01   6.4653584e-01   6.1286744e-01   6.2653820e-01   4.3743386e-01   5.4953303e-01   8.8425972e-01   1.0018094e+00   8.5321203e-01   8.2813087e-01   8.5507115e-01   7.8366403e-01   4.7312851e-01   8.3828694e-01   1.1288300e+00   8.1281063e-01   6.0451573e-01   4.8523787e-01   5.4544026e-01   5.6354981e-01   5.4474080e-01   4.2698292e-01   6.1168527e-01   9.4076072e-01   9.3038757e-01   8.4644052e-01   8.7357393e-01   9.0043538e-01   8.4326706e-01   7.5968106e-01   7.5950953e-01   5.1642339e-01   1.6813122e-01   1.2070734e-01   1.7185369e-01   7.0061138e-01   1.0431841e+00   1.0735869e+00   8.0585900e-01   5.1766310e-01   4.9604877e-01   4.1507455e-01   2.7945268e-01   3.4060702e-01   5.0502277e-01   4.1887872e-01   2.3811010e-01   2.1666547e-01   2.9221619e-01   2.9022633e-01   2.9861462e-01   3.4871905e-01   4.1888339e-01   4.0497219e-01   3.3611428e-01   4.3545152e-01   5.0691652e-01   4.9917043e-01   5.0917390e-01   3.4098519e-01   2.6012760e-01   4.6329462e-01   5.7072908e-01   4.9398397e-01   6.0890423e-01   4.7705434e-01   3.6372369e-01   7.2668143e-01
   3.0518907e-01   5.3906160e-01   7.8317054e-01   1.0656601e+00   1.2414089e+00   1.3677205e+00   1.4269930e+00   1.4085026e+00   1.2616828e+00   8.5204220e-01   6.4863374e-01   6.0958326e-01   5.6793881e-01   5.1571148e-01   5.2295321e-01   7.0648506e-01   8.1483233e-01   8.2174298e-01   8.4066090e-01   7.8882598e-01   6.9107111e-01   6.4257307e-01   5.5836959e-01   4.3202613e-01   3.0639561e-01   1.9782445e-01   2.3304778e-01   3.7535208e-01   4.1151234e-01   4.1588995e-01   4.5915968e-01   4.8807555e-01   4.7052491e-01   5.1555838e-01   4.2639197e-01   2.1687411e-01   3.2407403e-01   2.9747462e-01   2.0450360e-01   2.7835945e-01   2.9017271e-01   3.8169217e-01   5.3174222e-01   4.4408555e-01   3.0627521e-01   2.5674595e-01   2.3238326e-01   2.1834386e-01   2.8047603e-01   3.0532468e-01   2.2613024e-01   1.5870032e-01   2.6726703e-01   4.0529319e-01   4.9452090e-01   4.8072241e-01   3.8905936e-01   3.1262933e-01   3.2411828e-01   3.5496728e-01   4.0977227e-01   5.0679105e-01   5.3304984e-01   4.4536332e-01   3.9984121e-01   4.4332128e-01   5.0995986e-01   5.3678861e-01   5.6303272e-01   4.5328336e-01   2.7417206e-01   2.0063154e-01
   5.4733818e-01   9.6876154e-01   1.1856887e+00   1.1957536e+00   1.0604312e+00   9.9581291e-01   1.2066545e+00   1.3871062e+00   1.4200372e+00   1.1101405e+00   7.7112026e-01   4.7977557e-01   4.7246251e-01   7.3600396e-01   1.1627402e+00   1.4834202e+00   1.3378186e+00   1.0939272e+00   1.1369291e+00   1.1322310e+00   1.0376343e+00   9.9362345e-01   9.8494054e-01   8.7245230e-01   6.1170704e-01   4.9722293e-01   4.3766906e-01   3.9362645e-01   3.7081338e-01   3.5771860e-01   3.0386351e-01   1.9531507e-01   1.2963409e-01   1.2684390e-01   2.1714737e-01   4.2819883e-01   7.3616130e-01   9.3099769e-01   1.0011744e+00   7.2078143e-01   3.7154480e-01   4.9965420e-01   6.9754137e-01   5.6971310e-01   3.8103320e-01   2.7846751e-01   2.8456208e-01   2.7067114e-01   1.9962160e-01   1.6434157e-01   1.6454653e-01   1.6417552e-01   3.1435708e-01   5.7690220e-01   6.9693455e-01   5.6609257e-01   3.7607440e-01   3.1268660e-01   3.3376660e-01   3.3448500e-01   3.2294029e-01   3.1191871e-01   2.8752304e-01   2.8715783e-01   3.4331905e-01   4.1497230e-01   4.6731246e-01   5.0053215e-01   5.5974462e-01   6.0922156e-01   4.9698674e-01   2.4260143e-01
   4.2992770e-01   5.7490049e-01   6.4864522e-01   6.3716399e-01   5.8851032e-01   5.9731851e-01   6.9266982e-01   7.4206166e-01   7.2748332e-01   6.2537857e-01   4.8549592e-01   3.8774046e-01   5.7822322e-01   7.8568069e-01   8.9042193e-01   8.1541450e-01   6.6050599e-01   6.2415043e-01   8.6461993e-01   9.8681464e-01   9.9395249e-01   9.0864005e-01   8.2788030e-01   7.8066851e-01   7.1597717e-01   7.1718079e-01   7.7163722e-01   9.0547031e-01   9.7607232e-01   9.8905233e-01   9.3367241e-01   8.8698180e-01   8.9172390e-01   8.8277842e-01   1.0996627e+00   1.3247089e+00   1.4523058e+00   1.4800623e+00   1.2840783e+00   7.3633364e-01   4.1266378e-01   6.1664286e-01   8.6963577e-01   9.1783608e-01   8.8790204e-01   8.3484960e-01   8.0955009e-01   8.0601560e-01   8.1640102e-01   8.0776648e-01   7.9316912e-01   7.7656722e-01   7.3007793e-01   6.4571372e-01   5.2312614e-01   4.4371683e-01   4.0413466e-01   3.7548594e-01   3.4920981e-01   3.3677915e-01   3.2737234e-01   3.0171070e-01   2.7127872e-01   2.6282821e-01   2.7542411e-01   3.0756708e-01   3.8778865e-01   4.6101795e-01   5.1767648e-01   5.1942971e-01   4.3830559e-01   3.2307087e-01
