   0.0000000e+00
   0.0000000e+00
   0.0000000e+00
   0.0000000e+00
   0.0000000e+00
   0.0000000e+00
   0.0000000e+00
   0.0000000e+00
   0.0000000e+00
   0.0000000e+00
   0.0000000e+00
   0.0000000e+00
   0.0000000e+00
   0.0000000e+00
   0.0000000e+00
   0.0000000e+00
   0.0000000e+00
   0.0000000e+00
   0.0000000e+00
   0.0000000e+00
   0.0000000e+00
   0.0000000e+00
   0.0000000e+00
   0.0000000e+00
   0.0000000e+00
   0.0000000e+00
   0.0000000e+00
   0.0000000e+00
   0.0000000e+00
   0.0000000e+00
   0.0000000e+00
   0.0000000e+00
   0.0000000e+00
   0.0000000e+00
   0.0000000e+00
   0.0000000e+00
   0.0000000e+00
   0.0000000e+00
   0.0000000e+00
   0.0000000e+00
   0.0000000e+00
   0.0000000e+00
   0.0000000e+00
   0.0000000e+00
   0.0000000e+00
   0.0000000e+00
   0.0000000e+00
   0.0000000e+00
   0.0000000e+00
   0.0000000e+00
   0.0000000e+00
   0.0000000e+00
   0.0000000e+00
   0.0000000e+00
   0.0000000e+00
   0.0000000e+00
   0.0000000e+00
   0.0000000e+00
   0.0000000e+00
   0.0000000e+00
   0.0000000e+00
   0.0000000e+00
   0.0000000e+00
   0.0000000e+00
   0.0000000e+00
   0.0000000e+00
   0.0000000e+00
   0.0000000e+00
   0.0000000e+00
   0.0000000e+00
   0.0000000e+00
   0.0000000e+00
   0.0000000e+00
   0.0000000e+00
   0.0000000e+00
   0.0000000e+00
   0.0000000e+00
   0.0000000e+00
   0.0000000e+00
   0.0000000e+00
   0.0000000e+00
   0.0000000e+00
   0.0000000e+00
   0.0000000e+00
   0.0000000e+00
   0.0000000e+00
   7.2732042e-03
   6.8536937e-03
   5.1831429e-03
   3.0029796e-03
  -8.4455189e-04
  -3.9277805e-03
  -6.3690813e-03
  -8.2510221e-03
  -8.2418147e-03
  -7.7896773e-03
  -8.2870832e-03
  -9.6159531e-03
  -1.2132993e-02
  -1.6881503e-02
  -2.2929157e-02
  -2.7507999e-02
   0.0000000e+00
   0.0000000e+00
   0.0000000e+00
   0.0000000e+00
   0.0000000e+00
   0.0000000e+00
   0.0000000e+00
   0.0000000e+00
   0.0000000e+00
   0.0000000e+00
   0.0000000e+00
   0.0000000e+00
   0.0000000e+00
   0.0000000e+00
   0.0000000e+00
   0.0000000e+00
   0.0000000e+00
   0.0000000e+00
   0.0000000e+00
   0.0000000e+00
   0.0000000e+00
   0.0000000e+00
   0.0000000e+00
   0.0000000e+00
   0.0000000e+00
   0.0000000e+00
   0.0000000e+00
   0.0000000e+00
   0.0000000e+00
   0.0000000e+00
   0.0000000e+00
   0.0000000e+00
   0.0000000e+00
   0.0000000e+00
   0.0000000e+00
   0.0000000e+00
   0.0000000e+00
   0.0000000e+00
   0.0000000e+00
   0.0000000e+00
   0.0000000e+00
   0.0000000e+00
   1.1815040e-02
   8.4962927e-03
   6.3424162e-03
   1.8875428e-03
  -5.4128120e-03
  -1.2443250e-02
   0.0000000e+00
   0.0000000e+00
   0.0000000e+00
   0.0000000e+00
   0.0000000e+00
   0.0000000e+00
   0.0000000e+00
   0.0000000e+00
   0.0000000e+00
   0.0000000e+00
   0.0000000e+00
   0.0000000e+00
  -0.0000000e+00
  -4.2410363e-03
  -7.2697098e-03
  -1.0037721e-02
  -8.8182073e-03
  -7.6234024e-03
  -9.8649561e-03
  -9.8071331e-03
  -6.1473893e-03
  -6.5488252e-03
  -1.6622230e-02
  -2.7314644e-02
   0.0000000e+00
   0.0000000e+00
   0.0000000e+00
   0.0000000e+00
   0.0000000e+00
   0.0000000e+00
   0.0000000e+00
   0.0000000e+00
   0.0000000e+00
   0.0000000e+00
   0.0000000e+00
   0.0000000e+00
   0.0000000e+00
   0.0000000e+00
   0.0000000e+00
   0.0000000e+00
   0.0000000e+00
   0.0000000e+00
   0.0000000e+00
   0.0000000e+00
   0.0000000e+00
   0.0000000e+00
   0.0000000e+00
   0.0000000e+00
   0.0000000e+00
   0.0000000e+00
   0.0000000e+00
   0.0000000e+00
   0.0000000e+00
   0.0000000e+00
   0.0000000e+00
   0.0000000e+00
   0.0000000e+00
   0.0000000e+00
   0.0000000e+00
   0.0000000e+00
   0.0000000e+00
   0.0000000e+00
   0.0000000e+00
   0.0000000e+00
   3.4180521e-02
   2.3787195e-02
   9.0476489e-03
   7.6484517e-03
   5.3263605e-03
   6.9028192e-04
  -1.9020758e-03
  -3.8533979e-03
  -2.2929847e-03
  -1.0333092e-03
   1.2218728e-03
   3.7629011e-03
   3.6283166e-03
  -1.8021184e-03
  -3.9535155e-03
  -8.1846182e-03
  -9.3655053e-03
   0.0000000e+00
   0.0000000e+00
   0.0000000e+00
   0.0000000e+00
   0.0000000e+00
  -0.0000000e+00
  -0.0000000e+00
  -8.2922519e-03
  -5.2552717e-03
  -4.9440431e-03
  -8.6898915e-03
  -0.0000000e+00
  -0.0000000e+00
  -0.0000000e+00
  -0.0000000e+00
   0.0000000e+00
   0.0000000e+00
   0.0000000e+00
   0.0000000e+00
   0.0000000e+00
   0.0000000e+00
   0.0000000e+00
   0.0000000e+00
   0.0000000e+00
   0.0000000e+00
   0.0000000e+00
   0.0000000e+00
   0.0000000e+00
   0.0000000e+00
   0.0000000e+00
   0.0000000e+00
   0.0000000e+00
   0.0000000e+00
   0.0000000e+00
   0.0000000e+00
   0.0000000e+00
   0.0000000e+00
   0.0000000e+00
   0.0000000e+00
   0.0000000e+00
   0.0000000e+00
   0.0000000e+00
   0.0000000e+00
   0.0000000e+00
   0.0000000e+00
   0.0000000e+00
   0.0000000e+00
   0.0000000e+00
   0.0000000e+00
   0.0000000e+00
   0.0000000e+00
   0.0000000e+00
   0.0000000e+00
   0.0000000e+00
   2.6807840e-02
   2.5388769e-02
   1.7532857e-02
  -1.2972875e-03
  -3.3424432e-03
  -5.8989422e-03
  -8.9441594e-03
  -7.5212401e-03
  -6.7391051e-03
  -5.2977419e-03
  -1.6065916e-03
   4.2190595e-04
   2.5774115e-03
   3.5620970e-03
   1.5877881e-03
  -1.7687434e-03
  -5.9568265e-03
  -8.8524502e-03
  -6.8657866e-03
  -9.4469362e-03
  -1.6456451e-02
   0.0000000e+00
   0.0000000e+00
   0.0000000e+00
   0.0000000e+00
  -0.0000000e+00
   9.1177784e-04
  -5.1205308e-03
   0.0000000e+00
   0.0000000e+00
   0.0000000e+00
   0.0000000e+00
   0.0000000e+00
   0.0000000e+00
   0.0000000e+00
   0.0000000e+00
   0.0000000e+00
   0.0000000e+00
   0.0000000e+00
   0.0000000e+00
   0.0000000e+00
   0.0000000e+00
   0.0000000e+00
   0.0000000e+00
   0.0000000e+00
   0.0000000e+00
   0.0000000e+00
   0.0000000e+00
   0.0000000e+00
   0.0000000e+00
   0.0000000e+00
   0.0000000e+00
   0.0000000e+00
   0.0000000e+00
   0.0000000e+00
   0.0000000e+00
   0.0000000e+00
   0.0000000e+00
   0.0000000e+00
   0.0000000e+00
   0.0000000e+00
   0.0000000e+00
   0.0000000e+00
   0.0000000e+00
   0.0000000e+00
   0.0000000e+00
   0.0000000e+00
   0.0000000e+00
   0.0000000e+00
   0.0000000e+00
   0.0000000e+00
   0.0000000e+00
   1.0116472e-02
   7.9254601e-03
   3.7650289e-03
  -9.6892338e-03
  -1.1616288e-02
  -1.3989549e-02
  -1.5360212e-02
  -1.2769450e-02
  -1.1179983e-02
  -8.1843226e-03
  -3.9652195e-03
  -9.8035234e-04
   1.8072692e-03
   2.4900825e-03
   9.5091452e-04
  -7.2307470e-04
  -3.6268323e-03
  -7.7239466e-03
  -9.9692034e-03
  -1.3477824e-02
  -1.8613666e-02
  -2.5071806e-02
  -2.8402777e-02
   0.0000000e+00
   0.0000000e+00
   0.0000000e+00
   1.2736954e-02
   0.0000000e+00
   0.0000000e+00
   0.0000000e+00
   0.0000000e+00
   0.0000000e+00
   0.0000000e+00
   0.0000000e+00
   0.0000000e+00
   0.0000000e+00
   0.0000000e+00
   0.0000000e+00
   0.0000000e+00
   0.0000000e+00
   0.0000000e+00
   0.0000000e+00
   0.0000000e+00
   0.0000000e+00
   0.0000000e+00
   0.0000000e+00
   0.0000000e+00
   0.0000000e+00
   0.0000000e+00
   0.0000000e+00
   0.0000000e+00
   0.0000000e+00
   0.0000000e+00
   0.0000000e+00
   0.0000000e+00
   0.0000000e+00
   0.0000000e+00
   0.0000000e+00
   0.0000000e+00
   0.0000000e+00
   0.0000000e+00
   0.0000000e+00
   0.0000000e+00
   0.0000000e+00
   0.0000000e+00
   0.0000000e+00
   0.0000000e+00
   0.0000000e+00
   0.0000000e+00
   0.0000000e+00
   0.0000000e+00
   6.4690076e-03
   1.6092594e-03
  -2.8867763e-03
  -3.9987846e-03
  -1.2598523e-02
  -1.6312525e-02
  -1.7570011e-02
  -1.8951118e-02
  -1.5659202e-02
  -1.2994900e-02
  -9.0340124e-03
  -4.0671933e-03
  -2.0891165e-03
   1.6044388e-03
   8.5221627e-04
   2.4509456e-05
  -1.9462475e-03
  -6.9781765e-03
  -8.8498648e-03
  -1.6106054e-02
  -1.9040618e-02
  -2.1669742e-02
  -2.8345307e-02
  -2.8065969e-02
  -4.2736071e-02
   0.0000000e+00
   0.0000000e+00
   0.0000000e+00
   7.1644373e-03
   0.0000000e+00
   0.0000000e+00
   0.0000000e+00
   0.0000000e+00
   0.0000000e+00
   0.0000000e+00
   0.0000000e+00
   0.0000000e+00
   0.0000000e+00
   0.0000000e+00
   0.0000000e+00
   0.0000000e+00
   0.0000000e+00
   0.0000000e+00
   0.0000000e+00
   0.0000000e+00
   0.0000000e+00
   0.0000000e+00
   0.0000000e+00
   0.0000000e+00
   0.0000000e+00
   0.0000000e+00
   0.0000000e+00
   0.0000000e+00
   0.0000000e+00
   0.0000000e+00
   0.0000000e+00
   0.0000000e+00
   0.0000000e+00
   0.0000000e+00
   0.0000000e+00
   0.0000000e+00
   0.0000000e+00
   0.0000000e+00
   0.0000000e+00
   0.0000000e+00
   0.0000000e+00
   0.0000000e+00
   0.0000000e+00
   0.0000000e+00
   0.0000000e+00
   0.0000000e+00
   0.0000000e+00
   1.6642492e-03
  -3.0374127e-03
  -6.9814473e-03
  -8.4110564e-03
  -1.2700899e-02
  -1.7462333e-02
  -2.0325677e-02
  -2.0361217e-02
  -1.8072985e-02
  -1.4603798e-02
  -9.4306394e-03
  -5.8714256e-03
  -2.4557498e-03
  -8.2334300e-04
   2.6876814e-04
  -6.9804431e-04
  -4.2496300e-03
  -7.9251686e-03
  -1.3570223e-02
  -1.7497890e-02
  -2.3289618e-02
  -2.4658192e-02
  -2.8831247e-02
  -2.9481122e-02
  -3.0031562e-02
   0.0000000e+00
   0.0000000e+00
   0.0000000e+00
   3.6610884e-03
   5.5294883e-04
  -8.0658686e-04
  -2.7427548e-03
  -3.3868092e-03
  -2.2359904e-03
  -5.3245470e-03
  -3.5737751e-03
  -2.9043002e-03
   0.0000000e+00
   0.0000000e+00
   0.0000000e+00
   0.0000000e+00
   0.0000000e+00
   0.0000000e+00
   0.0000000e+00
   0.0000000e+00
   0.0000000e+00
   0.0000000e+00
   0.0000000e+00
   0.0000000e+00
   0.0000000e+00
   0.0000000e+00
   0.0000000e+00
   0.0000000e+00
   0.0000000e+00
   0.0000000e+00
   0.0000000e+00
   0.0000000e+00
   0.0000000e+00
   0.0000000e+00
   0.0000000e+00
   0.0000000e+00
   0.0000000e+00
   0.0000000e+00
   0.0000000e+00
   0.0000000e+00
   0.0000000e+00
   0.0000000e+00
   0.0000000e+00
   0.0000000e+00
   0.0000000e+00
   0.0000000e+00
  -1.6381937e-03
  -1.5453275e-03
  -9.8186138e-04
  -1.8315913e-03
  -5.7323063e-03
  -1.5060538e-02
  -2.1285785e-02
  -2.3768710e-02
  -2.4034865e-02
  -2.1259076e-02
  -1.7614829e-02
  -1.2110499e-02
  -7.8633255e-03
  -4.7265848e-03
  -1.1135136e-03
  -8.4385968e-04
  -9.8551234e-04
  -6.3277226e-03
  -9.1552665e-03
  -1.5033549e-02
  -1.9198531e-02
  -2.4022502e-02
  -2.6830777e-02
  -2.7438007e-02
  -2.8269294e-02
  -2.0606094e-02
  -3.5615758e-02
   0.0000000e+00
   2.1170622e-02
   4.1999985e-04
   1.6330270e-03
  -4.2492605e-03
  -2.6912633e-03
  -3.3864265e-03
  -2.2386237e-03
  -5.3245470e-03
  -6.4545438e-03
  -3.5055524e-03
   0.0000000e+00
   0.0000000e+00
   0.0000000e+00
   0.0000000e+00
   0.0000000e+00
   0.0000000e+00
   0.0000000e+00
   0.0000000e+00
   0.0000000e+00
   0.0000000e+00
   0.0000000e+00
   0.0000000e+00
   0.0000000e+00
   0.0000000e+00
   0.0000000e+00
   0.0000000e+00
   0.0000000e+00
   0.0000000e+00
   0.0000000e+00
   0.0000000e+00
   0.0000000e+00
   0.0000000e+00
   0.0000000e+00
   0.0000000e+00
   0.0000000e+00
   0.0000000e+00
   0.0000000e+00
   0.0000000e+00
   0.0000000e+00
   0.0000000e+00
   0.0000000e+00
   0.0000000e+00
   0.0000000e+00
   5.8319914e-03
   7.6614513e-03
   9.2966236e-03
   1.0057273e-02
   4.5945847e-03
  -4.8901204e-03
  -2.5166271e-02
  -2.9631041e-02
  -3.0768415e-02
  -2.9115306e-02
  -2.5789087e-02
  -2.1068690e-02
  -1.4480339e-02
  -9.8687388e-03
  -5.5741285e-03
  -2.2079641e-03
  -9.9028886e-04
  -2.9647669e-03
  -6.1859385e-03
  -1.0891918e-02
  -1.3952274e-02
  -2.1183634e-02
  -2.2792097e-02
  -2.7944455e-02
  -2.3796938e-02
  -2.5564883e-02
  -1.2426254e-02
  -3.4912234e-02
   0.0000000e+00
   2.0566173e-02
  -1.2785142e-03
  -3.2363010e-03
  -4.5852420e-03
  -2.0792025e-03
  -3.3818771e-03
  -2.2699250e-03
   0.0000000e+00
   0.0000000e+00
   0.0000000e+00
   0.0000000e+00
   0.0000000e+00
   0.0000000e+00
   0.0000000e+00
   0.0000000e+00
   0.0000000e+00
   0.0000000e+00
   0.0000000e+00
   0.0000000e+00
   0.0000000e+00
   0.0000000e+00
   0.0000000e+00
   0.0000000e+00
   0.0000000e+00
   0.0000000e+00
   0.0000000e+00
   0.0000000e+00
   0.0000000e+00
   0.0000000e+00
   0.0000000e+00
   0.0000000e+00
  -6.6031510e-03
  -7.1054581e-03
  -7.5783264e-03
   0.0000000e+00
   0.0000000e+00
   0.0000000e+00
   0.0000000e+00
   0.0000000e+00
   0.0000000e+00
   0.0000000e+00
   0.0000000e+00
   0.0000000e+00
   5.8412341e-03
   9.2630606e-03
   1.2402247e-02
   9.8367153e-03
  -1.7825933e-03
  -1.3845717e-02
  -3.5711912e-02
  -3.6685323e-02
  -3.5431781e-02
  -3.1484185e-02
  -2.7357826e-02
  -2.1783809e-02
  -1.5006234e-02
  -1.0190018e-02
  -5.3395493e-03
  -2.5007461e-03
  -1.3697460e-03
  -3.8921467e-03
  -5.9538814e-03
  -1.0730604e-02
  -1.2865778e-02
  -2.0160818e-02
  -2.0814170e-02
  -2.5441204e-02
  -1.9861871e-02
  -2.0528388e-02
  -6.2624097e-03
  -1.8858734e-02
   0.0000000e+00
   0.0000000e+00
   0.0000000e+00
   0.0000000e+00
   0.0000000e+00
   0.0000000e+00
   0.0000000e+00
   0.0000000e+00
   0.0000000e+00
   0.0000000e+00
   0.0000000e+00
   0.0000000e+00
   0.0000000e+00
   0.0000000e+00
   0.0000000e+00
   0.0000000e+00
   0.0000000e+00
   0.0000000e+00
   0.0000000e+00
   0.0000000e+00
   0.0000000e+00
   0.0000000e+00
   0.0000000e+00
   0.0000000e+00
   0.0000000e+00
   0.0000000e+00
   0.0000000e+00
   0.0000000e+00
   0.0000000e+00
   0.0000000e+00
   0.0000000e+00
   0.0000000e+00
  -6.6031508e-03
  -7.1054576e-03
  -7.5783261e-03
   0.0000000e+00
   0.0000000e+00
   0.0000000e+00
   0.0000000e+00
   0.0000000e+00
   0.0000000e+00
   0.0000000e+00
   0.0000000e+00
   0.0000000e+00
   6.0521391e-03
   7.7530565e-03
   6.1685573e-03
  -2.7276496e-03
  -1.6803497e-02
  -2.7479949e-02
  -3.6073003e-02
  -3.4612842e-02
  -3.2410953e-02
  -2.7260115e-02
  -2.3461763e-02
  -1.8018041e-02
  -1.2879549e-02
  -8.0765672e-03
  -4.0888707e-03
  -1.3960414e-03
  -9.9645311e-04
  -2.4078758e-03
  -4.7609429e-03
  -8.3158975e-03
  -1.1249997e-02
  -1.6064981e-02
  -1.7426053e-02
  -1.9259255e-02
  -1.5890008e-02
  -1.3522868e-02
  -2.0080290e-03
   5.7497751e-03
   0.0000000e+00
   0.0000000e+00
   0.0000000e+00
   0.0000000e+00
   0.0000000e+00
   0.0000000e+00
   0.0000000e+00
   0.0000000e+00
   0.0000000e+00
   0.0000000e+00
   0.0000000e+00
   0.0000000e+00
   0.0000000e+00
   0.0000000e+00
   0.0000000e+00
   0.0000000e+00
   0.0000000e+00
   0.0000000e+00
   0.0000000e+00
  -1.2418704e-02
  -1.2947727e-02
   0.0000000e+00
   0.0000000e+00
   0.0000000e+00
   0.0000000e+00
   0.0000000e+00
   0.0000000e+00
   0.0000000e+00
   0.0000000e+00
  -8.1832845e-03
  -8.2258498e-03
  -7.4637825e-03
  -6.5840119e-03
  -5.4589473e-03
  -5.1037846e-03
   0.0000000e+00
   0.0000000e+00
   0.0000000e+00
   0.0000000e+00
   0.0000000e+00
   0.0000000e+00
   0.0000000e+00
   0.0000000e+00
   0.0000000e+00
   6.7632692e-03
   7.8337416e-03
   1.0961146e-03
  -1.3106510e-02
  -2.4918020e-02
  -3.1821135e-02
  -2.9576596e-02
  -2.7866025e-02
  -2.5320221e-02
  -2.1162832e-02
  -1.7683953e-02
  -1.3546805e-02
  -9.1250688e-03
  -5.0865435e-03
  -1.8210651e-03
   6.9389824e-04
   1.1279552e-03
   3.9710579e-04
  -2.1790643e-03
  -4.9649440e-03
  -7.7233338e-03
  -1.1409348e-02
  -1.2780804e-02
  -1.3544505e-02
  -1.1052538e-02
  -7.4624522e-03
   1.8597199e-03
   1.6180823e-02
   1.7437250e-02
   0.0000000e+00
   0.0000000e+00
   0.0000000e+00
   0.0000000e+00
   0.0000000e+00
   0.0000000e+00
   0.0000000e+00
   0.0000000e+00
   0.0000000e+00
   0.0000000e+00
   0.0000000e+00
   0.0000000e+00
   0.0000000e+00
   0.0000000e+00
   0.0000000e+00
   0.0000000e+00
   0.0000000e+00
  -1.6193787e-02
  -1.3071527e-02
  -1.2226989e-02
   0.0000000e+00
   0.0000000e+00
   0.0000000e+00
   0.0000000e+00
   0.0000000e+00
   0.0000000e+00
   0.0000000e+00
   0.0000000e+00
  -1.3489825e-02
  -1.1226633e-02
  -8.6261900e-03
  -4.6656299e-03
  -2.5222024e-03
  -9.9247671e-04
   0.0000000e+00
   0.0000000e+00
   0.0000000e+00
   0.0000000e+00
   0.0000000e+00
   0.0000000e+00
   0.0000000e+00
   0.0000000e+00
   0.0000000e+00
   1.9122857e-04
  -1.9339677e-03
  -9.3491171e-03
  -1.9385712e-02
  -2.6000921e-02
  -2.8755799e-02
  -2.0977635e-02
  -1.9815698e-02
  -1.7798293e-02
  -1.4683419e-02
  -1.1943549e-02
  -8.7501863e-03
  -4.9273791e-03
  -1.5675579e-03
   1.2310658e-03
   3.5681971e-03
   4.1202242e-03
   3.4808158e-03
   1.0792727e-03
  -1.1986606e-03
  -3.6870318e-03
  -6.9065294e-03
  -8.2883537e-03
  -8.6885998e-03
  -6.8621440e-03
  -2.9910477e-03
   5.5408743e-03
   1.8475858e-02
   2.0985507e-02
   2.0745376e-02
   0.0000000e+00
   0.0000000e+00
   0.0000000e+00
   0.0000000e+00
   0.0000000e+00
   0.0000000e+00
   0.0000000e+00
   0.0000000e+00
   0.0000000e+00
   0.0000000e+00
   0.0000000e+00
   0.0000000e+00
   0.0000000e+00
   0.0000000e+00
   0.0000000e+00
  -1.5954683e-02
  -1.5477608e-02
  -1.3103690e-02
  -9.6250921e-03
   0.0000000e+00
   0.0000000e+00
   0.0000000e+00
   0.0000000e+00
   0.0000000e+00
   0.0000000e+00
   0.0000000e+00
  -1.5133121e-02
  -1.3477040e-02
  -1.0990432e-02
  -6.7954613e-03
  -2.8869838e-03
  -2.5741826e-04
   2.2917470e-03
   0.0000000e+00
   0.0000000e+00
   0.0000000e+00
   0.0000000e+00
   0.0000000e+00
   0.0000000e+00
   0.0000000e+00
   0.0000000e+00
   0.0000000e+00
  -2.8193723e-03
  -6.1724316e-03
  -1.1887249e-02
  -1.7953109e-02
  -2.0797163e-02
  -2.1385962e-02
  -1.2945231e-02
  -1.2395154e-02
  -1.1019222e-02
  -8.8303182e-03
  -6.6163838e-03
  -3.9528105e-03
  -6.9408154e-04
   2.1742724e-03
   4.6522683e-03
   6.7268643e-03
   7.1750516e-03
   6.4543011e-03
   4.3557934e-03
   2.3537269e-03
  -3.0234514e-05
  -3.0826265e-03
  -4.5446521e-03
  -4.9765920e-03
  -3.5936974e-03
   3.1785373e-04
   8.3471993e-03
   1.9961048e-02
   2.4781052e-02
   2.7447021e-02
   0.0000000e+00
   0.0000000e+00
   0.0000000e+00
   0.0000000e+00
   0.0000000e+00
   0.0000000e+00
   0.0000000e+00
   0.0000000e+00
   0.0000000e+00
   0.0000000e+00
   0.0000000e+00
   0.0000000e+00
   0.0000000e+00
   0.0000000e+00
   0.0000000e+00
  -1.5948640e-02
  -1.5032856e-02
  -1.2402812e-02
  -6.7454862e-03
   0.0000000e+00
   0.0000000e+00
   0.0000000e+00
   0.0000000e+00
   0.0000000e+00
   0.0000000e+00
  -1.0515925e-02
  -1.2006284e-02
  -1.0915492e-02
  -8.1733027e-03
  -3.8484694e-03
  -1.6610464e-03
   1.4572602e-03
   5.1795696e-03
   0.0000000e+00
   0.0000000e+00
   0.0000000e+00
   0.0000000e+00
   0.0000000e+00
   0.0000000e+00
   0.0000000e+00
   0.0000000e+00
   0.0000000e+00
  -4.2864084e-03
  -7.2346302e-03
  -1.0727782e-02
  -1.3139815e-02
  -1.3486156e-02
  -1.3229883e-02
  -6.2270323e-03
  -6.1238711e-03
  -5.2259178e-03
  -3.7216889e-03
  -1.7404959e-03
   6.6853676e-04
   3.4261211e-03
   5.9338729e-03
   8.1348093e-03
   9.8471725e-03
   1.0007410e-02
   9.1957999e-03
   7.3587494e-03
   5.4254690e-03
   2.9639737e-03
  -5.5343855e-05
  -1.6515810e-03
  -2.2886330e-03
  -1.1198991e-03
   2.8941343e-03
   1.0502600e-02
   2.2034094e-02
   2.9763252e-02
   3.1917881e-02
   0.0000000e+00
   0.0000000e+00
   0.0000000e+00
   0.0000000e+00
   0.0000000e+00
   0.0000000e+00
   0.0000000e+00
   0.0000000e+00
   0.0000000e+00
   0.0000000e+00
   0.0000000e+00
   0.0000000e+00
   0.0000000e+00
   0.0000000e+00
  -1.4958598e-02
  -1.5592508e-02
  -1.4274250e-02
  -1.0853560e-02
  -3.7737348e-03
   1.9454186e-03
   0.0000000e+00
   0.0000000e+00
   0.0000000e+00
   0.0000000e+00
  -5.5012034e-03
  -8.4130529e-03
  -7.6100086e-03
  -6.5249437e-03
  -4.1495780e-03
  -1.0304174e-03
  -7.9242175e-04
   3.2056635e-03
   9.9704303e-03
   0.0000000e+00
   0.0000000e+00
   0.0000000e+00
   0.0000000e+00
   0.0000000e+00
   0.0000000e+00
   0.0000000e+00
   0.0000000e+00
   0.0000000e+00
  -3.2980298e-03
  -6.1743744e-03
  -7.6332339e-03
  -7.0517343e-03
  -6.0675014e-03
  -5.8030700e-03
   1.3203859e-05
  -1.3106116e-04
   5.1211989e-04
   1.8726823e-03
   3.7145389e-03
   5.9450701e-03
   8.2995470e-03
   1.0383812e-02
   1.2141512e-02
   1.3259336e-02
   1.3074367e-02
   1.2191964e-02
   1.0406956e-02
   8.2415691e-03
   5.5075228e-03
   2.4431272e-03
   6.5587104e-04
  -1.8167981e-04
   1.0866364e-03
   5.5663505e-03
   1.3272835e-02
   2.5454728e-02
   3.5732616e-02
   4.4010483e-02
   0.0000000e+00
   0.0000000e+00
   0.0000000e+00
   0.0000000e+00
   0.0000000e+00
   0.0000000e+00
   0.0000000e+00
   0.0000000e+00
   0.0000000e+00
   0.0000000e+00
   0.0000000e+00
   0.0000000e+00
   0.0000000e+00
   0.0000000e+00
  -1.4958599e-02
  -1.3566678e-02
  -1.1895073e-02
  -7.2955121e-03
  -1.1748454e-04
   1.9454187e-03
   0.0000000e+00
   0.0000000e+00
   0.0000000e+00
   0.0000000e+00
  -5.5012030e-03
  -2.3961175e-03
  -1.3375200e-03
  -6.6423242e-04
   2.1238991e-04
   7.8830661e-04
   4.6273432e-04
   6.8297719e-03
   1.6860421e-02
   0.0000000e+00
   0.0000000e+00
   0.0000000e+00
   0.0000000e+00
   0.0000000e+00
   0.0000000e+00
   0.0000000e+00
   0.0000000e+00
   0.0000000e+00
   2.1810692e-03
  -1.1035652e-03
  -6.8917596e-04
   1.2151031e-03
   1.7433552e-03
   1.1338257e-03
   4.5334715e-03
   4.5686513e-03
   5.3688674e-03
   6.8430575e-03
   8.6274985e-03
   1.0764440e-02
   1.2751350e-02
   1.4367827e-02
   1.5594938e-02
   1.6209040e-02
   1.5752606e-02
   1.4587795e-02
   1.2367301e-02
   9.8210648e-03
   6.9516124e-03
   3.8541129e-03
   2.0382677e-03
   1.3056962e-03
   3.3015388e-03
   8.5857641e-03
   1.6718952e-02
   2.9602449e-02
   4.2231351e-02
   5.4499712e-02
   0.0000000e+00
   0.0000000e+00
   0.0000000e+00
   0.0000000e+00
   0.0000000e+00
   0.0000000e+00
   0.0000000e+00
   0.0000000e+00
   0.0000000e+00
   0.0000000e+00
   0.0000000e+00
   0.0000000e+00
   0.0000000e+00
  -9.5259018e-03
  -1.1503800e-02
  -1.1832076e-02
  -8.2439203e-03
  -3.0430295e-03
   3.3763498e-03
   6.5677091e-03
   0.0000000e+00
   0.0000000e+00
   0.0000000e+00
  -1.8602364e-03
   1.4321897e-03
   3.1060595e-03
   3.1106970e-03
   2.7435992e-03
   2.4074286e-03
   2.2219480e-03
   4.2862613e-03
   1.3073971e-02
   2.4069102e-02
   0.0000000e+00
   0.0000000e+00
   0.0000000e+00
   0.0000000e+00
   0.0000000e+00
   0.0000000e+00
   0.0000000e+00
   0.0000000e+00
   9.2592588e-03
   6.7005251e-03
   4.8145037e-03
   6.5023801e-03
   7.5765122e-03
   7.0852386e-03
   5.7934630e-03
   7.5136255e-03
   7.8183971e-03
   8.7677548e-03
   1.0332557e-02
   1.2133088e-02
   1.4182478e-02
   1.5932355e-02
   1.7209746e-02
   1.8061122e-02
   1.8251242e-02
   1.7465986e-02
   1.5938733e-02
   1.3295697e-02
   1.0536747e-02
   7.5726309e-03
   4.4002794e-03
   2.7062260e-03
   2.4008192e-03
   5.2322624e-03
   1.1049419e-02
   1.9419067e-02
   3.2771055e-02
   4.7216140e-02
   6.2402729e-02
   0.0000000e+00
   0.0000000e+00
   0.0000000e+00
   0.0000000e+00
   0.0000000e+00
   0.0000000e+00
   0.0000000e+00
   0.0000000e+00
   0.0000000e+00
   0.0000000e+00
   0.0000000e+00
   0.0000000e+00
   0.0000000e+00
  -9.4012897e-03
  -1.1320239e-02
  -9.9251876e-03
  -4.9791178e-03
   1.3196623e-04
   6.0216086e-03
   9.1056181e-03
   0.0000000e+00
   2.3736414e-03
   4.5784074e-03
   4.1705301e-03
   6.2860111e-03
   7.0568440e-03
   6.5165563e-03
   5.2587846e-03
   4.2716516e-03
   4.1297441e-03
   8.1264237e-03
   1.7695585e-02
   2.8309841e-02
   3.3850756e-02
   2.7248789e-02
   2.3561941e-02
   0.0000000e+00
   0.0000000e+00
   0.0000000e+00
   0.0000000e+00
   0.0000000e+00
   1.4906938e-02
   1.0836509e-02
   9.8758303e-03
   1.1246332e-02
   1.1191178e-02
   1.0085930e-02
   8.5624149e-03
   1.0132262e-02
   1.0735722e-02
   1.1828168e-02
   1.3485595e-02
   1.5319467e-02
   1.7264599e-02
   1.8809504e-02
   1.9774027e-02
   2.0279435e-02
   2.0028429e-02
   1.8874501e-02
   1.6947020e-02
   1.3873373e-02
   1.0912153e-02
   7.8323232e-03
   4.6027335e-03
   3.1270945e-03
   3.3716972e-03
   7.0529828e-03
   1.3307328e-02
   2.1856309e-02
   3.5608682e-02
   5.1488676e-02
   6.8078793e-02
   0.0000000e+00
   0.0000000e+00
   0.0000000e+00
   0.0000000e+00
   0.0000000e+00
   0.0000000e+00
   0.0000000e+00
   0.0000000e+00
   0.0000000e+00
   0.0000000e+00
   0.0000000e+00
   0.0000000e+00
   0.0000000e+00
  -9.1166802e-03
  -1.1571589e-02
  -7.9705035e-03
  -1.8955035e-03
   2.9765948e-03
   8.4602674e-03
   1.1651741e-02
   1.2749874e-02
   5.5844429e-03
   5.6933502e-03
   9.4113553e-03
   1.0477671e-02
   1.0472335e-02
   9.4218709e-03
   7.3868586e-03
   6.0787808e-03
   6.3133591e-03
   1.2000720e-02
   2.1758066e-02
   3.1504124e-02
   3.4309167e-02
   2.8141434e-02
   2.4588994e-02
   0.0000000e+00
   0.0000000e+00
   0.0000000e+00
   0.0000000e+00
   2.8267971e-02
   2.1343496e-02
   1.4867227e-02
   1.4554455e-02
   1.5141046e-02
   1.3959367e-02
   1.2414358e-02
   1.0840832e-02
   1.3568380e-02
   1.4618180e-02
   1.5876399e-02
   1.7699386e-02
   1.9579929e-02
   2.1281334e-02
   2.2565839e-02
   2.3094948e-02
   2.3106641e-02
   2.2063057e-02
   2.0263646e-02
   1.7690819e-02
   1.3980121e-02
   1.0586620e-02
   7.1764347e-03
   4.0284363e-03
   3.2040114e-03
   4.4646077e-03
   9.2155876e-03
   1.5857502e-02
   2.4566788e-02
   3.8766909e-02
   5.5055587e-02
   6.6150726e-02
   0.0000000e+00
   0.0000000e+00
   0.0000000e+00
   0.0000000e+00
   0.0000000e+00
   0.0000000e+00
   0.0000000e+00
   0.0000000e+00
   0.0000000e+00
   0.0000000e+00
   0.0000000e+00
   0.0000000e+00
   0.0000000e+00
  -7.9753643e-03
  -1.1226139e-02
  -5.3213999e-03
   1.6704522e-03
   6.2785791e-03
   1.1635634e-02
   1.4756405e-02
   1.2749873e-02
   1.1310438e-02
   1.3646703e-02
   1.4531374e-02
   1.4980240e-02
   1.3975433e-02
   1.1770384e-02
   9.1601148e-03
   8.5923684e-03
   1.0188593e-02
   1.7332072e-02
   2.6078478e-02
   3.3631691e-02
   3.7579223e-02
   3.4509061e-02
   3.1915423e-02
   0.0000000e+00
   0.0000000e+00
   0.0000000e+00
   0.0000000e+00
   2.8267970e-02
   2.5564034e-02
   2.0130219e-02
   1.9699479e-02
   1.8652650e-02
   1.6386003e-02
   1.4727093e-02
   1.3542060e-02
   1.6234746e-02
   1.7548427e-02
   1.8907208e-02
   2.0767950e-02
   2.2502892e-02
   2.3876943e-02
   2.4796959e-02
   2.4865804e-02
   2.4286281e-02
   2.2440618e-02
   2.0032717e-02
   1.6939471e-02
   1.2615782e-02
   8.8710096e-03
   5.4689888e-03
   2.9806099e-03
   3.0015598e-03
   5.0596427e-03
   1.0410987e-02
   1.7165273e-02
   2.5825931e-02
   3.9421283e-02
   5.3227611e-02
   6.0399208e-02
   3.3689589e-02
   4.4282342e-03
  -2.0243582e-03
   4.6073585e-03
   8.9925893e-03
   1.2660155e-02
   0.0000000e+00
   0.0000000e+00
   0.0000000e+00
   0.0000000e+00
   0.0000000e+00
   0.0000000e+00
   0.0000000e+00
  -7.9753636e-03
  -1.0401094e-02
  -3.3863746e-03
   3.5365536e-03
   8.4402580e-03
   1.4128047e-02
   1.6915873e-02
   1.5960176e-02
   1.4977400e-02
   1.6245164e-02
   1.7059196e-02
   1.6824881e-02
   1.4598915e-02
   1.1997018e-02
   1.0292609e-02
   1.0853594e-02
   1.3742032e-02
   2.1543443e-02
   2.9286407e-02
   3.5296142e-02
   3.8096298e-02
   3.6104694e-02
   3.1832396e-02
   0.0000000e+00
   0.0000000e+00
   0.0000000e+00
   3.0251500e-02
   3.0973662e-02
   2.7252231e-02
   2.3184480e-02
   2.1965090e-02
   1.9966841e-02
   1.7522126e-02
   1.6196109e-02
   1.5578861e-02
   1.8155746e-02
   1.9596016e-02
   2.0967098e-02
   2.2741122e-02
   2.4267120e-02
   2.5360852e-02
   2.5915502e-02
   2.5554368e-02
   2.4447037e-02
   2.1987362e-02
   1.9158252e-02
   1.5712328e-02
   1.1065304e-02
   7.3185712e-03
   4.2317291e-03
   2.4892371e-03
   3.1958409e-03
   5.8109378e-03
   1.1486989e-02
   1.8195435e-02
   2.6615826e-02
   3.9321337e-02
   5.0905198e-02
   5.5225838e-02
   3.2576371e-02
   6.2368391e-03
   4.2712424e-04
   6.7103636e-03
   1.0861037e-02
   1.3741182e-02
   1.2717405e-02
   0.0000000e+00
   0.0000000e+00
   0.0000000e+00
   0.0000000e+00
   0.0000000e+00
   0.0000000e+00
   0.0000000e+00
  -8.6261332e-03
  -1.7223589e-03
   4.9639563e-03
   1.0076289e-02
   1.5827194e-02
   1.8168084e-02
   1.7585656e-02
   1.6846133e-02
   1.7753018e-02
   1.8653601e-02
   1.7767182e-02
   1.4626659e-02
   1.1924719e-02
   1.1224915e-02
   1.2638655e-02
   1.6367942e-02
   2.4464410e-02
   3.1567488e-02
   3.6551092e-02
   3.8370732e-02
   3.6641877e-02
   3.2181352e-02
   0.0000000e+00
   0.0000000e+00
   0.0000000e+00
   3.0329248e-02
   3.1556558e-02
   2.7867977e-02
   2.4813320e-02
   2.3025498e-02
   2.0543590e-02
   1.8181836e-02
   1.7211210e-02
   1.7059930e-02
   2.0389996e-02
   2.1885243e-02
   2.3183277e-02
   2.4691008e-02
   2.5822907e-02
   2.6526017e-02
   2.6506480e-02
   2.5502395e-02
   2.3633252e-02
   2.0406950e-02
   1.7112889e-02
   1.3289119e-02
   8.4378289e-03
   5.0534856e-03
   2.7823783e-03
   2.3004555e-03
   3.9157549e-03
   7.1532253e-03
   1.3050338e-02
   1.9521337e-02
   2.7364236e-02
   3.8375306e-02
   4.6743966e-02
   4.7713615e-02
   2.9664999e-02
   1.0966831e-02
   6.8384162e-03
   1.2210292e-02
   1.5747535e-02
   1.6568361e-02
   1.2717404e-02
   0.0000000e+00
   0.0000000e+00
   0.0000000e+00
   0.0000000e+00
   0.0000000e+00
   0.0000000e+00
   0.0000000e+00
  -5.1350711e-03
   6.0496976e-04
   6.7445891e-03
   1.2093294e-02
   1.7663229e-02
   1.9183612e-02
   1.8477943e-02
   1.7896810e-02
   1.8977823e-02
   2.0178669e-02
   1.8301597e-02
   1.4046901e-02
   1.1498528e-02
   1.2478272e-02
   1.4941258e-02
   1.9517620e-02
   2.7697382e-02
   3.4176833e-02
   3.8091690e-02
   3.8547470e-02
   3.6377314e-02
   3.3115696e-02
   0.0000000e+00
   0.0000000e+00
   0.0000000e+00
   3.0380078e-02
   3.1665587e-02
   2.7712039e-02
   2.5877652e-02
   2.3428359e-02
   2.0676969e-02
   1.8718487e-02
   1.8329018e-02
   1.8802324e-02
   2.1183318e-02
   2.2414296e-02
   2.3362575e-02
   2.4294272e-02
   2.4826133e-02
   2.4875157e-02
   2.3951724e-02
   2.2222466e-02
   1.9904906e-02
   1.6577518e-02
   1.3471196e-02
   1.0171067e-02
   6.6157719e-03
   4.7252284e-03
   4.0586260e-03
   5.2723465e-03
   7.8856395e-03
   1.1618952e-02
   1.7361768e-02
   2.3139433e-02
   2.9687554e-02
   3.7756473e-02
   4.2245629e-02
   4.0074937e-02
   2.5628287e-02
   1.3859608e-02
   1.2843653e-02
   1.2210292e-02
   1.7213642e-02
   1.7027069e-02
   1.5405456e-02
   0.0000000e+00
   0.0000000e+00
   0.0000000e+00
   0.0000000e+00
   0.0000000e+00
   0.0000000e+00
   0.0000000e+00
  -0.0000000e+00
   2.8353267e-03
   7.4416451e-03
   1.3586765e-02
   1.9143380e-02
   2.0434129e-02
   1.9388221e-02
   1.7986264e-02
   1.9493414e-02
   2.1292638e-02
   1.9307986e-02
   1.3624590e-02
   1.0514135e-02
   1.3771544e-02
   1.7543645e-02
   2.2068169e-02
   2.9797705e-02
   3.5753477e-02
   3.8713198e-02
   3.8216889e-02
   3.5333562e-02
   3.0457634e-02
   0.0000000e+00
   0.0000000e+00
   3.0424896e-02
   3.1380016e-02
   2.9065566e-02
   2.6969608e-02
   2.5053449e-02
   2.2161783e-02
   1.9716518e-02
   1.8501563e-02
   1.8666522e-02
   1.9524120e-02
   2.0585115e-02
   2.1539060e-02
   2.2129397e-02
   2.2572740e-02
   2.2665340e-02
   2.2248839e-02
   2.0830213e-02
   1.8918588e-02
   1.6679495e-02
   1.3749021e-02
   1.1243955e-02
   8.8149026e-03
   6.5593640e-03
   5.7741295e-03
   6.1359153e-03
   8.3357427e-03
   1.1484944e-02
   1.5449328e-02
   2.0984260e-02
   2.6137864e-02
   3.1589897e-02
   3.7468514e-02
   3.9502668e-02
   3.5745377e-02
   2.3296467e-02
   1.4770160e-02
   1.4556495e-02
   0.0000000e+00
   1.6074906e-02
   1.6267207e-02
   1.6821072e-02
   0.0000000e+00
   0.0000000e+00
   0.0000000e+00
   0.0000000e+00
   0.0000000e+00
   0.0000000e+00
   0.0000000e+00
   0.0000000e+00
   4.9140722e-03
   7.5020250e-03
   1.4036181e-02
   1.9727019e-02
   2.0613968e-02
   1.9052026e-02
   1.6906862e-02
   1.8716629e-02
   2.1900743e-02
   2.2259570e-02
   1.3527278e-02
   1.0287302e-02
   1.4670438e-02
   1.8923775e-02
   2.3193491e-02
   3.0435136e-02
   3.6081655e-02
   3.8579530e-02
   3.7592413e-02
   3.4396267e-02
   2.9549731e-02
   2.6549362e-02
   3.0482180e-02
   3.1739774e-02
   3.0328382e-02
   2.7582986e-02
   2.6044035e-02
   2.3828495e-02
   2.0876837e-02
   1.8718233e-02
   1.7854058e-02
   1.8182968e-02
   1.9083980e-02
   1.8966045e-02
   1.9471909e-02
   1.9487298e-02
   1.9193425e-02
   1.8662036e-02
   1.7592933e-02
   1.5579530e-02
   1.3636245e-02
   1.1774034e-02
   9.7146733e-03
   8.3663643e-03
   7.4929656e-03
   7.3128130e-03
   8.1053706e-03
   9.8326065e-03
   1.3266696e-02
   1.7050131e-02
   2.1256683e-02
   2.6434368e-02
   3.0625451e-02
   3.4423733e-02
   3.7167169e-02
   3.5965174e-02
   3.0418902e-02
   2.0390779e-02
   1.5275925e-02
   1.5238659e-02
   0.0000000e+00
   1.2313534e-02
   1.4472843e-02
   1.8471663e-02
   0.0000000e+00
   0.0000000e+00
   0.0000000e+00
   0.0000000e+00
   0.0000000e+00
   0.0000000e+00
   0.0000000e+00
   0.0000000e+00
   4.9617278e-03
   7.2942157e-03
   1.4254428e-02
   2.0229882e-02
   2.0389418e-02
   1.7920241e-02
   1.4626467e-02
   1.6860012e-02
   2.2629252e-02
   2.9776994e-02
   0.0000000e+00
   0.0000000e+00
   1.5916113e-02
   2.0541720e-02
   2.4307979e-02
   3.0753262e-02
   3.6008839e-02
   3.8005546e-02
   3.6455763e-02
   3.2951770e-02
   2.8937326e-02
   2.6549359e-02
   3.0482180e-02
   3.3784137e-02
   2.7670620e-02
   2.5751517e-02
   2.4479915e-02
   2.1682814e-02
   1.8818095e-02
   1.7107533e-02
   1.6615366e-02
   1.7019302e-02
   1.7826744e-02
   1.3483983e-02
   1.3162225e-02
   1.2331723e-02
   1.1113266e-02
   9.9689269e-03
   8.5810469e-03
   6.8335114e-03
   5.6115755e-03
   4.7522257e-03
   4.3758275e-03
   4.7619696e-03
   5.7685818e-03
   7.8426674e-03
   1.0320420e-02
   1.3474369e-02
   1.7989334e-02
   2.2050270e-02
   2.6083853e-02
   3.0440554e-02
   3.3297788e-02
   3.5049699e-02
   3.4420017e-02
   3.0569643e-02
   2.4156170e-02
   1.6401375e-02
   1.3354658e-02
   1.3999837e-02
   1.2416238e-02
   1.1712944e-02
   1.4472843e-02
   1.8471666e-02
   0.0000000e+00
   0.0000000e+00
   0.0000000e+00
   0.0000000e+00
   0.0000000e+00
   0.0000000e+00
   0.0000000e+00
   0.0000000e+00
   7.9471329e-03
   9.0410363e-03
   1.4211739e-02
   1.9523405e-02
   2.0484564e-02
   2.2871701e-02
   1.4626468e-02
   0.0000000e+00
   0.0000000e+00
   0.0000000e+00
   0.0000000e+00
   0.0000000e+00
   1.7817444e-02
   1.9968619e-02
   2.2560569e-02
   2.7900677e-02
   3.3655379e-02
   3.5544790e-02
   3.3766702e-02
   3.0860692e-02
   2.8509168e-02
   2.9015297e-02
   3.0210316e-02
   2.8361937e-02
   2.3160659e-02
   2.1919151e-02
   2.0110274e-02
   1.6964180e-02
   1.4523901e-02
   1.3175130e-02
   1.2683738e-02
   1.2815095e-02
   1.3171141e-02
   8.8407163e-03
   8.1097381e-03
   6.9435342e-03
   5.4363155e-03
   4.1837851e-03
   2.8589094e-03
   1.4498493e-03
   6.7419512e-04
   3.3853898e-04
   6.9840518e-04
   1.7463086e-03
   3.4297051e-03
   6.2841076e-03
   9.3148686e-03
   1.2906999e-02
   1.7701024e-02
   2.1765195e-02
   2.5636066e-02
   2.9569779e-02
   3.1814132e-02
   3.2679863e-02
   3.0799924e-02
   2.6302539e-02
   2.0155783e-02
   1.3841500e-02
   1.1796283e-02
   1.2626837e-02
   1.2249633e-02
   1.1862581e-02
   0.0000000e+00
   0.0000000e+00
   0.0000000e+00
   0.0000000e+00
   0.0000000e+00
   0.0000000e+00
   0.0000000e+00
   0.0000000e+00
   0.0000000e+00
   0.0000000e+00
   8.6136631e-03
   9.6207602e-03
   1.4132320e-02
   1.8948841e-02
   2.0385161e-02
   2.3952964e-02
   0.0000000e+00
   0.0000000e+00
   0.0000000e+00
   0.0000000e+00
   0.0000000e+00
   0.0000000e+00
   1.9515428e-02
   1.9840668e-02
   2.2170436e-02
   2.7366937e-02
   3.2022677e-02
   3.3464212e-02
   3.1367846e-02
   2.8754517e-02
   2.6901674e-02
   2.7451465e-02
   2.7220976e-02
   2.4072883e-02
   1.9674856e-02
   1.8423885e-02
   1.6319489e-02
   1.3142049e-02
   1.0938006e-02
   9.7053272e-03
   9.1005162e-03
   8.9907590e-03
   9.0213100e-03
   5.4306147e-04
  -7.3257596e-04
  -2.2551280e-03
  -3.9621471e-03
  -5.1451396e-03
  -6.1444103e-03
  -6.8761404e-03
  -6.9596265e-03
  -6.5677769e-03
  -5.3330360e-03
  -3.6189530e-03
  -1.3117806e-03
   2.2148876e-03
   5.6745995e-03
   9.5570896e-03
   1.4442702e-02
   1.8364365e-02
   2.1934114e-02
   2.5286164e-02
   2.6765892e-02
   2.6589851e-02
   2.3503455e-02
   1.8870808e-02
   1.3841165e-02
   9.7908885e-03
   9.0555009e-03
   9.9661727e-03
   1.1845340e-02
   1.2551096e-02
   0.0000000e+00
   0.0000000e+00
   0.0000000e+00
   0.0000000e+00
   0.0000000e+00
   0.0000000e+00
   0.0000000e+00
   0.0000000e+00
   0.0000000e+00
   0.0000000e+00
   0.0000000e+00
   1.0541561e-02
   1.3962729e-02
   1.7937320e-02
   2.0092382e-02
   2.3894202e-02
   0.0000000e+00
   0.0000000e+00
   0.0000000e+00
   0.0000000e+00
   0.0000000e+00
   0.0000000e+00
   0.0000000e+00
   0.0000000e+00
   0.0000000e+00
   2.8368090e-02
   2.9335689e-02
   2.9748494e-02
   2.7003475e-02
   2.4776397e-02
   2.3232762e-02
   2.2320502e-02
   2.0114040e-02
   1.6602368e-02
   1.3659338e-02
   1.2018275e-02
   9.4878449e-03
   6.4234227e-03
   4.5626862e-03
   3.4157209e-03
   2.5352579e-03
   1.9880612e-03
   1.4733079e-03
  -1.0934961e-02
  -1.2351956e-02
  -1.3806345e-02
  -1.5233237e-02
  -1.6119748e-02
  -1.6788781e-02
  -1.7123828e-02
  -1.6947770e-02
  -1.6431522e-02
  -1.5340844e-02
  -1.3927137e-02
  -1.1971610e-02
  -8.8640507e-03
  -5.7489192e-03
  -2.2865699e-03
   1.9424036e-03
   5.2732900e-03
   8.2359333e-03
   1.0880682e-02
   1.2003131e-02
   1.1919066e-02
   1.0045671e-02
   7.5084139e-03
   5.0819232e-03
   3.7960026e-03
   4.4644303e-03
   5.9693144e-03
   7.7886037e-03
   8.1708673e-03
   0.0000000e+00
   0.0000000e+00
   0.0000000e+00
   0.0000000e+00
   0.0000000e+00
   0.0000000e+00
   0.0000000e+00
   0.0000000e+00
   0.0000000e+00
   0.0000000e+00
   0.0000000e+00
   1.1146593e-02
   1.3242917e-02
   1.5540758e-02
   1.7148180e-02
   1.7563486e-02
   0.0000000e+00
   0.0000000e+00
   0.0000000e+00
   0.0000000e+00
   0.0000000e+00
   0.0000000e+00
   0.0000000e+00
   0.0000000e+00
   0.0000000e+00
   0.0000000e+00
   2.7029974e-02
   2.5628310e-02
   2.1151245e-02
   1.8685510e-02
   1.6816540e-02
   1.4324585e-02
   1.1383800e-02
   8.2084611e-03
   5.3447825e-03
   3.0146255e-03
   3.0411320e-04
  -2.5632023e-03
  -4.4222414e-03
  -5.8562928e-03
  -7.3165484e-03
  -8.4410794e-03
  -9.5140887e-03
  -1.6525652e-02
  -1.7929712e-02
  -1.9269742e-02
  -2.0502061e-02
  -2.1238891e-02
  -2.1774199e-02
  -2.1998193e-02
  -2.1821424e-02
  -2.1419873e-02
  -2.0645995e-02
  -1.9614158e-02
  -1.8108731e-02
  -1.5581480e-02
  -1.2929868e-02
  -9.9155614e-03
  -6.2045623e-03
  -3.2606494e-03
  -6.3327391e-04
   1.6862326e-03
   2.6870250e-03
   2.7444763e-03
   1.6311250e-03
   2.6444773e-04
  -7.8235992e-04
  -6.6762255e-04
   7.5504873e-04
   2.7428449e-03
   4.8067290e-03
   4.1112947e-03
  -5.8228856e-03
   0.0000000e+00
   0.0000000e+00
   0.0000000e+00
   0.0000000e+00
   0.0000000e+00
   0.0000000e+00
   0.0000000e+00
   0.0000000e+00
   0.0000000e+00
  -9.1770563e-03
   1.1346837e-02
   1.2776821e-02
   1.3104260e-02
   1.4099025e-02
   1.3293735e-02
  -5.6878807e-04
   0.0000000e+00
   0.0000000e+00
   0.0000000e+00
   0.0000000e+00
   0.0000000e+00
   0.0000000e+00
   0.0000000e+00
   0.0000000e+00
   0.0000000e+00
   2.5503755e-02
   2.3772426e-02
   1.8014733e-02
   1.5168217e-02
   1.3094967e-02
   9.9584265e-03
   6.7825170e-03
   3.7620489e-03
   8.4600854e-04
  -1.7733562e-03
  -4.5148376e-03
  -7.2728628e-03
  -9.1294235e-03
  -1.0689775e-02
  -1.2384434e-02
  -1.3719047e-02
  -1.4972945e-02
  -2.3740698e-02
  -2.4904301e-02
  -2.5874695e-02
  -2.6696871e-02
  -2.7226092e-02
  -2.7663044e-02
  -2.7968513e-02
  -2.8134769e-02
  -2.8360820e-02
  -2.8670582e-02
  -2.8776066e-02
  -2.8614377e-02
  -2.7865248e-02
  -2.6620827e-02
  -2.4850682e-02
  -2.2350273e-02
  -2.0177232e-02
  -1.8090773e-02
  -1.6138288e-02
  -1.5151230e-02
  -1.4646525e-02
  -1.4316021e-02
  -1.3761708e-02
  -1.2722234e-02
  -1.0651585e-02
  -8.0627031e-03
  -4.9223083e-03
  -1.7937558e-03
  -1.1430993e-03
  -5.8228855e-03
   0.0000000e+00
   0.0000000e+00
   0.0000000e+00
   0.0000000e+00
   0.0000000e+00
   0.0000000e+00
   0.0000000e+00
   0.0000000e+00
   0.0000000e+00
  -9.1770560e-03
   0.0000000e+00
   1.1553469e-02
   6.4873232e-03
   5.7450112e-03
   4.5379615e-03
  -5.6878807e-04
   0.0000000e+00
   0.0000000e+00
   0.0000000e+00
   0.0000000e+00
   0.0000000e+00
   0.0000000e+00
   0.0000000e+00
   0.0000000e+00
   0.0000000e+00
   0.0000000e+00
   2.1129673e-02
   1.3184352e-02
   9.1226496e-03
   6.6604239e-03
   3.0335961e-03
  -1.1045910e-04
  -2.9555435e-03
  -6.1881719e-03
  -9.0537263e-03
  -1.1679921e-02
  -1.4260555e-02
  -1.6109404e-02
  -1.7795718e-02
  -1.9661554e-02
  -2.1072697e-02
  -2.2310981e-02
  -1.9383859e-02
  -2.0061351e-02
  -2.0644497e-02
  -2.1225797e-02
  -2.1690711e-02
  -2.2152774e-02
  -2.2653673e-02
  -2.3097843e-02
  -2.3654612e-02
  -2.4392342e-02
  -2.4924984e-02
  -2.5381440e-02
  -2.5722574e-02
  -2.5745768e-02
  -2.5491888e-02
  -2.4904050e-02
  -2.4303848e-02
  -2.3744946e-02
  -2.3423357e-02
  -2.3487698e-02
  -2.3703916e-02
  -2.3737106e-02
  -2.3101978e-02
  -2.1769196e-02
  -1.9409461e-02
  -1.6781406e-02
  -1.3396522e-02
  -8.9994669e-03
  -6.0759517e-03
  -6.0861036e-03
   0.0000000e+00
   0.0000000e+00
   0.0000000e+00
   0.0000000e+00
   0.0000000e+00
   0.0000000e+00
   0.0000000e+00
   0.0000000e+00
   0.0000000e+00
  -1.9485128e-02
   0.0000000e+00
   1.1553469e-02
   1.2165648e-03
  -7.3507929e-04
  -1.9202878e-03
  -4.0920328e-03
  -3.6558921e-03
  -2.4609420e-03
  -7.3862571e-04
  -6.6833009e-04
   4.3524418e-03
   0.0000000e+00
   0.0000000e+00
   0.0000000e+00
   0.0000000e+00
   0.0000000e+00
   2.1129673e-02
   1.0935037e-02
   6.1369617e-03
   3.4338494e-03
   3.5978790e-04
  -2.1783854e-03
  -4.5476770e-03
  -7.3087625e-03
  -9.5942020e-03
  -1.1575022e-02
  -1.3406680e-02
  -1.4667956e-02
  -1.5780017e-02
  -1.6958937e-02
  -1.7812923e-02
  -1.8536141e-02
  -1.6134797e-02
  -1.6520448e-02
  -1.6870547e-02
  -1.7301856e-02
  -1.7718412e-02
  -1.8181957e-02
  -1.8782457e-02
  -1.9374458e-02
  -2.0105548e-02
  -2.1069046e-02
  -2.1835048e-02
  -2.2639681e-02
  -2.3605956e-02
  -2.4364207e-02
  -2.5007835e-02
  -2.5581578e-02
  -2.5957985e-02
  -2.6364729e-02
  -2.7100597e-02
  -2.7881861e-02
  -2.8637279e-02
  -2.9048137e-02
  -2.8529326e-02
  -2.7199779e-02
  -2.4860404e-02
  -2.2356100e-02
  -1.8968912e-02
  -1.3912711e-02
  -9.5708072e-03
  -6.5939059e-03
  -7.3223191e-03
   0.0000000e+00
   0.0000000e+00
   0.0000000e+00
   0.0000000e+00
   0.0000000e+00
   0.0000000e+00
   0.0000000e+00
   0.0000000e+00
  -2.5955113e-02
   0.0000000e+00
   0.0000000e+00
  -2.2321253e-03
  -4.7856751e-03
  -6.0303910e-03
  -5.9612598e-03
  -3.9141402e-03
  -2.6435147e-03
  -1.0550374e-03
  -8.7677309e-04
   4.1178875e-03
  -1.5311708e-03
   0.0000000e+00
   0.0000000e+00
   0.0000000e+00
   0.0000000e+00
   0.0000000e+00
   5.6030024e-03
   4.2512259e-03
   1.4852629e-03
  -1.1387045e-03
  -3.2229216e-03
  -5.2284766e-03
  -7.6131742e-03
  -9.4835758e-03
  -1.1022796e-02
  -1.2350214e-02
  -1.3223620e-02
  -1.3967762e-02
  -1.4717055e-02
  -1.5227891e-02
  -1.5638491e-02
  -5.9145656e-03
  -6.0945505e-03
  -6.2733785e-03
  -6.5316083e-03
  -6.7920614e-03
  -7.0864223e-03
  -7.5352343e-03
  -7.9932165e-03
  -8.5439056e-03
  -9.2762518e-03
  -9.9176724e-03
  -1.0680548e-02
  -1.1719186e-02
  -1.2670448e-02
  -1.3786390e-02
  -1.5345975e-02
  -1.6815621e-02
  -1.8510949e-02
  -2.0972806e-02
  -2.3332468e-02
  -2.5799927e-02
  -2.8471728e-02
  -3.0098680e-02
  -3.1016557e-02
  -3.1119546e-02
  -3.0546219e-02
  -2.8966378e-02
  -2.4727831e-02
  -1.8711949e-02
  -1.1331142e-02
  -7.3223183e-03
   0.0000000e+00
   0.0000000e+00
   0.0000000e+00
   0.0000000e+00
   0.0000000e+00
   0.0000000e+00
   0.0000000e+00
   0.0000000e+00
  -3.4038807e-02
   0.0000000e+00
   0.0000000e+00
  -8.2227794e-03
  -9.6464071e-03
  -1.1842296e-02
  -1.0819650e-02
  -7.3295105e-03
  -5.0580703e-03
  -5.2396347e-03
  -3.6334676e-03
   1.0158649e-03
  -1.5311708e-03
   0.0000000e+00
   0.0000000e+00
   0.0000000e+00
   0.0000000e+00
   0.0000000e+00
   2.7159104e-03
   1.7546580e-03
  -3.1840415e-05
  -8.5822986e-04
  -1.4930492e-03
  -2.2645429e-03
  -3.2158914e-03
  -3.9579349e-03
  -4.5080088e-03
  -4.7966154e-03
  -4.9569999e-03
  -5.1518694e-03
  -5.3826403e-03
  -5.5432567e-03
  -5.6910400e-03
  -6.7265797e-04
  -8.6840242e-04
  -1.0599659e-03
  -1.3249462e-03
  -1.5880698e-03
  -1.8824050e-03
  -2.3255909e-03
  -2.7566901e-03
  -3.2333729e-03
  -3.8578664e-03
  -4.4211182e-03
  -5.1046112e-03
  -6.0755601e-03
  -7.0483792e-03
  -8.2679186e-03
  -1.0019058e-02
  -1.1683802e-02
  -1.3572299e-02
  -1.6200639e-02
  -1.8639797e-02
  -2.1154489e-02
  -2.3993850e-02
  -2.6038934e-02
  -2.7692510e-02
  -2.9057585e-02
  -2.9716894e-02
  -2.9750060e-02
  -2.7566019e-02
  -2.2494949e-02
  -1.4679861e-02
  -8.5461549e-03
   0.0000000e+00
   0.0000000e+00
   0.0000000e+00
   0.0000000e+00
   0.0000000e+00
   0.0000000e+00
   0.0000000e+00
   0.0000000e+00
  -3.6351468e-02
  -1.8678321e-02
  -8.2458220e-03
  -7.3441598e-03
  -9.7619910e-03
  -1.3112321e-02
  -1.3541123e-02
  -9.9030193e-03
  -7.0758467e-03
  -7.0354845e-03
  -5.4697888e-03
  -1.8592805e-03
  -4.3116771e-03
  -9.8148696e-03
  -9.6638240e-03
  -9.5175654e-03
  -9.4894748e-03
   0.0000000e+00
   6.5368752e-04
   4.5918941e-04
   1.5574109e-04
   4.6961894e-04
   5.8422668e-04
   4.6756392e-04
   2.0856291e-04
  -4.5571011e-05
  -1.7428212e-04
  -9.3242154e-05
  -3.0016876e-05
  -7.1367889e-05
  -2.0035490e-04
  -3.1700567e-04
  -4.4560060e-04
   4.5692501e-03
   4.3577459e-03
   4.1534472e-03
   3.8817159e-03
   3.6159216e-03
   3.3216118e-03
   2.8840518e-03
   2.4798355e-03
   2.0771604e-03
   1.5605193e-03
   1.0754363e-03
   4.7132703e-04
  -4.3193417e-04
  -1.4263118e-03
  -2.7494459e-03
  -4.6921414e-03
  -6.5519805e-03
  -8.6336486e-03
  -1.1428471e-02
  -1.3947127e-02
  -1.6509047e-02
  -1.9515966e-02
  -2.1979182e-02
  -2.4368454e-02
  -2.6995624e-02
  -2.8887565e-02
  -3.0533737e-02
  -3.0404199e-02
  -2.6277946e-02
  -1.8028577e-02
  -9.7699888e-03
   0.0000000e+00
   0.0000000e+00
   0.0000000e+00
   0.0000000e+00
   0.0000000e+00
   0.0000000e+00
   0.0000000e+00
   0.0000000e+00
  -3.8085961e-02
  -1.8678320e-02
  -8.2458213e-03
  -6.4655391e-03
  -9.8775737e-03
  -1.4382345e-02
  -1.6262591e-02
  -1.2476527e-02
  -9.0936222e-03
  -8.8313328e-03
  -7.3061084e-03
  -4.7344251e-03
  -6.3970568e-03
  -9.8148692e-03
  -9.6638240e-03
  -9.5175647e-03
  -9.4894746e-03
   0.0000000e+00
  -1.4085353e-03
  -8.3627929e-04
   3.4332260e-04
   1.7974676e-03
   2.6615024e-03
   3.1996705e-03
   3.6330175e-03
   3.8667930e-03
   4.1594447e-03
   4.6101308e-03
   4.8969662e-03
   5.0091337e-03
   4.9819300e-03
   4.9092456e-03
   4.7998391e-03
   1.4317924e-02
   1.4212545e-02
   1.4111859e-02
   1.3985622e-02
   1.3881160e-02
   1.3765815e-02
   1.3590208e-02
   1.3441365e-02
   1.3301875e-02
   1.3062941e-02
   1.2713866e-02
   1.2159898e-02
   1.1067262e-02
   9.5923692e-03
   7.5592007e-03
   4.4739242e-03
   1.3908906e-03
  -2.0954204e-03
  -6.6396883e-03
  -1.0604261e-02
  -1.4532541e-02
  -1.8916078e-02
  -2.2197757e-02
  -2.5062978e-02
  -2.7591992e-02
  -2.8774047e-02
  -2.9725712e-02
  -3.0325344e-02
  -2.8655607e-02
  -2.1614734e-02
  -1.1320482e-02
   0.0000000e+00
   0.0000000e+00
   0.0000000e+00
   0.0000000e+00
   0.0000000e+00
   0.0000000e+00
   0.0000000e+00
   0.0000000e+00
  -4.7541559e-02
  -2.5065023e-02
  -9.0895025e-03
  -3.6820970e-03
  -6.7731049e-03
  -1.3156344e-02
  -2.1476630e-02
  -1.9918557e-02
  -1.4631120e-02
  -1.4119674e-02
  -1.3131449e-02
  -1.2220223e-02
  -1.2917718e-02
  -1.4330693e-02
  -1.3919624e-02
  -1.2021765e-02
  -1.0709153e-02
  -1.0751310e-02
  -8.2516084e-03
  -5.0922129e-03
  -2.5487482e-03
   1.0182096e-03
   3.6457432e-03
   5.8950353e-03
   8.2230549e-03
   9.8798256e-03
   1.1282589e-02
   1.2607154e-02
   1.3491277e-02
   1.4113856e-02
   1.4432281e-02
   1.4475401e-02
   1.4426417e-02
   1.7523700e-02
   1.7571798e-02
   1.7580774e-02
   1.7541828e-02
   1.7497431e-02
   1.7440798e-02
   1.7321523e-02
   1.7199850e-02
   1.7066598e-02
   1.6798399e-02
   1.6369436e-02
   1.5703727e-02
   1.4392941e-02
   1.2638354e-02
   1.0238902e-02
   6.6191815e-03
   3.0559700e-03
  -9.1136328e-04
  -5.9757452e-03
  -1.0318719e-02
  -1.4624089e-02
  -1.9509684e-02
  -2.3238793e-02
  -2.6537891e-02
  -2.9519606e-02
  -3.0945119e-02
  -3.1943619e-02
  -3.2546550e-02
  -3.1022076e-02
  -2.4119228e-02
  -1.3002473e-02
   0.0000000e+00
   0.0000000e+00
   0.0000000e+00
   0.0000000e+00
   0.0000000e+00
   0.0000000e+00
   0.0000000e+00
   0.0000000e+00
  -5.2186072e-02
  -3.0183252e-02
  -1.1409397e-02
  -2.3565993e-03
  -3.9586369e-03
  -1.0039613e-02
  -2.1697529e-02
  -2.3712274e-02
  -1.7413462e-02
  -1.6736776e-02
  -1.6033025e-02
  -1.5572044e-02
  -1.6207708e-02
  -1.7059688e-02
  -1.6579533e-02
  -1.4691637e-02
  -1.3337377e-02
  -1.3348785e-02
  -1.1618673e-02
  -9.1136936e-03
  -6.4266557e-03
  -2.4057406e-03
   7.7961991e-04
   3.7116506e-03
   6.9591319e-03
   9.4330590e-03
   1.1586957e-02
   1.3608224e-02
   1.4998455e-02
   1.6134445e-02
   1.6956791e-02
   1.7284177e-02
   1.7431416e-02
   2.1867113e-02
   2.2171123e-02
   2.2359260e-02
   2.2454541e-02
   2.2494360e-02
   2.2517218e-02
   2.2462210e-02
   2.2354361e-02
   2.2197072e-02
   2.1840436e-02
   2.1252824e-02
   2.0383840e-02
   1.8714432e-02
   1.6531668e-02
   1.3582224e-02
   9.1741940e-03
   4.9288704e-03
   3.0208030e-04
  -5.4446647e-03
  -1.0261048e-02
  -1.5048108e-02
  -2.0633900e-02
  -2.5041346e-02
  -2.9040494e-02
  -3.2831771e-02
  -3.4780073e-02
  -3.5953366e-02
  -3.6465105e-02
  -3.4869395e-02
  -2.8048623e-02
  -1.5755546e-02
   0.0000000e+00
   0.0000000e+00
   0.0000000e+00
   0.0000000e+00
   0.0000000e+00
   0.0000000e+00
   0.0000000e+00
   0.0000000e+00
  -5.9099834e-02
  -3.8338757e-02
  -1.5378853e-02
  -3.9477617e-04
   5.8021936e-04
  -4.7190380e-03
  -2.1392517e-02
  -2.9396989e-02
  -2.1572112e-02
  -2.0637845e-02
  -2.0363162e-02
  -2.0473454e-02
  -2.1128736e-02
  -2.1260401e-02
  -2.0693280e-02
  -1.9055942e-02
  -1.7880426e-02
  -1.7918866e-02
  -1.7315199e-02
  -1.5623018e-02
  -1.2864816e-02
  -8.3262767e-03
  -4.3940691e-03
  -4.8844824e-04
   4.1247028e-03
   7.8470515e-03
   1.1174829e-02
   1.4305639e-02
   1.6506875e-02
   1.8478266e-02
   2.0141253e-02
   2.0953378e-02
   2.1437816e-02
   1.7895311e-02
   1.8810313e-02
   1.9514903e-02
   2.0005248e-02
   2.0175211e-02
   2.0276604e-02
   2.0295735e-02
   2.0126633e-02
   1.9816207e-02
   1.9209640e-02
   1.8312864e-02
   1.7007554e-02
   1.4774964e-02
   1.2245063e-02
   9.1069844e-03
   4.7084298e-03
   6.8729202e-04
  -3.5679273e-03
  -8.7206466e-03
  -1.2942696e-02
  -1.7174061e-02
  -2.2229126e-02
  -2.6335090e-02
  -3.0353766e-02
  -3.5088722e-02
  -3.8550444e-02
  -4.1634262e-02
  -4.4180598e-02
  -4.3740854e-02
  -3.7349295e-02
  -2.3402140e-02
   0.0000000e+00
   0.0000000e+00
   0.0000000e+00
   0.0000000e+00
   0.0000000e+00
   0.0000000e+00
   0.0000000e+00
   0.0000000e+00
  -6.4752460e-02
  -4.9938411e-02
  -2.5893446e-02
  -2.0018944e-03
   4.1548549e-03
   6.4037707e-04
  -2.6557724e-02
  -3.3579774e-02
  -2.6276911e-02
  -2.3251854e-02
  -2.3866843e-02
  -2.4306219e-02
  -2.4972878e-02
  -2.4879608e-02
  -2.4324365e-02
  -2.3584530e-02
  -2.3529459e-02
  -2.4314277e-02
  -2.5088673e-02
  -2.4796380e-02
  -2.3323540e-02
  -2.0130759e-02
  -1.6826315e-02
  -1.3007551e-02
  -7.7952631e-03
  -3.2294970e-03
   1.1421475e-03
   5.4662414e-03
   8.4822085e-03
   1.1286729e-02
   1.4059648e-02
   1.5634967e-02
   1.6752807e-02
   1.3375305e-02
   1.4554092e-02
   1.5534869e-02
   1.6293433e-02
   1.6603606e-02
   1.6819406e-02
   1.7010476e-02
   1.6968979e-02
   1.6755346e-02
   1.6234718e-02
   1.5381305e-02
   1.4063871e-02
   1.1787204e-02
   9.2910994e-03
   6.2953788e-03
   2.2120124e-03
  -1.4199557e-03
  -5.1922286e-03
  -9.7174952e-03
  -1.3416788e-02
  -1.7175931e-02
  -2.1810034e-02
  -2.5767680e-02
  -2.9892813e-02
  -3.5256673e-02
  -3.9743651e-02
  -4.4229731e-02
  -4.8736904e-02
  -4.9922340e-02
  -4.4523776e-02
  -2.9049908e-02
   0.0000000e+00
   0.0000000e+00
   0.0000000e+00
   0.0000000e+00
   0.0000000e+00
   0.0000000e+00
   0.0000000e+00
   0.0000000e+00
  -6.6607602e-02
  -5.5503421e-02
  -3.2409627e-02
  -4.3039117e-03
   4.8517038e-03
   5.9644393e-03
  -3.1688856e-02
  -3.4840186e-02
  -2.8739085e-02
  -2.4112105e-02
  -2.5175171e-02
  -2.5794443e-02
  -2.6519341e-02
  -2.6381996e-02
  -2.5845019e-02
  -2.5435699e-02
  -2.5830973e-02
  -2.6982827e-02
  -2.8410910e-02
  -2.8845347e-02
  -2.8159516e-02
  -2.5947098e-02
  -2.3349384e-02
  -2.0043926e-02
  -1.5044819e-02
  -1.0365725e-02
  -5.7181576e-03
  -9.8169944e-04
   2.3579784e-03
   5.4855547e-03
   8.6929211e-03
   1.0581165e-02
   1.1957228e-02
   2.6986475e-03
   4.2159736e-03
   5.6437105e-03
   6.9162132e-03
   7.5523821e-03
   8.0549203e-03
   8.7098645e-03
   9.0998892e-03
   9.2936299e-03
   9.2202002e-03
   8.7298005e-03
   7.7031458e-03
   5.7159045e-03
   3.5823983e-03
   1.1583577e-03
  -1.9797898e-03
  -4.6041206e-03
  -7.1960090e-03
  -1.0271195e-02
  -1.2836981e-02
  -1.5586297e-02
  -1.9346730e-02
  -2.3082492e-02
  -2.7514603e-02
  -3.4070549e-02
  -4.0519664e-02
  -4.7809015e-02
  -5.6714067e-02
  -6.1942494e-02
  -5.9222150e-02
  -4.0376563e-02
   0.0000000e+00
   0.0000000e+00
   0.0000000e+00
   0.0000000e+00
   0.0000000e+00
   0.0000000e+00
   0.0000000e+00
   0.0000000e+00
  -6.7971234e-02
  -6.3613734e-02
  -4.4208066e-02
  -1.0053421e-02
   3.6980220e-03
   0.0000000e+00
   0.0000000e+00
  -3.6179409e-02
  -3.2648074e-02
  -2.4749820e-02
  -2.6499142e-02
  -2.7415014e-02
  -2.8307350e-02
  -2.8205616e-02
  -2.7714929e-02
  -2.7630766e-02
  -2.8545977e-02
  -3.0246759e-02
  -3.2615852e-02
  -3.4195636e-02
  -3.4923205e-02
  -3.4663066e-02
  -3.3729657e-02
  -3.1909964e-02
  -2.8004551e-02
  -2.3615930e-02
  -1.8917971e-02
  -1.3830988e-02
  -1.0124592e-02
  -6.6460764e-03
  -2.9589203e-03
  -6.9787143e-04
   9.8311276e-04
  -7.6464484e-03
  -6.0182256e-03
  -4.3888339e-03
  -2.6235448e-03
  -1.4639002e-03
  -5.8523996e-04
   5.6593027e-04
   1.5775828e-03
   2.4923338e-03
   3.4347016e-03
   3.9314101e-03
   3.9559361e-03
   3.1416614e-03
   1.9103263e-03
   3.8782996e-04
  -1.7558404e-03
  -3.6735064e-03
  -5.6470311e-03
  -8.1134494e-03
  -1.0288252e-02
  -1.2714584e-02
  -1.6224399e-02
  -1.9859374e-02
  -2.4275025e-02
  -3.1028373e-02
  -3.8186125e-02
  -4.7105126e-02
  -6.0557265e-02
  -7.2250135e-02
  -7.6245613e-02
  -5.3151896e-02
   0.0000000e+00
   0.0000000e+00
   0.0000000e+00
   0.0000000e+00
   0.0000000e+00
   0.0000000e+00
   0.0000000e+00
   0.0000000e+00
  -6.8233408e-02
  -6.9329612e-02
  -5.5618647e-02
  -1.9524105e-02
   3.6980218e-03
   0.0000000e+00
   0.0000000e+00
  -3.6179409e-02
  -3.2042596e-02
  -2.4879310e-02
  -2.6312647e-02
  -2.7424201e-02
  -2.8554913e-02
  -2.8582223e-02
  -2.8157981e-02
  -2.8079074e-02
  -2.9106487e-02
  -3.0932721e-02
  -3.3559725e-02
  -3.5570823e-02
  -3.6973819e-02
  -3.7938517e-02
  -3.8366035e-02
  -3.8081441e-02
  -3.5910424e-02
  -3.2583531e-02
  -2.8650057e-02
  -2.4161324e-02
  -2.0773038e-02
  -1.7471636e-02
  -1.3804296e-02
  -1.1336873e-02
  -9.4684493e-03
  -1.3897881e-02
  -1.2277837e-02
  -1.0607333e-02
  -8.6245416e-03
  -7.1605715e-03
  -6.0435683e-03
  -4.6135951e-03
  -3.2252372e-03
  -1.8403571e-03
  -2.3405542e-04
   9.4203686e-04
   1.7149117e-03
   1.7619664e-03
   1.1698239e-03
   2.2260871e-04
  -1.3447063e-03
  -2.8872580e-03
  -4.5568822e-03
  -6.7391484e-03
  -8.7445247e-03
  -1.1038147e-02
  -1.4424366e-02
  -1.7974706e-02
  -2.2313926e-02
  -2.9025469e-02
  -3.6349300e-02
  -4.5830548e-02
  -6.1419949e-02
  -7.7108419e-02
  -8.6204849e-02
  -5.8416396e-02
   0.0000000e+00
   0.0000000e+00
   0.0000000e+00
   0.0000000e+00
   0.0000000e+00
   0.0000000e+00
  -3.2590409e-02
  -4.4902630e-02
  -6.7632124e-02
  -7.2724781e-02
  -6.3231491e-02
  -2.7615810e-02
   0.0000000e+00
   0.0000000e+00
   0.0000000e+00
   0.0000000e+00
  -3.0622010e-02
  -2.4382345e-02
  -2.5895060e-02
  -2.7132211e-02
  -2.8381748e-02
  -2.8514166e-02
  -2.8145272e-02
  -2.8058253e-02
  -2.9113308e-02
  -3.0963736e-02
  -3.3649888e-02
  -3.5839069e-02
  -3.7571855e-02
  -3.9169062e-02
  -4.0343883e-02
  -4.0947434e-02
  -3.9826591e-02
  -3.7211745e-02
  -3.3825494e-02
  -2.9804451e-02
  -2.6722717e-02
  -2.3658384e-02
  -2.0138167e-02
  -1.7634474e-02
  -1.5716672e-02
  -2.2803939e-02
  -2.1425217e-02
  -1.9942762e-02
  -1.7895328e-02
  -1.6034471e-02
  -1.4544140e-02
  -1.2781303e-02
  -1.0853033e-02
  -8.6932210e-03
  -5.9880329e-03
  -3.5909015e-03
  -1.4063516e-03
   3.3363825e-04
   9.3928887e-04
   9.0476389e-04
   8.3422345e-05
  -1.0832971e-03
  -2.5330745e-03
  -4.5662434e-03
  -6.5344085e-03
  -8.8297516e-03
  -1.2124944e-02
  -1.5482251e-02
  -1.9509516e-02
  -2.5669454e-02
  -3.2429218e-02
  -4.1420883e-02
  -5.8190473e-02
  -7.9843707e-02
  -9.9391831e-02
   0.0000000e+00
   0.0000000e+00
   0.0000000e+00
   0.0000000e+00
   0.0000000e+00
   0.0000000e+00
   0.0000000e+00
  -3.2590409e-02
  -4.4902621e-02
  -6.4455065e-02
  -7.7381892e-02
  -7.6268768e-02
  -4.0551644e-02
   0.0000000e+00
   0.0000000e+00
   0.0000000e+00
   0.0000000e+00
  -2.5749235e-02
  -2.1917431e-02
  -2.4368897e-02
  -2.5807428e-02
  -2.7149209e-02
  -2.7514236e-02
  -2.7270617e-02
  -2.7137540e-02
  -2.8109338e-02
  -2.9836554e-02
  -3.2311618e-02
  -3.4502326e-02
  -3.6465581e-02
  -3.8635121e-02
  -4.0645229e-02
  -4.2393419e-02
  -4.2775071e-02
  -4.1389865e-02
  -3.9043603e-02
  -3.6013144e-02
  -3.3717329e-02
  -3.1387911e-02
  -2.8490090e-02
  -2.6204861e-02
  -2.4411842e-02
  -2.6671177e-02
  -2.5614807e-02
  -2.4605367e-02
  -2.3108661e-02
  -2.1573763e-02
  -2.0268803e-02
  -1.8785174e-02
  -1.7009659e-02
  -1.4719428e-02
  -1.1579759e-02
  -8.6009167e-03
  -5.5125452e-03
  -2.4546640e-03
  -7.4944313e-04
   1.5129732e-04
   6.1371207e-05
  -6.8271894e-04
  -1.8240310e-03
  -3.5217183e-03
  -5.2129133e-03
  -7.3547298e-03
  -1.0554093e-02
  -1.3803273e-02
  -1.7647839e-02
  -2.3381158e-02
  -2.9430024e-02
  -3.7022287e-02
  -5.0703841e-02
  -7.0769705e-02
  -9.5883390e-02
   0.0000000e+00
   0.0000000e+00
   0.0000000e+00
   0.0000000e+00
   0.0000000e+00
   0.0000000e+00
   0.0000000e+00
  -3.2079859e-02
  -4.2650564e-02
  -6.0388412e-02
  -7.6077864e-02
  -8.4933733e-02
  -4.0551642e-02
   0.0000000e+00
   0.0000000e+00
   0.0000000e+00
   0.0000000e+00
  -1.8693302e-02
  -1.9469769e-02
  -2.1901764e-02
  -2.3534802e-02
  -2.4946700e-02
  -2.5456712e-02
  -2.5434048e-02
  -2.5388801e-02
  -2.6202915e-02
  -2.7708014e-02
  -2.9842270e-02
  -3.1857673e-02
  -3.3800783e-02
  -3.6107822e-02
  -3.8475908e-02
  -4.0806620e-02
  -4.2115631e-02
  -4.1556664e-02
  -3.9944219e-02
  -3.7433746e-02
  -3.5518523e-02
  -3.3766115e-02
  -3.1585066e-02
  -2.9661261e-02
  -2.8073033e-02
  -2.8776743e-02
  -2.7893586e-02
  -2.7179971e-02
  -2.6102509e-02
  -2.4864540e-02
  -2.3774043e-02
  -2.2597240e-02
  -2.1093359e-02
  -1.8908449e-02
  -1.5654117e-02
  -1.2433993e-02
  -8.8849710e-03
  -5.0217882e-03
  -2.5577882e-03
  -9.2108862e-04
  -3.4794881e-04
  -7.1049531e-04
  -1.5669570e-03
  -2.9366107e-03
  -4.3416973e-03
  -6.2747840e-03
  -9.3082804e-03
  -1.2432908e-02
  -1.6140305e-02
  -2.1622818e-02
  -2.7302949e-02
  -3.4114677e-02
  -4.5609508e-02
  -6.3218966e-02
  -8.9247175e-02
  -8.7273792e-02
   0.0000000e+00
   0.0000000e+00
  -5.6772975e-03
  -1.1551444e-02
  -1.7931749e-02
  -1.1810417e-02
  -2.9249852e-02
  -4.0535152e-02
  -5.6633957e-02
  -7.3084137e-02
  -8.7920830e-02
   0.0000000e+00
   0.0000000e+00
   0.0000000e+00
   0.0000000e+00
   0.0000000e+00
  -1.5289670e-02
  -1.6821267e-02
  -1.9747769e-02
  -2.1635199e-02
  -2.3091989e-02
  -2.3691141e-02
  -2.3825068e-02
  -2.3855286e-02
  -2.4545322e-02
  -2.5877664e-02
  -2.7758943e-02
  -2.9618716e-02
  -3.1508878e-02
  -3.3874705e-02
  -3.6447830e-02
  -3.9130367e-02
  -4.1042183e-02
  -4.1052299e-02
  -3.9959624e-02
  -3.7843816e-02
  -3.6151610e-02
  -3.4744471e-02
  -3.3067193e-02
  -3.1447858e-02
  -3.0042114e-02
  -2.9818681e-02
  -2.9012407e-02
  -2.8592372e-02
  -2.8181439e-02
  -2.7549690e-02
  -2.7001865e-02
  -2.6572087e-02
  -2.5927272e-02
  -2.4472440e-02
  -2.1630040e-02
  -1.8580581e-02
  -1.4924509e-02
  -1.0325396e-02
  -6.8703344e-03
  -3.9976492e-03
  -2.0781237e-03
  -1.6696040e-03
  -1.9356312e-03
  -2.5840015e-03
  -3.3272635e-03
  -4.6759080e-03
  -7.1902034e-03
  -1.0000645e-02
  -1.3495229e-02
  -1.8782389e-02
  -2.4350507e-02
  -3.0704421e-02
  -3.9173903e-02
  -4.9446235e-02
  -6.7792323e-02
  -8.7273791e-02
   0.0000000e+00
   0.0000000e+00
  -5.6772971e-03
  -1.1551444e-02
  -1.7931750e-02
  -1.1810418e-02
  -2.3643518e-02
  -3.6069279e-02
  -4.8853703e-02
  -6.2821999e-02
  -8.2744908e-02
   0.0000000e+00
   0.0000000e+00
   0.0000000e+00
   0.0000000e+00
   0.0000000e+00
   0.0000000e+00
  -1.0451409e-02
  -1.5564685e-02
  -1.8148925e-02
  -1.9653768e-02
  -2.0336241e-02
  -2.0687180e-02
  -2.0861026e-02
  -2.1342707e-02
  -2.2390310e-02
  -2.3887169e-02
  -2.5438536e-02
  -2.7141098e-02
  -2.9474217e-02
  -3.2187748e-02
  -3.5177669e-02
  -3.7764144e-02
  -3.8514316e-02
  -3.8141116e-02
  -3.6649515e-02
  -3.5128403e-02
  -3.4011763e-02
  -3.3020234e-02
  -3.1965602e-02
  -3.0923093e-02
  -2.8323766e-02
  -2.7547844e-02
  -2.7119063e-02
  -2.6949935e-02
  -2.6669411e-02
  -2.6378840e-02
  -2.6338873e-02
  -2.6312366e-02
  -2.5676748e-02
  -2.3782831e-02
  -2.1403873e-02
  -1.8369161e-02
  -1.4199710e-02
  -1.0704806e-02
  -7.4260412e-03
  -4.4767079e-03
  -3.2234732e-03
  -2.8947606e-03
  -2.9625036e-03
  -3.1216836e-03
  -3.7812414e-03
  -5.4540280e-03
  -7.6530902e-03
  -1.0668779e-02
  -1.5497759e-02
  -2.0897783e-02
  -2.7545132e-02
  -3.6530294e-02
  -4.5063779e-02
  -5.6156479e-02
  -6.2549477e-02
  -3.4747651e-02
  -2.7996025e-03
   4.1729272e-03
  -8.1555797e-03
  -1.3203886e-02
  -1.4172895e-02
  -2.3236318e-02
  -3.2251097e-02
  -4.2385563e-02
  -5.2127980e-02
  -6.2801033e-02
  -4.0399166e-02
  -1.8216554e-02
  -2.4537389e-02
   0.0000000e+00
   0.0000000e+00
   0.0000000e+00
  -7.1725235e-03
  -1.0903912e-02
  -1.4304559e-02
  -1.6030805e-02
  -1.6793594e-02
  -1.7325195e-02
  -1.7576667e-02
  -1.7998485e-02
  -1.8918289e-02
  -2.0138904e-02
  -2.1411194e-02
  -2.2922818e-02
  -2.5046200e-02
  -2.7657319e-02
  -3.0632682e-02
  -3.3397786e-02
  -3.4457281e-02
  -3.4478854e-02
  -3.3502355e-02
  -3.2243922e-02
  -3.1258080e-02
  -3.0552030e-02
  -2.9849451e-02
  -2.9163912e-02
  -2.6455360e-02
  -2.5743196e-02
  -2.5279226e-02
  -2.5185669e-02
  -2.5106380e-02
  -2.4955757e-02
  -2.5107251e-02
  -2.5471380e-02
  -2.5375567e-02
  -2.4136916e-02
  -2.2275189e-02
  -1.9786069e-02
  -1.6124155e-02
  -1.2833005e-02
  -9.5426673e-03
  -6.1454759e-03
  -4.3725967e-03
  -3.6251063e-03
  -3.3125335e-03
  -3.1210510e-03
  -3.3113700e-03
  -4.3397220e-03
  -6.0092877e-03
  -8.5462816e-03
  -1.2840518e-02
  -1.7807785e-02
  -2.4246737e-02
  -3.3362277e-02
  -4.1452587e-02
  -4.9575765e-02
  -5.2110840e-02
  -3.2730673e-02
  -3.8149324e-03
   3.3799771e-03
  -6.7406376e-03
  -1.1530682e-02
  -1.5961461e-02
  -2.2941673e-02
  -2.9565208e-02
  -3.7677396e-02
  -4.4855900e-02
  -5.0779320e-02
  -3.8144968e-02
  -1.8599169e-02
  -2.2096451e-02
  -1.7647740e-02
  -1.1381774e-02
  -4.8359448e-03
  -4.9887272e-03
  -7.2536557e-03
  -1.0702071e-02
  -1.2576783e-02
  -1.3484729e-02
  -1.4301097e-02
  -1.4720410e-02
  -1.5107068e-02
  -1.5964385e-02
  -1.7059680e-02
  -1.8152729e-02
  -1.9536141e-02
  -2.1530926e-02
  -2.4026129e-02
  -2.6953321e-02
  -2.9816501e-02
  -3.1043762e-02
  -3.1268205e-02
  -3.0610645e-02
  -2.9535156e-02
  -2.8625803e-02
  -2.8054565e-02
  -2.7544752e-02
  -2.7073836e-02
  -2.3213816e-02
  -2.2632020e-02
  -2.2088445e-02
  -2.1952684e-02
  -2.2040707e-02
  -2.1994017e-02
  -2.2251520e-02
  -2.3001134e-02
  -2.3471652e-02
  -2.2964386e-02
  -2.1754695e-02
  -2.0035485e-02
  -1.7231568e-02
  -1.4487811e-02
  -1.1556673e-02
  -8.0242756e-03
  -5.7598333e-03
  -4.5339918e-03
  -3.8257168e-03
  -3.3159611e-03
  -2.9919688e-03
  -3.2137600e-03
  -4.1441230e-03
  -5.9422706e-03
  -9.3377522e-03
  -1.3383938e-02
  -1.9021511e-02
  -2.7970054e-02
  -3.6614575e-02
  -4.4247686e-02
  -4.3741313e-02
  -2.7688922e-02
  -6.3529096e-03
  -9.5581936e-04
  -6.4495100e-03
  -1.1867098e-02
  -1.8174221e-02
  -2.2594365e-02
  -2.6500793e-02
  -3.2090774e-02
  -3.6899456e-02
  -3.9791369e-02
  -3.2510262e-02
  -1.9555577e-02
  -1.5994947e-02
  -1.7647743e-02
  -1.1381774e-02
  -4.8359448e-03
  -2.6639175e-03
  -2.5840016e-03
  -5.3715037e-03
  -7.4057148e-03
  -8.5997403e-03
  -9.9552559e-03
  -1.0719915e-02
  -1.1075903e-02
  -1.1899168e-02
  -1.2945246e-02
  -1.3856984e-02
  -1.5102412e-02
  -1.6976211e-02
  -1.9279558e-02
  -2.2100234e-02
  -2.5037843e-02
  -2.6388819e-02
  -2.6743047e-02
  -2.6390381e-02
  -2.5521147e-02
  -2.4677955e-02
  -2.4170848e-02
  -2.3806385e-02
  -2.3530774e-02
  -1.7986353e-02
  -1.7633911e-02
  -1.7074203e-02
  -1.6758978e-02
  -1.6842257e-02
  -1.6817963e-02
  -1.6928354e-02
  -1.7761886e-02
  -1.8652346e-02
  -1.8787860e-02
  -1.8020594e-02
  -1.6963618e-02
  -1.5104568e-02
  -1.3065657e-02
  -1.0940984e-02
  -8.1065762e-03
  -5.8972647e-03
  -4.4860038e-03
  -3.7050590e-03
  -3.0682684e-03
  -2.5954094e-03
  -2.3876132e-03
  -2.6871850e-03
  -3.7189916e-03
  -6.0709000e-03
  -8.8777885e-03
  -1.2804655e-02
  -1.9276978e-02
  -2.5861704e-02
  -3.1847157e-02
  -3.1728733e-02
  -2.1963974e-02
  -8.8656162e-03
  -3.1218944e-03
  -5.5630950e-03
  -1.0761783e-02
  -1.8312167e-02
  -2.2444290e-02
  -2.3915143e-02
  -2.6458731e-02
  -2.9667981e-02
  -3.1508017e-02
  -2.4872565e-02
  -1.4601331e-02
  -7.9929335e-03
  -8.2379383e-03
  -7.5410637e-03
  -5.6694134e-03
  -3.0001075e-03
   6.0595390e-04
   1.2291537e-03
   1.2893291e-03
   4.3646148e-04
  -1.8215085e-03
  -3.8243530e-03
  -4.4941017e-03
  -5.3981504e-03
  -6.6353117e-03
  -7.6512518e-03
  -8.9330541e-03
  -1.0831849e-02
  -1.3063979e-02
  -1.5789280e-02
  -1.8804276e-02
  -2.0348161e-02
  -2.0807221e-02
  -2.0614091e-02
  -2.0027717e-02
  -1.9277799e-02
  -1.8722972e-02
  -1.8372273e-02
  -1.8075889e-02
  -1.3887919e-02
  -1.3674522e-02
  -1.3158760e-02
  -1.2770783e-02
  -1.2853898e-02
  -1.2853841e-02
  -1.2789653e-02
  -1.3485740e-02
  -1.4405810e-02
  -1.4818777e-02
  -1.4344303e-02
  -1.3564422e-02
  -1.2205100e-02
  -1.0568498e-02
  -8.8540018e-03
  -6.6175889e-03
  -4.7029946e-03
  -3.3537489e-03
  -2.6357188e-03
  -2.1031701e-03
  -1.6640236e-03
  -1.5051998e-03
  -1.6546409e-03
  -2.3477920e-03
  -4.1745636e-03
  -6.3478113e-03
  -9.3534328e-03
  -1.4306322e-02
  -1.9377623e-02
  -2.4093462e-02
  -2.4562847e-02
  -1.7987069e-02
  -8.3965026e-03
  -2.7151906e-03
  -4.0638857e-03
  -9.1263605e-03
  -1.7533395e-02
  -2.1157352e-02
  -2.1210136e-02
  -2.1553569e-02
  -2.3311464e-02
  -2.7890345e-02
  -2.3801874e-02
  -6.9460552e-03
   3.3916190e-04
  -1.6023082e-04
  -3.1171213e-03
  -5.0403066e-03
  -4.3992447e-03
  -6.5976259e-04
   2.5374736e-03
   6.4878692e-03
   7.7921804e-03
   5.7508294e-03
   3.0546794e-03
   1.8203813e-03
   6.2367064e-04
  -9.6983794e-04
  -2.2703363e-03
  -3.7601618e-03
  -5.8311177e-03
  -8.1808055e-03
  -1.0898051e-02
  -1.4000781e-02
  -1.5722193e-02
  -1.6382812e-02
  -1.6326448e-02
  -1.5917437e-02
  -1.5263896e-02
  -1.4671954e-02
  -1.4324382e-02
  -1.3968463e-02
  -9.4090523e-03
  -9.3277618e-03
  -8.8845594e-03
  -8.4361285e-03
  -8.5038636e-03
  -8.5518686e-03
  -8.3191860e-03
  -8.7728184e-03
  -9.6149212e-03
  -1.0231755e-02
  -1.0039728e-02
  -9.4844457e-03
  -8.5584717e-03
  -7.3061553e-03
  -5.9212772e-03
  -4.2576734e-03
  -2.7232091e-03
  -1.5425474e-03
  -9.3576522e-04
  -5.6951202e-04
  -2.3756872e-04
  -2.0934938e-04
  -3.2390922e-04
  -7.8841305e-04
  -2.1689949e-03
  -3.7971751e-03
  -5.9920298e-03
  -9.5235622e-03
  -1.3081623e-02
  -1.6483760e-02
  -1.7485535e-02
  -1.3634525e-02
  -6.8526766e-03
  -1.3751688e-03
  -1.9411650e-03
  -6.9694272e-03
  -1.6229087e-02
  -1.9891448e-02
  -1.8867596e-02
  -1.7437934e-02
  -1.7968689e-02
  -1.8064457e-02
   0.0000000e+00
   6.9754767e-03
   8.8288714e-03
   7.9326890e-03
   2.2594258e-03
  -3.4194929e-03
  -5.6913574e-03
  -2.6492465e-03
   3.1624020e-03
   1.0089808e-02
   1.4942311e-02
   1.4241825e-02
   1.1347117e-02
   9.5015103e-03
   7.8715840e-03
   5.7819039e-03
   4.0558958e-03
   2.1869955e-03
  -1.7648676e-04
  -2.7195371e-03
  -5.4952488e-03
  -8.7142633e-03
  -1.0626541e-02
  -1.1536160e-02
  -1.1666003e-02
  -1.1428906e-02
  -1.0892108e-02
  -1.0299280e-02
  -9.9603329e-03
  -9.5355138e-03
  -3.4411779e-03
  -3.4950597e-03
  -3.1931326e-03
  -2.6757466e-03
  -2.6583422e-03
  -2.8509013e-03
  -2.5402935e-03
  -2.4940672e-03
  -3.0750313e-03
  -3.7804545e-03
  -3.8654578e-03
  -3.5264125e-03
  -2.9546692e-03
  -2.1354343e-03
  -9.2474953e-04
   3.4933374e-04
   1.3844908e-03
   2.1331993e-03
   2.5354892e-03
   2.6645597e-03
   2.7144076e-03
   2.6278517e-03
   2.3695051e-03
   1.8911778e-03
   8.7162630e-04
  -3.0003816e-04
  -1.8015389e-03
  -3.9979693e-03
  -6.0090859e-03
  -7.9366618e-03
  -8.9328769e-03
  -7.3185168e-03
  -2.9796897e-03
   2.0003398e-03
   2.0674888e-03
  -3.3430745e-03
  -1.2610949e-02
   0.0000000e+00
   0.0000000e+00
   0.0000000e+00
   0.0000000e+00
   0.0000000e+00
   0.0000000e+00
   0.0000000e+00
   1.7973514e-02
   1.5085741e-02
   1.0252442e-02
   1.2704873e-03
  -5.3702707e-03
  -4.1319452e-03
   4.4593048e-03
   8.0651305e-03
   2.0630938e-02
   2.5279089e-02
   2.4106125e-02
   2.1774060e-02
   1.9329946e-02
   1.6347095e-02
   1.3787164e-02
   1.0973959e-02
   7.9464396e-03
   5.0505310e-03
   1.9898978e-03
  -1.4403500e-03
  -3.5690920e-03
  -4.8118221e-03
  -5.3265875e-03
  -5.2728620e-03
  -4.9153463e-03
  -4.4808564e-03
  -4.1817301e-03
  -3.6910983e-03
   3.0414094e-03
   2.9710191e-03
   3.0128914e-03
   3.5073399e-03
   3.6840774e-03
   3.5723611e-03
   3.6872483e-03
   3.9583663e-03
   3.7480916e-03
   3.1915493e-03
   2.9626950e-03
   3.1444414e-03
   3.4977093e-03
   3.8559113e-03
   4.7570681e-03
   6.0767215e-03
   6.8819039e-03
   7.3625548e-03
   7.4653104e-03
   7.3583387e-03
   7.1259588e-03
   6.8598753e-03
   6.5937992e-03
   6.0673975e-03
   5.2169971e-03
   4.3890821e-03
   3.3973674e-03
   2.2401013e-03
   1.4270791e-03
   7.6933019e-04
   3.6278172e-04
   9.0112200e-04
   3.5386181e-03
   7.8528076e-03
   8.4899440e-03
   2.2773179e-03
  -6.1042445e-03
   0.0000000e+00
   0.0000000e+00
   0.0000000e+00
   0.0000000e+00
   0.0000000e+00
   0.0000000e+00
   0.0000000e+00
   1.7973515e-02
   1.5342688e-02
   1.0140613e-02
   2.4844236e-03
  -4.8677893e-03
  -5.6473200e-03
   4.4593046e-03
   1.1103248e-02
   1.9965829e-02
   3.1109488e-02
   3.5177451e-02
   3.4083948e-02
   3.1581327e-02
   2.7931064e-02
   2.4679897e-02
   2.0930398e-02
   1.7005954e-02
   1.3747615e-02
   1.0247694e-02
   6.3473918e-03
   3.9412668e-03
   2.5025313e-03
   1.6650849e-03
   1.5927706e-03
   1.8059091e-03
   1.9454891e-03
   2.1025236e-03
   2.6392071e-03
   8.7680882e-03
   8.8005047e-03
   8.7346500e-03
   9.0813618e-03
   9.3365125e-03
   9.3946876e-03
   9.4595365e-03
   9.7575961e-03
   9.8111853e-03
   9.5257750e-03
   9.3109179e-03
   9.3740877e-03
   9.6130148e-03
   9.6590081e-03
   1.0209580e-02
   1.1425562e-02
   1.2102630e-02
   1.2397428e-02
   1.2354540e-02
   1.2040157e-02
   1.1597093e-02
   1.1209761e-02
   1.0878354e-02
   1.0306713e-02
   9.6170623e-03
   9.0741403e-03
   8.5129123e-03
   8.0679469e-03
   8.0586746e-03
   8.3720312e-03
   8.8177165e-03
   9.1616884e-03
   1.0867669e-02
   1.4290921e-02
   1.5315438e-02
   9.4130915e-03
  -4.9672233e-03
   0.0000000e+00
   0.0000000e+00
   0.0000000e+00
   0.0000000e+00
   0.0000000e+00
   0.0000000e+00
   0.0000000e+00
   0.0000000e+00
   2.9072328e-03
   2.3116632e-03
  -2.7420570e-03
  -8.4193507e-03
  -8.8752517e-03
   0.0000000e+00
  -1.1438327e-03
   1.3051155e-02
   2.9900599e-02
   3.9333627e-02
   4.0850669e-02
   3.9327670e-02
   3.5742734e-02
   3.2283504e-02
   2.8091745e-02
   2.3656605e-02
   2.0190444e-02
   1.6474454e-02
   1.2249531e-02
   9.6573252e-03
   8.1105446e-03
   7.1200770e-03
   7.1430504e-03
   7.3973872e-03
   7.4821431e-03
   7.6091005e-03
   8.1675276e-03
   1.4281756e-02
   1.4541470e-02
   1.4558730e-02
   1.4812905e-02
   1.5090356e-02
   1.5370191e-02
   1.5506130e-02
   1.5832329e-02
   1.6145619e-02
   1.6219955e-02
   1.6123919e-02
   1.6149126e-02
   1.6281324e-02
   1.6136870e-02
   1.6366277e-02
   1.7315302e-02
   1.7796591e-02
   1.7900076e-02
   1.7647028e-02
   1.7143030e-02
   1.6522741e-02
   1.5932508e-02
   1.5504377e-02
   1.4821457e-02
   1.4247609e-02
   1.3970817e-02
   1.3882849e-02
   1.4082048e-02
   1.4716724e-02
   1.5833320e-02
   1.7340461e-02
   1.7992087e-02
   1.9253405e-02
   2.1657234e-02
   2.3089847e-02
   1.8059805e-02
   0.0000000e+00
   0.0000000e+00
   0.0000000e+00
   0.0000000e+00
   0.0000000e+00
   0.0000000e+00
   0.0000000e+00
   0.0000000e+00
   0.0000000e+00
  -1.1129290e-02
  -8.9107398e-03
  -1.1133737e-02
  -1.4424647e-02
  -1.4078266e-02
  -1.8073048e-02
  -1.6194053e-02
   1.7974079e-03
   2.2873582e-02
   3.7622798e-02
   4.2496055e-02
   4.2989369e-02
   4.0334251e-02
   3.7139881e-02
   3.2966852e-02
   2.8520303e-02
   2.5157338e-02
   2.1524118e-02
   1.7369978e-02
   1.4673623e-02
   1.3049135e-02
   1.1933901e-02
   1.2089998e-02
   1.2507054e-02
   1.2749394e-02
   1.2914452e-02
   1.3465375e-02
   1.8771209e-02
   1.9373996e-02
   1.9699520e-02
   1.9996721e-02
   2.0269863e-02
   2.0758336e-02
   2.1156931e-02
   2.1584874e-02
   2.2153350e-02
   2.2624481e-02
   2.2762107e-02
   2.2860503e-02
   2.2950314e-02
   2.2800250e-02
   2.2838464e-02
   2.3364268e-02
   2.3520006e-02
   2.3379913e-02
   2.2836043e-02
   2.2110861e-02
   2.1363726e-02
   2.0451400e-02
   1.9941902e-02
   1.9049121e-02
   1.8559638e-02
   1.8439744e-02
   1.8915318e-02
   1.9601310e-02
   2.0788534e-02
   2.2445722e-02
   2.5131630e-02
   2.6553933e-02
   2.7888920e-02
   2.9515974e-02
   3.1385820e-02
   2.8025107e-02
   0.0000000e+00
   0.0000000e+00
   0.0000000e+00
   0.0000000e+00
   0.0000000e+00
   0.0000000e+00
   0.0000000e+00
   0.0000000e+00
  -2.1317859e-02
  -2.0142850e-02
  -1.9180503e-02
  -1.9153995e-02
  -2.0201091e-02
  -1.7627429e-02
  -1.8981181e-02
  -2.8131118e-02
  -1.2514439e-02
   9.4385818e-03
   2.8415436e-02
   3.6787208e-02
   4.0345732e-02
   3.9728358e-02
   3.7533656e-02
   3.4077555e-02
   3.0294273e-02
   2.7566457e-02
   2.4508331e-02
   2.1074180e-02
   1.8439339e-02
   1.6861115e-02
   1.5584619e-02
   1.5775826e-02
   1.6316403e-02
   1.6977120e-02
   1.7258342e-02
   1.7811788e-02
   2.0914154e-02
   2.1864960e-02
   2.2564538e-02
   2.3000324e-02
   2.3354296e-02
   2.3913922e-02
   2.4852395e-02
   2.5466809e-02
   2.6247403e-02
   2.7032537e-02
   2.7516466e-02
   2.7731013e-02
   2.8092071e-02
   2.8135655e-02
   2.8229376e-02
   2.8320882e-02
   2.8080003e-02
   2.7533183e-02
   2.6848324e-02
   2.5662987e-02
   2.4850287e-02
   2.3559874e-02
   2.3116741e-02
   2.1947056e-02
   2.1685369e-02
   2.1407759e-02
   2.2607334e-02
   2.3356639e-02
   2.5296263e-02
   2.7233263e-02
   3.1054387e-02
   3.3507813e-02
   3.5191905e-02
   3.7128035e-02
   3.9366636e-02
   3.9237179e-02
   0.0000000e+00
   0.0000000e+00
   0.0000000e+00
   0.0000000e+00
   0.0000000e+00
   0.0000000e+00
   0.0000000e+00
  -1.6194299e-02
  -2.0955836e-02
  -1.9394578e-02
  -2.0111170e-02
  -1.9153766e-02
  -1.8817006e-02
  -2.0397881e-02
  -2.2923011e-02
  -3.3729658e-02
  -2.5700763e-02
  -8.1366431e-03
   1.2401414e-02
   2.3322254e-02
   3.0284936e-02
   3.2651506e-02
   3.2466784e-02
   3.0624107e-02
   2.7967082e-02
   2.6503656e-02
   2.4621850e-02
   2.2545917e-02
   2.0252367e-02
   1.9108342e-02
   1.7551675e-02
   1.7496286e-02
   1.7621096e-02
   1.8893305e-02
   1.9357197e-02
   2.0080522e-02
   1.9099843e-02
   2.0414489e-02
   2.1108532e-02
   2.1964897e-02
   2.2082521e-02
   2.3083309e-02
   2.4167417e-02
   2.5238009e-02
   2.6166267e-02
   2.7146076e-02
   2.8003881e-02
   2.8193308e-02
   2.9326485e-02
   2.9544514e-02
   3.0292397e-02
   2.9848340e-02
   2.9794967e-02
   2.8283225e-02
   2.7995744e-02
   2.6178767e-02
   2.5484270e-02
   2.3423000e-02
   2.3431698e-02
   2.2069337e-02
   2.2346824e-02
   2.1873349e-02
   2.3543965e-02
   2.4537303e-02
   2.7046541e-02
   2.9237843e-02
   3.4088838e-02
   3.7492056e-02
   4.0471256e-02
   4.3302358e-02
   4.6091509e-02
   4.7675905e-02
   0.0000000e+00
   0.0000000e+00
   0.0000000e+00
   0.0000000e+00
   0.0000000e+00
   0.0000000e+00
   0.0000000e+00
  -1.6194299e-02
  -1.5078328e-02
  -2.1886883e-02
  -2.3452223e-02
  -2.3130048e-02
  -1.9819586e-02
  -1.8294004e-02
  -1.7935911e-02
  -2.4912900e-02
  -2.5105898e-02
  -1.6439509e-02
  -1.0398322e-03
   1.0174993e-02
   1.8472384e-02
   2.4526167e-02
   2.6314143e-02
   2.6474474e-02
   2.4755077e-02
   2.3948797e-02
   2.2521458e-02
   2.1287580e-02
   1.9137423e-02
   1.8317520e-02
   1.6800327e-02
   1.6726149e-02
   1.6021122e-02
   1.7240342e-02
   1.7511822e-02
   1.8609830e-02
   1.4216525e-02
   1.4891453e-02
   1.6052847e-02
   1.7156175e-02
   1.7698918e-02
   1.8630096e-02
   1.9879141e-02
   2.1000637e-02
   2.2005122e-02
   2.3320706e-02
   2.4265820e-02
   2.4988034e-02
   2.6220210e-02
   2.6755393e-02
   2.7569931e-02
   2.7366247e-02
   2.7355332e-02
   2.5697859e-02
   2.5045374e-02
   2.3223825e-02
   2.2434217e-02
   2.0195890e-02
   2.0257261e-02
   1.8949316e-02
   1.9544238e-02
   1.9178707e-02
   2.1213116e-02
   2.2519221e-02
   2.5485788e-02
   2.7653355e-02
   3.3174398e-02
   3.7073173e-02
   4.2310088e-02
   4.6327944e-02
   5.0037950e-02
   5.0518511e-02
   0.0000000e+00
   0.0000000e+00
   0.0000000e+00
   0.0000000e+00
   0.0000000e+00
   0.0000000e+00
   0.0000000e+00
  -1.3090182e-02
  -1.6315470e-02
  -2.1201228e-02
  -2.6078049e-02
  -2.4218119e-02
  -2.2753089e-02
  -1.8390916e-02
  -1.7490807e-02
  -1.6001173e-02
  -1.5384101e-02
  -9.2507793e-03
  -2.8159506e-04
   8.6923065e-03
   1.5370711e-02
   2.1766466e-02
   2.3782760e-02
   2.4020504e-02
   2.2634582e-02
   2.1362659e-02
   1.9954185e-02
   1.7870297e-02
   1.5850352e-02
   1.4131706e-02
   1.2884674e-02
   1.2068024e-02
   1.1636007e-02
   1.2075078e-02
   1.2668632e-02
   1.3194340e-02
   8.0066580e-03
   8.5447086e-03
   9.7266069e-03
   1.1173931e-02
   1.2277300e-02
   1.3351234e-02
   1.4308581e-02
   1.5511593e-02
   1.6311131e-02
   1.8281511e-02
   1.8811045e-02
   2.0500395e-02
   2.1297175e-02
   2.2363193e-02
   2.2615050e-02
   2.2536514e-02
   2.2145579e-02
   2.0507974e-02
   1.9580812e-02
   1.7633108e-02
   1.7075648e-02
   1.4860876e-02
   1.4809728e-02
   1.3741208e-02
   1.4184622e-02
   1.4480364e-02
   1.5973534e-02
   1.8364241e-02
   2.0868534e-02
   2.4540299e-02
   2.8712561e-02
   3.3930533e-02
   3.9390954e-02
   4.6456258e-02
   5.2139029e-02
   5.4730631e-02
   0.0000000e+00
   0.0000000e+00
   0.0000000e+00
   0.0000000e+00
   0.0000000e+00
   0.0000000e+00
  -8.0189307e-03
  -1.2484171e-02
  -1.6311540e-02
  -2.3718928e-02
  -2.6812194e-02
  -2.6591388e-02
  -2.4834288e-02
  -2.0411307e-02
  -1.8120264e-02
  -1.3637655e-02
  -1.1533400e-02
  -6.2184812e-03
  -1.3546053e-04
   6.8386085e-03
   1.2933604e-02
   1.8004337e-02
   2.0227170e-02
   2.0057145e-02
   1.9354520e-02
   1.7688829e-02
   1.6593278e-02
   1.3721843e-02
   1.1738868e-02
   9.5400648e-03
   7.7595939e-03
   6.3759587e-03
   5.5844545e-03
   5.9099504e-03
   6.3948538e-03
   6.9462684e-03
   1.2112397e-03
   1.8551741e-03
   3.0200188e-03
   4.2256024e-03
   6.3447524e-03
   7.2459220e-03
   8.7498371e-03
   9.3475394e-03
   1.0646026e-02
   1.2338731e-02
   1.2875599e-02
   1.4693017e-02
   1.5317719e-02
   1.6515829e-02
   1.6372288e-02
   1.6227691e-02
   1.5474486e-02
   1.3847661e-02
   1.2764255e-02
   1.0793922e-02
   1.0164145e-02
   8.3591761e-03
   7.9763308e-03
   7.3555959e-03
   7.4109053e-03
   8.3510224e-03
   9.3923882e-03
   1.2389675e-02
   1.4513636e-02
   1.8733587e-02
   2.2467867e-02
   2.8197033e-02
   3.3546217e-02
   4.2079642e-02
   5.0772402e-02
   5.8321347e-02
   0.0000000e+00
   4.2939925e-02
   1.2497726e-02
   9.9461326e-03
   3.5945368e-03
  -3.7426033e-03
  -5.6681018e-03
  -1.1138181e-02
  -1.6196938e-02
  -2.4297237e-02
  -2.6203638e-02
  -2.7031628e-02
  -2.5267823e-02
  -2.1998903e-02
  -1.9128252e-02
  -1.4050292e-02
  -1.1126074e-02
  -6.0345735e-03
  -1.1928385e-03
   4.2024823e-03
   9.5939534e-03
   1.3448775e-02
   1.5432815e-02
   1.5462886e-02
   1.5377592e-02
   1.3952246e-02
   1.2575703e-02
   9.8895831e-03
   7.5831027e-03
   5.3781834e-03
   2.7466454e-03
   1.0040959e-03
  -4.8227928e-04
  -2.6176582e-04
  -3.2671861e-04
   5.3394813e-04
  -5.7771835e-03
  -4.7800569e-03
  -3.9795395e-03
  -2.6330466e-03
  -7.1502756e-04
   8.2711945e-04
   2.2582805e-03
   3.0852275e-03
   4.4411025e-03
   5.9995651e-03
   6.6191955e-03
   7.7118054e-03
   8.5887779e-03
   9.0688495e-03
   9.1273999e-03
   8.7424964e-03
   8.1024719e-03
   6.5868055e-03
   5.1108794e-03
   3.7620803e-03
   2.4533663e-03
   1.3359508e-03
   3.0617433e-04
   7.4345444e-05
  -4.1819279e-05
   8.2353916e-04
   2.5267585e-03
   4.6708966e-03
   7.6337997e-03
   1.0180587e-02
   1.5040098e-02
   1.9718526e-02
   2.4510082e-02
   3.4006964e-02
   3.9770424e-02
   5.0398674e-02
   4.7165073e-02
   4.3077436e-02
   3.0041393e-02
   1.7715516e-02
   1.1678919e-02
   6.0111764e-03
  -1.0446294e-03
  -7.5723138e-03
  -1.3822008e-02
  -2.0952597e-02
  -2.3962904e-02
  -2.5023406e-02
  -2.4180317e-02
  -2.2167278e-02
  -1.9852769e-02
  -1.5906310e-02
  -1.2631229e-02
  -8.3762426e-03
  -3.3704694e-03
   6.1313779e-04
   4.7302069e-03
   7.8060087e-03
   9.4662029e-03
   1.0115226e-02
   9.8196957e-03
   9.1260998e-03
   7.4286698e-03
   5.1332563e-03
   2.8442021e-03
   4.8325257e-04
  -1.9239557e-03
  -4.4175982e-03
  -6.0105310e-03
  -6.7443051e-03
  -6.9065010e-03
  -6.4497269e-03
  -9.6473690e-03
  -8.8951593e-03
  -8.1031393e-03
  -6.8060574e-03
  -5.4491827e-03
  -3.9194489e-03
  -2.7593090e-03
  -1.7972818e-03
  -6.1583325e-04
   7.2762508e-04
   1.4646641e-03
   1.9841407e-03
   2.6147714e-03
   2.7606354e-03
   2.5686039e-03
   2.4064196e-03
   1.9752554e-03
   1.0009051e-03
  -4.8860550e-04
  -1.6723157e-03
  -2.8165124e-03
  -4.1370865e-03
  -4.9002248e-03
  -5.4557271e-03
  -5.4742762e-03
  -4.5446682e-03
  -3.1072313e-03
  -9.0951344e-04
   1.2270916e-03
   3.7577457e-03
   8.0900029e-03
   1.1984143e-02
   1.6577718e-02
   2.3513777e-02
   2.8485501e-02
   3.5036804e-02
   4.2441788e-02
   4.0349408e-02
   3.2641599e-02
   2.4650244e-02
   1.8960701e-02
   1.2713958e-02
   4.7615667e-03
  -2.3854802e-03
  -9.5498782e-03
  -1.6948643e-02
  -2.0585888e-02
  -2.2028984e-02
  -2.1818429e-02
  -2.0690342e-02
  -1.9322277e-02
  -1.6632113e-02
  -1.3700914e-02
  -1.0088733e-02
  -5.5560277e-03
  -2.4593982e-03
   1.8647597e-04
   3.0831294e-03
   4.8462672e-03
   5.5573153e-03
   5.3306472e-03
   4.7252325e-03
   3.4732991e-03
   1.3859147e-03
  -5.3952678e-04
  -2.7147973e-03
  -5.2386390e-03
  -7.2636897e-03
  -9.0609869e-03
  -1.0087032e-02
  -1.0403588e-02
  -1.0406469e-02
  -1.1266897e-02
  -1.0872401e-02
  -1.0222499e-02
  -8.9800749e-03
  -7.8089410e-03
  -6.6171493e-03
  -5.7623493e-03
  -5.1934573e-03
  -4.3515060e-03
  -3.0318557e-03
  -2.0802463e-03
  -1.4941059e-03
  -1.3041273e-03
  -1.3538330e-03
  -1.5316481e-03
  -1.7382503e-03
  -1.9390219e-03
  -2.4108698e-03
  -3.3175582e-03
  -4.2478782e-03
  -5.2635521e-03
  -6.3861143e-03
  -7.0194892e-03
  -7.5203567e-03
  -7.6208971e-03
  -6.8972647e-03
  -5.8098016e-03
  -4.2518405e-03
  -2.4946315e-03
  -7.1252376e-05
   3.4665309e-03
   6.9219839e-03
   1.0940439e-02
   1.6307380e-02
   2.0681613e-02
   2.5380556e-02
   3.1019583e-02
   3.3468742e-02
   3.3803698e-02
   3.0910015e-02
   2.5880762e-02
   1.9002886e-02
   9.6392240e-03
   2.0117692e-03
  -4.8538302e-03
  -1.1607315e-02
  -1.5367853e-02
  -1.7349333e-02
  -1.7892677e-02
  -1.7538251e-02
  -1.6841145e-02
  -1.5187837e-02
  -1.3013439e-02
  -1.0074439e-02
  -6.3689416e-03
  -4.0576565e-03
  -2.0804624e-03
   6.2273571e-04
   2.3172826e-03
   2.9315143e-03
   2.9670738e-03
   2.8584382e-03
   2.2067979e-03
   7.7585783e-04
  -6.8910458e-04
  -2.5526262e-03
  -4.8535066e-03
  -6.8069940e-03
  -8.7980367e-03
  -1.0308228e-02
  -1.0859169e-02
  -1.1239652e-02
  -1.2041435e-02
  -1.1940796e-02
  -1.1376686e-02
  -1.0314383e-02
  -9.1741681e-03
  -8.1528779e-03
  -7.2382302e-03
  -6.9174846e-03
  -6.4594215e-03
  -5.2414373e-03
  -3.9159381e-03
  -3.0693479e-03
  -2.8147206e-03
  -2.7475639e-03
  -2.6282107e-03
  -2.5332365e-03
  -2.5276963e-03
  -2.7091887e-03
  -3.1780887e-03
  -3.5200617e-03
  -3.9945552e-03
  -4.8861490e-03
  -5.4800450e-03
  -5.6393566e-03
  -5.5949558e-03
  -5.3263088e-03
  -4.9267514e-03
  -4.0807398e-03
  -2.6039972e-03
  -4.9479504e-04
   2.4170205e-03
   5.4461174e-03
   9.1313245e-03
   1.4210159e-02
   1.8729078e-02
   2.3358624e-02
   2.8289344e-02
   3.0695871e-02
   3.0762501e-02
   2.7735220e-02
   2.3273459e-02
   1.7609680e-02
   1.0189628e-02
   4.3051988e-03
  -9.3640684e-04
  -6.1063170e-03
  -9.3048410e-03
  -1.1396312e-02
  -1.2640197e-02
  -1.2999804e-02
  -1.2703583e-02
  -1.1543755e-02
  -1.0010279e-02
  -8.0259582e-03
  -5.5391327e-03
  -3.8498361e-03
  -2.2867015e-03
  -4.0658592e-04
   4.3155483e-04
   7.5731374e-04
   1.2236893e-03
   1.3651248e-03
   1.2217988e-03
   5.3622189e-04
  -6.3800695e-04
  -2.2226563e-03
  -4.3408051e-03
  -6.3051824e-03
  -8.4184827e-03
  -1.0307426e-02
  -1.1053991e-02
  -1.1582836e-02
  -1.1877361e-02
  -1.1902089e-02
  -1.1592704e-02
  -1.0912619e-02
  -1.0118494e-02
  -9.3845110e-03
  -8.7243011e-03
  -8.2536116e-03
  -7.7420226e-03
  -6.7724921e-03
  -5.6085738e-03
  -4.6345806e-03
  -3.9569736e-03
  -3.5448422e-03
  -3.1590692e-03
  -2.7313968e-03
  -2.4765389e-03
  -2.2995600e-03
  -2.2774092e-03
  -2.3954452e-03
  -2.5888642e-03
  -3.0546128e-03
  -3.2633395e-03
  -3.1072819e-03
  -2.7588434e-03
  -2.5241775e-03
  -2.3152260e-03
  -1.8454582e-03
  -8.4930433e-04
   5.1581278e-04
   2.5866162e-03
   4.8527372e-03
   7.6046353e-03
   1.1347265e-02
   1.4564203e-02
   1.7416466e-02
   1.9828493e-02
   2.0676186e-02
   2.0521082e-02
   1.9068789e-02
   1.6690384e-02
   1.3477704e-02
   8.9788828e-03
   5.0926566e-03
   1.3991232e-03
  -2.2079980e-03
  -4.4454522e-03
  -6.1165392e-03
  -7.5023458e-03
  -8.1896400e-03
  -8.3165290e-03
  -8.0557037e-03
  -7.6804031e-03
  -7.0661278e-03
  -6.2332693e-03
  -5.2723394e-03
  -4.1348962e-03
  -2.9917168e-03
  -2.4636948e-03
  -2.1050086e-03
  -1.6933531e-03
  -1.5152251e-03
  -1.4998670e-03
  -1.9844142e-03
  -2.9195504e-03
  -4.1526887e-03
  -5.9294598e-03
  -7.4314885e-03
  -8.9397626e-03
  -1.0313418e-02
  -1.1079012e-02
  -1.1567134e-02
  -9.4251530e-03
  -9.2602018e-03
  -8.9788288e-03
  -8.5984925e-03
  -8.2214586e-03
  -7.7589285e-03
  -7.1287681e-03
  -6.6471999e-03
  -6.1581363e-03
  -5.4951203e-03
  -4.8421128e-03
  -4.1497545e-03
  -3.5065303e-03
  -3.1059035e-03
  -2.7638802e-03
  -2.4323454e-03
  -2.2873189e-03
  -2.2168164e-03
  -2.0766747e-03
  -1.9049067e-03
  -1.6666665e-03
  -1.3664861e-03
  -1.0400944e-03
  -6.8408804e-04
  -2.6550223e-04
   1.3131254e-04
   5.5471441e-04
   1.1796823e-03
   1.8905025e-03
   2.7937782e-03
   4.1349204e-03
   5.6031658e-03
   7.2228280e-03
   9.0744579e-03
   1.0399910e-02
   1.1459675e-02
   1.2259386e-02
   1.2449247e-02
   1.2319176e-02
   1.1789546e-02
   1.0900812e-02
   9.6081104e-03
   7.5541814e-03
   5.5713928e-03
   3.5978607e-03
   1.5299444e-03
   1.2709871e-04
  -1.0026760e-03
  -2.1682393e-03
  -2.9724899e-03
  -3.6891112e-03
  -4.4387304e-03
  -4.9724197e-03
  -5.4178601e-03
  -5.8045769e-03
  -5.9432308e-03
  -5.8495887e-03
  -5.5639665e-03
  -5.3368784e-03
  -5.1152725e-03
  -4.8832134e-03
  -4.8133447e-03
  -4.8306161e-03
  -5.0513870e-03
  -5.4311422e-03
  -5.9439996e-03
  -6.6697528e-03
  -7.3217144e-03
  -7.9825548e-03
  -8.6920997e-03
  -9.1027049e-03
  -9.3488144e-03
