   9   7   7   7   7   6   5   4   4   4   4   7   7   7   7   7   7   8   9   9   9  90  90  90  90  90  90  90  90  90  90   9   9   8   8   9   9   9  11  11  11  11  11  11  11  11  12  12  12  10  10   9  90  90  90  90  90  90  90  90  90  90  90  90  90  10   9   8   7   7   9   9
  90  90  90  90  90  90  90  90  90  90  90   8   8  90  90  90  90  90  90  90  90  90  90  90  90  90  14  14  90  90  90  90  90  90  90  11  11   9  14  15  15  15  15  15  15  90  15  15  90  90  90  90  90  90  90  90  90  90  90  90  90  90  90  90  90  90  90  90  90  90  90  90
  90  90  90  90  90  90  90  90  90  90  90  90  90  90  90  90  90  90  90  90  90  90  90  90  90  90  14  14  90  90  90  90  90  90   8   8   8   8  90  90  90  90  90  90  90  90  90  90  90  90  90  90  90  90  90  90  90  90  90  90  90  90  90  90  90  90  90  90  90  90  90  90
   5   5  90  90  90  90  90  90  90  90  90  90  90  90  90  90  90  90  90  90  90  90  90  90  90  90  14  14  90  90  90  90  90   8   8   8   8  90  90  90  90  90  90  90  90  90  90  90  90  90  90  90  90  90  90  90  90  90  90  90  90  90  90  90  90  90  90  90  90  90  90   4
   2   2   3   4   4   4   3   2   2   2  90  90  90  90  90  90  90  90  90  90  90  90  90  90  90  90  10   9   9  90  90   9  10  10  10  10  10  90  90  90  90  90  90  90  90  90  90  90  90  90  90  90  90  90  90  90  90  90  90  90  90  90  90  90  90  90  90  90  90   7   7   4
   1   1   1   1   1   1   1   1   1   1   1  90  90  90  90  90  90  90  90  90  90  90  90  90  90  90  10   8   8   9   9   9   9   9  90  90  90  90  90  90  90  90  90  90  90  90  90  90  90  90  90  90  90  90  90  90  90  90  90  90  90  90  90  90  15  15  14  13  90   5   4   3
   1   1   1   1   1   1   1   1   1   1   1   1  90  90  90  90  90  90  90  90  90  90  90  90  90  90  90   8   7   7   7   7   8   8  90  90  90  90  90  90  90  90  90  90  90  90  90  90  90  90  90  90  90  90  90  90  90  90  90  90  90  90  90  90  13  13  13  10   4   2   2   2
   1   1   1   1   1   1   1   1   1   1   1   1  90  90  90  90  90  90  90  90  90  90  90  90  90  90  90   8   6   5   5   6   8  90  90  90  90  90  90  90  90  90  90  90  90  90  90  90  90  90  90  90  90  90  90  90  90  90  90  90  90  90  90  90  12  10  10   7   2   1   1   1
   1   1   1   1   1   1   1   1   1   1   1   1   1  90  90  90  90  90  90  90  90  90  90  90  90  90  90   9   6   5   5   5   6  90  90  90  90  90  90  90  90  90  90  90  90  90  90  90  90  90  90  90  90  90  90  90  90  90  90  90  90  90  90   7   7   5   5   3   1   1   1   1
   1   1   1   1   1   1   1   1   1   2   1   1   1  90  90  90  90  90  90  90  90  90  90  90  90  90  13  11   6   4   4   4   4   4  90  90  90  90  90  90  90  90  90  90  90  90  90  90  90  90  90  90  90  90  90  90  90  90  90  90  90  90  90   4   4   2   1   1   1   1   1   1
   1   1   1   1   1   1   1   1   1   2   1   1   1  90  90  90  90  90  90  90  90  90  90  90  90  90  13  12   7   4   4   4   4   4  90  90  90  90  90  90  90  90  90  90  90  90  90  90  90  90  90  90  90  90  90  90  90  90  90  90  90  90  90   3   2   2   1   1   1   1   1   1
   1   1   1   1   1   1   1   2   2   3   1   1   1  90  90  90  90  90  90  90  90  90  90  90   9   9   9   9   5   4   4   4   3   3  90  90  90  90  90  90  90  90  90  90  90  90  90  90  90  90  90  90  90  90  90  90  90  90  90  90  90  90  90   2   1   1   1   1   1   1   1   1
   1   1   1   1   1   1   1   2   2   3   2   1   1   1  90  90  90  90  90  90  90  90  90  90   7   4   4   4   3   3   4   3   2   2  90  90  90  90  90  90  90  90  90  90  90  90  90  90  90  90  90  90  90  90  90  90  90  90  90  90  90   4   2   1   1   1   1   1   1   1   1   1
   1   1   1   1   1   1   1   1   2   2   2   1   1   1  90  90  90  90  90  90  90  90  90   4   4   2   2   2   2   3   4   3   2  90  90  90   5   5  90  90  90  90  90  90  90  90  90  90  90  90  90  90  90  90  90  90  90  90  90  90   8   4   2   1   1   1   1   1   1   1   1   1
   1   1   1   1   1   1   1   1   2   2   2   1   1   1  90  90  90  90  90  90  90  90  90   3   2   1   1   1   2   3   4   3   2   3  90   7   5   5  90  90  90  90  90  90  90  90  90  90  90  90  90  90  90  90  90  90  90  90  90  90   8  90   2   1   1   1   1   1   1   1   1   1
   1   1   1   1   1   1   1   1   1   2   2   1   1   1  90  90  90  90  90  90  90  90  90   2   1   1   1   1   2   3   4   2   2   3  90   7   6   6   8  90  13  13  90  90  90  90  90  90  90  90  90  90  90  90  90  90  90  90  90  90   8  90   2   1   1   1   1   1   1   1   1   1
   1   1   1   1   1   1   1   1   1   2   2   1   1   1   1  90  90  90  90  90  90  90   4   1   1   1   1   1   3   3   3   2   2   3  90  90  90  90   8  90   9   9   8   8  90  90  90  90  90  90  90  90  90  90  90  90  90  90  90  90   6   4   2   1   1   1   1   1   1   1   1   1
   1   1   1   1   1   1   1   1   1   1   1   1   2   2   1  90  90  90  90  90  90  90   4   1   1   1   1   1   3   3   2   2   2   3  90  90  90  90   8   7   7   7   8   8  90  90  90  90  90  90  90  90  90  90  90  90  90  90  90  90   6   3   2   1   1   1   1   1   1   1   1   1
   1   1   1   1   1   1   1   1   1   1   1   1   2   2   1  90  90  90  90  90   8   9   4   1   1   1   1   2   2   2   2   2   3  90  90  90  90  90   8   6   6   7   9   9   7  90  90  90  90  90  90  90  90  90  90  90  90  90  90  90   6   3   2   1   1   1   1   1   1   1   1   1
   1   1   1   2   2   1   1   1   1   1   1   1   2   2   1  90  90  90   5   5   6   9   4   1   1   1   1   2   2   2   2   2   4  90  90  90  90  90   8   6   6   7  90  11   7  90  90  90  90  90  90  90  90  90  90  90  90  90  90  90   4   3   2   1   1   1   1   1   1   1   1   1
   1   1   1   2   2   1   1   1   1   1   1   1   2   2   1   2  90  90   5   5   6   8   4   1   1   1   1   2   1   1   1   2   4  90  90  90  90  90  90  90  90  90  90  13   7   7   7  90  90  90  90  90  90  90  90  90  90  90  90  90   3   2   1   1   1   1   1   1   1   1   1   1
   1   1   1   2   2   1   1   1   1   1   1   2   2   2   1   2  90  90   5   5   6   7   5   1   1   1   1   2   1   1   1   2   5  90  90  90  90  90  90  90  90  90  90  13   9   7   7  90  90  90  90  90  90  90  90  90  90  90  90   5   3   2   1   1   1   1   1   1   1   1   1   1
   1   1   1   2   2   1   1   1   1   1   1   2   2   1   1   1  90  90  90  90   6   6   5   1   1   1   1   2   1   1   1   3   5  90  90  90  90  90  90  90  90  90  90  90   9   5   5  90  90  90  90  90  90  90  90  90  90  90  90   5   3   1   1   1   1   1   1   1   1   1   1   1
   1   1   1   1   2   2   1   1   1   1   1   2   3   1   1   1   1  90  90  90   5   5   4   2   1   1   1   2   1   1   2   4  90  90  90  90  90  90  90  90  90  90  90  90  90   5   5  90  90  90  90  90  90  90  90  90  90  14  11   6   2   1   1   1   1   1   1   1   1   1   1   1
   1   1   1   1   1   2   1   1   1   1   1   2   3   2   1   1   1   2  90  90   5   5   4   2   1   1   1   2   1   1   2   4  90  90  90  90  90  90  90  90  90  90  90  90  90   4   4  90  90  90  90  90  90  90  90  90  90  14   8   4   1   1   1   1   1   1   1   1   1   1   1   1
   1   1   1   1   1   2   1   1   1   1   1   2   3   2   1   1   1   2  90  90   5  90   4   2   1   1   1   2   1   1   2   4  90  90  90  90  90  90  90  90  90  90  90  90  90   4   4   7  90  90  90  90  90  90  90  90  90  13   7   3   1   1   1   2   1   1   1   1   1   1   1   1
   1   1   1   1   1   1   1   1   1   1   1   1   2   2   2   1   1   2  90  90   5   3   3   3   1   1   1   2   1   1   2   4  90  90  90  90  90  90  90  90  90  90  90  90  90   4   4   7  90  90  90  90  90  90  90  90  90  90   5   2   1   1   1   3   2   2   1   1   1   1   1   1
   1   1   1   1   1   1   1   1   1   1   1   1   2   2   2   1   1   1  90   7   5   3   3   3   2   1   1   2   1   1   2   4  90  90  90  90  90  90  90  90  90  90  90  90  90  90   4   5  90  90  90  90  90  90  90  90  90  90   4   2   1   1   1   3   2   1   1   1   1   1   1   1
   1   1   1   2   2   1   1   1   1   1   1   1   2   2   2   1   1   1  90   7   4   3   3   4   2   1   1   2   1   1   2   4  90  90  90  90  90  90  90  90  90  90  90  90  90  90   4   4  90  90  90  90  90  90  90  90  90  90   4   2   1   1   1   3   3   1   1   1   1   1   1   1
   1   1   1   2   2   2   1   1   1   1   1   1   2   2   2   1   1   1   2   5   4   3   3   5   5   2   2   2   1   1   2   4  90  90  90  90  90  90  90  90  90  90  90  90  90  90   4   4  90  90  90  90  90  90  90  90  90  90  90  90   1   1   1  90   3   1   1   1   1   1   1   1
   1   1   1   1   1   1   1   1   1   1   1   1   2   2   1   1   1   1   1   4   4   3   3   5   5   3   3   2   2   2   2   4  90  90  90  90  90  90  90  90  90  90  90  90  90  90   4   4  90  90  90  90  90  90  90  90  90  90  90  90   1   1   1  90   3   1   1   1   1   1   1   1
   1   1   1   1   1   1   1   1   1   1   1   1   2   3   1   1   1   1   1   3   4   3  90  90  90  90   4   3   3   2   2   4  90  90  90  90  90  90  90  90  90  90  90  90  90   3   3   4  90  90  90  90  90  90  90  90  90  90  90  90   1   1   1  90   3   1   1   1   1   1   1   1
   1   1   1   1   1   1   1   1   1   1   1   1   2   3   1   1   1   1   1   1   2   3  90  90  90  90   6   4   3   3   3   3   4  90  90  90  90  90  90  90  90  90  90  90  90   3   3   4   6  90  90  90   5   4  90  90  90  90  90  90   1   1   1   3   3   1   1   1   1   1   1   1
   1   1   1   1   1   1   1   1   1   1   1   1   2   3   1   1   1   1   1   1   2   2  90  90  90  90   6   4   3   3   3   3   4  90  90  90  90  90  90  90  90  90  90  90  90   3   3   4   6  90  90  90   5   3   2  90  90  90  90  90   1   1   1   3   3   1   1   1   1   1   1   1
   1   2   2   1   1   1   1   1   1   1   1   1   2   3   2   1   1   1   1   1   1   2  90  90  90  90  90   4   4   3   3   3   3  90  90  90  90  90  90  90  90  90  90  90  90   3   3   4   6  90  90  90   4   2   2  90  90  90  90  90   1   1   2   3   3   1   1   1   1   1   2   1
   1   1   2   1   1   1   1   1   1   1   1   1   2   3   2   1   1   1   1   1   1   1  90  90  90  90  90  90   4   3   3   2   2   3   3   3  90  90  90  90  90  90  90  90  90   2   2   4   7  90  90   5   3   1   1   2   3  90  90  90   2   2   3   4   2   1   1   1   1   1   2   2
   2   1   2   1   1   1   1   1   1   1   1   1   2   3   1   1   1   1   1   1   1   1  90  90  90  90  90  90   4   3   3   2   2   3   3   3   5  90  90  90  90  90  90  90   2   2   2   4   7  90   5   5   3   1   1   2   3  90  90  90   2   2   3   4   2   1   1   1   1   1   2   2
   2   1   1   1   1   1   1   1   2   1   1   2   2   2   1   1   1   1   1   1   1  90  90  90  90  90  90  90  90   4   3   3   2   2   2   3   5  90  90  90  90  90  90  90   2   2   2   4   7  90   4   4   3   1   1   1   2  90  90  90   2   2   2   3   2   1   1   1   1   1   1   2
   3   2   2   1   1   1   1   1   2   2   2   2   3   2   1   1   1   1   1   1   1  90  90  90  90  90  90  90  90   4   4   2   2   2   2   3   5  90  90  90  90  90  90   5   2   2   2   3   6  90   4   4   2   1   1   1   1   1   2   2   2   1   1   2   1   1   1   1   1   1   1   3
   3   2   2   1   1   1   1   1   2   2   2   2   3   3   1   1   1   1   1   1   1  90  90  90  90  90  90  90  90  90   4   2   2   2   2   3  90  90  90  90  90  90   9   5   2   2   3   3   6  90   4   4   2   1   1   1   1   1   2   2   1   1   1   1   1   1   1   1   1   1   1   3
   3   2   2   1   1   1   1   1   1   2   2   3   3   3   1   1   1   1   1   1   1  90  90  90  90  90  90  90  90  90   3   1   1   2   3   3  90  90  90  90  90  90   9   4   2   2   3   4   7   7   4   3   1   1   1   1   1   1   1   1   1   1   1   1   1   1   1   1   1   1   1   3
   3   2   2   1   1   1   1   1   1   2   2   3   3   3   2   1   1   1   1   1   1  90  90  90  90  90  90  90  90  90   2   1   1   2   3   3   3  90  90  90  90  90   8   4   3   3   4   4   6   5   3   3   1   1   1   1   1   1   1   1   1   1   1   1   1   1   1   1   1   1   1   2
   3   2   2   1   1   1   1   1   1   2   2   2   3   4   2   1   1   1   1   1   1  90  90  90  90  90  90  90  90  90   2   1   1   2   3   3   3  90  90  90  90  90   7   3   3   4   4   5   5   4   3   3   1   1   1   1   1   1   1   1   1   1   1   1   1   1   1   1   1   1   1   2
   2   2   2   1   1   1   1   1   1   1   1   2   4   4   2   1   1   1   1   1   1   2  90  90  90  90  90  90  90  90   2   1   1   2   2   2   3  90  90  90  90  90   5   3   3   4   5   6   5   3   3   3   1   1   1   1   1   1   1   1   1   1   1   1   1   1   1   1   1   1   1   1
   1   2   2   1   1   1   1   1   1   1   1   2   4   4   2   1   1   1   1   1   1   2  90  90  90  90  90  90  90  90   2   2   2   3   2   2   2  90  90  90  90  90   5   3   3   4   5   6   4   3   3   3   1   1   1   1   1   1   1   1   1   1   1   1   1   1   1   1   1   1   1   1
   1   1   1   1   1   1   1   1   1   1   1   2   4   4   2   1   1   1   1   1   1   2  90  90  90  90  90  90  90  90   2   2   2   3   1   1   2  90  90  90  90  90   5   3   3   4   5   5   3   2   2   3   1   1   1   1   1   1   1   1   1   1   1   1   1   1   1   1   1   1   1   1
   1   1   1   1   1   1   1   1   1   1   1   2   3   4   2   1   1   1   1   1   1   1  90  90  90  90  90  90  90  90   3   2   2   3   1   1   2  90  90  90  90  90  90   4   4   4   4  90   2   2   2   3   1   1   1   1   1   1   1   1   1   1   1   1   1   1   1   1   1   1   1   1
   1   1   1   1   1   1   1   1   1   1   1   2   3   3   2   1   1   1   1   1   1   1  90  90  90  90  90  90  90  90   3   2   2   3   2   2   2  90  90  90  90  90  90   4   4   4   4  90   2   2   2   3   2   1   1   1   1   1   1   1   1   1   1   1   1   1   1   1   1   1   1   1
   1   1   1   1   1   1   1   1   1   1   1   2   4   2   1   1   1   1   1   1   1   1   1  90  90  90  90  90  90  90   4   2   2   2   2   2   2  90  90  90  90  90  90   4  90   4   4  90   2   2   2   3   2   1   1   1   1   1   1   1   1   1   1   1   1   1   1   1   1   1   1   1
   1   1   1   1   1   1   1   1   1   1   2   4   5   2   1   1   1   1   1   1   1   1   1   1  90  90  90  90  90  90   4   2   2   2   2   2   3  90  90  90  90  90   6   6  90   4   4   2   2   2   2   3   2   1   1   1   1   1   1   1   1   1   1   1   1   1   1   1   1   1   1   1
   1   1   1   1   1   1   1   1   1   1   2   5   6   2   1   1   1   1   1   1   1   1   1   1  90  90  90  90  90   6   3   2   2   2   2   2   4  90  90  90  90  90   6   6  90   3   3   2   2   2   2   3   2   1   1   1   1   1   1   1   2   2   1   1   1   1   1   1   1   1   1   1
   1   1   1   1   1   1   1   1   1   2   3   5   6   2   1   1   1   1   1   1   1   1   1   1  90  90  90  90  90   6   3   2   2   2   2   2   4  90  90  90  90  90   6   6  90   3   3   2   2   2   2   3   2   1   1   1   1   1   1   1   3   3   1   1   1   1   1   1   1   1   1   1
   1   1   1   1   1   1   1   1   1   2   3   3   4   1   1   1   1   1   1   1   1   1   1   1  90  90  90  90   7   4   3   2   2   2   2   3   4  90  90  90  90  90   5   5  90   3   3   2   2   2   2   2   2   1   1   1   1   1   1   1  90  90  90   2   1   1   1   1   1   1   1   1
   1   1   1   1   1   1   1   1   1   2   2   3   3   1   1   1   1   1   1   1   1   1   1   1  90  90  90  90   7   4   3   3   3   3   2   3   3  90  90  90  90  90   5   5  90   3   3   3   3   3   2   2   2   1   1   1   1   1   1   1   4  90  90   3   1   1   1   1   1   1   1   1
   1   1   1   1   1   1   1   1   1   2   2   3   3   1   1   1   1   1   1   1   1   1   1   1  90  90  90  90   6   3   3   4   3   3   2   2   3  90  90  90  90   6   4   4   3   3   3   3   3   3   3   2   2   1   1   1   1   1   1   3   4  90  90   3   1   1   1   1   1   1   1   1
   1   1   1   1   1   1   1   1   1   1   2   3   3   1   1   1   1   1   1   1   1   1   1   1  90  90  90  90   4   3   4   4   4   4   3   2   2   6  90  90  90   6   4   4   3   3   3   3   3   4   3   2   1   1   1   1   1   1   2   6  90  90  90   3   2   2   2   2   2   1   1   1
   1   1   1   1   1   1   1   1   1   1   2   3   3   1   1   1   1   1   1   1   1   1   1   1  90  90  90   4   3   2   2   4   4   4   4   2   2   6  90  90  90   4   4   4   3   3   3   3   3   4   2   1   1   1   1   1   1   2   7   7  90  90  90  90   5   3   3   4   4   2   1   1
   1   1   1   1   1   1   1   1   1   1   1   3   3   1   1   1   1   1   1   1   1   1   1  90  90  90  90   4   2   2   2   3   4   4   2   2   2   5  90  90   4   4   4   4   3   3   3   3   3   4   2   1   1   1   1   1   1   4  90  90  90  90  90  90   8   5   5   5   5   4   1   1
   1   1   1   1   1   1   1   1   1   1   1   2   2   1   1   1   1   1   1   1   1   1   1  90  90  90  90   3   2   2   2   3   4   4   2   1   1   4  90  90   4   3   3   5   4   3   3   3   4   4   2   1   1   1   1   2   3   6  90  90  90  90  90  90  10   7   5   6   6   5   2   1
   1   1   1   1   1   1   1   1   1   1   1   2   2   2   1   1   1   1   1   1   1   1   1  90  90  90   6   3   1   1   1   3   4   3   2   1   1   3   4   4   3   3   3   5   5   4   3   3   4   4   2   1   1   1   1   3   7   7  90  90  90  90  90  90  10   8   5   6   7   5   3   2
   1   1   1   1   1   1   1   1   1   1   1   1   2   2   2   1   1   1   1   1   1   1   1  90  90  90   6   2   1   1   1   2   4   3   2   1   1   2   3   3   2   2   3   5   7   5   3   3   4   3   2   1   1   1   2   5   7  90  90  90  90  90  90  90  90   8   5   5   7   6   4   3
   2   1   1   1   1   1   1   1   1   1   1   1   2   2   2   1   1   1   1   1   1   1   1  90  90  12   4   1   1   1   1   2   4   4   2   2   2   2   2   2   2   2   3   7   7   5   3   3   5   3   2   1   1   1   2   5  90  90  90  90  90  90  90  90  90  90   4   4   7   7   7   5
   3   1   1   1   1   1   2   2   1   1   1   1   1   2   2   2   1   1   1   1   1   1   1  90  15  12   4   1   1   1   1   2   3   4   3   2   2   2   2   2   2   2   4   4   4   4   3   5   7   7   4   3   1   1   2  90  90  90  90  90  90  90  90  90  90  90   4   4   6   8   9   7
  90   3   3   3   3   2   2   2   1   2   1   1   1   2   2   3   2   1   1   1   1   1   1  90  15  12   5   2   1   1   1   2   3   4   3   2   2   2   2   2   2   2   3   4   4   3   3   3   5   7   6   4   2   1   1  90  90  90  90  90  90  90  90  90  90  90   3   3   6   7   9   9
  90   7  90   7   4   4   3   1   1   2   2   2   2   2   2   3   3   2   1   1   1   1   1  90  10   9   6   3   3   3   2   2   2   4   4   3   2   2   2   2   2   2   2   4   4   3   2   2   3   5   6   4   1   1   1   3  90  90  90  90  90  90  90  90  90  90   3   3   3   5   7   9
  11  11   9   7   4   2   1   1   1   2   2   2   2   2   3   3   3   2   1   1   1   1   2  90   7   7   5   3   2   2   2   2   2   2   4   4   3   2   2   2   2   1   1   2   2   2   2   2   2   4   5   4   1   1   2   3  90  90  90  90  90  90  90  90  90  90   3   3   3   3   4   8
  10  11   9   6   3   2   1   1   2   2   3   3   3   3   3   3   3   2   2   2   2   2   2   5   5   5   4   3   2   2   1   1   1   1   2   2   2   2   2   2   1   1   1   1   1   1   1   2   2   3   5   5   3   2   2   3   4   4   3   3   4   4  90  90  90   7   4   3   3   3   3   5
   7   6   5   2   2   2   2   2   3   3   3   3   2   2   2   2   2   2   2   2   3   3   4   5   5   5   4   3   2   2   1   1   1   1   1   1   1   1   1   1   1   1   1   1   1   1   1   2   2   3   5   5   3   3   4   3   3   3   3   3   4   4   5   5   7   7   4   3   3   3   3   4
   3   3   3   2   2   2   2   3   3   3   3   3   2   2   2   2   2   2   3   4   4   5   6   7   6   5   4   2   1   1   1   1   1   1   1   1   2   2   2   2   2   2   2   2   3   4   4   4   5   5   5   6   6   6   6   6   6   6   5   5   5   5   5   5   6   6   5   3   3   3   3   3
   3   3   3   3   3   3   3   3   3   3   3   3   3   3   3   3   3   4   5   6   6   6  90   8   8   6   4   2   1   1   1   1   2   3   4   5   5   5   6   6   6   6   6   6  90  90  90  90  11  11  11  11  90  90  90  90  13  13  13  13  13  90  12  10  10  10   8   6   5   5   5   5
   7   4   3   3   3   3   4   4   5   5   7   8   9   9   9  10  10  10  10  10  10  90  90  11  11  10   8   7   6   6   6   7   7  90  90  90  90  90  90  90  90  90  90  90  90  90  90  90  90  90  90  90  90  90  90  90  13  13  13  13  90  90  13  12  12  12  90  90  90  10  10   9
  11  10   9   9   9   9  90  90  90  90  90  90  10  10  10  10  10  90  90  11  11  11  11  11  11  12  12  12  12  90  90  90  90  90  90  90  90  90  90  90  90  90  90  90  90  90  90  90  90  90  90  90  90  90  90  90  90  90  90  90  90  15  13  90  90  90  90  90  13  12  12  12
