   9.6003425e-01   9.7255403e-01   9.8366976e-01   9.9635249e-01   1.0072479e+00   1.0191019e+00   1.0343106e+00   1.0477555e+00   1.0613468e+00   1.0764741e+00   1.0870087e+00   1.0948769e+00   1.1004432e+00   1.1020167e+00   1.1016418e+00   1.0982329e+00   1.0930519e+00   1.0858890e+00   1.0742506e+00   1.0611342e+00   1.0449375e+00   1.0212296e+00   9.9830586e-01   9.7283697e-01   9.3959945e-01   9.1070146e-01   8.8096803e-01   8.4461218e-01   8.1407490e-01   7.8390110e-01   7.4864030e-01   7.2048805e-01   6.9328266e-01   6.6104287e-01   6.3383280e-01   6.0622680e-01   5.7246786e-01   5.4459238e-01   5.1747447e-01   4.8591831e-01   4.6064467e-01   4.3721348e-01   4.1261283e-01   3.9588026e-01   3.8288000e-01   3.7291214e-01   3.7005787e-01   3.7193993e-01   3.8113174e-01   3.9479454e-01   4.1301078e-01   4.3914557e-01   4.6247182e-01   4.8614225e-01   5.1495236e-01   5.4006183e-01   5.6637067e-01   5.9875369e-01   6.2607633e-01   6.5337044e-01   6.8546456e-01   7.1152065e-01   7.3669165e-01   7.6617640e-01   7.9044690e-01   8.1426060e-01   8.4156984e-01   8.6305763e-01   8.8360953e-01   9.0703291e-01   9.2553891e-01   9.4245225e-01
   1.7730826e+00   1.7943653e+00   1.8211448e+00   1.8563130e+00   1.8846616e+00   1.9107298e+00   1.9358798e+00   1.9501501e+00   1.9587497e+00   1.9637482e+00   1.9643098e+00   1.9612685e+00   1.9509140e+00   1.9355810e+00   1.9166256e+00   1.8864465e+00   1.8535889e+00   1.8148974e+00   1.7616997e+00   1.7160523e+00   1.6719086e+00   1.6195487e+00   1.5775857e+00   1.5388691e+00   1.4985747e+00   1.4691192e+00   1.4411665e+00   1.4061091e+00   1.3742083e+00   1.3394191e+00   1.2935740e+00   1.2519883e+00   1.2067549e+00   1.1456277e+00   1.0900737e+00   1.0327452e+00   9.6444172e-01   9.1211575e-01   8.6384630e-01   8.0805498e-01   7.6375389e-01   7.2392237e-01   6.8546242e-01   6.6448951e-01   6.5531546e-01   6.6034448e-01   6.7339069e-01   6.9194078e-01   7.2499615e-01   7.6478446e-01   8.1358117e-01   8.7874180e-01   9.3095315e-01   9.7801000e-01   1.0288029e+00   1.0698704e+00   1.1127392e+00   1.1705220e+00   1.2233491e+00   1.2759438e+00   1.3346593e+00   1.3796270e+00   1.4233682e+00   1.4773768e+00   1.5223566e+00   1.5647706e+00   1.6090503e+00   1.6428519e+00   1.6750339e+00   1.7097052e+00   1.7328269e+00   1.7515221e+00
   2.0066068e+00   2.0400600e+00   2.0823622e+00   2.1410277e+00   2.1926229e+00   2.2423813e+00   2.2894092e+00   2.3068118e+00   2.3043933e+00   2.2821491e+00   2.2540336e+00   2.2198055e+00   2.1646218e+00   2.1051176e+00   2.0375133e+00   1.9499352e+00   1.8777053e+00   1.8077393e+00   1.7243068e+00   1.6596149e+00   1.6057849e+00   1.5565966e+00   1.5208993e+00   1.4843459e+00   1.4435941e+00   1.4186692e+00   1.3977225e+00   1.3655565e+00   1.3301018e+00   1.2858950e+00   1.2222036e+00   1.1681466e+00   1.1181344e+00   1.0610303e+00   1.0068887e+00   9.4366503e-01   8.6063558e-01   7.9218674e-01   7.2758627e-01   6.5308464e-01   5.9417176e-01   5.4034889e-01   4.8955309e-01   4.7202900e-01   4.8182809e-01   5.2139181e-01   5.6551367e-01   6.1534792e-01   6.8657738e-01   7.5625265e-01   8.3076054e-01   9.1561842e-01   9.8008406e-01   1.0415663e+00   1.1127548e+00   1.1758487e+00   1.2460055e+00   1.3394182e+00   1.4179007e+00   1.4892566e+00   1.5661550e+00   1.6297359e+00   1.6925080e+00   1.7596354e+00   1.8044033e+00   1.8392899e+00   1.8701521e+00   1.8886549e+00   1.9053138e+00   1.9300562e+00   1.9534506e+00   1.9755851e+00
   1.7761433e+00   1.8210769e+00   1.8782709e+00   1.9527260e+00   2.0121520e+00   2.0642953e+00   2.1015000e+00   2.0999756e+00   2.0705545e+00   2.0057142e+00   1.9351301e+00   1.8492217e+00   1.7261639e+00   1.6146282e+00   1.4994806e+00   1.3608863e+00   1.2539650e+00   1.1592990e+00   1.0689492e+00   1.0120937e+00   9.7105771e-01   9.4537836e-01   9.3797016e-01   9.3035918e-01   9.1015983e-01   8.9038736e-01   8.7386888e-01   8.4495175e-01   8.0380505e-01   7.5065565e-01   6.7986184e-01   6.2354290e-01   5.8076489e-01   5.5523545e-01   5.4025269e-01   5.2072567e-01   4.9045777e-01   4.6040016e-01   4.3291211e-01   4.0257773e-01   3.7183326e-01   3.3109742e-01   2.8308025e-01   2.6368934e-01   2.7183291e-01   3.1205544e-01   3.6155277e-01   4.1852993e-01   4.9799252e-01   5.7581782e-01   6.5107793e-01   7.2391671e-01   7.8480875e-01   8.4825188e-01   9.1744095e-01   9.8422921e-01   1.0704228e+00   1.1850070e+00   1.2766516e+00   1.3591377e+00   1.4498523e+00   1.5250103e+00   1.5988201e+00   1.6678486e+00   1.7053763e+00   1.7271936e+00   1.7303927e+00   1.7214017e+00   1.7137507e+00   1.7160156e+00   1.7249973e+00   1.7409003e+00
   1.1645927e+00   1.2035244e+00   1.2490108e+00   1.2908875e+00   1.3133829e+00   1.3139639e+00   1.2621936e+00   1.1852800e+00   1.0971160e+00   9.9052012e-01   9.0495664e-01   8.1347418e-01   6.9823444e-01   6.1653900e-01   5.5526888e-01   5.4224414e-01   5.8334792e-01   6.2149650e-01   6.4549553e-01   6.5032351e-01   6.3924128e-01   6.1284214e-01   5.8662653e-01   5.5914664e-01   5.3315175e-01   5.2745807e-01   5.4078776e-01   5.8660156e-01   6.4797246e-01   7.1696943e-01   8.0884385e-01   8.8834763e-01   9.6566427e-01   1.0576192e+00   1.1172270e+00   1.1551969e+00   1.1806383e+00   1.1840371e+00   1.1804134e+00   1.1764940e+00   1.1623312e+00   1.1318789e+00   1.0908765e+00   1.0618734e+00   1.0379612e+00   1.0195353e+00   1.0139564e+00   1.0140083e+00   1.0248879e+00   1.0486214e+00   1.0716469e+00   1.0957628e+00   1.1262836e+00   1.1508372e+00   1.1508453e+00   1.1423829e+00   1.1466002e+00   1.1697413e+00   1.1946940e+00   1.2171988e+00   1.2408222e+00   1.2599049e+00   1.2752768e+00   1.2726618e+00   1.2545124e+00   1.2280153e+00   1.1788638e+00   1.1350931e+00   1.1072834e+00   1.1040829e+00   1.1181397e+00   1.1356637e+00
   1.2398946e+00   1.2517540e+00   1.2707419e+00   1.2872581e+00   1.2857329e+00   1.2571212e+00   1.1858095e+00   1.1156887e+00   1.0762273e+00   1.1227820e+00   1.2328377e+00   1.3876086e+00   1.6111555e+00   1.7973433e+00   1.9670998e+00   2.1452334e+00   2.2584777e+00   2.3325744e+00   2.3855102e+00   2.4042552e+00   2.3919532e+00   2.3480227e+00   2.3039584e+00   2.2610805e+00   2.2131510e+00   2.1816237e+00   2.1702490e+00   2.1840787e+00   2.2115359e+00   2.2573459e+00   2.3326783e+00   2.3969483e+00   2.4579895e+00   2.5273497e+00   2.5826204e+00   2.6306636e+00   2.6508341e+00   2.6330538e+00   2.5987823e+00   2.5395968e+00   2.4774168e+00   2.4125504e+00   2.3354785e+00   2.2759600e+00   2.2240150e+00   2.1725879e+00   2.1451392e+00   2.1369076e+00   2.1527362e+00   2.1904912e+00   2.2361903e+00   2.2810874e+00   2.3127236e+00   2.3399727e+00   2.3357747e+00   2.2891524e+00   2.2254832e+00   2.1493704e+00   2.0768983e+00   1.9860106e+00   1.8621496e+00   1.7546659e+00   1.6492646e+00   1.5346571e+00   1.4552976e+00   1.3875833e+00   1.3086381e+00   1.2467932e+00   1.2098432e+00   1.2097601e+00   1.2263879e+00   1.2367824e+00
   2.9831975e+00   2.9609149e+00   2.9457462e+00   2.9427462e+00   2.9508746e+00   2.9607811e+00   2.9776447e+00   3.0113590e+00   3.0763929e+00   3.1927059e+00   3.3198185e+00   3.4746056e+00   3.6770220e+00   3.8435273e+00   3.9997940e+00   4.1562476e+00   4.2481880e+00   4.3018808e+00   4.3278527e+00   4.3334498e+00   4.3166928e+00   4.2534275e+00   4.1792703e+00   4.1082411e+00   4.0420318e+00   3.9989617e+00   3.9725702e+00   3.9658391e+00   3.9689703e+00   3.9773602e+00   3.9914684e+00   4.0011268e+00   4.0110903e+00   4.0251045e+00   4.0394421e+00   4.0517612e+00   4.0492725e+00   4.0258069e+00   3.9791281e+00   3.8950658e+00   3.8132002e+00   3.7317905e+00   3.6410890e+00   3.5740407e+00   3.5161152e+00   3.4633751e+00   3.4467361e+00   3.4575937e+00   3.5023081e+00   3.5665741e+00   3.6479003e+00   3.7509770e+00   3.8232985e+00   3.8809710e+00   3.9208126e+00   3.9030933e+00   3.8388541e+00   3.7268405e+00   3.6192176e+00   3.5065174e+00   3.3753483e+00   3.2721558e+00   3.1768126e+00   3.0849080e+00   3.0423892e+00   3.0281081e+00   3.0239623e+00   3.0167303e+00   3.0090485e+00   3.0066545e+00   3.0102396e+00   3.0065007e+00
   5.0279970e+00   4.9944043e+00   4.9672823e+00   4.9503698e+00   4.9521098e+00   4.9647121e+00   5.0026722e+00   5.0628176e+00   5.1448841e+00   5.2625785e+00   5.3749437e+00   5.5030422e+00   5.6644263e+00   5.7900534e+00   5.8996315e+00   5.9985962e+00   6.0523043e+00   6.0798111e+00   6.0727472e+00   6.0353155e+00   5.9794626e+00   5.9042301e+00   5.8354321e+00   5.7612133e+00   5.6805854e+00   5.6318111e+00   5.6021004e+00   5.5827932e+00   5.5665784e+00   5.5403857e+00   5.4973812e+00   5.4588242e+00   5.4209294e+00   5.3757601e+00   5.3320789e+00   5.2851081e+00   5.2335849e+00   5.1868463e+00   5.1292887e+00   5.0443883e+00   4.9633398e+00   4.8812757e+00   4.7907257e+00   4.7276330e+00   4.6814437e+00   4.6553717e+00   4.6677322e+00   4.7117815e+00   4.7978454e+00   4.8908100e+00   5.0014615e+00   5.1494274e+00   5.2652826e+00   5.3616829e+00   5.4502358e+00   5.4853878e+00   5.4718213e+00   5.4012136e+00   5.3115287e+00   5.2082057e+00   5.0935688e+00   5.0173059e+00   4.9550781e+00   4.9036641e+00   4.8966413e+00   4.9261312e+00   4.9916096e+00   5.0414720e+00   5.0741539e+00   5.0903282e+00   5.0848103e+00   5.0657516e+00
   6.9553699e+00   6.9214569e+00   6.8889661e+00   6.8589430e+00   6.8480226e+00   6.8512473e+00   6.8839855e+00   6.9339968e+00   6.9901872e+00   7.0725565e+00   7.1537157e+00   7.2418795e+00   7.3406181e+00   7.4021345e+00   7.4466863e+00   7.4723063e+00   7.4723254e+00   7.4547534e+00   7.4063287e+00   7.3385368e+00   7.2551160e+00   7.1659436e+00   7.1052552e+00   7.0439544e+00   6.9632931e+00   6.8971659e+00   6.8436465e+00   6.7963319e+00   6.7544791e+00   6.7013617e+00   6.6230040e+00   6.5476724e+00   6.4662056e+00   6.3585634e+00   6.2594359e+00   6.1614370e+00   6.0580626e+00   5.9832079e+00   5.9146414e+00   5.8355141e+00   5.7723716e+00   5.7164812e+00   5.6586103e+00   5.6229423e+00   5.6065435e+00   5.6169415e+00   5.6630614e+00   5.7436905e+00   5.8683867e+00   5.9897473e+00   6.1284723e+00   6.3093133e+00   6.4611279e+00   6.6023259e+00   6.7469354e+00   6.8401195e+00   6.9008174e+00   6.9182820e+00   6.8892795e+00   6.8310442e+00   6.7546968e+00   6.7086608e+00   6.6809011e+00   6.6809802e+00   6.7170612e+00   6.7793989e+00   6.8759122e+00   6.9500781e+00   7.0016899e+00   7.0271406e+00   7.0179092e+00   6.9937558e+00
   8.4555950e+00   8.4332408e+00   8.4058094e+00   8.3773031e+00   8.3675460e+00   8.3692026e+00   8.3810110e+00   8.3926448e+00   8.4004641e+00   8.4209347e+00   8.4491109e+00   8.4784584e+00   8.4973011e+00   8.4923152e+00   8.4700241e+00   8.4218149e+00   8.3685045e+00   8.3029108e+00   8.2134905e+00   8.1350946e+00   8.0549040e+00   7.9631882e+00   7.8973236e+00   7.8398104e+00   7.7689915e+00   7.7031956e+00   7.6365399e+00   7.5588160e+00   7.4869538e+00   7.4047146e+00   7.2906113e+00   7.1785260e+00   7.0522599e+00   6.8834224e+00   6.7357112e+00   6.5883679e+00   6.4287305e+00   6.3267295e+00   6.2475581e+00   6.1732163e+00   6.1297018e+00   6.1064720e+00   6.0970879e+00   6.0981567e+00   6.1195564e+00   6.1754770e+00   6.2571852e+00   6.3706875e+00   6.5279765e+00   6.6723158e+00   6.8297329e+00   7.0376549e+00   7.2234069e+00   7.4079576e+00   7.6131186e+00   7.7684179e+00   7.9063811e+00   8.0259962e+00   8.0783052e+00   8.0956516e+00   8.0945988e+00   8.1020412e+00   8.1252394e+00   8.1796227e+00   8.2432489e+00   8.3114910e+00   8.3889418e+00   8.4428472e+00   8.4807491e+00   8.4987745e+00   8.4944772e+00   8.4800110e+00
   9.3004236e+00   9.3001547e+00   9.2997055e+00   9.2992611e+00   9.3008709e+00   9.2997322e+00   9.2833128e+00   9.2523308e+00   9.2151785e+00   9.1715422e+00   9.1349735e+00   9.0920630e+00   9.0239849e+00   8.9538870e+00   8.8708258e+00   8.7616253e+00   8.6679316e+00   8.5731716e+00   8.4679298e+00   8.3924341e+00   8.3253584e+00   8.2470160e+00   8.1870098e+00   8.1355772e+00   8.0773115e+00   8.0229092e+00   7.9565725e+00   7.8587027e+00   7.7638249e+00   7.6559820e+00   7.5073586e+00   7.3645935e+00   7.2010970e+00   6.9765344e+00   6.7775517e+00   6.5707698e+00   6.3349609e+00   6.1862783e+00   6.0871706e+00   6.0199604e+00   5.9980555e+00   6.0033717e+00   6.0407643e+00   6.0827303e+00   6.1442800e+00   6.2518291e+00   6.3730755e+00   6.5143805e+00   6.6921463e+00   6.8406677e+00   7.0001192e+00   7.2275662e+00   7.4431067e+00   7.6673822e+00   7.9341125e+00   8.1484604e+00   8.3515949e+00   8.5640135e+00   8.7013168e+00   8.8045359e+00   8.8931065e+00   8.9598284e+00   9.0331516e+00   9.1235628e+00   9.1896019e+00   9.2413502e+00   9.2810278e+00   9.3005781e+00   9.3094196e+00   9.3081141e+00   9.3063049e+00   9.3045731e+00
   9.4629641e+00   9.4978552e+00   9.5370531e+00   9.5772572e+00   9.5953407e+00   9.5940123e+00   9.5589800e+00   9.5018711e+00   9.4331388e+00   9.3351440e+00   9.2374706e+00   9.1258926e+00   8.9762363e+00   8.8415442e+00   8.7037830e+00   8.5456161e+00   8.4236145e+00   8.3164959e+00   8.2156429e+00   8.1516819e+00   8.1011066e+00   8.0474215e+00   8.0077496e+00   7.9721470e+00   7.9268560e+00   7.8778677e+00   7.8113012e+00   7.7062597e+00   7.6008091e+00   7.4779406e+00   7.3046250e+00   7.1371508e+00   6.9417753e+00   6.6623106e+00   6.4026632e+00   6.1229377e+00   5.7856865e+00   5.5611811e+00   5.4232578e+00   5.3616295e+00   5.3768797e+00   5.4236922e+00   5.5100789e+00   5.6050854e+00   5.7207136e+00   5.8830462e+00   6.0388823e+00   6.2016201e+00   6.3842092e+00   6.5205259e+00   6.6726561e+00   6.9123569e+00   7.1535215e+00   7.4167562e+00   7.7464180e+00   8.0184574e+00   8.2803497e+00   8.5707111e+00   8.7813892e+00   8.9571514e+00   9.1167717e+00   9.2228193e+00   9.3253880e+00   9.4281101e+00   9.4823647e+00   9.5031843e+00   9.4887190e+00   9.4569950e+00   9.4205914e+00   9.3963280e+00   9.4037466e+00   9.4276848e+00
   9.0218735e+00   9.1040373e+00   9.1833582e+00   9.2593145e+00   9.2971611e+00   9.3103456e+00   9.2840195e+00   9.2262650e+00   9.1404762e+00   9.0056391e+00   8.8658276e+00   8.7039728e+00   8.4866467e+00   8.2955952e+00   8.1098852e+00   7.9081354e+00   7.7651978e+00   7.6531591e+00   7.5619946e+00   7.5144782e+00   7.4860172e+00   7.4643307e+00   7.4485302e+00   7.4302235e+00   7.3950143e+00   7.3476086e+00   7.2815919e+00   7.1792140e+00   7.0719261e+00   6.9428620e+00   6.7535009e+00   6.5596051e+00   6.3245649e+00   5.9797010e+00   5.6482720e+00   5.2832546e+00   4.8239985e+00   4.5036221e+00   4.3084192e+00   4.2456112e+00   4.3105850e+00   4.4275789e+00   4.5855885e+00   4.7503500e+00   4.9316721e+00   5.1409307e+00   5.3144970e+00   5.4935813e+00   5.6767998e+00   5.8006907e+00   5.9484434e+00   6.2006512e+00   6.4663582e+00   6.7642632e+00   7.1494093e+00   7.4756660e+00   7.7951822e+00   8.1554585e+00   8.4220152e+00   8.6438007e+00   8.8378077e+00   8.9521732e+00   9.0553951e+00   9.1462440e+00   9.1759491e+00   9.1513767e+00   9.0593719e+00   8.9550495e+00   8.8556395e+00   8.8107681e+00   8.8477106e+00   8.9217415e+00
   7.8422354e+00   7.9732047e+00   8.0988573e+00   8.2218661e+00   8.2975165e+00   8.3491097e+00   8.3587325e+00   8.3224962e+00   8.2422517e+00   8.0985272e+00   7.9396610e+00   7.7468783e+00   7.4867588e+00   7.2665284e+00   7.0597213e+00   6.8391570e+00   6.6880708e+00   6.5801305e+00   6.5101521e+00   6.4900369e+00   6.4929735e+00   6.5132296e+00   6.5240589e+00   6.5170757e+00   6.4881968e+00   6.4434638e+00   6.3826161e+00   6.2906567e+00   6.1836474e+00   6.0534055e+00   5.8530548e+00   5.6253967e+00   5.3356379e+00   4.8978766e+00   4.4618975e+00   3.9860713e+00   3.3783562e+00   2.9397339e+00   2.6514303e+00   2.5750748e+00   2.6746372e+00   2.9091628e+00   3.2153483e+00   3.4807085e+00   3.7156801e+00   3.9361231e+00   4.1070085e+00   4.3153539e+00   4.5267636e+00   4.6579944e+00   4.8190800e+00   5.1054427e+00   5.4026121e+00   5.7278699e+00   6.1565207e+00   6.5256997e+00   6.8871116e+00   7.2959975e+00   7.5973288e+00   7.8354793e+00   8.0150903e+00   8.0854849e+00   8.1370773e+00   8.1663869e+00   8.1299406e+00   8.0391021e+00   7.8702900e+00   7.7055756e+00   7.5414767e+00   7.4661529e+00   7.5351064e+00   7.6694113e+00
   6.1640582e+00   6.2722111e+00   6.3735290e+00   6.4746766e+00   6.5335426e+00   6.5710592e+00   6.5681782e+00   6.5261569e+00   6.4441195e+00   6.2892394e+00   6.1181974e+00   5.9190106e+00   5.6609998e+00   5.4484272e+00   5.2523851e+00   5.0613532e+00   4.9497924e+00   4.8812361e+00   4.8575969e+00   4.8749447e+00   4.9133601e+00   4.9789562e+00   5.0191827e+00   5.0319815e+00   5.0196528e+00   4.9894328e+00   4.9351864e+00   4.8404894e+00   4.7361603e+00   4.6066933e+00   4.4009247e+00   4.1550946e+00   3.8144608e+00   3.2701054e+00   2.7627106e+00   2.2655568e+00   1.6380614e+00   1.3284218e+00   8.8835126e-01   6.9034791e-01   6.9422799e-01   8.8057554e-01   1.5030710e+00   1.8625458e+00   2.1317263e+00   2.3580651e+00   2.5537379e+00   2.8118739e+00   3.0758114e+00   3.2455220e+00   3.4435661e+00   3.7662690e+00   4.0829678e+00   4.4159846e+00   4.8436728e+00   5.2073317e+00   5.5511537e+00   5.9328680e+00   6.2262030e+00   6.4535527e+00   6.5306559e+00   6.5124049e+00   6.4528570e+00   6.3456712e+00   6.3290739e+00   6.3058076e+00   6.1626272e+00   6.0103073e+00   5.8239274e+00   5.7559385e+00   5.8508615e+00   6.0004244e+00
   4.8488169e+00   4.9082708e+00   4.9678950e+00   5.0304756e+00   5.0606017e+00   5.0650048e+00   5.0228415e+00   4.9455643e+00   4.8234663e+00   4.6202631e+00   4.4242301e+00   4.2168608e+00   3.9640844e+00   3.7648559e+00   3.5835950e+00   3.4204226e+00   3.3400667e+00   3.3036873e+00   3.3148820e+00   3.3579683e+00   3.4202194e+00   3.5048134e+00   3.5548291e+00   3.5763378e+00   3.5710773e+00   3.5405617e+00   3.4832544e+00   3.3870418e+00   3.2849019e+00   3.1602976e+00   2.9648538e+00   2.7326388e+00   2.4373271e+00   2.1486375e+00   2.1676047e+00   2.3594902e+00   2.6159408e+00   1.6536947e+00   8.4042364e-01   7.2225928e-01   8.3750790e-01   7.6281512e-01   9.6088386e-01   1.0076034e+00   9.4625604e-01   1.0538008e+00   1.2921073e+00   1.5872236e+00   1.8621931e+00   2.0621436e+00   2.3000283e+00   2.6300561e+00   2.9142845e+00   3.1992323e+00   3.5624735e+00   3.8860312e+00   4.2058411e+00   4.5551205e+00   4.8048663e+00   4.9789462e+00   4.9482656e+00   4.7860680e+00   4.4370780e+00   4.2456875e+00   4.5770192e+00   4.7429695e+00   4.7617464e+00   4.6718016e+00   4.5397305e+00   4.5331674e+00   4.6345830e+00   4.7462664e+00
   3.3606396e+00   3.3802412e+00   3.4111934e+00   3.4482334e+00   3.4603467e+00   3.4466262e+00   3.3847308e+00   3.2885456e+00   3.1471252e+00   2.9279630e+00   2.7269077e+00   2.5226810e+00   2.2858257e+00   2.1101708e+00   1.9595727e+00   1.8406532e+00   1.7925855e+00   1.7797989e+00   1.8073343e+00   1.8660488e+00   1.9496286e+00   2.0580664e+00   2.1243243e+00   2.1581163e+00   2.1610858e+00   2.1314483e+00   2.0732508e+00   1.9760798e+00   1.8873115e+00   1.8086100e+00   1.7624347e+00   1.7814016e+00   1.8700377e+00   2.2151866e+00   2.7776427e+00   3.3612440e+00   2.9000027e+00   1.5077906e+00   7.8661740e-01   6.8810409e-01   7.1619195e-01   7.5831258e-01   1.0551929e+00   8.8785088e-01   7.0879060e-01   7.0551693e-01   8.1547576e-01   8.9927608e-01   9.2930651e-01   1.1410908e+00   1.3973017e+00   1.6524990e+00   1.8393855e+00   2.0250974e+00   2.2691185e+00   2.5128455e+00   2.7807162e+00   3.0843122e+00   3.2933488e+00   3.4399195e+00   3.4472251e+00   3.4967623e+00   3.0449116e+00   2.5847762e+00   3.0880289e+00   3.3397903e+00   3.2847552e+00   3.2056403e+00   3.1171000e+00   3.1707339e+00   3.2727585e+00   3.3278022e+00
   1.7117195e+00   1.7032767e+00   1.7202014e+00   1.7462114e+00   1.7520123e+00   1.7365676e+00   1.6764171e+00   1.5800232e+00   1.4429695e+00   1.2423020e+00   1.0563918e+00   8.6606923e-01   6.5450752e-01   5.1093294e-01   4.0481267e-01   3.4465051e-01   3.2988708e-01   3.3271066e-01   3.5986136e-01   4.2541544e-01   5.2854801e-01   6.6732819e-01   7.5738610e-01   8.0758496e-01   8.2058361e-01   7.9432852e-01   7.3823425e-01   6.4053668e-01   5.7539089e-01   5.7972209e-01   8.0849847e-01   1.2931711e+00   2.0660104e+00   3.3507781e+00   4.4020089e+00   5.0193313e+00   2.2626096e+00   7.3584664e-01   5.6409189e-01   4.0870968e-01   1.4490389e-01   6.7733708e-01   1.6345813e+00   1.3905085e+00   1.3321463e+00   1.2402835e+00   1.0622876e+00   7.0732784e-01   2.6133166e-01   4.6810477e-01   7.2164052e-01   8.2924974e-01   8.6508636e-01   9.1117840e-01   9.9342829e-01   1.1251977e+00   1.3167243e+00   1.5637957e+00   1.7392638e+00   1.8873518e+00   2.0695379e+00   2.6659479e+00   2.3066822e+00   1.4056055e+00   1.8792137e+00   2.1055638e+00   1.7433509e+00   1.6214405e+00   1.5578483e+00   1.6638367e+00   1.7627805e+00   1.7500130e+00
   1.3378875e+00   1.4674221e+00   1.5342517e+00   1.5579391e+00   1.5574161e+00   1.5538538e+00   1.5546947e+00   1.5658116e+00   1.5876263e+00   1.6151917e+00   1.6423817e+00   1.6676376e+00   1.6837194e+00   1.6897820e+00   1.6992311e+00   1.7117714e+00   1.7234491e+00   1.7329202e+00   1.7519118e+00   1.7698722e+00   1.7934349e+00   1.8359889e+00   1.8691750e+00   1.8914864e+00   1.9339983e+00   1.9954147e+00   2.0841172e+00   2.2281356e+00   2.3698463e+00   2.5355673e+00   2.8865213e+00   3.4586072e+00   4.3599133e+00   5.8912792e+00   6.7149324e+00   3.8023043e+00   9.7204101e-01   4.3123376e-01   7.6719987e-01   1.1989747e+00   6.4485848e-01   3.6415875e-01   2.3858380e+00   2.4992580e+00   2.4769535e+00   2.3793545e+00   2.1390500e+00   1.8173478e+00   1.5773697e+00   1.5288383e+00   1.4994442e+00   1.4263482e+00   1.3351414e+00   1.2337394e+00   1.1309438e+00   1.1015933e+00   1.1559469e+00   1.3608906e+00   1.6596432e+00   2.1268196e+00   3.2468815e+00   3.8854833e+00   2.7559576e+00   1.8000615e+00   2.9247026e+00   3.1719458e+00   2.3442147e+00   1.4377730e+00   1.0207856e+00   9.4498163e-01   9.0023369e-01   1.0860794e+00
   3.0210695e+00   3.1438004e+00   3.1945250e+00   3.1884122e+00   3.1574658e+00   3.1157660e+00   3.0567944e+00   3.0127145e+00   2.9732792e+00   2.9265203e+00   2.8857502e+00   2.8418021e+00   2.7911093e+00   2.7646948e+00   2.7652678e+00   2.7993166e+00   2.8419711e+00   2.8913443e+00   2.9609604e+00   3.0147985e+00   3.0692434e+00   3.1323171e+00   3.1728614e+00   3.2101600e+00   3.2782004e+00   3.3629554e+00   3.4779158e+00   3.6694322e+00   3.8483036e+00   4.0212140e+00   4.2914538e+00   4.7575020e+00   5.5755272e+00   6.9500875e+00   6.3717896e+00   2.5477777e+00   5.8633131e-01   8.2409444e-01   1.0919437e+00   9.0061623e-01   6.9871233e-01   1.1605716e+00   3.0188308e+00   3.1518081e+00   3.0831096e+00   2.9373107e+00   2.6816165e+00   2.4040194e+00   2.2181475e+00   2.1941142e+00   2.2027054e+00   2.2172635e+00   2.2355637e+00   2.2667463e+00   2.3363070e+00   2.4304211e+00   2.5680258e+00   2.8205709e+00   3.1368157e+00   3.6038158e+00   4.4299250e+00   4.6866278e+00   2.3099754e+00   1.6273569e+00   4.3028268e+00   4.7834315e+00   3.9693232e+00   3.2015763e+00   2.5207536e+00   2.4296262e+00   2.5220103e+00   2.7645531e+00
   4.4821744e+00   4.5913382e+00   4.6221261e+00   4.5876861e+00   4.5288715e+00   4.4509130e+00   4.3372722e+00   4.2412748e+00   4.1443844e+00   4.0276561e+00   3.9277058e+00   3.8299403e+00   3.7364278e+00   3.6990993e+00   3.7079327e+00   3.7732668e+00   3.8498461e+00   3.9372697e+00   4.0509501e+00   4.1367321e+00   4.2182593e+00   4.3005013e+00   4.3512640e+00   4.4044585e+00   4.4932537e+00   4.5928459e+00   4.7236977e+00   4.9465952e+00   5.1553445e+00   5.3408008e+00   5.5343056e+00   5.8531618e+00   6.5152197e+00   7.5943379e+00   5.8264980e+00   1.5828724e+00   4.7121894e-01   1.2082827e+00   1.4417225e+00   7.9364014e-01   8.5413069e-01   1.9596124e+00   3.5379851e+00   3.6684906e+00   3.5734925e+00   3.3776970e+00   3.1152477e+00   2.8877652e+00   2.7717140e+00   2.7921958e+00   2.8561032e+00   2.9669480e+00   3.0896685e+00   3.2363544e+00   3.4446397e+00   3.6349905e+00   3.8402169e+00   4.1377540e+00   4.4726715e+00   4.9258633e+00   5.4776993e+00   5.3550382e+00   2.7475822e+00   2.7444689e+00   5.8879600e+00   5.6822462e+00   4.6629219e+00   4.2050161e+00   3.8112216e+00   3.7548223e+00   3.9552050e+00   4.2322483e+00
   6.1043297e+00   6.1788374e+00   6.1722623e+00   6.1000833e+00   6.0065980e+00   5.8803260e+00   5.6989617e+00   5.5350862e+00   5.3634482e+00   5.1550995e+00   4.9889651e+00   4.8474504e+00   4.7451231e+00   4.7398579e+00   4.7986879e+00   4.9310101e+00   5.0632445e+00   5.2016382e+00   5.3645468e+00   5.4878354e+00   5.6001336e+00   5.7071254e+00   5.7790267e+00   5.8572495e+00   5.9654929e+00   6.0676947e+00   6.1985409e+00   6.4310906e+00   6.6669259e+00   6.8824360e+00   6.9736888e+00   6.9881173e+00   7.2630664e+00   7.6067721e+00   4.5884287e+00   8.2894496e-01   9.0522198e-01   1.7451825e+00   2.0036320e+00   1.0635900e+00   1.3045549e+00   3.1221357e+00   4.0368289e+00   4.1148570e+00   4.0263921e+00   3.7542355e+00   3.5011700e+00   3.3595730e+00   3.3794754e+00   3.5088278e+00   3.6912813e+00   3.9606712e+00   4.2232588e+00   4.4992334e+00   4.8336835e+00   5.1029074e+00   5.3713322e+00   5.7282097e+00   6.0927750e+00   6.4957243e+00   6.6942013e+00   6.0280005e+00   5.3423451e+00   7.2245775e+00   8.6420885e+00   5.4014696e+00   3.5993239e+00   3.9698294e+00   5.2142787e+00   5.3192494e+00   5.6113037e+00   5.8890230e+00
   7.0774898e+00   7.0976376e+00   7.0507922e+00   6.9410023e+00   6.8213877e+00   6.6684708e+00   6.4474162e+00   6.2416815e+00   6.0232104e+00   5.7758363e+00   5.6106542e+00   5.4973272e+00   5.4551166e+00   5.5032218e+00   5.6123365e+00   5.7972230e+00   5.9699906e+00   6.1403259e+00   6.3287791e+00   6.4663729e+00   6.5803155e+00   6.6846284e+00   6.7618298e+00   6.8494438e+00   6.9705648e+00   7.0825171e+00   7.2030825e+00   7.3850674e+00   7.6237297e+00   7.8373971e+00   7.9269900e+00   7.7223034e+00   7.5349869e+00   6.9643664e+00   4.3822172e+00   1.7249929e+00   1.1444351e+00   1.6142937e+00   2.3067602e+00   2.0371863e+00   1.6389625e+00   3.6711592e+00   4.2403057e+00   4.2521503e+00   4.1017335e+00   3.8604479e+00   3.7505388e+00   3.7865503e+00   3.9996336e+00   4.2659300e+00   4.5694106e+00   4.9538148e+00   5.2785085e+00   5.5957821e+00   5.9565510e+00   6.2351769e+00   6.4969911e+00   6.7828206e+00   6.9954886e+00   7.1710023e+00   7.1044416e+00   6.4211053e+00   6.2374243e+00   7.9034433e+00   7.2700438e+00   3.8779023e+00   2.7571313e+00   2.9568307e+00   4.6835049e+00   6.4130324e+00   6.6822871e+00   6.9300041e+00
   7.5041099e+00   7.4869776e+00   7.4160414e+00   7.2841383e+00   7.1471788e+00   6.9800240e+00   6.7445594e+00   6.5280897e+00   6.3056113e+00   6.0705502e+00   5.9351161e+00   5.8614915e+00   5.8684919e+00   5.9498222e+00   6.0837910e+00   6.2904231e+00   6.4769365e+00   6.6551043e+00   6.8459760e+00   6.9793721e+00   7.0855876e+00   7.1827131e+00   7.2587181e+00   7.3508197e+00   7.4766355e+00   7.5839129e+00   7.6759105e+00   7.8088861e+00   8.0135136e+00   8.2113027e+00   8.3750114e+00   8.1271086e+00   7.6554823e+00   6.6155874e+00   4.1938886e+00   1.9933776e+00   1.3619902e+00   1.7637673e+00   2.5403101e+00   2.4906973e+00   1.9215325e+00   3.8299370e+00   4.2555780e+00   4.2475934e+00   4.1146617e+00   3.9793606e+00   3.9968429e+00   4.1526809e+00   4.4767346e+00   4.8123549e+00   5.1690920e+00   5.5927313e+00   5.9279301e+00   6.2442863e+00   6.5950119e+00   6.8613407e+00   7.1030007e+00   7.3389197e+00   7.4764949e+00   7.6318832e+00   7.5224653e+00   6.9169189e+00   6.8440496e+00   8.1727390e+00   6.6526767e+00   3.3368893e+00   2.5711071e+00   2.6202447e+00   4.2805242e+00   6.9915420e+00   7.2012616e+00   7.4062076e+00
   7.8264786e+00   7.7617827e+00   7.6633570e+00   7.5066331e+00   7.3480733e+00   7.1664757e+00   6.9244304e+00   6.7108315e+00   6.5091536e+00   6.3258226e+00   6.2551642e+00   6.2509750e+00   6.3281220e+00   6.4487297e+00   6.6055327e+00   6.8267240e+00   7.0178227e+00   7.1930080e+00   7.3730490e+00   7.4881778e+00   7.5763724e+00   7.6593925e+00   7.7294202e+00   7.8254450e+00   7.9534381e+00   8.0442760e+00   8.0799919e+00   8.1372219e+00   8.2652680e+00   8.4293259e+00   8.7569678e+00   8.5526114e+00   7.7483908e+00   6.2551941e+00   3.9103633e+00   2.0167405e+00   1.6888850e+00   2.1750121e+00   2.8619501e+00   2.8718874e+00   2.3311302e+00   3.8317993e+00   4.1605052e+00   4.1507837e+00   4.0954443e+00   4.1735497e+00   4.3805003e+00   4.6873987e+00   5.1332057e+00   5.5346067e+00   5.9318752e+00   6.3690300e+00   6.6880543e+00   6.9762858e+00   7.2883035e+00   7.5216583e+00   7.7232050e+00   7.8943500e+00   7.9629261e+00   8.2178618e+00   8.1818100e+00   7.7580575e+00   7.6113759e+00   8.3354038e+00   6.1632719e+00   3.1110797e+00   2.6947029e+00   2.5209316e+00   3.7304416e+00   7.5714624e+00   7.6647573e+00   7.7946698e+00
   7.6331472e+00   7.5387545e+00   7.4342942e+00   7.2767825e+00   7.1171862e+00   6.9505339e+00   6.7609401e+00   6.6187078e+00   6.5178518e+00   6.4721303e+00   6.5086157e+00   6.5945492e+00   6.7441201e+00   6.8958265e+00   7.0606856e+00   7.2703381e+00   7.4381057e+00   7.5879426e+00   7.7339382e+00   7.8257985e+00   7.9045477e+00   7.9953308e+00   8.0821838e+00   8.1871309e+00   8.3130932e+00   8.4598731e+00   8.6420355e+00   8.9677591e+00   8.4054679e+00   7.6688838e+00   8.8446350e+00   8.5375089e+00   7.6586776e+00   6.0075836e+00   3.9314842e+00   2.3440175e+00   2.1109025e+00   2.5665361e+00   3.2264993e+00   3.8663559e+00   4.0029688e+00   4.1218066e+00   4.1083288e+00   4.2145524e+00   4.3954706e+00   4.7361021e+00   5.0913280e+00   5.4798503e+00   5.9501247e+00   6.3270046e+00   6.6735220e+00   7.0335279e+00   7.2870580e+00   7.5105247e+00   7.7474031e+00   7.9223595e+00   8.0642595e+00   8.1689396e+00   8.2352924e+00   8.5711002e+00   7.7448807e+00   7.1562339e+00   7.7137594e+00   7.6395640e+00   5.2114380e+00   2.6624207e+00   2.5019140e+00   2.8620721e+00   4.5730863e+00   7.5895090e+00   7.6181741e+00   7.6622038e+00
   7.3512106e+00   7.2503991e+00   7.1502275e+00   7.0038199e+00   6.8661642e+00   6.7330174e+00   6.6032634e+00   6.5265932e+00   6.4974289e+00   6.5350347e+00   6.6303110e+00   6.7617188e+00   6.9443688e+00   7.1086788e+00   7.2750545e+00   7.4736233e+00   7.6259189e+00   7.7601986e+00   7.8893318e+00   7.9713144e+00   8.0449123e+00   8.1379042e+00   8.2293186e+00   8.3342600e+00   8.4847593e+00   8.6672087e+00   8.8972225e+00   9.2653503e+00   8.0777683e+00   6.4437599e+00   7.9310699e+00   8.3265085e+00   7.3939252e+00   5.6451855e+00   3.7280519e+00   2.3857176e+00   2.2755415e+00   2.7281148e+00   3.3504505e+00   4.0511165e+00   4.2821631e+00   4.1584940e+00   4.1794853e+00   4.3876367e+00   4.6885872e+00   5.1345291e+00   5.5388746e+00   5.9446015e+00   6.4006228e+00   6.7445316e+00   7.0490170e+00   7.3541269e+00   7.5621748e+00   7.7414179e+00   7.9266529e+00   8.0590019e+00   8.1660891e+00   8.2553101e+00   8.3252630e+00   8.6114082e+00   7.3312831e+00   6.1286721e+00   6.8666096e+00   7.1422663e+00   4.4429750e+00   2.2393925e+00   2.4168084e+00   3.1831789e+00   5.5580792e+00   7.4854460e+00   7.3828235e+00   7.3963466e+00
   6.8330308e+00   6.7319216e+00   6.6437171e+00   6.5215382e+00   6.4315182e+00   6.3636057e+00   6.3386429e+00   6.3704613e+00   6.4495710e+00   6.6037337e+00   6.7766786e+00   6.9648648e+00   7.1856924e+00   7.3629533e+00   7.5289301e+00   7.7089172e+00   7.8385611e+00   7.9509248e+00   8.0592883e+00   8.1306151e+00   8.1974349e+00   8.2916470e+00   8.3852118e+00   8.4860883e+00   8.6902611e+00   8.9239519e+00   9.1902396e+00   9.5274418e+00   7.3095433e+00   4.1558384e+00   5.9272699e+00   7.8797808e+00   6.8655696e+00   4.9787144e+00   3.2811192e+00   2.3265438e+00   2.4375750e+00   2.8974357e+00   3.4511479e+00   3.9961047e+00   4.1221464e+00   4.1054911e+00   4.3561793e+00   4.7307290e+00   5.1822886e+00   5.7352466e+00   6.1777617e+00   6.5833594e+00   6.9976158e+00   7.2817924e+00   7.5189986e+00   7.7411765e+00   7.8812300e+00   7.9948534e+00   8.1032350e+00   8.1705434e+00   8.2299156e+00   8.3161264e+00   8.3948268e+00   8.5374396e+00   6.6408338e+00   4.1933309e+00   4.9988971e+00   6.3896128e+00   3.2237913e+00   1.5340025e+00   2.3215183e+00   3.7183563e+00   7.2924021e+00   7.2535318e+00   6.8980623e+00   6.8850557e+00
   5.9732113e+00   5.8943217e+00   5.8305044e+00   5.7818127e+00   5.7872231e+00   5.8308330e+00   5.9536147e+00   6.1075785e+00   6.2910652e+00   6.5502605e+00   6.7879426e+00   7.0204430e+00   7.2747560e+00   7.4661351e+00   7.6382732e+00   7.8147740e+00   7.9345727e+00   8.0321732e+00   8.1218100e+00   8.1723833e+00   8.2063580e+00   8.2320499e+00   8.2357416e+00   8.2570333e+00   8.3133526e+00   8.3126497e+00   8.4261484e+00   8.0648546e+00   5.5496915e+00   3.2033384e+00   4.6615329e+00   6.2991120e+00   5.2188191e+00   3.4716783e+00   2.5040626e+00   2.2772067e+00   2.6630599e+00   3.1256159e+00   3.5734372e+00   3.9819291e+00   4.1690683e+00   4.3684735e+00   4.8014941e+00   5.2537478e+00   5.7320738e+00   6.2773309e+00   6.6962458e+00   7.0668693e+00   7.4305835e+00   7.6664362e+00   7.8454528e+00   7.9837465e+00   8.0403929e+00   8.0607433e+00   8.0431843e+00   8.0158586e+00   8.0231810e+00   8.0293760e+00   7.8583589e+00   7.6287127e+00   5.3550458e+00   2.7922074e+00   3.7573872e+00   5.3156710e+00   2.4099295e+00   1.2355535e+00   2.1118975e+00   3.1723035e+00   4.5505185e+00   5.4244847e+00   6.2917645e+00   5.9937801e+00
   5.4294899e+00   5.3696914e+00   5.3268407e+00   5.3351892e+00   5.4017935e+00   5.5077899e+00   5.7005781e+00   5.9066114e+00   6.1337456e+00   6.4349031e+00   6.6982760e+00   6.9490947e+00   7.2196559e+00   7.4202394e+00   7.5998673e+00   7.7827091e+00   7.9041004e+00   7.9993305e+00   8.0814662e+00   8.1204271e+00   8.1355214e+00   8.1291642e+00   8.1114502e+00   8.1478686e+00   8.2178102e+00   7.6907659e+00   7.2692155e+00   7.1088023e+00   4.9454432e+00   3.4949825e+00   4.4001444e+00   5.2316933e+00   4.1975520e+00   2.8310713e+00   2.3103542e+00   2.3840558e+00   2.8495921e+00   3.2892327e+00   3.6813109e+00   4.0490181e+00   4.2886410e+00   4.5756576e+00   5.0486816e+00   5.4956493e+00   5.9514736e+00   6.4608616e+00   6.8475671e+00   7.1886806e+00   7.5244937e+00   7.7421026e+00   7.9027071e+00   8.0166574e+00   8.0492334e+00   8.0380845e+00   7.9777727e+00   7.9305954e+00   7.9375958e+00   7.8863020e+00   7.2532310e+00   6.6697663e+00   5.1058453e+00   2.4943933e+00   3.3995945e+00   4.7245906e+00   2.0624695e+00   1.0277039e+00   1.9268240e+00   2.7684631e+00   3.4009053e+00   4.3969152e+00   5.7142491e+00   5.4896701e+00
   4.4832224e+00   4.4628886e+00   4.4633941e+00   4.5841032e+00   4.7582529e+00   4.9627525e+00   5.2483701e+00   5.5138484e+00   5.7892574e+00   6.1331578e+00   6.4223593e+00   6.6930410e+00   6.9857771e+00   7.2027197e+00   7.3998348e+00   7.6042985e+00   7.7381407e+00   7.8378748e+00   7.9123330e+00   7.9329519e+00   7.9175295e+00   7.8693637e+00   7.8582688e+00   8.0020730e+00   8.2283775e+00   6.3170490e+00   4.4213671e+00   5.4063423e+00   4.5237156e+00   5.1096489e+00   4.6127618e+00   3.2899705e+00   2.4450548e+00   2.1030558e+00   2.3418759e+00   2.7409707e+00   3.2286458e+00   3.5979153e+00   3.9068733e+00   4.2599631e+00   4.6080733e+00   4.9868605e+00   5.4362551e+00   5.8066253e+00   6.1744622e+00   6.5830356e+00   6.8922746e+00   7.1728809e+00   7.4651611e+00   7.6662689e+00   7.8176011e+00   7.9247303e+00   7.9509224e+00   7.9189912e+00   7.8299551e+00   7.7977527e+00   7.8445577e+00   7.6846833e+00   5.8708203e+00   4.5249419e+00   5.3704699e+00   2.7045312e+00   3.3060748e+00   3.8049329e+00   1.6648250e+00   6.4229329e-01   1.5396940e+00   1.9931469e+00   2.1237220e+00   2.7684050e+00   4.4687741e+00   4.6860284e+00
   3.6296554e+00   3.6160884e+00   3.6608088e+00   3.8735709e+00   4.1315875e+00   4.4067802e+00   4.7402835e+00   5.0223317e+00   5.3050432e+00   5.6436648e+00   5.9221144e+00   6.1828208e+00   6.4597321e+00   6.6576424e+00   6.8325176e+00   7.0104084e+00   7.1271739e+00   7.2135701e+00   7.2824621e+00   7.3132191e+00   7.3199396e+00   7.3287873e+00   7.4119787e+00   7.6399484e+00   7.3464260e+00   4.5135403e+00   3.0556259e+00   3.8205032e+00   3.5928898e+00   3.9325938e+00   3.4954331e+00   2.7164886e+00   2.6243165e+00   2.8602536e+00   3.2313046e+00   3.6223381e+00   4.0416522e+00   4.3654785e+00   4.6614022e+00   5.0120416e+00   5.3234143e+00   5.6305242e+00   5.9519639e+00   6.1868286e+00   6.4097128e+00   6.6508193e+00   6.8211012e+00   6.9642334e+00   7.1046753e+00   7.2017131e+00   7.2769775e+00   7.3346229e+00   7.3542509e+00   7.3452477e+00   7.3217549e+00   7.3476219e+00   7.3954716e+00   7.1774311e+00   4.8871107e+00   2.9902372e+00   3.9273036e+00   1.5790716e+00   1.8063289e+00   2.9627564e+00   2.0169685e+00   8.8879204e-01   1.1576786e+00   1.5179626e+00   1.7656193e+00   2.1463466e+00   3.1657758e+00   3.8496065e+00
   3.1190510e+00   3.1201975e+00   3.1970038e+00   3.4684329e+00   3.7803450e+00   4.1009493e+00   4.4674139e+00   4.7606335e+00   5.0467377e+00   5.3771305e+00   5.6414075e+00   5.8867202e+00   6.1428461e+00   6.3211083e+00   6.4749556e+00   6.6272221e+00   6.7250118e+00   6.7952690e+00   6.8529987e+00   6.8839917e+00   6.8992057e+00   6.9339428e+00   7.0505962e+00   7.2785745e+00   6.6062245e+00   3.4112692e+00   2.3078253e+00   3.0507839e+00   3.1797953e+00   3.3985238e+00   3.1084766e+00   2.6470008e+00   2.9079099e+00   3.3925331e+00   3.8162642e+00   4.2017083e+00   4.5922852e+00   4.8934655e+00   5.1791673e+00   5.5179758e+00   5.8039169e+00   6.0722113e+00   6.3269629e+00   6.4860563e+00   6.6231117e+00   6.7634459e+00   6.8471985e+00   6.9013491e+00   6.9381762e+00   6.9575124e+00   6.9670143e+00   6.9653907e+00   6.9547896e+00   6.9348683e+00   6.9273710e+00   6.9673100e+00   6.9952512e+00   6.7507272e+00   4.2818146e+00   2.1611691e+00   3.1311748e+00   1.1371782e+00   1.2146103e+00   2.5952072e+00   2.1203954e+00   9.5423770e-01   9.3491757e-01   1.2577761e+00   1.5606161e+00   1.8475295e+00   2.4889722e+00   3.3882611e+00
   2.2231972e+00   2.2982859e+00   2.4568237e+00   2.8474304e+00   3.2707192e+00   3.6850890e+00   4.1288643e+00   4.4473648e+00   4.7350163e+00   5.0280897e+00   5.2325683e+00   5.4083375e+00   5.5769178e+00   5.6834241e+00   5.7655187e+00   5.8289239e+00   5.8538903e+00   5.8590058e+00   5.8618118e+00   5.8669103e+00   5.8755781e+00   5.9186647e+00   5.9905086e+00   5.9913485e+00   4.3480798e+00   1.3716901e+00   1.3080173e+00   2.5077498e+00   3.1035959e+00   3.2288417e+00   3.6995384e+00   3.7595934e+00   4.2013114e+00   4.6843747e+00   5.0813078e+00   5.4534855e+00   5.8484951e+00   6.1304230e+00   6.3872500e+00   6.6585246e+00   6.8842601e+00   7.1027787e+00   7.2849966e+00   7.3350067e+00   7.3254577e+00   7.2863109e+00   7.2028894e+00   7.0704728e+00   6.8678151e+00   6.6811225e+00   6.4838289e+00   6.2443327e+00   6.0620026e+00   5.9117606e+00   5.8275836e+00   5.7989531e+00   5.6993081e+00   5.4458276e+00   3.1438207e+00   1.1081551e+00   2.0374923e+00   1.4058945e+00   1.5547205e+00   2.5651430e+00   1.8179929e+00   6.9898395e-01   5.7007986e-01   9.0989139e-01   1.2425157e+00   1.6540226e+00   1.7647404e+00   2.7548328e+00
   1.8418736e+00   2.0229902e+00   2.3039858e+00   2.7581687e+00   3.2381711e+00   3.6908696e+00   4.1661701e+00   4.4910822e+00   4.7708650e+00   5.0369053e+00   5.2071662e+00   5.3417945e+00   5.4549074e+00   5.5139832e+00   5.5435829e+00   5.5372643e+00   5.4995627e+00   5.4412169e+00   5.3674617e+00   5.3104348e+00   5.2622948e+00   5.2262702e+00   5.1682010e+00   4.9147201e+00   3.4619610e+00   1.1603667e+00   9.6462393e-01   2.2473915e+00   3.1352253e+00   3.5318620e+00   4.1266918e+00   4.2427015e+00   4.6340432e+00   5.0753894e+00   5.4855371e+00   5.8792090e+00   6.2658286e+00   6.5220466e+00   6.7614069e+00   7.0080876e+00   7.2142315e+00   7.4236155e+00   7.6034474e+00   7.6361837e+00   7.5708475e+00   7.4690113e+00   7.3448172e+00   7.1631541e+00   6.8807120e+00   6.6161785e+00   6.3260765e+00   5.9542203e+00   5.6506996e+00   5.3679304e+00   5.1179724e+00   4.9661865e+00   4.7907953e+00   4.4773231e+00   2.9261148e+00   8.8994700e-01   1.8126667e+00   1.2357638e+00   1.7927812e+00   2.6972394e+00   1.7182758e+00   7.7909660e-01   5.5586272e-01   7.6212710e-01   1.0381877e+00   1.4272521e+00   1.7504565e+00   2.7250724e+00
   1.5545580e+00   1.8155636e+00   2.1888275e+00   2.6909127e+00   3.2136474e+00   3.6952248e+00   4.1942792e+00   4.5240221e+00   4.7978759e+00   5.0435472e+00   5.1880264e+00   5.2916574e+00   5.3629761e+00   5.3863144e+00   5.3763614e+00   5.3175082e+00   5.2325878e+00   5.1264257e+00   4.9949841e+00   4.8911486e+00   4.8002057e+00   4.7045727e+00   4.5486178e+00   4.1035137e+00   2.7942972e+00   1.0011411e+00   7.0588768e-01   2.0512197e+00   3.1590569e+00   3.7601781e+00   4.4485397e+00   4.6067095e+00   4.9600935e+00   5.3700075e+00   5.7901120e+00   6.1999788e+00   6.5802765e+00   6.8171234e+00   7.0433235e+00   7.2714729e+00   7.4628563e+00   7.6653562e+00   7.8433900e+00   7.8631115e+00   7.7557425e+00   7.6066699e+00   7.4517555e+00   7.2329865e+00   6.8904295e+00   6.5672450e+00   6.2072148e+00   5.7356296e+00   5.3407950e+00   4.9581709e+00   4.5833020e+00   4.3387227e+00   4.1062584e+00   3.7475848e+00   2.7620804e+00   7.2553390e-01   1.6432679e+00   1.1075755e+00   1.9721529e+00   2.7967706e+00   1.6431422e+00   8.3945906e-01   5.4515064e-01   6.5079117e-01   8.8423300e-01   1.2563872e+00   1.7396941e+00   2.7026489e+00
   1.3467659e+00   1.5957842e+00   2.1752677e+00   2.6764677e+00   3.2727671e+00   3.7808838e+00   4.3130112e+00   4.6593151e+00   4.9314752e+00   5.1670814e+00   5.2913227e+00   5.3647027e+00   5.3872480e+00   5.3617187e+00   5.2971878e+00   5.1674643e+00   5.0122576e+00   4.8239660e+00   4.5672517e+00   4.3322420e+00   4.0729671e+00   3.6762009e+00   3.2125981e+00   2.7174919e+00   2.7895229e+00   1.2352018e+00   4.6205589e-01   2.0011306e+00   3.3858268e+00   4.0511694e+00   4.5878239e+00   4.7162094e+00   4.9934239e+00   5.4467454e+00   5.9021959e+00   6.3502426e+00   6.8021312e+00   6.8904667e+00   6.9102116e+00   7.1456103e+00   7.3208017e+00   7.5445318e+00   7.7328682e+00   7.8046150e+00   7.6753259e+00   7.4321775e+00   7.3104548e+00   7.1011267e+00   6.7416601e+00   6.3963141e+00   5.9994788e+00   5.4460826e+00   4.9560251e+00   4.4610534e+00   3.8890579e+00   3.3721886e+00   2.9119802e+00   3.0928535e+00   2.9446359e+00   6.6795611e-01   1.4233882e+00   9.3199706e-01   2.1824212e+00   3.1219420e+00   2.0065691e+00   1.1458342e+00   9.0656960e-01   7.4792546e-01   7.1834975e-01   8.8093746e-01   1.3744345e+00   1.9723370e+00
   1.3187623e+00   1.3998506e+00   2.0194657e+00   2.4776151e+00   3.0620852e+00   3.5700655e+00   4.1086102e+00   4.4614077e+00   4.7318168e+00   4.9652042e+00   5.0905256e+00   5.1600266e+00   5.1707587e+00   5.1299272e+00   5.0454154e+00   4.8849888e+00   4.6963015e+00   4.4630451e+00   4.1339674e+00   3.8153572e+00   3.4548502e+00   2.9498062e+00   2.5044975e+00   2.1974998e+00   2.3374743e+00   1.1365137e+00   9.2809278e-01   2.5481341e+00   3.5968721e+00   4.0093651e+00   4.4300060e+00   4.5538578e+00   4.7427759e+00   5.2617798e+00   5.7426138e+00   6.2319746e+00   6.7506590e+00   6.8059978e+00   6.6931734e+00   6.8926954e+00   7.1074762e+00   7.3765688e+00   7.6195984e+00   7.8041587e+00   7.6944971e+00   7.2626629e+00   7.1089840e+00   6.8980856e+00   6.5370917e+00   6.1850586e+00   5.7714381e+00   5.1796427e+00   4.6385360e+00   4.0625515e+00   3.3341806e+00   2.7035456e+00   2.3196452e+00   2.7819333e+00   2.8741460e+00   6.6013730e-01   1.2068019e+00   9.1173232e-01   2.1786642e+00   3.2071512e+00   2.1290553e+00   1.2499357e+00   9.9896109e-01   7.8283262e-01   6.6632605e-01   7.4786097e-01   1.1106675e+00   1.6752213e+00
   1.2815962e+00   1.1398088e+00   1.8126859e+00   2.2136994e+00   2.7824694e+00   3.2902689e+00   3.8373310e+00   4.1987461e+00   4.4668308e+00   4.6972747e+00   4.8240286e+00   4.8883811e+00   4.8834350e+00   4.8222942e+00   4.7112642e+00   4.5100887e+00   4.2769669e+00   3.9840339e+00   3.5589157e+00   3.1293514e+00   2.6344893e+00   1.9857404e+00   1.5647104e+00   1.5073698e+00   1.7375190e+00   1.0055355e+00   1.5466140e+00   3.2741137e+00   3.8769700e+00   3.9538833e+00   4.2205524e+00   4.3383859e+00   4.4101184e+00   5.0162948e+00   5.5308169e+00   6.0750103e+00   6.6823461e+00   6.6938915e+00   6.4051236e+00   6.5570290e+00   6.8243520e+00   7.1536498e+00   7.4692673e+00   7.8035533e+00   7.7199417e+00   7.0376847e+00   6.8415925e+00   6.6286117e+00   6.2655896e+00   5.9046814e+00   5.4687844e+00   4.8260257e+00   4.2171661e+00   3.5336621e+00   2.5977508e+00   1.8161264e+00   1.5335016e+00   2.3692821e+00   2.7805922e+00   6.4976024e-01   9.1934972e-01   8.8483724e-01   2.1736781e+00   3.3202408e+00   2.2916182e+00   1.3880989e+00   1.1215826e+00   8.2916117e-01   5.9728055e-01   5.7124265e-01   7.6059756e-01   1.2808916e+00
   9.9347359e-01   7.1857363e-01   1.0513302e+00   1.9969800e+00   2.1661174e+00   2.5431454e+00   3.0723214e+00   3.4143767e+00   3.6436305e+00   3.8267393e+00   3.9293966e+00   3.9685276e+00   3.9377654e+00   3.8578615e+00   3.7322917e+00   3.5121143e+00   3.2535851e+00   2.9208686e+00   2.4202535e+00   1.9083415e+00   1.3266450e+00   6.1741769e-01   4.0332365e-01   7.1837324e-01   1.1967204e+00   1.4622947e+00   2.8152158e+00   3.2605453e+00   3.1404345e+00   3.2902997e+00   3.5276861e+00   3.7100184e+00   3.4314620e+00   3.9229355e+00   4.3414044e+00   4.5208173e+00   3.9529152e+00   5.1900973e+00   5.4642453e+00   5.1478510e+00   5.2820530e+00   5.5004702e+00   5.6155243e+00   4.9233165e+00   4.3634520e+00   5.8528662e+00   5.6976714e+00   5.5270748e+00   5.2005048e+00   4.8599644e+00   4.4444165e+00   3.8052459e+00   3.1594748e+00   2.4168332e+00   1.3795705e+00   6.2486708e-01   9.7684264e-01   2.0256200e+00   2.2624755e+00   5.5642116e-01   9.7467470e-01   1.1537340e+00   2.2389002e+00   3.3033731e+00   2.4250431e+00   1.4726934e+00   1.1904194e+00   8.7076730e-01   6.0966748e-01   4.4857481e-01   5.2927804e-01   9.5082408e-01
   8.7424493e-01   5.4798883e-01   8.1766444e-01   1.8688123e+00   1.8955920e+00   2.1671128e+00   2.6770849e+00   3.0037217e+00   3.2207477e+00   3.3889198e+00   3.4890215e+00   3.5286314e+00   3.5064180e+00   3.4394844e+00   3.3331592e+00   3.1424670e+00   2.9113588e+00   2.6121683e+00   2.1678321e+00   1.7262390e+00   1.2445266e+00   6.9334751e-01   5.6464708e-01   8.6622488e-01   1.3361710e+00   1.7557348e+00   2.8260391e+00   2.9264307e+00   2.6413822e+00   2.7870359e+00   2.9215641e+00   3.0952692e+00   2.9095798e+00   3.1896751e+00   3.5197842e+00   3.5855854e+00   2.9012794e+00   4.1654859e+00   4.6066999e+00   4.5031881e+00   4.5248885e+00   4.7236309e+00   4.8200045e+00   4.0687709e+00   3.5916712e+00   5.3653135e+00   5.2163286e+00   5.0819802e+00   4.8032632e+00   4.5061746e+00   4.1412621e+00   3.5750854e+00   3.0024409e+00   2.3530178e+00   1.4720336e+00   8.5481727e-01   1.1416010e+00   1.9440033e+00   2.0441716e+00   5.4240829e-01   9.5241523e-01   1.3324275e+00   2.2955153e+00   3.2054176e+00   2.4185984e+00   1.4591634e+00   1.1987786e+00   9.1628385e-01   6.6212094e-01   4.5891157e-01   4.6965337e-01   7.7423143e-01
   7.0417446e-01   3.0799918e-01   5.5722122e-01   1.6515378e+00   1.4958578e+00   1.5708740e+00   2.0428871e+00   2.3409002e+00   2.5439228e+00   2.6949532e+00   2.7980489e+00   2.8481129e+00   2.8553103e+00   2.8254388e+00   2.7691791e+00   2.6539797e+00   2.4959443e+00   2.2893271e+00   2.0036174e+00   1.7557847e+00   1.5383656e+00   1.3765206e+00   1.3694140e+00   1.5017639e+00   1.8602618e+00   2.2677894e+00   2.3812170e+00   2.1557660e+00   1.7556152e+00   1.8644660e+00   1.7710426e+00   1.9008262e+00   2.0605008e+00   1.8923477e+00   2.0528993e+00   1.9900688e+00   1.4708806e+00   2.3437910e+00   2.9643398e+00   3.5285438e+00   3.3383740e+00   3.5325134e+00   3.6598172e+00   3.1518079e+00   3.0432837e+00   4.6723106e+00   4.5225932e+00   4.4566963e+00   4.2755708e+00   4.0718203e+00   3.8169233e+00   3.4188832e+00   3.0296855e+00   2.6185882e+00   2.1379715e+00   1.8299768e+00   1.7303223e+00   1.8818281e+00   1.7292860e+00   5.4445297e-01   8.8024179e-01   1.6476758e+00   2.4027939e+00   2.9842500e+00   2.3542098e+00   1.3964136e+00   1.1926851e+00   1.0065436e+00   7.7930988e-01   5.2835186e-01   4.1691872e-01   4.8652109e-01
   6.7655937e-01   5.9402335e-01   7.8991513e-01   1.3111535e+00   1.1192999e+00   1.1325298e+00   1.5797980e+00   1.8732425e+00   2.0893406e+00   2.2619320e+00   2.4064875e+00   2.5099417e+00   2.5924565e+00   2.6404903e+00   2.6750564e+00   2.6902663e+00   2.6633022e+00   2.6054324e+00   2.5141207e+00   2.4344594e+00   2.3581623e+00   2.2816018e+00   2.2482951e+00   2.2455505e+00   2.2569212e+00   2.2478507e+00   2.0530556e+00   1.5344292e+00   1.0646160e+00   1.4251239e+00   9.8344833e-01   1.1475397e+00   1.4978679e+00   9.9694633e-01   1.8257432e+00   1.4669060e+00   8.7189435e-01   1.3681344e+00   1.8756602e+00   2.6707138e+00   2.8013568e+00   3.0415065e+00   3.5045523e+00   3.8888979e+00   4.2456105e+00   4.2762940e+00   4.3062005e+00   4.3890250e+00   4.4366386e+00   4.4547238e+00   4.4494102e+00   4.3960130e+00   4.3012195e+00   4.1475189e+00   3.8503106e+00   3.4659166e+00   2.9625563e+00   2.2129597e+00   1.5836446e+00   7.9090183e-01   9.8199493e-01   2.3105547e+00   2.8867127e+00   2.9358484e+00   2.2981579e+00   1.3064920e+00   1.1183990e+00   1.0296050e+00   8.9294987e-01   6.6335348e-01   4.8979688e-01   4.7231978e-01
   6.4250410e-01   7.6914275e-01   8.7528569e-01   1.0926157e+00   8.9198768e-01   1.0261008e+00   1.4198439e+00   1.6820469e+00   1.9184098e+00   2.1015649e+00   2.2665336e+00   2.3991663e+00   2.5202899e+00   2.6067505e+00   2.6864715e+00   2.7652063e+00   2.8041589e+00   2.8209124e+00   2.8221240e+00   2.8191216e+00   2.8117754e+00   2.7849782e+00   2.7436147e+00   2.6742678e+00   2.5104883e+00   2.2981024e+00   1.9630600e+00   1.3601629e+00   8.2429385e-01   1.1023147e+00   6.7669082e-01   9.8295605e-01   1.2882544e+00   7.0198214e-01   1.6120347e+00   1.1424733e+00   6.2096393e-01   9.6599406e-01   1.3965805e+00   2.1887693e+00   2.5313213e+00   2.8428078e+00   3.4082332e+00   4.0221419e+00   4.4865499e+00   4.1092367e+00   4.2396917e+00   4.4052262e+00   4.5829706e+00   4.7230759e+00   4.8495021e+00   4.9701881e+00   5.0219707e+00   4.9982038e+00   4.8059316e+00   4.4200363e+00   3.7763228e+00   2.6072416e+00   1.5477825e+00   9.5097136e-01   1.3782449e+00   2.8811581e+00   3.2991242e+00   3.0523472e+00   2.3132210e+00   1.2296643e+00   1.0175494e+00   9.8777813e-01   9.1576427e-01   7.1735430e-01   5.3887743e-01   4.8365095e-01
   5.4823100e-01   1.0700067e+00   9.0287305e-01   6.9601609e-01   5.0820314e-01   1.1810155e+00   1.4027629e+00   1.5519658e+00   1.8487141e+00   2.0445167e+00   2.2341905e+00   2.4096325e+00   2.5814367e+00   2.7145807e+00   2.8500784e+00   3.0039184e+00   3.1262258e+00   3.2368825e+00   3.3417902e+00   3.4156300e+00   3.4903479e+00   3.5439327e+00   3.5053803e+00   3.3552058e+00   2.9684700e+00   2.5147030e+00   2.0397848e+00   1.4907152e+00   7.9254429e-01   4.3546136e-01   5.1558789e-01   1.3188280e+00   1.2093955e+00   7.2340012e-01   1.0892180e+00   5.7647939e-01   4.3137018e-01   6.8222803e-01   9.6448547e-01   1.4509962e+00   2.1899250e+00   2.7140042e+00   3.2401268e+00   3.5877434e+00   3.8677125e+00   3.9794921e+00   4.2630283e+00   4.5532605e+00   4.9338992e+00   5.2548568e+00   5.5636799e+00   5.9064365e+00   6.1398114e+00   6.2815964e+00   6.2542646e+00   5.9602144e+00   5.2981492e+00   3.6841311e+00   1.5973468e+00   1.2451254e+00   2.7555209e+00   4.2050978e+00   4.2498745e+00   3.5572768e+00   2.4420891e+00   1.0522593e+00   7.2880802e-01   7.9923375e-01   8.5743223e-01   7.5036789e-01   6.3250308e-01   5.4488514e-01
   7.0031017e-01   1.4752701e+00   1.4301747e+00   1.2231998e+00   8.9512717e-01   1.5139287e+00   1.4808698e+00   1.5647892e+00   1.8629786e+00   2.0583401e+00   2.2398213e+00   2.4380567e+00   2.6497788e+00   2.8179259e+00   2.9913025e+00   3.1910932e+00   3.3544812e+00   3.5160408e+00   3.6889248e+00   3.8250329e+00   3.9705791e+00   4.0748024e+00   4.0588315e+00   3.8916342e+00   3.4145453e+00   2.8644645e+00   2.3406274e+00   1.9100875e+00   1.4961329e+00   7.0724601e-01   7.8612810e-01   1.6570091e+00   1.4425849e+00   1.2372084e+00   7.8855781e-01   4.1583827e-01   3.9946085e-01   5.3740308e-01   8.5362184e-01   1.2368025e+00   2.2420501e+00   2.7951846e+00   3.1977458e+00   3.4554062e+00   3.6723440e+00   3.8659983e+00   4.1353324e+00   4.4469242e+00   4.8739195e+00   5.2432884e+00   5.6061821e+00   6.0160003e+00   6.3129729e+00   6.5474887e+00   6.6932988e+00   6.6316408e+00   6.3047762e+00   4.8964825e+00   2.4312629e+00   2.0332758e+00   4.9959741e+00   5.5978979e+00   5.1003518e+00   4.2387762e+00   2.8648817e+00   1.2773635e+00   4.9755737e-01   4.2244061e-01   6.4284170e-01   6.8581080e-01   6.2522063e-01   6.1191577e-01
   7.6789129e-01   1.5958553e+00   1.7244728e+00   1.5891418e+00   1.2653533e+00   1.5284258e+00   1.3607295e+00   1.5446828e+00   1.8615460e+00   2.0418973e+00   2.2177324e+00   2.4293070e+00   2.6712844e+00   2.8692209e+00   3.0730250e+00   3.3068228e+00   3.4969459e+00   3.6905444e+00   3.9077661e+00   4.0877695e+00   4.2772470e+00   4.4097924e+00   4.4100923e+00   4.2437682e+00   3.7299237e+00   3.1294938e+00   2.5652838e+00   2.1542792e+00   1.8928217e+00   9.0875417e-01   9.3209440e-01   1.8325895e+00   1.6483037e+00   1.6181490e+00   8.1243166e-01   4.5231634e-01   5.1709872e-01   5.1295519e-01   8.0967271e-01   1.1508477e+00   2.3091533e+00   2.8746257e+00   3.1928663e+00   3.3772217e+00   3.5388846e+00   3.7502255e+00   3.9953637e+00   4.3029895e+00   4.7404008e+00   5.1290163e+00   5.5199337e+00   5.9733891e+00   6.3184425e+00   6.6232319e+00   6.8989706e+00   7.0062915e+00   6.9234285e+00   5.7036991e+00   3.2772194e+00   3.0659537e+00   6.0868254e+00   6.3249237e+00   5.6199570e+00   4.6808271e+00   3.1921135e+00   1.6177754e+00   6.2893707e-01   3.8602139e-01   5.9756625e-01   6.8066269e-01   6.1267929e-01   6.4669538e-01
   7.5294412e-01   1.2746997e+00   1.9561885e+00   2.1598237e+00   2.1647448e+00   8.6483192e-01   6.2097737e-01   1.4214268e+00   1.8234031e+00   1.9337614e+00   2.1009206e+00   2.3254316e+00   2.6226584e+00   2.8844571e+00   3.1488033e+00   3.4423251e+00   3.6684994e+00   3.9016215e+00   4.1789636e+00   4.4295552e+00   4.6709575e+00   4.8260366e+00   4.8536045e+00   4.7288405e+00   4.2399296e+00   3.6132811e+00   2.9657772e+00   2.3864645e+00   2.2209222e+00   1.2637153e+00   1.0272095e+00   1.9189583e+00   2.1080502e+00   2.2891544e+00   1.5865007e+00   9.7804815e-01   1.1434237e+00   7.1586849e-01   8.4570325e-01   1.2155293e+00   2.5117636e+00   3.0716642e+00   3.2630004e+00   3.2986243e+00   3.3375819e+00   3.4524822e+00   3.6144670e+00   3.8563651e+00   4.2410730e+00   4.6142205e+00   5.0187104e+00   5.5309908e+00   5.9634924e+00   6.3965771e+00   6.9058063e+00   7.3009386e+00   7.6344605e+00   6.8537769e+00   5.4426921e+00   6.2148230e+00   6.3168643e+00   6.6990583e+00   6.2061314e+00   5.2719598e+00   3.8093630e+00   2.7320835e+00   1.7586130e+00   1.0424744e+00   8.5543892e-01   7.9829570e-01   5.6940377e-01   6.6371027e-01
   9.2969693e-01   1.2726408e+00   2.3460798e+00   2.3194429e+00   2.4164359e+00   1.8097623e+00   1.3654544e+00   1.8741180e+00   1.8811600e+00   1.8846338e+00   2.0072112e+00   2.1956327e+00   2.5034544e+00   2.8061658e+00   3.1185976e+00   3.4602049e+00   3.7127929e+00   3.9540284e+00   4.2451596e+00   4.5321450e+00   4.7947186e+00   4.9549245e+00   5.0122989e+00   4.9469866e+00   4.4969181e+00   3.8558874e+00   3.1777359e+00   2.3480813e+00   1.8242022e+00   1.0143687e+00   1.4472104e+00   2.5251288e+00   2.5082325e+00   2.5224628e+00   2.2800564e+00   1.6526237e+00   1.7541364e+00   9.1545553e-01   9.6230233e-01   1.7199284e+00   2.9233271e+00   3.2811802e+00   3.3928178e+00   3.3540741e+00   3.3041454e+00   3.2845417e+00   3.3282457e+00   3.4585114e+00   3.7276464e+00   4.0205665e+00   4.3609180e+00   4.8303336e+00   5.2761353e+00   5.7713101e+00   6.4086043e+00   6.9657270e+00   7.5054393e+00   6.9221903e+00   5.8886473e+00   6.5586306e+00   6.2788498e+00   6.6025669e+00   6.3381292e+00   5.5313600e+00   4.1782479e+00   3.2627552e+00   2.5472016e+00   2.1637723e+00   1.9408140e+00   1.6222162e+00   1.1289193e+00   9.8777771e-01
   1.2213184e+00   1.4361100e+00   2.6133000e+00   2.4092180e+00   2.5341945e+00   2.3652271e+00   1.9258696e+00   2.0611691e+00   1.8522701e+00   1.8254166e+00   1.9364831e+00   2.0897261e+00   2.3907670e+00   2.7097228e+00   3.0451426e+00   3.4148283e+00   3.6836033e+00   3.9296129e+00   4.2358916e+00   4.5433908e+00   4.8151296e+00   4.9800661e+00   5.0617290e+00   5.0496357e+00   4.6575807e+00   4.0317359e+00   3.3072340e+00   2.0977913e+00   1.5362222e+00   1.0389968e+00   1.9451815e+00   2.8620720e+00   2.7056684e+00   2.5770835e+00   2.5677443e+00   2.0929431e+00   1.9869623e+00   9.8166847e-01   1.0376089e+00   2.1231071e+00   3.2530651e+00   3.3955025e+00   3.4656951e+00   3.3931606e+00   3.2978534e+00   3.1961393e+00   3.1562057e+00   3.1977062e+00   3.3665399e+00   3.5850010e+00   3.8570456e+00   4.2600186e+00   4.6796603e+00   5.1837047e+00   5.8805579e+00   6.5372744e+00   7.2524237e+00   7.0482711e+00   6.2514734e+00   6.6452221e+00   6.2866410e+00   6.4860945e+00   6.3200878e+00   5.6265009e+00   4.3391905e+00   3.5607850e+00   2.9923577e+00   2.7843888e+00   2.5782973e+00   2.2124564e+00   1.6918405e+00   1.3899403e+00
   1.9555097e+00   2.0076448e+00   2.9255166e+00   2.4688206e+00   2.5454370e+00   2.8015182e+00   2.6964498e+00   1.9953534e+00   1.6604771e+00   1.6972661e+00   1.8388382e+00   1.9268728e+00   2.1875819e+00   2.4982937e+00   2.8375630e+00   3.2287993e+00   3.5120664e+00   3.7618382e+00   4.0989611e+00   4.4202072e+00   4.6903134e+00   4.8635884e+00   4.9825415e+00   5.0614139e+00   4.8095917e+00   4.2592900e+00   3.4221375e+00   1.2884074e+00   1.1626373e+00   1.5190330e+00   3.0119455e+00   3.0745580e+00   2.7590110e+00   2.3979128e+00   2.4707730e+00   2.5565987e+00   1.8303142e+00   8.9613879e-01   1.1149631e+00   2.7268348e+00   3.7483346e+00   3.4615110e+00   3.5136939e+00   3.4413288e+00   3.3288688e+00   3.1544687e+00   3.0108837e+00   2.9203809e+00   2.9233494e+00   3.0098679e+00   3.1459088e+00   3.3857050e+00   3.6933693e+00   4.1300307e+00   4.8313564e+00   5.5780608e+00   6.5769345e+00   7.3783538e+00   6.8073707e+00   6.4024021e+00   6.3738555e+00   6.2338243e+00   6.0485692e+00   5.5469215e+00   4.3151763e+00   3.7574189e+00   3.2924785e+00   3.1681890e+00   3.0775571e+00   2.9610548e+00   2.7637087e+00   2.2753885e+00
   1.7278922e+00   1.7913785e+00   2.1940527e+00   1.9929868e+00   1.9768865e+00   1.9746404e+00   1.5349013e+00   7.5490332e-01   8.5127246e-01   1.4590877e+00   1.5836210e+00   1.6628181e+00   1.8679796e+00   2.1288979e+00   2.4191036e+00   2.7729695e+00   3.0492108e+00   3.3071849e+00   3.6566401e+00   3.9636128e+00   4.2185450e+00   4.4182434e+00   4.5742922e+00   4.7475104e+00   4.8223295e+00   3.8877933e+00   2.3307760e+00   1.7025176e+00   1.8424013e+00   2.6832123e+00   3.1606581e+00   2.7170801e+00   2.5383139e+00   2.1835561e+00   1.9816563e+00   1.7269355e+00   1.0335693e+00   7.8922921e-01   1.1075457e+00   2.3955662e+00   3.4072924e+00   3.2913015e+00   3.3279583e+00   3.2827320e+00   3.1936014e+00   3.0281067e+00   2.8608484e+00   2.7122216e+00   2.6017652e+00   2.5732739e+00   2.5902495e+00   2.6782105e+00   2.8430266e+00   3.1198928e+00   3.6347332e+00   4.2355118e+00   5.0557327e+00   6.1862764e+00   6.4652190e+00   6.0244565e+00   5.5429564e+00   5.2554712e+00   5.3775873e+00   4.9802465e+00   3.9700906e+00   3.4550231e+00   3.1077955e+00   2.9614103e+00   2.7754321e+00   2.8005421e+00   2.6640332e+00   2.1918654e+00
   1.4716238e+00   1.3923265e+00   1.5621786e+00   1.5972784e+00   1.4114149e+00   1.4690983e+00   1.1365964e+00   4.3076701e-01   6.1407489e-01   1.3011298e+00   1.3173107e+00   1.3967140e+00   1.5716764e+00   1.7874241e+00   2.0343542e+00   2.3447325e+00   2.5953910e+00   2.8423870e+00   3.1775451e+00   3.4632066e+00   3.7030022e+00   3.9174781e+00   4.0978632e+00   4.3167005e+00   4.6446142e+00   3.9613876e+00   2.4202023e+00   2.2160323e+00   2.5425755e+00   3.0199685e+00   2.9403331e+00   2.4863631e+00   2.2796407e+00   1.8519456e+00   1.5096033e+00   1.1702898e+00   7.6696092e-01   8.3098503e-01   1.1959369e+00   2.3516111e+00   3.1396001e+00   3.0700734e+00   3.0826435e+00   3.0429214e+00   2.9674220e+00   2.8201153e+00   2.6529571e+00   2.4810038e+00   2.3153553e+00   2.2256210e+00   2.1702332e+00   2.1621060e+00   2.2290506e+00   2.3879318e+00   2.7467706e+00   3.2210709e+00   3.8837569e+00   4.9040818e+00   5.3850163e+00   5.1333351e+00   4.6550140e+00   4.5674147e+00   4.8276649e+00   4.5122929e+00   3.5284710e+00   3.0859635e+00   2.7220910e+00   2.4912259e+00   2.3418510e+00   2.4666476e+00   2.3614327e+00   2.0617919e+00
   1.1507711e+00   8.3045799e-01   8.4775341e-01   1.1578729e+00   7.3330343e-01   1.0063804e+00   1.0018266e+00   4.5408258e-01   5.8674461e-01   1.1474600e+00   9.9230146e-01   1.0760267e+00   1.2261200e+00   1.3896718e+00   1.5872066e+00   1.8425723e+00   2.0541294e+00   2.2792923e+00   2.5852737e+00   2.8421562e+00   3.0637779e+00   3.2907650e+00   3.4946468e+00   3.7463474e+00   4.3452597e+00   4.2503443e+00   3.0596247e+00   2.8778796e+00   3.3931355e+00   3.0518637e+00   2.5093222e+00   2.2662299e+00   1.9516968e+00   1.4006412e+00   9.5004857e-01   6.2439460e-01   6.8542552e-01   9.4813693e-01   1.3453152e+00   2.4282308e+00   2.8509736e+00   2.7812505e+00   2.7610195e+00   2.7181659e+00   2.6546760e+00   2.5334058e+00   2.3770807e+00   2.1927719e+00   1.9870377e+00   1.8479335e+00   1.7266299e+00   1.6281533e+00   1.5977526e+00   1.6336936e+00   1.8188056e+00   2.1498857e+00   2.6327825e+00   3.3227320e+00   3.7544866e+00   3.8313251e+00   3.5623183e+00   3.8713958e+00   4.2213879e+00   3.9944503e+00   2.9543080e+00   2.6124504e+00   2.1680453e+00   1.8075604e+00   1.7616150e+00   1.9873127e+00   1.9063919e+00   1.8845165e+00
   8.3631116e-01   3.9392995e-01   3.3537897e-01   7.8780835e-01   9.9133504e-01   8.5883725e-01   6.3848424e-01   3.2865298e-01   8.2534886e-01   6.9925537e-01   4.9180195e-01   6.9180317e-01   7.9705883e-01   8.3853813e-01   9.4377236e-01   1.1038922e+00   1.2117994e+00   1.3035140e+00   1.4543806e+00   1.6045097e+00   1.7550737e+00   1.9831500e+00   2.2357463e+00   2.5288443e+00   2.9066731e+00   3.2882361e+00   3.4073223e+00   2.9890539e+00   2.3883037e+00   2.2266532e+00   2.2334808e+00   2.0247909e+00   1.4194731e+00   4.6336980e-01   5.5628788e-01   1.0373813e+00   1.7021245e+00   1.2944449e+00   1.9657045e+00   2.7803840e+00   2.2765555e+00   2.1984495e+00   2.1147821e+00   2.0356087e+00   1.9467133e+00   1.8253459e+00   1.6781235e+00   1.4803145e+00   1.2210272e+00   1.0286839e+00   8.5898868e-01   6.9703960e-01   5.9499143e-01   5.1972602e-01   4.4266656e-01   4.8892286e-01   7.4992571e-01   1.1960601e+00   1.5342571e+00   1.8075576e+00   2.3965090e+00   3.2522737e+00   3.8173260e+00   3.6414693e+00   2.6428441e+00   1.9912049e+00   1.1717666e+00   7.8114215e-01   9.7616971e-01   8.6291506e-01   9.7125344e-01   1.1347800e+00
   7.9588246e-01   5.7638478e-01   5.0680721e-01   7.1459138e-01   1.1036856e+00   1.1640158e+00   8.9099395e-01   5.9115219e-01   6.5921682e-01   7.6880294e-01   6.2096119e-01   6.9840133e-01   7.8408617e-01   8.3859259e-01   9.3123066e-01   1.0568347e+00   1.1187429e+00   1.1118932e+00   1.0625951e+00   1.0019170e+00   9.5746505e-01   1.0530124e+00   1.3094296e+00   1.6767943e+00   2.1525884e+00   2.4692750e+00   2.5152514e+00   2.2345891e+00   1.7194707e+00   1.6456759e+00   1.7977867e+00   1.8901486e+00   1.2128208e+00   5.4593104e-01   5.9148306e-01   1.4569268e+00   2.1911411e+00   1.5387555e+00   2.1179481e+00   2.1416075e+00   1.8972132e+00   1.7781962e+00   1.6403892e+00   1.5323315e+00   1.4078224e+00   1.2459973e+00   1.0862222e+00   8.7948620e-01   5.9737188e-01   4.4527858e-01   4.7977513e-01   6.0351330e-01   7.0363706e-01   7.9388684e-01   8.6059755e-01   8.8986760e-01   9.3572867e-01   1.0632002e+00   1.2983128e+00   1.6134313e+00   2.4291701e+00   3.5287099e+00   4.1445160e+00   3.7304499e+00   2.8619466e+00   2.1727335e+00   1.3197376e+00   6.9339710e-01   6.0111493e-01   7.0147818e-01   7.3270011e-01   9.6706110e-01
   1.1083033e+00   9.1661638e-01   7.5461358e-01   5.8017886e-01   9.1896111e-01   1.1794142e+00   9.7892421e-01   7.2855949e-01   6.3336122e-01   7.7964437e-01   8.6218828e-01   9.9512398e-01   9.9699056e-01   1.0489863e+00   1.1412128e+00   1.2548534e+00   1.3022279e+00   1.2651285e+00   1.1144327e+00   9.3358952e-01   7.6421982e-01   6.8881226e-01   7.8039002e-01   1.0075502e+00   1.4330746e+00   1.7379141e+00   1.8374925e+00   1.8014121e+00   1.1465888e+00   1.0306402e+00   1.1193851e+00   1.6176578e+00   1.1016505e+00   6.8556559e-01   8.1170899e-01   1.6062179e+00   2.0625486e+00   1.6057523e+00   1.8796937e+00   1.5744801e+00   1.4774961e+00   1.3161862e+00   1.1182112e+00   9.6879148e-01   8.0874199e-01   6.4633214e-01   6.0155833e-01   5.4001355e-01   4.4855025e-01   4.5662451e-01   6.4932114e-01   9.4264746e-01   1.1630512e+00   1.3554044e+00   1.5233163e+00   1.5840217e+00   1.5656266e+00   1.5355036e+00   1.6693718e+00   1.9246562e+00   2.7606177e+00   3.6922185e+00   3.8038354e+00   3.6486177e+00   3.2322488e+00   2.5765424e+00   1.6700022e+00   1.0440481e+00   8.8907772e-01   9.3279833e-01   9.1605783e-01   1.1386802e+00
   1.6325593e+00   1.3648942e+00   1.0642706e+00   4.6124524e-01   5.1452351e-01   8.9667428e-01   8.7957621e-01   7.4255717e-01   7.5875026e-01   7.5903863e-01   1.2351420e+00   1.6135868e+00   1.4978861e+00   1.5273600e+00   1.6199132e+00   1.7323511e+00   1.7904315e+00   1.7946240e+00   1.6614631e+00   1.4694327e+00   1.2663105e+00   1.0162431e+00   8.0619645e-01   6.9580966e-01   8.9713264e-01   1.2015891e+00   1.4470910e+00   1.7352812e+00   7.1839595e-01   4.5327431e-01   3.0203152e-01   1.2128687e+00   1.0799298e+00   8.5296285e-01   1.1385695e+00   1.3911905e+00   1.2813985e+00   1.4168190e+00   1.2308099e+00   1.0934455e+00   1.0199686e+00   8.3037651e-01   5.9950745e-01   4.2847282e-01   2.6845545e-01   1.7918488e-01   3.6515802e-01   5.8376557e-01   8.7004501e-01   1.1346645e+00   1.4217083e+00   1.7550745e+00   2.0037820e+00   2.2258584e+00   2.4450226e+00   2.5811827e+00   2.6540971e+00   2.6458941e+00   2.6860116e+00   2.7771163e+00   3.4373169e+00   3.7598729e+00   2.8133926e+00   3.3291450e+00   3.6082795e+00   3.0850291e+00   2.1826212e+00   1.8542225e+00   1.8620908e+00   1.6001270e+00   1.5613611e+00   1.6786425e+00
   6.3986303e-01   1.3177103e+00   1.2493836e+00   1.0974853e+00   1.0012909e+00   7.1067308e-01   6.7937169e-01   8.8416387e-01   9.0053225e-01   1.0444001e+00   1.7960904e+00   2.4444343e+00   2.5277580e+00   2.4994959e+00   2.4724955e+00   2.4512017e+00   2.4360991e+00   2.4642097e+00   2.4607867e+00   2.3518257e+00   2.2471974e+00   2.1423719e+00   2.0028232e+00   1.8161837e+00   1.6173253e+00   1.4780821e+00   1.4691659e+00   1.8124660e+00   5.6253461e-01   4.4156174e-01   4.7437061e-01   8.7514359e-01   9.1253579e-01   7.3422752e-01   6.4086870e-01   4.5402718e-01   4.9629097e-01   5.8006489e-01   5.5805346e-01   5.6405683e-01   5.0320716e-01   4.2639187e-01   4.7776348e-01   5.9843057e-01   7.7785815e-01   1.0700054e+00   1.3235871e+00   1.5788336e+00   1.9043019e+00   2.1634197e+00   2.4381325e+00   2.7934415e+00   3.0519873e+00   3.2804271e+00   3.5302644e+00   3.6775818e+00   3.7800756e+00   3.8369470e+00   3.8114864e+00   3.7577878e+00   4.4760319e+00   4.1057291e+00   2.3154651e+00   2.4351289e+00   2.5602562e+00   2.4089774e+00   2.2716893e+00   2.6982848e+00   2.7261114e+00   2.5152513e+00   2.3928445e+00   2.3432315e+00
   1.5107070e+00   1.7368243e+00   1.4759351e+00   1.3730741e+00   1.3156046e+00   1.5334882e+00   1.2856424e+00   1.0763401e+00   1.1345932e+00   1.3726484e+00   1.6815560e+00   1.9261214e+00   1.9965448e+00   2.2672725e+00   3.3570032e+00   3.5424886e+00   3.3549562e+00   3.2020013e+00   3.0448291e+00   2.9471188e+00   2.9443040e+00   2.9355164e+00   2.8785138e+00   2.7868354e+00   2.5928822e+00   2.4111762e+00   2.2152715e+00   1.9532377e+00   8.2002306e-01   6.5637344e-01   8.0853671e-01   1.1595618e+00   9.3628865e-01   4.9429351e-01   4.9586496e-01   4.8266122e-01   5.0128388e-01   5.4899514e-01   6.0040665e-01   7.3650736e-01   8.8353908e-01   1.0305209e+00   1.2699517e+00   1.4842811e+00   1.7105960e+00   2.0206039e+00   2.2756262e+00   2.5587890e+00   2.8729327e+00   3.1315522e+00   3.3844872e+00   3.6598172e+00   3.9013901e+00   4.1150632e+00   4.3483043e+00   4.4857578e+00   4.5869632e+00   4.6297679e+00   4.5440612e+00   4.4993982e+00   4.8668332e+00   3.2786484e+00   2.3036823e+00   1.8701744e+00   1.6636147e+00   1.5501260e+00   1.7581649e+00   2.0508125e+00   2.0468838e+00   2.0833960e+00   2.1393383e+00   1.8469317e+00
   1.8971238e+00   2.0050929e+00   1.7073091e+00   1.4833915e+00   1.5892047e+00   1.9235945e+00   1.7911114e+00   1.4156353e+00   1.3257406e+00   1.3184788e+00   1.4010468e+00   1.4960171e+00   1.5542331e+00   1.7673690e+00   2.5717359e+00   2.7800746e+00   2.8874209e+00   3.7640131e+00   3.8230593e+00   3.4934683e+00   3.4913907e+00   3.5772040e+00   3.5607936e+00   3.5123198e+00   3.3727648e+00   3.2200620e+00   2.9760356e+00   2.6009684e+00   1.9353176e+00   1.7883215e+00   1.6252115e+00   1.6844077e+00   1.3903468e+00   1.0086168e+00   9.9335510e-01   1.0010492e+00   1.0261827e+00   1.0840186e+00   1.1668917e+00   1.3505276e+00   1.5644737e+00   1.7789991e+00   2.0659945e+00   2.3109937e+00   2.5696430e+00   2.8763762e+00   3.1354840e+00   3.3967588e+00   3.6983547e+00   3.9407163e+00   4.1523752e+00   4.3654475e+00   4.5379395e+00   4.7091732e+00   4.8867464e+00   5.0151978e+00   5.0972228e+00   5.1181684e+00   5.0008507e+00   4.9572310e+00   3.8489590e+00   2.3743088e+00   1.7828565e+00   1.4260265e+00   1.5506984e+00   1.5552968e+00   1.5639654e+00   1.5025109e+00   1.6001643e+00   1.6935091e+00   1.7535853e+00   1.5756415e+00
   1.8124168e+00   1.8869140e+00   1.7429274e+00   1.6082290e+00   1.7312795e+00   1.9211696e+00   1.7628908e+00   1.6229621e+00   1.5094304e+00   1.3714793e+00   1.3278999e+00   1.3424499e+00   1.3743552e+00   1.4518578e+00   1.7390205e+00   1.9011368e+00   2.1498303e+00   3.0816560e+00   3.7100713e+00   3.8889439e+00   3.8871524e+00   4.0962210e+00   4.1085386e+00   4.0778875e+00   3.9822125e+00   3.8683858e+00   3.6651385e+00   3.3515897e+00   3.0150678e+00   2.8240955e+00   2.5049591e+00   2.3357673e+00   2.0078130e+00   1.6546042e+00   1.5879135e+00   1.5864205e+00   1.6473331e+00   1.7524264e+00   1.8752072e+00   2.0963864e+00   2.3253949e+00   2.5652013e+00   2.8502209e+00   3.1057773e+00   3.3625696e+00   3.6754742e+00   3.9118133e+00   4.1443558e+00   4.3906565e+00   4.6009889e+00   4.7427354e+00   4.8974977e+00   4.9972582e+00   5.1146898e+00   5.2204280e+00   5.3201809e+00   5.3701510e+00   5.3650022e+00   5.2547865e+00   5.1477575e+00   2.9038007e+00   1.6993767e+00   1.4162701e+00   1.6328250e+00   1.6509936e+00   1.5408487e+00   1.1929553e+00   1.1797824e+00   1.3743163e+00   1.5000951e+00   1.5494078e+00   1.5191094e+00
   1.6431609e+00   1.7000001e+00   1.7081915e+00   1.6859057e+00   1.7710068e+00   1.6718969e+00   1.5835929e+00   1.7705319e+00   1.5697278e+00   1.4090205e+00   1.3562390e+00   1.3538525e+00   1.3829678e+00   1.3920615e+00   1.4166341e+00   1.5098418e+00   1.6745255e+00   1.9857618e+00   3.0894024e+00   4.1040082e+00   4.1612349e+00   4.4889755e+00   4.5495891e+00   4.5197630e+00   4.4206257e+00   4.3194775e+00   4.1802378e+00   3.9681737e+00   3.7657225e+00   3.5570998e+00   3.2771199e+00   3.0358862e+00   2.7178409e+00   2.3603787e+00   2.2355747e+00   2.2030928e+00   2.2856770e+00   2.4247651e+00   2.5953493e+00   2.8362596e+00   3.0583836e+00   3.2855067e+00   3.5615804e+00   3.8005469e+00   4.0396438e+00   4.3266253e+00   4.5315122e+00   4.7111521e+00   4.8843174e+00   5.0021571e+00   5.0685854e+00   5.1434150e+00   5.1979898e+00   5.2389541e+00   5.2976990e+00   5.3383344e+00   5.3763337e+00   5.3237448e+00   5.2619418e+00   5.1724920e+00   2.5813351e+00   1.5993860e+00   1.6669214e+00   1.8058786e+00   1.4343879e+00   1.1985646e+00   9.1162270e-01   1.0849391e+00   1.2737846e+00   1.4343354e+00   1.5033033e+00   1.5208821e+00
   1.5474418e+00   1.5837836e+00   1.6231099e+00   1.6149517e+00   1.7048457e+00   1.5219550e+00   1.5857351e+00   1.8784363e+00   1.4272268e+00   1.2648450e+00   1.3589836e+00   1.3879672e+00   1.4038595e+00   1.3992941e+00   1.4232067e+00   1.4733018e+00   1.5464817e+00   1.5726844e+00   2.4784665e+00   3.8841787e+00   4.4038401e+00   4.7827978e+00   4.9376768e+00   4.8887320e+00   4.7646542e+00   4.6396221e+00   4.5248313e+00   4.3703456e+00   4.2172589e+00   4.0650334e+00   3.8529477e+00   3.6633811e+00   3.4167273e+00   3.1356952e+00   2.9905721e+00   2.9363892e+00   2.9927616e+00   3.1191195e+00   3.3027802e+00   3.5337868e+00   3.7282374e+00   3.9126821e+00   4.1566367e+00   4.3505783e+00   4.5440822e+00   4.7543035e+00   4.9055613e+00   5.0081568e+00   5.0728326e+00   5.0472430e+00   5.0370207e+00   5.0182905e+00   5.0212082e+00   4.9862919e+00   5.0156040e+00   5.0122131e+00   5.0517030e+00   4.9915719e+00   5.0513147e+00   4.5920563e+00   2.4109814e+00   1.8098589e+00   1.9270357e+00   1.6053137e+00   1.1746733e+00   9.7676295e-01   9.5212603e-01   1.0641812e+00   1.1590446e+00   1.3188759e+00   1.4003464e+00   1.4073236e+00
   1.2788415e+00   1.3034326e+00   1.3396819e+00   1.3943076e+00   1.4827331e+00   1.5311983e+00   1.7434947e+00   1.9124713e+00   1.1506375e+00   1.0833542e+00   1.3157654e+00   1.3310155e+00   1.3509308e+00   1.3334320e+00   1.4046067e+00   1.4396349e+00   1.5179471e+00   1.5565500e+00   1.8771338e+00   3.2977509e+00   4.4993968e+00   4.9428558e+00   5.1506023e+00   5.1362042e+00   4.9797235e+00   4.8641095e+00   4.7341614e+00   4.5807629e+00   4.4520802e+00   4.3257208e+00   4.1887035e+00   4.0642047e+00   3.9224269e+00   3.7712789e+00   3.6839890e+00   3.6593428e+00   3.6874866e+00   3.7930799e+00   3.9391897e+00   4.1542954e+00   4.2995319e+00   4.4409704e+00   4.5936899e+00   4.7144504e+00   4.8196692e+00   4.9134712e+00   4.9641004e+00   4.9593616e+00   4.8486495e+00   4.6729522e+00   4.5634923e+00   4.4350085e+00   4.3378367e+00   4.2669024e+00   4.2600007e+00   4.2958469e+00   4.3370790e+00   4.2153196e+00   3.8001604e+00   2.9009030e+00   1.8417728e+00   1.6953790e+00   1.6026386e+00   1.4526377e+00   1.2714059e+00   1.1069456e+00   9.9918246e-01   1.0045509e+00   1.0148506e+00   1.1211096e+00   1.1491735e+00   1.2053781e+00
   9.3965602e-01   9.6740150e-01   9.4980943e-01   1.0846013e+00   1.1436102e+00   1.3692852e+00   1.7878706e+00   1.7788759e+00   9.0439570e-01   1.0131239e+00   1.1693331e+00   1.1199765e+00   1.2175165e+00   1.2162157e+00   1.3318473e+00   1.3557863e+00   1.4457117e+00   1.4923284e+00   1.5893732e+00   3.0044568e+00   4.3420639e+00   4.8807149e+00   5.0719008e+00   5.1070414e+00   4.9910746e+00   4.8984480e+00   4.7778049e+00   4.6237860e+00   4.5033817e+00   4.4139328e+00   4.3139949e+00   4.2469411e+00   4.1883335e+00   4.1289210e+00   4.1316833e+00   4.1166830e+00   4.1794181e+00   4.2720284e+00   4.4034953e+00   4.6074743e+00   4.6891890e+00   4.7821321e+00   4.7940025e+00   4.8084278e+00   4.8158102e+00   4.7403359e+00   4.6862078e+00   4.5064392e+00   4.1823959e+00   3.8574996e+00   3.6120501e+00   3.3375359e+00   3.0798788e+00   3.0305073e+00   3.0691342e+00   3.1875100e+00   3.2701874e+00   2.6120448e+00   1.7354701e+00   1.3942389e+00   1.2332908e+00   1.2337784e+00   1.2165890e+00   1.1370401e+00   1.0468270e+00   9.3596548e-01   8.7987804e-01   8.5084814e-01   8.3833843e-01   8.5075116e-01   8.9199489e-01   9.7711599e-01
   6.6378933e-01   5.6043947e-01   5.0602841e-01   7.0711088e-01   8.3591574e-01   1.2011944e+00   1.5595119e+00   1.4505787e+00   9.0865630e-01   1.1440957e+00   1.1206213e+00   1.0078342e+00   1.0899955e+00   1.0830538e+00   1.1849127e+00   1.2260779e+00   1.3051040e+00   1.3662325e+00   1.7382014e+00   3.0863194e+00   4.1105289e+00   4.6449256e+00   4.8209696e+00   4.7982941e+00   4.8025556e+00   4.7029886e+00   4.5998645e+00   4.5155201e+00   4.3860617e+00   4.3544884e+00   4.2748175e+00   4.2524300e+00   4.2748022e+00   4.2544122e+00   4.3065367e+00   4.3165126e+00   4.3830914e+00   4.5052123e+00   4.6287951e+00   4.8145494e+00   4.8572812e+00   4.8382421e+00   4.7347660e+00   4.5898099e+00   4.4631214e+00   4.2345662e+00   4.0203552e+00   3.6995032e+00   3.1230373e+00   2.5061240e+00   1.7242153e+00   1.1419735e+00   1.2432457e+00   1.3062092e+00   1.5262929e+00   1.8827772e+00   1.8447776e+00   1.1405419e+00   8.0808651e-01   7.3134375e-01   6.7774248e-01   6.3776433e-01   6.5150148e-01   6.2472773e-01   5.7529718e-01   5.9482527e-01   5.9921932e-01   6.0321987e-01   5.8803117e-01   6.0115659e-01   7.4459016e-01   7.5834686e-01
   5.3247875e-01   2.3553893e-01   2.1668066e-01   5.0579739e-01   1.0246552e+00   7.0336676e-01   1.3686965e+00   1.3762993e+00   1.2431976e+00   1.3754412e+00   1.1607824e+00   9.8248380e-01   1.0384414e+00   1.0417535e+00   1.1164587e+00   1.1787628e+00   1.1791159e+00   1.3271604e+00   2.3384442e+00   3.4303358e+00   3.9109116e+00   4.3132215e+00   4.3966708e+00   4.3152862e+00   4.2832508e+00   4.2580375e+00   4.1605601e+00   4.1326342e+00   4.1073689e+00   4.0540419e+00   4.0587473e+00   4.0794272e+00   4.1099243e+00   4.1778264e+00   4.2188630e+00   4.2688026e+00   4.3607903e+00   4.4427089e+00   4.5685086e+00   4.6730237e+00   4.6553840e+00   4.5616851e+00   4.2870755e+00   4.0231676e+00   3.7530127e+00   3.3347590e+00   3.0037388e+00   2.5357640e+00   1.6663744e+00   9.5888043e-01   7.5523424e-01   4.7471926e-01   7.3023537e-01   1.0873183e+00   9.7000885e-01   1.0910548e+00   9.4882864e-01   4.3331596e-01   3.5620471e-01   2.9480621e-01   3.0199590e-01   3.3213856e-01   3.9639768e-01   3.7667763e-01   3.8964207e-01   4.6741101e-01   4.8792431e-01   4.9093396e-01   5.9254223e-01   7.1272928e-01   7.7523532e-01   8.1141388e-01
   1.1819000e+00   1.2186887e+00   1.4734067e+00   1.8505751e+00   1.1952289e+00   1.3278761e+00   1.9649582e+00   1.7569435e+00   1.6091228e+00   1.5040917e+00   1.2467284e+00   1.0823932e+00   1.0827870e+00   1.0688169e+00   1.1233912e+00   1.2169204e+00   1.3467801e+00   1.8261223e+00   2.3076282e+00   2.1526339e+00   2.9656496e+00   3.8075986e+00   3.7140110e+00   3.4981782e+00   3.4607513e+00   3.4541497e+00   3.4406066e+00   3.4400468e+00   3.4627275e+00   3.5250573e+00   3.5667217e+00   3.6016083e+00   3.7112327e+00   3.7969878e+00   3.8086920e+00   3.8868914e+00   3.9773612e+00   3.9821105e+00   4.0415277e+00   4.0935245e+00   3.9436266e+00   3.6915488e+00   3.3267841e+00   2.9140987e+00   2.4604778e+00   1.9641790e+00   1.5871850e+00   1.5456034e+00   1.8789804e+00   1.6794465e+00   1.4884757e+00   1.0901269e+00   9.7194749e-01   1.5281667e+00   2.4612501e+00   2.5706875e+00   2.1462176e+00   1.2182572e+00   6.6134280e-01   1.0200852e+00   1.3723507e+00   1.3654296e+00   1.6089567e+00   1.9301234e+00   1.8085605e+00   1.6497456e+00   1.6179914e+00   1.6269845e+00   1.6831427e+00   1.7767881e+00   1.5753779e+00   1.2778726e+00
   3.6936104e+00   3.7936862e+00   3.4509892e+00   2.1562986e+00   2.0774102e+00   3.0798981e+00   3.1219888e+00   2.6213893e+00   2.3178697e+00   2.4377480e+00   2.3954231e+00   2.2453430e+00   1.9346882e+00   1.6299799e+00   1.3739102e+00   1.3870842e+00   1.5353759e+00   1.5780237e+00   1.1858156e+00   1.3830307e+00   2.4258206e+00   3.0924339e+00   2.8930997e+00   2.6001389e+00   2.4561810e+00   2.4473614e+00   2.4703298e+00   2.5093992e+00   2.5738670e+00   2.6632652e+00   2.7610312e+00   2.8438012e+00   2.9395475e+00   3.0263400e+00   3.0784506e+00   3.1381660e+00   3.1651359e+00   3.1436733e+00   3.1363392e+00   3.0423021e+00   2.7696220e+00   2.4222965e+00   2.0257943e+00   1.7333336e+00   1.6384788e+00   1.7651280e+00   2.0098791e+00   2.7325006e+00   3.4301028e+00   3.0502678e+00   2.4511244e+00   2.3933070e+00   2.7955650e+00   2.9353786e+00   3.1411893e+00   3.5862732e+00   4.2537303e+00   4.9237180e+00   4.6166887e+00   3.7917275e+00   2.9127769e+00   2.5084292e+00   1.9756391e+00   1.5106878e+00   2.0362778e+00   2.5103230e+00   3.0694337e+00   3.4008082e+00   3.7378631e+00   4.1921682e+00   4.0748987e+00   3.7429724e+00
   3.5304904e+00   2.9127562e+00   2.2744992e+00   2.7441747e+00   3.5014884e+00   3.8505738e+00   3.7877457e+00   3.6340652e+00   3.5590017e+00   3.7499230e+00   4.1713357e+00   4.6937833e+00   4.8306680e+00   4.1503916e+00   3.3013842e+00   2.3651736e+00   1.4594741e+00   8.9469975e-01   1.0360001e+00   1.5896487e+00   2.2306068e+00   2.3402479e+00   1.9672886e+00   1.5958937e+00   1.3047729e+00   1.1308262e+00   1.0247383e+00   1.0489284e+00   1.1183569e+00   1.1801466e+00   1.2621484e+00   1.3318119e+00   1.3852974e+00   1.4218327e+00   1.4431612e+00   1.4638441e+00   1.4794148e+00   1.4777080e+00   1.4331242e+00   1.2870300e+00   1.1696814e+00   1.1705719e+00   1.5272382e+00   2.2874722e+00   3.3784747e+00   4.2051263e+00   4.7791400e+00   5.3088222e+00   4.7515574e+00   3.8405242e+00   3.0620193e+00   2.6825950e+00   2.5429244e+00   2.5095913e+00   2.7573643e+00   3.0443363e+00   3.2074354e+00   3.2342000e+00   3.2576427e+00   3.3705719e+00   3.5662963e+00   3.4620109e+00   3.1186423e+00   2.5984850e+00   2.4781117e+00   2.7650077e+00   3.3419404e+00   3.5865788e+00   3.7600570e+00   4.2228212e+00   4.3445368e+00   4.0267334e+00
   2.6081553e+00   2.5505275e+00   2.6498075e+00   3.0233948e+00   3.4259246e+00   3.8327057e+00   4.1076326e+00   4.2066464e+00   4.3173904e+00   4.6267347e+00   5.1439103e+00   5.8161163e+00   6.5004377e+00   6.6920544e+00   6.5142288e+00   6.1133771e+00   5.5128558e+00   4.7895226e+00   4.6220026e+00   4.6212610e+00   4.6215000e+00   4.6605425e+00   4.6552996e+00   4.6490812e+00   4.6070910e+00   4.5720052e+00   4.5309234e+00   4.4990768e+00   4.4740872e+00   4.4682889e+00   4.4445348e+00   4.4091186e+00   4.3911409e+00   4.3604536e+00   4.3530931e+00   4.3712244e+00   4.3924012e+00   4.3801407e+00   4.3444791e+00   4.3353543e+00   4.4590964e+00   4.7711396e+00   5.4062781e+00   5.8625667e+00   6.2048268e+00   6.9107251e+00   7.0449315e+00   6.8077741e+00   6.0448465e+00   5.2835024e+00   4.5573363e+00   3.7493844e+00   3.0895105e+00   2.4340260e+00   1.8135253e+00   1.6881682e+00   1.7514933e+00   1.6520276e+00   1.5498839e+00   1.6114675e+00   1.8366883e+00   1.9647905e+00   2.0607655e+00   2.1467853e+00   2.1828189e+00   2.1569889e+00   2.0139761e+00   1.8160147e+00   1.6808273e+00   2.1550860e+00   2.5250453e+00   2.6606071e+00
