   5.1833651e-01   5.1824943e-01   5.1496975e-01   5.0859157e-01   5.0251583e-01   4.9612814e-01   4.8850515e-01   4.8244955e-01   4.7736596e-01   4.7313954e-01   4.7107654e-01   4.7027502e-01   4.7097722e-01   4.7278863e-01   4.7565644e-01   4.8101321e-01   4.8788751e-01   4.9647847e-01   5.0843446e-01   5.1889614e-01   5.2942446e-01   5.4252722e-01   5.5393137e-01   5.6632182e-01   5.8191296e-01   5.9497151e-01   6.0784329e-01   6.2161319e-01   6.3087070e-01   6.3838852e-01   6.4524295e-01   6.4981276e-01   6.5341116e-01   6.5657093e-01   6.5799131e-01   6.5814434e-01   6.5642011e-01   6.5355263e-01   6.4905229e-01   6.4133776e-01   6.3247195e-01   6.2110592e-01   6.0429634e-01   5.8829082e-01   5.7154515e-01   5.5182713e-01   5.3636785e-01   5.2194419e-01   5.0526909e-01   4.9171383e-01   4.7806378e-01   4.6119870e-01   4.4672244e-01   4.3207242e-01   4.1373842e-01   3.9787444e-01   3.8176230e-01   3.6276288e-01   3.4877064e-01   3.3780011e-01   3.3005162e-01   3.2759153e-01   3.2723060e-01   3.2919409e-01   3.3398525e-01   3.4473159e-01   3.7020803e-01   4.0111409e-01   4.3578737e-01   4.7386412e-01   4.9695143e-01   5.1123623e-01
   9.5807334e-01   9.2833275e-01   9.0496812e-01   8.8658503e-01   8.7480603e-01   8.6349725e-01   8.5326182e-01   8.5087878e-01   8.5293904e-01   8.5693984e-01   8.5845066e-01   8.5661211e-01   8.4963849e-01   8.4083752e-01   8.3049240e-01   8.1711265e-01   8.0631487e-01   7.9641123e-01   7.8541365e-01   7.7670651e-01   7.6961194e-01   7.6369036e-01   7.6168597e-01   7.6498171e-01   7.7762848e-01   7.9102583e-01   8.0233630e-01   8.1313334e-01   8.2083713e-01   8.2670323e-01   8.2849879e-01   8.2589427e-01   8.2308281e-01   8.2475498e-01   8.3177526e-01   8.4225496e-01   8.5603027e-01   8.6573060e-01   8.7276880e-01   8.7745995e-01   8.7766477e-01   8.7407999e-01   8.6500309e-01   8.5472242e-01   8.4430851e-01   8.3292378e-01   8.2384965e-01   8.1534006e-01   8.0590642e-01   7.9981025e-01   7.9627399e-01   7.9513239e-01   7.9744182e-01   8.0269117e-01   8.1202749e-01   8.2167788e-01   8.3154003e-01   8.4327951e-01   8.5524117e-01   8.7051065e-01   8.9143520e-01   9.0875103e-01   9.2357923e-01   9.3722202e-01   9.4699975e-01   9.5873907e-01   9.8251786e-01   1.0101070e+00   1.0330385e+00   1.0352990e+00   1.0171200e+00   9.9264770e-01
   1.3395593e+00   1.3339973e+00   1.3357111e+00   1.3339360e+00   1.3252107e+00   1.3119554e+00   1.2977128e+00   1.2959715e+00   1.3008016e+00   1.2986380e+00   1.2833973e+00   1.2600621e+00   1.2279849e+00   1.2002047e+00   1.1716021e+00   1.1340476e+00   1.0975726e+00   1.0568180e+00   1.0062039e+00   9.6574206e-01   9.2558028e-01   8.7830597e-01   8.4915088e-01   8.3697120e-01   8.3725191e-01   8.3554498e-01   8.2898860e-01   8.2230602e-01   8.1962637e-01   8.1552892e-01   8.0608669e-01   7.9877948e-01   7.9634800e-01   7.9895000e-01   8.0318248e-01   8.0998583e-01   8.2154538e-01   8.3077049e-01   8.3791542e-01   8.4272052e-01   8.4492964e-01   8.4914686e-01   8.5991206e-01   8.7133872e-01   8.8075915e-01   8.8700693e-01   8.9102834e-01   8.9523930e-01   8.9918739e-01   9.0251576e-01   9.0842615e-01   9.2305686e-01   9.4231423e-01   9.6408089e-01   9.9268745e-01   1.0251511e+00   1.0698884e+00   1.1312971e+00   1.1769838e+00   1.2152524e+00   1.2567002e+00   1.2895326e+00   1.3178632e+00   1.3470074e+00   1.3662445e+00   1.3742907e+00   1.3690261e+00   1.3693926e+00   1.3779368e+00   1.3832859e+00   1.3757500e+00   1.3605033e+00
   1.4564084e+00   1.4638740e+00   1.4693252e+00   1.4702928e+00   1.4715095e+00   1.4666710e+00   1.4582759e+00   1.4556130e+00   1.4446266e+00   1.4092525e+00   1.3730269e+00   1.3388107e+00   1.2968917e+00   1.2604595e+00   1.2207441e+00   1.1679199e+00   1.1205146e+00   1.0682956e+00   9.9687416e-01   9.3477167e-01   8.7672778e-01   8.1340863e-01   7.7297446e-01   7.4944876e-01   7.2563738e-01   6.9953933e-01   6.7262095e-01   6.3972130e-01   6.1437213e-01   5.9206218e-01   5.6592780e-01   5.5262764e-01   5.5065427e-01   5.5242072e-01   5.5121082e-01   5.4972196e-01   5.4271113e-01   5.3405108e-01   5.3003147e-01   5.3626226e-01   5.4902524e-01   5.7050565e-01   6.0800394e-01   6.4140043e-01   6.7574687e-01   7.1820251e-01   7.4770369e-01   7.6925567e-01   7.8455834e-01   7.8973182e-01   7.9644765e-01   8.1644105e-01   8.4160603e-01   8.7674304e-01   9.3714633e-01   1.0014996e+00   1.0713596e+00   1.1521121e+00   1.2145776e+00   1.2744580e+00   1.3413501e+00   1.3900702e+00   1.4304065e+00   1.4636371e+00   1.4753563e+00   1.4766831e+00   1.4649083e+00   1.4532397e+00   1.4570779e+00   1.4855313e+00   1.4973428e+00   1.4751945e+00
   1.2982180e+00   1.3025348e+00   1.3037324e+00   1.3046586e+00   1.3121739e+00   1.3165055e+00   1.3074338e+00   1.2859373e+00   1.2566367e+00   1.2132912e+00   1.1781863e+00   1.1521319e+00   1.1169843e+00   1.0716768e+00   1.0180091e+00   9.5162512e-01   8.9522701e-01   8.3391413e-01   7.4867121e-01   6.7784697e-01   6.2077620e-01   5.6668297e-01   5.2502780e-01   4.8810215e-01   4.4639154e-01   4.1294950e-01   3.8651409e-01   3.5460638e-01   3.3500073e-01   3.3297105e-01   3.2767289e-01   3.1719178e-01   3.1669691e-01   3.1740963e-01   3.1715312e-01   3.1628465e-01   3.0932324e-01   2.9840921e-01   2.7741332e-01   2.4667529e-01   2.3366521e-01   2.3831989e-01   2.6200164e-01   2.8465528e-01   3.1229654e-01   3.4964174e-01   3.7676798e-01   3.9454958e-01   3.9972380e-01   4.0959891e-01   4.3016895e-01   4.6385451e-01   5.0633675e-01   5.6372060e-01   6.4808824e-01   7.2436285e-01   8.0033243e-01   8.8336930e-01   9.5784110e-01   1.0387970e+00   1.1248932e+00   1.1867370e+00   1.2343944e+00   1.2581647e+00   1.2567749e+00   1.2410484e+00   1.2048463e+00   1.1897047e+00   1.2188265e+00   1.2864317e+00   1.3370752e+00   1.3228918e+00
   8.5272095e-01   8.6561107e-01   8.7057227e-01   8.7250351e-01   8.7298129e-01   8.7136670e-01   8.6127542e-01   8.3840130e-01   8.0097976e-01   7.4999695e-01   7.1212500e-01   6.7250433e-01   6.2540780e-01   5.7887198e-01   5.1684347e-01   4.4370212e-01   4.0153888e-01   3.7616668e-01   3.5292188e-01   3.2872706e-01   3.0735355e-01   2.9630676e-01   2.9252147e-01   3.0496849e-01   3.4312138e-01   3.7642945e-01   4.1617947e-01   4.7545263e-01   5.2930806e-01   5.9091615e-01   6.6790102e-01   7.1816428e-01   7.5872068e-01   8.0848609e-01   8.4997133e-01   8.8400438e-01   9.1761101e-01   9.3726002e-01   9.4307537e-01   9.2797906e-01   8.9437805e-01   8.4529810e-01   7.6996458e-01   6.9511844e-01   6.1569954e-01   5.1426016e-01   4.3221487e-01   3.7016448e-01   3.2659923e-01   3.2486340e-01   3.4671212e-01   3.9181005e-01   4.3650569e-01   4.7676283e-01   5.3187875e-01   5.7368608e-01   6.0773713e-01   6.4707660e-01   6.7098095e-01   7.0298906e-01   7.4774456e-01   7.7644645e-01   7.9589757e-01   7.7520145e-01   7.4234460e-01   7.0319798e-01   6.5071789e-01   7.0442510e-01   7.9344338e-01   7.6570108e-01   7.8194428e-01   8.2670559e-01
   6.1851552e-01   6.0655069e-01   5.8955873e-01   5.7258009e-01   5.6409294e-01   5.5372156e-01   5.3630071e-01   5.3228690e-01   5.2455344e-01   5.1071517e-01   5.0671805e-01   5.0505321e-01   5.0239634e-01   4.9213075e-01   4.7619178e-01   4.6058167e-01   4.7524860e-01   5.1832335e-01   5.7129882e-01   6.1095374e-01   6.5541228e-01   7.2261160e-01   7.8333875e-01   8.5397360e-01   9.5020648e-01   1.0317106e+00   1.1096955e+00   1.2016337e+00   1.2809990e+00   1.3592326e+00   1.4531989e+00   1.5237297e+00   1.5858867e+00   1.6622948e+00   1.7271109e+00   1.7890800e+00   1.8595965e+00   1.9104697e+00   1.9418089e+00   1.9382696e+00   1.9009363e+00   1.8396479e+00   1.7402912e+00   1.6425198e+00   1.5364957e+00   1.4100545e+00   1.3143642e+00   1.2363129e+00   1.1886456e+00   1.1836716e+00   1.2018797e+00   1.2388289e+00   1.2649024e+00   1.2762341e+00   1.2625614e+00   1.2359099e+00   1.1967875e+00   1.1373341e+00   1.0633301e+00   9.8359373e-01   9.0733631e-01   8.4707882e-01   8.0168750e-01   7.2891838e-01   6.7092775e-01   6.2462157e-01   6.3293020e-01   8.5847026e-01   1.0838231e+00   9.5643983e-01   7.5788364e-01   6.5694042e-01
   1.5721277e+00   1.4731569e+00   1.4113182e+00   1.3650319e+00   1.3488824e+00   1.3325860e+00   1.3091019e+00   1.3160752e+00   1.3440976e+00   1.3856789e+00   1.4269234e+00   1.4701848e+00   1.5133869e+00   1.5369664e+00   1.5489954e+00   1.5615598e+00   1.5775751e+00   1.6008667e+00   1.6330899e+00   1.6594246e+00   1.6871176e+00   1.7334488e+00   1.7744474e+00   1.8220128e+00   1.8914660e+00   1.9636303e+00   2.0490129e+00   2.1582350e+00   2.2438156e+00   2.3163312e+00   2.3926760e+00   2.4549602e+00   2.5219902e+00   2.6044961e+00   2.6822433e+00   2.7672418e+00   2.8737714e+00   2.9549331e+00   3.0172605e+00   3.0457034e+00   3.0234227e+00   2.9712933e+00   2.8690008e+00   2.7597921e+00   2.6393310e+00   2.5050529e+00   2.4100928e+00   2.3362915e+00   2.2871048e+00   2.2878730e+00   2.3218574e+00   2.3922835e+00   2.4531472e+00   2.4984682e+00   2.5063074e+00   2.4652084e+00   2.3990808e+00   2.3010121e+00   2.2027167e+00   2.0843549e+00   1.9601138e+00   1.8719584e+00   1.8220823e+00   1.7941239e+00   1.7949727e+00   1.7980242e+00   1.8238722e+00   2.0753517e+00   2.3956417e+00   2.3840392e+00   2.0664260e+00   1.7644247e+00
   3.1726368e+00   3.0514022e+00   2.9674894e+00   2.8995436e+00   2.8826969e+00   2.8688835e+00   2.8493567e+00   2.8417714e+00   2.8612550e+00   2.8881141e+00   2.9154763e+00   2.9337363e+00   2.9480563e+00   2.9537059e+00   2.9507585e+00   2.9310037e+00   2.9124578e+00   2.8913606e+00   2.8805319e+00   2.8758682e+00   2.8817307e+00   2.9004884e+00   2.9189457e+00   2.9420070e+00   2.9878575e+00   3.0395144e+00   3.1064815e+00   3.1915392e+00   3.2589432e+00   3.3127180e+00   3.3751175e+00   3.4277763e+00   3.4844448e+00   3.5495299e+00   3.6234271e+00   3.7169352e+00   3.8434972e+00   3.9446565e+00   4.0408591e+00   4.1211316e+00   4.1432008e+00   4.1187075e+00   4.0382180e+00   3.9305755e+00   3.8111282e+00   3.6817982e+00   3.5932057e+00   3.5236776e+00   3.4881606e+00   3.5031030e+00   3.5544147e+00   3.6472154e+00   3.7332639e+00   3.7985030e+00   3.8331201e+00   3.8074511e+00   3.7425105e+00   3.6357664e+00   3.5408910e+00   3.4428080e+00   3.3552809e+00   3.3145353e+00   3.3074046e+00   3.3425964e+00   3.3870501e+00   3.4270235e+00   3.3660634e+00   3.5616937e+00   3.9520757e+00   4.1011523e+00   3.7334505e+00   3.3759703e+00
   4.8426383e+00   4.7357430e+00   4.6369735e+00   4.5624909e+00   4.5329678e+00   4.5281638e+00   4.5126691e+00   4.4982635e+00   4.4860268e+00   4.4779094e+00   4.4587916e+00   4.4394497e+00   4.4095017e+00   4.3902409e+00   4.3603045e+00   4.3134775e+00   4.2629615e+00   4.2140962e+00   4.1590460e+00   4.1179367e+00   4.0864728e+00   4.0666391e+00   4.0572568e+00   4.0584988e+00   4.0864101e+00   4.1184385e+00   4.1511539e+00   4.1836831e+00   4.2167476e+00   4.2503444e+00   4.2996353e+00   4.3355187e+00   4.3713127e+00   4.4150361e+00   4.4771522e+00   4.5576598e+00   4.6736483e+00   4.7741078e+00   4.8828145e+00   4.9907589e+00   5.0531150e+00   5.0675229e+00   5.0315849e+00   4.9506563e+00   4.8541647e+00   4.7462654e+00   4.6792270e+00   4.6331799e+00   4.6277895e+00   4.6663331e+00   4.7349099e+00   4.8421698e+00   4.9265984e+00   4.9949062e+00   5.0453747e+00   5.0677934e+00   5.0437002e+00   4.9838617e+00   4.9134668e+00   4.8625681e+00   4.8193207e+00   4.8389655e+00   4.8792058e+00   4.9890391e+00   5.0571401e+00   5.1355122e+00   4.9417959e+00   5.0062877e+00   5.4446353e+00   5.8753441e+00   5.4633540e+00   5.0338205e+00
   6.2938132e+00   6.2016952e+00   6.0923911e+00   6.0237941e+00   5.9745624e+00   5.9639017e+00   5.9441149e+00   5.9271050e+00   5.8866028e+00   5.8311808e+00   5.7665995e+00   5.7008434e+00   5.6310508e+00   5.5759110e+00   5.5169373e+00   5.4344596e+00   5.3639402e+00   5.3004613e+00   5.2193560e+00   5.1488548e+00   5.0798448e+00   5.0212298e+00   4.9810916e+00   4.9586151e+00   4.9525665e+00   4.9598767e+00   4.9581270e+00   4.9493565e+00   4.9472184e+00   4.9542406e+00   4.9780335e+00   4.9920755e+00   5.0060805e+00   5.0263240e+00   5.0651901e+00   5.1080376e+00   5.1736140e+00   5.2393055e+00   5.3250878e+00   5.4340512e+00   5.5185256e+00   5.5740549e+00   5.5886462e+00   5.5606401e+00   5.5020890e+00   5.4363413e+00   5.4004442e+00   5.3985817e+00   5.4298701e+00   5.4813658e+00   5.5506521e+00   5.6508212e+00   5.7368047e+00   5.8171695e+00   5.9189227e+00   6.0012564e+00   6.0602543e+00   6.0882791e+00   6.0916277e+00   6.1034268e+00   6.1181261e+00   6.1795185e+00   6.2573123e+00   6.4271101e+00   6.5115029e+00   6.6300554e+00   6.3138820e+00   6.1868207e+00   6.6501920e+00   7.4322652e+00   6.9870664e+00   6.4891245e+00
   7.2375524e+00   7.1642390e+00   7.0665514e+00   7.0030784e+00   6.9557411e+00   6.9308712e+00   6.9106293e+00   6.8832966e+00   6.8306850e+00   6.7410321e+00   6.6525601e+00   6.5512666e+00   6.4463424e+00   6.3569282e+00   6.2788438e+00   6.1668038e+00   6.0875975e+00   6.0071506e+00   5.9110448e+00   5.8242438e+00   5.7366554e+00   5.6520736e+00   5.5875372e+00   5.5380455e+00   5.4878923e+00   5.4614078e+00   5.4335149e+00   5.3981474e+00   5.3711101e+00   5.3496893e+00   5.3400033e+00   5.3328198e+00   5.3212341e+00   5.3057960e+00   5.2954258e+00   5.2760741e+00   5.2541559e+00   5.2510890e+00   5.2827732e+00   5.3622671e+00   5.4555632e+00   5.5478559e+00   5.6259413e+00   5.6682998e+00   5.6683831e+00   5.6653832e+00   5.6731646e+00   5.7138573e+00   5.7707500e+00   5.8038881e+00   5.8478925e+00   5.9277726e+00   6.0300917e+00   6.1448800e+00   6.3128690e+00   6.4537260e+00   6.5950995e+00   6.7217613e+00   6.8179885e+00   6.8936689e+00   6.9873793e+00   7.0716451e+00   7.1787525e+00   7.3602740e+00   7.4497903e+00   7.5881084e+00   7.2180402e+00   6.8878600e+00   7.3162765e+00   8.4069150e+00   7.9217409e+00   7.4024054e+00
   7.5950181e+00   7.5491021e+00   7.4894027e+00   7.4330814e+00   7.4129648e+00   7.3834380e+00   7.3699396e+00   7.3319754e+00   7.2751905e+00   7.1849014e+00   7.0853380e+00   6.9818877e+00   6.8395392e+00   6.7342584e+00   6.6392865e+00   6.5227288e+00   6.4352959e+00   6.3421135e+00   6.2310742e+00   6.1416680e+00   6.0514041e+00   5.9535537e+00   5.8741623e+00   5.8007285e+00   5.7169015e+00   5.6552190e+00   5.6085888e+00   5.5515679e+00   5.5136789e+00   5.4734845e+00   5.4328167e+00   5.4022237e+00   5.3565038e+00   5.2880880e+00   5.1986000e+00   5.0921220e+00   4.9471605e+00   4.8429896e+00   4.7943097e+00   4.8097135e+00   4.9005307e+00   5.0312855e+00   5.2065209e+00   5.3356694e+00   5.4200205e+00   5.4943986e+00   5.5572240e+00   5.6289057e+00   5.6917518e+00   5.6837430e+00   5.6884093e+00   5.7643743e+00   5.8891419e+00   6.0549321e+00   6.2638339e+00   6.4641166e+00   6.6590680e+00   6.8846135e+00   7.0488809e+00   7.1827583e+00   7.3439008e+00   7.4443063e+00   7.5673276e+00   7.7104258e+00   7.7822848e+00   7.9013402e+00   7.5403633e+00   7.0521338e+00   7.3787797e+00   8.6897424e+00   8.1661809e+00   7.6669626e+00
   7.3856638e+00   7.3748024e+00   7.3542735e+00   7.3500496e+00   7.3417175e+00   7.3350230e+00   7.3127624e+00   7.2806615e+00   7.2328143e+00   7.1442779e+00   7.0515118e+00   6.9454746e+00   6.8057293e+00   6.6900446e+00   6.5873145e+00   6.4778055e+00   6.3909845e+00   6.3048095e+00   6.1981336e+00   6.1153263e+00   6.0245084e+00   5.9054720e+00   5.8204456e+00   5.7378337e+00   5.6304565e+00   5.5488071e+00   5.4817216e+00   5.4127281e+00   5.3617429e+00   5.3118027e+00   5.2470788e+00   5.1805917e+00   5.0930633e+00   4.9330077e+00   4.7340379e+00   4.4967017e+00   4.1603598e+00   3.8928491e+00   3.7135858e+00   3.6606067e+00   3.7328448e+00   3.9316029e+00   4.2661292e+00   4.5277166e+00   4.7135962e+00   4.8742196e+00   4.9870660e+00   5.0953062e+00   5.1517533e+00   5.1036829e+00   5.0780502e+00   5.1843740e+00   5.3488154e+00   5.5578612e+00   5.8484609e+00   6.1006307e+00   6.3649671e+00   6.6725556e+00   6.9008287e+00   7.1037466e+00   7.2630119e+00   7.3800587e+00   7.4698937e+00   7.5306135e+00   7.5390600e+00   7.5927186e+00   7.2463464e+00   6.7248793e+00   6.9412789e+00   8.3140844e+00   7.7617786e+00   7.2974805e+00
   6.6494948e+00   6.6570731e+00   6.6526386e+00   6.6552976e+00   6.6408483e+00   6.6185464e+00   6.5724578e+00   6.5290591e+00   6.4796654e+00   6.3967318e+00   6.3115951e+00   6.2157608e+00   6.0974063e+00   5.9962672e+00   5.8978564e+00   5.7955856e+00   5.7155255e+00   5.6370862e+00   5.5543358e+00   5.4856585e+00   5.4022113e+00   5.2918844e+00   5.2020974e+00   5.1161250e+00   5.0164570e+00   4.9353314e+00   4.8558280e+00   4.7644745e+00   4.6977053e+00   4.6390376e+00   4.5631243e+00   4.4685906e+00   4.3295553e+00   4.0563236e+00   3.7045744e+00   3.2758563e+00   2.6384193e+00   2.0942125e+00   1.7253818e+00   1.6737202e+00   1.6868951e+00   2.0252199e+00   2.6030317e+00   3.0850400e+00   3.4289179e+00   3.6847495e+00   3.8645217e+00   4.0321759e+00   4.1268413e+00   4.0912020e+00   4.0875699e+00   4.2330968e+00   4.4377342e+00   4.6803453e+00   5.0079987e+00   5.3169910e+00   5.6416632e+00   6.0080312e+00   6.2868359e+00   6.5226683e+00   6.6268376e+00   6.6624905e+00   6.6077907e+00   6.4905083e+00   6.4108692e+00   6.4407901e+00   6.0843982e+00   5.7458608e+00   6.1189009e+00   7.3117515e+00   6.8017462e+00   6.4788303e+00
   5.7260127e+00   5.7284656e+00   5.7320895e+00   5.7378290e+00   5.7141793e+00   5.6754499e+00   5.6093340e+00   5.5504024e+00   5.4904895e+00   5.4084625e+00   5.3319025e+00   5.2479304e+00   5.1440890e+00   5.0546166e+00   4.9655183e+00   4.8730655e+00   4.8007488e+00   4.7306543e+00   4.6564351e+00   4.5929286e+00   4.5181370e+00   4.4193808e+00   4.3328022e+00   4.2489814e+00   4.1552515e+00   4.0749528e+00   3.9908592e+00   3.8902257e+00   3.8175672e+00   3.7583148e+00   3.6815588e+00   3.5740274e+00   3.3926772e+00   3.0171218e+00   2.5707669e+00   2.0205068e+00   1.7677314e+00   1.2639934e+00   8.7063330e-01   8.9705913e-01   7.4229287e-01   8.3614355e-01   1.5546027e+00   2.0063143e+00   2.3238768e+00   2.5871314e+00   2.7886336e+00   2.9850404e+00   3.1348349e+00   3.1437022e+00   3.1874636e+00   3.3646776e+00   3.5685573e+00   3.8006949e+00   4.1228566e+00   4.4311419e+00   4.7579223e+00   5.1347034e+00   5.4098516e+00   5.6177059e+00   5.6428923e+00   5.5430254e+00   5.2666341e+00   4.8946570e+00   4.8944371e+00   5.0055595e+00   4.7061016e+00   4.5327290e+00   5.1146148e+00   6.1604554e+00   5.7183454e+00   5.5318783e+00
   4.6332991e+00   4.6246891e+00   4.6277162e+00   4.6237610e+00   4.5862349e+00   4.5323344e+00   4.4527084e+00   4.3829878e+00   4.3160614e+00   4.2388945e+00   4.1751579e+00   4.1081444e+00   4.0225001e+00   3.9476794e+00   3.8730306e+00   3.7942765e+00   3.7316855e+00   3.6703147e+00   3.6023623e+00   3.5435967e+00   3.4774517e+00   3.3913541e+00   3.3134526e+00   3.2365022e+00   3.1471286e+00   3.0656398e+00   2.9778418e+00   2.8736649e+00   2.7998980e+00   2.7426640e+00   2.6699127e+00   2.5613604e+00   2.3791789e+00   2.1242096e+00   1.9524118e+00   1.6752436e+00   1.3424720e+00   7.9302609e-01   5.0667058e-01   5.1950071e-01   2.9677099e-01   3.8789276e-01   1.0637851e+00   1.2262443e+00   1.3768198e+00   1.5830443e+00   1.7867803e+00   1.9880671e+00   2.1562222e+00   2.2122228e+00   2.3077295e+00   2.4889544e+00   2.6652338e+00   2.8646697e+00   3.1527084e+00   3.4327167e+00   3.7321792e+00   4.0789305e+00   4.3148798e+00   4.4691639e+00   4.4110891e+00   4.1430685e+00   3.6436455e+00   3.2311194e+00   3.3393326e+00   3.5110880e+00   3.2884027e+00   3.2651323e+00   4.0052923e+00   4.8844145e+00   4.5218972e+00   4.4571341e+00
   3.4262781e+00   3.4035470e+00   3.3986084e+00   3.3735284e+00   3.3183613e+00   3.2509292e+00   3.1639042e+00   3.0885385e+00   3.0189367e+00   2.9506841e+00   2.9033623e+00   2.8575282e+00   2.7937593e+00   2.7363142e+00   2.6801164e+00   2.6181294e+00   2.5667956e+00   2.5142300e+00   2.4517319e+00   2.3980439e+00   2.3401985e+00   2.2671955e+00   2.2021433e+00   2.1358094e+00   2.0493634e+00   1.9647851e+00   1.8734582e+00   1.7699760e+00   1.6986834e+00   1.6450889e+00   1.5798171e+00   1.4801097e+00   1.3353187e+00   1.4069073e+00   1.8450617e+00   2.1992944e+00   1.2849674e+00   5.7933743e-01   5.0541815e-01   4.1124910e-01   2.2688132e-01   5.7993553e-01   1.0515526e+00   7.1202841e-01   5.8491666e-01   6.8322590e-01   8.7510753e-01   1.0616030e+00   1.2113992e+00   1.3127596e+00   1.4603895e+00   1.6201716e+00   1.7481760e+00   1.8990056e+00   2.1308761e+00   2.3628541e+00   2.6135398e+00   2.8975444e+00   3.0669814e+00   3.1507569e+00   3.0097511e+00   2.5522034e+00   1.8414314e+00   1.5984744e+00   1.8236926e+00   2.0251298e+00   1.8895765e+00   2.0001901e+00   2.8420374e+00   3.5368574e+00   3.2605195e+00   3.3010170e+00
   1.2438711e+00   1.1792814e+00   1.1432837e+00   1.0857248e+00   1.0137622e+00   9.4767295e-01   8.8479096e-01   8.4515453e-01   8.2432854e-01   8.2206132e-01   8.3101629e-01   8.3419795e-01   8.3172761e-01   8.1216912e-01   7.7328883e-01   7.3275858e-01   7.0765228e-01   6.8028257e-01   6.5824380e-01   6.5063002e-01   6.4701112e-01   6.3431331e-01   6.0317977e-01   5.6900539e-01   5.4060058e-01   5.1799731e-01   5.0563936e-01   4.9245527e-01   4.7100792e-01   4.7897898e-01   6.2656547e-01   9.6267592e-01   1.5859002e+00   2.8571003e+00   3.7472343e+00   2.6320396e+00   1.1694620e+00   5.1728401e-01   5.2845269e-01   6.8619975e-01   3.8284256e-01   3.0438960e-01   1.5153969e+00   1.3851219e+00   1.2297175e+00   1.1378279e+00   1.0362535e+00   8.0350395e-01   4.2104439e-01   3.5840932e-01   4.7701870e-01   5.8654838e-01   6.0738313e-01   5.6933217e-01   4.9411234e-01   4.9511812e-01   5.9140350e-01   7.6129216e-01   8.9617370e-01   1.0322347e+00   1.4248267e+00   1.8467011e+00   1.1087590e+00   4.2325624e-01   6.6007347e-01   9.1811866e-01   9.8548483e-01   8.8445532e-01   1.4095147e+00   1.3613165e+00   1.0934851e+00   1.2090287e+00
   1.5733929e+00   1.5797124e+00   1.5890801e+00   1.5838714e+00   1.5795663e+00   1.5812831e+00   1.5859551e+00   1.5943590e+00   1.6083359e+00   1.6220080e+00   1.6291536e+00   1.6320772e+00   1.6253171e+00   1.6044005e+00   1.5820395e+00   1.5724482e+00   1.5688966e+00   1.5639358e+00   1.5682374e+00   1.5737302e+00   1.5752938e+00   1.5633500e+00   1.5500115e+00   1.5574903e+00   1.5941272e+00   1.6276577e+00   1.6659255e+00   1.7079166e+00   1.7271722e+00   1.7486053e+00   1.8533836e+00   2.1429594e+00   2.7546294e+00   4.0603189e+00   4.5056539e+00   2.4894178e+00   8.2688842e-01   4.7608062e-01   8.0602610e-01   7.1354175e-01   4.3646754e-01   7.5168258e-01   2.0366624e+00   2.1381702e+00   2.0519136e+00   1.9714536e+00   1.8344443e+00   1.6097930e+00   1.3116458e+00   1.2203847e+00   1.2419247e+00   1.2767397e+00   1.2730195e+00   1.2366614e+00   1.1766541e+00   1.1581443e+00   1.1954545e+00   1.3118754e+00   1.4721632e+00   1.7057410e+00   2.1842064e+00   2.5579007e+00   1.2864624e+00   3.8706689e-01   1.5431556e+00   2.1875622e+00   2.2379367e+00   2.2032062e+00   1.8467055e+00   1.4767172e+00   1.3893447e+00   1.5062497e+00
   2.2786197e+00   2.3308690e+00   2.3638143e+00   2.3822023e+00   2.4116531e+00   2.4462572e+00   2.4830287e+00   2.5132992e+00   2.5401005e+00   2.5545493e+00   2.5552534e+00   2.5518281e+00   2.5353518e+00   2.5121877e+00   2.5012251e+00   2.5109335e+00   2.5216151e+00   2.5313141e+00   2.5485107e+00   2.5571358e+00   2.5566069e+00   2.5413316e+00   2.5396019e+00   2.5730766e+00   2.6474517e+00   2.7142595e+00   2.7805776e+00   2.8529563e+00   2.8982553e+00   2.9306082e+00   3.0044304e+00   3.2391881e+00   3.7999628e+00   5.0186986e+00   4.8702108e+00   2.0786192e+00   6.1132346e-01   5.6141534e-01   9.7184664e-01   7.3238846e-01   5.3410017e-01   1.2488469e+00   2.5758359e+00   2.8087305e+00   2.7845099e+00   2.7053489e+00   2.5349749e+00   2.3101602e+00   2.0690799e+00   1.9714744e+00   1.9519048e+00   1.9705492e+00   1.9821482e+00   1.9811832e+00   1.9719349e+00   1.9720613e+00   1.9982037e+00   2.1019218e+00   2.2841321e+00   2.5750127e+00   3.0568925e+00   3.2994001e+00   1.9380947e+00   1.2490765e+00   2.7301410e+00   3.1351607e+00   3.1133933e+00   3.2663786e+00   2.5244513e+00   2.0297979e+00   2.0712103e+00   2.1950962e+00
   4.1334534e+00   4.1967450e+00   4.2154593e+00   4.2041823e+00   4.2072477e+00   4.2119509e+00   4.2164926e+00   4.2203202e+00   4.2169004e+00   4.1988176e+00   4.1799153e+00   4.1537795e+00   4.1111931e+00   4.0828017e+00   4.0769726e+00   4.0887837e+00   4.1038177e+00   4.1175377e+00   4.1235571e+00   4.1145771e+00   4.0948710e+00   4.0657043e+00   4.0670480e+00   4.1034005e+00   4.1718006e+00   4.2360466e+00   4.2928603e+00   4.3542075e+00   4.4046681e+00   4.4471855e+00   4.5025028e+00   4.6395193e+00   5.0392932e+00   5.8625899e+00   4.5236968e+00   8.8867883e-01   5.8118895e-01   9.6582015e-01   9.6383383e-01   7.4081423e-01   7.7311648e-01   2.0792427e+00   3.3960955e+00   3.5963399e+00   3.6461371e+00   3.5463695e+00   3.3322917e+00   3.0889027e+00   2.8699564e+00   2.8126248e+00   2.8577577e+00   2.9829425e+00   3.1052250e+00   3.2302991e+00   3.3734314e+00   3.4852208e+00   3.6013136e+00   3.7771275e+00   3.9833405e+00   4.2679103e+00   4.5717007e+00   4.4400543e+00   3.9333703e+00   4.4906383e+00   5.1229937e+00   3.7925162e+00   3.5438999e+00   4.2381300e+00   4.0395142e+00   3.8019488e+00   3.9150915e+00   4.0615561e+00
   5.5055131e+00   5.5679580e+00   5.5715673e+00   5.5355935e+00   5.5145668e+00   5.4933619e+00   5.4704142e+00   5.4516238e+00   5.4250315e+00   5.3882898e+00   5.3567115e+00   5.3219270e+00   5.2862904e+00   5.2742876e+00   5.2840560e+00   5.3119790e+00   5.3350436e+00   5.3481024e+00   5.3444229e+00   5.3268912e+00   5.3019116e+00   5.2761733e+00   5.2811204e+00   5.3086918e+00   5.3539209e+00   5.4070168e+00   5.4533024e+00   5.4920448e+00   5.5536078e+00   5.5988903e+00   5.6772634e+00   5.7236129e+00   5.8719801e+00   5.9043253e+00   4.3445373e+00   1.3299967e+00   3.8851745e-01   7.8127002e-01   1.2806897e+00   1.3164640e+00   1.1583424e+00   2.7183356e+00   3.8702902e+00   4.0640325e+00   4.0764764e+00   3.9125535e+00   3.6806464e+00   3.4652734e+00   3.3460641e+00   3.4028558e+00   3.5712385e+00   3.8381756e+00   4.0671715e+00   4.2872862e+00   4.5278568e+00   4.7032264e+00   4.8609621e+00   5.0322994e+00   5.1605057e+00   5.3253890e+00   5.5386867e+00   5.2949428e+00   4.9119320e+00   5.5026215e+00   5.3891860e+00   3.9213606e+00   3.7294876e+00   4.0429658e+00   4.6682894e+00   5.0996948e+00   5.2692688e+00   5.4293268e+00
   6.2111585e+00   6.2614895e+00   6.2558299e+00   6.2065988e+00   6.1716588e+00   6.1352281e+00   6.0949546e+00   6.0628354e+00   6.0260951e+00   5.9859770e+00   5.9555774e+00   5.9282511e+00   5.9105875e+00   5.9144777e+00   5.9370369e+00   5.9767350e+00   6.0035868e+00   6.0152700e+00   6.0077947e+00   5.9879109e+00   5.9620753e+00   5.9387627e+00   5.9430959e+00   5.9628442e+00   5.9878631e+00   6.0238417e+00   6.0551495e+00   6.0807588e+00   6.1651646e+00   6.2139126e+00   6.3092529e+00   6.3140786e+00   6.2857655e+00   5.8675227e+00   4.1802847e+00   1.5553219e+00   6.1542221e-01   1.0362592e+00   1.6488450e+00   1.7876095e+00   1.5171189e+00   3.1266158e+00   4.0187671e+00   4.1725336e+00   4.1508438e+00   3.9708265e+00   3.7670117e+00   3.6140045e+00   3.5961912e+00   3.7377419e+00   3.9828682e+00   4.3293855e+00   4.6119321e+00   4.8766877e+00   5.1635206e+00   5.3694624e+00   5.5491392e+00   5.7218849e+00   5.8241210e+00   5.9856064e+00   6.1100708e+00   5.6531511e+00   5.5247821e+00   6.0346701e+00   5.5249887e+00   4.0038382e+00   3.9118965e+00   4.0795271e+00   4.9900362e+00   5.8104031e+00   5.9861764e+00   6.1334829e+00
   6.8945562e+00   6.9188002e+00   6.9023193e+00   6.8395660e+00   6.7892791e+00   6.7357654e+00   6.6747935e+00   6.6276805e+00   6.5832872e+00   6.5475450e+00   6.5277491e+00   6.5222815e+00   6.5397236e+00   6.5681810e+00   6.6089899e+00   6.6643804e+00   6.6944784e+00   6.7035565e+00   6.6938706e+00   6.6742241e+00   6.6498409e+00   6.6296920e+00   6.6303978e+00   6.6385047e+00   6.6337562e+00   6.6391652e+00   6.6442117e+00   6.6552490e+00   6.7828376e+00   6.8374539e+00   6.9555070e+00   6.9263946e+00   6.6687275e+00   5.7602572e+00   3.9325692e+00   1.7715235e+00   1.2358940e+00   1.7133178e+00   2.2576270e+00   2.4591267e+00   2.0620664e+00   3.6198664e+00   4.0452951e+00   4.1153176e+00   4.0422266e+00   3.8673967e+00   3.7365916e+00   3.7029341e+00   3.8449063e+00   4.1005845e+00   4.4364531e+00   4.8682497e+00   5.2010218e+00   5.5038011e+00   5.8307054e+00   6.0636411e+00   6.2652119e+00   6.4438829e+00   6.5383591e+00   6.7680410e+00   6.7544848e+00   5.8999358e+00   6.2530078e+00   6.5641904e+00   5.6551587e+00   4.1036455e+00   4.1954501e+00   4.2832576e+00   5.2996352e+00   6.5519076e+00   6.7056304e+00   6.8163193e+00
   7.0668762e+00   7.0599989e+00   7.0300051e+00   6.9570593e+00   6.9004351e+00   6.8410732e+00   6.7758501e+00   6.7344798e+00   6.7133119e+00   6.7195126e+00   6.7436886e+00   6.7833926e+00   6.8440519e+00   6.8984680e+00   6.9506385e+00   7.0034862e+00   7.0254854e+00   7.0274295e+00   7.0186911e+00   7.0037537e+00   6.9799720e+00   6.9557791e+00   6.9486318e+00   6.9411134e+00   6.9025770e+00   6.8912682e+00   6.9045115e+00   6.9592277e+00   6.4895062e+00   6.0266384e+00   7.3014568e+00   7.1284070e+00   6.7115995e+00   5.5765677e+00   3.8855979e+00   2.2759717e+00   1.8739727e+00   2.1635892e+00   2.6129368e+00   3.0449971e+00   3.0469642e+00   3.5662596e+00   3.5770486e+00   3.5872685e+00   3.5408619e+00   3.5036962e+00   3.5536636e+00   3.7089144e+00   4.0270029e+00   4.3699914e+00   4.7434305e+00   5.1913787e+00   5.5371279e+00   5.8508056e+00   6.1923731e+00   6.4474502e+00   6.6762994e+00   6.8913436e+00   7.0107711e+00   7.1887970e+00   6.4444825e+00   4.8841983e+00   6.0347825e+00   6.4673491e+00   5.0429678e+00   3.5411699e+00   4.0270104e+00   4.6170229e+00   5.8886811e+00   6.7658043e+00   6.9244118e+00   7.0246374e+00
   6.9266724e+00   6.9029219e+00   6.8711005e+00   6.8050656e+00   6.7567729e+00   6.7074951e+00   6.6575620e+00   6.6338457e+00   6.6364345e+00   6.6724979e+00   6.7203489e+00   6.7798089e+00   6.8566644e+00   6.9189002e+00   6.9717203e+00   7.0174021e+00   7.0312706e+00   7.0266170e+00   7.0131101e+00   6.9940670e+00   6.9654446e+00   6.9343347e+00   6.9206607e+00   6.9020799e+00   6.8530173e+00   6.8176521e+00   6.7867699e+00   6.8010132e+00   6.0050224e+00   5.0212871e+00   6.7046994e+00   6.9675119e+00   6.4839233e+00   5.2994178e+00   3.7336178e+00   2.3744638e+00   2.0169249e+00   2.2541207e+00   2.6521261e+00   3.1130726e+00   3.2043039e+00   3.3587679e+00   3.2722396e+00   3.2900027e+00   3.2955931e+00   3.3619263e+00   3.5109191e+00   3.7500376e+00   4.1293067e+00   4.4908431e+00   4.8589337e+00   5.2865551e+00   5.6179897e+00   5.9209394e+00   6.2556830e+00   6.5117645e+00   6.7465352e+00   6.9795135e+00   7.0955394e+00   7.1962344e+00   6.1533395e+00   4.3057467e+00   5.4534851e+00   6.2026717e+00   4.5531912e+00   3.1320701e+00   3.7872104e+00   4.7575309e+00   6.2975091e+00   6.7595073e+00   6.8186090e+00   6.9103173e+00
   6.5469126e+00   6.5010404e+00   6.4714347e+00   6.4248908e+00   6.3973906e+00   6.3724505e+00   6.3573203e+00   6.3689442e+00   6.4120430e+00   6.4932313e+00   6.5719832e+00   6.6533732e+00   6.7453948e+00   6.8126375e+00   6.8616873e+00   6.8931208e+00   6.8931930e+00   6.8775999e+00   6.8534111e+00   6.8234005e+00   6.7840982e+00   6.7399572e+00   6.7158233e+00   6.6805664e+00   6.6242392e+00   6.5447606e+00   6.4152922e+00   6.3226675e+00   5.0968866e+00   3.2287258e+00   5.2645117e+00   6.5297695e+00   5.9749818e+00   4.7871417e+00   3.4282571e+00   2.3568159e+00   2.0340912e+00   2.2439946e+00   2.5748080e+00   2.9930125e+00   3.0946949e+00   2.9370889e+00   2.8298965e+00   2.8910686e+00   2.9963057e+00   3.2225375e+00   3.5022095e+00   3.8357229e+00   4.2664319e+00   4.6281401e+00   4.9676488e+00   5.3442282e+00   5.6389891e+00   5.9139206e+00   6.2273272e+00   6.4754994e+00   6.7105960e+00   6.9655888e+00   7.0629564e+00   7.0208981e+00   5.6684184e+00   3.5240939e+00   4.3030724e+00   5.6777170e+00   3.7786678e+00   2.5083753e+00   3.3482929e+00   4.9078191e+00   6.9085375e+00   6.6487079e+00   6.4916760e+00   6.5698320e+00
   5.6017808e+00   5.5508151e+00   5.5447507e+00   5.5578287e+00   5.5873463e+00   5.6203174e+00   5.6773054e+00   5.7448635e+00   5.8293557e+00   5.9346805e+00   6.0160961e+00   6.0918691e+00   6.1694454e+00   6.2159772e+00   6.2425593e+00   6.2472375e+00   6.2362308e+00   6.2186978e+00   6.1921668e+00   6.1687882e+00   6.1477047e+00   6.1235021e+00   6.0962387e+00   6.0640036e+00   6.0497396e+00   5.9467814e+00   5.6830054e+00   5.0280643e+00   4.1058788e+00   2.6824657e+00   3.9146933e+00   5.1773523e+00   4.5940565e+00   3.5463767e+00   2.5852325e+00   1.9750304e+00   1.9223232e+00   2.1506009e+00   2.4132404e+00   2.6701322e+00   2.7333208e+00   2.6874582e+00   2.7721016e+00   2.9367580e+00   3.1454552e+00   3.4667028e+00   3.7925223e+00   4.1424644e+00   4.5384049e+00   4.8311694e+00   5.0815038e+00   5.3352700e+00   5.5333640e+00   5.7274479e+00   5.9603340e+00   6.1660175e+00   6.3951496e+00   6.5915941e+00   6.2916367e+00   5.9448302e+00   4.6583880e+00   2.9830662e+00   3.4950716e+00   4.7494104e+00   2.8811549e+00   1.8974250e+00   2.5774889e+00   3.5559529e+00   4.2367945e+00   4.9895447e+00   5.8320436e+00   5.6077478e+00
   4.9644172e+00   4.9266879e+00   4.9348182e+00   4.9865552e+00   5.0536849e+00   5.1225477e+00   5.2174619e+00   5.3101277e+00   5.4089424e+00   5.5154365e+00   5.5891652e+00   5.6529182e+00   5.7108526e+00   5.7372743e+00   5.7455697e+00   5.7340309e+00   5.7196156e+00   5.7081981e+00   5.6988092e+00   5.7002934e+00   5.7123565e+00   5.7292559e+00   5.7353747e+00   5.7638460e+00   5.8653959e+00   5.5583674e+00   5.0419629e+00   4.5541551e+00   3.8735911e+00   2.9307523e+00   3.5479053e+00   4.3796400e+00   3.8157129e+00   2.9476216e+00   2.2696699e+00   1.9228553e+00   1.9949800e+00   2.2173309e+00   2.4402553e+00   2.6442266e+00   2.7227223e+00   2.7568130e+00   2.9284433e+00   3.1344008e+00   3.3759784e+00   3.7144159e+00   4.0349442e+00   4.3727323e+00   4.7363655e+00   4.9821669e+00   5.1772993e+00   5.3557722e+00   5.4902905e+00   5.6253265e+00   5.8010432e+00   5.9867779e+00   6.2211061e+00   6.3909318e+00   5.7335578e+00   5.1192269e+00   4.2154281e+00   2.6475735e+00   3.0413559e+00   4.1935931e+00   2.3766460e+00   1.5754383e+00   2.1547594e+00   2.8377413e+00   3.0750686e+00   3.9739254e+00   5.1958983e+00   5.0076091e+00
   3.8060206e+00   3.8117084e+00   3.8436855e+00   3.9638868e+00   4.0984022e+00   4.2288258e+00   4.3802353e+00   4.5038874e+00   4.6129494e+00   4.7040241e+00   4.7527697e+00   4.7851166e+00   4.7958550e+00   4.7785930e+00   4.7500115e+00   4.7111192e+00   4.6952265e+00   4.7035450e+00   4.7470522e+00   4.8174029e+00   4.9139342e+00   5.0376528e+00   5.1456600e+00   5.3525946e+00   5.7661863e+00   4.8696682e+00   3.7059230e+00   4.1563310e+00   3.9577466e+00   4.0981306e+00   3.5124105e+00   3.0625588e+00   2.5786523e+00   2.1357490e+00   1.9898795e+00   2.0664248e+00   2.2989360e+00   2.4892430e+00   2.6472543e+00   2.8199164e+00   2.9741538e+00   3.1588968e+00   3.4394089e+00   3.6873512e+00   3.9458493e+00   4.2610819e+00   4.5297094e+00   4.8184281e+00   5.1130536e+00   5.2729547e+00   5.3734884e+00   5.4238587e+00   5.4447027e+00   5.4671629e+00   5.5356432e+00   5.6952294e+00   5.9497065e+00   6.0860922e+00   4.6752147e+00   3.5026485e+00   3.6869381e+00   2.0719140e+00   2.3226121e+00   3.2649274e+00   1.5767005e+00   1.0947681e+00   1.4991860e+00   1.7570429e+00   1.7068777e+00   2.2479724e+00   3.8175482e+00   3.9733729e+00
   2.7673039e+00   2.8195404e+00   2.8634499e+00   3.0256131e+00   3.2051221e+00   3.3719774e+00   3.5433352e+00   3.6650479e+00   3.7593263e+00   3.8159034e+00   3.8271946e+00   3.8174744e+00   3.7756719e+00   3.7204258e+00   3.6624492e+00   3.6113039e+00   3.6057804e+00   3.6450220e+00   3.7588558e+00   3.9096867e+00   4.0966282e+00   4.3401473e+00   4.5748987e+00   4.9229812e+00   5.1061587e+00   3.7674299e+00   3.2782347e+00   4.0801389e+00   3.5958253e+00   3.6774789e+00   3.1555966e+00   2.8403505e+00   2.7109831e+00   2.6751640e+00   2.7578874e+00   2.9153814e+00   3.1226718e+00   3.2712755e+00   3.4078117e+00   3.5992679e+00   3.7899463e+00   4.0053435e+00   4.2860741e+00   4.5156886e+00   4.7473633e+00   5.0143814e+00   5.2077029e+00   5.4137401e+00   5.6296162e+00   5.7127525e+00   5.7286724e+00   5.6483939e+00   5.5301858e+00   5.3880632e+00   5.2467019e+00   5.2468117e+00   5.3454953e+00   5.3383796e+00   3.7414320e+00   2.2403028e+00   2.3887246e+00   1.3236494e+00   1.6099836e+00   2.4985195e+00   1.3053665e+00   8.2963087e-01   1.0983459e+00   1.3121065e+00   1.4390429e+00   1.6120903e+00   2.4179245e+00   2.9615521e+00
   2.1758891e+00   2.2580080e+00   2.3094195e+00   2.4908805e+00   2.6931396e+00   2.8772201e+00   3.0577464e+00   3.1777359e+00   3.2632762e+00   3.3000787e+00   3.2896769e+00   3.2551906e+00   3.1827445e+00   3.1064129e+00   3.0330643e+00   2.9774899e+00   2.9805412e+00   3.0390003e+00   3.1909602e+00   3.3809766e+00   3.6073671e+00   3.8964901e+00   4.1720601e+00   4.5449062e+00   4.5299521e+00   3.0944896e+00   3.1569935e+00   4.0949441e+00   3.4859544e+00   3.5424093e+00   3.1183812e+00   2.9054270e+00   2.9492267e+00   3.0987464e+00   3.2787832e+00   3.4666898e+00   3.6576479e+00   3.7845703e+00   3.9099323e+00   4.1080553e+00   4.3127686e+00   4.5399559e+00   4.8191171e+00   5.0389571e+00   5.2558072e+00   5.4961475e+00   5.6471860e+00   5.7999839e+00   5.9689919e+00   6.0054279e+00   5.9705409e+00   5.8143187e+00   5.6146536e+00   5.3729053e+00   5.0930163e+00   4.9648241e+00   4.9238370e+00   4.7949420e+00   3.1423854e+00   1.5853350e+00   1.7490358e+00   9.7216366e-01   1.3214620e+00   2.0864431e+00   1.1167362e+00   6.5512114e-01   8.7744910e-01   1.0750813e+00   1.2775602e+00   1.3129537e+00   1.7141796e+00   2.4096185e+00
   1.2733901e+00   1.4171286e+00   1.4833447e+00   1.6724740e+00   1.8958527e+00   2.0895391e+00   2.2736769e+00   2.3881019e+00   2.4587872e+00   2.4647848e+00   2.4195370e+00   2.3433968e+00   2.2207350e+00   2.1147941e+00   2.0244581e+00   1.9742020e+00   2.0030020e+00   2.0984236e+00   2.2994807e+00   2.5178252e+00   2.7473899e+00   2.9989222e+00   3.1881687e+00   3.3351908e+00   2.7005170e+00   1.8525347e+00   3.5516814e+00   4.3934050e+00   3.7743675e+00   3.8314381e+00   3.8483451e+00   3.9131037e+00   4.0851020e+00   4.2972585e+00   4.4700948e+00   4.6300843e+00   4.7867678e+00   4.8903874e+00   5.0036904e+00   5.1928617e+00   5.3871625e+00   5.6054902e+00   5.8742261e+00   6.0822830e+00   6.2786345e+00   6.4819349e+00   6.5712656e+00   6.6136011e+00   6.7014617e+00   6.6524447e+00   6.5275562e+00   6.2480657e+00   5.9132641e+00   5.4914342e+00   4.9098332e+00   4.4080583e+00   3.9122964e+00   3.4075727e+00   1.9087941e+00   8.8821479e-01   1.2444939e+00   7.8926350e-01   1.4369659e+00   1.5727928e+00   6.6702187e-01   2.7717419e-01   5.7511136e-01   7.9070064e-01   9.8853675e-01   1.1547613e+00   1.0819426e+00   1.6819470e+00
   1.0643108e+00   1.2185006e+00   1.3038657e+00   1.4517872e+00   1.6654532e+00   1.8464865e+00   2.0212739e+00   2.1302340e+00   2.1968103e+00   2.2008436e+00   2.1545781e+00   2.0758015e+00   1.9500493e+00   1.8410962e+00   1.7479986e+00   1.6945995e+00   1.7235719e+00   1.8190609e+00   2.0109046e+00   2.2068580e+00   2.3936354e+00   2.5546831e+00   2.6021583e+00   2.4900659e+00   1.8746270e+00   1.6764631e+00   3.6377091e+00   4.5250991e+00   4.0964003e+00   4.1643283e+00   4.2745444e+00   4.3523969e+00   4.4996747e+00   4.6918002e+00   4.8606482e+00   5.0252024e+00   5.1770973e+00   5.2629690e+00   5.3643790e+00   5.5291164e+00   5.6974963e+00   5.8903281e+00   6.1364916e+00   6.3096034e+00   6.4394679e+00   6.6440089e+00   6.8025832e+00   6.7713499e+00   6.7469923e+00   6.6718480e+00   6.5158487e+00   6.2009357e+00   5.8361140e+00   5.3713972e+00   4.7020252e+00   4.0590183e+00   3.3448079e+00   2.5114346e+00   1.3992593e+00   7.4343542e-01   1.5130634e+00   8.2038514e-01   1.0647696e+00   1.3310700e+00   6.0150468e-01   2.2659237e-01   3.9225401e-01   6.0966743e-01   7.8203536e-01   9.6657265e-01   1.0359840e+00   1.5285554e+00
   9.0677591e-01   1.0688405e+00   1.1686338e+00   1.2855064e+00   1.4918543e+00   1.6633538e+00   1.8310960e+00   1.9359385e+00   1.9994188e+00   2.0019720e+00   1.9549397e+00   1.8741766e+00   1.7460960e+00   1.6348732e+00   1.5396949e+00   1.4839276e+00   1.5130299e+00   1.6085697e+00   1.7934713e+00   1.9725537e+00   2.1270921e+00   2.2199625e+00   2.1606175e+00   1.8532901e+00   1.2523442e+00   1.5437986e+00   3.7025283e+00   4.6243266e+00   4.3390421e+00   4.4151509e+00   4.5956726e+00   4.6833908e+00   4.8120427e+00   4.9890753e+00   5.1549182e+00   5.3229119e+00   5.4711987e+00   5.5436979e+00   5.6361468e+00   5.7824740e+00   5.9313234e+00   6.1049447e+00   6.3341006e+00   6.4808825e+00   6.5606509e+00   6.7661266e+00   6.9768739e+00   6.8902087e+00   6.7812982e+00   6.6864678e+00   6.5070275e+00   6.1654247e+00   5.7779838e+00   5.2809529e+00   4.5454482e+00   3.7960273e+00   2.9172226e+00   1.8362220e+00   1.0153404e+00   6.3434860e-01   1.7154224e+00   8.4383435e-01   7.8433114e-01   1.1489393e+00   5.5213948e-01   1.8848052e-01   2.5447660e-01   4.7326443e-01   6.2644288e-01   8.2477828e-01   1.0013557e+00   1.4129795e+00
   9.5140651e-01   1.0882103e+00   1.2919793e+00   1.3616530e+00   1.5867950e+00   1.7360395e+00   1.8809440e+00   1.9687259e+00   2.0183469e+00   2.0215668e+00   1.9883031e+00   1.9273926e+00   1.8267476e+00   1.7301142e+00   1.6383830e+00   1.5678821e+00   1.5741157e+00   1.6381590e+00   1.7744295e+00   1.9045205e+00   1.9956233e+00   1.9722699e+00   1.7429909e+00   1.1373857e+00   5.7361246e-01   1.4390588e+00   3.6071025e+00   4.7526705e+00   4.4620890e+00   4.5451130e+00   4.6915793e+00   4.7445775e+00   4.8548845e+00   5.0487065e+00   5.2358107e+00   5.4305888e+00   5.6233958e+00   5.6183079e+00   5.6435062e+00   5.8123499e+00   5.9818117e+00   6.1651648e+00   6.3961317e+00   6.5348268e+00   6.5144272e+00   6.3696183e+00   6.5148094e+00   6.8667780e+00   6.8446726e+00   6.7331296e+00   6.5166964e+00   6.1241674e+00   5.7079277e+00   5.1905200e+00   4.3947691e+00   3.4919967e+00   2.3062530e+00   8.7465252e-01   8.2986781e-01   6.7939886e-01   2.0758840e+00   1.4238311e+00   4.6171771e-01   1.1838570e+00   6.9470244e-01   3.0690392e-01   1.9820442e-01   3.0608703e-01   4.2590903e-01   5.4327702e-01   7.2679691e-01   9.4557941e-01
   9.6106310e-01   9.9453854e-01   1.1807391e+00   1.3073045e+00   1.5330615e+00   1.6850950e+00   1.8355523e+00   1.9328566e+00   1.9935334e+00   2.0143630e+00   1.9999103e+00   1.9588968e+00   1.8789792e+00   1.7938917e+00   1.7070101e+00   1.6283768e+00   1.6132554e+00   1.6478008e+00   1.7467047e+00   1.8510583e+00   1.9246032e+00   1.8997222e+00   1.7152589e+00   1.2910313e+00   8.9410042e-01   1.6753609e+00   3.9119250e+00   4.6773984e+00   4.2680429e+00   4.3862451e+00   4.4902116e+00   4.5010270e+00   4.5893986e+00   4.8319781e+00   5.0319684e+00   5.2719879e+00   5.4781832e+00   5.4487154e+00   5.3869388e+00   5.5421801e+00   5.7499858e+00   5.9697866e+00   6.2530241e+00   6.4444894e+00   6.4285309e+00   6.1839306e+00   6.3379612e+00   6.7406748e+00   6.7496971e+00   6.6458288e+00   6.4299124e+00   6.0244632e+00   5.5814233e+00   5.0200958e+00   4.1480306e+00   3.1892245e+00   2.0295095e+00   9.1213639e-01   8.5831309e-01   7.2153969e-01   2.0645135e+00   1.7867931e+00   1.0180515e+00   1.3332349e+00   7.4759523e-01   3.3324894e-01   2.0437460e-01   2.6328237e-01   3.7295053e-01   4.6636621e-01   6.0871619e-01   8.2758542e-01
   9.7387926e-01   8.7021800e-01   1.0331019e+00   1.2351735e+00   1.4617467e+00   1.6174818e+00   1.7753086e+00   1.8852510e+00   1.9606011e+00   2.0048021e+00   2.0153153e+00   2.0007089e+00   1.9483005e+00   1.8785368e+00   1.7980915e+00   1.7086650e+00   1.6652014e+00   1.6605974e+00   1.7099085e+00   1.7801036e+00   1.8303456e+00   1.8034372e+00   1.6784531e+00   1.4949488e+00   1.3194501e+00   1.9889797e+00   4.3164835e+00   4.5774978e+00   4.0105061e+00   4.1753966e+00   4.2229575e+00   4.1777883e+00   4.2370473e+00   4.5443375e+00   4.7614301e+00   5.0614938e+00   5.2854579e+00   5.2236331e+00   5.0464242e+00   5.1836123e+00   5.4423078e+00   5.7104819e+00   6.0630926e+00   6.3245943e+00   6.3145299e+00   5.9374871e+00   6.1032494e+00   6.5733115e+00   6.6236461e+00   6.5299637e+00   6.3147333e+00   5.8921365e+00   5.4135274e+00   4.7939098e+00   3.8205608e+00   2.7873870e+00   1.6622174e+00   9.6188475e-01   8.9606549e-01   7.7746874e-01   2.0494226e+00   2.2685141e+00   1.7564142e+00   1.5314883e+00   8.1779421e-01   3.6821389e-01   2.1256362e-01   2.0647228e-01   3.0266432e-01   3.6429065e-01   4.5200019e-01   6.7098451e-01
   9.2175603e-01   7.9475880e-01   5.9849599e-01   1.4195088e+00   1.5346453e+00   1.6047478e+00   1.7381427e+00   1.8808180e+00   1.9923560e+00   2.0809035e+00   2.1332792e+00   2.1617040e+00   2.1570697e+00   2.1239210e+00   2.0717007e+00   1.9860990e+00   1.9115016e+00   1.8555136e+00   1.8397273e+00   1.8695101e+00   1.9157952e+00   1.9924778e+00   2.1238024e+00   2.4159844e+00   2.7139144e+00   2.9627816e+00   4.0975924e+00   3.6104188e+00   3.2003954e+00   3.4379658e+00   3.4457372e+00   3.3140406e+00   3.2231086e+00   3.4943315e+00   3.6440312e+00   3.7329539e+00   3.3449441e+00   3.9524873e+00   4.0358263e+00   3.8596491e+00   4.0432427e+00   4.2550988e+00   4.4865639e+00   4.2705336e+00   4.1352744e+00   5.0483629e+00   5.2909646e+00   5.4508364e+00   5.4422751e+00   5.4017429e+00   5.2469975e+00   4.9014077e+00   4.4955384e+00   3.9749500e+00   3.2155631e+00   2.5753608e+00   2.1034126e+00   1.8025792e+00   1.2404788e+00   9.7984789e-01   2.2508038e+00   3.0684643e+00   2.7554076e+00   1.9673845e+00   9.7085828e-01   4.5736501e-01   2.7614119e-01   2.0176833e-01   2.4802992e-01   2.9738882e-01   3.8142822e-01   5.3770197e-01
   9.9030029e-01   9.7245430e-01   6.8669746e-01   1.6403102e+00   1.7028064e+00   1.7009563e+00   1.7779489e+00   1.9269462e+00   2.0559250e+00   2.1722924e+00   2.2513418e+00   2.3076891e+00   2.3367487e+00   2.3326130e+00   2.3082273e+00   2.2472953e+00   2.1812124e+00   2.1248570e+00   2.0999981e+00   2.1174547e+00   2.1519193e+00   2.2193613e+00   2.3574847e+00   2.6705373e+00   3.0372375e+00   3.2339979e+00   3.7801215e+00   3.1471519e+00   2.7857639e+00   2.8856338e+00   2.6905844e+00   2.6157204e+00   2.7053032e+00   2.9223443e+00   2.9660765e+00   2.8807791e+00   2.4875904e+00   3.1275855e+00   3.3364548e+00   3.2723114e+00   3.3541030e+00   3.5307026e+00   3.7072033e+00   3.4608954e+00   3.4498541e+00   4.5530393e+00   4.7658182e+00   4.8813520e+00   4.9059348e+00   4.8962235e+00   4.7782456e+00   4.4924997e+00   4.1579414e+00   3.7396206e+00   3.1574128e+00   2.7110355e+00   2.4280225e+00   2.1655028e+00   1.3942211e+00   1.0840243e+00   2.2071365e+00   3.2993285e+00   3.2139655e+00   2.2538621e+00   1.0191508e+00   4.8676800e-01   3.2769467e-01   2.2472877e-01   2.3800383e-01   2.7810033e-01   3.5496997e-01   4.8703647e-01
   1.1687436e+00   1.4129511e+00   1.0524674e+00   2.0846426e+00   2.0662091e+00   1.9290341e+00   1.8841323e+00   2.0356810e+00   2.1917451e+00   2.3562719e+00   2.4817399e+00   2.5869722e+00   2.6765586e+00   2.7262165e+00   2.7559966e+00   2.7509214e+00   2.7161395e+00   2.6779662e+00   2.6561593e+00   2.6599697e+00   2.6684572e+00   2.6760711e+00   2.7350295e+00   2.9203188e+00   3.2712975e+00   3.5029186e+00   3.1241595e+00   2.4298702e+00   2.1232472e+00   1.8765033e+00   1.2253192e+00   1.3144533e+00   1.8787628e+00   1.9833745e+00   1.8060552e+00   1.3945003e+00   1.2159924e+00   1.6833629e+00   2.0871474e+00   2.3991906e+00   2.2724567e+00   2.3880672e+00   2.4818388e+00   2.3421383e+00   2.6658630e+00   3.7324557e+00   3.8475321e+00   3.9750391e+00   4.0983879e+00   4.1405420e+00   4.0855180e+00   3.9101804e+00   3.7142333e+00   3.4966549e+00   3.2465295e+00   3.1045668e+00   3.0182067e+00   2.6966432e+00   1.6235665e+00   1.2509124e+00   2.0311560e+00   3.5389696e+00   3.9084919e+00   2.7574800e+00   1.0745659e+00   5.2200500e-01   4.2383055e-01   2.7977695e-01   2.3496619e-01   2.5810325e-01   3.1968695e-01   4.1878420e-01
   9.3060965e-01   1.8305329e+00   2.0075981e+00   2.2288008e+00   2.2770531e+00   2.2354212e+00   2.0568267e+00   2.1745257e+00   2.3374911e+00   2.5636921e+00   2.7531744e+00   2.9213481e+00   3.0846843e+00   3.1997189e+00   3.2974718e+00   3.3756576e+00   3.4035438e+00   3.4103090e+00   3.4131924e+00   3.4196543e+00   3.4208785e+00   3.3834029e+00   3.3311304e+00   3.2841381e+00   3.1718388e+00   2.9921439e+00   2.5230703e+00   2.0254249e+00   1.6495720e+00   1.0682518e+00   7.0691037e-01   1.0255947e+00   1.5598266e+00   1.2905404e+00   8.3336845e-01   6.0750236e-01   6.4579366e-01   9.2196784e-01   1.2650476e+00   1.7134782e+00   1.7665748e+00   1.8097843e+00   2.0087823e+00   2.1977666e+00   2.6851965e+00   3.0015144e+00   3.1093210e+00   3.2813679e+00   3.4821565e+00   3.6102136e+00   3.6843190e+00   3.7179236e+00   3.7215049e+00   3.7070427e+00   3.6667274e+00   3.6137737e+00   3.5230427e+00   3.0865366e+00   1.7729588e+00   1.3741486e+00   2.0272207e+00   4.0281244e+00   4.6223838e+00   3.5079491e+00   1.2983033e+00   4.2303111e-01   5.3379573e-01   3.8519811e-01   2.9957223e-01   2.9532541e-01   3.0497242e-01   4.0584815e-01
   8.4095235e-01   1.9909996e+00   2.3453489e+00   2.2516914e+00   2.2007489e+00   2.3702861e+00   2.1850200e+00   2.2662266e+00   2.4198603e+00   2.6771891e+00   2.9036686e+00   3.1093749e+00   3.3137365e+00   3.4618733e+00   3.5928389e+00   3.7106400e+00   3.7690859e+00   3.7988723e+00   3.8152907e+00   3.8286568e+00   3.8387760e+00   3.7993315e+00   3.7121769e+00   3.5693201e+00   3.2381716e+00   2.8613772e+00   2.3628865e+00   1.9312867e+00   1.4626932e+00   7.5189832e-01   6.0299341e-01   1.0766911e+00   1.5337842e+00   1.0765735e+00   4.5993604e-01   3.0696930e-01   4.2709396e-01   6.2005646e-01   9.1412147e-01   1.3690327e+00   1.5657785e+00   1.6231235e+00   1.8453342e+00   2.1049517e+00   2.5674998e+00   2.6293402e+00   2.7468465e+00   2.9378132e+00   3.1772940e+00   3.3527619e+00   3.4947367e+00   3.6331035e+00   3.7371481e+00   3.8293393e+00   3.9076374e+00   3.9146795e+00   3.8317055e+00   3.3367119e+00   1.8642592e+00   1.4188613e+00   2.2054848e+00   4.3738216e+00   5.0416685e+00   4.0262027e+00   1.6844073e+00   4.8591688e-01   5.5290037e-01   4.3388131e-01   3.4107786e-01   3.3707151e-01   3.1877131e-01   4.2223640e-01
   8.0400574e-01   2.0681393e+00   2.4104072e+00   2.1546797e+00   1.6412789e+00   2.4920335e+00   2.4521066e+00   2.4377316e+00   2.5470585e+00   2.8440336e+00   3.1294965e+00   3.3975929e+00   3.6638282e+00   3.8543937e+00   4.0248930e+00   4.1870591e+00   4.2817215e+00   4.3416895e+00   4.3780628e+00   4.4143048e+00   4.4675324e+00   4.4781753e+00   4.4003744e+00   4.1894875e+00   3.6174820e+00   3.0162068e+00   2.5211489e+00   2.0896647e+00   1.3567176e+00   5.8067379e-01   8.6969946e-01   1.6398976e+00   1.8419871e+00   1.1474141e+00   2.8157439e-01   1.6878131e-01   3.2333587e-01   4.4393263e-01   6.2907712e-01   9.3448113e-01   1.4479909e+00   1.6515542e+00   1.8276914e+00   1.9362670e+00   2.0951320e+00   2.1470724e+00   2.3107559e+00   2.5168128e+00   2.8045810e+00   3.0506921e+00   3.2859306e+00   3.5559740e+00   3.7873643e+00   4.0258650e+00   4.2874169e+00   4.4090051e+00   4.3611176e+00   3.7904306e+00   2.0207726e+00   1.4315702e+00   2.8885690e+00   5.0641244e+00   5.7249009e+00   5.0391737e+00   2.8673243e+00   8.5149685e-01   4.8515027e-01   4.8444083e-01   4.1645439e-01   4.4832997e-01   3.9004724e-01   5.0109042e-01
   9.8765201e-01   2.2384849e+00   2.8262677e+00   2.7543557e+00   2.0443924e+00   2.7734160e+00   2.3346673e+00   2.4308727e+00   2.5669930e+00   2.8593729e+00   3.1746231e+00   3.4792345e+00   3.7830663e+00   3.9955666e+00   4.1829655e+00   4.3545919e+00   4.4516176e+00   4.5139144e+00   4.5573777e+00   4.6161182e+00   4.7069447e+00   4.7514408e+00   4.7186970e+00   4.5561066e+00   4.0169074e+00   3.4303923e+00   2.9574073e+00   2.5373831e+00   1.8572007e+00   9.0213188e-01   1.0661525e+00   2.1550368e+00   2.3614971e+00   1.7373154e+00   6.5664246e-01   3.7774833e-01   3.9364194e-01   3.9808670e-01   5.7627781e-01   8.7573398e-01   1.6655861e+00   1.9675548e+00   2.1150467e+00   2.1478909e+00   2.1760393e+00   2.1625486e+00   2.2564078e+00   2.4196942e+00   2.6869657e+00   2.9314521e+00   3.1747034e+00   3.4726407e+00   3.7524442e+00   4.0682213e+00   4.4533112e+00   4.7026364e+00   4.7982013e+00   4.3561971e+00   2.5454218e+00   1.8202457e+00   3.7185486e+00   5.5460005e+00   6.0379870e+00   5.6031933e+00   3.9968872e+00   2.2897893e+00   1.2059910e+00   8.1423960e-01   7.0257764e-01   7.5509691e-01   6.9005039e-01   7.5418623e-01
   1.1197902e+00   2.2681387e+00   3.0295632e+00   3.1251142e+00   2.4726032e+00   2.8283125e+00   2.0821417e+00   2.3571193e+00   2.5420299e+00   2.8087338e+00   3.1409542e+00   3.4698865e+00   3.8002125e+00   4.0312099e+00   4.2319580e+00   4.4113964e+00   4.5107566e+00   4.5739487e+00   4.6209664e+00   4.6913483e+00   4.7980228e+00   4.8562492e+00   4.8470911e+00   4.7220079e+00   4.2374463e+00   3.6886651e+00   3.2375125e+00   2.8227506e+00   2.2237733e+00   1.1617413e+00   1.2031039e+00   2.4581194e+00   2.7030325e+00   2.1526039e+00   9.8142088e-01   5.3512579e-01   5.1718253e-01   4.1939797e-01   5.6690367e-01   8.5020508e-01   1.8278944e+00   2.2166890e+00   2.3453229e+00   2.3392842e+00   2.3017128e+00   2.2434213e+00   2.2812604e+00   2.4025821e+00   2.6400662e+00   2.8704820e+00   3.1072230e+00   3.4108156e+00   3.7098782e+00   4.0606173e+00   4.5104966e+00   4.8401532e+00   5.0464759e+00   4.7273571e+00   3.0207348e+00   2.3223296e+00   4.1914577e+00   5.7638718e+00   6.1487857e+00   5.8719135e+00   4.6014233e+00   3.1675322e+00   1.8366514e+00   1.2505052e+00   1.0727870e+00   1.0881104e+00   1.0073442e+00   1.0065071e+00
   1.3406258e+00   2.0337129e+00   3.0761282e+00   3.5591467e+00   3.6105253e+00   2.4690367e+00   1.1465540e+00   2.0235223e+00   2.3801734e+00   2.5355955e+00   2.8825377e+00   3.2461480e+00   3.6190492e+00   3.8892560e+00   4.1159492e+00   4.3115154e+00   4.4167155e+00   4.4790189e+00   4.5272484e+00   4.6031888e+00   4.7021015e+00   4.7507905e+00   4.7540499e+00   4.7000758e+00   4.4016760e+00   3.9988272e+00   3.6023497e+00   3.1872635e+00   2.8561576e+00   1.6821465e+00   1.4185303e+00   2.7581134e+00   3.1752062e+00   2.8186555e+00   1.6920258e+00   8.1959949e-01   9.4662602e-01   6.2097355e-01   6.3870059e-01   8.5870797e-01   2.1167044e+00   2.6995727e+00   2.8020481e+00   2.7787306e+00   2.7179263e+00   2.5917254e+00   2.5182756e+00   2.5352623e+00   2.6769973e+00   2.8444644e+00   3.0328054e+00   3.3017911e+00   3.5854356e+00   3.9315196e+00   4.4160200e+00   4.8445418e+00   5.2590132e+00   5.2378604e+00   4.1140626e+00   3.8412504e+00   4.6019466e+00   5.7341666e+00   5.9840752e+00   5.9019574e+00   4.9753659e+00   4.1541557e+00   3.2329508e+00   2.5877387e+00   2.1937789e+00   1.9878536e+00   1.8476451e+00   1.6427944e+00
   1.6290520e+00   2.0779025e+00   3.0148665e+00   3.1933151e+00   3.3556714e+00   2.8872445e+00   1.9407308e+00   2.4735758e+00   2.3163885e+00   2.1354073e+00   2.4264276e+00   2.7640604e+00   3.1487982e+00   3.4457277e+00   3.7073412e+00   3.9453227e+00   4.0767583e+00   4.1537114e+00   4.2091741e+00   4.2847146e+00   4.3764856e+00   4.4178688e+00   4.4240101e+00   4.4241969e+00   4.2677089e+00   3.9881251e+00   3.6562993e+00   3.1965916e+00   2.6269384e+00   1.4287875e+00   1.7484358e+00   3.1254213e+00   3.2953041e+00   3.0574819e+00   2.2974922e+00   1.3145774e+00   1.4113701e+00   8.2202923e-01   7.4986321e-01   1.2389532e+00   2.5052453e+00   2.9888186e+00   3.0435661e+00   3.0154406e+00   2.9645060e+00   2.8394893e+00   2.7294106e+00   2.6752025e+00   2.7096427e+00   2.7915314e+00   2.9077401e+00   3.1090207e+00   3.3372642e+00   3.6199386e+00   4.0451681e+00   4.4745226e+00   4.9593813e+00   5.0036803e+00   4.0013858e+00   3.7553859e+00   4.0828641e+00   5.0726049e+00   5.3921242e+00   5.4520126e+00   4.6759486e+00   4.0093107e+00   3.3582824e+00   2.9712993e+00   2.6854638e+00   2.4402141e+00   2.2574486e+00   2.0208821e+00
   1.7365663e+00   2.0460207e+00   2.8419767e+00   2.8329910e+00   3.0453073e+00   3.0134491e+00   2.4278246e+00   2.5795849e+00   2.1348391e+00   1.7415942e+00   2.0203885e+00   2.3164796e+00   2.6940268e+00   3.0040172e+00   3.2870230e+00   3.5568327e+00   3.7138534e+00   3.8105016e+00   3.8873966e+00   3.9740629e+00   4.0645499e+00   4.0969799e+00   4.1005065e+00   4.1324798e+00   4.0753058e+00   3.8847936e+00   3.5748716e+00   2.8879200e+00   2.2708654e+00   1.3591022e+00   2.1138482e+00   3.2326696e+00   3.2587386e+00   3.0785618e+00   2.5556387e+00   1.6647118e+00   1.6284897e+00   9.1458309e-01   8.1430233e-01   1.5364901e+00   2.7597178e+00   3.0891578e+00   3.1235528e+00   3.0966520e+00   3.0542396e+00   2.9383760e+00   2.8146046e+00   2.7205180e+00   2.6824402e+00   2.7021891e+00   2.7620682e+00   2.9057105e+00   3.0844156e+00   3.3106680e+00   3.6737717e+00   4.0808127e+00   4.6038559e+00   4.8224079e+00   3.9894150e+00   3.6089108e+00   3.8033308e+00   4.5603665e+00   4.8377088e+00   4.9881177e+00   4.2955060e+00   3.7192614e+00   3.2213763e+00   2.9788192e+00   2.7618219e+00   2.5415822e+00   2.3722206e+00   2.1324822e+00
   1.6540868e+00   1.8652887e+00   2.3378562e+00   2.1590570e+00   2.3695054e+00   2.7906526e+00   2.8648910e+00   2.2362083e+00   1.6046062e+00   1.0055864e+00   1.3303370e+00   1.5231062e+00   1.8569333e+00   2.1700574e+00   2.4721932e+00   2.7855552e+00   2.9900192e+00   3.1319616e+00   3.2719205e+00   3.3978968e+00   3.4952175e+00   3.5080789e+00   3.4979575e+00   3.5547590e+00   3.6183570e+00   3.5425065e+00   3.2064624e+00   1.8001148e+00   1.3956145e+00   1.5176190e+00   2.8622991e+00   3.0244894e+00   2.9416514e+00   2.7740638e+00   2.4953101e+00   2.0989375e+00   1.6481342e+00   9.1829973e-01   8.6247648e-01   1.9693547e+00   3.0297534e+00   2.9804381e+00   3.0195778e+00   3.0045396e+00   2.9761418e+00   2.8902239e+00   2.7767923e+00   2.6566909e+00   2.5362359e+00   2.4753346e+00   2.4534924e+00   2.5038607e+00   2.5979869e+00   2.7283993e+00   2.9692878e+00   3.2974422e+00   3.8418879e+00   4.5626716e+00   4.1260343e+00   3.2355343e+00   3.6526681e+00   3.8261156e+00   3.8467249e+00   4.0871875e+00   3.4465777e+00   2.9400673e+00   2.5471920e+00   2.3982395e+00   2.2495152e+00   2.1784224e+00   2.1229752e+00   1.9223785e+00
   1.0530168e+00   1.0082756e+00   1.1831522e+00   1.0561058e+00   1.2784996e+00   1.5890417e+00   1.7423464e+00   1.1419208e+00   8.3727999e-01   6.4174313e-01   6.6723076e-01   7.3749603e-01   9.4087782e-01   1.1977061e+00   1.4548568e+00   1.7461786e+00   1.9673902e+00   2.1510499e+00   2.3577832e+00   2.5192984e+00   2.6276833e+00   2.6652935e+00   2.6810997e+00   2.7667624e+00   2.9477201e+00   2.6609801e+00   2.0010135e+00   1.5236016e+00   1.5868362e+00   2.3147136e+00   2.6956673e+00   2.3553009e+00   2.3351207e+00   2.1867373e+00   1.9496069e+00   1.6369257e+00   1.1606289e+00   7.6854495e-01   7.7184684e-01   1.6277074e+00   2.4989605e+00   2.4708169e+00   2.5248990e+00   2.5298183e+00   2.5171641e+00   2.4653468e+00   2.3814144e+00   2.2749349e+00   2.1345239e+00   2.0300110e+00   1.9580118e+00   1.9385164e+00   1.9557048e+00   1.9958894e+00   2.1069533e+00   2.2857138e+00   2.6097041e+00   3.2971439e+00   3.5880366e+00   3.1591206e+00   3.0257724e+00   2.6474080e+00   2.7867287e+00   3.1237917e+00   2.5891516e+00   2.0077269e+00   1.5685011e+00   1.3599882e+00   1.1764243e+00   1.2280979e+00   1.3199253e+00   1.3419592e+00
   6.6517004e-01   6.3185305e-01   6.8880489e-01   7.0944478e-01   9.6879324e-01   1.1838422e+00   1.3511454e+00   7.7075412e-01   5.5584393e-01   5.7535479e-01   5.6111216e-01   6.2832991e-01   7.1454291e-01   8.1485462e-01   9.1706198e-01   1.0470663e+00   1.1791645e+00   1.3388286e+00   1.5657416e+00   1.7327515e+00   1.8393296e+00   1.9029643e+00   1.9614864e+00   2.0864452e+00   2.3665780e+00   2.2406979e+00   1.7395530e+00   1.6593351e+00   1.9114681e+00   2.2872765e+00   2.1770678e+00   1.8815465e+00   1.8505014e+00   1.6917740e+00   1.4719777e+00   1.2105885e+00   8.4537342e-01   6.5757764e-01   7.1531680e-01   1.3746464e+00   1.9757025e+00   1.9690068e+00   2.0234425e+00   2.0409387e+00   2.0361926e+00   2.0040858e+00   1.9397729e+00   1.8442580e+00   1.7045120e+00   1.5859241e+00   1.4924484e+00   1.4390462e+00   1.4153875e+00   1.4026094e+00   1.4320643e+00   1.5126376e+00   1.6880493e+00   2.1747577e+00   2.5620337e+00   2.4261164e+00   2.1575409e+00   1.9563516e+00   2.3644988e+00   2.7884043e+00   2.2788214e+00   1.7176263e+00   1.2170946e+00   1.0270394e+00   8.3439503e-01   7.8712102e-01   8.8755061e-01   9.6176211e-01
   2.9517316e-01   3.9603731e-01   3.9227199e-01   6.3359912e-01   9.4862140e-01   1.0557291e+00   1.2105395e+00   6.5051784e-01   4.3655660e-01   6.2958720e-01   6.8452613e-01   8.0189883e-01   7.5329687e-01   6.2037892e-01   4.8686018e-01   3.6027027e-01   3.3759312e-01   4.3881825e-01   6.6898857e-01   8.2906567e-01   9.2767420e-01   1.0231558e+00   1.1405712e+00   1.3174512e+00   1.7085657e+00   1.9434624e+00   1.8506501e+00   2.0081635e+00   2.3616663e+00   1.8828420e+00   1.3953241e+00   1.4003043e+00   1.3230801e+00   1.1386108e+00   9.2870167e-01   7.1435103e-01   5.4414698e-01   5.4170782e-01   6.6274971e-01   1.1104644e+00   1.3503225e+00   1.3695241e+00   1.4178124e+00   1.4470967e+00   1.4483233e+00   1.4334187e+00   1.3882306e+00   1.3046942e+00   1.1750376e+00   1.0528429e+00   9.4648092e-01   8.6853372e-01   8.1205034e-01   7.5241808e-01   7.0552906e-01   6.9118503e-01   7.2043841e-01   8.9052641e-01   1.1092802e+00   1.2494953e+00   1.0055025e+00   1.3456363e+00   2.1444487e+00   2.6683126e+00   2.1523876e+00   1.6583653e+00   1.0774272e+00   9.4470022e-01   7.5274930e-01   4.8668908e-01   5.3498130e-01   5.9510043e-01
   1.2176037e+00   1.2334919e+00   1.2036656e+00   1.1975876e+00   1.8135472e+00   2.2683165e+00   1.8905635e+00   1.2110671e+00   1.0381175e+00   1.5607433e+00   1.6796216e+00   1.7274839e+00   1.6460686e+00   1.5114345e+00   1.3778719e+00   1.2523807e+00   1.1498911e+00   1.0224185e+00   8.8021481e-01   8.0104769e-01   7.6341387e-01   7.2271664e-01   6.9240611e-01   6.9215837e-01   7.8817233e-01   8.8643615e-01   9.9526748e-01   9.4827008e-01   6.7878569e-01   6.3642521e-01   8.2526010e-01   1.0069550e+00   1.0978309e+00   7.2342240e-01   4.9874340e-01   5.7803644e-01   6.5085502e-01   4.1942851e-01   5.3498348e-01   5.6670090e-01   3.6446735e-01   3.8955933e-01   2.8922564e-01   2.8668232e-01   2.9760858e-01   3.0353919e-01   2.8004965e-01   2.0685517e-01   7.8451177e-02   7.0697654e-02   2.2028563e-01   4.3094754e-01   5.8173433e-01   7.0858800e-01   8.1382634e-01   8.5788610e-01   8.5064868e-01   8.3755528e-01   8.6208623e-01   8.9450966e-01   1.3478825e+00   2.2081952e+00   3.2103990e+00   3.1776302e+00   2.7889489e+00   2.6859333e+00   2.4359106e+00   2.2625587e+00   1.8764593e+00   1.8790508e+00   1.7207339e+00   1.4337883e+00
   2.0157902e+00   1.9000934e+00   1.6050459e+00   1.3131191e+00   1.6529556e+00   2.0264688e+00   1.8349213e+00   1.5566701e+00   1.5320443e+00   2.4255685e+00   2.3063754e+00   2.1305845e+00   1.9639348e+00   1.9076164e+00   1.8486205e+00   1.8169283e+00   1.8003950e+00   1.7629927e+00   1.7270192e+00   1.7062525e+00   1.6888802e+00   1.6371001e+00   1.5421732e+00   1.4177374e+00   1.2616591e+00   1.0984078e+00   9.9063402e-01   9.7576208e-01   1.0137246e+00   1.0563558e+00   1.1852947e+00   1.3209561e+00   1.0895046e+00   6.8823537e-01   4.8908495e-01   3.5763300e-01   3.5636005e-01   2.3864382e-01   3.7705779e-01   6.3208355e-01   6.3232099e-01   6.6784506e-01   6.6767803e-01   6.8151440e-01   7.0255052e-01   7.2508104e-01   7.3497989e-01   7.4332208e-01   7.6720688e-01   8.3486788e-01   9.6704320e-01   1.1538591e+00   1.3123004e+00   1.4638881e+00   1.6169017e+00   1.7128499e+00   1.7666826e+00   1.8116256e+00   1.8710356e+00   1.9060781e+00   2.2575308e+00   3.0921150e+00   3.3363615e+00   2.8125376e+00   2.9297534e+00   3.0966445e+00   2.9303449e+00   2.6960348e+00   2.5529574e+00   2.6369820e+00   2.4352465e+00   2.2063450e+00
   2.5154976e+00   2.3353200e+00   1.8970061e+00   1.2422100e+00   1.3318292e+00   1.6452609e+00   1.6308987e+00   1.5564800e+00   1.5892240e+00   2.3524294e+00   2.5034499e+00   2.5340591e+00   2.3231776e+00   2.3193976e+00   2.3247223e+00   2.3711361e+00   2.4212211e+00   2.4404505e+00   2.4737212e+00   2.5062257e+00   2.5139690e+00   2.4718778e+00   2.3708220e+00   2.1977574e+00   1.9133017e+00   1.6205210e+00   1.3859153e+00   1.3505912e+00   1.2816012e+00   1.2676108e+00   1.2914602e+00   1.5026051e+00   1.1965169e+00   7.7435014e-01   5.3171184e-01   4.4270572e-01   5.1075651e-01   4.4400712e-01   6.4442861e-01   9.5798374e-01   1.0434582e+00   1.0999971e+00   1.1872055e+00   1.2350657e+00   1.2813466e+00   1.3342483e+00   1.3738528e+00   1.4271567e+00   1.5302286e+00   1.6381920e+00   1.7588494e+00   1.9273180e+00   2.0851977e+00   2.2471722e+00   2.4250317e+00   2.5538352e+00   2.6511006e+00   2.7315843e+00   2.7969685e+00   2.8192952e+00   3.0979879e+00   3.5916976e+00   3.0629976e+00   2.4554190e+00   2.8104271e+00   3.0288545e+00   2.9463547e+00   2.8891459e+00   3.0659260e+00   3.1719633e+00   2.9593099e+00   2.7940896e+00
   2.5589178e+00   2.4503150e+00   2.0593435e+00   1.0592158e+00   9.2956759e-01   1.1731591e+00   1.2756929e+00   1.2031641e+00   1.2080431e+00   1.3732947e+00   2.2825253e+00   2.9298637e+00   2.7298576e+00   2.7490160e+00   2.8049764e+00   2.9064067e+00   2.9949209e+00   3.0281842e+00   3.0855607e+00   3.1597287e+00   3.1930449e+00   3.1818593e+00   3.1398099e+00   3.0055102e+00   2.7365769e+00   2.4618967e+00   2.2008882e+00   2.0811115e+00   1.4861988e+00   1.2883433e+00   1.1633964e+00   1.5567542e+00   1.4191529e+00   9.9478159e-01   6.7913044e-01   8.6995256e-01   1.1465700e+00   1.0805069e+00   1.3608639e+00   1.5521112e+00   1.6006082e+00   1.6881147e+00   1.8420945e+00   1.9420427e+00   2.0292738e+00   2.1261890e+00   2.1931377e+00   2.2541551e+00   2.3571586e+00   2.4658549e+00   2.5814280e+00   2.7385881e+00   2.8856013e+00   3.0399476e+00   3.2161656e+00   3.3530677e+00   3.4694295e+00   3.5588516e+00   3.5940425e+00   3.5849789e+00   3.8364261e+00   3.6754458e+00   2.4072867e+00   2.1404859e+00   2.4223727e+00   2.4609927e+00   2.4521771e+00   2.7704873e+00   3.2860033e+00   3.3770039e+00   3.2079121e+00   3.0824079e+00
   1.3619305e+00   1.9449449e+00   2.1649243e+00   1.7006387e+00   1.3207897e+00   1.1623677e+00   9.2959708e-01   9.8638845e-01   1.0893168e+00   1.2550597e+00   2.4866172e+00   3.3510034e+00   3.2642053e+00   3.2979236e+00   3.3935949e+00   3.5071004e+00   3.5760396e+00   3.5682276e+00   3.6098970e+00   3.6789970e+00   3.6982786e+00   3.7123490e+00   3.7577281e+00   3.7202456e+00   3.5571819e+00   3.3410662e+00   3.0712866e+00   2.7812828e+00   1.8378369e+00   1.6680171e+00   1.4089040e+00   1.7854816e+00   1.6027411e+00   1.2921823e+00   1.3217671e+00   1.4954023e+00   1.8710507e+00   1.9791452e+00   2.1234630e+00   2.1492573e+00   2.2046746e+00   2.3160227e+00   2.4903984e+00   2.6447339e+00   2.7759312e+00   2.9151568e+00   3.0323450e+00   3.1281821e+00   3.2352974e+00   3.3325746e+00   3.4418164e+00   3.5947220e+00   3.7151624e+00   3.8372027e+00   3.9971039e+00   4.1058895e+00   4.1974469e+00   4.2782538e+00   4.2309055e+00   4.1636055e+00   4.5119910e+00   3.8111704e+00   2.0884101e+00   2.0642142e+00   2.0758846e+00   1.9523703e+00   1.9388036e+00   2.1455532e+00   2.4670954e+00   2.8043379e+00   2.8722469e+00   2.5088091e+00
   1.7011564e+00   1.9313783e+00   1.9160736e+00   1.8208069e+00   1.5684923e+00   1.7057459e+00   1.4422992e+00   1.0745365e+00   1.1162406e+00   1.4096463e+00   2.0535255e+00   2.3959509e+00   2.3944434e+00   2.6646272e+00   3.6869976e+00   4.1369466e+00   4.0461765e+00   3.8667504e+00   3.8219940e+00   3.9236072e+00   3.9538390e+00   3.9232377e+00   3.9955985e+00   4.0373732e+00   3.9288294e+00   3.7938378e+00   3.6067228e+00   2.7727991e+00   1.7217557e+00   2.1349603e+00   2.1624212e+00   2.4164384e+00   2.0480097e+00   1.7397952e+00   1.8051336e+00   1.9682584e+00   2.3246177e+00   2.4485952e+00   2.5544173e+00   2.6187158e+00   2.7029074e+00   2.7979250e+00   2.9800645e+00   3.1324829e+00   3.2690321e+00   3.4152237e+00   3.5356613e+00   3.6560067e+00   3.7597526e+00   3.8568691e+00   3.9690719e+00   4.0996313e+00   4.2127176e+00   4.3115932e+00   4.4367486e+00   4.5022697e+00   4.5516131e+00   4.5622321e+00   4.4424567e+00   4.4101467e+00   4.4248027e+00   2.9236683e+00   1.9309742e+00   1.6565497e+00   1.4454135e+00   1.3328586e+00   1.4660177e+00   1.5930382e+00   1.7122859e+00   1.9146678e+00   2.0376156e+00   1.9259996e+00
   1.5087926e+00   1.5889774e+00   1.5609503e+00   1.5053960e+00   1.4763983e+00   1.7712424e+00   1.6627170e+00   1.2871884e+00   1.1554400e+00   1.2293894e+00   1.4670706e+00   1.5668451e+00   1.5703988e+00   1.7694520e+00   2.4554206e+00   2.7760184e+00   3.0030840e+00   3.6891823e+00   3.9612076e+00   4.0237353e+00   4.0788646e+00   4.0502334e+00   4.0942070e+00   4.1398709e+00   4.0450723e+00   3.9453840e+00   3.8236522e+00   3.0488598e+00   2.3914429e+00   2.5516905e+00   2.5220326e+00   2.7190204e+00   2.5845577e+00   2.2408120e+00   2.3218059e+00   2.4898034e+00   2.6497919e+00   2.7645835e+00   2.8677140e+00   2.9574682e+00   3.0525160e+00   3.1389046e+00   3.2990586e+00   3.4252653e+00   3.5547347e+00   3.6860364e+00   3.8035426e+00   3.9062089e+00   4.0151692e+00   4.1045865e+00   4.1984054e+00   4.3174144e+00   4.4077330e+00   4.4946469e+00   4.5621454e+00   4.6110616e+00   4.6136921e+00   4.5874735e+00   4.4246622e+00   4.3796064e+00   3.3409177e+00   1.9742430e+00   1.3306900e+00   1.0816751e+00   1.1647008e+00   1.2654849e+00   1.2715219e+00   1.2109967e+00   1.2809153e+00   1.3448072e+00   1.3883181e+00   1.3604490e+00
   1.0042622e+00   1.0524687e+00   1.0711264e+00   1.0304129e+00   1.1115659e+00   1.3355916e+00   1.3702466e+00   1.3248655e+00   1.1077692e+00   9.9714170e-01   1.0311803e+00   1.0419657e+00   1.0598556e+00   1.1249193e+00   1.3405192e+00   1.4845398e+00   1.7676175e+00   2.4766986e+00   3.2386280e+00   3.7924406e+00   3.9427731e+00   4.0009226e+00   4.0192867e+00   4.0492886e+00   3.9555230e+00   3.8790425e+00   3.8128397e+00   3.4624552e+00   3.1930381e+00   3.0772942e+00   2.9396195e+00   2.9685496e+00   2.9406747e+00   2.7321128e+00   2.7416888e+00   2.8064157e+00   2.8668232e+00   2.9702844e+00   3.0726177e+00   3.1770862e+00   3.2609003e+00   3.3456160e+00   3.4574848e+00   3.5552312e+00   3.6517404e+00   3.7793754e+00   3.8714653e+00   3.9582293e+00   4.0437226e+00   4.1275848e+00   4.1843251e+00   4.2719173e+00   4.3206400e+00   4.3848111e+00   4.4114750e+00   4.4534010e+00   4.4420023e+00   4.3856288e+00   4.2165369e+00   4.0245554e+00   2.1373728e+00   1.1877158e+00   9.6564282e-01   1.0715943e+00   1.1323946e+00   1.0967665e+00   8.3916437e-01   7.5651342e-01   8.2005001e-01   8.3390027e-01   8.2826144e-01   8.2836682e-01
   5.2738343e-01   5.5712292e-01   6.2317734e-01   6.2840091e-01   7.0566308e-01   7.9350662e-01   9.3846874e-01   1.2955414e+00   1.0629245e+00   8.3123248e-01   7.7156422e-01   7.4507384e-01   6.6993772e-01   6.4957753e-01   5.9982106e-01   6.8057627e-01   7.8621239e-01   1.1940646e+00   2.2487403e+00   3.1961634e+00   3.5419493e+00   3.7174080e+00   3.7355395e+00   3.7493049e+00   3.6736724e+00   3.6147455e+00   3.5853456e+00   3.5435035e+00   3.4653032e+00   3.3266410e+00   3.2012844e+00   3.1248618e+00   3.0882302e+00   3.0140685e+00   2.9617809e+00   2.9303057e+00   2.9784442e+00   3.0507850e+00   3.1447354e+00   3.2371877e+00   3.3087787e+00   3.3710215e+00   3.4462844e+00   3.5088395e+00   3.5776598e+00   3.6691158e+00   3.7324455e+00   3.7861393e+00   3.8440495e+00   3.8836728e+00   3.8978382e+00   3.9058462e+00   3.9209675e+00   3.9399476e+00   3.9748498e+00   4.0075677e+00   4.0297889e+00   3.9549962e+00   3.8649341e+00   3.6464765e+00   1.3633637e+00   6.2876338e-01   7.7037607e-01   1.0034977e+00   1.1074548e+00   1.1420349e+00   9.5394327e-01   8.9870043e-01   8.2516844e-01   7.0148352e-01   6.1481197e-01   5.4335301e-01
   5.1226209e-01   5.2474082e-01   5.8737134e-01   6.0174322e-01   6.8296119e-01   6.5198237e-01   8.6333433e-01   1.3352179e+00   9.5224891e-01   6.6929169e-01   6.4812984e-01   6.7060862e-01   5.7331557e-01   5.6405525e-01   5.4458907e-01   6.0988765e-01   6.6522712e-01   1.0379715e+00   1.6451495e+00   2.5082101e+00   3.0626215e+00   3.2531167e+00   3.2849387e+00   3.2791077e+00   3.2406774e+00   3.2020131e+00   3.1863301e+00   3.1868915e+00   3.1770424e+00   3.1661357e+00   3.1373796e+00   3.1088131e+00   3.0767534e+00   3.0250495e+00   2.9743493e+00   2.9445564e+00   2.9694477e+00   3.0052727e+00   3.0714571e+00   3.1367657e+00   3.1934806e+00   3.2274508e+00   3.2746874e+00   3.3071927e+00   3.3414913e+00   3.3710528e+00   3.3939681e+00   3.4075879e+00   3.4167907e+00   3.3669971e+00   3.3138619e+00   3.2116657e+00   3.1895916e+00   3.1557793e+00   3.2469468e+00   3.2923914e+00   3.3910319e+00   3.3442395e+00   3.3674996e+00   3.0029835e+00   1.4034694e+00   6.8926634e-01   7.6247362e-01   8.2973602e-01   1.0482080e+00   1.2496685e+00   1.3061061e+00   1.2095936e+00   1.0086905e+00   7.3863459e-01   6.3559453e-01   5.4054530e-01
   7.3828992e-01   7.8143755e-01   8.1775087e-01   8.3249968e-01   9.2438008e-01   8.5184972e-01   1.1431866e+00   1.4016342e+00   7.9495473e-01   6.0103893e-01   6.9781295e-01   7.8881429e-01   7.9203474e-01   8.3834422e-01   9.4717653e-01   9.8643135e-01   1.0898179e+00   1.3109343e+00   1.8191846e+00   2.3539015e+00   2.6919588e+00   2.7810732e+00   2.7369809e+00   2.7338217e+00   2.7060615e+00   2.7045105e+00   2.7164579e+00   2.7513238e+00   2.8205847e+00   2.8585101e+00   2.9006520e+00   2.9028511e+00   2.8894751e+00   2.8670715e+00   2.8192773e+00   2.8138816e+00   2.7984323e+00   2.8301697e+00   2.8479133e+00   2.8890254e+00   2.9154575e+00   2.9379859e+00   2.9540082e+00   2.9607785e+00   2.9517771e+00   2.9310664e+00   2.9031490e+00   2.8713205e+00   2.7714728e+00   2.6056884e+00   2.4369462e+00   2.2077599e+00   2.0841879e+00   2.0396082e+00   2.2265447e+00   2.3875451e+00   2.5681692e+00   2.5677791e+00   2.2399486e+00   1.7708605e+00   1.4971684e+00   1.1434312e+00   1.0356878e+00   1.0736959e+00   1.1187998e+00   1.0654127e+00   1.0382271e+00   9.5058418e-01   8.0165054e-01   6.4629672e-01   5.9369031e-01   6.2480589e-01
   6.4296077e-01   6.9311831e-01   7.1328593e-01   8.0152781e-01   7.5999565e-01   8.2954660e-01   1.1731871e+00   1.3024048e+00   8.2477805e-01   7.6702546e-01   8.4095180e-01   7.6501036e-01   6.9890674e-01   7.4420833e-01   8.0021345e-01   9.3312051e-01   1.0568653e+00   1.4216498e+00   2.6366734e+00   2.8265507e+00   2.4919029e+00   2.3119788e+00   2.1647714e+00   2.1074904e+00   2.1333810e+00   2.1341440e+00   2.2191791e+00   2.2665501e+00   2.3544782e+00   2.4276526e+00   2.4772343e+00   2.5231447e+00   2.5304117e+00   2.5185411e+00   2.5097349e+00   2.4833784e+00   2.4899654e+00   2.4885299e+00   2.4805244e+00   2.5033120e+00   2.4822778e+00   2.5056540e+00   2.4848214e+00   2.4744084e+00   2.4616329e+00   2.3756293e+00   2.3387820e+00   2.2110813e+00   1.9721876e+00   1.6517860e+00   1.3196236e+00   9.2236117e-01   9.0074302e-01   1.0619325e+00   1.3499400e+00   1.5753297e+00   1.7709173e+00   1.4326869e+00   1.1677849e+00   1.3406174e+00   1.2830756e+00   1.1369854e+00   1.0748778e+00   1.0657529e+00   1.0215589e+00   9.4337952e-01   8.8669328e-01   8.2399936e-01   7.2996636e-01   6.2705258e-01   5.8105238e-01   6.1553846e-01
   4.3449676e-01   3.8902173e-01   3.9959466e-01   5.0971507e-01   5.2597454e-01   7.4290436e-01   8.8080488e-01   1.1449989e+00   9.5577999e-01   1.0297750e+00   1.0108448e+00   7.0746473e-01   6.1861022e-01   6.1424370e-01   6.4569246e-01   9.5854257e-01   1.3045892e+00   1.9187121e+00   2.8686221e+00   2.9158108e+00   2.3268808e+00   1.8238162e+00   1.5923984e+00   1.4261437e+00   1.4846204e+00   1.5030850e+00   1.6041031e+00   1.7146286e+00   1.7888018e+00   1.9125847e+00   1.9642186e+00   2.0247148e+00   2.0533343e+00   2.0391291e+00   2.0587039e+00   2.0321733e+00   2.0388013e+00   2.0271226e+00   2.0065937e+00   2.0089277e+00   1.9711993e+00   1.9687639e+00   1.9377208e+00   1.9105612e+00   1.8818349e+00   1.7728656e+00   1.6876369e+00   1.4881245e+00   1.1250796e+00   8.9872144e-01   1.0337766e+00   1.2514571e+00   1.4194488e+00   1.7507701e+00   1.6495412e+00   1.5637872e+00   1.4142005e+00   6.4074213e-01   1.2373736e+00   1.5538759e+00   1.3112611e+00   1.0780651e+00   1.0088820e+00   9.5232023e-01   8.8283446e-01   8.6056225e-01   7.6346210e-01   7.0140947e-01   6.2321882e-01   5.2410392e-01   5.5722698e-01   5.1066973e-01
   3.7294060e-01   3.1661258e-01   2.6959424e-01   6.6306024e-01   1.0897083e+00   6.5295490e-01   9.2617259e-01   1.3138908e+00   1.2498937e+00   1.2853856e+00   1.1331039e+00   7.7877512e-01   6.5759222e-01   6.8474116e-01   8.6558771e-01   1.2471864e+00   1.6544595e+00   2.3393395e+00   2.8525842e+00   2.5267634e+00   1.9205522e+00   1.4455758e+00   1.0679872e+00   8.1487069e-01   7.9228572e-01   8.5860791e-01   9.4601308e-01   1.0853893e+00   1.1954561e+00   1.2849579e+00   1.3870525e+00   1.4504160e+00   1.4961792e+00   1.5305119e+00   1.5431998e+00   1.5464257e+00   1.5297750e+00   1.5146608e+00   1.5000257e+00   1.4674344e+00   1.4534466e+00   1.4403418e+00   1.3860940e+00   1.3492219e+00   1.2822332e+00   1.1224480e+00   9.7327652e-01   7.4174591e-01   6.7734036e-01   1.1485877e+00   1.5853808e+00   1.5002388e+00   1.4728537e+00   2.4930742e+00   2.6654579e+00   2.5176909e+00   1.9493441e+00   7.2628218e-01   1.1036704e+00   1.3214955e+00   1.0081073e+00   6.6438068e-01   5.6863620e-01   6.3771316e-01   6.2935230e-01   6.9453219e-01   6.3542648e-01   5.7167147e-01   6.4883891e-01   6.4413055e-01   6.3255447e-01   5.9531303e-01
   1.2385446e+00   1.3472667e+00   1.6175381e+00   1.9747603e+00   1.3726571e+00   9.9769883e-01   1.6677822e+00   1.6983853e+00   1.5795496e+00   1.5584549e+00   1.4884992e+00   1.2577808e+00   1.1371367e+00   1.3372838e+00   1.5481234e+00   1.7321547e+00   2.1498366e+00   2.6903862e+00   2.4180450e+00   1.7188406e+00   1.4734297e+00   1.2278479e+00   7.6482514e-01   4.5056170e-01   3.4894082e-01   3.3088823e-01   4.1979250e-01   5.4597941e-01   6.2459095e-01   7.3755468e-01   8.1854122e-01   8.5853727e-01   9.6566844e-01   1.0156511e+00   9.9087103e-01   1.0450636e+00   1.0636479e+00   1.0007198e+00   1.0073143e+00   1.0170400e+00   9.6267845e-01   9.3831890e-01   9.0397165e-01   8.2685984e-01   7.3061868e-01   5.4222531e-01   4.5806455e-01   9.8555911e-01   2.4543647e+00   2.9360401e+00   2.6500636e+00   1.8393487e+00   1.4999506e+00   2.3887258e+00   2.9936127e+00   3.1998028e+00   3.5273006e+00   2.0335350e+00   1.1919733e+00   1.1622084e+00   1.5234692e+00   7.9986681e-01   8.6216617e-01   1.2639910e+00   1.3695574e+00   1.3825374e+00   1.4054191e+00   1.4691822e+00   1.5374155e+00   1.5556267e+00   1.3403218e+00   1.1473021e+00
   3.1657183e+00   3.2572411e+00   2.9798947e+00   1.9013381e+00   1.5840679e+00   2.2721605e+00   2.4994173e+00   2.2591943e+00   2.1024304e+00   2.3019974e+00   2.3880530e+00   2.3707323e+00   2.4570419e+00   2.6241538e+00   2.5980980e+00   2.4574531e+00   2.3865976e+00   2.1608313e+00   1.5986269e+00   1.4738433e+00   1.5443852e+00   1.1986594e+00   7.3628310e-01   4.9271090e-01   4.1541816e-01   3.1320744e-01   2.5740830e-01   3.5721891e-01   4.4701088e-01   4.6698694e-01   5.1970825e-01   6.1730198e-01   6.6493524e-01   6.3485937e-01   6.6024230e-01   7.2325840e-01   7.0550683e-01   6.6033630e-01   6.7609405e-01   6.8798577e-01   6.2404832e-01   5.9184234e-01   5.7908330e-01   5.0050617e-01   6.0495381e-01   1.0920494e+00   1.8759336e+00   3.1309144e+00   4.3136967e+00   3.9832027e+00   2.9127950e+00   2.1990657e+00   2.4017840e+00   2.7768410e+00   3.7558879e+00   4.3479399e+00   5.2204002e+00   5.3247186e+00   4.5529837e+00   3.6163316e+00   2.8342720e+00   2.1738277e+00   1.5378228e+00   9.9465857e-01   1.4492957e+00   1.9068812e+00   2.5126742e+00   2.8750134e+00   3.1491934e+00   3.4747017e+00   3.3827607e+00   3.1673287e+00
   2.7839761e+00   2.2514746e+00   1.5196378e+00   1.7780481e+00   2.4414201e+00   2.7819094e+00   2.8082592e+00   2.7414551e+00   2.7530422e+00   2.9956987e+00   3.5067945e+00   4.3333507e+00   4.9926883e+00   4.3403091e+00   4.4154557e+00   3.0831045e+00   1.7719441e+00   1.0119336e+00   1.0082011e+00   1.4004009e+00   1.6295309e+00   1.3824654e+00   1.0390352e+00   8.3363106e-01   7.4252325e-01   6.3263978e-01   5.1975645e-01   5.1445543e-01   5.7811241e-01   5.9092199e-01   5.1481498e-01   4.7335920e-01   4.9532140e-01   5.3537754e-01   5.1338645e-01   4.5668635e-01   4.0896048e-01   4.0733436e-01   4.3061878e-01   3.9914205e-01   3.3234450e-01   2.8644746e-01   4.5467567e-01   1.0471625e+00   2.2151802e+00   3.8607084e+00   5.0030848e+00   5.5418802e+00   4.8239069e+00   3.6195206e+00   2.5748329e+00   2.0045942e+00   1.8108114e+00   1.9427419e+00   2.7068178e+00   3.3448324e+00   3.6544736e+00   3.5826552e+00   3.4048094e+00   3.2969028e+00   3.2893857e+00   3.1056072e+00   2.7353753e+00   2.2421667e+00   2.1348563e+00   2.4067599e+00   2.8997982e+00   3.0318038e+00   2.9985829e+00   3.1477043e+00   3.2188878e+00   3.0538052e+00
   1.6334437e+00   1.5556780e+00   1.6066873e+00   1.9120718e+00   2.2775757e+00   2.6677219e+00   2.9500672e+00   3.0458913e+00   3.1576318e+00   3.5646257e+00   4.2823117e+00   5.2562007e+00   5.0122899e+00   3.8794083e+00   4.1296711e+00   5.3087926e+00   5.0154551e+00   4.5330093e+00   4.1178600e+00   3.9547968e+00   3.9117134e+00   3.8953227e+00   3.8321339e+00   3.7755368e+00   3.7267501e+00   3.7136765e+00   3.7220948e+00   3.7527871e+00   3.7685965e+00   3.7898007e+00   3.7845307e+00   3.7625512e+00   3.7488960e+00   3.7369074e+00   3.7530717e+00   3.7879266e+00   3.8100238e+00   3.7791568e+00   3.7158490e+00   3.6370246e+00   3.6539150e+00   3.8567929e+00   4.4496566e+00   5.0682331e+00   5.6477420e+00   6.2833142e+00   6.3975800e+00   6.0610786e+00   5.2025294e+00   4.3662200e+00   3.5553787e+00   2.7012027e+00   2.1033184e+00   1.6042973e+00   1.4180065e+00   1.6785104e+00   1.8240860e+00   1.7148491e+00   1.5535418e+00   1.5129643e+00   1.6480565e+00   1.7615904e+00   1.8443800e+00   1.9142431e+00   1.9397572e+00   1.9085992e+00   1.7423311e+00   1.5068337e+00   1.2655603e+00   1.2966789e+00   1.5704806e+00   1.6900066e+00
