   3.5696538e-03
   2.7286964e-03
   1.9552309e-03
   1.0814243e-03
   3.1791123e-04
  -4.8443353e-04
  -1.3963677e-03
  -2.1182061e-03
  -2.8329279e-03
  -3.5921127e-03
  -4.0956340e-03
  -4.5196671e-03
  -4.9384980e-03
  -5.1672476e-03
  -5.3042240e-03
  -5.3466002e-03
  -5.2210200e-03
  -4.9175684e-03
  -4.3427381e-03
  -3.6799730e-03
  -2.8489713e-03
  -1.5871818e-03
  -2.7741376e-04
   1.2199622e-03
   3.1956681e-03
   5.0210872e-03
   7.0467035e-03
   9.5380667e-03
   1.1617951e-02
   1.3835568e-02
   1.6675369e-02
   1.9006631e-02
   2.1280048e-02
   2.3925527e-02
   2.5939209e-02
   2.7709295e-02
   2.9491656e-02
   3.0783269e-02
   3.2095518e-02
   3.3703844e-02
   3.4717361e-02
   3.5513716e-02
   3.6669938e-02
   3.7361554e-02
   3.8037665e-02
   3.8527838e-02
   3.8349787e-02
   3.7847856e-02
   3.6947517e-02
   3.5910132e-02
   3.4538786e-02
   3.2461885e-02
   3.0466590e-02
   2.8333486e-02
   2.5692764e-02
   2.3555145e-02
   2.1473949e-02
   1.9100715e-02
   1.7429895e-02
   1.6059940e-02
   1.4641899e-02
   1.3571754e-02
   1.2642517e-02
   1.1653023e-02
   1.0844365e-02
   1.0050722e-02
   9.1035298e-03
   8.2942598e-03
   7.4570848e-03
   6.3974222e-03
   5.5085301e-03
   4.6243512e-03
   1.2421238e-02
   1.2320618e-02
   1.2413626e-02
   1.2615632e-02
   1.2543385e-02
   1.2188858e-02
   1.1810726e-02
   1.1560879e-02
   1.1185647e-02
   1.0686411e-02
   1.0161001e-02
   9.4356099e-03
   8.6573884e-03
   8.1493687e-03
   7.5778617e-03
   6.9902926e-03
   6.7160549e-03
   6.5271305e-03
   6.3388050e-03
   6.4141229e-03
   6.8379538e-03
   7.6947724e-03
   8.5006850e-03
   9.4182817e-03
   1.0754271e-02
   1.2429401e-02
   1.4671954e-02
   1.7358841e-02
   1.9510088e-02
   2.1971144e-02
   2.5370985e-02
   2.8283523e-02
   3.0925967e-02
   3.3617243e-02
   3.5653017e-02
   3.7698481e-02
   4.0235028e-02
   4.2468831e-02
   4.4605903e-02
   4.5876972e-02
   4.4703905e-02
   4.0804364e-02
   3.4990843e-02
   4.2997560e-02
   0.0000000e+00
   0.0000000e+00
   0.0000000e+00
   0.0000000e+00
   0.0000000e+00
   0.0000000e+00
   0.0000000e+00
   3.6614608e-02
   3.4758199e-02
   3.3099059e-02
   2.9493134e-02
   2.6256634e-02
   2.3176754e-02
   1.9525956e-02
   1.6741849e-02
   1.4562295e-02
   1.2978953e-02
   1.2153379e-02
   1.1637382e-02
   1.1325705e-02
   1.1208150e-02
   1.1335761e-02
   1.1499367e-02
   1.1526036e-02
   1.1729039e-02
   1.2263602e-02
   1.2612887e-02
   1.2650358e-02
   2.9842846e-02
   3.1500082e-02
   3.2782342e-02
   3.3435095e-02
   3.3927932e-02
   3.4659944e-02
   3.4998838e-02
   3.4644227e-02
   3.4434952e-02
   3.4604106e-02
   3.4303974e-02
   3.3570945e-02
   3.3169571e-02
   3.2997247e-02
   3.2179382e-02
   3.0856090e-02
   3.0376317e-02
   3.0050438e-02
   2.8844122e-02
   2.7807087e-02
   2.7537229e-02
   2.7467238e-02
   2.6886903e-02
   2.6469825e-02
   2.6992576e-02
   2.7788796e-02
   2.8611857e-02
   3.0321054e-02
   3.2344058e-02
   3.4242246e-02
   3.6854412e-02
   3.9735720e-02
   4.1838605e-02
   4.2549901e-02
   4.3308649e-02
   4.4879165e-02
   4.4974440e-02
   0.0000000e+00
   0.0000000e+00
   0.0000000e+00
   0.0000000e+00
   0.0000000e+00
   0.0000000e+00
   0.0000000e+00
   0.0000000e+00
   0.0000000e+00
   0.0000000e+00
   0.0000000e+00
   0.0000000e+00
   0.0000000e+00
   0.0000000e+00
   0.0000000e+00
   0.0000000e+00
   0.0000000e+00
   0.0000000e+00
   2.4810186e-02
   2.1267252e-02
   1.5415382e-02
   1.2180866e-02
   1.0934701e-02
   1.0769944e-02
   1.0889473e-02
   1.1489823e-02
   1.2764086e-02
   1.3931694e-02
   1.5484644e-02
   1.7798930e-02
   1.9622510e-02
   2.1481462e-02
   2.4130644e-02
   2.6304105e-02
   2.8015332e-02
   5.0378662e-02
   5.1727492e-02
   5.3548720e-02
   5.5491995e-02
   5.6028720e-02
   5.6671016e-02
   5.7539012e-02
   5.7350211e-02
   5.7093516e-02
   5.7629190e-02
   5.7743840e-02
   5.7206906e-02
   5.7212397e-02
   5.7374977e-02
   5.6341004e-02
   5.4935887e-02
   5.4555736e-02
   5.3313021e-02
   5.1163685e-02
   5.0761513e-02
   5.0184768e-02
   4.8138633e-02
   4.7554750e-02
   4.7438230e-02
   4.5566317e-02
   4.4655453e-02
   4.5305766e-02
   4.4994008e-02
   4.4509728e-02
   4.5993358e-02
   4.7483370e-02
   4.7316872e-02
   4.9142757e-02
   4.9980129e-02
   4.6150877e-02
   0.0000000e+00
   0.0000000e+00
   0.0000000e+00
   0.0000000e+00
   0.0000000e+00
   0.0000000e+00
   0.0000000e+00
   0.0000000e+00
   0.0000000e+00
   0.0000000e+00
   0.0000000e+00
   0.0000000e+00
   0.0000000e+00
   0.0000000e+00
   0.0000000e+00
   0.0000000e+00
   0.0000000e+00
   0.0000000e+00
   0.0000000e+00
   0.0000000e+00
   0.0000000e+00
   0.0000000e+00
   1.3749729e-02
   1.0216085e-02
   1.0477874e-02
   1.1667739e-02
   1.3785195e-02
   1.6865343e-02
   1.9569023e-02
   2.2393988e-02
   2.6203800e-02
   2.9851515e-02
   3.2962132e-02
   3.7139229e-02
   4.1346420e-02
   4.4164285e-02
   4.7454614e-02
   6.6844150e-02
   6.8800680e-02
   7.0475683e-02
   7.2601080e-02
   7.3387525e-02
   7.4577317e-02
   7.5510882e-02
   7.5628510e-02
   7.6670088e-02
   7.6579347e-02
   7.6175591e-02
   7.6914310e-02
   7.6158084e-02
   7.6017713e-02
   7.6745994e-02
   7.5625785e-02
   7.5294717e-02
   7.5047001e-02
   7.3397174e-02
   7.2727098e-02
   7.1552590e-02
   6.9727346e-02
   6.8605303e-02
   6.6469833e-02
   6.4201459e-02
   6.2308893e-02
   5.9710551e-02
   5.8029242e-02
   5.6554639e-02
   5.5670738e-02
   5.3685606e-02
   4.9559915e-02
   0.0000000e+00
   0.0000000e+00
   0.0000000e+00
   0.0000000e+00
   0.0000000e+00
   0.0000000e+00
   0.0000000e+00
   0.0000000e+00
   0.0000000e+00
   0.0000000e+00
   0.0000000e+00
   0.0000000e+00
   0.0000000e+00
   0.0000000e+00
   0.0000000e+00
   0.0000000e+00
   0.0000000e+00
   0.0000000e+00
   0.0000000e+00
   0.0000000e+00
   0.0000000e+00
   0.0000000e+00
   0.0000000e+00
   0.0000000e+00
   0.0000000e+00
   1.3241122e-02
   9.3969859e-03
   1.2972663e-02
   1.6800037e-02
   1.9825693e-02
   2.4497259e-02
   2.9208707e-02
   3.3527672e-02
   3.8228214e-02
   4.3461137e-02
   4.7649166e-02
   5.1565312e-02
   5.6631763e-02
   6.0262591e-02
   6.3221596e-02
   7.5342719e-02
   7.8357004e-02
   7.9759185e-02
   8.2029310e-02
   8.3513871e-02
   8.4455428e-02
   8.6404955e-02
   8.6807936e-02
   8.7600408e-02
   8.8320581e-02
   8.8248514e-02
   8.9239632e-02
   8.9252842e-02
   8.9730762e-02
   9.0674480e-02
   9.0522526e-02
   9.1315016e-02
   9.1094388e-02
   9.0324705e-02
   8.9898601e-02
   8.7953342e-02
   8.6164875e-02
   8.3943993e-02
   8.0894728e-02
   7.7701812e-02
   7.3997103e-02
   7.0459616e-02
   6.6651251e-02
   6.3892938e-02
   5.9286449e-02
   5.5241980e-02
   4.7776381e-02
   0.0000000e+00
   0.0000000e+00
   0.0000000e+00
   0.0000000e+00
   0.0000000e+00
   0.0000000e+00
   0.0000000e+00
   0.0000000e+00
   0.0000000e+00
   0.0000000e+00
   0.0000000e+00
   0.0000000e+00
   0.0000000e+00
   0.0000000e+00
   0.0000000e+00
   0.0000000e+00
   0.0000000e+00
   0.0000000e+00
   0.0000000e+00
   0.0000000e+00
   0.0000000e+00
   0.0000000e+00
   0.0000000e+00
   0.0000000e+00
   0.0000000e+00
   1.2394797e-02
   1.4911721e-02
   1.7728479e-02
   2.3074952e-02
   2.7319094e-02
   3.1414131e-02
   3.7431235e-02
   4.1814011e-02
   4.6635850e-02
   5.2098445e-02
   5.6484945e-02
   6.0755141e-02
   6.4807784e-02
   6.8720445e-02
   7.1822230e-02
   7.9648353e-02
   8.3123744e-02
   8.5248582e-02
   8.8497229e-02
   8.9791842e-02
   9.1458663e-02
   9.2996657e-02
   9.3342423e-02
   9.4861306e-02
   9.5476694e-02
   9.6841440e-02
   9.8376736e-02
   9.9339008e-02
   1.0086311e-01
   1.0144414e-01
   1.0297411e-01
   1.0388272e-01
   1.0373730e-01
   1.0389742e-01
   1.0215668e-01
   1.0074417e-01
   9.8511875e-02
   9.5218956e-02
   9.2883557e-02
   8.7616444e-02
   8.3276749e-02
   7.8866296e-02
   7.1432367e-02
   6.9138192e-02
   6.0828008e-02
   0.0000000e+00
   4.6631323e-02
   5.0535826e-02
   4.5325788e-02
   3.9458370e-02
   0.0000000e+00
   0.0000000e+00
   0.0000000e+00
   0.0000000e+00
   0.0000000e+00
   0.0000000e+00
   0.0000000e+00
   0.0000000e+00
   0.0000000e+00
   0.0000000e+00
   0.0000000e+00
   0.0000000e+00
   0.0000000e+00
   0.0000000e+00
   0.0000000e+00
   0.0000000e+00
   0.0000000e+00
   0.0000000e+00
   0.0000000e+00
   0.0000000e+00
   0.0000000e+00
   1.5320233e-02
   1.7068367e-02
   2.2573486e-02
   2.4035497e-02
   3.0455967e-02
   3.4259278e-02
   3.8127065e-02
   4.4482552e-02
   4.7868490e-02
   5.3264216e-02
   5.7918996e-02
   6.2114902e-02
   6.6442035e-02
   6.9449745e-02
   7.3350035e-02
   7.5832769e-02
   7.9993427e-02
   8.2792228e-02
   8.5909545e-02
   8.8673241e-02
   9.0492178e-02
   9.2227198e-02
   9.3705177e-02
   9.5464665e-02
   9.6473843e-02
   9.9133901e-02
   1.0069288e-01
   1.0295859e-01
   1.0519917e-01
   1.0635814e-01
   1.0827029e-01
   1.0918712e-01
   1.1052629e-01
   1.1020808e-01
   1.0970133e-01
   1.0860245e-01
   1.0682634e-01
   1.0526232e-01
   1.0218156e-01
   9.9561155e-02
   9.3876928e-02
   8.8490453e-02
   8.2131803e-02
   7.2864488e-02
   6.6925585e-02
   6.1097663e-02
   5.8741051e-02
   6.0266842e-02
   6.0239630e-02
   5.1138584e-02
   4.5608563e-02
   3.6692559e-02
   0.0000000e+00
   0.0000000e+00
   0.0000000e+00
   0.0000000e+00
   0.0000000e+00
   0.0000000e+00
   0.0000000e+00
   0.0000000e+00
   0.0000000e+00
   0.0000000e+00
   0.0000000e+00
   0.0000000e+00
   0.0000000e+00
   0.0000000e+00
   0.0000000e+00
   0.0000000e+00
   0.0000000e+00
   0.0000000e+00
   0.0000000e+00
   0.0000000e+00
   2.5023773e-02
   2.6148630e-02
   3.0451059e-02
   3.1709313e-02
   3.4978904e-02
   3.9678040e-02
   4.3426901e-02
   4.8989903e-02
   5.2994893e-02
   5.7731148e-02
   6.2092956e-02
   6.5223008e-02
   6.8168066e-02
   7.1255431e-02
   7.4271558e-02
   7.6360494e-02
   7.5974394e-02
   7.8401853e-02
   8.0510614e-02
   8.3424663e-02
   8.5274210e-02
   8.7516186e-02
   8.9829786e-02
   9.2388330e-02
   9.4134679e-02
   9.7283362e-02
   9.8846270e-02
   1.0139228e-01
   1.0325788e-01
   1.0538490e-01
   1.0643875e-01
   1.0778348e-01
   1.0792008e-01
   1.0794686e-01
   1.0761011e-01
   1.0674442e-01
   1.0626148e-01
   1.0383328e-01
   1.0246973e-01
   9.8376466e-02
   9.3965961e-02
   8.6905090e-02
   8.0345576e-02
   6.8545204e-02
   5.9533298e-02
   5.8859081e-02
   0.0000000e+00
   0.0000000e+00
   0.0000000e+00
   3.9642285e-02
   3.6691474e-02
   3.6508283e-02
   0.0000000e+00
   0.0000000e+00
   0.0000000e+00
   0.0000000e+00
   0.0000000e+00
   0.0000000e+00
   0.0000000e+00
   0.0000000e+00
   0.0000000e+00
   0.0000000e+00
   0.0000000e+00
   0.0000000e+00
   0.0000000e+00
   0.0000000e+00
   0.0000000e+00
   0.0000000e+00
   0.0000000e+00
   0.0000000e+00
   0.0000000e+00
   0.0000000e+00
   3.1462799e-02
   3.7996399e-02
   3.9772915e-02
   3.6695579e-02
   3.7849209e-02
   4.2170583e-02
   4.7839458e-02
   5.1949538e-02
   5.6241389e-02
   5.8993369e-02
   6.3270550e-02
   6.5138851e-02
   6.7291733e-02
   6.8937015e-02
   7.1131815e-02
   7.3491324e-02
   6.8300870e-02
   7.0581560e-02
   7.2481793e-02
   7.5252239e-02
   7.7080761e-02
   7.9706659e-02
   8.2593424e-02
   8.5644183e-02
   8.7609348e-02
   9.0513540e-02
   9.1773970e-02
   9.3833266e-02
   9.5189987e-02
   9.7518182e-02
   9.8060845e-02
   9.9701306e-02
   9.9026157e-02
   9.9907263e-02
   9.9021739e-02
   9.9634773e-02
   9.8102434e-02
   9.7827947e-02
   9.4843915e-02
   9.2979094e-02
   8.6580349e-02
   8.1978386e-02
   7.2698955e-02
   6.2356796e-02
   4.6774968e-02
   3.9670228e-02
   0.0000000e+00
   0.0000000e+00
   0.0000000e+00
   2.4266866e-02
   2.7029574e-02
   3.4317882e-02
   0.0000000e+00
   0.0000000e+00
   0.0000000e+00
   0.0000000e+00
   0.0000000e+00
   0.0000000e+00
   0.0000000e+00
   0.0000000e+00
   0.0000000e+00
   0.0000000e+00
   0.0000000e+00
   0.0000000e+00
   0.0000000e+00
   0.0000000e+00
   0.0000000e+00
   0.0000000e+00
   0.0000000e+00
   0.0000000e+00
   0.0000000e+00
   0.0000000e+00
   0.0000000e+00
   4.7837444e-02
   4.9626748e-02
   4.3347492e-02
   4.2418725e-02
   4.6200323e-02
   5.1159243e-02
   5.5501632e-02
   5.7561390e-02
   5.9270974e-02
   6.1246034e-02
   6.2885556e-02
   6.3445490e-02
   6.4069864e-02
   6.4753618e-02
   6.6604723e-02
   5.8607819e-02
   6.0213240e-02
   6.2036095e-02
   6.4272848e-02
   6.6511472e-02
   6.8451457e-02
   7.1515118e-02
   7.3333966e-02
   7.5948666e-02
   7.7581355e-02
   7.9727614e-02
   8.0381764e-02
   8.2825511e-02
   8.3243051e-02
   8.4996913e-02
   8.4757525e-02
   8.5919187e-02
   8.5323502e-02
   8.6696660e-02
   8.5925052e-02
   8.6508015e-02
   8.4384228e-02
   8.3460868e-02
   8.0579773e-02
   7.6971105e-02
   7.1240708e-02
   6.4029295e-02
   5.3645476e-02
   3.9732127e-02
   2.8804934e-02
   0.0000000e+00
   0.0000000e+00
   0.0000000e+00
   0.0000000e+00
   0.0000000e+00
   0.0000000e+00
   0.0000000e+00
   0.0000000e+00
   0.0000000e+00
   0.0000000e+00
   0.0000000e+00
   0.0000000e+00
   0.0000000e+00
   0.0000000e+00
   0.0000000e+00
   0.0000000e+00
   0.0000000e+00
   0.0000000e+00
   0.0000000e+00
   0.0000000e+00
   0.0000000e+00
   0.0000000e+00
   0.0000000e+00
   0.0000000e+00
   0.0000000e+00
   0.0000000e+00
   0.0000000e+00
   6.6928919e-02
   6.6561415e-02
   6.5422296e-02
   5.9532965e-02
   5.9179350e-02
   5.8489925e-02
   6.0425106e-02
   5.9692441e-02
   5.9962180e-02
   5.8985534e-02
   5.9411649e-02
   5.8313969e-02
   5.7494700e-02
   5.6808767e-02
   5.7507086e-02
   4.6566248e-02
   4.6805162e-02
   4.8405953e-02
   4.9710020e-02
   5.2170772e-02
   5.3867236e-02
   5.6046527e-02
   5.7554096e-02
   5.9080221e-02
   6.1477095e-02
   6.2757589e-02
   6.4609610e-02
   6.4929970e-02
   6.6117436e-02
   6.6296250e-02
   6.7631803e-02
   6.7863524e-02
   6.8108432e-02
   6.9011360e-02
   6.9111079e-02
   7.0237905e-02
   6.8198718e-02
   6.8316504e-02
   6.5131605e-02
   6.3509539e-02
   5.7385907e-02
   5.1998645e-02
   4.3188684e-02
   3.4682997e-02
   2.5432833e-02
   0.0000000e+00
   0.0000000e+00
   0.0000000e+00
   0.0000000e+00
   0.0000000e+00
   0.0000000e+00
   0.0000000e+00
   0.0000000e+00
   0.0000000e+00
   0.0000000e+00
   0.0000000e+00
   0.0000000e+00
   0.0000000e+00
   0.0000000e+00
   0.0000000e+00
   0.0000000e+00
   0.0000000e+00
   0.0000000e+00
   0.0000000e+00
   0.0000000e+00
   0.0000000e+00
   0.0000000e+00
   0.0000000e+00
   0.0000000e+00
   0.0000000e+00
   0.0000000e+00
   0.0000000e+00
   7.5985573e-02
   7.7437103e-02
   7.8728117e-02
   7.3923215e-02
   7.0330679e-02
   6.5978073e-02
   6.3236617e-02
   6.0023032e-02
   5.8263160e-02
   5.5181187e-02
   5.3517759e-02
   5.1020361e-02
   4.8135221e-02
   4.6718977e-02
   4.5852818e-02
   3.2551430e-02
   3.2587741e-02
   3.3443883e-02
   3.4723669e-02
   3.6572848e-02
   3.8425419e-02
   4.0148981e-02
   4.1553929e-02
   4.2706490e-02
   4.4450440e-02
   4.5730080e-02
   4.6891958e-02
   4.7929566e-02
   4.8293903e-02
   4.8785027e-02
   4.9440160e-02
   5.0123163e-02
   5.1047038e-02
   5.1711123e-02
   5.2475840e-02
   5.2805353e-02
   5.2822780e-02
   5.2264310e-02
   5.0556317e-02
   4.7882978e-02
   4.3113530e-02
   3.8200751e-02
   3.1376358e-02
   2.5810828e-02
   2.0275926e-02
   0.0000000e+00
   0.0000000e+00
   0.0000000e+00
   0.0000000e+00
   0.0000000e+00
   0.0000000e+00
   0.0000000e+00
   0.0000000e+00
   0.0000000e+00
   0.0000000e+00
   0.0000000e+00
   0.0000000e+00
   0.0000000e+00
   0.0000000e+00
   0.0000000e+00
   0.0000000e+00
   0.0000000e+00
   0.0000000e+00
   0.0000000e+00
   0.0000000e+00
   0.0000000e+00
   0.0000000e+00
   0.0000000e+00
   0.0000000e+00
   0.0000000e+00
   0.0000000e+00
   0.0000000e+00
   7.6815132e-02
   8.2059979e-02
   8.0995671e-02
   7.6995090e-02
   7.2128229e-02
   6.7159049e-02
   6.0521178e-02
   5.6084029e-02
   5.1898807e-02
   4.7463112e-02
   4.4092067e-02
   4.0351890e-02
   3.6763892e-02
   3.4488298e-02
   3.3164874e-02
   1.8320151e-02
   1.8174522e-02
   1.8595805e-02
   1.9922005e-02
   2.1247899e-02
   2.2851782e-02
   2.4773460e-02
   2.5873870e-02
   2.6772041e-02
   2.8095076e-02
   2.9187759e-02
   3.0151704e-02
   3.1086097e-02
   3.1542052e-02
   3.2210961e-02
   3.2751579e-02
   3.3644751e-02
   3.4794871e-02
   3.5581514e-02
   3.6439348e-02
   3.7106890e-02
   3.7319973e-02
   3.6818352e-02
   3.5568096e-02
   3.2180734e-02
   2.8312014e-02
   2.3834590e-02
   1.8048931e-02
   1.8678643e-02
   0.0000000e+00
   0.0000000e+00
   0.0000000e+00
   0.0000000e+00
   0.0000000e+00
   0.0000000e+00
   0.0000000e+00
   0.0000000e+00
   0.0000000e+00
   0.0000000e+00
   0.0000000e+00
   0.0000000e+00
   0.0000000e+00
   0.0000000e+00
   0.0000000e+00
   0.0000000e+00
   0.0000000e+00
   0.0000000e+00
   0.0000000e+00
   0.0000000e+00
   0.0000000e+00
   0.0000000e+00
   0.0000000e+00
   0.0000000e+00
   0.0000000e+00
   0.0000000e+00
   0.0000000e+00
   6.7064108e-02
   7.5732097e-02
   7.7481508e-02
   7.5972825e-02
   7.1572401e-02
   6.6151962e-02
   6.0198955e-02
   5.2798040e-02
   4.7192484e-02
   4.1667506e-02
   3.6338486e-02
   3.2136120e-02
   2.7919117e-02
   2.3820404e-02
   2.1163248e-02
   1.9315571e-02
   4.7432925e-03
   4.5875432e-03
   4.9569374e-03
   6.1408356e-03
   7.2022742e-03
   8.4983092e-03
   1.0324478e-02
   1.1338375e-02
   1.2184318e-02
   1.3324676e-02
   1.4284361e-02
   1.5184948e-02
   1.6083930e-02
   1.6787600e-02
   1.7508490e-02
   1.8245203e-02
   1.9106617e-02
   2.0104969e-02
   2.1029823e-02
   2.1847310e-02
   2.2623528e-02
   2.2710741e-02
   2.2073528e-02
   2.0654395e-02
   1.7360860e-02
   1.3809171e-02
   9.4230874e-03
   4.1461266e-03
   4.8944750e-03
   0.0000000e+00
   0.0000000e+00
   0.0000000e+00
   0.0000000e+00
   0.0000000e+00
   0.0000000e+00
   0.0000000e+00
   0.0000000e+00
   0.0000000e+00
   0.0000000e+00
   0.0000000e+00
   0.0000000e+00
   0.0000000e+00
   0.0000000e+00
   0.0000000e+00
   0.0000000e+00
   0.0000000e+00
   0.0000000e+00
   0.0000000e+00
   0.0000000e+00
   0.0000000e+00
   0.0000000e+00
   0.0000000e+00
   3.9703273e-02
   4.1008614e-02
   4.0123129e-02
   4.2788036e-02
   5.9138921e-02
   6.6802979e-02
   6.6177249e-02
   6.4530395e-02
   5.9598703e-02
   5.3928614e-02
   4.7685996e-02
   4.0548369e-02
   3.4641325e-02
   2.8822152e-02
   2.3093967e-02
   1.8874748e-02
   1.4820321e-02
   1.0559385e-02
   7.8761168e-03
   5.8618840e-03
  -7.6184985e-03
  -7.6406971e-03
  -7.1200659e-03
  -6.1926981e-03
  -5.2415719e-03
  -4.2131543e-03
  -2.7747061e-03
  -1.6286415e-03
  -6.6469895e-04
   4.5426554e-04
   1.3819532e-03
   2.2422101e-03
   3.3447938e-03
   4.1880077e-03
   4.9179923e-03
   5.8675935e-03
   6.5728961e-03
   7.2480314e-03
   8.1558581e-03
   8.8722091e-03
   9.2811240e-03
   9.2293955e-03
   8.1846481e-03
   6.4103524e-03
   3.5780822e-03
   4.6321074e-05
  -4.4075572e-03
  -9.1463588e-03
  -7.9953633e-03
   0.0000000e+00
   0.0000000e+00
   0.0000000e+00
   0.0000000e+00
   0.0000000e+00
   0.0000000e+00
   0.0000000e+00
   0.0000000e+00
   0.0000000e+00
   0.0000000e+00
   0.0000000e+00
   0.0000000e+00
   0.0000000e+00
   0.0000000e+00
   0.0000000e+00
   0.0000000e+00
   1.0537746e-02
   1.7416334e-02
   0.0000000e+00
   0.0000000e+00
   0.0000000e+00
   2.0477908e-02
   2.1998176e-02
   3.5443386e-02
   3.8357753e-02
   3.7408847e-02
   3.9820164e-02
   4.7135662e-02
   5.1046465e-02
   5.0407719e-02
   4.8413467e-02
   4.3288715e-02
   3.7721980e-02
   3.1971607e-02
   2.5372384e-02
   1.9970471e-02
   1.4605273e-02
   9.0125008e-03
   5.2940925e-03
   1.7979455e-03
  -2.1886716e-03
  -4.6549737e-03
  -6.4796191e-03
  -2.0141615e-02
  -2.0003637e-02
  -1.9443562e-02
  -1.8646799e-02
  -1.7951837e-02
  -1.7265345e-02
  -1.5971982e-02
  -1.4663416e-02
  -1.3435948e-02
  -1.2194520e-02
  -1.1263022e-02
  -1.0284716e-02
  -9.0013232e-03
  -8.0946602e-03
  -7.3062867e-03
  -6.4939621e-03
  -5.9623204e-03
  -5.5215082e-03
  -5.0560762e-03
  -4.7874434e-03
  -5.0170893e-03
  -5.9861499e-03
  -7.3008731e-03
  -9.1451158e-03
  -1.2197556e-02
  -1.5445456e-02
  -1.9437945e-02
  -2.2378717e-02
  -1.8260451e-02
   0.0000000e+00
   0.0000000e+00
   0.0000000e+00
   0.0000000e+00
   0.0000000e+00
   0.0000000e+00
   0.0000000e+00
   0.0000000e+00
   0.0000000e+00
   0.0000000e+00
   0.0000000e+00
   0.0000000e+00
   0.0000000e+00
   0.0000000e+00
   0.0000000e+00
   0.0000000e+00
   1.0537745e-02
   1.7416333e-02
   0.0000000e+00
   0.0000000e+00
   0.0000000e+00
   2.0477906e-02
   2.1998174e-02
   2.3254596e-02
   2.3187970e-02
   2.1876116e-02
   2.2836249e-02
   2.6312784e-02
   2.7785968e-02
   2.6435085e-02
   2.3985032e-02
   1.9482701e-02
   1.5121382e-02
   1.0510775e-02
   5.0443396e-03
   7.6810209e-04
  -3.3943041e-03
  -7.8011438e-03
  -1.0691808e-02
  -1.3299190e-02
  -1.6121571e-02
  -1.8048956e-02
  -1.9439543e-02
  -3.0115075e-02
  -2.9885277e-02
  -2.9246371e-02
  -2.8422464e-02
  -2.7788958e-02
  -2.7141547e-02
  -2.5756001e-02
  -2.4206750e-02
  -2.2672858e-02
  -2.1307468e-02
  -2.0309007e-02
  -1.9189369e-02
  -1.7883167e-02
  -1.7063610e-02
  -1.6443137e-02
  -1.5879178e-02
  -1.5695170e-02
  -1.5735412e-02
  -1.6057650e-02
  -1.6723476e-02
  -1.7834492e-02
  -1.9655596e-02
  -2.1471180e-02
  -2.3582261e-02
  -2.6612418e-02
  -2.9475998e-02
  -3.2469746e-02
  -3.1457134e-02
  -2.6133666e-02
   0.0000000e+00
   0.0000000e+00
   0.0000000e+00
   0.0000000e+00
   0.0000000e+00
   0.0000000e+00
   0.0000000e+00
   0.0000000e+00
   0.0000000e+00
   0.0000000e+00
   0.0000000e+00
   0.0000000e+00
   0.0000000e+00
   0.0000000e+00
   0.0000000e+00
   0.0000000e+00
  -7.8376208e-04
   5.0616001e-03
   5.5929560e-03
   0.0000000e+00
   5.6610614e-03
   8.3811700e-03
   7.0936964e-03
   6.6913608e-03
   6.1195404e-03
   4.7898479e-03
   4.5390283e-03
   4.7416901e-03
   3.1772153e-03
   1.4554498e-03
  -4.9258437e-04
  -3.5818077e-03
  -6.7045763e-03
  -1.0173663e-02
  -1.4250673e-02
  -1.7176051e-02
  -1.9942496e-02
  -2.3017712e-02
  -2.5002636e-02
  -2.6540020e-02
  -2.8091870e-02
  -2.9088976e-02
  -2.9795256e-02
  -3.6608469e-02
  -3.6170863e-02
  -3.5349108e-02
  -3.4377120e-02
  -3.3660993e-02
  -3.2854911e-02
  -3.1269103e-02
  -2.9565860e-02
  -2.7932446e-02
  -2.6455911e-02
  -2.5375597e-02
  -2.4282252e-02
  -2.3122754e-02
  -2.2429837e-02
  -2.2042643e-02
  -2.1901708e-02
  -2.2173652e-02
  -2.2806393e-02
  -2.3984239e-02
  -2.5370877e-02
  -2.7109385e-02
  -2.9581105e-02
  -3.1815678e-02
  -3.4155864e-02
  -3.7116211e-02
  -3.9391164e-02
  -4.0707879e-02
  -3.4188621e-02
  -2.5670264e-02
   0.0000000e+00
   0.0000000e+00
   0.0000000e+00
   0.0000000e+00
   0.0000000e+00
   0.0000000e+00
   0.0000000e+00
   0.0000000e+00
   0.0000000e+00
   0.0000000e+00
   0.0000000e+00
   0.0000000e+00
   0.0000000e+00
   0.0000000e+00
   0.0000000e+00
   0.0000000e+00
  -7.7488581e-03
  -2.6706068e-03
  -6.1947018e-03
  -9.3000047e-03
  -3.9883424e-03
  -1.4325918e-03
  -4.0123807e-03
  -5.3557968e-03
  -6.7381598e-03
  -8.8748466e-03
  -1.0197348e-02
  -1.1316502e-02
  -1.3361975e-02
  -1.5082742e-02
  -1.6832652e-02
  -1.9238392e-02
  -2.1684073e-02
  -2.4389857e-02
  -2.7462602e-02
  -2.9516535e-02
  -3.1354830e-02
  -3.3380702e-02
  -3.4550745e-02
  -3.5308339e-02
  -3.6031090e-02
  -3.6419652e-02
  -3.6645193e-02
  -4.2004271e-02
  -4.1326659e-02
  -4.0290828e-02
  -3.9090688e-02
  -3.8209918e-02
  -3.7174839e-02
  -3.5390835e-02
  -3.3609289e-02
  -3.1951822e-02
  -3.0380197e-02
  -2.9244976e-02
  -2.8256089e-02
  -2.7320905e-02
  -2.6810799e-02
  -2.6706657e-02
  -2.7064058e-02
  -2.7856309e-02
  -2.9129572e-02
  -3.1183643e-02
  -3.3242456e-02
  -3.5544205e-02
  -3.8592826e-02
  -4.1198170e-02
  -4.3734221e-02
  -4.6543302e-02
  -4.8003858e-02
  -4.7125945e-02
  -3.4476347e-02
  -2.2287331e-02
   0.0000000e+00
   0.0000000e+00
   0.0000000e+00
   0.0000000e+00
   0.0000000e+00
   0.0000000e+00
   0.0000000e+00
   0.0000000e+00
   0.0000000e+00
   0.0000000e+00
   0.0000000e+00
   0.0000000e+00
   0.0000000e+00
   0.0000000e+00
   0.0000000e+00
   0.0000000e+00
  -1.2996122e-02
  -9.8360104e-03
  -9.8896704e-03
  -1.0217449e-02
  -9.8985552e-03
  -1.0812021e-02
  -1.3771615e-02
  -1.5998529e-02
  -1.8276253e-02
  -2.1300075e-02
  -2.3529618e-02
  -2.5411109e-02
  -2.7381095e-02
  -2.9056877e-02
  -3.0740490e-02
  -3.2712571e-02
  -3.4632101e-02
  -3.6677531e-02
  -3.8865957e-02
  -4.0197044e-02
  -4.1245221e-02
  -4.2276322e-02
  -4.2688581e-02
  -4.2775186e-02
  -4.2776047e-02
  -4.2632172e-02
  -4.2417424e-02
  -4.7446049e-02
  -4.6416652e-02
  -4.5053129e-02
  -4.3245645e-02
  -4.1861618e-02
  -4.0376842e-02
  -3.8484904e-02
  -3.6922996e-02
  -3.5396093e-02
  -3.3774056e-02
  -3.2741952e-02
  -3.2122556e-02
  -3.1710684e-02
  -3.1717201e-02
  -3.2191504e-02
  -3.3416621e-02
  -3.5130545e-02
  -3.7386525e-02
  -4.0635728e-02
  -4.3591057e-02
  -4.6607373e-02
  -5.0263870e-02
  -5.3191701e-02
  -5.5845759e-02
  -5.8044125e-02
  -5.7382791e-02
  -5.1483645e-02
  -2.9124333e-02
  -1.1937716e-02
   0.0000000e+00
   0.0000000e+00
   0.0000000e+00
   0.0000000e+00
   0.0000000e+00
   0.0000000e+00
   0.0000000e+00
   0.0000000e+00
   0.0000000e+00
   0.0000000e+00
   0.0000000e+00
   0.0000000e+00
   0.0000000e+00
   0.0000000e+00
   0.0000000e+00
   0.0000000e+00
  -1.5807255e-02
  -1.4012781e-02
  -1.5225854e-02
  -1.6761971e-02
  -1.7641956e-02
  -1.9786289e-02
  -2.3996911e-02
  -2.8020303e-02
  -3.1575322e-02
  -3.5194549e-02
  -3.7861029e-02
  -4.0107946e-02
  -4.2150421e-02
  -4.4005949e-02
  -4.5961929e-02
  -4.7835734e-02
  -4.9183862e-02
  -5.0444736e-02
  -5.1639837e-02
  -5.2233401e-02
  -5.2408706e-02
  -5.2057175e-02
  -5.1671530e-02
  -5.1110394e-02
  -5.0185328e-02
  -4.9346537e-02
  -4.8509729e-02
  -4.9711648e-02
  -4.8372094e-02
  -4.6775032e-02
  -4.4647068e-02
  -4.2884357e-02
  -4.1222010e-02
  -3.9523240e-02
  -3.8220990e-02
  -3.6920782e-02
  -3.5586186e-02
  -3.4925472e-02
  -3.4735430e-02
  -3.4959488e-02
  -3.5526898e-02
  -3.6562718e-02
  -3.8574480e-02
  -4.0982548e-02
  -4.3918945e-02
  -4.7849055e-02
  -5.1245920e-02
  -5.4570869e-02
  -5.8368895e-02
  -6.1213534e-02
  -6.3536189e-02
  -6.4561605e-02
  -6.1559036e-02
  -5.2332148e-02
  -2.6130153e-02
  -9.6493857e-03
   0.0000000e+00
   0.0000000e+00
   0.0000000e+00
   0.0000000e+00
   0.0000000e+00
   0.0000000e+00
   0.0000000e+00
   0.0000000e+00
   0.0000000e+00
   0.0000000e+00
   0.0000000e+00
   0.0000000e+00
   0.0000000e+00
   0.0000000e+00
   0.0000000e+00
   0.0000000e+00
  -1.5365258e-02
  -1.4406370e-02
  -1.6414810e-02
  -1.9248135e-02
  -2.1739092e-02
  -2.4882860e-02
  -2.9932022e-02
  -3.4528807e-02
  -3.8519159e-02
  -4.2464316e-02
  -4.5252584e-02
  -4.7629915e-02
  -4.9985189e-02
  -5.1874503e-02
  -5.3762455e-02
  -5.5669144e-02
  -5.6876417e-02
  -5.7778534e-02
  -5.8533382e-02
  -5.8770135e-02
  -5.8429364e-02
  -5.7365209e-02
  -5.6537241e-02
  -5.5568568e-02
  -5.4010350e-02
  -5.2597716e-02
  -5.1247310e-02
  -5.0932981e-02
  -4.9415305e-02
  -4.7749273e-02
  -4.5548819e-02
  -4.3690145e-02
  -4.2034049e-02
  -4.0499870e-02
  -3.9401010e-02
  -3.8336735e-02
  -3.7334427e-02
  -3.7006851e-02
  -3.7186686e-02
  -3.7917916e-02
  -3.8950298e-02
  -4.0479984e-02
  -4.3095097e-02
  -4.5954760e-02
  -4.9272727e-02
  -5.3507052e-02
  -5.7037156e-02
  -6.0383420e-02
  -6.4025737e-02
  -6.6597477e-02
  -6.8471991e-02
  -6.8368949e-02
  -6.3728422e-02
  -5.2058637e-02
  -2.2700485e-02
  -6.5910346e-03
   0.0000000e+00
   0.0000000e+00
   0.0000000e+00
   0.0000000e+00
   0.0000000e+00
   0.0000000e+00
   0.0000000e+00
   0.0000000e+00
   0.0000000e+00
   0.0000000e+00
   0.0000000e+00
   0.0000000e+00
   0.0000000e+00
   0.0000000e+00
   0.0000000e+00
   0.0000000e+00
  -1.3545961e-02
  -1.3897090e-02
  -1.7079793e-02
  -2.1082001e-02
  -2.4634052e-02
  -2.8484125e-02
  -3.3927023e-02
  -3.8711436e-02
  -4.2859934e-02
  -4.6907991e-02
  -4.9718864e-02
  -5.2112766e-02
  -5.4558396e-02
  -5.6376621e-02
  -5.8127254e-02
  -6.0029380e-02
  -6.1213937e-02
  -6.1981793e-02
  -6.2517278e-02
  -6.2536895e-02
  -6.1887357e-02
  -6.0438886e-02
  -5.9309773e-02
  -5.8053747e-02
  -5.6127049e-02
  -5.4414645e-02
  -5.2778699e-02
  -5.1756701e-02
  -5.0097704e-02
  -4.8495619e-02
  -4.6440928e-02
  -4.4727473e-02
  -4.3273491e-02
  -4.1967665e-02
  -4.1129054e-02
  -4.0444615e-02
  -4.0010607e-02
  -4.0165711e-02
  -4.0863676e-02
  -4.2255935e-02
  -4.3917524e-02
  -4.6151294e-02
  -4.9521325e-02
  -5.2835775e-02
  -5.6439770e-02
  -6.0757290e-02
  -6.4173862e-02
  -6.7253000e-02
  -7.0340019e-02
  -7.2285079e-02
  -7.3334331e-02
  -7.1507271e-02
  -6.5032529e-02
  -5.0455586e-02
  -1.6863633e-02
  -9.8678591e-04
   0.0000000e+00
   0.0000000e+00
   0.0000000e+00
   0.0000000e+00
   0.0000000e+00
   0.0000000e+00
   0.0000000e+00
   0.0000000e+00
   0.0000000e+00
   0.0000000e+00
   0.0000000e+00
   0.0000000e+00
   0.0000000e+00
   0.0000000e+00
   0.0000000e+00
   0.0000000e+00
  -9.2504497e-03
  -1.2153396e-02
  -1.7574956e-02
  -2.3276900e-02
  -2.7918527e-02
  -3.2570102e-02
  -3.8165410e-02
  -4.2840594e-02
  -4.6947241e-02
  -5.0923405e-02
  -5.3665956e-02
  -5.5966775e-02
  -5.8321454e-02
  -5.9918393e-02
  -6.1381088e-02
  -6.3236863e-02
  -6.4509378e-02
  -6.5301482e-02
  -6.5723863e-02
  -6.5548930e-02
  -6.4631853e-02
  -6.2923827e-02
  -6.1469955e-02
  -5.9888771e-02
  -5.7660872e-02
  -5.5764849e-02
  -5.3919507e-02
  -5.3310920e-02
  -5.2314454e-02
  -5.1365744e-02
  -5.0122324e-02
  -4.9072562e-02
  -4.8157204e-02
  -4.7263805e-02
  -4.6743112e-02
  -4.6498261e-02
  -4.6729319e-02
  -4.7467368e-02
  -4.8732236e-02
  -5.0824936e-02
  -5.3054565e-02
  -5.5676222e-02
  -5.9095729e-02
  -6.2092833e-02
  -6.5077968e-02
  -6.8424396e-02
  -7.0870294e-02
  -7.2884291e-02
  -7.4540928e-02
  -7.5069866e-02
  -7.4247092e-02
  -6.9458731e-02
  -6.0700514e-02
  -4.5660775e-02
  -2.0995151e-02
  -0.0000000e+00
   0.0000000e+00
   0.0000000e+00
   0.0000000e+00
   0.0000000e+00
   0.0000000e+00
   0.0000000e+00
   0.0000000e+00
   0.0000000e+00
   0.0000000e+00
   0.0000000e+00
   0.0000000e+00
  -1.4374391e-02
  -8.6944589e-03
   1.1505131e-04
   0.0000000e+00
  -8.2341513e-03
  -8.6264638e-03
  -1.4082235e-02
  -2.0891998e-02
  -2.7615739e-02
  -3.2272912e-02
  -3.6419414e-02
  -4.1245613e-02
  -4.5204060e-02
  -4.8762262e-02
  -5.2262973e-02
  -5.4658809e-02
  -5.6555770e-02
  -5.8457538e-02
  -5.9659869e-02
  -6.0776591e-02
  -6.2298443e-02
  -6.3449509e-02
  -6.4313941e-02
  -6.4695798e-02
  -6.4345710e-02
  -6.3404948e-02
  -6.1836373e-02
  -6.0380597e-02
  -5.8891401e-02
  -5.7148859e-02
  -5.5835270e-02
  -5.4662250e-02
  -5.5204607e-02
  -5.5011179e-02
  -5.4817937e-02
  -5.4419156e-02
  -5.3973279e-02
  -5.3535390e-02
  -5.3069196e-02
  -5.2852637e-02
  -5.2923850e-02
  -5.3530774e-02
  -5.4504986e-02
  -5.5903911e-02
  -5.8047354e-02
  -6.0164973e-02
  -6.2493127e-02
  -6.5361548e-02
  -6.7771118e-02
  -7.0084651e-02
  -7.2602321e-02
  -7.4353856e-02
  -7.5649415e-02
  -7.6259774e-02
  -7.5630543e-02
  -7.3422302e-02
  -6.7265135e-02
  -5.8266934e-02
  -4.4146641e-02
  -2.2264509e-02
   0.0000000e+00
   0.0000000e+00
   0.0000000e+00
   0.0000000e+00
   0.0000000e+00
   0.0000000e+00
   0.0000000e+00
   0.0000000e+00
   0.0000000e+00
   0.0000000e+00
   0.0000000e+00
   0.0000000e+00
  -1.8676856e-02
  -1.3446153e-02
  -7.5749419e-03
  -1.8319141e-02
  -1.2054150e-02
  -1.1818588e-02
  -1.7634430e-02
  -2.4186933e-02
  -3.0631917e-02
  -3.4788022e-02
  -3.8283451e-02
  -4.2329176e-02
  -4.5680485e-02
  -4.8800911e-02
  -5.1904857e-02
  -5.4040208e-02
  -5.5724222e-02
  -5.7290140e-02
  -5.8196727e-02
  -5.9051890e-02
  -6.0246963e-02
  -6.1166424e-02
  -6.1904144e-02
  -6.2162720e-02
  -6.1755162e-02
  -6.0911376e-02
  -5.9620257e-02
  -5.8460045e-02
  -5.7396106e-02
  -5.6424498e-02
  -5.5882539e-02
  -5.5532027e-02
  -5.8387890e-02
  -5.9542718e-02
  -6.0603508e-02
  -6.1568168e-02
  -6.2057134e-02
  -6.2351792e-02
  -6.2574205e-02
  -6.2836255e-02
  -6.3352708e-02
  -6.4421120e-02
  -6.5606435e-02
  -6.7012475e-02
  -6.8926495e-02
  -7.0540552e-02
  -7.2074997e-02
  -7.3777340e-02
  -7.5120488e-02
  -7.6337412e-02
  -7.7600888e-02
  -7.8376646e-02
  -7.8691671e-02
  -7.7816314e-02
  -7.5462566e-02
  -7.1276471e-02
  -6.3696271e-02
  -5.5291342e-02
  -4.3298199e-02
   0.0000000e+00
   0.0000000e+00
   0.0000000e+00
   0.0000000e+00
   0.0000000e+00
   0.0000000e+00
   0.0000000e+00
   0.0000000e+00
   0.0000000e+00
   0.0000000e+00
   0.0000000e+00
   0.0000000e+00
   0.0000000e+00
  -2.7596127e-02
  -2.3296704e-02
  -1.9531309e-02
  -1.8319142e-02
  -1.7993463e-02
  -1.8734131e-02
  -2.4076945e-02
  -2.9433004e-02
  -3.4812010e-02
  -3.7921932e-02
  -4.0308927e-02
  -4.3104080e-02
  -4.5539125e-02
  -4.8014017e-02
  -5.0522569e-02
  -5.2283527e-02
  -5.3719026e-02
  -5.4805061e-02
  -5.5287035e-02
  -5.5765235e-02
  -5.6442391e-02
  -5.6939724e-02
  -5.7380243e-02
  -5.7402601e-02
  -5.6959545e-02
  -5.6328146e-02
  -5.5545597e-02
  -5.4998996e-02
  -5.4772703e-02
  -5.5167447e-02
  -5.5946889e-02
  -5.6980329e-02
  -6.2910393e-02
  -6.6065177e-02
  -6.8979107e-02
  -7.1990043e-02
  -7.3987490e-02
  -7.5632282e-02
  -7.7190310e-02
  -7.8270024e-02
  -7.9284996e-02
  -8.0425411e-02
  -8.1233760e-02
  -8.1939042e-02
  -8.2602285e-02
  -8.2931836e-02
  -8.3057441e-02
  -8.2954124e-02
  -8.2665434e-02
  -8.2196131e-02
  -8.1370279e-02
  -8.0309530e-02
  -7.8593642e-02
  -7.4841633e-02
  -6.9864786e-02
  -6.3275948e-02
  -5.3311612e-02
  -4.1701245e-02
  -2.3237035e-02
   0.0000000e+00
   0.0000000e+00
   0.0000000e+00
   0.0000000e+00
   0.0000000e+00
   0.0000000e+00
   0.0000000e+00
   0.0000000e+00
   0.0000000e+00
   0.0000000e+00
   0.0000000e+00
   0.0000000e+00
   0.0000000e+00
  -3.6752387e-02
  -3.3548601e-02
  -3.0488048e-02
  -2.7477393e-02
  -2.5676001e-02
  -2.7346924e-02
  -3.0976767e-02
  -3.4055065e-02
  -3.7072986e-02
  -3.8520365e-02
  -3.9457373e-02
  -4.0663995e-02
  -4.2008607e-02
  -4.3724082e-02
  -4.5704037e-02
  -4.7225142e-02
  -4.8495784e-02
  -4.9275961e-02
  -4.9412736e-02
  -4.9425721e-02
  -4.9322046e-02
  -4.9019186e-02
  -4.8722055e-02
  -4.8441432e-02
  -4.8196016e-02
  -4.8106082e-02
  -4.8384868e-02
  -4.9114937e-02
  -5.0530165e-02
  -5.3162660e-02
  -5.5894081e-02
  -5.8974892e-02
  -6.4090811e-02
  -6.8142422e-02
  -7.1913271e-02
  -7.5899726e-02
  -7.8682922e-02
  -8.1100156e-02
  -8.3536920e-02
  -8.5220180e-02
  -8.6671715e-02
  -8.8038933e-02
  -8.8781543e-02
  -8.9209002e-02
  -8.9289081e-02
  -8.8942058e-02
  -8.8271011e-02
  -8.7083545e-02
  -8.5791737e-02
  -8.4219624e-02
  -8.1889582e-02
  -7.9460248e-02
  -7.6356469e-02
  -7.0973216e-02
  -6.4751752e-02
  -5.7148852e-02
  -4.6061995e-02
  -3.4049425e-02
  -1.8772567e-02
   0.0000000e+00
   0.0000000e+00
   0.0000000e+00
   0.0000000e+00
   0.0000000e+00
   0.0000000e+00
   0.0000000e+00
   0.0000000e+00
   0.0000000e+00
   0.0000000e+00
   0.0000000e+00
   0.0000000e+00
   0.0000000e+00
  -3.8796644e-02
  -3.7515964e-02
  -3.4559879e-02
  -3.0261528e-02
  -2.8388961e-02
  -3.0394813e-02
  -3.3059876e-02
  -3.4948077e-02
  -3.6693565e-02
  -3.7325554e-02
  -3.7594772e-02
  -3.8046735e-02
  -3.8864095e-02
  -4.0199305e-02
  -4.1967115e-02
  -4.3425713e-02
  -4.4673758e-02
  -4.5417695e-02
  -4.5476485e-02
  -4.5287760e-02
  -4.4776047e-02
  -4.4077437e-02
  -4.3456274e-02
  -4.3112243e-02
  -4.3069672e-02
  -4.3336304e-02
  -4.4231540e-02
  -4.5640770e-02
  -4.7838038e-02
  -5.1478734e-02
  -5.5073190e-02
  -5.9051469e-02
  -6.4505097e-02
  -6.9649431e-02
  -7.4495817e-02
  -7.9740866e-02
  -8.3613521e-02
  -8.7173769e-02
  -9.1019348e-02
  -9.3724195e-02
  -9.5965072e-02
  -9.7843645e-02
  -9.8630954e-02
  -9.8763947e-02
  -9.8106488e-02
  -9.6813517e-02
  -9.4972577e-02
  -9.2132525e-02
  -8.9290532e-02
  -8.5955841e-02
  -8.1107560e-02
  -7.6352066e-02
  -7.0980668e-02
  -6.3197427e-02
  -5.5376788e-02
  -4.6614912e-02
  -3.4095720e-02
  -2.2843782e-02
  -1.8912860e-02
   0.0000000e+00
   0.0000000e+00
   0.0000000e+00
   0.0000000e+00
   0.0000000e+00
   0.0000000e+00
   0.0000000e+00
   0.0000000e+00
   0.0000000e+00
   0.0000000e+00
   0.0000000e+00
   0.0000000e+00
   0.0000000e+00
   0.0000000e+00
  -4.2946884e-02
  -3.8504719e-02
  -3.2055894e-02
  -3.0810164e-02
  -3.3124775e-02
  -3.4376676e-02
  -3.4610960e-02
  -3.4547857e-02
  -3.4101888e-02
  -3.3536182e-02
  -3.3017475e-02
  -3.3146114e-02
  -3.3970009e-02
  -3.5509397e-02
  -3.6946233e-02
  -3.8228796e-02
  -3.9050482e-02
  -3.9107034e-02
  -3.8680902e-02
  -3.7602053e-02
  -3.6376591e-02
  -3.5368766e-02
  -3.5035027e-02
  -3.5377600e-02
  -3.6216153e-02
  -3.8032314e-02
  -4.0397949e-02
  -4.3603645e-02
  -4.8478546e-02
  -5.3109740e-02
  -5.8156695e-02
  -6.0534213e-02
  -6.5539271e-02
  -7.0320725e-02
  -7.5608589e-02
  -7.9688959e-02
  -8.3622627e-02
  -8.8169768e-02
  -9.1533393e-02
  -9.4412051e-02
  -9.6969910e-02
  -9.8093212e-02
  -9.8319888e-02
  -9.7542211e-02
  -9.5971256e-02
  -9.3679294e-02
  -8.9997560e-02
  -8.6206317e-02
  -8.1708819e-02
  -7.5243823e-02
  -6.8997607e-02
  -6.2182747e-02
  -5.3054187e-02
  -4.4404827e-02
  -3.4741260e-02
  -2.0341778e-02
  -7.9759713e-03
  -3.8656138e-03
   0.0000000e+00
   0.0000000e+00
   0.0000000e+00
   0.0000000e+00
   0.0000000e+00
   0.0000000e+00
   0.0000000e+00
   0.0000000e+00
   0.0000000e+00
   0.0000000e+00
   0.0000000e+00
   0.0000000e+00
   0.0000000e+00
   0.0000000e+00
  -4.2946884e-02
  -4.0074553e-02
  -3.1312536e-02
  -3.0111367e-02
  -3.1441167e-02
  -3.1173222e-02
  -3.0356910e-02
  -2.9181147e-02
  -2.8059300e-02
  -2.6948985e-02
  -2.5818814e-02
  -2.5463112e-02
  -2.5913766e-02
  -2.7361296e-02
  -2.8911579e-02
  -3.0428972e-02
  -3.1684972e-02
  -3.2080945e-02
  -3.1888876e-02
  -3.0882217e-02
  -2.9639892e-02
  -2.8711271e-02
  -2.8791957e-02
  -2.9748807e-02
  -3.1278335e-02
  -3.3929788e-02
  -3.6796354e-02
  -4.0255554e-02
  -4.5218885e-02
  -4.9733732e-02
  -5.4505736e-02
  -5.9306741e-02
  -6.4015150e-02
  -6.8532616e-02
  -7.3546670e-02
  -7.7442488e-02
  -8.1232741e-02
  -8.5682258e-02
  -8.8998747e-02
  -9.1830626e-02
  -9.4332360e-02
  -9.5359888e-02
  -9.5445931e-02
  -9.4470628e-02
  -9.2704628e-02
  -9.0178594e-02
  -8.6128041e-02
  -8.1975033e-02
  -7.7088736e-02
  -7.0163473e-02
  -6.3528776e-02
  -5.6332085e-02
  -4.6849698e-02
  -3.7990219e-02
  -2.8036648e-02
  -1.2967527e-02
  -7.3110146e-04
   2.9693133e-03
   0.0000000e+00
   0.0000000e+00
   0.0000000e+00
   0.0000000e+00
   0.0000000e+00
   0.0000000e+00
   0.0000000e+00
   0.0000000e+00
   0.0000000e+00
   0.0000000e+00
   0.0000000e+00
   0.0000000e+00
   0.0000000e+00
   0.0000000e+00
   0.0000000e+00
  -3.9957117e-02
  -3.0434037e-02
  -2.9187841e-02
  -2.9796340e-02
  -2.8745508e-02
  -2.7413713e-02
  -2.5696488e-02
  -2.4235365e-02
  -2.2848938e-02
  -2.1416102e-02
  -2.0814917e-02
  -2.1064430e-02
  -2.2469796e-02
  -2.4172270e-02
  -2.5958208e-02
  -2.7623110e-02
  -2.8376980e-02
  -2.8525891e-02
  -2.7794313e-02
  -2.6676868e-02
  -2.5919592e-02
  -2.6432887e-02
  -2.7883245e-02
  -2.9929874e-02
  -3.3176482e-02
  -3.6371249e-02
  -3.9965261e-02
  -4.4896148e-02
  -4.9223004e-02
  -5.3682126e-02
  -5.9656050e-02
  -6.3355619e-02
  -6.6896597e-02
  -7.0751087e-02
  -7.3627046e-02
  -7.6342093e-02
  -7.9463636e-02
  -8.1712438e-02
  -8.3505986e-02
  -8.4876428e-02
  -8.5070641e-02
  -8.4465475e-02
  -8.2854656e-02
  -8.0673782e-02
  -7.7806235e-02
  -7.3392289e-02
  -6.9047702e-02
  -6.4145469e-02
  -5.7521444e-02
  -5.1309145e-02
  -4.4498609e-02
  -3.5384325e-02
  -2.6783212e-02
  -1.6863555e-02
  -1.6038507e-03
   8.6271929e-03
   1.0437825e-02
   0.0000000e+00
   0.0000000e+00
   0.0000000e+00
   0.0000000e+00
   0.0000000e+00
   0.0000000e+00
   0.0000000e+00
   0.0000000e+00
   0.0000000e+00
   0.0000000e+00
   0.0000000e+00
   0.0000000e+00
   0.0000000e+00
   0.0000000e+00
   0.0000000e+00
  -2.9697525e-02
  -2.7887347e-02
  -2.6400458e-02
  -2.5416991e-02
  -2.3239265e-02
  -2.1231909e-02
  -1.8817253e-02
  -1.6890718e-02
  -1.5118298e-02
  -1.3281630e-02
  -1.2337442e-02
  -1.2274449e-02
  -1.3632429e-02
  -1.5796536e-02
  -1.8350842e-02
  -2.1083433e-02
  -2.2826079e-02
  -2.4036002e-02
  -2.4315867e-02
  -2.3723750e-02
  -2.3550838e-02
  -2.5253777e-02
  -2.7872669e-02
  -3.1080591e-02
  -3.5610472e-02
  -3.9459231e-02
  -4.3258211e-02
  -4.7940596e-02
  -5.1665574e-02
  -5.5231248e-02
  -6.9251716e-02
  -7.2315849e-02
  -7.5004011e-02
  -7.7617109e-02
  -7.9231858e-02
  -8.0451205e-02
  -8.1432052e-02
  -8.1741132e-02
  -8.1529275e-02
  -8.0537036e-02
  -7.8924902e-02
  -7.6707110e-02
  -7.3378131e-02
  -7.0030101e-02
  -6.6226460e-02
  -6.1018623e-02
  -5.6293964e-02
  -5.1240958e-02
  -4.4769656e-02
  -3.9077558e-02
  -3.3073902e-02
  -2.5199190e-02
  -1.7730854e-02
  -8.8878553e-03
   4.9346574e-03
   1.7134015e-02
   2.0979993e-02
   0.0000000e+00
   0.0000000e+00
   0.0000000e+00
   0.0000000e+00
   0.0000000e+00
   0.0000000e+00
   0.0000000e+00
   0.0000000e+00
   0.0000000e+00
   0.0000000e+00
   0.0000000e+00
   0.0000000e+00
   0.0000000e+00
   0.0000000e+00
   0.0000000e+00
  -2.7771678e-02
  -2.5843130e-02
  -2.3947150e-02
  -2.1832190e-02
  -1.9052686e-02
  -1.6576491e-02
  -1.3757478e-02
  -1.1552894e-02
  -9.5130010e-03
  -7.4047577e-03
  -6.2597040e-03
  -6.0498659e-03
  -7.4665947e-03
  -1.0116441e-02
  -1.3501704e-02
  -1.7506611e-02
  -2.0490220e-02
  -2.3243239e-02
  -2.5273051e-02
  -2.5540857e-02
  -2.5996946e-02
  -2.9005084e-02
  -3.3041324e-02
  -3.7568755e-02
  -4.3474417e-02
  -4.8206910e-02
  -5.2647792e-02
  -5.7798296e-02
  -6.1701782e-02
  -6.5218627e-02
  -7.5586997e-02
  -7.8249566e-02
  -8.0396235e-02
  -8.2224116e-02
  -8.3031215e-02
  -8.3291210e-02
  -8.2895115e-02
  -8.1942081e-02
  -8.0425203e-02
  -7.7895924e-02
  -7.5101502e-02
  -7.1822017e-02
  -6.7358963e-02
  -6.3245721e-02
  -5.8842227e-02
  -5.3147882e-02
  -4.8203897e-02
  -4.3077163e-02
  -3.6701940e-02
  -3.1297315e-02
  -2.5737075e-02
  -1.8558571e-02
  -1.1728646e-02
  -3.5274993e-03
   9.3931099e-03
   2.2742080e-02
   2.7689157e-02
   0.0000000e+00
   0.0000000e+00
   0.0000000e+00
   0.0000000e+00
   0.0000000e+00
   0.0000000e+00
   0.0000000e+00
   0.0000000e+00
   0.0000000e+00
   0.0000000e+00
   0.0000000e+00
   0.0000000e+00
   0.0000000e+00
   0.0000000e+00
   0.0000000e+00
  -2.6570898e-02
  -2.4576332e-02
  -2.2411220e-02
  -1.9526493e-02
  -1.6360022e-02
  -1.3565791e-02
  -1.0464500e-02
  -8.0641955e-03
  -5.8365101e-03
  -3.5347838e-03
  -2.2463803e-03
  -1.9307056e-03
  -3.3666319e-03
  -6.3116993e-03
  -1.0238677e-02
  -1.5091128e-02
  -1.8854668e-02
  -2.2661913e-02
  -2.5965305e-02
  -2.6877027e-02
  -2.7726285e-02
  -3.1557668e-02
  -3.6526352e-02
  -4.1893415e-02
  -4.8664220e-02
  -5.3954553e-02
  -5.8809489e-02
  -6.4273886e-02
  -6.8296097e-02
  -7.1789093e-02
  -8.7244027e-02
  -8.9372384e-02
  -9.0768119e-02
  -9.1542727e-02
  -9.1148594e-02
  -8.9963782e-02
  -8.7448224e-02
  -8.4383973e-02
  -8.0682119e-02
  -7.5584832e-02
  -7.0732261e-02
  -6.5533501e-02
  -5.8986969e-02
  -5.3526843e-02
  -4.8226544e-02
  -4.2065649e-02
  -3.7077809e-02
  -3.2109396e-02
  -2.5856727e-02
  -2.0343807e-02
  -1.4582772e-02
  -7.2941461e-03
  -3.9255770e-04
   7.4129604e-03
   1.9208716e-02
   3.2966252e-02
   3.7176403e-02
   0.0000000e+00
   0.0000000e+00
   0.0000000e+00
   0.0000000e+00
   0.0000000e+00
   0.0000000e+00
   0.0000000e+00
   0.0000000e+00
   0.0000000e+00
   0.0000000e+00
   0.0000000e+00
   0.0000000e+00
   0.0000000e+00
   0.0000000e+00
   0.0000000e+00
  -2.5166420e-02
  -2.3188521e-02
  -2.0539166e-02
  -1.5979182e-02
  -1.2218474e-02
  -8.7423043e-03
  -4.9472420e-03
  -2.0485431e-03
   6.5221138e-04
   3.4714257e-03
   5.1457980e-03
   5.7573951e-03
   4.5091748e-03
   1.3109338e-03
  -3.5342649e-03
  -1.0031941e-02
  -1.4782256e-02
  -2.0932755e-02
  -2.7925548e-02
  -3.0889382e-02
  -3.2210410e-02
  -3.7118431e-02
  -4.3765077e-02
  -5.0318062e-02
  -5.8189084e-02
  -6.4214148e-02
  -6.9720137e-02
  -7.5816916e-02
  -8.0067474e-02
  -8.3612171e-02
  -8.6137019e-02
  -8.8290378e-02
  -8.9716196e-02
  -9.0493165e-02
  -9.0109043e-02
  -8.8950075e-02
  -8.6476207e-02
  -8.3448581e-02
  -7.9813533e-02
  -7.4820414e-02
  -7.0055105e-02
  -6.4910807e-02
  -5.8343031e-02
  -5.2809849e-02
  -4.7414765e-02
  -4.1090928e-02
  -3.5913657e-02
  -3.0673865e-02
  -2.4005178e-02
  -1.8056385e-02
  -1.1711132e-02
  -3.4855844e-03
   4.0713125e-03
   1.2029114e-02
   2.4675909e-02
   3.6067128e-02
   0.0000000e+00
   0.0000000e+00
   0.0000000e+00
   0.0000000e+00
   0.0000000e+00
   0.0000000e+00
   0.0000000e+00
   0.0000000e+00
   0.0000000e+00
   0.0000000e+00
   0.0000000e+00
   0.0000000e+00
   0.0000000e+00
   0.0000000e+00
   0.0000000e+00
   0.0000000e+00
  -2.4917934e-02
  -2.2978870e-02
  -2.0395320e-02
  -1.5349642e-02
  -1.1373227e-02
  -7.4909772e-03
  -3.1670185e-03
   1.5834822e-04
   3.2537077e-03
   6.4951638e-03
   8.5167307e-03
   9.4612762e-03
   8.5457796e-03
   5.6219366e-03
   5.1707652e-04
  -6.8425816e-03
  -1.2054481e-02
  -1.9642880e-02
  -2.8246535e-02
  -3.1533398e-02
  -3.2345373e-02
  -3.6750205e-02
  -4.3712907e-02
  -5.0484877e-02
  -5.8197789e-02
  -6.4026073e-02
  -6.9267496e-02
  -7.5053506e-02
  -7.9090029e-02
  -8.2527876e-02
  -8.5029994e-02
  -8.7208384e-02
  -8.8664279e-02
  -8.9443600e-02
  -8.9069491e-02
  -8.7936375e-02
  -8.5504202e-02
  -8.2513173e-02
  -7.8944927e-02
  -7.4056000e-02
  -6.9377949e-02
  -6.4288100e-02
  -5.7699090e-02
  -5.2092851e-02
  -4.6602984e-02
  -4.0116203e-02
  -3.4749503e-02
  -2.9238327e-02
  -2.2153621e-02
  -1.5768965e-02
  -8.8394905e-03
   3.2297803e-04
   8.5351819e-03
   1.6645265e-02
   3.0143097e-02
   4.2268881e-02
   0.0000000e+00
   0.0000000e+00
   0.0000000e+00
   0.0000000e+00
   0.0000000e+00
   0.0000000e+00
   0.0000000e+00
   0.0000000e+00
   0.0000000e+00
   0.0000000e+00
   0.0000000e+00
   0.0000000e+00
   0.0000000e+00
   0.0000000e+00
   0.0000000e+00
   0.0000000e+00
  -2.4669445e-02
  -2.2769217e-02
  -2.0251468e-02
  -1.4720100e-02
  -1.0527979e-02
  -6.2396490e-03
  -1.3867946e-03
   2.3652396e-03
   5.8552030e-03
   9.5189010e-03
   1.1887664e-02
   1.3165156e-02
   1.2582382e-02
   9.9329385e-03
   4.5684182e-03
  -3.6532205e-03
  -9.3267041e-03
  -1.8353003e-02
  -2.8567517e-02
  -3.2177406e-02
  -3.2480325e-02
  -3.6381965e-02
  -4.3660734e-02
  -5.0651681e-02
  -5.8206488e-02
  -6.3837992e-02
  -6.8814849e-02
  -7.4290089e-02
  -7.8112564e-02
  -8.1443579e-02
  -7.4797302e-02
  -7.6708525e-02
  -7.7929109e-02
  -7.8658432e-02
  -7.8529291e-02
  -7.7954419e-02
  -7.6659992e-02
  -7.4993148e-02
  -7.2982706e-02
  -7.0093803e-02
  -6.7146562e-02
  -6.3737638e-02
  -5.8915760e-02
  -5.4315984e-02
  -4.9308900e-02
  -4.2620510e-02
  -3.6437884e-02
  -2.9703731e-02
  -2.0909548e-02
  -1.3040740e-02
  -4.7741509e-03
   5.4327496e-03
   1.3652260e-02
   2.1137767e-02
   2.7343557e-02
   0.0000000e+00
   0.0000000e+00
   0.0000000e+00
   0.0000000e+00
   0.0000000e+00
   0.0000000e+00
   0.0000000e+00
   0.0000000e+00
   0.0000000e+00
   0.0000000e+00
   0.0000000e+00
   0.0000000e+00
   0.0000000e+00
   0.0000000e+00
   0.0000000e+00
   0.0000000e+00
   0.0000000e+00
  -2.6503429e-02
  -2.4895862e-02
  -2.2219969e-02
  -1.6392276e-02
  -1.1543281e-02
  -6.3389651e-03
  -3.2192509e-04
   4.4950973e-03
   9.0877153e-03
   1.4347330e-02
   1.8015835e-02
   2.0520190e-02
   2.0824995e-02
   1.9496849e-02
   1.4308944e-02
   7.3278661e-03
  -0.0000000e+00
  -0.0000000e+00
  -0.0000000e+00
  -0.0000000e+00
  -2.8696548e-02
  -3.0695325e-02
  -3.7028439e-02
  -4.3782935e-02
  -5.0474651e-02
  -5.5613138e-02
  -6.0264383e-02
  -6.5106750e-02
  -6.8689093e-02
  -7.1695149e-02
  -6.7545198e-02
  -6.9230378e-02
  -7.0357636e-02
  -7.1156099e-02
  -7.1262091e-02
  -7.1050137e-02
  -7.0423663e-02
  -6.9488816e-02
  -6.8325549e-02
  -6.6629931e-02
  -6.4811870e-02
  -6.2540643e-02
  -5.8966078e-02
  -5.5147246e-02
  -5.0675184e-02
  -4.4362519e-02
  -3.8259592e-02
  -3.1353246e-02
  -2.2076894e-02
  -1.3675320e-02
  -4.8778239e-03
   5.7087773e-03
   1.3971995e-02
   2.1081224e-02
   2.4778806e-02
   0.0000000e+00
   0.0000000e+00
   0.0000000e+00
   0.0000000e+00
   0.0000000e+00
   0.0000000e+00
   0.0000000e+00
   0.0000000e+00
   0.0000000e+00
   0.0000000e+00
   0.0000000e+00
   0.0000000e+00
   0.0000000e+00
   0.0000000e+00
   0.0000000e+00
   0.0000000e+00
   0.0000000e+00
  -2.8425850e-02
  -2.7084401e-02
  -2.4280474e-02
  -1.8279891e-02
  -1.3045567e-02
  -7.2485465e-03
  -4.5519829e-04
   4.9866340e-03
   1.0336787e-02
   1.6993884e-02
   2.1745676e-02
   2.4791770e-02
   2.5632598e-02
   2.4880555e-02
   1.9614210e-02
   1.3112093e-02
   0.0000000e+00
   0.0000000e+00
   0.0000000e+00
   0.0000000e+00
  -2.8315075e-02
  -2.8911777e-02
  -3.4795210e-02
  -4.0872946e-02
  -4.6706688e-02
  -5.1161423e-02
  -5.5174973e-02
  -5.9296057e-02
  -6.2344927e-02
  -6.4882137e-02
  -5.6146935e-02
  -5.7469957e-02
  -5.8464311e-02
  -5.9391081e-02
  -5.9878171e-02
  -6.0230469e-02
  -6.0627867e-02
  -6.0804766e-02
  -6.0924786e-02
  -6.1062602e-02
  -6.1001016e-02
  -6.0507847e-02
  -5.8892752e-02
  -5.6314044e-02
  -5.2719060e-02
  -4.7094288e-02
  -4.1240134e-02
  -3.4193532e-02
  -2.4296265e-02
  -1.5154773e-02
  -5.6010686e-03
   5.5146415e-03
   1.3853785e-02
   2.0384074e-02
   2.0762886e-02
   0.0000000e+00
   0.0000000e+00
   0.0000000e+00
   0.0000000e+00
   0.0000000e+00
   0.0000000e+00
   0.0000000e+00
   0.0000000e+00
   0.0000000e+00
   0.0000000e+00
   0.0000000e+00
   0.0000000e+00
   0.0000000e+00
   0.0000000e+00
   0.0000000e+00
   0.0000000e+00
   0.0000000e+00
  -3.1564227e-02
  -3.0652060e-02
  -2.7643904e-02
  -2.1378561e-02
  -1.5553666e-02
  -8.8356792e-03
  -8.3134981e-04
   5.5681108e-03
   1.2104402e-02
   2.1007958e-02
   2.7492806e-02
   3.1328830e-02
   3.2994679e-02
   3.3080464e-02
   2.7652610e-02
   2.1341198e-02
   0.0000000e+00
   0.0000000e+00
   0.0000000e+00
   0.0000000e+00
   0.0000000e+00
  -2.6530269e-02
  -3.1748329e-02
  -3.6666817e-02
  -4.1105823e-02
  -4.4423130e-02
  -4.7358017e-02
  -5.0294254e-02
  -5.2436475e-02
  -5.4192016e-02
  -5.9657607e-02
  -6.1081953e-02
  -6.2363073e-02
  -6.3833021e-02
  -6.5012157e-02
  -6.6144332e-02
  -6.7657068e-02
  -6.8883330e-02
  -7.0110023e-02
  -7.1616083e-02
  -7.2553076e-02
  -7.2807401e-02
  -7.1745038e-02
  -6.9420904e-02
  -6.5999493e-02
  -6.0413055e-02
  -5.4247607e-02
  -4.6514429e-02
  -3.5371758e-02
  -2.4954855e-02
  -1.3968667e-02
  -1.1087921e-03
   8.6769536e-03
   1.6495526e-02
   1.5843801e-02
   0.0000000e+00
   0.0000000e+00
   0.0000000e+00
   0.0000000e+00
   0.0000000e+00
   0.0000000e+00
   0.0000000e+00
   0.0000000e+00
   0.0000000e+00
   0.0000000e+00
   0.0000000e+00
   0.0000000e+00
   0.0000000e+00
   0.0000000e+00
   0.0000000e+00
   0.0000000e+00
   0.0000000e+00
  -3.7825453e-02
  -3.7113134e-02
  -3.3162456e-02
  -2.6682079e-02
  -2.0272542e-02
  -1.2027459e-02
  -1.4411118e-03
   6.5465532e-03
   1.5915889e-02
   2.8213572e-02
   3.6752313e-02
   3.7587934e-02
   0.0000000e+00
   3.7053354e-02
   3.6629200e-02
   2.1341197e-02
   0.0000000e+00
   0.0000000e+00
   0.0000000e+00
   0.0000000e+00
   0.0000000e+00
  -3.1776812e-02
  -3.7243042e-02
  -4.1752677e-02
  -4.5838512e-02
  -4.8861086e-02
  -5.1542416e-02
  -5.4243669e-02
  -5.6181684e-02
  -5.7813503e-02
  -6.5990418e-02
  -6.7716584e-02
  -6.9345668e-02
  -7.1256638e-02
  -7.2827667e-02
  -7.4343018e-02
  -7.6282404e-02
  -7.7826545e-02
  -7.9318240e-02
  -8.0996200e-02
  -8.1916973e-02
  -8.2036741e-02
  -8.0711894e-02
  -7.8148663e-02
  -7.4483342e-02
  -6.8533383e-02
  -6.1950173e-02
  -5.3741962e-02
  -4.1980136e-02
  -3.1012664e-02
  -1.9398442e-02
  -5.6202048e-03
   5.0224718e-03
   1.3762725e-02
   1.3507744e-02
   0.0000000e+00
   0.0000000e+00
   0.0000000e+00
   0.0000000e+00
   0.0000000e+00
   0.0000000e+00
   0.0000000e+00
   0.0000000e+00
   0.0000000e+00
   0.0000000e+00
   0.0000000e+00
   0.0000000e+00
   0.0000000e+00
   0.0000000e+00
   0.0000000e+00
   0.0000000e+00
   0.0000000e+00
  -4.5904756e-02
  -4.0718801e-02
  -3.5945896e-02
  -2.9328004e-02
  -2.2705965e-02
  -1.3726235e-02
  -1.5411809e-03
   7.4331453e-03
   1.8256392e-02
   3.0003089e-02
   3.9051914e-02
   4.3805740e-02
   0.0000000e+00
   3.9026694e-02
   3.8858546e-02
   0.0000000e+00
   0.0000000e+00
   0.0000000e+00
   0.0000000e+00
   0.0000000e+00
   0.0000000e+00
  -3.5776917e-02
  -4.1678201e-02
  -4.6377584e-02
  -5.0743584e-02
  -5.3975653e-02
  -5.6872256e-02
  -5.9843782e-02
  -6.1989509e-02
  -6.3853860e-02
  -8.2490449e-02
  -8.5052542e-02
  -8.7517766e-02
  -9.0353653e-02
  -9.2589515e-02
  -9.4677427e-02
  -9.7068940e-02
  -9.8786166e-02
  -1.0024807e-01
  -1.0141876e-01
  -1.0154119e-01
  -1.0069349e-01
  -9.8160796e-02
  -9.4684166e-02
  -9.0151594e-02
  -8.3074508e-02
  -7.5462644e-02
  -6.6334294e-02
  -5.3636265e-02
  -4.1962309e-02
  -2.9525413e-02
  -1.4281167e-02
  -2.1348055e-03
   8.4235757e-03
   1.0140635e-02
   0.0000000e+00
   0.0000000e+00
   0.0000000e+00
   0.0000000e+00
   0.0000000e+00
   0.0000000e+00
   0.0000000e+00
   0.0000000e+00
   0.0000000e+00
   0.0000000e+00
   0.0000000e+00
   0.0000000e+00
   0.0000000e+00
   0.0000000e+00
   0.0000000e+00
   0.0000000e+00
   0.0000000e+00
  -5.0833013e-02
  -4.6764933e-02
  -4.0214932e-02
  -3.3342903e-02
  -2.6517513e-02
  -1.6463965e-02
  -1.3859810e-03
   9.3777458e-03
   2.2468058e-02
   0.0000000e+00
   0.0000000e+00
   0.0000000e+00
   0.0000000e+00
   0.0000000e+00
   0.0000000e+00
   0.0000000e+00
   0.0000000e+00
   0.0000000e+00
   0.0000000e+00
   0.0000000e+00
   0.0000000e+00
  -4.3926175e-02
  -5.0955754e-02
  -5.6535258e-02
  -6.2012750e-02
  -6.6098984e-02
  -6.9836316e-02
  -7.3800753e-02
  -7.6727350e-02
  -7.9387103e-02
  -9.3535438e-02
  -9.6486256e-02
  -9.9256769e-02
  -1.0223973e-01
  -1.0436144e-01
  -1.0622630e-01
  -1.0815518e-01
  -1.0934617e-01
  -1.1012475e-01
  -1.1034508e-01
  -1.0960944e-01
  -1.0799594e-01
  -1.0477810e-01
  -1.0097726e-01
  -9.6257001e-02
  -8.9082740e-02
  -8.1588529e-02
  -7.2804883e-02
  -6.0630608e-02
  -4.9290851e-02
  -3.6870889e-02
  -2.1113073e-02
  -8.3440226e-03
   2.9043960e-03
   5.9805905e-03
   0.0000000e+00
   0.0000000e+00
   0.0000000e+00
   0.0000000e+00
   0.0000000e+00
   0.0000000e+00
   0.0000000e+00
   0.0000000e+00
   0.0000000e+00
   0.0000000e+00
   0.0000000e+00
   0.0000000e+00
   0.0000000e+00
   0.0000000e+00
   0.0000000e+00
   0.0000000e+00
  -5.9728741e-02
  -5.5438112e-02
  -5.0466053e-02
  -4.2534880e-02
  -3.5173923e-02
  -2.8338321e-02
  -1.8229447e-02
  -1.9958736e-03
   1.1448783e-02
   2.1303685e-02
   0.0000000e+00
   0.0000000e+00
   0.0000000e+00
   0.0000000e+00
   0.0000000e+00
   0.0000000e+00
   0.0000000e+00
   0.0000000e+00
   0.0000000e+00
   0.0000000e+00
   0.0000000e+00
   0.0000000e+00
  -5.0903153e-02
  -5.7727233e-02
  -6.3648924e-02
  -6.9699392e-02
  -7.4286692e-02
  -7.8532599e-02
  -8.3159707e-02
  -8.6642295e-02
  -8.9842409e-02
  -9.7957306e-02
  -1.0096164e-01
  -1.0372676e-01
  -1.0657185e-01
  -1.0847602e-01
  -1.1008500e-01
  -1.1163040e-01
  -1.1244962e-01
  -1.1283135e-01
  -1.1260888e-01
  -1.1158239e-01
  -1.0979818e-01
  -1.0656270e-01
  -1.0292795e-01
  -9.8474875e-02
  -9.1715261e-02
  -8.4691142e-02
  -7.6466180e-02
  -6.4924777e-02
  -5.3924837e-02
  -4.1520793e-02
  -2.5316998e-02
  -1.2055090e-02
  -4.4292159e-04
   3.2336290e-03
   0.0000000e+00
   0.0000000e+00
   0.0000000e+00
   0.0000000e+00
   0.0000000e+00
   0.0000000e+00
   0.0000000e+00
   0.0000000e+00
   0.0000000e+00
   0.0000000e+00
   0.0000000e+00
   0.0000000e+00
   0.0000000e+00
   0.0000000e+00
  -6.3491395e-02
  -6.3053024e-02
  -6.0221643e-02
  -5.7571702e-02
  -5.2009558e-02
  -4.3628812e-02
  -3.6155727e-02
  -2.9329518e-02
  -1.9431587e-02
  -3.3609660e-03
   1.0881508e-02
   1.9384411e-02
   0.0000000e+00
   0.0000000e+00
   0.0000000e+00
   0.0000000e+00
   0.0000000e+00
   0.0000000e+00
   0.0000000e+00
   0.0000000e+00
   0.0000000e+00
   0.0000000e+00
   0.0000000e+00
  -5.3427070e-02
  -5.4906532e-02
  -6.1420478e-02
  -6.7235455e-02
  -7.3291808e-02
  -7.7947451e-02
  -8.2300946e-02
  -8.7115072e-02
  -9.0765965e-02
  -9.4131194e-02
  -9.7376922e-02
  -9.9903465e-02
  -1.0208094e-01
  -1.0403720e-01
  -1.0517760e-01
  -1.0605218e-01
  -1.0673382e-01
  -1.0685922e-01
  -1.0672458e-01
  -1.0627290e-01
  -1.0552746e-01
  -1.0439207e-01
  -1.0234222e-01
  -1.0004977e-01
  -9.7139880e-02
  -9.2416775e-02
  -8.7281117e-02
  -8.0922226e-02
  -7.1248747e-02
  -6.1154101e-02
  -4.8790045e-02
  -3.1536604e-02
  -1.7216517e-02
  -5.2487180e-03
  -1.3917540e-03
   0.0000000e+00
   0.0000000e+00
   0.0000000e+00
   0.0000000e+00
   0.0000000e+00
   0.0000000e+00
   0.0000000e+00
   0.0000000e+00
   0.0000000e+00
   0.0000000e+00
   0.0000000e+00
   0.0000000e+00
   0.0000000e+00
   0.0000000e+00
  -6.3491397e-02
  -6.3053024e-02
  -6.1877412e-02
  -5.8628324e-02
  -5.2091701e-02
  -4.4246564e-02
  -3.7173681e-02
  -3.0408400e-02
  -2.1557392e-02
  -8.3495450e-03
  -1.8452964e-03
   0.0000000e+00
   0.0000000e+00
   0.0000000e+00
   0.0000000e+00
   0.0000000e+00
   0.0000000e+00
   0.0000000e+00
   0.0000000e+00
   0.0000000e+00
   0.0000000e+00
   0.0000000e+00
   0.0000000e+00
  -5.3427062e-02
  -5.9960154e-02
  -6.5464335e-02
  -7.0169657e-02
  -7.5194824e-02
  -7.9231819e-02
  -8.3128474e-02
  -8.7557183e-02
  -9.0935674e-02
  -9.4043089e-02
  -8.9981010e-02
  -9.1762707e-02
  -9.3086315e-02
  -9.3962355e-02
  -9.4238602e-02
  -9.4262270e-02
  -9.4062602e-02
  -9.3726471e-02
  -9.3369631e-02
  -9.3066668e-02
  -9.2837781e-02
  -9.2550447e-02
  -9.1952046e-02
  -9.1196299e-02
  -9.0039363e-02
  -8.7695984e-02
  -8.4710397e-02
  -8.0614065e-02
  -7.3639040e-02
  -6.5220878e-02
  -5.3521532e-02
  -3.5265146e-02
  -1.9120272e-02
  -7.9004397e-03
  -4.2159334e-03
   0.0000000e+00
   0.0000000e+00
   0.0000000e+00
   0.0000000e+00
   0.0000000e+00
   0.0000000e+00
   0.0000000e+00
   0.0000000e+00
   0.0000000e+00
   0.0000000e+00
   0.0000000e+00
   0.0000000e+00
   0.0000000e+00
   0.0000000e+00
  -6.0137138e-02
  -6.0643636e-02
  -6.0364138e-02
  -5.6672584e-02
  -5.0062668e-02
  -4.3731521e-02
  -3.7397473e-02
  -3.0882053e-02
  -2.3148885e-02
  -1.3535060e-02
  -8.7940288e-03
   0.0000000e+00
   4.2983502e-03
   1.0926461e-02
   2.1410889e-02
   1.8499763e-02
   0.0000000e+00
   0.0000000e+00
   0.0000000e+00
   0.0000000e+00
   0.0000000e+00
   0.0000000e+00
   0.0000000e+00
  -5.6519284e-02
  -6.1855696e-02
  -6.5260142e-02
  -6.8493415e-02
  -7.2023277e-02
  -7.5121693e-02
  -7.8280290e-02
  -8.1982178e-02
  -8.4843010e-02
  -8.7409993e-02
  -8.4098250e-02
  -8.5438830e-02
  -8.6243480e-02
  -8.6434655e-02
  -8.6135973e-02
  -8.5566960e-02
  -8.4757827e-02
  -8.4099365e-02
  -8.3573937e-02
  -8.3358556e-02
  -8.3472950e-02
  -8.3758153e-02
  -8.4121794e-02
  -8.4337180e-02
  -8.4273137e-02
  -8.3410010e-02
  -8.1781676e-02
  -7.9151332e-02
  -7.4018434e-02
  -6.6928483e-02
  -5.6037981e-02
  -3.7330095e-02
  -1.9628308e-02
  -8.4353732e-03
  -5.5782569e-03
   0.0000000e+00
   0.0000000e+00
   0.0000000e+00
   0.0000000e+00
   0.0000000e+00
   0.0000000e+00
   0.0000000e+00
   0.0000000e+00
   0.0000000e+00
   0.0000000e+00
   0.0000000e+00
   0.0000000e+00
   0.0000000e+00
   0.0000000e+00
  -5.5538535e-02
  -5.8218338e-02
  -5.8359146e-02
  -5.4491051e-02
  -4.8190987e-02
  -4.2912532e-02
  -3.7074104e-02
  -3.0767419e-02
  -2.3780737e-02
  -1.6130559e-02
  -1.2452235e-02
   0.0000000e+00
   8.0415169e-03
   1.2995186e-02
   2.1476602e-02
   1.8499761e-02
   0.0000000e+00
   0.0000000e+00
   0.0000000e+00
   0.0000000e+00
   0.0000000e+00
   0.0000000e+00
  -6.6267406e-02
  -5.8660269e-02
  -6.2316604e-02
  -6.4216375e-02
  -6.6418223e-02
  -6.8907417e-02
  -7.1344836e-02
  -7.3986351e-02
  -7.7199914e-02
  -7.9728922e-02
  -8.1965052e-02
  -7.4051157e-02
  -7.5036684e-02
  -7.5376712e-02
  -7.4857051e-02
  -7.3872419e-02
  -7.2512526e-02
  -7.0903497e-02
  -6.9812333e-02
  -6.9020428e-02
  -6.8873738e-02
  -6.9396550e-02
  -7.0391136e-02
  -7.1891400e-02
  -7.3104241e-02
  -7.4113414e-02
  -7.4692531e-02
  -7.4453315e-02
  -7.3448508e-02
  -7.0661021e-02
  -6.5825600e-02
  -5.7053814e-02
  -3.8486109e-02
  -1.7847723e-02
  -5.2057392e-03
   0.0000000e+00
   0.0000000e+00
   0.0000000e+00
   0.0000000e+00
   0.0000000e+00
   0.0000000e+00
   0.0000000e+00
   0.0000000e+00
   0.0000000e+00
   0.0000000e+00
   0.0000000e+00
   0.0000000e+00
   0.0000000e+00
   0.0000000e+00
   0.0000000e+00
  -5.2304811e-02
  -5.2736990e-02
  -5.2825875e-02
  -4.9117940e-02
  -4.4315925e-02
  -4.0436502e-02
  -3.5202272e-02
  -2.9278382e-02
  -2.3191183e-02
  -1.6539002e-02
  -1.3781437e-02
   0.0000000e+00
   1.2102597e-02
   2.1972883e-02
   2.2617290e-02
   0.0000000e+00
   0.0000000e+00
   0.0000000e+00
   0.0000000e+00
   0.0000000e+00
   0.0000000e+00
   0.0000000e+00
  -6.6267395e-02
  -6.0773776e-02
  -6.0348679e-02
  -6.0114156e-02
  -6.0921477e-02
  -6.2024724e-02
  -6.3558433e-02
  -6.5500958e-02
  -6.8116844e-02
  -7.0289483e-02
  -7.2221189e-02
  -6.6478215e-02
  -6.7790270e-02
  -6.8351381e-02
  -6.7904800e-02
  -6.6727854e-02
  -6.4991795e-02
  -6.2655337e-02
  -6.0896769e-02
  -5.9491254e-02
  -5.8726467e-02
  -5.8930598e-02
  -5.9883285e-02
  -6.1723273e-02
  -6.3458323e-02
  -6.5119356e-02
  -6.6634960e-02
  -6.7132011e-02
  -6.6674799e-02
  -6.4427376e-02
  -6.0514145e-02
  -5.3612057e-02
  -3.7040684e-02
  -1.4661176e-02
  -1.1719367e-04
   0.0000000e+00
   0.0000000e+00
   0.0000000e+00
   0.0000000e+00
   0.0000000e+00
   0.0000000e+00
   0.0000000e+00
   0.0000000e+00
   0.0000000e+00
   0.0000000e+00
   0.0000000e+00
   0.0000000e+00
   0.0000000e+00
   0.0000000e+00
  -5.0462700e-02
  -4.5652531e-02
  -4.5715097e-02
  -4.5530047e-02
  -4.2680297e-02
  -3.9096318e-02
  -3.5933953e-02
  -3.1349253e-02
  -2.6049504e-02
  -2.0862604e-02
  -1.2869575e-02
  -3.8997941e-03
   8.6328259e-03
   1.2831404e-02
   2.1972884e-02
   0.0000000e+00
   0.0000000e+00
   0.0000000e+00
   0.0000000e+00
   0.0000000e+00
   0.0000000e+00
   0.0000000e+00
   0.0000000e+00
  -6.0057607e-02
  -5.6718431e-02
  -5.4417208e-02
  -5.2919693e-02
  -5.3346336e-02
  -5.4131404e-02
  -5.5342175e-02
  -5.7144552e-02
  -5.9765056e-02
  -6.2037718e-02
  -6.4209051e-02
  -6.0636699e-02
  -6.2215924e-02
  -6.2976584e-02
  -6.2661640e-02
  -6.1461490e-02
  -5.9601452e-02
  -5.6932457e-02
  -5.4796606e-02
  -5.3011734e-02
  -5.1806621e-02
  -5.1692437e-02
  -5.2416380e-02
  -5.4215293e-02
  -5.6128629e-02
  -5.8098465e-02
  -6.0152166e-02
  -6.1118204e-02
  -6.1038442e-02
  -5.9105694e-02
  -5.5720977e-02
  -5.0203599e-02
  -3.5806395e-02
  -1.2751228e-02
   1.6881911e-03
   0.0000000e+00
   0.0000000e+00
   0.0000000e+00
   0.0000000e+00
   0.0000000e+00
   0.0000000e+00
   0.0000000e+00
   0.0000000e+00
   0.0000000e+00
   0.0000000e+00
   0.0000000e+00
   0.0000000e+00
  -4.5783681e-02
  -4.3588050e-02
  -4.6417112e-02
  -3.9509729e-02
  -3.9545640e-02
  -3.9362032e-02
  -3.7150107e-02
  -3.4343708e-02
  -3.1665012e-02
  -2.7724985e-02
  -2.2713941e-02
  -1.8586103e-02
  -9.8618735e-03
   2.9523263e-04
   8.6913704e-03
   1.3202968e-02
   0.0000000e+00
   0.0000000e+00
   0.0000000e+00
   0.0000000e+00
   0.0000000e+00
   0.0000000e+00
   0.0000000e+00
   0.0000000e+00
   0.0000000e+00
  -5.7683170e-02
  -5.1180609e-02
  -4.8136476e-02
  -4.5935791e-02
  -4.6144452e-02
  -4.7012128e-02
  -4.8259802e-02
  -5.0176535e-02
  -5.3032037e-02
  -5.5542383e-02
  -5.7995316e-02
  -5.3273071e-02
  -5.5208063e-02
  -5.6256190e-02
  -5.6200426e-02
  -5.5126093e-02
  -5.3315696e-02
  -5.0510751e-02
  -4.8069735e-02
  -4.5923069e-02
  -4.4208065e-02
  -4.3602799e-02
  -4.3795005e-02
  -4.5166523e-02
  -4.7026416e-02
  -4.9145089e-02
  -5.1648770e-02
  -5.3083414e-02
  -5.3423766e-02
  -5.1761384e-02
  -4.8816364e-02
  -4.4973229e-02
  -3.4102620e-02
  -1.1022694e-02
   2.8518672e-04
   0.0000000e+00
   0.0000000e+00
   0.0000000e+00
   0.0000000e+00
   0.0000000e+00
   0.0000000e+00
   0.0000000e+00
   0.0000000e+00
   0.0000000e+00
   0.0000000e+00
   0.0000000e+00
   0.0000000e+00
  -4.5783680e-02
  -4.3588048e-02
  -3.8832667e-02
  -3.0513025e-02
  -3.0835591e-02
  -3.0917422e-02
  -2.9479576e-02
  -2.7452672e-02
  -2.5297634e-02
  -2.2348249e-02
  -1.7462309e-02
  -1.5121268e-02
  -5.8508683e-03
   6.0589599e-03
   9.2767326e-03
   0.0000000e+00
   0.0000000e+00
   0.0000000e+00
   0.0000000e+00
   0.0000000e+00
   0.0000000e+00
   0.0000000e+00
   0.0000000e+00
   0.0000000e+00
   0.0000000e+00
   0.0000000e+00
  -3.7891844e-02
  -3.8106061e-02
  -3.5354864e-02
  -3.5382480e-02
  -3.6760748e-02
  -3.8409343e-02
  -4.0745883e-02
  -4.4184387e-02
  -4.7193251e-02
  -5.0121041e-02
  -4.2591276e-02
  -4.4700181e-02
  -4.5942789e-02
  -4.6127493e-02
  -4.5259899e-02
  -4.3686090e-02
  -4.1189293e-02
  -3.8918915e-02
  -3.6792199e-02
  -3.5035014e-02
  -3.4303393e-02
  -3.4113112e-02
  -3.4751173e-02
  -3.6088135e-02
  -3.7852640e-02
  -4.0165487e-02
  -4.1717860e-02
  -4.2329299e-02
  -4.0921825e-02
  -3.8035761e-02
  -3.5739053e-02
  -3.3020135e-02
  -2.2441505e-02
   0.0000000e+00
   0.0000000e+00
   0.0000000e+00
   0.0000000e+00
   0.0000000e+00
   0.0000000e+00
   0.0000000e+00
   0.0000000e+00
   0.0000000e+00
   0.0000000e+00
  -3.9067994e-02
  -3.7488145e-02
  -3.2203923e-02
  -2.7617315e-02
  -2.6851622e-02
  -3.8832668e-02
  -1.7496830e-02
  -1.7803050e-02
  -1.8671488e-02
  -1.8061176e-02
  -1.6510486e-02
  -1.4971311e-02
  -1.3573449e-02
  -1.2161850e-02
  -1.5121270e-02
  -4.3302024e-03
   0.0000000e+00
   0.0000000e+00
   0.0000000e+00
   0.0000000e+00
   0.0000000e+00
   0.0000000e+00
   0.0000000e+00
   0.0000000e+00
   0.0000000e+00
   0.0000000e+00
   0.0000000e+00
   0.0000000e+00
   0.0000000e+00
  -1.8824137e-02
  -1.9780898e-02
  -1.8486406e-02
  -1.8528612e-02
  -2.0705900e-02
  -2.3476121e-02
  -2.6901119e-02
  -3.1586409e-02
  -3.5505998e-02
  -3.9097576e-02
  -3.3841401e-02
  -3.6041796e-02
  -3.7375055e-02
  -3.7620913e-02
  -3.6821906e-02
  -3.5353769e-02
  -3.3055741e-02
  -3.1010525e-02
  -2.9038748e-02
  -2.7329391e-02
  -2.6621312e-02
  -2.6474217e-02
  -2.6962440e-02
  -2.7989591e-02
  -2.9439241e-02
  -3.1418905e-02
  -3.2896079e-02
  -3.3632822e-02
  -3.2375026e-02
  -2.8952016e-02
  -2.6433242e-02
  -3.0223772e-02
  -3.0301895e-02
   0.0000000e+00
   0.0000000e+00
   0.0000000e+00
   0.0000000e+00
   0.0000000e+00
   0.0000000e+00
   0.0000000e+00
   0.0000000e+00
   0.0000000e+00
   0.0000000e+00
  -0.0000000e+00
  -3.1405812e-02
  -2.5442548e-02
  -1.9839033e-02
  -2.2159221e-02
   0.0000000e+00
  -7.8897225e-03
  -7.1495455e-03
  -8.3115445e-03
  -8.0746915e-03
  -6.7517594e-03
  -6.0920147e-03
  -7.0672086e-03
  -7.1619656e-03
   0.0000000e+00
  -6.3064555e-04
   0.0000000e+00
   0.0000000e+00
   0.0000000e+00
   0.0000000e+00
   0.0000000e+00
   0.0000000e+00
   0.0000000e+00
   0.0000000e+00
   0.0000000e+00
   0.0000000e+00
   0.0000000e+00
   0.0000000e+00
   0.0000000e+00
  -7.7307646e-03
  -5.7275984e-03
  -5.4699588e-03
  -5.2767880e-03
  -7.5580324e-03
  -1.1231476e-02
  -1.5618661e-02
  -2.1333985e-02
  -2.6003024e-02
  -3.0125072e-02
  -2.3857469e-02
  -2.6161399e-02
  -2.7553974e-02
  -2.7796419e-02
  -2.7020598e-02
  -2.5628056e-02
  -2.3498859e-02
  -2.1697335e-02
  -1.9946553e-02
  -1.8342342e-02
  -1.7687891e-02
  -1.7675944e-02
  -1.8184986e-02
  -1.9004405e-02
  -2.0180585e-02
  -2.1829199e-02
  -2.3204107e-02
  -2.4069156e-02
  -2.3022603e-02
  -1.8930346e-02
  -1.5836298e-02
  -2.4306988e-02
  -3.4960782e-02
   0.0000000e+00
   0.0000000e+00
   0.0000000e+00
   0.0000000e+00
   0.0000000e+00
   0.0000000e+00
   0.0000000e+00
   0.0000000e+00
   0.0000000e+00
   0.0000000e+00
   0.0000000e+00
  -1.9241130e-02
  -1.8681172e-02
  -7.5543125e-03
   0.0000000e+00
   0.0000000e+00
   7.3750337e-04
   4.4420920e-03
   3.3682366e-03
   3.4717955e-03
   4.4362172e-03
   3.6259289e-03
   1.2093398e-04
  -5.5775582e-04
   5.5920919e-03
   2.7846781e-03
   0.0000000e+00
   0.0000000e+00
   0.0000000e+00
   0.0000000e+00
   0.0000000e+00
   0.0000000e+00
   0.0000000e+00
   0.0000000e+00
   0.0000000e+00
   0.0000000e+00
   0.0000000e+00
   0.0000000e+00
   0.0000000e+00
   6.8959571e-04
   9.1081625e-03
   8.6210007e-03
   8.8555422e-03
   7.0787231e-03
   2.6226018e-03
  -2.8255614e-03
  -9.6815098e-03
  -1.5160098e-02
  -1.9856673e-02
  -9.2145783e-03
  -1.1713763e-02
  -1.3084523e-02
  -1.3161544e-02
  -1.2297743e-02
  -1.0921707e-02
  -8.8635767e-03
  -7.2896567e-03
  -5.9079604e-03
  -4.5793285e-03
  -3.9911906e-03
  -4.1847984e-03
  -5.0574991e-03
  -6.0311383e-03
  -7.1630474e-03
  -8.6796438e-03
  -9.9980165e-03
  -1.1082814e-02
  -1.0557914e-02
  -5.8006782e-03
  -1.9753006e-03
  -9.1847708e-04
   0.0000000e+00
   0.0000000e+00
   0.0000000e+00
   0.0000000e+00
   0.0000000e+00
   0.0000000e+00
   0.0000000e+00
   0.0000000e+00
   0.0000000e+00
   0.0000000e+00
   0.0000000e+00
   0.0000000e+00
   0.0000000e+00
   0.0000000e+00
   7.2551973e-03
   0.0000000e+00
   0.0000000e+00
   1.8852639e-02
   1.9265209e-02
   1.9646463e-02
   2.0415609e-02
   2.0321224e-02
   1.5882007e-02
   1.0370748e-02
   7.7257783e-03
   5.5920915e-03
   0.0000000e+00
   0.0000000e+00
   0.0000000e+00
   0.0000000e+00
   0.0000000e+00
   0.0000000e+00
   0.0000000e+00
   0.0000000e+00
   0.0000000e+00
   0.0000000e+00
   0.0000000e+00
   0.0000000e+00
   0.0000000e+00
   0.0000000e+00
   0.0000000e+00
   2.7074191e-02
   2.7057926e-02
   2.6241489e-02
   2.7125615e-02
   2.2472787e-02
   1.5677055e-02
   7.2912722e-03
   8.0609611e-04
  -4.6254979e-03
   8.6352844e-03
   6.0938010e-03
   4.9657524e-03
   5.3072916e-03
   6.3536949e-03
   7.7148704e-03
   9.7558219e-03
   1.1313809e-02
   1.2345433e-02
   1.3115359e-02
   1.3310300e-02
   1.2884556e-02
   1.1774893e-02
   1.0434642e-02
   8.9605357e-03
   7.1090478e-03
   5.5774963e-03
   4.1299793e-03
   3.3637402e-03
   5.5224909e-03
   1.1483424e-02
  -9.1847707e-04
   0.0000000e+00
   0.0000000e+00
   0.0000000e+00
   0.0000000e+00
   0.0000000e+00
   0.0000000e+00
   0.0000000e+00
   0.0000000e+00
   0.0000000e+00
   0.0000000e+00
   0.0000000e+00
   0.0000000e+00
   0.0000000e+00
   0.0000000e+00
   2.1347543e-02
   2.8076828e-02
   0.0000000e+00
   2.9866673e-02
   3.1799823e-02
   3.6714979e-02
   3.8977031e-02
   3.4408949e-02
   2.4756705e-02
   1.8848128e-02
   0.0000000e+00
   1.1102647e-02
   0.0000000e+00
   0.0000000e+00
   0.0000000e+00
   0.0000000e+00
   0.0000000e+00
   0.0000000e+00
   0.0000000e+00
   0.0000000e+00
   0.0000000e+00
   0.0000000e+00
   0.0000000e+00
   0.0000000e+00
   0.0000000e+00
   0.0000000e+00
   0.0000000e+00
   3.5790782e-02
   4.0328562e-02
   4.1248642e-02
   4.5376547e-02
   4.1543171e-02
   3.4867290e-02
   2.5884371e-02
   1.8989868e-02
   1.3407717e-02
   2.5530219e-02
   2.3313519e-02
   2.2729207e-02
   2.3684535e-02
   2.4749648e-02
   2.6045874e-02
   2.8233899e-02
   2.9568234e-02
   3.0413184e-02
   3.0890271e-02
   3.0566022e-02
   2.9996291e-02
   2.8583497e-02
   2.7006339e-02
   2.5222994e-02
   2.2732666e-02
   2.0985913e-02
   1.9142948e-02
   1.6822523e-02
   1.5681285e-02
   1.5509628e-02
   0.0000000e+00
   1.9335939e-03
   3.0508038e-03
   0.0000000e+00
   0.0000000e+00
   0.0000000e+00
   0.0000000e+00
   0.0000000e+00
   0.0000000e+00
   0.0000000e+00
   0.0000000e+00
   0.0000000e+00
   0.0000000e+00
   0.0000000e+00
   0.0000000e+00
   2.8725173e-02
   2.8076827e-02
   0.0000000e+00
   0.0000000e+00
   3.3990196e-02
   3.9697638e-02
   4.7234897e-02
   4.1698769e-02
   3.1460535e-02
   2.6747550e-02
   0.0000000e+00
   1.8495188e-02
   0.0000000e+00
   0.0000000e+00
   0.0000000e+00
   0.0000000e+00
   0.0000000e+00
   0.0000000e+00
   0.0000000e+00
   0.0000000e+00
   0.0000000e+00
   0.0000000e+00
   0.0000000e+00
   0.0000000e+00
   0.0000000e+00
   0.0000000e+00
   0.0000000e+00
   0.0000000e+00
   4.2647552e-02
   4.3871081e-02
   5.5875793e-02
   5.6708325e-02
   5.0073564e-02
   4.1650984e-02
   3.5148125e-02
   2.9955670e-02
   4.3070585e-02
   4.1607171e-02
   4.1872956e-02
   4.4134095e-02
   4.5203757e-02
   4.6384227e-02
   4.8725281e-02
   5.0084975e-02
   5.0888494e-02
   5.0925702e-02
   5.0422058e-02
   4.9551137e-02
   4.7915738e-02
   4.6090089e-02
   4.3728419e-02
   4.0988121e-02
   3.8714185e-02
   3.6635228e-02
   3.2750491e-02
   2.8069230e-02
   2.5466342e-02
   2.9224813e-02
   1.7281013e-02
   1.2700756e-02
   0.0000000e+00
   0.0000000e+00
   0.0000000e+00
   0.0000000e+00
   0.0000000e+00
   0.0000000e+00
   0.0000000e+00
   0.0000000e+00
   0.0000000e+00
   0.0000000e+00
   0.0000000e+00
   0.0000000e+00
   0.0000000e+00
   0.0000000e+00
   0.0000000e+00
   0.0000000e+00
   0.0000000e+00
   0.0000000e+00
   5.0798106e-02
   4.5129598e-02
   3.6414336e-02
   3.5858579e-02
   4.2162632e-02
   3.1118661e-02
   3.1676484e-02
   0.0000000e+00
   0.0000000e+00
   0.0000000e+00
   0.0000000e+00
   0.0000000e+00
   0.0000000e+00
   0.0000000e+00
   0.0000000e+00
   0.0000000e+00
   0.0000000e+00
   0.0000000e+00
   0.0000000e+00
   0.0000000e+00
   0.0000000e+00
   0.0000000e+00
   0.0000000e+00
   0.0000000e+00
   6.1707051e-02
   6.6734254e-02
   6.2628888e-02
   5.4977730e-02
   5.0203081e-02
   4.6378531e-02
   5.9739366e-02
   5.9645358e-02
   6.1184887e-02
   6.5543950e-02
   6.6933401e-02
   6.8008840e-02
   7.0425585e-02
   7.2337188e-02
   7.3171839e-02
   7.2698265e-02
   7.2430715e-02
   7.1156070e-02
   6.9427334e-02
   6.7280523e-02
   6.4315677e-02
   6.1615065e-02
   5.8754683e-02
   5.6481913e-02
   5.1776249e-02
   4.4775758e-02
   5.0945623e-02
   4.8879348e-02
   3.7217196e-02
   3.5178237e-02
   6.2332805e-02
   0.0000000e+00
   0.0000000e+00
   0.0000000e+00
   0.0000000e+00
   0.0000000e+00
   0.0000000e+00
   0.0000000e+00
   0.0000000e+00
   0.0000000e+00
   0.0000000e+00
   0.0000000e+00
   0.0000000e+00
   0.0000000e+00
   0.0000000e+00
   0.0000000e+00
   0.0000000e+00
   0.0000000e+00
   0.0000000e+00
   0.0000000e+00
   3.9382617e-02
   4.2939004e-02
   4.2505197e-02
   4.2297916e-02
   3.1676482e-02
   0.0000000e+00
   0.0000000e+00
   0.0000000e+00
   0.0000000e+00
   0.0000000e+00
   0.0000000e+00
   0.0000000e+00
   0.0000000e+00
   0.0000000e+00
   0.0000000e+00
   0.0000000e+00
   0.0000000e+00
   0.0000000e+00
   0.0000000e+00
   0.0000000e+00
   0.0000000e+00
   0.0000000e+00
   6.6242066e-02
   6.9094351e-02
   7.0237726e-02
   6.4307153e-02
   6.2485076e-02
   6.1082289e-02
   7.3165804e-02
   7.5326927e-02
   7.8890905e-02
   8.5423186e-02
   8.8272408e-02
   8.9511648e-02
   9.1950722e-02
   9.4896987e-02
   9.5488317e-02
   9.5117778e-02
   9.4782628e-02
   9.3545832e-02
   9.1681473e-02
   8.9117557e-02
   8.6652525e-02
   8.2854874e-02
   8.0541529e-02
   7.7407755e-02
   7.3997036e-02
   6.8916924e-02
   7.0587873e-02
   7.2300844e-02
   6.6897586e-02
   6.0482781e-02
   6.2832539e-02
   0.0000000e+00
   0.0000000e+00
   0.0000000e+00
   0.0000000e+00
   0.0000000e+00
   0.0000000e+00
   0.0000000e+00
   0.0000000e+00
   0.0000000e+00
   0.0000000e+00
   0.0000000e+00
   0.0000000e+00
   0.0000000e+00
   0.0000000e+00
   0.0000000e+00
   0.0000000e+00
   0.0000000e+00
   0.0000000e+00
   0.0000000e+00
   3.8927608e-02
   4.5398893e-02
   4.4079028e-02
   4.4480735e-02
   0.0000000e+00
   0.0000000e+00
   0.0000000e+00
   0.0000000e+00
   0.0000000e+00
   0.0000000e+00
   0.0000000e+00
   0.0000000e+00
   0.0000000e+00
   0.0000000e+00
   0.0000000e+00
   0.0000000e+00
   0.0000000e+00
   0.0000000e+00
   0.0000000e+00
   0.0000000e+00
   0.0000000e+00
   0.0000000e+00
   0.0000000e+00
   6.3337840e-02
   7.0587292e-02
   7.0403390e-02
   7.0942499e-02
   7.2086684e-02
   7.8614395e-02
   8.4991313e-02
   9.3151322e-02
   1.0127915e-01
   1.0639149e-01
   1.0896993e-01
   1.1257910e-01
   1.1531715e-01
   1.1599791e-01
   1.1533042e-01
   1.1496869e-01
   1.1438251e-01
   1.1238060e-01
   1.1047511e-01
   1.0779739e-01
   1.0506291e-01
   1.0195524e-01
   9.9453797e-02
   9.5891816e-02
   9.4286834e-02
   9.2378785e-02
   9.0633988e-02
   8.5512433e-02
   8.1579234e-02
   7.3650001e-02
   0.0000000e+00
   0.0000000e+00
   0.0000000e+00
   0.0000000e+00
   0.0000000e+00
   0.0000000e+00
   0.0000000e+00
   0.0000000e+00
   0.0000000e+00
   0.0000000e+00
   0.0000000e+00
   0.0000000e+00
   0.0000000e+00
   0.0000000e+00
   0.0000000e+00
   0.0000000e+00
   0.0000000e+00
   0.0000000e+00
   0.0000000e+00
   0.0000000e+00
   0.0000000e+00
   0.0000000e+00
   0.0000000e+00
   0.0000000e+00
   0.0000000e+00
   0.0000000e+00
   0.0000000e+00
   0.0000000e+00
   0.0000000e+00
   0.0000000e+00
   0.0000000e+00
   0.0000000e+00
   0.0000000e+00
   0.0000000e+00
   0.0000000e+00
   0.0000000e+00
   0.0000000e+00
   0.0000000e+00
   0.0000000e+00
   0.0000000e+00
   0.0000000e+00
   0.0000000e+00
   4.2153742e-02
   5.3222647e-02
   5.9282362e-02
   6.5035170e-02
   7.0341077e-02
   8.3022599e-02
   9.2996545e-02
   1.0368532e-01
   1.1215158e-01
   1.1825722e-01
   1.2185700e-01
   1.2636811e-01
   1.2827027e-01
   1.2894068e-01
   1.2799770e-01
   1.2801890e-01
   1.2731668e-01
   1.2627009e-01
   1.2496178e-01
   1.2348165e-01
   1.2061182e-01
   1.1777958e-01
   1.1474720e-01
   1.1261376e-01
   1.1183596e-01
   1.0990535e-01
   1.0574401e-01
   1.0106922e-01
   9.1873875e-02
   0.0000000e+00
   0.0000000e+00
   0.0000000e+00
   0.0000000e+00
   0.0000000e+00
   0.0000000e+00
   0.0000000e+00
   0.0000000e+00
   0.0000000e+00
   0.0000000e+00
   0.0000000e+00
   0.0000000e+00
   0.0000000e+00
   1.8289433e-02
   1.8289433e-02
   0.0000000e+00
   0.0000000e+00
   0.0000000e+00
   0.0000000e+00
   0.0000000e+00
   0.0000000e+00
   0.0000000e+00
   0.0000000e+00
   0.0000000e+00
   0.0000000e+00
   0.0000000e+00
   0.0000000e+00
   0.0000000e+00
   0.0000000e+00
   0.0000000e+00
   0.0000000e+00
   0.0000000e+00
   0.0000000e+00
   0.0000000e+00
   0.0000000e+00
   0.0000000e+00
   0.0000000e+00
   0.0000000e+00
   0.0000000e+00
   0.0000000e+00
   0.0000000e+00
   0.0000000e+00
   0.0000000e+00
   2.8699314e-02
   3.7859021e-02
   4.8301700e-02
   5.9580665e-02
   6.8655234e-02
   8.7257621e-02
   9.8509341e-02
   1.0765367e-01
   1.1685920e-01
   1.2186506e-01
   1.2669415e-01
   1.2998536e-01
   1.3166636e-01
   1.3160410e-01
   1.3123784e-01
   1.3167223e-01
   1.3131402e-01
   1.3159440e-01
   1.3079356e-01
   1.3075795e-01
   1.2778417e-01
   1.2522891e-01
   1.2024038e-01
   1.2096047e-01
   1.2070101e-01
   1.1710199e-01
   1.1071467e-01
   1.0488021e-01
   9.3378169e-02
   0.0000000e+00
   0.0000000e+00
   0.0000000e+00
   0.0000000e+00
   0.0000000e+00
   0.0000000e+00
   0.0000000e+00
   0.0000000e+00
   0.0000000e+00
   0.0000000e+00
   0.0000000e+00
   0.0000000e+00
   0.0000000e+00
   0.0000000e+00
   1.8289434e-02
   0.0000000e+00
   0.0000000e+00
   0.0000000e+00
   0.0000000e+00
   0.0000000e+00
   0.0000000e+00
   0.0000000e+00
   0.0000000e+00
   0.0000000e+00
   0.0000000e+00
   0.0000000e+00
   0.0000000e+00
   0.0000000e+00
   0.0000000e+00
   0.0000000e+00
   0.0000000e+00
   0.0000000e+00
   0.0000000e+00
   0.0000000e+00
   0.0000000e+00
   0.0000000e+00
   0.0000000e+00
   0.0000000e+00
   0.0000000e+00
   0.0000000e+00
   0.0000000e+00
   0.0000000e+00
   1.7974036e-02
   2.1408531e-02
   3.1649405e-02
   4.5474584e-02
   5.9716698e-02
   7.2273154e-02
   8.3301753e-02
   9.5084727e-02
   1.0186516e-01
   1.1193832e-01
   1.1622851e-01
   1.2077662e-01
   1.2352868e-01
   1.2425023e-01
   1.2543258e-01
   1.2474205e-01
   1.2644213e-01
   1.2577824e-01
   1.2782939e-01
   1.2744184e-01
   1.2868388e-01
   1.2627310e-01
   1.2361478e-01
   1.1646284e-01
   0.0000000e+00
   1.0984909e-01
   1.1246675e-01
   1.0530259e-01
   9.8860912e-02
   9.3693659e-02
   0.0000000e+00
   0.0000000e+00
   0.0000000e+00
   0.0000000e+00
   0.0000000e+00
   0.0000000e+00
   0.0000000e+00
   0.0000000e+00
   0.0000000e+00
   0.0000000e+00
   0.0000000e+00
   0.0000000e+00
   0.0000000e+00
   0.0000000e+00
   0.0000000e+00
   0.0000000e+00
   0.0000000e+00
   0.0000000e+00
   0.0000000e+00
   0.0000000e+00
   0.0000000e+00
   0.0000000e+00
   0.0000000e+00
   0.0000000e+00
   0.0000000e+00
   0.0000000e+00
   0.0000000e+00
   0.0000000e+00
   0.0000000e+00
   0.0000000e+00
   0.0000000e+00
   0.0000000e+00
   0.0000000e+00
   0.0000000e+00
   0.0000000e+00
   0.0000000e+00
   0.0000000e+00
   0.0000000e+00
   0.0000000e+00
   0.0000000e+00
   0.0000000e+00
   0.0000000e+00
   2.0585108e-02
   2.1895245e-02
   3.1168872e-02
   4.3462642e-02
   5.6792717e-02
   7.0403822e-02
   7.3258780e-02
   8.0659136e-02
   8.9000590e-02
   9.5116600e-02
   1.0062990e-01
   1.0426924e-01
   1.0592622e-01
   1.0827032e-01
   1.0848645e-01
   1.1017352e-01
   1.1048657e-01
   1.1101600e-01
   1.1247087e-01
   1.1343817e-01
   1.1474191e-01
   1.1362106e-01
   1.1038748e-01
   1.0657319e-01
   0.0000000e+00
   0.0000000e+00
   0.0000000e+00
   8.1511572e-02
   7.7913873e-02
   7.4316166e-02
   0.0000000e+00
   0.0000000e+00
   0.0000000e+00
   0.0000000e+00
   0.0000000e+00
   0.0000000e+00
   0.0000000e+00
   0.0000000e+00
   0.0000000e+00
   0.0000000e+00
   0.0000000e+00
   0.0000000e+00
   0.0000000e+00
   0.0000000e+00
   1.6254274e-02
   0.0000000e+00
   0.0000000e+00
   0.0000000e+00
   0.0000000e+00
   0.0000000e+00
   0.0000000e+00
   0.0000000e+00
   0.0000000e+00
   0.0000000e+00
   0.0000000e+00
   0.0000000e+00
   0.0000000e+00
   0.0000000e+00
   0.0000000e+00
   0.0000000e+00
   0.0000000e+00
   0.0000000e+00
   0.0000000e+00
   0.0000000e+00
   0.0000000e+00
   0.0000000e+00
   0.0000000e+00
  -0.0000000e+00
   3.4925080e-03
   1.7003644e-02
   2.0599186e-02
   2.1246773e-02
   2.0557106e-02
   2.4243345e-02
   3.0170562e-02
   4.2325478e-02
   5.1280949e-02
   6.1687361e-02
   5.5006917e-02
   6.1354253e-02
   6.6148665e-02
   7.2899614e-02
   7.6550749e-02
   7.9455045e-02
   8.2670157e-02
   8.3303643e-02
   8.5348105e-02
   8.5942586e-02
   8.6326224e-02
   8.7959071e-02
   8.7751699e-02
   9.0045711e-02
   9.0403011e-02
   9.0289367e-02
   8.9117160e-02
   7.9673153e-02
   7.0427666e-02
   6.6586101e-02
   6.2645883e-02
   6.2561008e-02
   6.2045112e-02
   5.9067704e-02
   0.0000000e+00
   0.0000000e+00
   0.0000000e+00
   0.0000000e+00
   0.0000000e+00
   0.0000000e+00
   0.0000000e+00
   0.0000000e+00
   0.0000000e+00
   0.0000000e+00
   0.0000000e+00
   0.0000000e+00
   0.0000000e+00
   0.0000000e+00
   1.5891008e-02
   0.0000000e+00
   0.0000000e+00
   0.0000000e+00
   0.0000000e+00
   0.0000000e+00
   0.0000000e+00
   0.0000000e+00
   0.0000000e+00
   0.0000000e+00
  -0.0000000e+00
  -0.0000000e+00
  -0.0000000e+00
   0.0000000e+00
   0.0000000e+00
   0.0000000e+00
   0.0000000e+00
   0.0000000e+00
   0.0000000e+00
   0.0000000e+00
   0.0000000e+00
   0.0000000e+00
   0.0000000e+00
  -0.0000000e+00
   3.4925078e-03
   1.1503012e-02
   1.5571733e-02
   1.7463070e-02
   1.9877092e-02
   2.3739153e-02
   2.9067103e-02
   3.4967544e-02
   4.1584412e-02
   4.7542806e-02
   3.2638501e-02
   3.7194393e-02
   4.1394643e-02
   4.4983421e-02
   4.8664914e-02
   5.1222220e-02
   5.2234851e-02
   5.3929732e-02
   5.4982796e-02
   5.4550081e-02
   5.5014000e-02
   5.5273570e-02
   5.5378862e-02
   5.6706072e-02
   5.7447813e-02
   5.7232480e-02
   5.7243743e-02
   5.6249931e-02
   5.5255976e-02
   5.5120611e-02
   5.3299621e-02
   5.0862677e-02
   4.9666186e-02
   4.2456265e-02
   0.0000000e+00
   0.0000000e+00
   2.7789661e-02
   2.9005792e-02
   0.0000000e+00
   0.0000000e+00
   0.0000000e+00
   0.0000000e+00
   0.0000000e+00
   0.0000000e+00
   0.0000000e+00
   0.0000000e+00
   0.0000000e+00
   0.0000000e+00
   1.0828899e-02
   7.4729903e-03
   0.0000000e+00
   0.0000000e+00
   0.0000000e+00
   0.0000000e+00
   0.0000000e+00
   0.0000000e+00
   0.0000000e+00
   0.0000000e+00
   0.0000000e+00
   0.0000000e+00
   0.0000000e+00
   0.0000000e+00
   0.0000000e+00
   0.0000000e+00
   0.0000000e+00
   0.0000000e+00
   0.0000000e+00
   0.0000000e+00
   0.0000000e+00
   0.0000000e+00
   0.0000000e+00
   0.0000000e+00
   0.0000000e+00
  -0.0000000e+00
   3.5962895e-03
   7.1919756e-03
   1.2097348e-02
   1.6579188e-02
   2.0333376e-02
   2.2766337e-02
   2.6352110e-02
   2.9552139e-02
   5.9766835e-03
   7.9141613e-03
   1.0072489e-02
   1.1530723e-02
   1.3946018e-02
   1.6344147e-02
   1.6253114e-02
   1.4937280e-02
   1.3241737e-02
   1.0155516e-02
   7.8783734e-03
   6.4502601e-03
   6.0706446e-03
   8.0896765e-03
   1.2264840e-02
   1.4867814e-02
   1.5714964e-02
   1.7009296e-02
   0.0000000e+00
   2.5405200e-02
   2.5130929e-02
   2.8043926e-02
   2.9147426e-02
   2.6282603e-02
   1.1947481e-02
   0.0000000e+00
   1.9544313e-02
   1.7227438e-02
   1.3748064e-02
   1.0756758e-02
   8.9810934e-03
   7.9501851e-03
   7.2959376e-03
   0.0000000e+00
   6.6741427e-03
   6.7957948e-03
   5.8359779e-03
   0.0000000e+00
   0.0000000e+00
   1.7937887e-03
  -3.2390083e-03
  -5.8341235e-03
   0.0000000e+00
   0.0000000e+00
   0.0000000e+00
   0.0000000e+00
   0.0000000e+00
   0.0000000e+00
   0.0000000e+00
   0.0000000e+00
   0.0000000e+00
   0.0000000e+00
   0.0000000e+00
   0.0000000e+00
   0.0000000e+00
   0.0000000e+00
   0.0000000e+00
   0.0000000e+00
   0.0000000e+00
   0.0000000e+00
   0.0000000e+00
   0.0000000e+00
   0.0000000e+00
   0.0000000e+00
   0.0000000e+00
   0.0000000e+00
   2.2148120e-04
   2.8181936e-03
   2.1044211e-04
   5.9883721e-04
   4.1176635e-03
   5.8514648e-03
  -1.4466204e-02
  -1.7657957e-02
  -1.9915589e-02
  -1.8230895e-02
  -1.6257204e-02
  -1.4093393e-02
  -1.4613885e-02
  -1.7007386e-02
  -2.0914352e-02
  -2.2152902e-02
  -0.0000000e+00
  -0.0000000e+00
  -0.0000000e+00
  -0.0000000e+00
  -1.3919802e-02
  -1.1619256e-02
  -1.1929909e-02
  -1.3889681e-02
  -3.6788588e-03
   7.7607069e-04
   1.4352929e-03
   4.1244421e-03
   7.7857045e-03
   8.6508812e-03
   6.3457399e-03
  -1.4487198e-03
   0.0000000e+00
   6.0459790e-03
   5.0949560e-03
   4.3904125e-03
   3.9297207e-03
   3.8056816e-03
   0.0000000e+00
   0.0000000e+00
   0.0000000e+00
   2.8947278e-03
   8.6270882e-04
  -4.1778058e-03
  -4.6399176e-03
  -1.6302443e-03
  -5.2108120e-03
  -6.1726659e-03
   0.0000000e+00
   0.0000000e+00
   0.0000000e+00
   0.0000000e+00
   0.0000000e+00
   0.0000000e+00
   0.0000000e+00
   0.0000000e+00
   0.0000000e+00
   0.0000000e+00
   0.0000000e+00
   0.0000000e+00
   0.0000000e+00
   0.0000000e+00
   0.0000000e+00
   0.0000000e+00
   0.0000000e+00
   0.0000000e+00
   0.0000000e+00
   0.0000000e+00
   0.0000000e+00
   0.0000000e+00
   0.0000000e+00
   0.0000000e+00
   0.0000000e+00
   0.0000000e+00
  -0.0000000e+00
  -0.0000000e+00
  -1.7263605e-02
  -1.6569103e-02
   0.0000000e+00
   0.0000000e+00
   0.0000000e+00
  -0.0000000e+00
  -1.4028263e-02
  -1.9863934e-02
  -2.9377289e-02
  -3.4989046e-02
  -3.7218210e-02
   0.0000000e+00
   0.0000000e+00
  -2.0031536e-02
  -1.7713194e-02
  -1.9075327e-02
  -2.2004719e-02
  -2.6133044e-02
  -2.5574230e-02
  -2.1838972e-02
  -1.6776619e-02
  -1.5029252e-02
  -1.4869089e-02
  -1.4035153e-02
  -1.2481660e-02
  -1.1038378e-02
  -8.8088010e-03
  -7.9104407e-03
  -7.4927373e-03
  -4.2917714e-03
  -4.8397086e-03
  -5.5634580e-03
  -4.4390745e-03
  -3.5570526e-03
  -6.5711973e-03
  -8.9743591e-04
  -2.3307358e-03
  -3.9790011e-03
  -4.0333460e-03
  -3.4204142e-03
  -3.3043351e-03
  -3.3999891e-03
  -3.4699980e-03
  -3.3168185e-03
  -2.8653212e-03
  -2.2364398e-03
   2.0251466e-03
   0.0000000e+00
   0.0000000e+00
   0.0000000e+00
   0.0000000e+00
   0.0000000e+00
   0.0000000e+00
   0.0000000e+00
   0.0000000e+00
   0.0000000e+00
   0.0000000e+00
   0.0000000e+00
   0.0000000e+00
   0.0000000e+00
   0.0000000e+00
   0.0000000e+00
   0.0000000e+00
   0.0000000e+00
   0.0000000e+00
   0.0000000e+00
   0.0000000e+00
   0.0000000e+00
   0.0000000e+00
   0.0000000e+00
   0.0000000e+00
   0.0000000e+00
   0.0000000e+00
   0.0000000e+00
