   5.6781245e-03
   5.0954372e-03
   4.5666430e-03
   4.0472441e-03
   3.3396305e-03
   2.6147834e-03
   1.8222843e-03
   8.5984574e-04
  -2.7407014e-05
  -1.0539626e-03
  -2.3999219e-03
  -3.6289046e-03
  -4.9452513e-03
  -6.5839320e-03
  -7.9905233e-03
  -9.4855666e-03
  -1.1468130e-02
  -1.3218254e-02
  -1.5011982e-02
  -1.7183935e-02
  -1.8929455e-02
  -2.0540923e-02
  -2.2374999e-02
  -2.3874845e-02
  -2.5231574e-02
  -2.6610568e-02
  -2.7549870e-02
  -2.8271273e-02
  -2.8847568e-02
  -2.9104280e-02
  -2.9101880e-02
  -2.8612353e-02
  -2.7967382e-02
  -2.7267432e-02
  -2.6177528e-02
  -2.5013080e-02
  -2.3761415e-02
  -2.2333196e-02
  -2.1456798e-02
  -2.0804623e-02
  -2.0036348e-02
  -1.9540884e-02
  -1.6874659e-02
  -1.3322358e-02
  -1.0821437e-02
  -8.1853756e-03
  -5.1849943e-03
  -3.4908495e-03
  -3.2706698e-04
   2.6350690e-03
   4.9744882e-03
   6.8190717e-03
   8.4056531e-03
   9.2096733e-03
   9.5890353e-03
   9.5336026e-03
   9.3608983e-03
   9.1805909e-03
   8.8862454e-03
   8.5706820e-03
   8.2245694e-03
   7.8611672e-03
   7.6799890e-03
   7.5598662e-03
   7.4264198e-03
   7.3201891e-03
   7.2134648e-03
   7.0804721e-03
   6.9470251e-03
   6.7665485e-03
   6.4298250e-03
   6.0800227e-03
   1.8947227e-03
   1.2598496e-03
   8.2715199e-04
   5.7952694e-04
   2.3378558e-04
  -2.3482498e-04
  -7.6709769e-04
  -1.1791178e-03
  -1.3274988e-03
  -1.5414916e-03
  -2.3054008e-03
  -3.3934307e-03
  -4.6507129e-03
  -6.0871039e-03
  -7.4056927e-03
  -9.0016313e-03
  -1.1010705e-02
  -1.2699455e-02
  -1.4660295e-02
  -1.7160954e-02
  -1.8917195e-02
  -2.0483155e-02
  -2.2857934e-02
  -2.5174949e-02
  -2.7229523e-02
  -2.9170744e-02
  -3.0624306e-02
  -3.1878419e-02
  -3.2924481e-02
  -3.3540815e-02
  -3.3853862e-02
  -3.3194177e-02
  -3.1908639e-02
  -3.0880108e-02
  -3.0690650e-02
  -3.0523714e-02
  -2.9349594e-02
  -2.7268940e-02
  -2.4611302e-02
  -2.1700235e-02
  -1.8116740e-02
  -1.6148367e-02
  -1.5988635e-02
   0.0000000e+00
   0.0000000e+00
   0.0000000e+00
   0.0000000e+00
   0.0000000e+00
   0.0000000e+00
   0.0000000e+00
   0.0000000e+00
   1.0447013e-02
   1.3265454e-02
   1.4863982e-02
   1.5691422e-02
   1.5499473e-02
   1.4710505e-02
   1.3525087e-02
   1.1997565e-02
   1.0735325e-02
   9.4186245e-03
   7.9670977e-03
   7.0869545e-03
   6.2298169e-03
   5.0053569e-03
   4.0612617e-03
   3.5034739e-03
   3.2608774e-03
   3.0835792e-03
   2.9023373e-03
   2.6822812e-03
   2.3511825e-03
  -4.6799947e-03
  -4.9658706e-03
  -4.1761533e-03
  -4.0791142e-03
  -5.0905459e-03
  -4.8208473e-03
  -4.1142986e-03
  -4.7374065e-03
  -5.2731566e-03
  -4.9283952e-03
  -5.5566891e-03
  -7.2850846e-03
  -8.5503571e-03
  -9.3823485e-03
  -1.0721086e-02
  -1.2312423e-02
  -1.3584207e-02
  -1.4792596e-02
  -1.6676312e-02
  -1.9147456e-02
  -2.0701482e-02
  -2.1918137e-02
  -2.4091182e-02
  -2.6989569e-02
  -2.9476749e-02
  -3.0858418e-02
  -3.2747399e-02
  -3.5427351e-02
  -3.5918538e-02
  -3.5591043e-02
  -3.7549987e-02
  -3.7018962e-02
  -3.0554334e-02
  -2.5716608e-02
  -3.1530859e-02
  -3.3742932e-02
  -3.1873585e-02
   0.0000000e+00
   0.0000000e+00
   0.0000000e+00
   0.0000000e+00
   0.0000000e+00
   0.0000000e+00
   0.0000000e+00
  -0.0000000e+00
  -0.0000000e+00
   0.0000000e+00
   0.0000000e+00
   0.0000000e+00
   0.0000000e+00
   0.0000000e+00
   0.0000000e+00
   0.0000000e+00
   0.0000000e+00
   0.0000000e+00
   2.0690880e-02
   2.0171539e-02
   1.7378874e-02
   1.3041347e-02
   1.0670083e-02
   9.0595670e-03
   6.0154554e-03
   3.1293452e-03
   1.4315908e-03
   2.3358443e-06
  -1.9312091e-03
  -3.1271665e-03
  -2.7726165e-03
  -2.9817073e-03
  -4.0998743e-03
  -4.4196658e-03
  -4.1630915e-03
  -8.7471120e-03
  -9.3527976e-03
  -8.1753675e-03
  -7.6196860e-03
  -8.4083332e-03
  -7.4305967e-03
  -6.6635064e-03
  -7.7608135e-03
  -7.9261009e-03
  -7.8095831e-03
  -9.0800561e-03
  -1.0214815e-02
  -1.1112974e-02
  -1.2192978e-02
  -1.3261665e-02
  -1.4450915e-02
  -1.5337085e-02
  -1.6706631e-02
  -1.9021709e-02
  -2.0500388e-02
  -2.1486862e-02
  -2.3788489e-02
  -2.5274904e-02
  -2.6310369e-02
  -2.9458757e-02
  -3.1737596e-02
  -3.1897686e-02
  -3.4555886e-02
  -3.6714412e-02
  -3.5771444e-02
  -3.7587047e-02
  -3.9154117e-02
  -2.9773357e-02
  -2.0433531e-02
   0.0000000e+00
   0.0000000e+00
   0.0000000e+00
   0.0000000e+00
   0.0000000e+00
   0.0000000e+00
   0.0000000e+00
   0.0000000e+00
   0.0000000e+00
   0.0000000e+00
   0.0000000e+00
  -0.0000000e+00
   0.0000000e+00
   0.0000000e+00
   0.0000000e+00
   0.0000000e+00
   0.0000000e+00
   0.0000000e+00
   0.0000000e+00
   0.0000000e+00
   0.0000000e+00
   0.0000000e+00
   0.0000000e+00
   1.9484688e-02
   1.1367564e-02
   7.5919572e-03
   4.9956669e-03
   1.0475803e-03
  -1.8406884e-03
  -4.7878763e-03
  -7.1513285e-03
  -8.0623003e-03
  -9.5099816e-03
  -1.0311264e-02
  -9.5202224e-03
  -1.0202045e-02
  -1.0978882e-02
  -9.3668085e-03
  -1.1654928e-02
  -1.1576200e-02
  -1.1250753e-02
  -1.0193581e-02
  -1.0515311e-02
  -9.7699182e-03
  -9.4950926e-03
  -1.0447276e-02
  -9.9759770e-03
  -1.0417766e-02
  -1.1660940e-02
  -1.1903143e-02
  -1.3669486e-02
  -1.5208282e-02
  -1.5454823e-02
  -1.7165449e-02
  -1.8507993e-02
  -1.9437696e-02
  -2.1695824e-02
  -2.2772660e-02
  -2.3303173e-02
  -2.4496576e-02
  -2.4633275e-02
  -2.5943584e-02
  -2.7589094e-02
  -2.8611610e-02
  -3.0636741e-02
  -3.1696640e-02
  -3.3437222e-02
  -3.4880961e-02
  -3.4905377e-02
   0.0000000e+00
   0.0000000e+00
   0.0000000e+00
   0.0000000e+00
   0.0000000e+00
   0.0000000e+00
   0.0000000e+00
   0.0000000e+00
   0.0000000e+00
   0.0000000e+00
   0.0000000e+00
   0.0000000e+00
   0.0000000e+00
   0.0000000e+00
   0.0000000e+00
   0.0000000e+00
   0.0000000e+00
   0.0000000e+00
   0.0000000e+00
   0.0000000e+00
   0.0000000e+00
   0.0000000e+00
   0.0000000e+00
   0.0000000e+00
   0.0000000e+00
   0.0000000e+00
   1.5804239e-02
   5.9179761e-03
   3.3456104e-03
  -6.2518974e-04
  -5.0271032e-03
  -8.1057278e-03
  -1.1310958e-02
  -1.3409747e-02
  -1.4805223e-02
  -1.5230809e-02
  -1.5411333e-02
  -1.5773078e-02
  -1.5064200e-02
  -1.4625090e-02
  -1.3686960e-02
  -1.3728553e-02
  -1.3322504e-02
  -1.2552861e-02
  -1.2047956e-02
  -1.2192788e-02
  -1.1168133e-02
  -1.1671278e-02
  -1.1325426e-02
  -1.1761360e-02
  -1.2570770e-02
  -1.2776358e-02
  -1.4798384e-02
  -1.5729642e-02
  -1.7499812e-02
  -1.8808452e-02
  -1.9452313e-02
  -2.2160539e-02
  -2.2291070e-02
  -2.3570847e-02
  -2.4629364e-02
  -2.3513123e-02
  -2.4561537e-02
  -2.3191640e-02
  -2.3948956e-02
  -2.5466667e-02
  -2.4724551e-02
  -2.7514242e-02
  -2.7569946e-02
  -2.8206183e-02
  -3.0756958e-02
   0.0000000e+00
  -1.3554835e-02
  -6.0938253e-03
  -4.2533111e-03
   0.0000000e+00
   0.0000000e+00
   0.0000000e+00
   0.0000000e+00
   0.0000000e+00
   0.0000000e+00
   0.0000000e+00
   0.0000000e+00
   0.0000000e+00
   0.0000000e+00
   0.0000000e+00
   0.0000000e+00
   0.0000000e+00
   0.0000000e+00
   0.0000000e+00
   0.0000000e+00
   0.0000000e+00
   0.0000000e+00
   0.0000000e+00
   0.0000000e+00
   0.0000000e+00
   0.0000000e+00
   1.5931053e-02
   9.6597932e-03
   2.9406603e-03
  -1.0924924e-03
  -4.2468449e-03
  -9.5969103e-03
  -1.2582662e-02
  -1.5555187e-02
  -1.7540669e-02
  -1.8188642e-02
  -1.9010138e-02
  -1.8233962e-02
  -1.8703112e-02
  -1.8033713e-02
  -1.6764965e-02
  -1.5998643e-02
  -1.4821269e-02
  -1.5021567e-02
  -1.3452861e-02
  -1.2941928e-02
  -1.3057685e-02
  -1.1397962e-02
  -1.2580774e-02
  -1.1932679e-02
  -1.3232037e-02
  -1.4043149e-02
  -1.4958844e-02
  -1.6990589e-02
  -1.7833436e-02
  -2.0078324e-02
  -2.1287622e-02
  -2.2418652e-02
  -2.3913726e-02
  -2.4092235e-02
  -2.4009060e-02
  -2.4605114e-02
  -2.3283051e-02
  -2.3186419e-02
  -2.2002397e-02
  -2.1569807e-02
  -2.2518236e-02
  -2.0515624e-02
  -2.2747392e-02
  -2.1830130e-02
  -2.3080112e-02
  -2.3609368e-02
  -1.7771914e-02
  -1.2093340e-02
  -3.3231692e-03
  -2.2073751e-03
   0.0000000e+00
   0.0000000e+00
   0.0000000e+00
   0.0000000e+00
   0.0000000e+00
   0.0000000e+00
   0.0000000e+00
   0.0000000e+00
   0.0000000e+00
   0.0000000e+00
   0.0000000e+00
   0.0000000e+00
   0.0000000e+00
   0.0000000e+00
   0.0000000e+00
   0.0000000e+00
   0.0000000e+00
   0.0000000e+00
   0.0000000e+00
   0.0000000e+00
   0.0000000e+00
   0.0000000e+00
   1.3242573e-02
   6.3446010e-03
   2.1093290e-03
  -3.6438103e-03
  -6.0021370e-03
  -1.1943880e-02
  -1.5263785e-02
  -1.7130844e-02
  -2.0456987e-02
  -1.9492498e-02
  -2.1016810e-02
  -1.9719969e-02
  -2.0001385e-02
  -1.9740807e-02
  -1.7473016e-02
  -1.7616134e-02
  -1.5617870e-02
  -1.5336853e-02
  -1.3382910e-02
  -1.2910259e-02
  -1.2165242e-02
  -1.1517292e-02
  -1.2360415e-02
  -1.2760608e-02
  -1.4440075e-02
  -1.5011425e-02
  -1.7063994e-02
  -1.8057292e-02
  -1.9523751e-02
  -2.1505170e-02
  -2.2498133e-02
  -2.3771208e-02
  -2.3707096e-02
  -2.3955923e-02
  -2.3296954e-02
  -2.3072395e-02
  -2.2413103e-02
  -2.0688843e-02
  -2.0410268e-02
  -1.8163918e-02
  -1.8389011e-02
  -1.5440574e-02
  -1.5500373e-02
  -1.4585094e-02
  -1.9400513e-02
  -2.2526056e-02
  -1.7771913e-02
  -1.0568988e-02
   4.5604834e-03
   4.6194866e-03
   1.3778877e-02
   1.2317351e-02
   0.0000000e+00
   0.0000000e+00
   0.0000000e+00
   0.0000000e+00
   0.0000000e+00
   0.0000000e+00
   0.0000000e+00
   0.0000000e+00
   0.0000000e+00
   0.0000000e+00
   0.0000000e+00
   0.0000000e+00
   0.0000000e+00
   0.0000000e+00
   0.0000000e+00
   0.0000000e+00
   0.0000000e+00
   0.0000000e+00
   0.0000000e+00
   0.0000000e+00
   1.1212210e-02
   6.7067705e-03
   4.5901472e-03
  -1.9207702e-03
  -6.8652001e-03
  -1.1939870e-02
  -1.6504530e-02
  -1.8016990e-02
  -2.1352571e-02
  -2.0502098e-02
  -2.1070227e-02
  -2.0761207e-02
  -2.0356471e-02
  -2.0414636e-02
  -1.7800773e-02
  -1.7931543e-02
  -1.5159044e-02
  -1.4396965e-02
  -1.2531897e-02
  -1.2100033e-02
  -1.1097815e-02
  -1.1512126e-02
  -1.2001936e-02
  -1.3522643e-02
  -1.4594929e-02
  -1.5670776e-02
  -1.7042838e-02
  -1.8211482e-02
  -1.9495346e-02
  -2.1051718e-02
  -2.1911857e-02
  -2.2341575e-02
  -2.2418022e-02
  -2.1954914e-02
  -2.1809466e-02
  -2.0703355e-02
  -2.0105672e-02
  -1.8039223e-02
  -1.6832145e-02
  -1.4078142e-02
  -1.3170967e-02
  -8.8520832e-03
  -7.3239534e-03
  -1.2702337e-03
  -1.8123606e-02
  -2.3686929e-02
   0.0000000e+00
   0.0000000e+00
   0.0000000e+00
   8.6931968e-03
   1.2928207e-02
   1.3989294e-02
   0.0000000e+00
   0.0000000e+00
   0.0000000e+00
   0.0000000e+00
   0.0000000e+00
   0.0000000e+00
   0.0000000e+00
   0.0000000e+00
   0.0000000e+00
   0.0000000e+00
   0.0000000e+00
   0.0000000e+00
   0.0000000e+00
   0.0000000e+00
   0.0000000e+00
   0.0000000e+00
   0.0000000e+00
   0.0000000e+00
   0.0000000e+00
   0.0000000e+00
   1.2323873e-02
   1.3632493e-02
   9.5141334e-03
  -5.9578875e-04
  -7.6805148e-03
  -1.3840167e-02
  -1.7143883e-02
  -1.9876843e-02
  -2.1020582e-02
  -2.1123528e-02
  -2.0248454e-02
  -2.0888252e-02
  -1.9976058e-02
  -2.0143336e-02
  -1.7550617e-02
  -1.7170351e-02
  -1.4063886e-02
  -1.3167098e-02
  -1.1369962e-02
  -1.1067778e-02
  -1.0242734e-02
  -1.1187679e-02
  -1.1526156e-02
  -1.3118469e-02
  -1.3742993e-02
  -1.4728024e-02
  -1.5628356e-02
  -1.6938371e-02
  -1.8082213e-02
  -1.9062586e-02
  -1.9683202e-02
  -1.9513493e-02
  -1.9929780e-02
  -1.9233258e-02
  -1.9515317e-02
  -1.7502472e-02
  -1.7112583e-02
  -1.4035242e-02
  -1.3109699e-02
  -9.0839433e-03
  -8.6065400e-03
  -1.1330112e-03
   8.8937326e-04
   1.3626313e-02
  -1.1427904e-02
   0.0000000e+00
   0.0000000e+00
   0.0000000e+00
   0.0000000e+00
   9.0804537e-03
   1.2306109e-02
   1.5211991e-02
   0.0000000e+00
   0.0000000e+00
   0.0000000e+00
   0.0000000e+00
   0.0000000e+00
   0.0000000e+00
   0.0000000e+00
   0.0000000e+00
   0.0000000e+00
   0.0000000e+00
   0.0000000e+00
   0.0000000e+00
   0.0000000e+00
   0.0000000e+00
   0.0000000e+00
   0.0000000e+00
   0.0000000e+00
   0.0000000e+00
   0.0000000e+00
   0.0000000e+00
   0.0000000e+00
   1.5928177e-02
   5.6420555e-03
  -6.4302438e-03
  -1.3914548e-02
  -1.8970465e-02
  -2.0926101e-02
  -2.2759670e-02
  -2.2467291e-02
  -2.1949598e-02
  -2.0408573e-02
  -2.0543560e-02
  -1.9538817e-02
  -1.9445909e-02
  -1.6819926e-02
  -1.6029544e-02
  -1.2908915e-02
  -1.1696653e-02
  -1.0065341e-02
  -9.7538736e-03
  -9.2995940e-03
  -1.0116434e-02
  -1.0388480e-02
  -1.1508863e-02
  -1.2011300e-02
  -1.2584325e-02
  -1.3505875e-02
  -1.4624052e-02
  -1.5659731e-02
  -1.6214196e-02
  -1.6650714e-02
  -1.6371362e-02
  -1.6671214e-02
  -1.6172236e-02
  -1.6242066e-02
  -1.4334925e-02
  -1.3426120e-02
  -1.0210919e-02
  -8.8549610e-03
  -4.6112691e-03
  -3.5349654e-03
   5.4230969e-03
   9.2325592e-03
   2.5146412e-02
   2.7117568e-04
   0.0000000e+00
   0.0000000e+00
   0.0000000e+00
   0.0000000e+00
   0.0000000e+00
   0.0000000e+00
   0.0000000e+00
   0.0000000e+00
   0.0000000e+00
   0.0000000e+00
   0.0000000e+00
   0.0000000e+00
   0.0000000e+00
   0.0000000e+00
   0.0000000e+00
   0.0000000e+00
   0.0000000e+00
   0.0000000e+00
   0.0000000e+00
   0.0000000e+00
   0.0000000e+00
   0.0000000e+00
   0.0000000e+00
   0.0000000e+00
   0.0000000e+00
   0.0000000e+00
   0.0000000e+00
   0.0000000e+00
   8.8111243e-03
  -3.0844761e-03
  -1.3948377e-02
  -2.1221947e-02
  -2.4437480e-02
  -2.5595468e-02
  -2.5489695e-02
  -2.4558553e-02
  -2.2806894e-02
  -2.1047372e-02
  -1.9859308e-02
  -1.8921558e-02
  -1.8256795e-02
  -1.5880233e-02
  -1.4734158e-02
  -1.1129520e-02
  -9.6915858e-03
  -8.4107993e-03
  -8.0472659e-03
  -7.8878114e-03
  -8.2677621e-03
  -8.5330689e-03
  -9.2423800e-03
  -9.7006261e-03
  -1.0042797e-02
  -1.0992251e-02
  -1.1817358e-02
  -1.2607604e-02
  -1.3045501e-02
  -1.3331144e-02
  -1.3354884e-02
  -1.3135368e-02
  -1.3069290e-02
  -1.2451912e-02
  -1.1368897e-02
  -9.4197281e-03
  -7.2417031e-03
  -4.3324623e-03
  -8.7466877e-04
   2.2707295e-03
   1.0706010e-02
   1.7433114e-02
   3.3252351e-02
   1.3403576e-02
   0.0000000e+00
   0.0000000e+00
   0.0000000e+00
   0.0000000e+00
   0.0000000e+00
   0.0000000e+00
   0.0000000e+00
   0.0000000e+00
   0.0000000e+00
   0.0000000e+00
   0.0000000e+00
   0.0000000e+00
   0.0000000e+00
   0.0000000e+00
   0.0000000e+00
   0.0000000e+00
   0.0000000e+00
   0.0000000e+00
   0.0000000e+00
   0.0000000e+00
   0.0000000e+00
   0.0000000e+00
   0.0000000e+00
   0.0000000e+00
   0.0000000e+00
   0.0000000e+00
   0.0000000e+00
  -0.0000000e+00
   8.2031048e-04
  -8.4034223e-03
  -1.8025132e-02
  -2.4593312e-02
  -2.7223939e-02
  -2.7610078e-02
  -2.6342403e-02
  -2.4806669e-02
  -2.2364115e-02
  -2.0303648e-02
  -1.8162178e-02
  -1.7172480e-02
  -1.6196724e-02
  -1.4124224e-02
  -1.2763677e-02
  -8.4050559e-03
  -7.1585029e-03
  -6.2619918e-03
  -6.0201166e-03
  -5.9023313e-03
  -6.0114302e-03
  -6.2005208e-03
  -6.7389505e-03
  -7.0811338e-03
  -7.4516335e-03
  -8.2257586e-03
  -8.8021811e-03
  -9.4481874e-03
  -9.7240163e-03
  -1.0174780e-02
  -1.0117970e-02
  -1.0106102e-02
  -9.9205617e-03
  -9.3063116e-03
  -8.0575962e-03
  -6.0262447e-03
  -4.2608385e-03
  -6.0175604e-04
   2.8181439e-03
   7.8782011e-03
   1.5921364e-02
   2.5227068e-02
   3.9265156e-02
   2.3985189e-02
   0.0000000e+00
   0.0000000e+00
   0.0000000e+00
   0.0000000e+00
   0.0000000e+00
   0.0000000e+00
   0.0000000e+00
   0.0000000e+00
   0.0000000e+00
   0.0000000e+00
   0.0000000e+00
   0.0000000e+00
   0.0000000e+00
   0.0000000e+00
   0.0000000e+00
   0.0000000e+00
   0.0000000e+00
   0.0000000e+00
   0.0000000e+00
   0.0000000e+00
   0.0000000e+00
   0.0000000e+00
   0.0000000e+00
   0.0000000e+00
   0.0000000e+00
   0.0000000e+00
  -0.0000000e+00
  -1.7688927e-03
  -1.9801168e-03
  -1.1217633e-02
  -1.9753709e-02
  -2.4884401e-02
  -2.6896514e-02
  -2.6551440e-02
  -2.4746299e-02
  -2.2666916e-02
  -1.9863317e-02
  -1.7480772e-02
  -1.4988559e-02
  -1.3983890e-02
  -1.3040091e-02
  -1.1136628e-02
  -9.7732516e-03
  -4.8911272e-03
  -3.9859386e-03
  -3.5036470e-03
  -3.4881205e-03
  -3.3954745e-03
  -3.4134420e-03
  -3.5534402e-03
  -3.6457566e-03
  -4.0414674e-03
  -4.5440675e-03
  -5.1118712e-03
  -5.4402914e-03
  -5.7768748e-03
  -6.3982893e-03
  -6.8622329e-03
  -6.9857513e-03
  -7.2214374e-03
  -7.0087679e-03
  -6.3712560e-03
  -4.9649937e-03
  -3.1989042e-03
  -9.3861921e-04
   2.7903236e-03
   7.2022746e-03
   1.3293116e-02
   2.2446972e-02
   3.3702947e-02
   4.5622034e-02
   0.0000000e+00
   0.0000000e+00
   0.0000000e+00
   0.0000000e+00
   0.0000000e+00
   0.0000000e+00
   0.0000000e+00
   0.0000000e+00
   0.0000000e+00
   0.0000000e+00
   0.0000000e+00
   0.0000000e+00
   0.0000000e+00
   0.0000000e+00
   0.0000000e+00
   0.0000000e+00
   0.0000000e+00
   0.0000000e+00
   0.0000000e+00
   0.0000000e+00
   0.0000000e+00
   0.0000000e+00
   0.0000000e+00
   0.0000000e+00
   0.0000000e+00
   0.0000000e+00
   0.0000000e+00
  -2.3619081e-03
  -1.3389589e-03
  -4.3352519e-03
  -1.3647843e-02
  -1.9737114e-02
  -2.3116087e-02
  -2.3865248e-02
  -2.2650782e-02
  -2.0619316e-02
  -1.7665821e-02
  -1.4981102e-02
  -1.2487883e-02
  -9.9904258e-03
  -9.1198209e-03
  -8.3411134e-03
  -6.7145547e-03
  -5.6108857e-03
  -1.1424826e-03
  -7.6984888e-04
  -5.9062894e-04
  -7.0336490e-04
  -8.8612246e-04
  -7.4109400e-04
  -5.3218257e-04
  -5.2577892e-04
  -9.8423008e-04
  -1.5630485e-03
  -2.0572299e-03
  -2.3242715e-03
  -2.7423357e-03
  -3.4434963e-03
  -3.9393916e-03
  -4.3488028e-03
  -4.6557365e-03
  -4.4584554e-03
  -3.7811561e-03
  -2.3371107e-03
  -3.7947175e-04
   2.4347627e-03
   7.0596533e-03
   1.2158241e-02
   1.8981282e-02
   3.0486308e-02
   4.4466577e-02
   5.6876268e-02
   0.0000000e+00
   0.0000000e+00
   0.0000000e+00
   0.0000000e+00
   0.0000000e+00
   0.0000000e+00
   0.0000000e+00
   0.0000000e+00
   0.0000000e+00
   0.0000000e+00
   0.0000000e+00
   0.0000000e+00
   0.0000000e+00
   0.0000000e+00
   0.0000000e+00
   0.0000000e+00
   0.0000000e+00
   0.0000000e+00
   0.0000000e+00
   0.0000000e+00
   0.0000000e+00
   0.0000000e+00
   0.0000000e+00
   0.0000000e+00
  -5.7203030e-03
  -2.6319629e-03
  -1.1120729e-03
   8.9845917e-04
  -2.9848423e-05
  -6.0670013e-03
  -1.2868319e-02
  -1.6463581e-02
  -1.7751520e-02
  -1.7028874e-02
  -1.5328019e-02
  -1.2905575e-02
  -9.9933855e-03
  -7.6008188e-03
  -5.4385122e-03
  -3.6391425e-03
  -3.0388222e-03
  -2.5862001e-03
  -1.8114819e-03
  -1.3396592e-03
   1.2284564e-03
   1.3492762e-03
   1.3921279e-03
   1.2385683e-03
   1.0696538e-03
   1.2589049e-03
   1.5094206e-03
   1.4870242e-03
   9.3945750e-04
   3.4966980e-04
  -1.2830450e-04
  -5.5720168e-04
  -1.0436334e-03
  -1.7493747e-03
  -2.2476204e-03
  -2.6812383e-03
  -3.0277281e-03
  -2.7647114e-03
  -2.0529833e-03
  -3.1976381e-04
   2.0186857e-03
   5.2883732e-03
   1.0519643e-02
   1.6221406e-02
   2.3853676e-02
   3.7356559e-02
   5.4483783e-02
   6.5515317e-02
   0.0000000e+00
   0.0000000e+00
   0.0000000e+00
   0.0000000e+00
   0.0000000e+00
   0.0000000e+00
   0.0000000e+00
   0.0000000e+00
   0.0000000e+00
   0.0000000e+00
   0.0000000e+00
   0.0000000e+00
   0.0000000e+00
   0.0000000e+00
   0.0000000e+00
   0.0000000e+00
  -0.0000000e+00
  -9.6458060e-03
   0.0000000e+00
   0.0000000e+00
   0.0000000e+00
  -0.0000000e+00
  -4.3369294e-03
  -1.5262475e-03
  -1.2394511e-03
  -2.7760974e-04
   9.3349227e-05
   8.7637827e-04
  -1.3612533e-03
  -5.8275824e-03
  -9.6457517e-03
  -1.1157621e-02
  -1.1153124e-02
  -9.8697431e-03
  -8.0965254e-03
  -5.8796406e-03
  -3.5270792e-03
  -1.6877246e-03
  -8.1790553e-05
   1.1140851e-03
   1.3513491e-03
   1.3836145e-03
   1.4320969e-03
   1.3465332e-03
   3.1618397e-03
   3.1460286e-03
   3.0893297e-03
   2.8990533e-03
   2.7871188e-03
   2.9411304e-03
   3.1080013e-03
   2.9702401e-03
   2.3697347e-03
   1.7886005e-03
   1.2161725e-03
   6.0701300e-04
   1.0371275e-04
  -5.8365450e-04
  -1.0444202e-03
  -1.4268205e-03
  -1.7131532e-03
  -1.3360288e-03
  -4.6679715e-04
   1.6658409e-03
   4.3777078e-03
   8.0414340e-03
   1.3815669e-02
   2.0120751e-02
   2.8583860e-02
   4.4083010e-02
   6.4373374e-02
   7.4060231e-02
   0.0000000e+00
   0.0000000e+00
   0.0000000e+00
   0.0000000e+00
   0.0000000e+00
   0.0000000e+00
   0.0000000e+00
   0.0000000e+00
   0.0000000e+00
   0.0000000e+00
   0.0000000e+00
   0.0000000e+00
   0.0000000e+00
   0.0000000e+00
   0.0000000e+00
   0.0000000e+00
  -0.0000000e+00
  -8.4505687e-03
  -4.6933991e-03
   0.0000000e+00
   0.0000000e+00
  -2.7508672e-03
  -2.5293168e-03
  -3.0144939e-04
   1.4720992e-03
   1.0501405e-03
   7.4051484e-04
   8.1594649e-04
  -1.3002903e-03
  -3.7203263e-03
  -5.1465635e-03
  -5.1956535e-03
  -4.5042690e-03
  -3.1029268e-03
  -1.5152139e-03
   2.7576683e-04
   1.9894694e-03
   3.3143009e-03
   4.3859463e-03
   5.0110999e-03
   4.8924340e-03
   4.5303772e-03
   3.9685001e-03
   3.4781082e-03
   4.7670747e-03
   4.6996182e-03
   4.5645399e-03
   4.3339409e-03
   4.2904669e-03
   4.3466447e-03
   4.3434267e-03
   4.0238446e-03
   3.4083303e-03
   2.8478624e-03
   2.0845796e-03
   1.3037109e-03
   8.3122251e-04
   1.7618808e-04
  -2.1334334e-04
  -4.9983986e-04
  -6.3660941e-04
  -1.1042275e-04
   1.0288621e-03
   3.6307399e-03
   6.6816212e-03
   1.0681177e-02
   1.6952909e-02
   2.3854454e-02
   3.3140699e-02
   5.0618909e-02
   7.3968476e-02
   8.2554864e-02
   0.0000000e+00
   0.0000000e+00
   0.0000000e+00
   0.0000000e+00
   0.0000000e+00
   0.0000000e+00
   0.0000000e+00
   0.0000000e+00
   0.0000000e+00
   0.0000000e+00
   0.0000000e+00
   0.0000000e+00
   0.0000000e+00
   0.0000000e+00
   0.0000000e+00
   0.0000000e+00
  -0.0000000e+00
  -6.1589813e-03
  -4.6933998e-03
   0.0000000e+00
   0.0000000e+00
  -1.4141082e-03
   9.3635576e-04
   2.0468139e-03
   2.0195258e-03
   1.1518606e-03
   7.3001862e-04
   8.0118815e-04
   3.2422382e-04
  -9.4795243e-05
   2.0917260e-04
   1.0411835e-03
   1.9084799e-03
   3.0950932e-03
   4.2986814e-03
   5.5239745e-03
   6.5897749e-03
   7.4743646e-03
   8.0674361e-03
   8.1578569e-03
   7.7077244e-03
   6.9947180e-03
   5.9347780e-03
   5.1862088e-03
   6.8591814e-03
   6.5991213e-03
   6.3050594e-03
   6.0341135e-03
   5.8649187e-03
   5.5185449e-03
   5.0330483e-03
   4.4644033e-03
   3.9020025e-03
   3.1781644e-03
   2.0932013e-03
   1.4352674e-03
   1.1184820e-03
   6.5939571e-04
   4.7485356e-04
   4.2161313e-04
   7.6718652e-04
   1.7575836e-03
   3.5152305e-03
   6.7428211e-03
   1.0309296e-02
   1.4861755e-02
   2.1940105e-02
   2.9790880e-02
   4.0334519e-02
   6.0458265e-02
   8.4994480e-02
   8.6431786e-02
   0.0000000e+00
   0.0000000e+00
   0.0000000e+00
   0.0000000e+00
   0.0000000e+00
   0.0000000e+00
   0.0000000e+00
   0.0000000e+00
   0.0000000e+00
   0.0000000e+00
   0.0000000e+00
   0.0000000e+00
   0.0000000e+00
   0.0000000e+00
   0.0000000e+00
   0.0000000e+00
  -0.0000000e+00
  -3.9638137e-03
  -4.6552016e-04
   1.8725332e-03
   3.6390689e-03
   5.1408904e-03
   4.2062635e-03
   4.2539979e-03
   3.9299401e-03
   4.0538288e-03
   4.4931541e-03
   5.5063637e-03
   6.1852532e-03
   6.6450257e-03
   7.4388748e-03
   8.2661193e-03
   8.9432513e-03
   9.8388912e-03
   1.0608874e-02
   1.1141663e-02
   1.1640969e-02
   1.2113469e-02
   1.2001405e-02
   1.1356520e-02
   1.0595677e-02
   9.6249124e-03
   8.2835136e-03
   7.4177296e-03
   7.6466296e-03
   7.1822978e-03
   6.7434033e-03
   6.3512479e-03
   5.9082252e-03
   5.2830152e-03
   4.6426826e-03
   4.0750131e-03
   3.4878343e-03
   2.6863916e-03
   1.6687503e-03
   1.1914681e-03
   9.9934719e-04
   7.5845851e-04
   7.2549647e-04
   8.8134449e-04
   1.5904309e-03
   2.9441341e-03
   5.0925585e-03
   8.7568052e-03
   1.2702104e-02
   1.7600335e-02
   2.5181364e-02
   3.3592757e-02
   4.4746313e-02
   6.4969987e-02
   8.6681773e-02
   8.1213675e-02
   0.0000000e+00
   0.0000000e+00
   0.0000000e+00
   0.0000000e+00
   0.0000000e+00
   0.0000000e+00
   0.0000000e+00
   0.0000000e+00
   0.0000000e+00
   0.0000000e+00
   0.0000000e+00
   0.0000000e+00
   0.0000000e+00
   0.0000000e+00
   0.0000000e+00
   0.0000000e+00
  -0.0000000e+00
  -3.6003403e-03
  -6.3319650e-04
   2.0608997e-03
   4.0222188e-03
   4.8806546e-03
   4.9578588e-03
   5.7019400e-03
   6.2724012e-03
   6.9237157e-03
   7.6646898e-03
   8.7339720e-03
   9.4394132e-03
   9.9525442e-03
   1.0692064e-02
   1.1392084e-02
   1.2043443e-02
   1.2870427e-02
   1.3443595e-02
   1.3686385e-02
   1.3964951e-02
   1.4113258e-02
   1.3622113e-02
   1.2749989e-02
   1.1884349e-02
   1.0765180e-02
   9.3097780e-03
   8.3580082e-03
   8.0749150e-03
   7.3853154e-03
   6.7932382e-03
   6.2729097e-03
   5.5708662e-03
   4.7518988e-03
   4.0360321e-03
   3.4719952e-03
   2.8798650e-03
   2.0812752e-03
   1.2018729e-03
   9.0055069e-04
   8.2886784e-04
   7.7635812e-04
   9.0727990e-04
   1.2980350e-03
   2.3885765e-03
   4.1160276e-03
   6.6437451e-03
   1.0733549e-02
   1.5030215e-02
   2.0256342e-02
   2.8306803e-02
   3.7187666e-02
   4.8761331e-02
   6.8360694e-02
   8.6671382e-02
   7.4974045e-02
   0.0000000e+00
   0.0000000e+00
   0.0000000e+00
   0.0000000e+00
   0.0000000e+00
   0.0000000e+00
   0.0000000e+00
   0.0000000e+00
   0.0000000e+00
   0.0000000e+00
   0.0000000e+00
   0.0000000e+00
   0.0000000e+00
   0.0000000e+00
   0.0000000e+00
   0.0000000e+00
  -0.0000000e+00
  -3.4709706e-03
  -9.2525349e-04
   2.0343694e-03
   4.2542182e-03
   5.1632132e-03
   6.1683892e-03
   7.4430313e-03
   8.6476011e-03
   9.6363900e-03
   1.0566452e-02
   1.1600367e-02
   1.2281070e-02
   1.2830037e-02
   1.3506494e-02
   1.4083859e-02
   1.4712263e-02
   1.5481791e-02
   1.5880974e-02
   1.5889708e-02
   1.5934044e-02
   1.5766306e-02
   1.4978857e-02
   1.3899659e-02
   1.2883432e-02
   1.1591913e-02
   1.0002717e-02
   8.9418394e-03
   7.8976819e-03
   6.8353763e-03
   6.0030116e-03
   5.2816895e-03
   4.2375564e-03
   3.3269492e-03
   2.6777649e-03
   2.1248875e-03
   1.5695948e-03
   9.5372514e-04
   4.3184914e-04
   3.7483208e-04
   4.6811409e-04
   6.2211343e-04
   1.0175833e-03
   1.8056993e-03
   3.4882609e-03
   5.7799262e-03
   8.8312160e-03
   1.3512420e-02
   1.8256780e-02
   2.3917889e-02
   3.2574124e-02
   4.1932240e-02
   5.3692773e-02
   7.0780819e-02
   8.2888053e-02
   6.3674174e-02
   0.0000000e+00
   0.0000000e+00
   0.0000000e+00
   0.0000000e+00
   0.0000000e+00
   0.0000000e+00
   0.0000000e+00
   0.0000000e+00
   0.0000000e+00
   0.0000000e+00
   0.0000000e+00
   0.0000000e+00
   0.0000000e+00
   0.0000000e+00
   0.0000000e+00
   0.0000000e+00
  -0.0000000e+00
  -3.8033300e-03
  -1.6241199e-03
   1.5189615e-03
   4.2545568e-03
   6.7770767e-03
   8.9394367e-03
   1.0614129e-02
   1.2158607e-02
   1.3214288e-02
   1.4168229e-02
   1.4947977e-02
   1.5479025e-02
   1.6040968e-02
   1.6606758e-02
   1.7016704e-02
   1.7618142e-02
   1.8329351e-02
   1.8527349e-02
   1.8321445e-02
   1.7996772e-02
   1.7389599e-02
   1.6356974e-02
   1.5022773e-02
   1.3686904e-02
   1.2092742e-02
   1.0265947e-02
   8.9957924e-03
   6.2764868e-03
   4.8782041e-03
   3.9264294e-03
   3.1172500e-03
   2.1016355e-03
   1.3654518e-03
   8.4595574e-04
   3.9672714e-04
   4.0564497e-05
  -3.0661568e-04
  -5.1750717e-04
  -4.0025945e-04
  -1.6150817e-04
   3.7122829e-04
   1.2973626e-03
   2.7088115e-03
   5.1783140e-03
   8.0405995e-03
   1.1566699e-02
   1.6708185e-02
   2.1792660e-02
   2.7813224e-02
   3.6909284e-02
   4.6564244e-02
   5.7971541e-02
   7.1432125e-02
   7.2773039e-02
   4.4852524e-02
   0.0000000e+00
   0.0000000e+00
   0.0000000e+00
   0.0000000e+00
   0.0000000e+00
   0.0000000e+00
   0.0000000e+00
   0.0000000e+00
   0.0000000e+00
   0.0000000e+00
   0.0000000e+00
   0.0000000e+00
   0.0000000e+00
   0.0000000e+00
   0.0000000e+00
   0.0000000e+00
  -0.0000000e+00
  -4.7937653e-03
  -1.5113674e-03
   2.4582152e-03
   6.0320733e-03
   9.7607594e-03
   1.2453390e-02
   1.4254677e-02
   1.5653829e-02
   1.6510554e-02
   1.7198323e-02
   1.7606645e-02
   1.7879464e-02
   1.8254378e-02
   1.8615700e-02
   1.8886207e-02
   1.9452636e-02
   2.0107531e-02
   2.0181259e-02
   1.9787218e-02
   1.9017629e-02
   1.8022334e-02
   1.6778038e-02
   1.5036332e-02
   1.3251040e-02
   1.1354958e-02
   9.2639966e-03
   7.6940265e-03
   4.9531249e-03
   3.5098307e-03
   2.5600634e-03
   1.7728477e-03
   8.7517676e-04
   2.6143592e-04
  -1.8841364e-04
  -5.9502256e-04
  -8.7788283e-04
  -1.1037527e-03
  -1.1303997e-03
  -8.6285944e-04
  -4.1095151e-04
   5.4298981e-04
   1.9125629e-03
   3.7813899e-03
   6.7618030e-03
   9.9496252e-03
   1.3723716e-02
   1.9083570e-02
   2.4329019e-02
   3.0491460e-02
   3.9670735e-02
   4.9146244e-02
   5.9724599e-02
   7.0235341e-02
   6.3523106e-02
   3.9196892e-02
   0.0000000e+00
   0.0000000e+00
   0.0000000e+00
   0.0000000e+00
   0.0000000e+00
   0.0000000e+00
   0.0000000e+00
   0.0000000e+00
   0.0000000e+00
   0.0000000e+00
   0.0000000e+00
   0.0000000e+00
  -8.3497978e-03
  -1.1453806e-02
  -1.1386771e-02
   0.0000000e+00
  -2.6328722e-03
  -4.1861422e-03
  -1.9621058e-04
   4.1320938e-03
   8.0697266e-03
   1.2209380e-02
   1.4978900e-02
   1.6739437e-02
   1.7936857e-02
   1.8589889e-02
   1.9052667e-02
   1.9126394e-02
   1.9183050e-02
   1.9402392e-02
   1.9589530e-02
   1.9771901e-02
   2.0263127e-02
   2.0822374e-02
   2.0793650e-02
   2.0201718e-02
   1.9083317e-02
   1.7830228e-02
   1.6412210e-02
   1.4385077e-02
   1.2352566e-02
   1.0310079e-02
   8.1008849e-03
   6.4386755e-03
   3.0696614e-03
   1.7398457e-03
   8.6997987e-04
   1.8657676e-04
  -4.6991987e-04
  -9.2483499e-04
  -1.3036093e-03
  -1.6820781e-03
  -1.9297279e-03
  -2.0588558e-03
  -1.8771873e-03
  -1.3895162e-03
  -5.6111658e-04
   1.0790763e-03
   3.0877179e-03
   5.5676660e-03
   9.1734174e-03
   1.2715935e-02
   1.6734871e-02
   2.2283648e-02
   2.7667844e-02
   3.3914863e-02
   4.2998978e-02
   5.1892441e-02
   6.0872349e-02
   6.7193437e-02
   4.9589051e-02
   3.7074331e-02
   0.0000000e+00
   0.0000000e+00
   0.0000000e+00
   0.0000000e+00
   0.0000000e+00
   0.0000000e+00
   0.0000000e+00
   0.0000000e+00
   0.0000000e+00
   0.0000000e+00
   0.0000000e+00
   0.0000000e+00
  -8.3497985e-03
  -1.1453806e-02
  -1.1386770e-02
   7.1767182e-04
  -8.8027965e-04
  -2.2246295e-03
   2.6228329e-03
   7.2169996e-03
   1.1424166e-02
   1.5704484e-02
   1.8307752e-02
   1.9898707e-02
   2.0744659e-02
   2.1075797e-02
   2.1212385e-02
   2.0785590e-02
   2.0530421e-02
   2.0526108e-02
   2.0459712e-02
   2.0536522e-02
   2.0884602e-02
   2.1269250e-02
   2.1093924e-02
   2.0186030e-02
   1.8582318e-02
   1.7008032e-02
   1.5342040e-02
   1.2945239e-02
   1.0653535e-02
   8.4801626e-03
   6.1781301e-03
   4.5027419e-03
   2.1331275e-03
   1.4155309e-03
   9.7153522e-04
   6.5735751e-04
   3.0207442e-04
  -4.4631141e-05
  -4.0584611e-04
  -8.0079306e-04
  -9.8919542e-04
  -9.3819737e-04
  -4.2318809e-04
   4.7710727e-04
   1.8121828e-03
   4.0694331e-03
   6.4911080e-03
   9.3126465e-03
   1.3225798e-02
   1.6934940e-02
   2.1079544e-02
   2.6734918e-02
   3.2094706e-02
   3.8046025e-02
   4.6091989e-02
   5.3318420e-02
   6.0801759e-02
   6.6836044e-02
   5.8075341e-02
   3.7074331e-02
   0.0000000e+00
   0.0000000e+00
   0.0000000e+00
   0.0000000e+00
   0.0000000e+00
   0.0000000e+00
   0.0000000e+00
   0.0000000e+00
   0.0000000e+00
   0.0000000e+00
   0.0000000e+00
   0.0000000e+00
  -4.8300764e-03
  -1.1666194e-02
  -1.0087655e-02
  -1.2647832e-03
   1.0842258e-03
   2.8094123e-03
   8.3477693e-03
   1.2450656e-02
   1.6173976e-02
   1.9730896e-02
   2.1778058e-02
   2.2932285e-02
   2.3186410e-02
   2.3084805e-02
   2.2720076e-02
   2.1788213e-02
   2.1238310e-02
   2.0808088e-02
   2.0383814e-02
   2.0247911e-02
   2.0284440e-02
   2.0207737e-02
   1.9480224e-02
   1.8006511e-02
   1.5884317e-02
   1.4079943e-02
   1.2250083e-02
   9.8131802e-03
   7.7283001e-03
   5.9070988e-03
   4.1530966e-03
   2.9972714e-03
   2.2921672e-03
   2.0730689e-03
   2.0024214e-03
   2.0221414e-03
   1.9851264e-03
   1.8263844e-03
   1.6076523e-03
   1.3577344e-03
   1.2824108e-03
   1.4534170e-03
   2.1158641e-03
   3.1361104e-03
   4.5819636e-03
   6.9314474e-03
   9.3839342e-03
   1.2211021e-02
   1.6092509e-02
   1.9734876e-02
   2.3768183e-02
   2.9182905e-02
   3.4166882e-02
   3.9519534e-02
   4.6457145e-02
   5.2537444e-02
   5.9118409e-02
   6.0802288e-02
   5.3442038e-02
   0.0000000e+00
   0.0000000e+00
   0.0000000e+00
   0.0000000e+00
   0.0000000e+00
   0.0000000e+00
   0.0000000e+00
   0.0000000e+00
   0.0000000e+00
   0.0000000e+00
   0.0000000e+00
   0.0000000e+00
   0.0000000e+00
  -1.4112239e-03
  -1.0576284e-02
  -1.0005130e-02
  -1.5858518e-03
   2.6311487e-03
   6.2106224e-03
   1.1610545e-02
   1.5217726e-02
   1.8476885e-02
   2.1495694e-02
   2.3171499e-02
   2.4021391e-02
   2.3958281e-02
   2.3625146e-02
   2.3005055e-02
   2.1845819e-02
   2.1108752e-02
   2.0448674e-02
   1.9832518e-02
   1.9542952e-02
   1.9351289e-02
   1.8883731e-02
   1.7768902e-02
   1.6007040e-02
   1.3701029e-02
   1.1858201e-02
   1.0049553e-02
   7.8241238e-03
   6.0756829e-03
   4.6512000e-03
   3.4051263e-03
   2.6941087e-03
   3.0599220e-03
   3.6340831e-03
   4.1723883e-03
   4.7420124e-03
   5.2522269e-03
   5.4483534e-03
   5.5279400e-03
   5.5972909e-03
   5.7381171e-03
   6.0852049e-03
   6.9130300e-03
   8.0035125e-03
   9.4571160e-03
   1.1724293e-02
   1.4055199e-02
   1.6738894e-02
   2.0412533e-02
   2.3835573e-02
   2.7572492e-02
   3.2421406e-02
   3.6608554e-02
   4.0808715e-02
   4.5835697e-02
   5.0210112e-02
   5.5531753e-02
   4.7993739e-02
   3.5763843e-02
   0.0000000e+00
   0.0000000e+00
   0.0000000e+00
   0.0000000e+00
   0.0000000e+00
   0.0000000e+00
   0.0000000e+00
   0.0000000e+00
   0.0000000e+00
   0.0000000e+00
   0.0000000e+00
   0.0000000e+00
   0.0000000e+00
   4.3379689e-03
  -8.1366720e-03
  -9.9754075e-03
  -2.0507045e-03
   5.0633490e-03
   1.1233304e-02
   1.6021464e-02
   1.8786388e-02
   2.1267737e-02
   2.3458692e-02
   2.4589025e-02
   2.4983278e-02
   2.4507306e-02
   2.3873210e-02
   2.2932116e-02
   2.1513745e-02
   2.0508340e-02
   1.9547806e-02
   1.8681880e-02
   1.8158694e-02
   1.7618150e-02
   1.6520145e-02
   1.4823760e-02
   1.2699747e-02
   1.0234335e-02
   8.4134677e-03
   6.7249299e-03
   4.9723551e-03
   3.8531235e-03
   3.1213500e-03
   2.7179972e-03
   2.7269491e-03
   3.5676807e-03
   5.0644190e-03
   6.4012129e-03
   7.7487859e-03
   9.1878902e-03
   1.0219175e-02
   1.1144431e-02
   1.2125928e-02
   1.2887282e-02
   1.3695594e-02
   1.4773482e-02
   1.5813479e-02
   1.7014310e-02
   1.8745618e-02
   2.0513581e-02
   2.2577725e-02
   2.5423732e-02
   2.8012615e-02
   3.0700782e-02
   3.3977628e-02
   3.6572471e-02
   3.8865671e-02
   4.1262120e-02
   4.3531395e-02
   4.6047032e-02
   4.3077760e-02
   3.5763846e-02
   0.0000000e+00
   0.0000000e+00
   0.0000000e+00
   0.0000000e+00
   0.0000000e+00
   0.0000000e+00
   0.0000000e+00
   0.0000000e+00
   0.0000000e+00
   0.0000000e+00
   0.0000000e+00
   0.0000000e+00
   0.0000000e+00
   2.2680508e-03
  -6.6803312e-03
  -1.2578422e-02
  -1.1288451e-03
   8.6352434e-03
   1.4712334e-02
   1.8134879e-02
   2.0035824e-02
   2.1665327e-02
   2.3125624e-02
   2.3812681e-02
   2.3848955e-02
   2.3107281e-02
   2.2231348e-02
   2.1107588e-02
   1.9442074e-02
   1.8177889e-02
   1.7025683e-02
   1.5945870e-02
   1.5081273e-02
   1.4075618e-02
   1.2347188e-02
   1.0264620e-02
   8.0074333e-03
   5.6445389e-03
   4.0387046e-03
   2.7342029e-03
   1.6656893e-03
   1.2141862e-03
   1.1745178e-03
   1.6570094e-03
   2.4598497e-03
   2.7061952e-03
   4.5847379e-03
   6.2742336e-03
   7.9897218e-03
   9.9228775e-03
   1.1440145e-02
   1.2894222e-02
   1.4505385e-02
   1.5753312e-02
   1.6971924e-02
   1.8374537e-02
   1.9533154e-02
   2.0726419e-02
   2.2296147e-02
   2.3824072e-02
   2.5579210e-02
   2.7964404e-02
   3.0086571e-02
   3.2206954e-02
   3.4638765e-02
   3.6413137e-02
   3.7777463e-02
   3.8880861e-02
   3.9933007e-02
   4.0797918e-02
   3.7432187e-02
   0.0000000e+00
   0.0000000e+00
   0.0000000e+00
   0.0000000e+00
   0.0000000e+00
   0.0000000e+00
   0.0000000e+00
   0.0000000e+00
   0.0000000e+00
   0.0000000e+00
   0.0000000e+00
   0.0000000e+00
   0.0000000e+00
   0.0000000e+00
   0.0000000e+00
  -6.5114092e-03
  -1.3136870e-02
  -4.2625880e-04
   9.9001499e-03
   1.5478680e-02
   1.8331279e-02
   1.9853165e-02
   2.1102212e-02
   2.2234482e-02
   2.2721659e-02
   2.2611355e-02
   2.1779876e-02
   2.0809744e-02
   1.9600136e-02
   1.7805032e-02
   1.6407482e-02
   1.5159041e-02
   1.3951608e-02
   1.2905929e-02
   1.1676677e-02
   9.7008502e-03
   7.4975258e-03
   5.2079375e-03
   2.8884129e-03
   1.3577691e-03
   1.9900662e-04
  -6.2849935e-04
  -8.4160740e-04
  -6.2304954e-04
   1.9810107e-04
   1.3016602e-03
  -2.5760643e-04
   2.0357513e-03
   4.1505435e-03
   6.3527303e-03
   9.0301148e-03
   1.1340970e-02
   1.3708013e-02
   1.6480471e-02
   1.8691841e-02
   2.0771449e-02
   2.2945507e-02
   2.4496996e-02
   2.5865684e-02
   2.7373752e-02
   2.8627526e-02
   2.9947373e-02
   3.1608072e-02
   3.2993265e-02
   3.4243650e-02
   3.5389419e-02
   3.5966797e-02
   3.6057618e-02
   3.5369356e-02
   3.4444560e-02
   3.2589772e-02
   2.5748490e-02
   0.0000000e+00
   0.0000000e+00
   0.0000000e+00
   0.0000000e+00
   0.0000000e+00
   0.0000000e+00
   0.0000000e+00
   0.0000000e+00
   0.0000000e+00
   0.0000000e+00
   0.0000000e+00
   0.0000000e+00
   0.0000000e+00
   0.0000000e+00
   0.0000000e+00
  -7.7860519e-03
  -1.2761869e-02
   9.4464669e-04
   1.0870768e-02
   1.5036925e-02
   1.7261242e-02
   1.8330616e-02
   1.9113463e-02
   1.9840813e-02
   2.0079753e-02
   1.9813170e-02
   1.8922250e-02
   1.7860923e-02
   1.6538631e-02
   1.4551062e-02
   1.2958909e-02
   1.1573892e-02
   1.0153809e-02
   8.8361119e-03
   7.3050559e-03
   5.0859965e-03
   2.8253939e-03
   5.4358155e-04
  -1.7270406e-03
  -3.2021080e-03
  -4.2274979e-03
  -4.8728060e-03
  -4.8987071e-03
  -4.4529599e-03
  -3.3167526e-03
  -1.9391378e-03
  -6.8645277e-03
  -4.6554422e-03
  -2.5312204e-03
  -2.6761193e-04
   2.5636859e-03
   5.0831395e-03
   7.7175470e-03
   1.0914786e-02
   1.3564982e-02
   1.6133040e-02
   1.8943038e-02
   2.1017760e-02
   2.2876009e-02
   2.4899825e-02
   2.6476923e-02
   2.8045138e-02
   3.0013559e-02
   3.1719133e-02
   3.3312079e-02
   3.4714971e-02
   3.5280216e-02
   3.5207774e-02
   3.4196369e-02
   3.2490011e-02
   3.0039238e-02
   2.8194378e-02
   0.0000000e+00
   0.0000000e+00
   0.0000000e+00
   0.0000000e+00
   0.0000000e+00
   0.0000000e+00
   0.0000000e+00
   0.0000000e+00
   0.0000000e+00
   0.0000000e+00
   0.0000000e+00
   0.0000000e+00
   0.0000000e+00
   0.0000000e+00
   0.0000000e+00
  -0.0000000e+00
  -1.2636400e-02
   9.4528613e-04
   9.2031844e-03
   1.2337793e-02
   1.4335121e-02
   1.5225898e-02
   1.5817892e-02
   1.6349997e-02
   1.6494811e-02
   1.6240802e-02
   1.5448009e-02
   1.4449181e-02
   1.3199358e-02
   1.1359943e-02
   9.8210443e-03
   8.4161460e-03
   6.8260347e-03
   5.1572453e-03
   3.1578629e-03
   6.0520985e-04
  -1.6934138e-03
  -4.0641455e-03
  -6.6273897e-03
  -8.4175542e-03
  -9.7520174e-03
  -1.0696682e-02
  -1.0907135e-02
  -1.0616394e-02
  -9.6438490e-03
  -8.4026409e-03
  -1.0606643e-02
  -8.4822131e-03
  -6.3894801e-03
  -4.1335695e-03
  -1.2791811e-03
   1.2838606e-03
   3.9843088e-03
   7.3123467e-03
   1.0115094e-02
   1.2870073e-02
   1.5956672e-02
   1.8280473e-02
   2.0381611e-02
   2.2657739e-02
   2.4377096e-02
   2.6028687e-02
   2.8076459e-02
   2.9878432e-02
   3.1619385e-02
   3.3249866e-02
   3.3996660e-02
   3.4092184e-02
   3.3317585e-02
   3.1609558e-02
   2.9092535e-02
   2.9752985e-02
   0.0000000e+00
   0.0000000e+00
   0.0000000e+00
   0.0000000e+00
   0.0000000e+00
   0.0000000e+00
   0.0000000e+00
   0.0000000e+00
   0.0000000e+00
   0.0000000e+00
   0.0000000e+00
   0.0000000e+00
   0.0000000e+00
   0.0000000e+00
   0.0000000e+00
   0.0000000e+00
  -1.2556132e-02
   5.4441585e-04
   7.8036254e-03
   1.0434959e-02
   1.2315067e-02
   1.3135226e-02
   1.3659881e-02
   1.4117914e-02
   1.4231117e-02
   1.4014494e-02
   1.3335191e-02
   1.2440005e-02
   1.1314275e-02
   9.6448222e-03
   8.1829727e-03
   6.7995028e-03
   5.1801782e-03
   3.3059055e-03
   9.3693321e-04
  -1.9272494e-03
  -4.2555602e-03
  -6.6539980e-03
  -9.3308985e-03
  -1.1263398e-02
  -1.2742247e-02
  -1.3836425e-02
  -1.4163813e-02
  -1.3990977e-02
  -1.3156790e-02
  -1.2029927e-02
  -1.6223884e-02
  -1.4402514e-02
  -1.2532577e-02
  -1.0490711e-02
  -7.9070917e-03
  -5.6339765e-03
  -3.2413866e-03
  -2.4027499e-04
   2.3339332e-03
   4.9418252e-03
   8.0452468e-03
   1.0517603e-02
   1.2819405e-02
   1.5284562e-02
   1.7022702e-02
   1.8526358e-02
   2.0240722e-02
   2.1782019e-02
   2.3525841e-02
   2.5888551e-02
   2.7805863e-02
   2.9394758e-02
   3.0976535e-02
   3.1367845e-02
   3.0044454e-02
   3.2918401e-02
   0.0000000e+00
   0.0000000e+00
   0.0000000e+00
   0.0000000e+00
   0.0000000e+00
   0.0000000e+00
   0.0000000e+00
   0.0000000e+00
   0.0000000e+00
   0.0000000e+00
   0.0000000e+00
   0.0000000e+00
   0.0000000e+00
   0.0000000e+00
   0.0000000e+00
   0.0000000e+00
  -1.2504682e-02
  -1.9696042e-03
   3.5339860e-03
   5.7958477e-03
   7.5540798e-03
   8.4137726e-03
   9.0316148e-03
   9.5524579e-03
   9.7216537e-03
   9.7053789e-03
   9.4724522e-03
   9.0580745e-03
   8.5144188e-03
   7.5102124e-03
   6.3874815e-03
   5.1919679e-03
   3.8485461e-03
   1.6342416e-03
  -1.7867664e-03
  -5.7028202e-03
  -8.1145474e-03
  -1.0446587e-02
  -1.3045869e-02
  -1.5019807e-02
  -1.6569215e-02
  -1.7792309e-02
  -1.8354362e-02
  -1.8502035e-02
  -1.8093126e-02
  -1.7314658e-02
  -1.2608150e-02
  -1.1131928e-02
  -9.5688747e-03
  -7.8145089e-03
  -5.5628661e-03
  -3.6280227e-03
  -1.6499981e-03
   7.5633515e-04
   2.7264832e-03
   4.6588928e-03
   6.9053648e-03
   8.6598741e-03
   1.0294126e-02
   1.2076028e-02
   1.3349988e-02
   1.4451155e-02
   1.5721561e-02
   1.6890567e-02
   1.8300775e-02
   2.0543747e-02
   2.2818469e-02
   2.5263796e-02
   2.7934462e-02
   2.8909475e-02
   2.9026447e-02
   3.1533698e-02
   0.0000000e+00
   0.0000000e+00
   0.0000000e+00
   0.0000000e+00
   0.0000000e+00
   0.0000000e+00
   0.0000000e+00
   0.0000000e+00
   0.0000000e+00
   0.0000000e+00
   0.0000000e+00
   0.0000000e+00
   0.0000000e+00
   0.0000000e+00
   0.0000000e+00
   0.0000000e+00
  -1.1369148e-02
  -3.3812812e-03
   7.5283821e-04
   2.9117253e-03
   4.6553672e-03
   5.6962948e-03
   6.5487577e-03
   7.2875381e-03
   7.6339869e-03
   7.8517236e-03
   8.0276141e-03
   8.0515081e-03
   8.0199381e-03
   7.6454771e-03
   6.7077610e-03
   5.5108625e-03
   5.1879962e-03
   3.3343479e-03
  -5.1628053e-04
  -4.8402213e-03
  -6.5148640e-03
  -8.1797801e-03
  -1.0159696e-02
  -1.1548761e-02
  -1.2654747e-02
  -1.3591159e-02
  -1.4084050e-02
  -1.4273088e-02
  -1.4036188e-02
  -1.3462823e-02
  -9.8838042e-03
  -8.6676404e-03
  -7.3358156e-03
  -5.7980730e-03
  -3.7965651e-03
  -2.1165975e-03
  -4.5093533e-04
   1.5072506e-03
   3.0222577e-03
   4.4457112e-03
   6.0464987e-03
   7.2601326e-03
   8.3914064e-03
   9.6584950e-03
   1.0582709e-02
   1.1380615e-02
   1.2316513e-02
   1.3205005e-02
   1.4363849e-02
   1.6516598e-02
   1.9060615e-02
   2.2151247e-02
   2.5642356e-02
   2.7057167e-02
   2.8259411e-02
   3.0490369e-02
   0.0000000e+00
   0.0000000e+00
   0.0000000e+00
   0.0000000e+00
   0.0000000e+00
   0.0000000e+00
   0.0000000e+00
   0.0000000e+00
   0.0000000e+00
   0.0000000e+00
   0.0000000e+00
   0.0000000e+00
   0.0000000e+00
   0.0000000e+00
   0.0000000e+00
   0.0000000e+00
  -1.0513559e-02
  -4.4449372e-03
  -1.3426718e-03
   7.3862728e-04
   2.4712752e-03
   3.6487579e-03
   4.6780016e-03
   5.5809906e-03
   6.0609947e-03
   6.4550531e-03
   6.9389725e-03
   7.2930907e-03
   7.6473625e-03
   7.7473954e-03
   6.9490816e-03
   5.7511395e-03
   6.1972309e-03
   4.6153264e-03
   4.4099169e-04
  -4.1902796e-03
  -5.3095515e-03
  -6.4718109e-03
  -7.9850536e-03
  -8.9334343e-03
  -9.7053163e-03
  -1.0425720e-02
  -1.0866498e-02
  -1.1086708e-02
  -1.0979413e-02
  -1.0560583e-02
   3.5684207e-03
   4.5595677e-03
   5.5813603e-03
   6.7354841e-03
   8.1832763e-03
   9.2978161e-03
   1.0305084e-02
   1.1319060e-02
   1.1901472e-02
   1.2237344e-02
   1.2275516e-02
   1.2058664e-02
   1.1747896e-02
   1.1403058e-02
   1.1242066e-02
   1.1252735e-02
   1.1583140e-02
   1.2175192e-02
   1.3044726e-02
   1.4462890e-02
   1.5925800e-02
   1.7479233e-02
   1.8661056e-02
   1.7980728e-02
   1.9141451e-02
   0.0000000e+00
   0.0000000e+00
   0.0000000e+00
   0.0000000e+00
   0.0000000e+00
   0.0000000e+00
   0.0000000e+00
   0.0000000e+00
   0.0000000e+00
   0.0000000e+00
   0.0000000e+00
   0.0000000e+00
   0.0000000e+00
   0.0000000e+00
   0.0000000e+00
   0.0000000e+00
   0.0000000e+00
  -8.6907943e-03
  -5.7736086e-03
  -4.1121934e-03
  -2.3734537e-03
  -7.9021446e-04
   5.3421018e-04
   1.8162539e-03
   3.1280769e-03
   4.0291343e-03
   4.9243541e-03
   6.2438585e-03
   7.4136108e-03
   8.5864123e-03
   9.9110045e-03
   8.5884100e-03
   6.2573617e-03
   7.7643078e-03
   6.4802305e-03
   2.5515370e-03
  -1.6287995e-03
   1.9416818e-04
   1.9022751e-03
   1.9086201e-03
   1.9869236e-03
   2.0330301e-03
   2.0553714e-03
   2.0632427e-03
   2.1535493e-03
   2.4798585e-03
   2.9445649e-03
   8.2755303e-03
   9.2803454e-03
   1.0229494e-02
   1.1246275e-02
   1.2481286e-02
   1.3384758e-02
   1.4122706e-02
   1.4688040e-02
   1.4782052e-02
   1.4524305e-02
   1.3737549e-02
   1.2802362e-02
   1.1778964e-02
   1.0672600e-02
   9.9859154e-03
   9.5626377e-03
   9.5000695e-03
   9.8596048e-03
   1.0543305e-02
   1.1733513e-02
   1.2909857e-02
   1.3978641e-02
   1.4351730e-02
   1.2689707e-02
   1.6710042e-02
   0.0000000e+00
   0.0000000e+00
   0.0000000e+00
   0.0000000e+00
   0.0000000e+00
   0.0000000e+00
   0.0000000e+00
   0.0000000e+00
   0.0000000e+00
   0.0000000e+00
   0.0000000e+00
   0.0000000e+00
   0.0000000e+00
   0.0000000e+00
   0.0000000e+00
   0.0000000e+00
   0.0000000e+00
  -8.6909483e-03
  -7.7953930e-03
  -6.9638910e-03
  -5.2348832e-03
  -3.3774241e-03
  -1.7424735e-03
  -1.7349102e-04
   1.5403638e-03
   2.8428133e-03
   4.2326632e-03
   6.2000756e-03
   7.8162048e-03
   9.2533864e-03
   1.1229995e-02
   1.0335594e-02
   7.1656600e-03
   7.7643072e-03
   6.4802295e-03
   2.5515366e-03
  -1.0520819e-03
   1.3354439e-03
   3.7630165e-03
   4.6936097e-03
   5.1584146e-03
   5.5667320e-03
   5.9180623e-03
   6.1784778e-03
   6.4696767e-03
   6.9859186e-03
   7.5729522e-03
   1.4522779e-02
   1.5545731e-02
   1.6398469e-02
   1.7232970e-02
   1.8185578e-02
   1.8808924e-02
   1.9189429e-02
   1.9159330e-02
   1.8605144e-02
   1.7559550e-02
   1.5677949e-02
   1.3789397e-02
   1.1820196e-02
   9.7031414e-03
   8.3187616e-03
   7.3195533e-03
   6.7354328e-03
   6.7863718e-03
   7.2234343e-03
   8.1111019e-03
   8.9071148e-03
   9.3326791e-03
   8.6324189e-03
   5.6674963e-03
   3.8022363e-03
   0.0000000e+00
   0.0000000e+00
   0.0000000e+00
   0.0000000e+00
   0.0000000e+00
   0.0000000e+00
   0.0000000e+00
   0.0000000e+00
   0.0000000e+00
   0.0000000e+00
   0.0000000e+00
   0.0000000e+00
   0.0000000e+00
   0.0000000e+00
   0.0000000e+00
   0.0000000e+00
   0.0000000e+00
  -8.6911527e-03
  -1.0478694e-02
  -1.0748647e-02
  -9.0325551e-03
  -6.8111529e-03
  -4.7640739e-03
  -2.8142678e-03
  -5.6683868e-04
   1.2683362e-03
   3.3146552e-03
   6.1419682e-03
   8.3505250e-03
   1.0138590e-02
   1.2980552e-02
   1.2654446e-02
   1.1987612e-02
   0.0000000e+00
   0.0000000e+00
   0.0000000e+00
   0.0000000e+00
   2.8501381e-03
   6.2325812e-03
   8.3898303e-03
   9.3675986e-03
   1.0256638e-02
   1.1044603e-02
   1.1640192e-02
   1.2198016e-02
   1.2966333e-02
   1.3715720e-02
   8.5566528e-03
   9.0459008e-03
   9.3392795e-03
   9.5229670e-03
   9.5194662e-03
   9.2491591e-03
   8.6852796e-03
   7.5456295e-03
   6.2571447e-03
   4.6975999e-03
   2.4699708e-03
   5.0604792e-04
  -1.3660362e-03
  -3.2511076e-03
  -4.4464455e-03
  -5.3165196e-03
  -5.7603968e-03
  -5.5575036e-03
  -4.9495692e-03
  -3.6851573e-03
  -2.3394683e-03
  -1.0853834e-03
  -5.1183742e-04
  -2.6655355e-03
  -4.1945814e-03
   0.0000000e+00
   0.0000000e+00
   0.0000000e+00
   0.0000000e+00
   0.0000000e+00
   0.0000000e+00
   0.0000000e+00
   0.0000000e+00
   0.0000000e+00
   0.0000000e+00
   0.0000000e+00
   0.0000000e+00
   0.0000000e+00
   0.0000000e+00
   0.0000000e+00
   0.0000000e+00
   0.0000000e+00
  -8.3239265e-03
  -1.5153027e-02
  -1.7573014e-02
  -1.5933014e-02
  -1.3201356e-02
  -1.0291172e-02
  -7.4302629e-03
  -4.3138643e-03
  -1.5465666e-03
   2.3189285e-03
   6.8040015e-03
   1.0454771e-02
   1.2305547e-02
   1.5853627e-02
   1.5178684e-02
   1.3779130e-02
   0.0000000e+00
   0.0000000e+00
   0.0000000e+00
   0.0000000e+00
   1.3555223e-03
   3.3553250e-03
   4.9085394e-03
   5.6092129e-03
   6.3180062e-03
   6.8712798e-03
   7.2015924e-03
   7.4519971e-03
   7.7899238e-03
   8.1476076e-03
   2.6050210e-03
   2.6331639e-03
   2.5314544e-03
   2.3102171e-03
   1.8211834e-03
   1.1771440e-03
   2.8469390e-04
  -1.1303225e-03
  -2.5278926e-03
  -4.0745870e-03
  -6.1023473e-03
  -7.8063039e-03
  -9.3910936e-03
  -1.0977077e-02
  -1.2000576e-02
  -1.2738909e-02
  -1.3018184e-02
  -1.2640474e-02
  -1.1795470e-02
  -1.0055313e-02
  -8.0737146e-03
  -6.0002552e-03
  -4.1936315e-03
  -4.2488053e-03
  -4.7089355e-03
   0.0000000e+00
   0.0000000e+00
   0.0000000e+00
   0.0000000e+00
   0.0000000e+00
   0.0000000e+00
   0.0000000e+00
   0.0000000e+00
   0.0000000e+00
   0.0000000e+00
   0.0000000e+00
   0.0000000e+00
   0.0000000e+00
   0.0000000e+00
   0.0000000e+00
   0.0000000e+00
   0.0000000e+00
  -1.0151943e-02
  -1.7222304e-02
  -2.0471407e-02
  -1.9175364e-02
  -1.6408963e-02
  -1.3085395e-02
  -9.5823454e-03
  -6.0409536e-03
  -2.7134670e-03
   2.1547067e-03
   6.5044392e-03
   1.0790531e-02
   1.2651315e-02
   1.9731289e-02
   1.7397253e-02
   1.4064991e-02
   0.0000000e+00
   0.0000000e+00
   0.0000000e+00
   0.0000000e+00
  -0.0000000e+00
   1.2003635e-03
   2.0179930e-03
   2.2685591e-03
   2.5882456e-03
   2.7243914e-03
   2.7164381e-03
   2.6304431e-03
   2.5637886e-03
   2.5692531e-03
  -9.0023391e-03
  -9.8470031e-03
  -1.0658747e-02
  -1.1578981e-02
  -1.2841057e-02
  -1.4021710e-02
  -1.5327135e-02
  -1.6970421e-02
  -1.8349228e-02
  -1.9675695e-02
  -2.1111249e-02
  -2.2183739e-02
  -2.3137512e-02
  -2.4115062e-02
  -2.4809645e-02
  -2.5289956e-02
  -2.5239042e-02
  -2.4511767e-02
  -2.3179675e-02
  -2.0474571e-02
  -1.7220254e-02
  -1.3551432e-02
  -9.3539317e-03
  -4.8376206e-03
  -2.9406741e-03
   0.0000000e+00
   0.0000000e+00
   0.0000000e+00
   0.0000000e+00
   0.0000000e+00
   0.0000000e+00
   0.0000000e+00
   0.0000000e+00
   0.0000000e+00
   0.0000000e+00
   0.0000000e+00
   0.0000000e+00
   0.0000000e+00
   0.0000000e+00
   0.0000000e+00
   0.0000000e+00
   0.0000000e+00
  -1.4531961e-02
  -2.0294811e-02
  -2.4672344e-02
  -2.4146651e-02
  -2.1488607e-02
  -1.7525052e-02
  -1.2868705e-02
  -8.6625416e-03
  -4.3798067e-03
   2.1423090e-03
   5.2501427e-03
   0.0000000e+00
   0.0000000e+00
   2.7669462e-02
   2.5828452e-02
   0.0000000e+00
   0.0000000e+00
   0.0000000e+00
   0.0000000e+00
   0.0000000e+00
  -0.0000000e+00
  -2.7367911e-03
  -3.4031557e-03
  -4.0949245e-03
  -4.6118274e-03
  -5.3571569e-03
  -6.0521695e-03
  -6.8052794e-03
  -7.6517861e-03
  -8.3189385e-03
  -1.7508996e-02
  -1.8916446e-02
  -2.0148382e-02
  -2.1451622e-02
  -2.3038014e-02
  -2.4347881e-02
  -2.5621600e-02
  -2.7001774e-02
  -2.7979262e-02
  -2.8796293e-02
  -2.9556142e-02
  -3.0173281e-02
  -3.0844383e-02
  -3.1608863e-02
  -3.2121670e-02
  -3.2387341e-02
  -3.2182800e-02
  -3.1441055e-02
  -3.0133737e-02
  -2.7571786e-02
  -2.4413548e-02
  -2.0412051e-02
  -1.5330092e-02
  -7.5532319e-03
  -2.9772301e-03
   0.0000000e+00
   0.0000000e+00
   0.0000000e+00
   0.0000000e+00
   0.0000000e+00
   0.0000000e+00
   0.0000000e+00
   0.0000000e+00
   0.0000000e+00
   0.0000000e+00
   0.0000000e+00
   0.0000000e+00
   0.0000000e+00
   0.0000000e+00
   0.0000000e+00
   0.0000000e+00
  -0.0000000e+00
  -2.0191453e-02
  -2.3120412e-02
  -2.6566835e-02
  -2.7175186e-02
  -2.5822600e-02
  -2.2115599e-02
  -1.6026127e-02
  -1.0165736e-02
  -6.6635610e-03
   2.1423090e-03
   5.2501426e-03
   0.0000000e+00
   0.0000000e+00
   2.7669464e-02
   2.5828452e-02
   0.0000000e+00
   0.0000000e+00
   0.0000000e+00
   0.0000000e+00
   0.0000000e+00
  -0.0000000e+00
  -4.9169048e-03
  -6.9105918e-03
  -8.3484929e-03
  -9.5934510e-03
  -1.1086500e-02
  -1.2381772e-02
  -1.3704185e-02
  -1.5193350e-02
  -1.6348377e-02
  -2.0871233e-02
  -2.2477677e-02
  -2.3831678e-02
  -2.5206255e-02
  -2.6792338e-02
  -2.8027736e-02
  -2.9160257e-02
  -3.0311901e-02
  -3.1073965e-02
  -3.1690609e-02
  -3.2261882e-02
  -3.2786619e-02
  -3.3425312e-02
  -3.4198634e-02
  -3.4720774e-02
  -3.5014074e-02
  -3.4959331e-02
  -3.4461625e-02
  -3.3467121e-02
  -3.1351473e-02
  -2.8507380e-02
  -2.4615377e-02
  -1.9230060e-02
  -9.8645936e-03
  -4.1405521e-03
   0.0000000e+00
   0.0000000e+00
   0.0000000e+00
   0.0000000e+00
   0.0000000e+00
   0.0000000e+00
   0.0000000e+00
   0.0000000e+00
   0.0000000e+00
   0.0000000e+00
   0.0000000e+00
   0.0000000e+00
   0.0000000e+00
   0.0000000e+00
   0.0000000e+00
  -0.0000000e+00
  -2.5082338e-02
  -2.2937363e-02
  -2.4678253e-02
  -2.7341022e-02
  -2.8439384e-02
  -2.7978959e-02
  -2.4891234e-02
  -1.8451784e-02
  -1.0924217e-02
  -8.1969195e-03
   0.0000000e+00
   0.0000000e+00
   0.0000000e+00
   0.0000000e+00
   0.0000000e+00
   0.0000000e+00
   0.0000000e+00
   0.0000000e+00
   0.0000000e+00
   0.0000000e+00
   0.0000000e+00
  -0.0000000e+00
  -5.6715924e-03
  -8.1636393e-03
  -9.9320363e-03
  -1.1491910e-02
  -1.3296781e-02
  -1.4837803e-02
  -1.6399324e-02
  -1.8162826e-02
  -1.9523840e-02
  -2.2797682e-02
  -2.4442391e-02
  -2.5724133e-02
  -2.6880975e-02
  -2.8051759e-02
  -2.8838911e-02
  -2.9474841e-02
  -3.0093193e-02
  -3.0548327e-02
  -3.1053270e-02
  -3.1770080e-02
  -3.2524820e-02
  -3.3401169e-02
  -3.4480200e-02
  -3.5269980e-02
  -3.5942460e-02
  -3.6653639e-02
  -3.7102684e-02
  -3.7266385e-02
  -3.6665518e-02
  -3.4893648e-02
  -3.1842932e-02
  -2.6433131e-02
  -1.5188624e-02
  -8.5187766e-03
   0.0000000e+00
   0.0000000e+00
   0.0000000e+00
   0.0000000e+00
   0.0000000e+00
   0.0000000e+00
   0.0000000e+00
   0.0000000e+00
   0.0000000e+00
   0.0000000e+00
   0.0000000e+00
   0.0000000e+00
   0.0000000e+00
   0.0000000e+00
   0.0000000e+00
  -2.6407974e-02
  -2.6725236e-02
  -2.7961836e-02
  -2.6995661e-02
  -2.7866647e-02
  -2.9380746e-02
  -3.0646832e-02
  -2.9587049e-02
  -2.3646390e-02
  -1.2211605e-02
   0.0000000e+00
   0.0000000e+00
   0.0000000e+00
   0.0000000e+00
   0.0000000e+00
   0.0000000e+00
   0.0000000e+00
   0.0000000e+00
   0.0000000e+00
   0.0000000e+00
   0.0000000e+00
   0.0000000e+00
  -4.2684941e-03
  -5.7583223e-03
  -8.4510664e-03
  -1.0523811e-02
  -1.2351836e-02
  -1.4387991e-02
  -1.6097282e-02
  -1.7841323e-02
  -1.9827691e-02
  -2.1349234e-02
  -1.9576574e-02
  -2.0839063e-02
  -2.1711655e-02
  -2.2358991e-02
  -2.2889506e-02
  -2.3212284e-02
  -2.3487099e-02
  -2.3854565e-02
  -2.4307963e-02
  -2.5022455e-02
  -2.6297038e-02
  -2.7671875e-02
  -2.9248875e-02
  -3.1324051e-02
  -3.3107404e-02
  -3.4931105e-02
  -3.7231307e-02
  -3.9167989e-02
  -4.0913757e-02
  -4.2033847e-02
  -4.1154578e-02
  -3.8293414e-02
  -3.1702369e-02
  -1.8007420e-02
  -1.0037085e-02
   0.0000000e+00
   0.0000000e+00
   0.0000000e+00
   0.0000000e+00
   0.0000000e+00
   0.0000000e+00
   0.0000000e+00
   0.0000000e+00
   0.0000000e+00
   0.0000000e+00
   0.0000000e+00
   0.0000000e+00
   0.0000000e+00
   0.0000000e+00
  -2.0305174e-02
  -2.2297886e-02
  -2.6769318e-02
  -2.8175559e-02
  -2.7282773e-02
  -2.7967036e-02
  -2.9505983e-02
  -3.1627253e-02
  -3.3150379e-02
  -2.8833970e-02
  -1.2211606e-02
   0.0000000e+00
   0.0000000e+00
   0.0000000e+00
   0.0000000e+00
   0.0000000e+00
   0.0000000e+00
   0.0000000e+00
   0.0000000e+00
   0.0000000e+00
   0.0000000e+00
   0.0000000e+00
   0.0000000e+00
  -1.3935198e-03
  -5.0288332e-03
  -7.2832732e-03
  -9.0383934e-03
  -1.0554190e-02
  -1.2232703e-02
  -1.3702575e-02
  -1.5270154e-02
  -1.7063178e-02
  -1.8389616e-02
  -1.7019991e-02
  -1.8011989e-02
  -1.8597044e-02
  -1.8899405e-02
  -1.8995492e-02
  -1.8986163e-02
  -1.8989064e-02
  -1.9146768e-02
  -1.9550820e-02
  -2.0354528e-02
  -2.1950193e-02
  -2.3725157e-02
  -2.5784332e-02
  -2.8578412e-02
  -3.1099321e-02
  -3.3776682e-02
  -3.7245430e-02
  -4.0302689e-02
  -4.3280948e-02
  -4.5822199e-02
  -4.5762980e-02
  -4.2984840e-02
  -3.5091501e-02
  -1.9851086e-02
  -1.1253512e-02
   0.0000000e+00
   0.0000000e+00
   0.0000000e+00
   0.0000000e+00
   0.0000000e+00
   0.0000000e+00
   0.0000000e+00
   0.0000000e+00
   0.0000000e+00
   0.0000000e+00
   0.0000000e+00
   0.0000000e+00
   0.0000000e+00
   0.0000000e+00
  -1.9463343e-02
  -2.1589618e-02
  -2.6276757e-02
  -2.7762340e-02
  -2.7235072e-02
  -2.7957606e-02
  -2.9531742e-02
  -3.2103132e-02
  -3.4982092e-02
  -3.2024842e-02
   0.0000000e+00
   0.0000000e+00
  -2.1832783e-02
  -1.5388996e-02
  -1.0723188e-02
  -9.4771804e-03
   0.0000000e+00
   0.0000000e+00
   0.0000000e+00
   0.0000000e+00
   0.0000000e+00
   0.0000000e+00
   0.0000000e+00
  -3.2051966e-04
  -4.4777417e-03
  -6.4264275e-03
  -7.8985458e-03
  -9.1348905e-03
  -1.0496811e-02
  -1.1758171e-02
  -1.3175169e-02
  -1.4821654e-02
  -1.6012315e-02
  -1.2017109e-02
  -1.2570863e-02
  -1.2696329e-02
  -1.2488276e-02
  -1.1938576e-02
  -1.1380409e-02
  -1.0891941e-02
  -1.0609688e-02
  -1.0784302e-02
  -1.1548930e-02
  -1.3435925e-02
  -1.5738856e-02
  -1.8536749e-02
  -2.2538861e-02
  -2.6361668e-02
  -3.0543058e-02
  -3.6041792e-02
  -4.1125231e-02
  -4.6451009e-02
  -5.1926361e-02
  -5.3781131e-02
  -5.0978601e-02
  -3.9526199e-02
  -2.2368311e-02
  -1.3665358e-02
   0.0000000e+00
   0.0000000e+00
   0.0000000e+00
   0.0000000e+00
   0.0000000e+00
   0.0000000e+00
   0.0000000e+00
   0.0000000e+00
   0.0000000e+00
   0.0000000e+00
   0.0000000e+00
   0.0000000e+00
   0.0000000e+00
   0.0000000e+00
  -1.5483449e-02
  -2.0500857e-02
  -2.3851137e-02
  -2.5338741e-02
  -2.6378143e-02
  -2.7692241e-02
  -2.9378099e-02
  -3.2196783e-02
  -3.5805437e-02
  -3.5701820e-02
   0.0000000e+00
   0.0000000e+00
  -2.1832782e-02
  -1.5388996e-02
  -1.0723188e-02
  -9.4771801e-03
   0.0000000e+00
   0.0000000e+00
   0.0000000e+00
   0.0000000e+00
   0.0000000e+00
   0.0000000e+00
   4.0717056e-03
   1.5909828e-03
  -3.4766391e-03
  -4.9437204e-03
  -5.7764181e-03
  -6.3782493e-03
  -7.0299522e-03
  -7.8320572e-03
  -8.9252220e-03
  -1.0304119e-02
  -1.1281942e-02
  -9.4245056e-03
  -1.0182799e-02
  -1.0470221e-02
  -1.0375069e-02
  -9.8049554e-03
  -9.0590807e-03
  -8.2748839e-03
  -7.5500748e-03
  -7.3069889e-03
  -7.6338928e-03
  -9.0587575e-03
  -1.1165480e-02
  -1.3927635e-02
  -1.8054917e-02
  -2.2150614e-02
  -2.6761018e-02
  -3.2977640e-02
  -3.8890961e-02
  -4.5440437e-02
  -5.3507419e-02
  -5.8421568e-02
  -5.7687719e-02
  -4.2358077e-02
  -2.5893549e-02
  -1.3665358e-02
   0.0000000e+00
   0.0000000e+00
   0.0000000e+00
   0.0000000e+00
   0.0000000e+00
   0.0000000e+00
   0.0000000e+00
   0.0000000e+00
   0.0000000e+00
   0.0000000e+00
   0.0000000e+00
   0.0000000e+00
   0.0000000e+00
  -0.0000000e+00
  -1.1770946e-02
  -1.7538290e-02
  -2.0945614e-02
  -2.3260682e-02
  -2.5428206e-02
  -2.7121701e-02
  -2.8851588e-02
  -3.1442400e-02
  -3.4882996e-02
  -3.2258440e-02
   0.0000000e+00
  -0.0000000e+00
  -2.1116590e-02
  -1.3830697e-02
  -1.0723187e-02
  -9.4771794e-03
   0.0000000e+00
   0.0000000e+00
   0.0000000e+00
   0.0000000e+00
   0.0000000e+00
   0.0000000e+00
   4.4175926e-03
   2.8877693e-03
  -2.4382520e-03
  -4.1614608e-03
  -4.5924018e-03
  -4.7516826e-03
  -4.8774452e-03
  -5.3194429e-03
  -6.2122715e-03
  -7.5466605e-03
  -8.5717001e-03
  -7.7657984e-03
  -8.8069640e-03
  -9.3497602e-03
  -9.4766874e-03
  -9.0530660e-03
  -8.2920944e-03
  -7.3666549e-03
  -6.3315876e-03
  -5.7421772e-03
  -5.6668039e-03
  -6.5929284e-03
  -8.3907224e-03
  -1.0978727e-02
  -1.5050149e-02
  -1.9222195e-02
  -2.4029539e-02
  -3.0605206e-02
  -3.6903987e-02
  -4.4009014e-02
  -5.3506135e-02
  -6.0727652e-02
  -6.2421445e-02
  -4.4320012e-02
  -2.8249362e-02
   0.0000000e+00
   0.0000000e+00
   0.0000000e+00
   0.0000000e+00
   0.0000000e+00
   0.0000000e+00
   0.0000000e+00
   0.0000000e+00
   0.0000000e+00
   0.0000000e+00
   0.0000000e+00
   0.0000000e+00
   0.0000000e+00
   0.0000000e+00
  -5.7920921e-03
  -1.0050035e-02
  -1.5283276e-02
  -1.8788199e-02
  -2.1676476e-02
  -2.4611825e-02
  -2.6598103e-02
  -2.8419578e-02
  -3.0835703e-02
  -3.4105176e-02
  -3.0171841e-02
  -1.5394236e-02
  -1.7164698e-02
  -2.0515713e-02
  -1.2885286e-02
   0.0000000e+00
   0.0000000e+00
   0.0000000e+00
   0.0000000e+00
   0.0000000e+00
   0.0000000e+00
   0.0000000e+00
   0.0000000e+00
   4.0154301e-03
   3.3273720e-03
  -1.4244725e-03
  -3.4273960e-03
  -3.7014012e-03
  -3.6120419e-03
  -3.3928174e-03
  -3.5867914e-03
  -4.3311559e-03
  -5.6396088e-03
  -6.7472210e-03
  -6.1005525e-03
  -7.8015395e-03
  -8.9759292e-03
  -9.6962987e-03
  -9.8142251e-03
  -9.2976885e-03
  -8.3490250e-03
  -6.9354361e-03
  -5.8027893e-03
  -5.0213625e-03
  -4.9446867e-03
  -5.9789023e-03
  -8.0180222e-03
  -1.1697260e-02
  -1.5703048e-02
  -2.0516413e-02
  -2.7204682e-02
  -3.3530752e-02
  -4.0631444e-02
  -5.1000719e-02
  -6.1404114e-02
  -6.8264972e-02
  -4.6660894e-02
  -2.5286454e-02
   0.0000000e+00
   0.0000000e+00
   0.0000000e+00
   0.0000000e+00
   0.0000000e+00
   0.0000000e+00
   0.0000000e+00
   0.0000000e+00
   0.0000000e+00
   0.0000000e+00
   0.0000000e+00
   0.0000000e+00
   0.0000000e+00
   8.1837954e-04
  -2.3974863e-03
  -8.4718960e-03
  -1.2130268e-02
  -1.5884246e-02
  -1.9456305e-02
  -2.3276410e-02
  -2.5680361e-02
  -2.7750611e-02
  -2.9919894e-02
  -3.2860312e-02
  -2.8364861e-02
  -1.5394236e-02
  -1.4162318e-02
  -1.5558880e-02
   0.0000000e+00
   0.0000000e+00
   0.0000000e+00
   0.0000000e+00
   0.0000000e+00
   0.0000000e+00
   0.0000000e+00
   0.0000000e+00
   0.0000000e+00
   2.4805834e-03
   2.8043107e-03
   4.5725507e-04
  -2.1129100e-03
  -2.4768569e-03
  -2.2231673e-03
  -1.6365816e-03
  -1.5379585e-03
  -2.0831042e-03
  -3.3717981e-03
  -4.6917722e-03
  -4.1610152e-03
  -6.4223092e-03
  -8.1847264e-03
  -9.5092123e-03
  -1.0324717e-02
  -1.0312217e-02
  -9.6848710e-03
  -8.3182640e-03
  -6.9218483e-03
  -5.7017244e-03
  -4.7655539e-03
  -4.8698154e-03
  -6.1031026e-03
  -9.0950150e-03
  -1.2757073e-02
  -1.7477462e-02
  -2.4354080e-02
  -3.0826848e-02
  -3.7723839e-02
  -4.7453955e-02
  -5.8989856e-02
  -7.0636034e-02
  -5.6651443e-02
  -2.5286455e-02
   0.0000000e+00
   0.0000000e+00
   0.0000000e+00
   0.0000000e+00
   0.0000000e+00
   0.0000000e+00
   0.0000000e+00
   0.0000000e+00
   0.0000000e+00
   0.0000000e+00
   0.0000000e+00
   0.0000000e+00
  -2.3828120e-03
   4.1116733e-03
  -2.6826360e-03
  -7.6403250e-03
  -9.8051466e-03
  -1.3461532e-02
  -1.7369293e-02
  -2.1795539e-02
  -2.4791865e-02
  -2.7417790e-02
  -2.8058913e-02
  -3.2879394e-02
  -2.9431988e-02
  -1.3789625e-02
  -1.4162320e-02
  -1.5558881e-02
   0.0000000e+00
   0.0000000e+00
   0.0000000e+00
   0.0000000e+00
   0.0000000e+00
   0.0000000e+00
   0.0000000e+00
   0.0000000e+00
   0.0000000e+00
   2.6785803e-03
   3.7531382e-03
   2.9350896e-03
   6.9888169e-04
   2.9142771e-05
   7.4245778e-05
   5.4378470e-04
   7.2679308e-04
   3.0365030e-04
  -9.8364439e-04
  -2.4442251e-03
  -2.2422581e-03
  -4.8475168e-03
  -6.9977018e-03
  -8.7284269e-03
  -1.0035425e-02
  -1.0420874e-02
  -1.0119460e-02
  -8.9193042e-03
  -7.4176030e-03
  -5.9988583e-03
  -4.6812291e-03
  -4.2389975e-03
  -4.8768469e-03
  -7.2908197e-03
  -1.0594822e-02
  -1.5118898e-02
  -2.2022406e-02
  -2.8661048e-02
  -3.5617780e-02
  -4.4702318e-02
  -5.6080268e-02
  -7.0102073e-02
  -6.0283769e-02
   0.0000000e+00
   0.0000000e+00
   0.0000000e+00
   0.0000000e+00
   0.0000000e+00
   0.0000000e+00
   0.0000000e+00
   0.0000000e+00
   0.0000000e+00
   0.0000000e+00
  -1.0941568e-02
  -7.8386415e-03
  -4.2943827e-03
   3.0511442e-04
   4.3361787e-03
  -2.7842318e-03
  -6.7040659e-03
  -8.4192073e-03
  -1.1829108e-02
  -1.5879519e-02
  -2.0597504e-02
  -2.3970620e-02
  -2.6942866e-02
  -2.7551457e-02
  -3.3989741e-02
  -3.0763703e-02
  -1.3206226e-02
   0.0000000e+00
   0.0000000e+00
   0.0000000e+00
   0.0000000e+00
   0.0000000e+00
   0.0000000e+00
   0.0000000e+00
   0.0000000e+00
   0.0000000e+00
   0.0000000e+00
   0.0000000e+00
   0.0000000e+00
   5.9224900e-03
   5.0419308e-03
   3.3188318e-03
   2.7142788e-03
   2.7070972e-03
   2.9813540e-03
   3.0208233e-03
   2.5645932e-03
   1.2179508e-03
  -3.4823719e-04
   5.4054137e-05
  -2.8670630e-03
  -5.3929896e-03
  -7.5227227e-03
  -9.3274824e-03
  -1.0143332e-02
  -1.0235647e-02
  -9.2893345e-03
  -7.7325176e-03
  -6.1832555e-03
  -4.6226121e-03
  -3.6964419e-03
  -3.7135698e-03
  -5.4823416e-03
  -8.3496347e-03
  -1.2591248e-02
  -1.9454334e-02
  -2.6300941e-02
  -3.3448145e-02
  -4.1754019e-02
  -5.2360810e-02
  -6.8151683e-02
   0.0000000e+00
   0.0000000e+00
   0.0000000e+00
   0.0000000e+00
   0.0000000e+00
   0.0000000e+00
   0.0000000e+00
   0.0000000e+00
   0.0000000e+00
   0.0000000e+00
   0.0000000e+00
  -1.0941570e-02
  -7.8386422e-03
  -4.2943829e-03
   3.6357888e-03
   0.0000000e+00
  -2.8630074e-03
  -5.5318442e-03
  -7.1769073e-03
  -1.0223541e-02
  -1.4358395e-02
  -1.9285303e-02
  -2.3014069e-02
  -2.6308153e-02
   0.0000000e+00
  -3.7641499e-02
  -3.7641499e-02
   0.0000000e+00
   0.0000000e+00
   0.0000000e+00
   0.0000000e+00
   0.0000000e+00
   0.0000000e+00
   0.0000000e+00
   0.0000000e+00
   0.0000000e+00
   0.0000000e+00
   0.0000000e+00
   0.0000000e+00
   0.0000000e+00
   9.0791574e-03
   7.4064769e-03
   6.3806665e-03
   6.0215765e-03
   6.0219830e-03
   6.0263323e-03
   5.7906350e-03
   5.2247737e-03
   3.7794500e-03
   2.1021266e-03
   4.9321878e-03
   1.5422185e-03
  -1.5859225e-03
  -4.2977647e-03
  -6.7537439e-03
  -8.0632016e-03
  -8.6931860e-03
  -8.3555204e-03
  -6.9086453e-03
  -5.1934816e-03
  -3.4072494e-03
  -2.2575380e-03
  -1.6710284e-03
  -2.5266521e-03
  -4.6941383e-03
  -8.2583384e-03
  -1.4678305e-02
  -2.1734620e-02
  -2.9585959e-02
  -3.6229508e-02
  -4.1233621e-02
  -5.8919300e-02
   0.0000000e+00
   0.0000000e+00
   0.0000000e+00
   0.0000000e+00
   0.0000000e+00
   0.0000000e+00
   0.0000000e+00
   0.0000000e+00
   0.0000000e+00
   0.0000000e+00
   0.0000000e+00
   0.0000000e+00
  -1.7226921e-03
  -2.1896874e-03
  -1.8527727e-03
   0.0000000e+00
  -2.2211199e-03
  -3.5736593e-03
  -4.7007377e-03
  -7.1871437e-03
  -1.1183637e-02
  -1.6264038e-02
  -2.0105846e-02
  -2.4140936e-02
   0.0000000e+00
  -3.4261937e-02
  -3.4261937e-02
   0.0000000e+00
   0.0000000e+00
   0.0000000e+00
   0.0000000e+00
   0.0000000e+00
   0.0000000e+00
   0.0000000e+00
   0.0000000e+00
   0.0000000e+00
   0.0000000e+00
   0.0000000e+00
   0.0000000e+00
   0.0000000e+00
   1.0481620e-02
   8.1970603e-03
   9.1875188e-03
   1.1297658e-02
   1.3279662e-02
   1.3769050e-02
   1.2922923e-02
   1.1613620e-02
   9.4624084e-03
   7.3085542e-03
   8.9496318e-03
   5.1214774e-03
   1.5465606e-03
  -1.6031332e-03
  -4.4566076e-03
  -6.0143736e-03
  -6.7774174e-03
  -6.7404667e-03
  -5.5007082e-03
  -3.7211461e-03
  -1.6755413e-03
  -3.9628940e-04
   2.9719685e-04
  -1.8141393e-04
  -2.0073613e-03
  -5.2577006e-03
  -1.1375601e-02
  -1.8596286e-02
  -2.7174249e-02
  -3.3415914e-02
  -3.3195622e-02
  -4.8228561e-02
   0.0000000e+00
   0.0000000e+00
   0.0000000e+00
   0.0000000e+00
   0.0000000e+00
   0.0000000e+00
   0.0000000e+00
   0.0000000e+00
   0.0000000e+00
   0.0000000e+00
   0.0000000e+00
   0.0000000e+00
  -1.7226919e-03
  -1.0717138e-03
  -5.7299749e-04
   0.0000000e+00
  -2.2211196e-03
  -1.9799522e-03
  -2.9372731e-03
  -4.9738022e-03
  -8.4701013e-03
  -1.3587156e-02
  -1.7949883e-02
  -1.9055817e-02
  -2.1354194e-02
  -3.1036675e-02
  -3.4261934e-02
   0.0000000e+00
   0.0000000e+00
   0.0000000e+00
   0.0000000e+00
   0.0000000e+00
   0.0000000e+00
   0.0000000e+00
   0.0000000e+00
   0.0000000e+00
   0.0000000e+00
   0.0000000e+00
   0.0000000e+00
   0.0000000e+00
   1.3034494e-02
   9.8278923e-03
   9.0327840e-03
   1.1700192e-02
   1.7064834e-02
   1.9881658e-02
   1.9366607e-02
   1.7646013e-02
   1.4632438e-02
   1.1785060e-02
   1.3736788e-02
   9.2895869e-03
   5.1725227e-03
   1.5733135e-03
  -1.6973495e-03
  -3.5554161e-03
  -4.4194325e-03
  -4.5346431e-03
  -3.4568026e-03
  -1.6791993e-03
   6.3936342e-04
   2.1531414e-03
   2.9506693e-03
   2.8090952e-03
   1.2698717e-03
  -1.7452815e-03
  -7.5676297e-03
  -1.4919536e-02
  -2.4162266e-02
  -3.0617170e-02
  -2.8125720e-02
  -2.5924432e-02
   0.0000000e+00
   0.0000000e+00
   0.0000000e+00
   0.0000000e+00
   0.0000000e+00
   0.0000000e+00
   0.0000000e+00
   0.0000000e+00
   0.0000000e+00
   0.0000000e+00
   0.0000000e+00
   0.0000000e+00
   0.0000000e+00
   0.0000000e+00
   1.3517426e-03
   0.0000000e+00
   0.0000000e+00
   6.7341949e-04
  -1.2306689e-03
  -2.7469082e-03
  -5.3724688e-03
  -1.0429386e-02
  -1.5024793e-02
  -1.5968200e-02
  -2.1404554e-02
  -2.6692763e-02
   0.0000000e+00
   0.0000000e+00
   0.0000000e+00
   0.0000000e+00
   0.0000000e+00
   0.0000000e+00
   0.0000000e+00
   0.0000000e+00
   0.0000000e+00
   0.0000000e+00
   0.0000000e+00
   0.0000000e+00
   0.0000000e+00
   0.0000000e+00
   0.0000000e+00
   1.1842932e-02
   8.9126844e-03
   1.0638112e-02
   1.8756015e-02
   2.5290411e-02
   2.6088497e-02
   2.4474321e-02
   2.0729747e-02
   1.7166421e-02
   1.9367764e-02
   1.4101950e-02
   9.3394481e-03
   5.2817645e-03
   1.5828833e-03
  -6.2699639e-04
  -1.5577725e-03
  -1.6392304e-03
  -6.1694148e-04
   1.0987263e-03
   3.6853754e-03
   5.5578626e-03
   6.4700125e-03
   6.6446154e-03
   5.3219032e-03
   2.4332392e-03
  -3.0895935e-03
  -1.0509100e-02
  -2.0367235e-02
  -2.7660648e-02
  -2.4884341e-02
   0.0000000e+00
  -4.0995964e-02
  -4.0811557e-02
   0.0000000e+00
   0.0000000e+00
   0.0000000e+00
   0.0000000e+00
   0.0000000e+00
   0.0000000e+00
   0.0000000e+00
   0.0000000e+00
   0.0000000e+00
   0.0000000e+00
   0.0000000e+00
   0.0000000e+00
   2.0879915e-03
   0.0000000e+00
   0.0000000e+00
   3.5271201e-03
   2.2258766e-04
  -6.6314559e-04
  -2.0483448e-03
  -6.7721703e-03
  -1.1160100e-02
  -1.2253709e-02
  -0.0000000e+00
  -2.1606451e-02
   0.0000000e+00
   0.0000000e+00
   0.0000000e+00
   0.0000000e+00
   0.0000000e+00
   0.0000000e+00
   0.0000000e+00
   0.0000000e+00
   0.0000000e+00
   0.0000000e+00
   0.0000000e+00
   0.0000000e+00
   0.0000000e+00
   0.0000000e+00
   0.0000000e+00
   1.4710544e-02
   8.8399239e-03
   8.7386693e-03
   1.8441375e-02
   2.9626979e-02
   3.2864101e-02
   3.2020900e-02
   2.7791522e-02
   2.3532281e-02
   2.6502981e-02
   2.0183461e-02
   1.4614795e-02
   1.0015742e-02
   5.8774950e-03
   3.2740522e-03
   2.2518790e-03
   2.4420421e-03
   3.9403277e-03
   5.6962586e-03
   8.4322598e-03
   1.0849455e-02
   1.2037709e-02
   1.2827722e-02
   1.1677679e-02
   8.7290444e-03
   3.6891816e-03
  -3.5526022e-03
  -1.4358495e-02
  -2.0478714e-02
   0.0000000e+00
   0.0000000e+00
  -4.0995965e-02
  -4.0811557e-02
   0.0000000e+00
   0.0000000e+00
   0.0000000e+00
   0.0000000e+00
   0.0000000e+00
   0.0000000e+00
   0.0000000e+00
   0.0000000e+00
   0.0000000e+00
   0.0000000e+00
   0.0000000e+00
   0.0000000e+00
   8.8287860e-03
   0.0000000e+00
   0.0000000e+00
   0.0000000e+00
   0.0000000e+00
   1.5644835e-03
   2.9891964e-04
  -2.4043776e-03
  -5.3268939e-03
  -6.8620818e-03
  -1.9764813e-02
  -1.9764813e-02
   0.0000000e+00
   0.0000000e+00
   0.0000000e+00
   0.0000000e+00
   0.0000000e+00
   0.0000000e+00
   0.0000000e+00
   0.0000000e+00
   0.0000000e+00
   0.0000000e+00
   0.0000000e+00
   0.0000000e+00
   0.0000000e+00
   0.0000000e+00
   0.0000000e+00
   0.0000000e+00
   0.0000000e+00
   1.8478289e-02
   2.0694403e-02
   3.2172369e-02
   3.9009146e-02
   4.0094461e-02
   3.6239402e-02
   3.1529165e-02
   3.0676374e-02
   2.3824386e-02
   1.7624900e-02
   1.3072602e-02
   9.0999054e-03
   6.4577442e-03
   5.2714534e-03
   5.9345225e-03
   8.2408804e-03
   1.0436457e-02
   1.3577878e-02
   1.6223738e-02
   1.7943271e-02
   1.9351987e-02
   1.8459063e-02
   1.5856087e-02
   1.0726502e-02
   4.1637300e-03
  -5.0445893e-03
  -1.0698992e-02
   0.0000000e+00
  -2.3916168e-02
  -3.1502955e-02
  -3.3482429e-02
   0.0000000e+00
   0.0000000e+00
   0.0000000e+00
   0.0000000e+00
   0.0000000e+00
   0.0000000e+00
   0.0000000e+00
   0.0000000e+00
   0.0000000e+00
   0.0000000e+00
   0.0000000e+00
   0.0000000e+00
   0.0000000e+00
   0.0000000e+00
   0.0000000e+00
   0.0000000e+00
   0.0000000e+00
   0.0000000e+00
   2.9891962e-04
   1.0424702e-03
   7.1085448e-04
  -1.4116020e-03
  -9.1705481e-03
  -9.7865772e-03
  -7.3564663e-03
   0.0000000e+00
   0.0000000e+00
   0.0000000e+00
   0.0000000e+00
   0.0000000e+00
   0.0000000e+00
   0.0000000e+00
   0.0000000e+00
   0.0000000e+00
   0.0000000e+00
   0.0000000e+00
   0.0000000e+00
   0.0000000e+00
   0.0000000e+00
   0.0000000e+00
   0.0000000e+00
   0.0000000e+00
   2.4162357e-02
   3.1395514e-02
   3.8977951e-02
   4.1720212e-02
   4.0438797e-02
   3.6370095e-02
   3.2024126e-02
   2.4622567e-02
   1.8245179e-02
   1.3894877e-02
   1.0759816e-02
   8.8368570e-03
   7.4167768e-03
   8.5804844e-03
   1.1535545e-02
   1.4421063e-02
   1.8148191e-02
   2.1154454e-02
   2.3502767e-02
   2.5288133e-02
   2.4861332e-02
   2.2676170e-02
   1.7459914e-02
   1.1550517e-02
   3.9131008e-03
   1.6810839e-03
  -1.1914318e-03
  -1.6964466e-02
  -2.4919316e-02
  -2.6566896e-02
  -2.6340996e-02
   0.0000000e+00
   0.0000000e+00
   0.0000000e+00
   0.0000000e+00
   0.0000000e+00
   0.0000000e+00
   0.0000000e+00
   0.0000000e+00
   0.0000000e+00
   0.0000000e+00
   0.0000000e+00
   0.0000000e+00
   0.0000000e+00
   0.0000000e+00
   0.0000000e+00
   0.0000000e+00
   0.0000000e+00
   0.0000000e+00
   0.0000000e+00
   1.6715955e-03
  -5.3102244e-04
  -6.4793878e-03
  -8.9720151e-03
  -7.3564661e-03
   0.0000000e+00
   0.0000000e+00
   0.0000000e+00
   0.0000000e+00
   0.0000000e+00
   0.0000000e+00
   0.0000000e+00
   0.0000000e+00
   0.0000000e+00
   0.0000000e+00
   0.0000000e+00
   0.0000000e+00
   0.0000000e+00
   0.0000000e+00
   0.0000000e+00
   0.0000000e+00
   0.0000000e+00
   2.4917296e-02
   3.1230886e-02
   3.8627274e-02
   4.1893527e-02
   4.0834930e-02
   3.7860855e-02
   2.9137371e-02
   2.3013968e-02
   1.7134683e-02
   1.3308263e-02
   1.0958742e-02
   1.0294278e-02
   9.4289016e-03
   1.0835066e-02
   1.4258077e-02
   1.7697314e-02
   2.2147214e-02
   2.5521556e-02
   2.8755769e-02
   3.0756585e-02
   3.1156270e-02
   2.9054541e-02
   2.4567654e-02
   1.8666424e-02
   1.2784671e-02
   7.7306204e-03
   1.2463916e-03
  -1.0385590e-02
  -1.8270781e-02
  -2.1864299e-02
  -2.1368671e-02
   0.0000000e+00
   0.0000000e+00
   0.0000000e+00
   0.0000000e+00
   0.0000000e+00
   0.0000000e+00
   0.0000000e+00
   0.0000000e+00
   0.0000000e+00
   0.0000000e+00
   0.0000000e+00
   0.0000000e+00
   0.0000000e+00
   0.0000000e+00
   0.0000000e+00
   0.0000000e+00
   0.0000000e+00
   0.0000000e+00
   0.0000000e+00
   1.6597496e-03
  -2.1954854e-04
  -5.0540151e-03
   0.0000000e+00
   0.0000000e+00
   0.0000000e+00
   0.0000000e+00
   0.0000000e+00
   0.0000000e+00
   0.0000000e+00
   0.0000000e+00
   0.0000000e+00
   0.0000000e+00
   0.0000000e+00
   0.0000000e+00
   0.0000000e+00
   0.0000000e+00
   0.0000000e+00
   0.0000000e+00
   0.0000000e+00
   0.0000000e+00
   0.0000000e+00
   0.0000000e+00
   2.0451762e-02
   2.8780952e-02
   3.3735313e-02
   3.4011349e-02
   3.3420101e-02
   2.4721568e-02
   2.0530604e-02
   1.6150715e-02
   1.2736179e-02
   1.1041022e-02
   1.1111405e-02
   1.1165434e-02
   1.2876668e-02
   1.6297519e-02
   2.0098602e-02
   2.4794413e-02
   2.8666336e-02
   3.2409318e-02
   3.5182886e-02
   3.6129925e-02
   3.4714095e-02
   3.0696534e-02
   2.5165806e-02
   2.0139940e-02
   1.3014377e-02
   6.3263822e-03
  -2.9976158e-03
  -1.1754745e-02
  -1.6766259e-02
  -1.7203317e-02
   0.0000000e+00
   0.0000000e+00
   0.0000000e+00
   0.0000000e+00
   0.0000000e+00
   0.0000000e+00
   0.0000000e+00
   0.0000000e+00
   0.0000000e+00
   0.0000000e+00
   0.0000000e+00
   0.0000000e+00
  -1.0292255e-02
   0.0000000e+00
   0.0000000e+00
   0.0000000e+00
   0.0000000e+00
   0.0000000e+00
   0.0000000e+00
   0.0000000e+00
   0.0000000e+00
   0.0000000e+00
   0.0000000e+00
   0.0000000e+00
   0.0000000e+00
   0.0000000e+00
   0.0000000e+00
   0.0000000e+00
   0.0000000e+00
   0.0000000e+00
   0.0000000e+00
   0.0000000e+00
   0.0000000e+00
   0.0000000e+00
   0.0000000e+00
   0.0000000e+00
   0.0000000e+00
   0.0000000e+00
   0.0000000e+00
   0.0000000e+00
   0.0000000e+00
   0.0000000e+00
   6.6902284e-03
   1.5837291e-02
   2.1216175e-02
   2.4515465e-02
   2.5743206e-02
   2.2195254e-02
   1.9135220e-02
   1.6311625e-02
   1.3250533e-02
   1.1473741e-02
   1.1641356e-02
   1.1978706e-02
   1.4337484e-02
   1.7003145e-02
   2.1145405e-02
   2.5179677e-02
   2.9891197e-02
   3.3280194e-02
   3.7574921e-02
   3.8647602e-02
   3.8878642e-02
   3.4671191e-02
   2.9803673e-02
   2.4831653e-02
   1.9386297e-02
   1.2699588e-02
   4.7731791e-03
  -5.3527551e-03
  -7.1300204e-03
   0.0000000e+00
   0.0000000e+00
   0.0000000e+00
   0.0000000e+00
   0.0000000e+00
   0.0000000e+00
   0.0000000e+00
   0.0000000e+00
   0.0000000e+00
   0.0000000e+00
   0.0000000e+00
   0.0000000e+00
   0.0000000e+00
  -1.0292256e-02
   0.0000000e+00
   0.0000000e+00
   0.0000000e+00
   0.0000000e+00
   0.0000000e+00
   0.0000000e+00
   0.0000000e+00
   0.0000000e+00
   0.0000000e+00
   0.0000000e+00
   0.0000000e+00
   0.0000000e+00
   0.0000000e+00
   0.0000000e+00
   0.0000000e+00
   0.0000000e+00
   0.0000000e+00
   0.0000000e+00
   0.0000000e+00
   0.0000000e+00
   0.0000000e+00
   0.0000000e+00
   0.0000000e+00
   0.0000000e+00
   0.0000000e+00
   0.0000000e+00
   0.0000000e+00
   0.0000000e+00
  -8.8492329e-03
   1.8872699e-04
   9.5092522e-03
   1.4293456e-02
   1.9984441e-02
   2.1031403e-02
   1.9139629e-02
   1.7522156e-02
   1.5228421e-02
   1.3310249e-02
   1.0872616e-02
   1.1083502e-02
   1.1630220e-02
   1.3885361e-02
   1.6312363e-02
   1.9807152e-02
   2.4058992e-02
   2.8637556e-02
   3.2146346e-02
   3.6913007e-02
   3.8841270e-02
   4.0419027e-02
   3.6487546e-02
   3.2282065e-02
   2.6599837e-02
   2.4002496e-02
   1.7624686e-02
   1.0105104e-02
   1.3760768e-03
  -1.3717647e-03
   0.0000000e+00
   0.0000000e+00
   0.0000000e+00
   0.0000000e+00
   0.0000000e+00
   0.0000000e+00
   0.0000000e+00
   0.0000000e+00
   0.0000000e+00
   0.0000000e+00
   0.0000000e+00
   0.0000000e+00
   0.0000000e+00
   0.0000000e+00
   0.0000000e+00
   0.0000000e+00
   0.0000000e+00
   0.0000000e+00
   0.0000000e+00
   0.0000000e+00
   0.0000000e+00
   0.0000000e+00
   0.0000000e+00
   0.0000000e+00
   0.0000000e+00
   0.0000000e+00
   0.0000000e+00
   0.0000000e+00
   0.0000000e+00
   0.0000000e+00
   0.0000000e+00
   0.0000000e+00
   0.0000000e+00
   0.0000000e+00
   0.0000000e+00
   0.0000000e+00
   0.0000000e+00
   0.0000000e+00
   0.0000000e+00
   0.0000000e+00
   0.0000000e+00
   0.0000000e+00
  -1.0451872e-02
  -3.0321111e-03
   5.2818055e-03
   1.1109956e-02
   1.7271822e-02
   1.8450975e-02
   1.3514539e-02
   1.3169884e-02
   1.1422150e-02
   1.1470277e-02
   8.5121794e-03
   9.6202251e-03
   1.0125594e-02
   1.1847832e-02
   1.5082734e-02
   1.6744139e-02
   2.2963272e-02
   2.5698503e-02
   3.0063042e-02
   3.4418084e-02
   3.6927566e-02
   4.0285617e-02
   3.7175956e-02
   3.4677325e-02
   0.0000000e+00
   2.5842004e-02
   1.9061630e-02
   1.1072428e-02
   9.6989727e-03
   0.0000000e+00
   0.0000000e+00
   0.0000000e+00
   0.0000000e+00
   0.0000000e+00
   0.0000000e+00
   0.0000000e+00
   0.0000000e+00
   0.0000000e+00
   0.0000000e+00
   0.0000000e+00
   0.0000000e+00
   0.0000000e+00
   0.0000000e+00
   0.0000000e+00
   0.0000000e+00
   0.0000000e+00
   0.0000000e+00
   0.0000000e+00
   0.0000000e+00
   0.0000000e+00
   0.0000000e+00
   0.0000000e+00
   0.0000000e+00
   0.0000000e+00
   0.0000000e+00
   0.0000000e+00
   0.0000000e+00
   0.0000000e+00
   0.0000000e+00
   0.0000000e+00
   0.0000000e+00
   0.0000000e+00
   0.0000000e+00
   0.0000000e+00
   0.0000000e+00
   0.0000000e+00
   0.0000000e+00
   0.0000000e+00
   0.0000000e+00
   0.0000000e+00
   0.0000000e+00
  -0.0000000e+00
  -1.6938838e-02
  -8.3239954e-03
  -1.9349265e-03
   3.2177789e-03
   1.0669820e-02
   1.2004877e-02
   6.3190600e-03
   6.1731017e-03
   7.1129566e-03
   5.8498383e-03
   5.7656290e-03
   6.4960839e-03
   6.3527431e-03
   9.7044976e-03
   1.1119857e-02
   1.4446668e-02
   1.9690437e-02
   2.2082858e-02
   2.7122112e-02
   2.9823761e-02
   3.4349032e-02
   3.7723027e-02
   3.8867054e-02
   0.0000000e+00
   0.0000000e+00
   0.0000000e+00
   0.0000000e+00
   1.2333561e-02
   1.6370154e-02
   0.0000000e+00
   0.0000000e+00
   0.0000000e+00
   0.0000000e+00
   0.0000000e+00
   0.0000000e+00
   0.0000000e+00
   0.0000000e+00
   0.0000000e+00
   0.0000000e+00
   0.0000000e+00
   0.0000000e+00
   0.0000000e+00
   0.0000000e+00
  -0.0000000e+00
  -1.0161793e-02
   0.0000000e+00
   0.0000000e+00
   0.0000000e+00
   0.0000000e+00
   0.0000000e+00
   0.0000000e+00
   0.0000000e+00
   0.0000000e+00
   0.0000000e+00
   0.0000000e+00
   0.0000000e+00
   0.0000000e+00
   0.0000000e+00
   0.0000000e+00
   0.0000000e+00
   0.0000000e+00
   0.0000000e+00
   0.0000000e+00
   0.0000000e+00
   0.0000000e+00
   0.0000000e+00
   0.0000000e+00
  -0.0000000e+00
  -2.4132383e-02
  -2.5586419e-02
  -2.3026503e-02
  -2.4162650e-02
  -1.9621558e-02
  -1.4662477e-02
  -9.8644383e-03
  -3.9978307e-03
   7.6902437e-04
   4.6348660e-03
  -3.2289494e-03
  -1.5180920e-03
  -6.2192697e-04
  -7.8084553e-04
   1.5539877e-04
   5.7012041e-04
   1.4873137e-03
   3.7411475e-03
   5.7798098e-03
   9.5576225e-03
   1.3745240e-02
   1.6869806e-02
   2.0267412e-02
   2.3880191e-02
   2.8219674e-02
   3.2529283e-02
   3.8438820e-02
   3.7490026e-02
   2.9152882e-02
   2.0637659e-02
   1.6088514e-02
   1.4258982e-02
   1.8852672e-02
   2.0060221e-02
   0.0000000e+00
   0.0000000e+00
   0.0000000e+00
   0.0000000e+00
   0.0000000e+00
   0.0000000e+00
   0.0000000e+00
   0.0000000e+00
   0.0000000e+00
   0.0000000e+00
   0.0000000e+00
   0.0000000e+00
   0.0000000e+00
  -0.0000000e+00
  -9.1162364e-03
  -5.0469454e-03
   0.0000000e+00
   0.0000000e+00
   0.0000000e+00
   0.0000000e+00
   0.0000000e+00
   0.0000000e+00
   0.0000000e+00
   0.0000000e+00
   0.0000000e+00
   0.0000000e+00
   0.0000000e+00
   0.0000000e+00
   0.0000000e+00
   0.0000000e+00
   0.0000000e+00
   0.0000000e+00
   0.0000000e+00
   0.0000000e+00
   0.0000000e+00
   0.0000000e+00
   0.0000000e+00
  -0.0000000e+00
  -2.6407274e-02
  -2.5702105e-02
  -2.4440989e-02
  -2.2271205e-02
  -2.2343988e-02
  -2.1630857e-02
  -1.8029351e-02
  -1.4369695e-02
  -9.5529240e-03
  -5.2460139e-03
  -1.5809333e-02
  -1.3085010e-02
  -1.1472158e-02
  -1.0662179e-02
  -9.5562749e-03
  -7.0795249e-03
  -4.7714701e-03
  -3.1055384e-03
  -9.6191291e-04
   1.6720312e-03
   4.7192122e-03
   7.3431931e-03
   9.7429696e-03
   1.3196955e-02
   1.7876618e-02
   2.3543565e-02
   2.7929429e-02
   2.8262064e-02
   2.5206950e-02
   1.8978631e-02
   1.8458247e-02
   1.8083962e-02
   1.9543102e-02
   2.0482518e-02
   0.0000000e+00
   0.0000000e+00
   7.3962221e-03
   7.3219925e-03
   8.9554855e-03
   0.0000000e+00
   0.0000000e+00
   0.0000000e+00
   0.0000000e+00
   0.0000000e+00
   0.0000000e+00
   0.0000000e+00
   0.0000000e+00
  -0.0000000e+00
  -5.2109259e-03
  -3.1235115e-03
   8.4764994e-03
   1.1552786e-02
   0.0000000e+00
   0.0000000e+00
   0.0000000e+00
   0.0000000e+00
   0.0000000e+00
   0.0000000e+00
   0.0000000e+00
   0.0000000e+00
   0.0000000e+00
   0.0000000e+00
   0.0000000e+00
   0.0000000e+00
   0.0000000e+00
   0.0000000e+00
   0.0000000e+00
   0.0000000e+00
   0.0000000e+00
   0.0000000e+00
   0.0000000e+00
   0.0000000e+00
   0.0000000e+00
   0.0000000e+00
  -2.8983770e-02
  -2.5852214e-02
  -2.5367981e-02
  -2.7215881e-02
  -2.9158395e-02
  -2.8111130e-02
  -2.3977907e-02
  -1.9256683e-02
  -3.2667316e-02
  -2.8944967e-02
  -2.7907329e-02
  -2.8432216e-02
  -2.7674643e-02
  -2.3289273e-02
  -1.7200822e-02
  -1.1482331e-02
  -8.7075578e-03
  -6.7374482e-03
  -3.2672932e-03
  -3.4254486e-03
  -6.2274008e-03
  -5.5397183e-03
   2.7654087e-03
   1.5271169e-02
   2.3589476e-02
   2.2600245e-02
   0.0000000e+00
   1.4939453e-02
   1.7709527e-02
   1.8759638e-02
   2.0967608e-02
   2.1937521e-02
   2.1538258e-02
   0.0000000e+00
   9.2086341e-03
   9.7751608e-03
   1.0974784e-02
   1.2020492e-02
   1.1663928e-02
   9.8751644e-03
   0.0000000e+00
   0.0000000e+00
   6.3546402e-03
   7.5534847e-03
   7.8391117e-03
   0.0000000e+00
  -0.0000000e+00
   5.5200118e-04
   9.3466397e-03
   1.1962110e-02
   0.0000000e+00
   0.0000000e+00
   0.0000000e+00
   0.0000000e+00
   0.0000000e+00
   0.0000000e+00
   0.0000000e+00
   0.0000000e+00
   0.0000000e+00
   0.0000000e+00
   0.0000000e+00
   0.0000000e+00
   0.0000000e+00
   0.0000000e+00
   0.0000000e+00
   0.0000000e+00
   0.0000000e+00
   0.0000000e+00
   0.0000000e+00
   0.0000000e+00
   0.0000000e+00
   0.0000000e+00
   0.0000000e+00
  -0.0000000e+00
  -2.6684174e-02
  -2.9191847e-02
  -3.3803633e-02
  -3.7235904e-02
  -4.1530665e-02
  -3.8132425e-02
  -4.0452876e-02
  -3.5044782e-02
  -3.7057444e-02
  -5.3484305e-02
  -5.3529084e-02
  -4.0345848e-02
  -2.3153555e-02
  -7.4643638e-03
  -2.7152162e-03
  -2.8174844e-03
   0.0000000e+00
   0.0000000e+00
   0.0000000e+00
  -0.0000000e+00
  -1.5375637e-02
   5.6238065e-04
   3.2780994e-03
   4.8755654e-03
   6.3501434e-03
   8.5865641e-03
   1.1979600e-02
   1.4946325e-02
   1.7885985e-02
   1.9892069e-02
   2.0190923e-02
   1.6055842e-02
   1.2688448e-02
   1.2058102e-02
   1.4120957e-02
   1.5980538e-02
   1.5501560e-02
   1.0984092e-02
   0.0000000e+00
   0.0000000e+00
   0.0000000e+00
   7.6886499e-03
   6.1104361e-03
   5.1817099e-03
   4.5621643e-03
   6.2059779e-03
   1.1045988e-02
   1.4344406e-02
   1.9664942e-02
   0.0000000e+00
   0.0000000e+00
   0.0000000e+00
   0.0000000e+00
   0.0000000e+00
   0.0000000e+00
   0.0000000e+00
   0.0000000e+00
   0.0000000e+00
   0.0000000e+00
   0.0000000e+00
   0.0000000e+00
   0.0000000e+00
   0.0000000e+00
   0.0000000e+00
   0.0000000e+00
   0.0000000e+00
   0.0000000e+00
   0.0000000e+00
   0.0000000e+00
   0.0000000e+00
   0.0000000e+00
   0.0000000e+00
   0.0000000e+00
   0.0000000e+00
   0.0000000e+00
   0.0000000e+00
  -5.1803056e-02
  -4.9606866e-02
  -0.0000000e+00
  -0.0000000e+00
  -0.0000000e+00
  -0.0000000e+00
  -5.0023872e-02
  -4.4522317e-02
  -2.5420277e-02
  -1.4915388e-02
  -2.0722945e-02
  -0.0000000e+00
  -0.0000000e+00
  -1.6192105e-02
  -1.6589333e-02
  -1.6363202e-02
  -1.4995179e-02
  -1.1075381e-02
  -6.3609303e-03
  -3.5022620e-03
  -1.1752405e-03
   1.7780082e-03
   4.5773272e-03
   7.5107873e-03
   1.0426956e-02
   1.2001541e-02
   1.2818499e-02
   1.3240610e-02
   1.3799761e-02
   1.4810447e-02
   1.6322161e-02
   1.7001940e-02
   1.6891520e-02
   1.6644971e-02
   1.5778592e-02
   1.4934486e-02
   1.4980781e-02
   1.5063675e-02
   1.3803757e-02
   1.2375344e-02
   1.1905581e-02
   1.3235677e-02
   1.7290638e-02
   2.0251596e-02
   2.1536321e-02
   2.0770289e-02
   1.8277127e-02
   0.0000000e+00
   0.0000000e+00
   0.0000000e+00
   0.0000000e+00
   0.0000000e+00
   0.0000000e+00
   0.0000000e+00
   0.0000000e+00
   0.0000000e+00
   0.0000000e+00
   0.0000000e+00
   0.0000000e+00
   0.0000000e+00
   0.0000000e+00
   0.0000000e+00
   0.0000000e+00
  -0.0000000e+00
  -0.0000000e+00
  -0.0000000e+00
  -0.0000000e+00
  -0.0000000e+00
  -0.0000000e+00
  -0.0000000e+00
  -0.0000000e+00
  -0.0000000e+00
  -0.0000000e+00
  -0.0000000e+00
