  -5.8249564e-02
   1.3765239e-01
   3.1394902e-01
   4.9951544e-01
   6.5366545e-01
   8.4787784e-01
   1.1739986e+00
   1.5232829e+00
   1.8218512e+00
   2.0413806e+00
   2.0973093e+00
   2.0241954e+00
   1.7772590e+00
   1.5830106e+00
   1.5094243e+00
   1.6060973e+00
   1.7791085e+00
   1.9562552e+00
   2.0256020e+00
   1.8494482e+00
   1.7018911e+00
   1.5539540e+00
   1.4467402e+00
   1.3751694e+00
   1.3342601e+00
   1.3323427e+00
   1.3402034e+00
   1.3611589e+00
   1.3682376e+00
   1.3669948e+00
   1.3540696e+00
   1.3225552e+00
   1.2841719e+00
   1.2308388e+00
   1.1976398e+00
   1.0953613e+00
   1.0599918e+00
   1.1186902e+00
   1.0836375e+00
   9.9589471e-01
   8.8572671e-01
   7.5240528e-01
   5.8509751e-01
   4.3821145e-01
   2.6878631e-01
   2.3730060e-02
  -1.9392863e-01
  -3.7184886e-01
  -5.3101929e-01
  -5.4104965e-01
  -4.0624758e-01
  -1.5293862e-01
   1.1133741e-01
   3.5494733e-01
   6.1152667e-01
   7.9418289e-01
   9.4138643e-01
   1.0813545e+00
   1.1405226e+00
   1.0670030e+00
   7.3100401e-01
   2.6551370e-01
  -2.3742772e-01
  -8.3448171e-01
  -1.2838866e+00
  -1.5480042e+00
  -1.5384045e+00
  -1.3441639e+00
  -1.0909129e+00
  -7.7662992e-01
  -5.3589333e-01
  -3.1194024e-01
   1.4992038e+00
   1.5903483e+00
   1.3956233e+00
   9.7913204e-01
   7.4172469e-01
   7.9091241e-01
   1.3156048e+00
   1.9241527e+00
   2.1714445e+00
   2.2301899e+00
   2.1680777e+00
   1.9246910e+00
   1.6242037e+00
   1.3127554e+00
   1.1420928e+00
   1.1128519e+00
   1.1353237e+00
   1.0857592e+00
   8.9188337e-01
   6.6193468e-01
   4.8419629e-01
   2.9345339e-01
   1.8440242e-01
   1.8471873e-01
   3.4563916e-01
   5.4421031e-01
   7.5489648e-01
   9.6389878e-01
   1.0347225e+00
   1.0975370e+00
   1.1786268e+00
   1.2520044e+00
   1.2760801e+00
   1.2085440e+00
   1.1104764e+00
   9.7036564e-01
   9.0861151e-01
   9.2682655e-01
   8.3111408e-01
   6.0842886e-01
   3.8382251e-01
   1.7411835e-01
  -4.6902775e-02
  -2.1867705e-01
  -3.7036917e-01
  -5.0541307e-01
  -5.4764548e-01
  -5.3303773e-01
  -5.1565663e-01
  -4.4120393e-01
  -2.7024742e-01
  -8.9523848e-02
  -2.4381965e-02
  -2.2352990e-02
  -1.6780658e-03
   3.0874485e-02
   3.3859421e-02
  -5.2692539e-02
  -1.7819989e-01
  -2.7664106e-01
  -3.9031744e-01
  -4.8740224e-01
  -6.4466999e-01
  -9.2392874e-01
  -1.2657869e+00
  -1.3446115e+00
  -1.0323575e+00
  -6.8316344e-01
  -3.3464406e-01
   1.1330159e-01
   5.7612867e-01
   1.0638757e+00
   1.5256820e+00
   1.5398922e+00
   1.3970350e+00
   9.6361875e-01
   4.6391426e-01
   1.4151018e-01
   2.5019887e-01
   4.9644298e-01
   6.7346525e-01
   1.0531284e+00
   1.4969533e+00
   1.7563396e+00
   1.8158362e+00
   1.5516883e+00
   1.4088804e+00
   1.3194063e+00
   1.1211390e+00
   7.9623351e-01
   2.9648199e-01
   5.3603998e-02
  -4.5765669e-02
  -3.2064764e-02
   7.2226497e-02
   2.4458180e-01
   6.4387203e-01
   1.1187514e+00
   1.5208972e+00
   1.6375520e+00
   1.4633696e+00
   1.2909566e+00
   1.1765227e+00
   1.1575052e+00
   1.0585602e+00
   8.3358679e-01
   6.8157419e-01
   5.9504345e-01
   5.5345153e-01
   5.0279591e-01
   3.9005071e-01
   1.8095254e-01
  -1.1176027e-02
  -1.9431568e-01
  -4.1344506e-01
  -5.9873309e-01
  -7.4531435e-01
  -7.8417771e-01
  -7.3134744e-01
  -7.2087520e-01
  -7.9251250e-01
  -7.9349485e-01
  -6.9942817e-01
  -5.4227844e-01
  -3.8034466e-01
  -1.8011262e-01
  -8.1163370e-02
  -2.4500038e-01
  -4.7564591e-01
  -5.6259646e-01
  -5.2108864e-01
  -4.0882347e-01
  -2.1380878e-01
  -6.0325675e-02
   1.6880433e-02
   3.9570091e-04
  -5.5270981e-02
  -5.3300552e-02
   7.5115883e-02
   2.3017146e-01
   3.7866394e-01
   6.3657001e-01
   9.7479325e-01
   1.3042873e+00
   9.1916206e-01
   8.6147667e-01
   7.3112950e-01
   4.8812132e-01
   1.7588328e-01
  -1.5902656e-01
  -4.3329864e-01
  -3.7867972e-01
   1.0733503e-01
   1.0186800e+00
   1.5497096e+00
   1.6185424e+00
   1.5333882e+00
   1.3746281e+00
   1.3139869e+00
   1.2492309e+00
   1.0734578e+00
   6.7384976e-01
   3.4041156e-02
  -2.6445552e-01
  -3.2776204e-01
  -2.3292470e-01
   9.3446687e-03
   4.2067303e-01
   9.4443267e-01
   1.2337407e+00
   1.4139817e+00
   1.3604305e+00
   1.1488283e+00
   9.5947376e-01
   8.1233042e-01
   6.3562139e-01
   3.7776607e-01
   9.6983062e-02
  -5.0636833e-02
  -1.3704931e-01
  -1.5983320e-01
  -1.4790061e-01
  -1.6547108e-01
  -2.2305125e-01
  -3.0020381e-01
  -4.4156185e-01
  -6.7005826e-01
  -8.2409502e-01
  -9.4359866e-01
  -1.0415985e+00
  -9.1413751e-01
  -8.8031022e-01
  -9.6401494e-01
  -9.1480187e-01
  -7.7861515e-01
  -6.0633599e-01
  -3.9381080e-01
  -2.6448869e-01
  -4.3519184e-01
  -6.3901559e-01
  -6.4781768e-01
  -3.9584381e-01
  -1.9954016e-01
  -6.0286558e-02
   4.7802765e-02
   1.0379802e-01
   1.4487811e-01
   1.8818062e-01
   2.3923335e-01
   2.8233189e-01
   3.0722833e-01
   3.7666792e-01
   4.9600995e-01
   6.0461506e-01
   6.9323343e-01
   8.3187193e-01
   3.7226257e-01
   3.1658026e-01
   1.8476304e-01
   9.8612375e-02
   1.4461162e-02
  -7.6144801e-02
  -2.1421457e-01
  -2.3346967e-01
   2.6700156e-01
   1.2258967e+00
   1.3234437e+00
   1.1039825e+00
   1.1452274e+00
   1.0838522e+00
   9.3897979e-01
   9.0860762e-01
   7.5416618e-01
   4.0960621e-01
  -7.2957282e-02
  -4.4675597e-01
  -5.3420449e-01
  -3.7465552e-01
  -7.4899172e-02
   4.1904461e-01
   9.0227214e-01
   1.0130791e+00
   1.0003456e+00
   8.2373551e-01
   5.5958388e-01
   3.3104304e-01
   1.3917408e-02
  -2.0379935e-01
  -3.7992052e-01
  -6.1403940e-01
  -6.9659972e-01
  -7.2801932e-01
  -7.3650755e-01
  -6.4267873e-01
  -5.8426628e-01
  -5.5408401e-01
  -5.2984712e-01
  -6.4219926e-01
  -8.4560153e-01
  -9.2208809e-01
  -9.8889634e-01
  -1.1004585e+00
  -1.0445188e+00
  -1.0750817e+00
  -1.1303646e+00
  -1.0937116e+00
  -9.8594282e-01
  -7.2446458e-01
  -5.2928166e-01
  -4.5282764e-01
  -4.1248045e-01
  -4.2641830e-01
  -4.4362663e-01
  -4.3382621e-01
  -3.2516675e-01
  -2.1856227e-01
  -1.5940757e-01
  -7.3681022e-02
   4.0785761e-02
   1.3430281e-01
   1.7530063e-01
   1.7804986e-01
   2.1409385e-01
   3.0908767e-01
   3.7481684e-01
   3.7759855e-01
   3.3858238e-01
   3.2381146e-01
   5.4042478e-02
   7.5480083e-03
  -1.0948161e-01
  -1.4538501e-01
  -1.2326987e-01
  -1.0222847e-01
  -2.2227440e-01
  -1.9651425e-01
   2.6265362e-01
   7.9576681e-01
   7.9689515e-01
   7.4119693e-01
   8.4320071e-01
   7.9560421e-01
   6.1734839e-01
   4.3007333e-01
   3.1329690e-01
   1.0051816e-01
  -2.3202326e-01
  -5.1589158e-01
  -6.6559859e-01
  -5.5888773e-01
  -2.4498049e-01
   1.9826430e-01
   5.7451661e-01
   5.7444723e-01
   5.0462670e-01
   2.8085445e-01
  -2.2185699e-02
  -2.7708652e-01
  -5.7080296e-01
  -7.6883737e-01
  -9.0094305e-01
  -1.0610500e+00
  -1.1053817e+00
  -1.1031675e+00
  -1.0694551e+00
  -9.5000937e-01
  -8.5265754e-01
  -7.4436016e-01
  -6.8453249e-01
  -7.4609909e-01
  -8.7532332e-01
  -1.0180399e+00
  -1.1068354e+00
  -1.0901027e+00
  -1.1256835e+00
  -1.1871301e+00
  -1.2725610e+00
  -1.2330815e+00
  -1.0991459e+00
  -9.4196372e-01
  -7.5231800e-01
  -6.4658179e-01
  -6.2111969e-01
  -6.3792958e-01
  -6.2300826e-01
  -5.1257512e-01
  -4.6368440e-01
  -4.4071098e-01
  -3.5223540e-01
  -2.9509078e-01
  -1.6638930e-01
   6.1877637e-02
   1.2615039e-01
   1.4193680e-01
   2.4319911e-01
   3.0487852e-01
   2.5631684e-01
   1.8334923e-01
   1.2852428e-01
   5.0948772e-02
  -1.3132766e-01
  -1.6264796e-01
  -2.7169912e-01
  -3.3934370e-01
  -4.6550910e-01
  -5.0758247e-01
  -3.1366153e-01
  -2.0802541e-01
   2.0435465e-03
   3.1260154e-01
   4.1177921e-01
   4.4468977e-01
   5.0391396e-01
   4.4487939e-01
   1.8825980e-01
  -6.6544689e-02
  -1.4803954e-01
  -2.5203508e-01
  -4.0624672e-01
  -5.8737398e-01
  -7.5555765e-01
  -6.5341152e-01
  -3.9987802e-01
  -2.0810810e-01
   1.8485926e-02
   1.0329350e-01
   5.3916345e-03
  -2.0862652e-01
  -4.7015989e-01
  -7.2327868e-01
  -9.7698836e-01
  -1.1403677e+00
  -1.2633800e+00
  -1.3546919e+00
  -1.3750722e+00
  -1.3402445e+00
  -1.2492757e+00
  -1.1396947e+00
  -9.9231222e-01
  -8.7400411e-01
  -7.9004366e-01
  -8.1160393e-01
  -9.3044623e-01
  -1.0324048e+00
  -1.1451521e+00
  -1.1614338e+00
  -1.2292294e+00
  -1.2999051e+00
  -1.3657159e+00
  -1.3129375e+00
  -1.1902462e+00
  -1.1111292e+00
  -9.5058130e-01
  -8.9116975e-01
  -8.0375574e-01
  -7.8770322e-01
  -6.9221467e-01
  -5.1069918e-01
  -6.5489593e-01
  -6.8512548e-01
  -5.5427697e-01
  -5.9414452e-01
  -4.0243142e-01
  -8.5075623e-02
   8.7065184e-04
   1.4665143e-01
   2.5795144e-01
   1.5609400e-01
   6.6974176e-02
  -1.4244228e-02
  -7.1550747e-02
  -1.0902301e-01
  -3.8087164e-01
  -4.2443580e-01
  -3.8670549e-01
  -6.1673798e-01
  -7.5159793e-01
  -5.6799921e-01
  -3.2628369e-01
  -1.4613538e-01
  -1.0923752e-01
  -1.5390529e-01
  -1.9858295e-01
  -2.9413721e-02
   2.2287301e-01
   3.8342430e-02
  -2.5180966e-01
  -5.2053824e-01
  -5.5239417e-01
  -6.2309500e-01
  -6.0241553e-01
  -6.3331249e-01
  -7.3804771e-01
  -6.4521818e-01
  -5.2378400e-01
  -4.7478275e-01
  -3.7708277e-01
  -2.9061869e-01
  -3.6745297e-01
  -5.3784992e-01
  -7.7784289e-01
  -9.9226891e-01
  -1.2374885e+00
  -1.3769843e+00
  -1.4757813e+00
  -1.5455497e+00
  -1.5218959e+00
  -1.4794767e+00
  -1.3532993e+00
  -1.2465562e+00
  -1.0894765e+00
  -9.5118368e-01
  -8.6840307e-01
  -8.6717529e-01
  -9.7182348e-01
  -1.0636985e+00
  -1.1681746e+00
  -1.2229158e+00
  -1.2960270e+00
  -1.3685412e+00
  -1.3929068e+00
  -1.3379010e+00
  -1.2512909e+00
  -1.1924413e+00
  -1.0812193e+00
  -1.0134142e+00
  -8.8703897e-01
  -8.2616573e-01
  -6.8859727e-01
  -5.2528203e-01
  -7.2055337e-01
  -5.7708577e-01
  -3.4562629e-01
  -4.8208563e-01
  -2.6353201e-01
   1.0161307e-02
   6.1743131e-02
   1.2386001e-01
   1.1523102e-01
  -2.0954479e-02
  -9.2112598e-02
  -1.6294878e-01
  -3.0044916e-01
  -3.2070648e-01
  -5.6593711e-01
  -3.6970967e-01
  -3.7016489e-01
  -6.4620043e-01
  -5.0316531e-01
  -3.3293362e-01
  -1.7115489e-01
  -2.1262453e-01
  -3.8766754e-01
  -5.4118942e-01
  -5.5912464e-01
  -2.5513965e-01
  -6.4756281e-02
  -2.5400072e-01
  -6.0037133e-01
  -8.6507658e-01
  -8.8367821e-01
  -8.9686192e-01
  -8.0931241e-01
  -7.0298283e-01
  -7.0020340e-01
  -6.2760476e-01
  -5.7965985e-01
  -5.1179953e-01
  -4.6112203e-01
  -3.9341608e-01
  -4.5220684e-01
  -6.1255128e-01
  -8.3319897e-01
  -1.0565450e+00
  -1.3089853e+00
  -1.4525375e+00
  -1.5466923e+00
  -1.5934288e+00
  -1.5658955e+00
  -1.5078971e+00
  -1.3941899e+00
  -1.2766809e+00
  -1.1331539e+00
  -9.7822588e-01
  -9.0306000e-01
  -9.0073567e-01
  -9.8521816e-01
  -1.0719184e+00
  -1.1533553e+00
  -1.2180349e+00
  -1.2824969e+00
  -1.3373790e+00
  -1.3546750e+00
  -1.3040442e+00
  -1.2567138e+00
  -1.1911473e+00
  -1.1174312e+00
  -1.0207101e+00
  -9.3347669e-01
  -8.2755794e-01
  -6.8795271e-01
  -4.5008955e-01
  -4.6740354e-01
  -3.0275641e-01
  -2.5422420e-01
  -2.8786394e-01
  -2.9482285e-02
   6.5743991e-02
   3.2240745e-02
  -5.4741185e-02
  -7.7422992e-02
  -2.0011693e-01
  -2.3374206e-01
  -3.1804691e-01
  -4.5876767e-01
  -5.9591004e-01
  -5.1473022e-01
  -2.8705427e-01
  -4.3293245e-01
  -4.5982368e-01
  -3.3541581e-01
  -2.5061063e-01
  -2.9402087e-01
  -6.0594037e-01
  -8.2137461e-01
  -7.9969664e-01
  -5.6270810e-01
  -3.8292881e-01
  -2.2408450e-01
  -5.0818586e-01
  -8.8196145e-01
  -1.1183027e+00
  -1.1073902e+00
  -1.0697027e+00
  -9.4391241e-01
  -8.1116940e-01
  -7.2977889e-01
  -6.5953718e-01
  -5.9247965e-01
  -5.0631259e-01
  -4.0094741e-01
  -3.5579317e-01
  -4.1141477e-01
  -5.8861902e-01
  -8.1546944e-01
  -1.0454943e+00
  -1.2800983e+00
  -1.3985178e+00
  -1.4863134e+00
  -1.5181744e+00
  -1.5117632e+00
  -1.4527032e+00
  -1.3597160e+00
  -1.2305232e+00
  -1.1051300e+00
  -9.4466145e-01
  -8.9525487e-01
  -8.9086227e-01
  -9.7125911e-01
  -1.0253981e+00
  -1.0976791e+00
  -1.1344739e+00
  -1.1996187e+00
  -1.2301705e+00
  -1.2530484e+00
  -1.2052610e+00
  -1.1841219e+00
  -1.1280661e+00
  -1.0735719e+00
  -9.8702580e-01
  -9.1125416e-01
  -8.1796428e-01
  -6.5158942e-01
  -3.4207596e-01
  -2.4959210e-01
  -2.5568588e-01
  -4.9373292e-01
  -5.0885289e-01
  -3.1547366e-01
  -2.5028407e-01
  -2.9220070e-01
  -3.4133774e-01
  -2.7439771e-01
  -3.6691871e-01
  -3.9643625e-01
  -4.6169956e-01
  -5.5142234e-01
  -8.8736725e-01
  -3.3314660e-01
  -3.8856783e-01
  -5.3480351e-01
  -5.7434780e-01
  -5.5199724e-01
  -4.7366472e-01
  -6.9190460e-01
  -9.9554296e-01
  -1.1445356e+00
  -9.2413815e-01
  -5.5250515e-01
  -4.9346357e-01
  -3.7775552e-01
  -8.0965104e-01
  -1.1709340e+00
  -1.3465922e+00
  -1.2885338e+00
  -1.2052916e+00
  -1.0390840e+00
  -9.1165959e-01
  -7.9392197e-01
  -6.9150521e-01
  -5.7539883e-01
  -4.7172673e-01
  -3.5952477e-01
  -3.5687730e-01
  -4.2822601e-01
  -6.3999038e-01
  -8.4929681e-01
  -1.0243906e+00
  -1.1426839e+00
  -1.1873616e+00
  -1.2470462e+00
  -1.3018173e+00
  -1.3303970e+00
  -1.2902673e+00
  -1.2115402e+00
  -1.0850087e+00
  -9.7645488e-01
  -8.4549427e-01
  -8.2191600e-01
  -8.2827772e-01
  -8.8967432e-01
  -9.2265414e-01
  -9.7602318e-01
  -9.9955216e-01
  -1.0422581e+00
  -1.0634641e+00
  -1.0774410e+00
  -1.0481952e+00
  -1.0406690e+00
  -1.0097565e+00
  -9.6999552e-01
  -9.0991252e-01
  -8.4712938e-01
  -7.7284039e-01
  -6.0611762e-01
  -2.4935581e-01
  -3.5611747e-02
  -2.3026185e-02
  -2.9470647e-01
  -5.8134773e-01
  -5.7204997e-01
  -4.7595070e-01
  -4.6608319e-01
  -4.8122596e-01
  -4.3355096e-01
  -5.1272112e-01
  -5.3657967e-01
  -5.6751746e-01
  -6.2261020e-01
  -8.8959812e-01
  -3.1008464e-01
  -5.2833325e-01
  -6.9702178e-01
  -9.1624505e-01
  -8.5251793e-01
  -8.2283740e-01
  -9.1667485e-01
  -1.1987704e+00
  -1.3580805e+00
  -7.1420291e-01
  -4.3869977e-01
  -4.3228676e-01
  -6.1653081e-01
  -1.0956228e+00
  -1.4371195e+00
  -1.5364285e+00
  -1.4542015e+00
  -1.3205746e+00
  -1.1378305e+00
  -9.8048096e-01
  -8.3798176e-01
  -6.7295922e-01
  -5.2920450e-01
  -4.1962480e-01
  -3.3578455e-01
  -3.7051199e-01
  -4.6562062e-01
  -6.6773048e-01
  -7.9427624e-01
  -8.5558808e-01
  -8.5284567e-01
  -8.4082921e-01
  -9.0566996e-01
  -1.0391879e+00
  -1.1025233e+00
  -1.0830470e+00
  -1.0038100e+00
  -8.9699584e-01
  -8.0258942e-01
  -7.1595579e-01
  -7.0261097e-01
  -7.1660205e-01
  -7.4519256e-01
  -7.6726833e-01
  -7.9167269e-01
  -8.1211585e-01
  -8.2304374e-01
  -8.4570149e-01
  -8.4900995e-01
  -8.4478760e-01
  -8.5009340e-01
  -8.4563917e-01
  -8.2779264e-01
  -7.9319919e-01
  -7.5569138e-01
  -6.8826065e-01
  -5.4549562e-01
  -1.4272213e-01
   1.8506103e-01
   3.5581480e-01
   1.6419553e-01
  -3.3707564e-01
  -4.5715997e-01
  -4.5930692e-01
  -4.5524330e-01
  -4.9256034e-01
  -5.1615801e-01
  -6.2262129e-01
  -6.3752674e-01
  -6.2696576e-01
  -6.4655257e-01
  -6.7541758e-01
  -5.3141196e-01
  -6.8551760e-01
  -1.0299506e+00
  -1.0996220e+00
  -9.6987981e-01
  -1.0022722e+00
  -9.9718400e-01
  -1.2052658e+00
  -1.3127770e+00
  -3.4101281e-01
  -2.3865749e-01
  -3.6386000e-01
  -8.2508442e-01
  -1.3339539e+00
  -1.6201464e+00
  -1.6645427e+00
  -1.5563683e+00
  -1.3995927e+00
  -1.2013316e+00
  -1.0203122e+00
  -8.5394790e-01
  -6.3924221e-01
  -4.7913664e-01
  -3.6971846e-01
  -3.0798444e-01
  -3.5054776e-01
  -4.3369982e-01
  -5.3027239e-01
  -5.2541239e-01
  -4.9799999e-01
  -4.9219018e-01
  -5.0405406e-01
  -6.3965973e-01
  -8.8528906e-01
  -9.6115444e-01
  -9.3788040e-01
  -8.4541245e-01
  -7.5466710e-01
  -6.7074668e-01
  -5.9969964e-01
  -5.7939766e-01
  -5.7154758e-01
  -5.7005902e-01
  -5.6559790e-01
  -5.6632348e-01
  -5.6851998e-01
  -5.6670348e-01
  -5.8770339e-01
  -5.9552708e-01
  -6.0767167e-01
  -6.3175824e-01
  -6.5138413e-01
  -6.6370598e-01
  -6.5832712e-01
  -6.3452827e-01
  -5.6801921e-01
  -4.0745809e-01
  -4.6399460e-02
   1.9753914e-01
   3.9299012e-01
   3.3451017e-01
  -1.0523845e-01
  -2.9151052e-01
  -3.1850019e-01
  -3.7081671e-01
  -4.4524019e-01
  -5.4513684e-01
  -6.4388809e-01
  -6.5780973e-01
  -5.9219060e-01
  -6.1808949e-01
  -5.6291790e-01
  -6.8648522e-01
  -6.8660500e-01
  -1.2107950e+00
  -1.2007789e+00
  -1.0147057e+00
  -9.0670532e-01
  -8.3080374e-01
  -7.7958498e-01
  -4.3488978e-01
  -4.4823524e-01
  -5.0704935e-01
  -5.7921011e-01
  -1.1720026e+00
  -1.5950002e+00
  -1.7645103e+00
  -1.7124146e+00
  -1.5881753e+00
  -1.4238867e+00
  -1.1993296e+00
  -1.0133639e+00
  -8.3168447e-01
  -6.0907458e-01
  -4.5368180e-01
  -3.4307597e-01
  -2.6548939e-01
  -2.3603689e-01
  -2.0215565e-01
  -9.8843025e-02
  -2.2810873e-02
  -8.9597636e-02
  -2.4508018e-01
  -3.4850648e-01
  -5.7286396e-01
  -8.9904329e-01
  -9.3782808e-01
  -8.7352679e-01
  -7.7238257e-01
  -6.6782676e-01
  -5.7325910e-01
  -4.8223308e-01
  -4.2446016e-01
  -3.8014600e-01
  -3.2388724e-01
  -2.9038151e-01
  -2.6995739e-01
  -2.5562057e-01
  -2.5627661e-01
  -2.7515702e-01
  -2.9559184e-01
  -3.2479365e-01
  -3.7308866e-01
  -4.2627689e-01
  -4.7218405e-01
  -5.0100063e-01
  -4.7094494e-01
  -3.5161871e-01
  -1.0034025e-01
  -2.4584382e-02
   1.4077518e-01
   3.2674065e-01
   4.4887027e-01
   1.2811325e-01
  -1.1733924e-01
  -1.3035059e-01
  -2.0322615e-01
  -3.7910898e-01
  -4.9369334e-01
  -5.0536311e-01
  -5.5207185e-01
  -4.4366027e-01
  -4.9472816e-01
  -4.7793440e-01
  -2.6814987e-01
  -6.5904999e-01
  -1.3773837e+00
  -1.2180100e+00
  -9.6224211e-01
  -8.4616715e-01
  -5.9507800e-01
  -2.2003286e-01
  -1.9024811e-01
  -5.7047833e-01
  -5.8348628e-01
  -8.7040693e-01
  -1.3974787e+00
  -1.6448089e+00
  -1.6916351e+00
  -1.5951834e+00
  -1.4681821e+00
  -1.3113467e+00
  -1.0882664e+00
  -9.1119755e-01
  -7.3522672e-01
  -5.2510117e-01
  -3.8168428e-01
  -2.4935101e-01
  -6.1745181e-02
   1.0233583e-01
   3.2367659e-01
   5.0209442e-01
   4.8499038e-01
   2.6225486e-01
   1.7338222e-02
  -2.4419147e-01
  -5.2583894e-01
  -8.1787682e-01
  -7.9423740e-01
  -7.1238631e-01
  -6.0757186e-01
  -4.9394119e-01
  -3.8569878e-01
  -2.6325669e-01
  -1.6882213e-01
  -8.1733182e-02
   1.4423705e-02
   6.7972430e-02
   9.7415757e-02
   1.0764740e-01
   1.0344588e-01
   8.3337549e-02
   4.2121441e-02
  -1.6161679e-02
  -9.2481371e-02
  -1.8962474e-01
  -2.6464309e-01
  -3.0615564e-01
  -2.5336039e-01
  -3.8693061e-02
   2.5733914e-01
   1.6019868e-01
   2.5773934e-03
  -8.4312566e-02
   4.2668554e-01
   4.1863581e-01
   5.9606539e-02
   6.1761438e-03
  -5.1668784e-02
  -3.1519643e-01
  -2.4047152e-01
  -2.5188030e-01
  -3.1885587e-01
  -1.4220090e-01
  -1.5870879e-01
  -7.8563081e-01
  -2.2662657e-01
  -1.0235917e+00
  -1.4582261e+00
  -1.1219743e+00
  -8.8335693e-01
  -6.8156876e-01
  -2.9418956e-01
   1.1827007e-01
   1.7048706e-01
  -4.1395123e-01
  -6.2944326e-01
  -1.0447663e+00
  -1.4223600e+00
  -1.5270157e+00
  -1.5086478e+00
  -1.4113617e+00
  -1.2988667e+00
  -1.1538946e+00
  -9.4352360e-01
  -7.7738675e-01
  -6.0899846e-01
  -4.0966344e-01
  -2.5631298e-01
  -7.6371804e-02
   2.0884133e-01
   4.7563021e-01
   8.4529801e-01
   1.3055000e+00
   1.1507838e+00
   6.2622674e-01
   4.3522401e-01
  -5.5158997e-02
  -5.4650595e-01
  -6.5815944e-01
  -5.9826508e-01
  -5.1255292e-01
  -3.9730099e-01
  -2.7383246e-01
  -1.5944500e-01
  -2.0043545e-02
   9.6895096e-02
   2.0606146e-01
   3.1024975e-01
   3.6409110e-01
   3.8972092e-01
   3.9609028e-01
   3.8720760e-01
   3.6024426e-01
   2.9805823e-01
   2.1545911e-01
   1.1684223e-01
  -1.1373105e-02
  -1.0385971e-01
  -1.4347692e-01
  -4.2717718e-02
   2.4860651e-01
   7.5001950e-01
   6.3031084e-01
   1.4554883e-01
  -9.1707559e-02
   5.0196451e-01
   8.0957043e-01
   3.8764438e-01
   8.6360900e-02
  -1.0210041e-01
  -2.5573491e-01
  -3.4321834e-02
  -1.1806428e-01
  -1.8092741e-01
   1.2432619e-01
   7.8818923e-02
  -2.9860729e-01
  -2.9980506e-01
  -1.2303221e+00
  -1.4794184e+00
  -9.8898881e-01
  -7.2360015e-01
  -4.2499064e-01
  -1.0169484e-02
   3.4295648e-01
   4.3717085e-01
  -2.0462339e-01
  -6.4942463e-01
  -1.0922163e+00
  -1.3177108e+00
  -1.3311729e+00
  -1.2873391e+00
  -1.2086533e+00
  -1.1145523e+00
  -9.8066294e-01
  -7.8178527e-01
  -6.2413688e-01
  -4.6132419e-01
  -2.7206266e-01
  -9.9527769e-02
   1.3552959e-01
   5.1064203e-01
   9.1530554e-01
   1.5104867e+00
   2.0175594e+00
   1.5708498e+00
   9.1234134e-01
   7.2884774e-01
   1.1613007e-01
  -4.3880660e-01
  -5.0932775e-01
  -3.9720931e-01
  -3.0258267e-01
  -1.8274100e-01
  -5.6092702e-02
   6.2537820e-02
   2.2067661e-01
   3.5792201e-01
   4.7911129e-01
   5.8267316e-01
   6.3277123e-01
   6.5307733e-01
   6.5844950e-01
   6.4579474e-01
   6.0922688e-01
   5.2359188e-01
   4.1996602e-01
   3.0018976e-01
   1.4712306e-01
   4.5335536e-02
   1.9495961e-02
   1.8438736e-01
   5.5384124e-01
   1.1714324e+00
   1.1983103e+00
   4.9855832e-01
   1.1528241e-01
   5.7752264e-01
   1.0785363e+00
   8.6539686e-01
   3.8331072e-01
   9.0047340e-02
  -2.8088376e-03
   2.4552717e-01
   1.5161321e-01
   1.1325026e-01
   3.0465379e-01
   2.9870383e-01
  -6.6336435e-03
  -4.4308431e-01
  -1.2456240e+00
  -1.4521107e+00
  -8.3536223e-01
  -4.9415746e-01
  -9.8115374e-02
   2.4464739e-01
   4.7623814e-01
   5.9748045e-01
   2.2506021e-02
  -6.4736051e-01
  -1.0301286e+00
  -1.1128696e+00
  -1.0827420e+00
  -1.0459903e+00
  -9.9957774e-01
  -9.2541980e-01
  -8.0117934e-01
  -6.1128613e-01
  -4.5941788e-01
  -2.9997164e-01
  -1.2002011e-01
   7.7836277e-02
   3.7123096e-01
   8.2793653e-01
   1.4032408e+00
   2.2948025e+00
   2.6064364e+00
   1.7338107e+00
   1.1168290e+00
   8.8318834e-01
   2.5831820e-01
  -2.0635340e-01
  -3.8198636e-01
  -2.0138685e-01
  -9.1993310e-02
   2.6165555e-02
   1.4956858e-01
   2.7126701e-01
   4.5073913e-01
   6.0707433e-01
   7.3250029e-01
   8.3035122e-01
   8.7489115e-01
   8.8981400e-01
   8.9688977e-01
   8.8152210e-01
   8.3353787e-01
   7.2271927e-01
   6.0123120e-01
   4.6134416e-01
   2.8866875e-01
   1.8438942e-01
   1.8178005e-01
   4.2202242e-01
   8.7084347e-01
   1.5022764e+00
   1.8170435e+00
   1.0137058e+00
   4.8038630e-01
   6.4211662e-01
   1.2162735e+00
   1.4578308e+00
   8.8250433e-01
   5.2533529e-01
   4.2652579e-01
   5.9236909e-01
   5.5406477e-01
   5.5646240e-01
   4.0263807e-01
   5.0594818e-01
   1.8088543e-02
  -6.8882828e-01
  -1.4426484e+00
  -1.1651139e+00
  -4.1933349e-01
  -8.2314008e-02
   3.1872264e-01
   3.9393053e-01
   3.5501015e-01
   4.1726414e-01
   1.4844700e-02
  -4.7104266e-01
  -6.4274095e-01
  -6.7105792e-01
  -6.9250911e-01
  -7.0661216e-01
  -7.0113520e-01
  -6.3914454e-01
  -5.1521378e-01
  -3.2748151e-01
  -1.7444837e-01
  -3.4877154e-02
   1.3541497e-01
   3.9586421e-01
   7.7438124e-01
   1.3599585e+00
   2.1002325e+00
   2.9551796e+00
   2.9512234e+00
   1.7375367e+00
   1.0622699e+00
   3.6622715e-01
   1.0238985e-01
   1.1944207e-02
   4.3460814e-03
   1.0086346e-01
   2.1931586e-01
   2.5590095e-01
   3.2446414e-01
   4.7283168e-01
   7.5395334e-01
   9.3394856e-01
   1.0586511e+00
   1.1502938e+00
   1.1885505e+00
   1.2075625e+00
   1.2211416e+00
   1.1932708e+00
   1.1196874e+00
   9.7507853e-01
   8.2768809e-01
   6.5915192e-01
   4.7178949e-01
   3.9330804e-01
   4.6193194e-01
   8.4151214e-01
   1.4814835e+00
   2.4398099e+00
   2.4258702e+00
   1.5011934e+00
   1.0449133e+00
   7.6493661e-01
   9.5235245e-01
   1.4580578e+00
   1.6632526e+00
   1.6020651e+00
   1.7546885e+00
   1.7144627e+00
   1.4188048e+00
   9.7178917e-01
   7.4372609e-01
   6.6447220e-01
   1.8727150e-01
  -6.7971098e-01
  -1.2410219e+00
  -8.6856491e-01
  -1.9003319e-01
   6.1099127e-02
   3.9988525e-01
   3.7549370e-01
   3.5663155e-01
   3.9429412e-01
   4.5913416e-02
  -2.6358194e-01
  -3.7465531e-01
  -4.4910173e-01
  -5.0968823e-01
  -5.4344655e-01
  -5.4205653e-01
  -4.7467691e-01
  -3.4803420e-01
  -1.6685008e-01
  -2.7294894e-02
   9.7912605e-02
   3.0535166e-01
   6.3602655e-01
   1.0621932e+00
   1.6812555e+00
   2.4558841e+00
   3.3105617e+00
   3.0511358e+00
   2.0289317e+00
   1.4532916e+00
   8.1253708e-01
   2.0032543e-01
   6.1750771e-01
   5.6562599e-01
   5.7533442e-01
   5.1924102e-01
   3.5674160e-01
   3.7434382e-01
   5.3955659e-01
   9.2280287e-01
   1.1102957e+00
   1.2357003e+00
   1.3266504e+00
   1.3642983e+00
   1.3862259e+00
   1.3888121e+00
   1.3438663e+00
   1.2540010e+00
   1.0922244e+00
   9.2982801e-01
   7.4901011e-01
   5.6693552e-01
   5.2094456e-01
   6.4752933e-01
   1.1278969e+00
   1.8889846e+00
   2.9877414e+00
   2.5454470e+00
   1.5104281e+00
   8.7100231e-01
   4.1207898e-01
   6.2010319e-01
   1.3820746e+00
   1.9342469e+00
   2.1242925e+00
   2.4646523e+00
   2.5796206e+00
   2.0533008e+00
   1.3240949e+00
   9.7789928e-01
   7.1066771e-01
   2.3112714e-01
  -7.3036153e-01
  -1.0676836e+00
  -6.2385468e-01
   1.5171142e-02
   2.2533506e-01
   5.0171476e-01
   4.6514192e-01
   4.3367284e-01
   4.0945463e-01
   1.0768390e-01
  -7.0864869e-02
  -1.5395062e-01
  -2.7310935e-01
  -3.6169149e-01
  -4.0649389e-01
  -4.0171186e-01
  -3.2734050e-01
  -1.9926423e-01
  -2.6734340e-02
   1.0169393e-01
   2.2530648e-01
   4.7737269e-01
   8.6047200e-01
   1.3114728e+00
   1.9546590e+00
   2.7408311e+00
   3.5591922e+00
   3.2381425e+00
   2.3521558e+00
   1.8861326e+00
   1.0910990e+00
   3.7169267e-01
   8.9595361e-01
   8.8980797e-01
   9.3879491e-01
   8.2288555e-01
   4.9578277e-01
   4.5473974e-01
   6.2073997e-01
   1.0706751e+00
   1.2733797e+00
   1.3986774e+00
   1.4875203e+00
   1.5239468e+00
   1.5442704e+00
   1.5328108e+00
   1.4717841e+00
   1.3667797e+00
   1.1880521e+00
   1.0114374e+00
   8.2258961e-01
   6.5223564e-01
   6.4312784e-01
   8.2977081e-01
   1.4094308e+00
   2.2757478e+00
   3.4370188e+00
   2.7104975e+00
   1.5228201e+00
   6.7518837e-01
   6.6817415e-02
   3.7891959e-01
   1.3805073e+00
   2.1973737e+00
   2.5978289e+00
   3.1029192e+00
   3.3614913e+00
   2.6490816e+00
   1.6530414e+00
   1.1573453e+00
   7.2023368e-01
   1.9839064e-01
  -9.3634888e-01
  -8.7954922e-01
  -3.8467640e-01
   2.5874062e-01
   5.0930365e-01
   6.9499753e-01
   8.3483116e-01
   7.1260608e-01
   5.1603858e-01
   2.6525118e-01
   1.7538709e-01
   6.0372082e-02
  -1.2036682e-01
  -2.2474909e-01
  -2.6642491e-01
  -2.4013174e-01
  -1.5208143e-01
  -2.4767536e-02
   1.3055962e-01
   2.4809906e-01
   3.9774531e-01
   7.3101769e-01
   1.1504938e+00
   1.5868019e+00
   2.2441307e+00
   2.9963801e+00
   3.6821563e+00
   3.7021757e+00
   2.8907068e+00
   2.6055403e+00
   1.1220000e+00
   7.8275931e-01
   5.7293736e-01
   8.3281416e-01
   1.2185345e+00
   1.2706986e+00
   7.8185228e-01
   6.3885747e-01
   7.7035458e-01
   1.2381726e+00
   1.4800210e+00
   1.6033686e+00
   1.6860214e+00
   1.7193195e+00
   1.7272892e+00
   1.6887204e+00
   1.6066214e+00
   1.4822376e+00
   1.2794533e+00
   1.0840043e+00
   8.9297014e-01
   7.5386171e-01
   8.0789647e-01
   1.0861354e+00
   1.8062135e+00
   2.7895964e+00
   3.8684145e+00
   3.0503620e+00
   1.5477675e+00
   3.4310981e-01
  -4.1612399e-01
   2.3191753e-01
   1.5434179e+00
   2.5608144e+00
   3.1752443e+00
   3.8677334e+00
   4.3084600e+00
   3.4256011e+00
   2.0773760e+00
   1.2956355e+00
   6.5277564e-01
  -1.9008783e-02
  -7.6188163e-01
   4.2184054e-03
   2.6395248e-01
   4.8442246e-01
   5.9402375e-01
   7.6950045e-01
   8.0002667e-01
   7.0443582e-01
   5.4818119e-01
   3.8296153e-01
   2.6926170e-01
   1.0826132e-01
  -8.3351747e-02
  -1.6979286e-01
  -1.8625202e-01
  -1.3082270e-01
  -3.2858553e-02
   9.5949009e-02
   2.5811049e-01
   4.0198977e-01
   6.0012932e-01
   9.7403184e-01
   1.3722901e+00
   1.7848226e+00
   2.4568368e+00
   3.1522660e+00
   3.7327419e+00
   3.7250230e+00
   2.8320805e+00
   2.8836217e+00
   1.7054133e+00
   6.6715295e-01
   6.8938719e-01
   1.9663455e+00
   1.9306050e+00
   1.7467035e+00
   8.3285617e-01
   8.5576077e-01
   9.7486256e-01
   1.3899178e+00
   1.6556134e+00
   1.7671493e+00
   1.8373582e+00
   1.8636991e+00
   1.8506946e+00
   1.7814369e+00
   1.6753177e+00
   1.5264065e+00
   1.2981932e+00
   1.0971684e+00
   9.3174241e-01
   8.6365302e-01
   1.0132938e+00
   1.3925743e+00
   2.1994891e+00
   3.1332073e+00
   3.9771713e+00
   3.3575646e+00
   1.3871849e+00
   3.1459460e-02
  -6.6952786e-01
   4.3756802e-01
   1.8940850e+00
   2.9753851e+00
   3.6971016e+00
   4.4449414e+00
   4.8928587e+00
   3.7544360e+00
   2.2185127e+00
   1.0711314e+00
   3.0685349e-01
  -3.8723224e-01
  -7.4445857e-01
   8.3864595e-02
   3.1179433e-01
   5.2298207e-01
   5.9690004e-01
   7.3749879e-01
   7.4361631e-01
   6.7260271e-01
   5.4592512e-01
   4.0308824e-01
   2.6422911e-01
   8.6701101e-02
  -9.2584276e-02
  -1.5798546e-01
  -1.5422357e-01
  -8.1333978e-02
   2.3037863e-02
   1.5568529e-01
   3.3166754e-01
   4.9832844e-01
   7.2347718e-01
   1.1114327e+00
   1.4993173e+00
   1.9118910e+00
   2.5867631e+00
   3.2295206e+00
   3.7309791e+00
   3.7558334e+00
   3.0253826e+00
   2.9527668e+00
   1.7508326e+00
   5.5022140e-01
   8.1288764e-01
   2.4919222e+00
   1.8097144e+00
   1.4451322e+00
   8.3066756e-01
   1.0544021e+00
   1.1155899e+00
   1.4752508e+00
   1.7493741e+00
   1.8537367e+00
   1.9117902e+00
   1.9297888e+00
   1.8995798e+00
   1.8061474e+00
   1.6808268e+00
   1.5146339e+00
   1.2777183e+00
   1.0864193e+00
   9.5277345e-01
   9.4977963e-01
   1.1660262e+00
   1.6000720e+00
   2.4216530e+00
   3.2775809e+00
   3.9577290e+00
   3.3767153e+00
   1.3919897e+00
  -1.2084768e-01
  -6.7355016e-01
   6.6240582e-01
   2.1438264e+00
   3.2351460e+00
   4.0133684e+00
   4.8076640e+00
   5.2749126e+00
   3.8401991e+00
   2.1030036e+00
   7.5996520e-01
   3.0994792e-02
  -6.1151664e-01
  -8.1646361e-01
  -2.9980231e-01
   6.8824428e-03
   4.6505162e-01
   5.4966244e-01
   6.2006922e-01
   6.4164637e-01
   6.0780833e-01
   5.2064687e-01
   3.7290585e-01
   1.9382286e-01
   9.0434021e-03
  -1.3627496e-01
  -1.6677891e-01
  -1.3451890e-01
  -4.1676393e-02
   7.0510227e-02
   2.1065222e-01
   4.1268777e-01
   6.1276409e-01
   8.6661403e-01
   1.2597679e+00
   1.6382680e+00
   2.0659630e+00
   2.7378318e+00
   3.3007539e+00
   3.6951254e+00
   3.8091014e+00
   3.4872646e+00
   2.9289277e+00
   1.4818252e+00
   3.6632608e-01
   1.0106862e+00
   2.9303780e+00
   1.0938730e+00
   4.8144676e-01
   7.9361376e-01
   1.3538322e+00
   1.2955790e+00
   1.5668557e+00
   1.8444247e+00
   1.9404896e+00
   1.9796961e+00
   1.9837591e+00
   1.9289997e+00
   1.8018396e+00
   1.6495055e+00
   1.4608386e+00
   1.2208735e+00
   1.0544738e+00
   9.7448203e-01
   1.0696513e+00
   1.3718365e+00
   1.8623627e+00
   2.6612786e+00
   3.3776445e+00
   3.8462465e+00
   3.2245935e+00
   1.5040671e+00
  -2.5855168e-01
  -5.2219173e-01
   1.0265217e+00
   2.4709957e+00
   3.5439359e+00
   4.3785162e+00
   5.2399155e+00
   5.7451025e+00
   3.8207958e+00
   1.7599251e+00
   2.1804458e-01
  -3.5657184e-01
  -8.7164009e-01
  -5.1119576e-01
   1.8981175e-01
   4.8837170e-01
   5.5451318e-01
   3.2976668e-01
   4.3705237e-01
   4.7027356e-01
   4.3462836e-01
   3.4227911e-01
   1.6560553e-01
  -1.2787440e-02
  -1.5373610e-01
  -2.2547337e-01
  -2.1089106e-01
  -1.5209269e-01
  -4.0060231e-02
   8.5008891e-02
   2.4202325e-01
   4.7452926e-01
   6.9957019e-01
   9.7039411e-01
   1.3613866e+00
   1.7402906e+00
   2.1798376e+00
   2.7936275e+00
   3.2574184e+00
   3.5611603e+00
   3.6382293e+00
   3.6122356e+00
   2.6448668e+00
   7.8108352e-01
   1.1263021e-01
   1.0411594e+00
   1.6124265e+00
   9.7631168e-01
   9.0129792e-01
   9.3772401e-01
   1.0572868e+00
   1.0758634e+00
   1.5996904e+00
   1.8784826e+00
   1.9419685e+00
   1.9365682e+00
   1.9017710e+00
   1.8090249e+00
   1.6435791e+00
   1.4730503e+00
   1.2870207e+00
   1.0919963e+00
   9.9715125e-01
   1.0099260e+00
   1.2242793e+00
   1.5841496e+00
   2.0733091e+00
   2.7543587e+00
   3.2658364e+00
   3.4893086e+00
   3.0471804e+00
   1.6653361e+00
  -1.9797296e-02
   6.1618927e-02
   1.5162255e+00
   2.7564637e+00
   3.7488982e+00
   4.5323041e+00
   5.3315646e+00
   5.2578798e+00
   3.0397633e+00
   7.9934069e-01
  -3.7138408e-01
  -7.6113226e-01
  -1.1014716e+00
  -4.8759805e-01
   1.4549144e-01
   4.6731879e-01
   3.8040280e-01
   1.8730888e-01
   2.9764637e-01
   3.2601730e-01
   2.8472980e-01
   1.8944562e-01
   1.3557936e-02
  -1.4435357e-01
  -2.4963541e-01
  -2.7830269e-01
  -2.4067204e-01
  -1.6758083e-01
  -4.3199266e-02
   8.9230606e-02
   2.5428038e-01
   4.9571642e-01
   7.2748951e-01
   1.0021882e+00
   1.3897468e+00
   1.7649690e+00
   2.1962163e+00
   2.7599352e+00
   3.1680031e+00
   3.4366549e+00
   3.5423893e+00
   3.5881355e+00
   2.4262573e+00
   4.9772182e-01
   6.6093370e-02
   9.4107445e-01
   1.2672438e+00
   8.8819636e-01
   9.7520236e-01
   9.7606411e-01
   9.3840853e-01
   9.7708888e-01
   1.5372231e+00
   1.8612531e+00
   1.8767158e+00
   1.8409436e+00
   1.7809550e+00
   1.6687373e+00
   1.4911387e+00
   1.3229133e+00
   1.1547071e+00
   1.0037292e+00
   9.6054731e-01
   1.0294959e+00
   1.2994615e+00
   1.6713045e+00
   2.1363629e+00
   2.7307745e+00
   3.1289332e+00
   3.2439878e+00
   2.8358426e+00
   1.5286099e+00
   7.6858992e-02
   5.0155717e-01
   1.7750272e+00
   2.8825392e+00
   3.8208731e+00
   4.6110099e+00
   5.4703571e+00
   4.7112178e+00
   2.2927449e+00
   2.8698310e-01
  -5.9155847e-01
  -8.8793845e-01
  -1.0984912e+00
  -5.7567933e-01
  -1.7242186e-01
   2.0311904e-01
  -3.4570476e-02
  -1.8949320e-02
   8.1179317e-02
   9.3828652e-02
   4.1233393e-02
  -5.8001190e-02
  -2.1904326e-01
  -3.3323852e-01
  -3.8177625e-01
  -3.5131243e-01
  -2.8463513e-01
  -1.9288536e-01
  -5.0682299e-02
   9.1713445e-02
   2.6636520e-01
   5.1314313e-01
   7.4803684e-01
   1.0233469e+00
   1.4045065e+00
   1.7716298e+00
   2.1796457e+00
   2.6621339e+00
   2.9954881e+00
   3.2299157e+00
   3.4140556e+00
   3.4794999e+00
   2.0854691e+00
   2.0720436e-01
   8.1410626e-02
   7.1206025e-01
   1.1244823e+00
   7.5222765e-01
   9.4316497e-01
   9.9295634e-01
   8.1769437e-01
   8.6465672e-01
   1.3880036e+00
   1.8087273e+00
   1.7357663e+00
   1.6549858e+00
   1.5585124e+00
   1.4217086e+00
   1.2353939e+00
   1.0803935e+00
   9.4930384e-01
   8.7257976e-01
   9.0792354e-01
   1.0554494e+00
   1.3907723e+00
   1.7621235e+00
   2.1759917e+00
   2.6377493e+00
   2.8854666e+00
   2.8789155e+00
   2.4621921e+00
   1.1613512e+00
   1.7608010e-01
   1.1818454e+00
   2.1087091e+00
   3.0237627e+00
   3.8824012e+00
   4.7102778e+00
   5.7270518e+00
   3.7575803e+00
   1.0419915e+00
  -3.7766314e-01
  -7.9685498e-01
  -9.7657949e-01
  -9.8757562e-01
  -7.6063386e-01
  -4.2301522e-01
  -1.0665736e-01
  -2.4638037e-01
  -3.0468020e-01
  -2.7355117e-01
  -2.8391491e-01
  -3.3796041e-01
  -4.2057563e-01
  -5.2890990e-01
  -5.8082997e-01
  -5.7283108e-01
  -4.9819854e-01
  -4.0671222e-01
  -2.9679168e-01
  -1.4037141e-01
   1.1721438e-02
   1.9156338e-01
   4.4242102e-01
   6.7961477e-01
   9.4561339e-01
   1.3040627e+00
   1.6406741e+00
   1.9998375e+00
   2.4051852e+00
   2.6693466e+00
   2.8772516e+00
   3.1323850e+00
   2.8938663e+00
   1.1924776e+00
  -2.0068938e-01
  -1.1616282e-01
   4.1420380e-01
   8.8999509e-01
   6.7004089e-01
   6.4158427e-01
   7.2865194e-01
   6.6584416e-01
   6.6795386e-01
   1.1451523e+00
   1.5545664e+00
   1.3265977e+00
   1.2070561e+00
   1.1068592e+00
   9.7294774e-01
   8.0589399e-01
   6.9515973e-01
   6.3046216e-01
   6.5218010e-01
   7.7126781e-01
   9.7960816e-01
   1.3330885e+00
   1.6675455e+00
   1.9985110e+00
   2.3139236e+00
   2.4411031e+00
   2.4020862e+00
   2.0487950e+00
   1.1624562e+00
   4.6305410e-01
   1.2284070e+00
   2.2593243e+00
   3.1264020e+00
   3.7956746e+00
   4.5616202e+00
   4.4705954e+00
   1.8057144e+00
   5.9435389e-02
  -6.8818935e-01
  -9.7045026e-01
  -1.2585539e+00
  -1.1900203e+00
  -8.6503100e-01
  -5.7491376e-01
  -3.1825935e-01
  -4.4815321e-01
  -5.3249724e-01
  -5.3360655e-01
  -5.5701041e-01
  -6.0976718e-01
  -6.8014068e-01
  -7.5541021e-01
  -7.7355510e-01
  -7.3836717e-01
  -6.4333592e-01
  -5.4104287e-01
  -4.2346921e-01
  -2.6050522e-01
  -1.0365186e-01
   7.7993129e-02
   3.2839407e-01
   5.6342281e-01
   8.2325104e-01
   1.1713127e+00
   1.4931984e+00
   1.8278270e+00
   2.1967907e+00
   2.4264709e+00
   2.6573901e+00
   2.9801190e+00
   2.5648285e+00
   6.9276066e-01
  -4.2026434e-01
  -2.1739202e-01
   2.7066948e-01
   7.8828345e-01
   5.2912611e-01
   4.8585654e-01
   5.8625776e-01
   5.6003695e-01
   5.8184896e-01
   1.0336061e+00
   1.3631838e+00
   1.0186593e+00
   8.8047594e-01
   7.8789030e-01
   6.6503067e-01
   5.1241211e-01
   4.2726153e-01
   3.9669734e-01
   4.6407684e-01
   6.1626151e-01
   8.4163742e-01
   1.1863770e+00
   1.4921370e+00
   1.7794319e+00
   2.0334073e+00
   2.1233996e+00
   2.0974557e+00
   1.8568436e+00
   1.2447147e+00
   5.7331529e-01
   1.0757670e+00
   2.2461570e+00
   3.1424838e+00
   3.7022478e+00
   4.3235505e+00
   3.5763564e+00
   8.9479427e-01
  -3.3329455e-01
  -7.7229309e-01
  -9.8274625e-01
  -1.3469268e+00
  -1.2591305e+00
  -1.0311624e+00
  -8.3113701e-01
  -7.0597715e-01
  -8.8331254e-01
  -9.8734650e-01
  -1.0304507e+00
  -1.0746758e+00
  -1.1224581e+00
  -1.1693815e+00
  -1.1874359e+00
  -1.1537420e+00
  -1.0818397e+00
  -9.6063523e-01
  -8.4558012e-01
  -7.1943966e-01
  -5.4811736e-01
  -3.8467763e-01
  -2.0172638e-01
   4.4119258e-02
   2.7089772e-01
   5.1963788e-01
   8.5454242e-01
   1.1564580e+00
   1.4562615e+00
   1.7772562e+00
   1.9584123e+00
   2.2786558e+00
   2.7471384e+00
   2.0433283e+00
  -9.6451663e-02
  -7.5489335e-01
  -3.6420461e-01
   7.6374287e-02
   6.6894198e-01
   1.7373708e-01
   2.5815662e-01
   3.6908325e-01
   3.6378041e-01
   4.7940626e-01
   8.9152018e-01
   9.9214049e-01
   4.2181489e-01
   2.5845700e-01
   1.9145948e-01
   9.9255651e-02
  -2.5447731e-02
  -6.9056570e-02
  -4.9938998e-02
   7.6362838e-02
   2.6155332e-01
   4.9004857e-01
   7.9453177e-01
   1.0437032e+00
   1.2658373e+00
   1.4514124e+00
   1.5250296e+00
   1.5634518e+00
   1.6088084e+00
   1.4888780e+00
   6.7702002e-01
   5.8462514e-01
   2.0889838e+00
   3.1100081e+00
   3.4918694e+00
   3.7308153e+00
   1.8965955e+00
  -2.9006124e-01
  -7.3367738e-01
  -7.7963661e-01
  -8.8342588e-01
  -1.3893468e+00
  -1.3064536e+00
  -1.3596075e+00
  -1.2199412e+00
  -1.1697467e+00
  -1.3382593e+00
  -1.4532485e+00
  -1.5251542e+00
  -1.5781872e+00
  -1.6160951e+00
  -1.6412245e+00
  -1.6337682e+00
  -1.5904709e+00
  -1.5185792e+00
  -1.4035219e+00
  -1.2938169e+00
  -1.1706980e+00
  -1.0022629e+00
  -8.4496466e-01
  -6.7575502e-01
  -4.6002560e-01
  -2.6348332e-01
  -4.1476179e-02
   2.6302090e-01
   5.3803912e-01
   8.1815666e-01
   1.1630028e+00
   1.4861370e+00
   2.0778073e+00
   2.3621660e+00
   1.4498093e+00
  -7.4774168e-01
  -8.5895326e-01
  -3.2795765e-01
   7.9506467e-02
   3.2989061e-01
  -9.8219012e-03
   1.0401229e-01
   2.3409186e-01
   2.9808028e-01
   3.4730023e-01
   7.3282507e-01
   6.5004176e-01
  -6.4080963e-02
  -3.1235394e-01
  -3.9683640e-01
  -4.5009138e-01
  -5.4875331e-01
  -5.7507939e-01
  -5.4570710e-01
  -4.2762990e-01
  -2.6835711e-01
  -8.1969831e-02
   1.5483555e-01
   3.4126844e-01
   5.0254235e-01
   6.5423510e-01
   7.6972458e-01
   9.2519015e-01
   1.2528075e+00
   1.4137084e+00
   8.3789561e-01
   5.6839229e-01
   1.9591584e+00
   2.8230150e+00
   2.9267835e+00
   2.5703894e+00
   4.6546256e-01
  -7.3853429e-01
  -7.1863745e-01
  -6.9913919e-01
  -8.1694312e-01
  -1.3981420e+00
  -1.4610642e+00
  -1.5116373e+00
  -1.4018725e+00
  -1.3893745e+00
  -1.5492553e+00
  -1.6658863e+00
  -1.7476318e+00
  -1.8030251e+00
  -1.8366425e+00
  -1.8543116e+00
  -1.8421674e+00
  -1.8028477e+00
  -1.7404266e+00
  -1.6398188e+00
  -1.5417697e+00
  -1.4288923e+00
  -1.2719618e+00
  -1.1264167e+00
  -9.7230549e-01
  -7.7905982e-01
  -6.0222514e-01
  -3.9902137e-01
  -1.1896140e-01
   1.3280337e-01
   3.9290055e-01
   7.3879086e-01
   1.1213531e+00
   1.8022912e+00
   1.9729988e+00
   1.0401661e+00
  -1.0431195e+00
  -9.4078368e-01
  -3.5042104e-01
   3.9022906e-02
   9.8541277e-02
  -1.7401119e-01
  -7.0771007e-03
   1.4728705e-01
   2.2677768e-01
   2.4164912e-01
   6.3567895e-01
   4.8310906e-01
  -2.8900734e-01
  -5.9797463e-01
  -7.0920669e-01
  -7.4018316e-01
  -8.2397170e-01
  -8.4537448e-01
  -8.1590379e-01
  -7.1185598e-01
  -5.7570725e-01
  -4.2093364e-01
  -2.3014984e-01
  -8.4598827e-02
   3.7118182e-02
   1.6081883e-01
   2.8679192e-01
   4.9144328e-01
   9.5179719e-01
   1.2515499e+00
   8.1259395e-01
   5.5885978e-01
   1.8925379e+00
   2.5667419e+00
   2.5233088e+00
   1.9272231e+00
  -2.1697718e-01
  -8.9406096e-01
  -6.8818066e-01
  -6.6841767e-01
  -8.0424018e-01
  -1.3910048e+00
  -1.5292505e+00
  -1.5778056e+00
  -1.4925004e+00
  -1.5138853e+00
  -1.6434865e+00
  -1.7408342e+00
  -1.8064983e+00
  -1.8529080e+00
  -1.8862912e+00
  -1.9160372e+00
  -1.9433784e+00
  -1.9549104e+00
  -1.9518137e+00
  -1.9251683e+00
  -1.8857259e+00
  -1.8288758e+00
  -1.7362521e+00
  -1.6477860e+00
  -1.5512035e+00
  -1.4175687e+00
  -1.2826226e+00
  -1.1250972e+00
  -9.1610371e-01
  -7.3746275e-01
  -5.4969383e-01
  -2.6164504e-01
   1.1009738e-01
   6.1778531e-01
   5.7326227e-01
   7.5062617e-02
  -1.1361627e+00
  -1.1727190e+00
  -5.8904739e-01
  -2.2314616e-01
  -4.3609797e-01
  -7.0749415e-01
  -2.8718136e-01
  -3.2325730e-02
  -4.2728657e-02
  -6.3863935e-02
   4.5524294e-01
   3.6040053e-01
  -3.8699629e-01
  -8.4711735e-01
  -1.0787920e+00
  -1.0752870e+00
  -1.1361599e+00
  -1.1733617e+00
  -1.1709562e+00
  -1.1326299e+00
  -1.0714385e+00
  -1.0011228e+00
  -9.1606837e-01
  -8.5736916e-01
  -8.1927049e-01
  -7.7953540e-01
  -7.0089225e-01
  -5.0394012e-01
   2.6340631e-02
   4.3820393e-01
   2.1975312e-01
   5.4293818e-01
   1.8254774e+00
   1.7353762e+00
   1.5201103e+00
   1.0289381e+00
  -6.3063607e-01
  -6.5813632e-01
  -5.3790459e-01
  -6.9318077e-01
  -9.0409556e-01
  -1.3225327e+00
  -1.5392193e+00
  -1.2293040e+00
  -1.1038557e+00
  -1.0780191e+00
  -1.1607225e+00
  -1.2260783e+00
  -1.2704556e+00
  -1.3034140e+00
  -1.3277143e+00
  -1.3518488e+00
  -1.3808257e+00
  -1.4016314e+00
  -1.4170889e+00
  -1.4261023e+00
  -1.4251881e+00
  -1.4132280e+00
  -1.3815522e+00
  -1.3491631e+00
  -1.3127170e+00
  -1.2557654e+00
  -1.1919527e+00
  -1.1149886e+00
  -1.0118775e+00
  -9.2430508e-01
  -8.3031853e-01
  -6.7852737e-01
  -5.0131624e-01
  -7.5187486e-02
   2.1427226e-02
  -4.9371176e-01
  -1.0710531e+00
  -1.0375046e+00
  -5.4157051e-01
  -3.4455657e-01
  -7.6289162e-01
  -1.0951365e+00
  -4.4291473e-01
  -1.8940049e-01
  -2.8265863e-01
  -3.4695383e-01
   4.3259019e-01
   5.0334601e-01
  -9.6739132e-02
  -5.5319916e-01
  -8.8646570e-01
  -8.5253788e-01
  -8.6120998e-01
  -9.0220448e-01
  -9.0914663e-01
  -9.0263800e-01
  -8.8440560e-01
  -8.6987315e-01
  -8.6781589e-01
  -8.8725355e-01
  -9.3077141e-01
  -1.0024164e+00
  -1.0430874e+00
  -9.9813473e-01
  -6.9161256e-01
  -3.6913541e-01
  -8.5025598e-02
   4.9635489e-01
   1.3687827e+00
   8.5971152e-01
   7.7905677e-01
   6.2652779e-01
  -3.4464768e-01
  -4.0009890e-01
  -4.6117281e-01
  -7.8742310e-01
  -1.1309491e+00
  -1.2468200e+00
  -1.2411173e+00
  -9.6671865e-01
  -8.1102390e-01
  -7.4960719e-01
  -7.9697467e-01
  -8.3822549e-01
  -8.6656387e-01
  -8.8938711e-01
  -9.0684363e-01
  -9.2675012e-01
  -9.5695951e-01
  -9.8475265e-01
  -1.0141901e+00
  -1.0500714e+00
  -1.0781870e+00
  -1.1000502e+00
  -1.1142966e+00
  -1.1241599e+00
  -1.1330246e+00
  -1.1338515e+00
  -1.1236356e+00
  -1.1073721e+00
  -1.0840402e+00
  -1.0650851e+00
  -1.0417607e+00
  -9.9263545e-01
  -9.6199770e-01
  -5.9732129e-01
  -3.9436360e-01
  -9.2226585e-01
  -1.0219949e+00
  -9.3562469e-01
  -5.0579813e-01
  -4.3603561e-01
  -1.0091206e+00
  -1.3872131e+00
  -5.6025506e-01
  -3.0775152e-01
  -4.6343853e-01
  -5.6025340e-01
   4.1552204e-01
   6.1105106e-01
   1.2196076e-01
  -3.3174080e-01
  -7.4155371e-01
  -6.8470325e-01
  -6.5404363e-01
  -6.9789584e-01
  -7.1188114e-01
  -7.2934613e-01
  -7.4348204e-01
  -7.7098057e-01
  -8.3145913e-01
  -9.0977053e-01
  -1.0147839e+00
  -1.1703504e+00
  -1.3009210e+00
  -1.3704953e+00
  -1.2325683e+00
  -9.7744090e-01
  -3.1466704e-01
   4.6125580e-01
   1.0246772e+00
   1.9992495e-01
   2.2069558e-01
   3.2332396e-01
  -1.2916418e-01
  -2.0567560e-01
  -4.0335776e-01
  -8.5843180e-01
  -1.3018763e+00
  -1.1897727e+00
  -1.0165066e+00
   2.1412621e-02
   2.5996353e-01
   4.3745525e-01
   4.6637815e-01
   4.7457211e-01
   4.7932740e-01
   4.7708477e-01
   4.7147986e-01
   4.5921965e-01
   4.3147269e-01
   4.0109936e-01
   3.6627551e-01
   3.1628699e-01
   2.7235229e-01
   2.3109430e-01
   1.8527473e-01
   1.4707273e-01
   1.0602930e-01
   5.2251079e-02
   1.2167532e-03
  -6.0558981e-02
  -1.6444461e-01
  -2.8529180e-01
  -4.5026503e-01
  -7.8686485e-01
  -1.3360830e+00
  -1.6613231e+00
  -1.5033095e+00
  -1.7813398e+00
  -9.8540311e-01
  -4.9402711e-01
  -4.4354178e-01
  -7.4680118e-01
  -1.2930862e+00
  -2.2156333e+00
  -1.3127201e+00
  -7.4171952e-01
  -8.5174990e-01
  -5.5608442e-01
   8.0307433e-01
   9.1310792e-01
   9.4675580e-01
   5.8457685e-01
   2.4582037e-01
   1.5426432e-01
   2.6241144e-01
   2.5373993e-01
   2.2675573e-01
   1.8277002e-01
   1.2367259e-01
   4.3267258e-02
  -8.9412308e-02
  -2.3574892e-01
  -4.1682862e-01
  -6.9539483e-01
  -1.0003085e+00
  -1.3783546e+00
  -1.9065907e+00
  -2.0463361e+00
  -7.2866340e-01
   3.7227732e-01
   3.3468377e-01
  -1.1360300e+00
  -1.2184864e+00
  -1.6223644e-01
   4.0133985e-01
   1.7828358e-01
  -4.5096064e-01
  -9.6934367e-01
  -1.2686916e+00
  -7.0756221e-01
  -1.3534741e-01
   2.5018077e-01
   5.3570702e-01
   7.2596278e-01
   8.1675961e-01
   8.6191553e-01
   8.9379968e-01
   9.1090141e-01
   9.1525672e-01
   9.0936070e-01
   8.8019011e-01
   8.4079944e-01
   7.9229459e-01
   7.1862845e-01
   6.4886895e-01
   5.7658843e-01
   4.8875325e-01
   4.1518006e-01
   3.3873384e-01
   2.3767387e-01
   1.3797463e-01
   1.7107908e-02
  -1.6929020e-01
  -3.6688029e-01
  -6.1627371e-01
  -1.0585018e+00
  -1.6668617e+00
  -2.1574338e+00
  -2.1974312e+00
  -2.1693523e+00
  -1.1581304e+00
  -3.0023223e-01
  -3.5127400e-01
  -9.8440310e-01
  -1.5309910e+00
  -2.2262318e+00
  -1.6921309e+00
  -1.0697018e+00
  -9.7522443e-01
  -4.6136841e-01
   6.3310003e-01
   6.6210885e-01
   6.7070037e-01
   4.7578234e-01
   3.6839875e-01
   2.6557763e-01
   3.6598042e-01
   4.0925554e-01
   3.6261856e-01
   2.9283323e-01
   2.0761244e-01
   9.9473811e-02
  -6.9457616e-02
  -2.4925337e-01
  -4.6718120e-01
  -7.9154825e-01
  -1.1350408e+00
  -1.5554658e+00
  -2.1554891e+00
  -2.4350019e+00
  -1.0326504e+00
   2.7756045e-01
   2.0317703e-01
  -1.5053928e+00
  -1.7882199e+00
  -4.7624105e-01
   3.2153782e-01
   7.4226337e-02
  -5.8971603e-01
  -1.1051731e+00
  -1.2990576e+00
  -6.4477699e-01
  -1.5549878e-02
   5.5380045e-01
   9.0167210e-01
   1.1088682e+00
   1.2817837e+00
   1.3759953e+00
   1.4438848e+00
   1.4866602e+00
   1.5042347e+00
   1.5067852e+00
   1.4757251e+00
   1.4243667e+00
   1.3577045e+00
   1.2526136e+00
   1.1485796e+00
   1.0351261e+00
   8.9152808e-01
   7.7101046e-01
   6.4757789e-01
   4.8376587e-01
   3.1947885e-01
   1.2018693e-01
  -1.7572123e-01
  -4.7516404e-01
  -8.3659942e-01
  -1.4190166e+00
  -2.1058691e+00
  -2.8158688e+00
  -3.1186652e+00
  -2.6843200e+00
  -1.3873729e+00
  -4.3028851e-02
  -2.2881676e-01
  -1.2997469e+00
  -1.8467369e+00
  -2.2402980e+00
  -2.1956825e+00
  -1.5049978e+00
  -1.1390991e+00
  -3.3566190e-01
   4.0751117e-01
   3.2898442e-01
   3.0432130e-01
   3.3139092e-01
   5.3108404e-01
   4.1331198e-01
   5.0343655e-01
   6.1565490e-01
   5.4293488e-01
   4.3890845e-01
   3.1901690e-01
   1.7407081e-01
  -4.2973871e-02
  -2.6717639e-01
  -5.3400885e-01
  -9.1916249e-01
  -1.3138566e+00
  -1.7905268e+00
  -2.4858255e+00
  -2.9508368e+00
  -1.4361001e+00
   1.5185281e-01
   2.8642080e-02
  -1.9956088e+00
  -2.5443668e+00
  -8.9298605e-01
   2.1562505e-01
  -6.3877804e-02
  -7.7387134e-01
  -1.2854451e+00
  -1.3393592e+00
  -5.6144883e-01
   1.4344467e-01
  -1.0833830e-01
   3.5981229e-01
   7.1771653e-01
   9.9813751e-01
   1.1805743e+00
   1.3184189e+00
   1.4203481e+00
   1.4641924e+00
   1.4757500e+00
   1.4332030e+00
   1.3518279e+00
   1.2401824e+00
   1.0690116e+00
   9.0198506e-01
   7.1901402e-01
   4.9193049e-01
   3.1096519e-01
   1.3514493e-01
  -8.4217677e-02
  -2.9106990e-01
  -5.3070067e-01
  -8.7387644e-01
  -1.2176742e+00
  -1.6180472e+00
  -2.1695185e+00
  -2.6659253e+00
  -3.2404664e+00
  -3.7388855e+00
  -3.5620095e+00
  -1.9682676e+00
   5.3213185e-03
  -8.4601360e-01
  -2.0756551e+00
  -2.2882352e+00
  -2.0644221e+00
  -1.9032050e+00
  -1.5563123e+00
  -1.0693364e+00
  -5.2442836e-01
  -3.3535396e-01
  -4.3605281e-01
  -5.6341110e-01
  -7.5293427e-02
   5.1953312e-01
   3.0638796e-01
   3.6039980e-02
   2.9173196e-01
   2.2731107e-01
   1.0444722e-01
  -2.6371556e-02
  -1.8143637e-01
  -4.0841888e-01
  -6.4225125e-01
  -9.2213839e-01
  -1.3287256e+00
  -1.7298868e+00
  -2.1822044e+00
  -2.8319178e+00
  -3.4414605e+00
  -2.5036857e+00
  -6.4735916e-01
  -9.8543730e-02
  -2.0960123e+00
  -3.4251950e+00
  -1.9554719e+00
  -3.7824706e-01
  -3.3115311e-01
  -9.5454824e-01
  -1.3927016e+00
  -1.7593817e+00
  -1.2572910e+00
  -7.3051382e-01
  -5.5112540e-01
  -9.2092550e-02
   2.6161194e-01
   5.7730665e-01
   7.9549169e-01
   9.6962577e-01
   1.1111922e+00
   1.1807398e+00
   1.2099405e+00
   1.1784168e+00
   1.0995098e+00
   9.8487236e-01
   8.0500157e-01
   6.2763188e-01
   4.3203920e-01
   1.8695622e-01
  -1.1457266e-02
  -2.0716710e-01
  -4.5063854e-01
  -6.7171159e-01
  -9.1667041e-01
  -1.2510662e+00
  -1.5739784e+00
  -1.9394496e+00
  -2.4260346e+00
  -2.8486892e+00
  -3.3521425e+00
  -3.9365162e+00
  -3.9912250e+00
  -2.2938292e+00
  -5.0248759e-01
  -1.1387844e+00
  -2.3861369e+00
  -2.4997901e+00
  -2.1964030e+00
  -1.9471953e+00
  -1.6083344e+00
  -1.1730771e+00
  -7.7161221e-01
  -6.8262479e-01
  -7.3461156e-01
  -8.2111748e-01
  -3.6925231e-01
   4.0624052e-01
   2.2969496e-01
  -1.0853281e-01
   7.0586205e-02
   1.4716301e-02
  -1.0276040e-01
  -2.2970606e-01
  -3.8243711e-01
  -6.0493901e-01
  -8.3117651e-01
  -1.0978912e+00
  -1.4827743e+00
  -1.8590227e+00
  -2.2756411e+00
  -2.8649515e+00
  -3.4655506e+00
  -2.9142332e+00
  -1.2968390e+00
  -3.6257152e-01
  -2.0529883e+00
  -3.7907689e+00
  -2.5461773e+00
  -8.0002460e-01
  -4.9618121e-01
  -1.0763679e+00
  -1.5221480e+00
  -2.0402545e+00
  -1.5906228e+00
  -1.1876843e+00
  -1.3338249e+00
  -9.4051717e-01
  -6.5239246e-01
  -2.9463041e-01
  -2.6133950e-02
   2.0633604e-01
   4.1801218e-01
   5.3750158e-01
   6.0432656e-01
   6.0265004e-01
   5.4059266e-01
   4.3567296e-01
   2.6008319e-01
   8.2035934e-02
  -1.1710684e-01
  -3.7305086e-01
  -5.8957982e-01
  -8.1205899e-01
  -1.0909236e+00
  -1.3292439e+00
  -1.5716291e+00
  -1.8681308e+00
  -2.1261232e+00
  -2.3961410e+00
  -2.7435482e+00
  -3.0655276e+00
  -3.4541218e+00
  -4.1655821e+00
  -4.6625659e+00
  -2.8344713e+00
  -1.6993428e+00
  -1.5898504e+00
  -2.8195268e+00
  -2.8273898e+00
  -2.5679667e+00
  -2.1576721e+00
  -1.7101011e+00
  -1.4397680e+00
  -1.2755533e+00
  -1.2136660e+00
  -1.1443478e+00
  -1.0979664e+00
  -9.0106045e-01
   1.4749613e-01
   9.1252039e-02
  -2.7103113e-01
  -3.2283566e-01
  -3.6192774e-01
  -4.5991919e-01
  -5.7382494e-01
  -7.1738938e-01
  -9.2580753e-01
  -1.1308452e+00
  -1.3621424e+00
  -1.6886965e+00
  -2.0047108e+00
  -2.3474704e+00
  -2.8134345e+00
  -3.3397285e+00
  -3.4718872e+00
  -2.5086240e+00
  -9.2843042e-01
  -1.9159083e+00
  -4.3131947e+00
  -3.5239803e+00
  -1.5592370e+00
  -7.8030368e-01
  -1.2922567e+00
  -1.7829417e+00
  -2.5367403e+00
  -2.1067224e+00
  -1.9253085e+00
  -2.1433030e+00
  -1.8895549e+00
  -1.6324321e+00
  -1.2977271e+00
  -1.0130327e+00
  -7.3388760e-01
  -4.4032658e-01
  -2.3722397e-01
  -7.6824181e-02
   2.8121900e-02
   4.6268848e-02
   1.3725588e-02
  -9.1219325e-02
  -2.2596943e-01
  -3.9607909e-01
  -6.3419919e-01
  -8.4650416e-01
  -1.0669234e+00
  -1.3445636e+00
  -1.5807296e+00
  -1.8161891e+00
  -2.0999384e+00
  -2.3420406e+00
  -2.5893119e+00
  -2.8976875e+00
  -3.1734618e+00
  -3.4870897e+00
  -4.0931165e+00
  -4.7836468e+00
  -3.4440648e+00
  -2.0523173e+00
  -2.5796515e+00
  -3.3310414e+00
  -3.3153039e+00
  -2.9636964e+00
  -2.5379649e+00
  -2.0999672e+00
  -1.8609516e+00
  -1.7139162e+00
  -1.5992293e+00
  -1.4534373e+00
  -1.3045805e+00
  -1.3545067e+00
  -8.2997763e-01
  -2.6113660e-01
  -5.7638726e-01
  -5.5832072e-01
  -5.8591303e-01
  -6.4828840e-01
  -7.3789785e-01
  -8.7080238e-01
  -1.0708835e+00
  -1.2586289e+00
  -1.4569510e+00
  -1.7156469e+00
  -1.9617037e+00
  -2.2366979e+00
  -2.6023524e+00
  -2.9853370e+00
  -3.5018612e+00
  -3.4527320e+00
  -1.8023573e+00
  -2.3612352e+00
  -4.4417493e+00
  -4.2863033e+00
  -2.4995816e+00
  -1.1909481e+00
  -1.4149811e+00
  -2.1352988e+00
  -2.8493165e+00
  -2.6615133e+00
  -2.5034644e+00
  -2.5552661e+00
  -2.3771598e+00
  -2.1585826e+00
  -1.8588970e+00
  -1.5805801e+00
  -1.2854238e+00
  -9.5069959e-01
  -6.9996231e-01
  -4.8114627e-01
  -3.0315490e-01
  -2.2758789e-01
  -2.0711753e-01
  -2.5828607e-01
  -3.5791186e-01
  -5.0238012e-01
  -7.2096008e-01
  -9.2449160e-01
  -1.1394030e+00
  -1.4145075e+00
  -1.6504345e+00
  -1.8860102e+00
  -2.1721214e+00
  -2.4161127e+00
  -2.6632103e+00
  -2.9649279e+00
  -3.2239650e+00
  -3.4969410e+00
  -3.9999960e+00
  -4.6636409e+00
  -3.6623192e+00
  -2.3834835e+00
  -3.0728553e+00
  -3.6201604e+00
  -3.5731638e+00
  -3.1932734e+00
  -2.7577692e+00
  -2.3120920e+00
  -2.0774997e+00
  -1.9312942e+00
  -1.7954581e+00
  -1.6219303e+00
  -1.4346266e+00
  -1.5454529e+00
  -1.2872601e+00
  -5.4583222e-01
  -7.1928236e-01
  -6.9929255e-01
  -7.0473505e-01
  -7.3846668e-01
  -8.0632447e-01
  -9.2663091e-01
  -1.1217748e+00
  -1.3048101e+00
  -1.4936208e+00
  -1.7276803e+00
  -1.9404208e+00
  -2.1763006e+00
  -2.4842894e+00
  -2.7911764e+00
  -3.4092942e+00
  -3.7907985e+00
  -2.2893486e+00
  -2.6367338e+00
  -4.3729238e+00
  -4.5631135e+00
  -3.0108321e+00
  -1.5283482e+00
  -1.5476305e+00
  -2.2502942e+00
  -2.9837736e+00
  -2.9048182e+00
  -2.7857671e+00
  -3.0885924e+00
  -3.0199950e+00
  -2.9084453e+00
  -2.7125198e+00
  -2.4791446e+00
  -2.1826877e+00
  -1.7959535e+00
  -1.4707977e+00
  -1.1492738e+00
  -8.2959150e-01
  -6.3803262e-01
  -5.0833538e-01
  -4.4516466e-01
  -4.6647639e-01
  -5.5048642e-01
  -7.1750187e-01
  -8.9305575e-01
  -1.0896478e+00
  -1.3566702e+00
  -1.5944392e+00
  -1.8393004e+00
  -2.1506799e+00
  -2.4221478e+00
  -2.6976303e+00
  -3.0238631e+00
  -3.2782381e+00
  -3.4923145e+00
  -3.7383296e+00
  -4.0525654e+00
  -3.7140793e+00
  -3.1924080e+00
  -3.6849349e+00
  -4.0667065e+00
  -3.9309466e+00
  -3.5611899e+00
  -3.1082256e+00
  -2.6211139e+00
  -2.3633562e+00
  -2.1983703e+00
  -2.0495108e+00
  -1.8681373e+00
  -1.6654478e+00
  -1.6927302e+00
  -1.7784475e+00
  -1.1787460e+00
  -8.7289022e-01
  -9.3480547e-01
  -8.7068164e-01
  -8.4094108e-01
  -8.5708730e-01
  -9.4308670e-01
  -1.1300967e+00
  -1.3172975e+00
  -1.5120366e+00
  -1.7390379e+00
  -1.9143848e+00
  -2.0880176e+00
  -2.3047535e+00
  -2.5051863e+00
  -3.0189243e+00
  -3.8711332e+00
  -3.0257611e+00
  -3.1159895e+00
  -3.9469785e+00
  -4.6425757e+00
  -3.7547079e+00
  -2.2873442e+00
  -1.8954753e+00
  -2.2377632e+00
  -3.0960665e+00
  -3.1218414e+00
  -3.1212898e+00
  -3.1652134e+00
  -3.1718490e+00
  -3.1486435e+00
  -3.0680348e+00
  -2.9338671e+00
  -2.7195761e+00
  -2.3906235e+00
  -2.0786391e+00
  -1.7340382e+00
  -1.3421593e+00
  -1.0699724e+00
  -8.5018850e-01
  -6.7115380e-01
  -6.0331622e-01
  -6.1120849e-01
  -7.0642916e-01
  -8.4025964e-01
  -1.0064035e+00
  -1.2461966e+00
  -1.4681535e+00
  -1.7043392e+00
  -2.0155110e+00
  -2.2942362e+00
  -2.5813954e+00
  -2.9300603e+00
  -3.2185557e+00
  -3.4871396e+00
  -3.7402131e+00
  -3.9001983e+00
  -3.7621510e+00
  -3.5588568e+00
  -3.8721658e+00
  -4.1371586e+00
  -4.0419794e+00
  -3.7397683e+00
  -3.3109427e+00
  -2.7727518e+00
  -2.4657743e+00
  -2.2752820e+00
  -2.1438906e+00
  -1.9943619e+00
  -1.8023953e+00
  -1.6939300e+00
  -1.7018470e+00
  -1.3697830e+00
  -1.2038749e+00
  -1.1883583e+00
  -1.0614647e+00
  -9.5459462e-01
  -9.0559532e-01
  -9.2881176e-01
  -1.0683422e+00
  -1.2409092e+00
  -1.4419993e+00
  -1.7004764e+00
  -1.8950466e+00
  -2.0593088e+00
  -2.2179389e+00
  -2.2990273e+00
  -2.4647024e+00
  -2.8092545e+00
  -2.5635351e+00
  -2.7078327e+00
  -3.3036838e+00
  -3.7577941e+00
  -3.2085557e+00
  -2.2727637e+00
  -2.0429364e+00
  -2.2068888e+00
  -3.0074484e+00
  -3.0512995e+00
  -3.1173493e+00
  -3.1551428e+00
  -3.2059369e+00
  -3.2347507e+00
  -3.2256104e+00
  -3.1580166e+00
  -3.0052721e+00
  -2.7296880e+00
  -2.4433155e+00
  -2.1040536e+00
  -1.6870731e+00
  -1.3753530e+00
  -1.1058773e+00
  -8.5499239e-01
  -7.2592550e-01
  -6.7767143e-01
  -7.1677159e-01
  -8.1596486e-01
  -9.5546731e-01
  -1.1699191e+00
  -1.3760804e+00
  -1.6015129e+00
  -1.9063053e+00
  -2.1835376e+00
  -2.4714307e+00
  -2.8262801e+00
  -3.1286808e+00
  -3.4252627e+00
  -3.6957406e+00
  -3.7928989e+00
  -3.7598885e+00
  -3.7377805e+00
  -3.9530526e+00
  -4.1432252e+00
  -4.0650988e+00
  -3.8089625e+00
  -3.4147362e+00
  -2.8544952e+00
  -2.5066244e+00
  -2.2862394e+00
  -2.1627461e+00
  -2.0452423e+00
  -1.8785672e+00
  -1.7235967e+00
  -1.6953279e+00
  -1.5206799e+00
  -1.4306826e+00
  -1.3675461e+00
  -1.2060258e+00
  -1.0467208e+00
  -9.5155106e-01
  -9.2574171e-01
  -1.0195389e+00
  -1.1719504e+00
  -1.3693429e+00
  -1.6455331e+00
  -1.8594646e+00
  -2.0316281e+00
  -2.1801990e+00
  -2.2266077e+00
  -2.2402916e+00
  -2.3157318e+00
  -2.3426685e+00
  -2.5105269e+00
  -2.9275650e+00
  -3.1912535e+00
  -2.8253889e+00
  -2.2175990e+00
  -2.1002125e+00
  -2.1758738e+00
  -2.9008664e+00
  -2.9603661e+00
  -3.0629285e+00
  -2.9390298e+00
  -3.0331402e+00
  -3.1135998e+00
  -3.1887369e+00
  -3.2177085e+00
  -3.1752379e+00
  -3.0248903e+00
  -2.8306366e+00
  -2.5673656e+00
  -2.1904864e+00
  -1.8691804e+00
  -1.5628949e+00
  -1.2271310e+00
  -1.0046469e+00
  -8.5834779e-01
  -7.9001789e-01
  -8.1721496e-01
  -8.9772667e-01
  -1.0522550e+00
  -1.2185139e+00
  -1.4121876e+00
  -1.6872771e+00
  -1.9414913e+00
  -2.2071745e+00
  -2.5419301e+00
  -2.8350340e+00
  -3.1441098e+00
  -3.4813475e+00
  -3.6207043e+00
  -3.6434738e+00
  -3.7777885e+00
  -3.9237054e+00
  -4.0169700e+00
  -3.9302197e+00
  -3.7433650e+00
  -3.4596275e+00
  -2.9074728e+00
  -2.4745151e+00
  -2.1689001e+00
  -2.0443317e+00
  -2.0081985e+00
  -1.9375114e+00
  -1.8612122e+00
  -1.8329652e+00
  -1.8139472e+00
  -1.7750616e+00
  -1.6570796e+00
  -1.4698982e+00
  -1.2323188e+00
  -1.0621370e+00
  -9.4262060e-01
  -9.2462182e-01
  -1.0139266e+00
  -1.1798713e+00
  -1.4705830e+00
  -1.7337726e+00
  -1.9638982e+00
  -2.1926979e+00
  -2.3376110e+00
  -2.3981812e+00
  -2.3177748e+00
  -2.3149992e+00
  -2.4753380e+00
  -2.5641167e+00
  -2.4586249e+00
  -2.2149863e+00
  -1.9888638e+00
  -2.0467023e+00
  -2.0971435e+00
  -2.5918692e+00
  -2.6855970e+00
  -2.8143106e+00
  -2.6545620e+00
  -2.7631486e+00
  -2.8618192e+00
  -2.9634954e+00
  -3.0264030e+00
  -3.0355966e+00
  -2.9593218e+00
  -2.8316102e+00
  -2.6420647e+00
  -2.3456437e+00
  -2.0694034e+00
  -1.7907530e+00
  -1.4591385e+00
  -1.2083588e+00
  -1.0146008e+00
  -8.7566288e-01
  -8.4318112e-01
  -8.7059280e-01
  -9.6948996e-01
  -1.0984687e+00
  -1.2616833e+00
  -1.5059595e+00
  -1.7393825e+00
  -1.9832310e+00
  -2.2921258e+00
  -2.5617680e+00
  -2.8378029e+00
  -3.1339002e+00
  -3.2855373e+00
  -3.3650442e+00
  -3.5848179e+00
  -3.7954219e+00
  -3.8451037e+00
  -3.6266845e+00
  -3.4284427e+00
  -3.2604976e+00
  -2.8445810e+00
  -2.3774023e+00
  -1.9339151e+00
  -1.7210956e+00
  -1.7353992e+00
  -1.7384120e+00
  -1.7466241e+00
  -1.7862802e+00
  -1.8333743e+00
  -1.8446547e+00
  -1.7782690e+00
  -1.6245274e+00
  -1.3784418e+00
  -1.1732447e+00
  -1.0004950e+00
  -8.9294243e-01
  -9.0705401e-01
  -1.0108414e+00
  -1.2618368e+00
  -1.5269263e+00
  -1.7792834e+00
  -2.0440391e+00
  -2.2244127e+00
  -2.3374508e+00
  -2.3285777e+00
  -2.3199120e+00
  -2.3971084e+00
  -2.3926674e+00
  -2.2542250e+00
  -2.0476455e+00
  -1.8700948e+00
  -1.9163652e+00
  -1.9415589e+00
  -2.2799494e+00
  -2.3937457e+00
  -2.5213273e+00
  -2.4184133e+00
  -2.5342838e+00
  -2.6433157e+00
  -2.7600033e+00
  -2.8416853e+00
  -2.8814346e+00
  -2.8520821e+00
  -2.7671006e+00
  -2.6262144e+00
  -2.3882560e+00
  -2.1493646e+00
  -1.8976961e+00
  -1.5821854e+00
  -1.3242399e+00
  -1.1069667e+00
  -9.2590487e-01
  -8.5359664e-01
  -8.4306681e-01
  -9.0002673e-01
  -9.9913083e-01
  -1.1377529e+00
  -1.3554622e+00
  -1.5690135e+00
  -1.7937615e+00
  -2.0805516e+00
  -2.3323393e+00
  -2.5881685e+00
  -2.8678815e+00
  -3.0390319e+00
  -3.1565234e+00
  -3.4203217e+00
  -3.6955988e+00
  -3.7432599e+00
  -3.3829346e+00
  -3.1264700e+00
  -3.0201749e+00
  -2.7411111e+00
  -2.2884863e+00
  -1.7217282e+00
  -1.4209654e+00
  -1.4599866e+00
  -1.5209356e+00
  -1.5873108e+00
  -1.6735979e+00
  -1.7674363e+00
  -1.8276211e+00
  -1.8078106e+00
  -1.6896804e+00
  -1.4554903e+00
  -1.2385702e+00
  -1.0381922e+00
  -8.7620064e-01
  -8.3777540e-01
  -8.9148930e-01
  -1.1004451e+00
  -1.3551860e+00
  -1.6150713e+00
  -1.9002209e+00
  -2.1023943e+00
  -2.2485059e+00
  -2.2908064e+00
  -2.2809179e+00
  -2.3059586e+00
  -2.2518042e+00
  -2.0974362e+00
  -1.9249360e+00
  -1.7804228e+00
  -1.8020621e+00
  -1.8054544e+00
  -2.0417211e+00
  -2.1594900e+00
  -2.2824669e+00
  -2.0474541e+00
  -2.1657467e+00
  -2.2819918e+00
  -2.4088842e+00
  -2.5021520e+00
  -2.5664008e+00
  -2.5829968e+00
  -2.5413027e+00
  -2.4529533e+00
  -2.2909608e+00
  -2.1106219e+00
  -1.9090385e+00
  -1.6429463e+00
  -1.4048481e+00
  -1.1808995e+00
  -9.6508899e-01
  -8.4873095e-01
  -7.9029767e-01
  -7.8946735e-01
  -8.4368696e-01
  -9.4499773e-01
  -1.1190924e+00
  -1.2964503e+00
  -1.4893368e+00
  -1.7401904e+00
  -1.9670219e+00
  -2.2048733e+00
  -2.4927056e+00
  -2.7122658e+00
  -2.8720567e+00
  -3.1537198e+00
  -3.5515000e+00
  -3.6610759e+00
  -3.0157119e+00
  -2.5748565e+00
  -2.4997162e+00
  -2.4808968e+00
  -2.1329976e+00
  -1.3557955e+00
  -8.8890797e-01
  -9.3407465e-01
  -1.0798502e+00
  -1.2147396e+00
  -1.3557218e+00
  -1.5074832e+00
  -1.6583232e+00
  -1.7188082e+00
  -1.6715801e+00
  -1.4921982e+00
  -1.2899123e+00
  -1.0776943e+00
  -8.6811132e-01
  -7.6599151e-01
  -7.4395369e-01
  -8.6958922e-01
  -1.0853496e+00
  -1.3362398e+00
  -1.6354096e+00
  -1.8572747e+00
  -2.0353672e+00
  -2.1424117e+00
  -2.1375894e+00
  -2.1128348e+00
  -2.0333160e+00
  -1.8757065e+00
  -1.7630570e+00
  -1.6565621e+00
  -1.6108737e+00
  -1.5784139e+00
  -1.7069562e+00
  -1.8067906e+00
  -1.9155502e+00
  -1.6603367e+00
  -1.7733120e+00
  -1.8873864e+00
  -2.0123290e+00
  -2.1045327e+00
  -2.1744745e+00
  -2.2105652e+00
  -2.1923854e+00
  -2.1332608e+00
  -2.0166987e+00
  -1.8844395e+00
  -1.7292298e+00
  -1.5175723e+00
  -1.3175004e+00
  -1.1166177e+00
  -9.0462925e-01
  -7.7410946e-01
  -6.9171496e-01
  -6.5140096e-01
  -6.6058751e-01
  -7.1600754e-01
  -8.4049239e-01
  -9.7646681e-01
  -1.1281843e+00
  -1.3317275e+00
  -1.5196186e+00
  -1.7215472e+00
  -2.0000451e+00
  -2.2887912e+00
  -2.5741201e+00
  -2.9354937e+00
  -3.4472963e+00
  -3.6889212e+00
  -2.6327058e+00
  -1.9374635e+00
  -1.7780915e+00
  -1.9733024e+00
  -1.7900372e+00
  -8.3707718e-01
  -2.8088260e-01
  -2.9361279e-01
  -5.0697675e-01
  -7.1581500e-01
  -8.8925997e-01
  -1.0782192e+00
  -1.2914899e+00
  -1.4086921e+00
  -1.4327703e+00
  -1.3322396e+00
  -1.1734755e+00
  -9.9004655e-01
  -7.9151255e-01
  -6.7396626e-01
  -6.1462525e-01
  -6.7127612e-01
  -8.2856110e-01
  -1.0421796e+00
  -1.3278574e+00
  -1.5590062e+00
  -1.7573651e+00
  -1.9036777e+00
  -1.9196786e+00
  -1.8963537e+00
  -1.8163959e+00
  -1.6355149e+00
  -1.5049608e+00
  -1.4000808e+00
  -1.3449816e+00
  -1.3195335e+00
  -1.3892693e+00
  -1.4529407e+00
  -1.5393097e+00
  -1.3698103e+00
  -1.4784067e+00
  -1.5891587e+00
  -1.7110923e+00
  -1.8002955e+00
  -1.8700200e+00
  -1.9122870e+00
  -1.9038723e+00
  -1.8605529e+00
  -1.7683832e+00
  -1.6631547e+00
  -1.5383557e+00
  -1.3643137e+00
  -1.1929023e+00
  -1.0138048e+00
  -8.1545197e-01
  -6.8512388e-01
  -5.9433889e-01
  -5.3431741e-01
  -5.2056604e-01
  -5.4796161e-01
  -6.3980577e-01
  -7.5148814e-01
  -8.7933954e-01
  -1.0505482e+00
  -1.2103366e+00
  -1.3866928e+00
  -1.6425111e+00
  -1.9444300e+00
  -2.3031444e+00
  -2.7601913e+00
  -3.3696989e+00
  -3.6754170e+00
  -2.2576426e+00
  -1.4138089e+00
  -1.2025463e+00
  -1.5003912e+00
  -1.4744780e+00
  -4.9263892e-01
   1.3237524e-01
   1.4092847e-01
  -8.0579760e-02
  -3.2890968e-01
  -5.2103038e-01
  -7.2427536e-01
  -9.6400596e-01
  -1.1052510e+00
  -1.1681683e+00
  -1.1252914e+00
  -1.0037324e+00
  -8.4789108e-01
  -6.7415468e-01
  -5.6352515e-01
  -4.9646058e-01
  -5.2087839e-01
  -6.4154850e-01
  -8.2551900e-01
  -1.0896823e+00
  -1.3142331e+00
  -1.5159094e+00
  -1.6801760e+00
  -1.7105021e+00
  -1.6878871e+00
  -1.6064330e+00
  -1.4145855e+00
  -1.2635303e+00
  -1.1587921e+00
  -1.1082504e+00
  -1.0893928e+00
  -1.1375906e+00
  -1.1859256e+00
  -1.2578384e+00
  -1.0642141e+00
  -1.1679712e+00
  -1.2742121e+00
  -1.3920528e+00
  -1.4767781e+00
  -1.5435787e+00
  -1.5872673e+00
  -1.5843929e+00
  -1.5540201e+00
  -1.4816834e+00
  -1.3994536e+00
  -1.3040060e+00
  -1.1675876e+00
  -1.0263968e+00
  -8.7290071e-01
  -6.9535415e-01
  -5.7172285e-01
  -4.7787027e-01
  -4.0307671e-01
  -3.7171613e-01
  -3.7348507e-01
  -4.3375132e-01
  -5.2394300e-01
  -6.3091087e-01
  -7.7001146e-01
  -9.0091278e-01
  -1.0512027e+00
  -1.2737559e+00
  -1.5662692e+00
  -1.9896719e+00
  -2.5688764e+00
  -3.2884405e+00
  -3.6405612e+00
  -1.8105250e+00
  -8.3579871e-01
  -5.7675193e-01
  -9.4774142e-01
  -1.1076300e+00
  -1.5725960e-01
   5.4122189e-01
   5.7032579e-01
   3.6581148e-01
   8.5549765e-02
  -1.2280138e-01
  -3.3289058e-01
  -5.8821135e-01
  -7.4362726e-01
  -8.3858880e-01
  -8.5544171e-01
  -7.7574476e-01
  -6.5251298e-01
  -5.1476863e-01
  -4.2251663e-01
  -3.5949710e-01
  -3.6173914e-01
  -4.4825942e-01
  -6.0003780e-01
  -8.3473390e-01
  -1.0442013e+00
  -1.2422282e+00
  -1.4184669e+00
  -1.4630796e+00
  -1.4409933e+00
  -1.3572648e+00
  -1.1577830e+00
  -9.8092275e-01
  -8.7569118e-01
  -8.3691913e-01
  -8.2579137e-01
  -8.6489789e-01
  -9.0418661e-01
  -9.6230253e-01
  -5.1838574e-01
  -6.1614748e-01
  -7.1471746e-01
  -8.2520146e-01
  -9.0254569e-01
  -9.6314356e-01
  -1.0071000e+00
  -1.0121872e+00
  -9.9390252e-01
  -9.4435246e-01
  -8.8786323e-01
  -8.2605256e-01
  -7.4260260e-01
  -6.4832090e-01
  -5.3771697e-01
  -4.0154478e-01
  -3.0504260e-01
  -2.2921071e-01
  -1.6121098e-01
  -1.2985250e-01
  -1.2006724e-01
  -1.4769691e-01
  -2.0753240e-01
  -2.8600766e-01
  -3.8355021e-01
  -4.7147216e-01
  -5.7925524e-01
  -7.4449687e-01
  -9.5527041e-01
  -1.3206986e+00
  -2.0494994e+00
  -2.9974321e+00
  -3.2383629e+00
  -9.4253086e-01
  -7.4222714e-03
   2.6729539e-01
  -1.3514788e-01
  -3.8816166e-01
   1.3308941e-01
   1.0223329e+00
   9.4751344e-01
   7.9889947e-01
   5.2269295e-01
   3.0867819e-01
   1.2240858e-01
  -9.3446869e-02
  -1.8290994e-01
  -1.8512676e-01
  -1.9332380e-01
  -1.8727695e-01
  -1.4821144e-01
  -9.2487416e-02
  -6.0420874e-02
  -3.9563430e-02
  -5.6894829e-02
  -1.2489581e-01
  -2.4802534e-01
  -4.4011330e-01
  -6.0658109e-01
  -7.6168258e-01
  -9.0787221e-01
  -9.6220532e-01
  -9.5425905e-01
  -8.8314105e-01
  -6.9367720e-01
  -4.7744092e-01
  -3.6378872e-01
  -3.3999566e-01
  -3.1268279e-01
  -3.2623709e-01
  -3.6320844e-01
  -4.2503402e-01
  -1.1932422e-01
  -2.1145411e-01
  -3.0469211e-01
  -4.0792150e-01
  -4.7878161e-01
  -5.3374548e-01
  -5.7437687e-01
  -5.8354438e-01
  -5.7232295e-01
  -5.3386743e-01
  -4.9356142e-01
  -4.4926402e-01
  -3.9462425e-01
  -3.3510007e-01
  -2.5944734e-01
  -1.5716519e-01
  -8.6553451e-02
  -3.2318183e-02
   2.0380805e-02
   4.5346051e-02
   5.2141587e-02
   3.6888770e-02
   7.8141017e-04
  -4.9534890e-02
  -1.1266241e-01
  -1.7008872e-01
  -2.4308384e-01
  -3.6746199e-01
  -5.3452304e-01
  -8.2499626e-01
  -1.5101039e+00
  -2.2972961e+00
  -2.2554068e+00
  -1.0248655e+00
   9.1261465e-02
   8.6998626e-01
   3.3293259e-01
   2.5844911e-02
   5.4623699e-01
   9.3987679e-01
   8.0681195e-01
   7.7167978e-01
   5.4891411e-01
   3.4434131e-01
   1.8134697e-01
  -2.3381631e-02
  -8.9415847e-02
   5.5737369e-02
   2.3167323e-01
   2.8550608e-01
   2.9215853e-01
   2.9243454e-01
   2.7868686e-01
   2.5434416e-01
   2.0143753e-01
   1.2472028e-01
   4.2162246e-03
  -1.7656025e-01
  -3.2774407e-01
  -4.6110904e-01
  -5.6821009e-01
  -5.9300272e-01
  -5.6269663e-01
  -4.8016014e-01
  -3.0851008e-01
  -9.0265382e-02
   3.6748810e-02
   3.5779138e-02
   2.6203271e-02
   4.4942966e-02
   3.4964687e-02
  -2.7499414e-02
   3.0478614e-01
   2.2007928e-01
   1.3319820e-01
   3.9567290e-02
  -2.2967489e-02
  -7.1162482e-02
  -1.0652094e-01
  -1.1606589e-01
  -1.0895238e-01
  -7.8919989e-02
  -5.3436056e-02
  -2.8165425e-02
  -9.2281584e-04
   2.4804934e-02
   6.2395423e-02
   1.2354749e-01
   1.6524510e-01
   1.9464629e-01
   2.2532642e-01
   2.4096325e-01
   2.4422408e-01
   2.3797006e-01
   2.2368061e-01
   2.0269125e-01
   1.7835611e-01
   1.5375822e-01
   1.1892608e-01
   4.4446864e-02
  -7.3574563e-02
  -2.8767376e-01
  -8.9039710e-01
  -1.5672902e+00
  -1.2838187e+00
  -8.5742760e-01
  -1.1310396e-01
   7.5882421e-01
   5.2364335e-01
   2.5259525e-01
   7.2314744e-01
   8.2948842e-01
   5.9462386e-01
   5.8872758e-01
   4.5574210e-01
   2.7547990e-01
   1.4477495e-01
  -3.6416875e-02
  -1.4348638e-01
   8.5920186e-02
   4.8871660e-01
   6.6154962e-01
   6.9182644e-01
   6.7137036e-01
   6.3289553e-01
   5.7812028e-01
   4.9389730e-01
   4.0468149e-01
   2.8449299e-01
   1.1557977e-01
  -2.1722809e-02
  -1.4010276e-01
  -2.2267928e-01
  -2.2694669e-01
  -1.7558794e-01
  -6.9459089e-02
   9.5788403e-02
   3.1210124e-01
   4.5992155e-01
   4.5972695e-01
   4.0907359e-01
   4.1996091e-01
   4.4451505e-01
   3.9323693e-01
   7.5003456e-01
   6.7433367e-01
   5.9520827e-01
   5.1390778e-01
   4.6181717e-01
   4.2226774e-01
   3.9473248e-01
   3.8944772e-01
   3.9650546e-01
   4.2183305e-01
   4.3512341e-01
   4.4078642e-01
   4.4331034e-01
   4.3744242e-01
   4.3502227e-01
   4.4748673e-01
   4.5690139e-01
   4.5805890e-01
   4.5834978e-01
   4.6041753e-01
   4.5866186e-01
   4.5634729e-01
   4.6028671e-01
   4.6760270e-01
   4.8470902e-01
   4.9445884e-01
   5.0061245e-01
   4.8605291e-01
   4.2451640e-01
   2.9023678e-01
  -1.8213055e-01
  -7.9206637e-01
  -3.6027797e-01
  -3.2736008e-01
  -4.7677148e-01
  -8.2730873e-03
   4.4073291e-01
   2.6959576e-01
   5.8610052e-01
   6.5940056e-01
   3.0382136e-01
   2.3348597e-01
   2.3241789e-01
   1.0380516e-01
   1.9606524e-02
  -1.1273923e-01
  -3.2744875e-01
  -1.1896899e-01
   5.1771283e-01
   8.8524368e-01
   1.0106026e+00
   1.0173172e+00
   9.8281339e-01
   9.1859537e-01
   8.1256380e-01
   7.0958437e-01
   5.8860267e-01
   4.3305187e-01
   3.0841559e-01
   1.9867656e-01
   1.2516367e-01
   1.3057162e-01
   1.9873118e-01
   3.3711838e-01
   5.0727063e-01
   7.1691939e-01
   8.9282029e-01
   9.2365264e-01
   8.3591231e-01
   7.9623697e-01
   8.5908078e-01
   8.3254143e-01
   1.2516730e+00
   1.1837762e+00
   1.1171071e+00
   1.0530221e+00
   1.0151494e+00
   9.9260118e-01
   9.7899715e-01
   9.8482159e-01
   9.9974921e-01
   1.0268601e+00
   1.0357426e+00
   1.0269403e+00
   1.0092217e+00
   9.7459576e-01
   9.3559708e-01
   8.8996386e-01
   8.5803628e-01
   8.2477637e-01
   7.7679608e-01
   7.5182547e-01
   7.3526485e-01
   7.2474640e-01
   7.3723214e-01
   7.5824351e-01
   8.0722914e-01
   8.5043679e-01
   9.0000657e-01
   9.6252488e-01
   9.8777306e-01
   9.7215478e-01
   7.1930428e-01
   3.0507228e-01
   4.6165807e-01
   1.2038917e+00
   7.0129653e-01
   1.9534213e-01
   6.1139871e-01
   2.3740007e-01
  -1.2594200e-01
   1.6554029e-01
  -6.8854174e-02
  -2.3783914e-01
  -4.8699231e-02
  -5.8505453e-03
   1.0488842e-02
   5.2299194e-02
  -2.6281956e-01
  -4.2849821e-01
   1.2441512e-01
   7.1855799e-01
   1.0627716e+00
   1.1998614e+00
   1.2249541e+00
   1.1956111e+00
   1.1086397e+00
   1.0156632e+00
   9.0716153e-01
   7.7701998e-01
   6.7133812e-01
   5.8219824e-01
   5.2408250e-01
   5.3190429e-01
   5.9418689e-01
   7.2914814e-01
   8.9464128e-01
   1.0917239e+00
   1.2949402e+00
   1.3878953e+00
   1.3352856e+00
   1.2420498e+00
   1.3104369e+00
   1.3213768e+00
   1.6261056e+00
   1.5644145e+00
   1.5103911e+00
   1.4593914e+00
   1.4304772e+00
   1.4251157e+00
   1.4206840e+00
   1.4381181e+00
   1.4648581e+00
   1.4981694e+00
   1.5140217e+00
   1.5070320e+00
   1.4859587e+00
   1.4387699e+00
   1.3789580e+00
   1.2945642e+00
   1.2266731e+00
   1.1644352e+00
   1.0763864e+00
   1.0224079e+00
   9.8034881e-01
   9.4536432e-01
   9.5212273e-01
   9.6259782e-01
   1.0134202e+00
   1.0652404e+00
   1.1254402e+00
   1.2355534e+00
   1.3120350e+00
   1.3937462e+00
   1.3463776e+00
   1.2453281e+00
   1.2292887e+00
   1.7072158e+00
   1.6273125e+00
   1.1607792e+00
   6.7410209e-01
   3.8141175e-01
   1.4231284e-01
  -1.2426649e-01
  -1.1771323e-01
  -1.1794363e-01
   1.0776148e-01
   2.7636326e-01
   3.6264486e-01
   5.0671079e-01
   3.0376797e-01
  -2.1944970e-02
   2.0975595e-01
   6.9948126e-01
   1.0794697e+00
   1.2885084e+00
   1.3571721e+00
   1.3641563e+00
   1.2973179e+00
   1.2090597e+00
   1.0977600e+00
   9.7452725e-01
   8.7495514e-01
   7.9901343e-01
   7.6460668e-01
   7.8461849e-01
   8.5496521e-01
   9.8504428e-01
   1.1383076e+00
   1.3208808e+00
   1.5378389e+00
   1.6734049e+00
   1.6635293e+00
   1.5663811e+00
   1.6310065e+00
   1.6708926e+00
   1.8516476e+00
   1.7994887e+00
   1.7534753e+00
   1.7186961e+00
   1.7016962e+00
   1.7045812e+00
   1.7169988e+00
   1.7386763e+00
   1.7711642e+00
   1.8113965e+00
   1.8358702e+00
   1.8370444e+00
   1.8191601e+00
   1.7716335e+00
   1.7043819e+00
   1.5957076e+00
   1.5020087e+00
   1.4107044e+00
   1.2952693e+00
   1.2141627e+00
   1.1425977e+00
   1.0866984e+00
   1.0747517e+00
   1.0758886e+00
   1.1071558e+00
   1.1582662e+00
   1.2285707e+00
   1.3467128e+00
   1.4618407e+00
   1.5819204e+00
   1.7021764e+00
   1.7919953e+00
   1.8787859e+00
   2.0835090e+00
   2.0412026e+00
   1.5855167e+00
   9.7735718e-01
   6.5050299e-01
   3.2525846e-01
  -2.1001876e-02
   3.4207098e-02
   7.9369849e-02
   2.1894549e-01
   3.6117633e-01
   4.8268307e-01
   6.2472578e-01
   5.3733586e-01
   2.4920691e-01
   3.3079517e-01
   7.0354692e-01
   1.0347237e+00
   1.2682809e+00
   1.3567418e+00
   1.3866414e+00
   1.3439967e+00
   1.2686386e+00
   1.1697914e+00
   1.0502063e+00
   9.5889182e-01
   8.9453385e-01
   8.7339461e-01
   9.0489267e-01
   9.8971771e-01
   1.1319138e+00
   1.2889086e+00
   1.4646736e+00
   1.6999725e+00
   1.8529351e+00
   1.8626976e+00
   1.7638084e+00
   1.8195468e+00
   1.8817904e+00
   1.9574209e+00
   1.9137719e+00
   1.8730305e+00
   1.8459090e+00
   1.8388036e+00
   1.8481267e+00
   1.8761062e+00
   1.9063895e+00
   1.9436208e+00
   1.9901497e+00
   2.0239011e+00
   2.0345317e+00
   2.0220994e+00
   1.9788188e+00
   1.9094641e+00
   1.7909078e+00
   1.6793400e+00
   1.5628177e+00
   1.4228220e+00
   1.3139131e+00
   1.2161002e+00
   1.1292882e+00
   1.0974710e+00
   1.0833438e+00
   1.0963644e+00
   1.1349255e+00
   1.2050204e+00
   1.3272812e+00
   1.4653138e+00
   1.6117399e+00
   1.8321921e+00
   2.0359676e+00
   2.2533610e+00
   2.4209680e+00
   2.4584555e+00
   2.1020971e+00
   1.4742560e+00
   1.0206653e+00
   6.1825874e-01
   3.0376189e-01
   2.4716792e-01
   2.0689650e-01
   2.1309862e-01
   3.0221417e-01
   4.3606620e-01
   5.7982520e-01
   5.8552535e-01
   4.1290605e-01
   4.5383975e-01
   7.2544719e-01
   9.9216659e-01
   1.2141320e+00
   1.3175755e+00
   1.3606213e+00
   1.3389558e+00
   1.2743671e+00
   1.1893978e+00
   1.0769935e+00
   9.9356864e-01
   9.3696560e-01
   9.2627927e-01
   9.6384920e-01
   1.0509372e+00
   1.1976685e+00
   1.3500176e+00
   1.5172706e+00
   1.7523540e+00
   1.9077446e+00
   1.9298790e+00
   1.8394494e+00
   1.8918062e+00
   1.9701689e+00
   1.9033895e+00
   1.8742060e+00
   1.8440378e+00
   1.8239319e+00
   1.8263193e+00
   1.8443822e+00
   1.8841744e+00
   1.9252307e+00
   1.9696895e+00
   2.0223237e+00
   2.0632212e+00
   2.0830581e+00
   2.0768339e+00
   2.0404175e+00
   1.9734699e+00
   1.8529503e+00
   1.7285164e+00
   1.5954960e+00
   1.4352261e+00
   1.3030071e+00
   1.1817026e+00
   1.0620819e+00
   1.0071440e+00
   9.7671539e-01
   9.7347517e-01
   9.9570517e-01
   1.0545138e+00
   1.1793282e+00
   1.3249325e+00
   1.4909712e+00
   1.7505733e+00
   2.0016134e+00
   2.2800600e+00
   2.5338743e+00
   2.6718937e+00
   2.5231684e+00
   2.0287181e+00
   1.5578224e+00
   1.1220093e+00
   7.3257003e-01
   4.9609159e-01
   3.1151095e-01
   1.7761084e-01
   1.9337666e-01
   2.8884676e-01
   4.2604974e-01
   4.8750233e-01
   4.4463345e-01
   5.1298639e-01
   7.1524356e-01
   9.2311906e-01
   1.1152189e+00
   1.2237682e+00
   1.2744088e+00
   1.2624436e+00
   1.2063046e+00
   1.1295326e+00
   1.0263638e+00
   9.4497401e-01
   8.8954360e-01
   8.8101480e-01
   9.1862441e-01
   9.9468343e-01
   1.1313754e+00
   1.2719383e+00
   1.4320157e+00
   1.6543389e+00
   1.8040135e+00
   1.8366998e+00
   1.7599988e+00
   1.8072491e+00
   1.8928766e+00
   1.6952799e+00
   1.6849108e+00
   1.6701782e+00
   1.6620999e+00
   1.6745129e+00
   1.7024377e+00
   1.7492203e+00
   1.7968228e+00
   1.8519795e+00
   1.9148816e+00
   1.9597165e+00
   1.9872240e+00
   1.9868279e+00
   1.9566888e+00
   1.8956585e+00
   1.7739514e+00
   1.6393267e+00
   1.4986032e+00
   1.3282513e+00
   1.1817432e+00
   1.0412448e+00
   8.9644392e-01
   8.1608039e-01
   7.7085322e-01
   7.5173713e-01
   7.6390106e-01
   8.1122759e-01
   9.3103136e-01
   1.0749092e+00
   1.2477460e+00
   1.5145236e+00
   1.7721758e+00
   2.0470979e+00
   2.3320298e+00
   2.4993795e+00
   2.5307981e+00
   2.3012199e+00
   1.9670041e+00
   1.5613832e+00
   1.0752514e+00
   7.2487048e-01
   4.3079179e-01
   1.8388194e-01
   1.0288362e-01
   1.0555115e-01
   1.8318771e-01
   2.5260290e-01
   2.9230750e-01
   3.9714332e-01
   5.5681879e-01
   7.2156890e-01
   8.8702136e-01
   9.9116142e-01
   1.0461448e+00
   1.0403221e+00
   9.9567460e-01
   9.2663177e-01
   8.2994006e-01
   7.4708018e-01
   6.9222439e-01
   6.7883106e-01
   7.1353562e-01
   7.7751881e-01
   8.9715460e-01
   1.0274317e+00
   1.1840547e+00
   1.3929615e+00
   1.5314240e+00
   1.5805558e+00
   1.5412554e+00
   1.5847130e+00
   1.6674873e+00
   1.3690556e+00
   1.3733569e+00
   1.3746873e+00
   1.3803373e+00
   1.4002092e+00
   1.4326564e+00
   1.4814545e+00
   1.5285570e+00
   1.5894048e+00
   1.6636419e+00
   1.7127385e+00
   1.7460820e+00
   1.7520109e+00
   1.7276013e+00
   1.6738709e+00
   1.5578213e+00
   1.4200810e+00
   1.2745115e+00
   1.1015427e+00
   9.4958082e-01
   8.0023177e-01
   6.4060657e-01
   5.4408951e-01
   4.8282922e-01
   4.5066163e-01
   4.6111277e-01
   5.0660983e-01
   6.1706507e-01
   7.5283152e-01
   9.2062540e-01
   1.1751434e+00
   1.4224357e+00
   1.6794328e+00
   1.9612800e+00
   2.1348316e+00
   2.2194511e+00
   2.1388487e+00
   1.9256320e+00
   1.6261016e+00
   1.2052074e+00
   8.4522897e-01
   5.0872249e-01
   1.9698388e-01
   3.4208330e-02
  -5.6724366e-02
  -7.6002987e-02
  -5.0946847e-02
  -5.7330313e-03
   9.9044919e-02
   2.2509590e-01
   3.6005350e-01
   5.0221947e-01
   5.9820083e-01
   6.5051062e-01
   6.5565301e-01
   6.2578950e-01
   5.7122984e-01
   4.8345525e-01
   4.0741442e-01
   3.5964842e-01
   3.4117754e-01
   3.6739655e-01
   4.2133423e-01
   5.2218471e-01
   6.4371428e-01
   7.9453007e-01
   9.8550227e-01
   1.1033234e+00
   1.1675056e+00
   1.1996619e+00
   1.2579957e+00
   1.3349109e+00
   9.2153051e-01
   9.4213098e-01
   9.6720419e-01
   9.9522418e-01
   1.0189708e+00
   1.0511394e+00
   1.0972251e+00
   1.1396228e+00
   1.1957728e+00
   1.2722354e+00
   1.3260613e+00
   1.3622284e+00
   1.3730862e+00
   1.3535510e+00
   1.3086537e+00
   1.2130942e+00
   1.0882682e+00
   9.4134572e-01
   7.6773848e-01
   6.2235363e-01
   4.7299441e-01
   3.1125736e-01
   2.1174194e-01
   1.3930933e-01
   9.5391651e-02
   1.0671770e-01
   1.5638738e-01
   2.6268905e-01
   3.8769472e-01
   5.4398174e-01
   7.7591447e-01
   1.0014403e+00
   1.2412373e+00
   1.5129895e+00
   1.6851287e+00
   1.7901632e+00
   1.7983080e+00
   1.6912450e+00
   1.5011390e+00
   1.1814516e+00
   8.7077372e-01
   5.6282992e-01
   2.3937291e-01
   2.9660461e-02
  -1.2517666e-01
  -2.4272950e-01
  -2.8879804e-01
  -2.8834345e-01
  -2.2946730e-01
  -1.4372113e-01
  -4.6945021e-02
   6.1981844e-02
   1.3753591e-01
   1.8119288e-01
   1.8973926e-01
   1.6765984e-01
   1.2589817e-01
   5.6096200e-02
  -9.9173156e-04
  -3.8685188e-02
  -6.3195415e-02
  -5.3821495e-02
  -1.8635599e-02
   6.1232665e-02
   1.6998514e-01
   3.0506545e-01
   4.6471010e-01
   5.5259456e-01
   6.1291363e-01
   7.0395572e-01
   7.9330007e-01
   8.7339798e-01
   4.1179688e-01
   4.5152757e-01
   5.0218675e-01
   5.5650795e-01
   5.8862523e-01
   6.2439432e-01
   6.6536464e-01
   7.0227013e-01
   7.5209398e-01
   8.2198628e-01
   8.7474852e-01
   9.0811474e-01
   9.1537159e-01
   8.9556879e-01
   8.5719130e-01
   7.8578785e-01
   6.8583323e-01
   5.5408909e-01
   3.9838105e-01
   2.7112634e-01
   1.3416068e-01
  -1.5903544e-02
  -1.0822001e-01
  -1.7572964e-01
  -2.2147781e-01
  -2.1722004e-01
  -1.7014531e-01
  -6.4727700e-02
   5.1947407e-02
   1.9316004e-01
   3.9996596e-01
   6.0141540e-01
   8.2014482e-01
   1.0742434e+00
   1.2408267e+00
   1.3552007e+00
   1.4089194e+00
   1.3759644e+00
   1.2740410e+00
   1.0525228e+00
   8.1499473e-01
   5.6713737e-01
   2.7117207e-01
   4.6036352e-02
  -1.5079853e-01
  -3.4668618e-01
  -4.5666141e-01
  -5.1300696e-01
  -5.1852804e-01
  -4.8239647e-01
  -4.2665005e-01
  -3.5388655e-01
  -3.0408638e-01
  -2.7278585e-01
  -2.6512667e-01
  -2.8382754e-01
  -3.1592206e-01
  -3.6251022e-01
  -3.9840001e-01
  -4.2537377e-01
  -4.5006887e-01
  -4.5712134e-01
  -4.4305902e-01
  -3.8147692e-01
  -2.9241098e-01
  -1.8480151e-01
  -6.7724104e-02
  -1.2402441e-02
   3.7523682e-02
   1.5427065e-01
   2.6498285e-01
   3.4968248e-01
  -8.0199008e-02
  -2.8152307e-02
   3.1935080e-02
   1.0088892e-01
   1.5241393e-01
   2.0048158e-01
   2.4355694e-01
   2.7508334e-01
   3.1845415e-01
   3.8054662e-01
   4.2424115e-01
   4.5062993e-01
   4.5398300e-01
   4.3636308e-01
   4.0715376e-01
   3.5715447e-01
   2.8920873e-01
   1.9716797e-01
   8.2465490e-02
  -1.0599646e-02
  -1.0987255e-01
  -2.2518564e-01
  -2.9994898e-01
  -3.5089850e-01
  -3.8524562e-01
  -3.9138422e-01
  -3.6380473e-01
  -2.8059110e-01
  -1.8434294e-01
  -6.7674509e-02
   1.0753044e-01
   2.7737996e-01
   4.5815943e-01
   6.6950911e-01
   8.1601409e-01
   9.2556841e-01
   9.9389871e-01
   9.9121800e-01
   9.3754384e-01
   8.0330964e-01
   6.4276765e-01
   4.5624769e-01
   2.1222139e-01
   8.7175552e-03
  -1.8284476e-01
  -3.8820013e-01
  -5.2203292e-01
  -6.1193002e-01
  -6.7076302e-01
  -6.8683508e-01
  -6.7259503e-01
  -6.3159981e-01
  -6.0482367e-01
  -5.9166223e-01
  -5.8730114e-01
  -5.9762054e-01
  -6.1789558e-01
  -6.4293036e-01
  -6.6485286e-01
  -6.8426401e-01
  -7.0562465e-01
  -7.2673425e-01
  -7.3247978e-01
  -6.9484976e-01
  -6.3713344e-01
  -5.6965538e-01
  -4.9977726e-01
  -4.6859419e-01
  -4.2471252e-01
  -3.1298834e-01
  -2.1168278e-01
  -1.3971861e-01
  -4.8568169e-01
  -4.3992814e-01
  -3.8736675e-01
  -3.1839135e-01
  -2.5484807e-01
  -1.9536537e-01
  -1.4470514e-01
  -1.1326380e-01
  -7.6152246e-02
  -2.3449388e-02
   1.3088490e-02
   3.7456509e-02
   5.1501050e-02
   4.9852923e-02
   3.8946581e-02
   1.6318017e-02
  -1.6516887e-02
  -6.4640301e-02
  -1.2742774e-01
  -1.7708078e-01
  -2.3087803e-01
  -3.0631983e-01
  -3.6589135e-01
  -4.0744196e-01
  -4.3386850e-01
  -4.4221624e-01
  -4.3229895e-01
  -3.8641273e-01
  -3.2687419e-01
  -2.5272855e-01
  -1.3513173e-01
  -1.4804811e-02
   1.1124675e-01
   2.5236179e-01
   3.5543721e-01
   4.4218374e-01
   5.1052561e-01
   5.2942943e-01
   5.1920966e-01
   4.7120228e-01
   3.9509946e-01
   2.9034798e-01
   1.3694132e-01
  -2.5238586e-03
  -1.4438611e-01
  -3.0891539e-01
  -4.3253964e-01
  -5.3505032e-01
  -6.3092105e-01
  -6.9193553e-01
  -7.2650981e-01
  -7.3402988e-01
  -7.3340227e-01
  -7.3753351e-01
  -7.4477269e-01
  -7.5191975e-01
  -7.6146191e-01
  -7.7667424e-01
  -7.9323219e-01
  -8.1004042e-01
  -8.3207262e-01
  -8.5386274e-01
  -8.6737180e-01
  -8.6181237e-01
  -8.4422139e-01
  -8.1956674e-01
  -7.9336859e-01
  -7.7973550e-01
  -7.4685594e-01
  -6.5889549e-01
  -5.8037403e-01
  -5.2984364e-01
  -6.1246363e-01
  -5.8407812e-01
  -5.4711311e-01
  -4.9453437e-01
  -4.4680190e-01
  -3.9877636e-01
  -3.4927514e-01
  -3.1742489e-01
  -2.8967181e-01
  -2.5770900e-01
  -2.3307683e-01
  -2.1177579e-01
  -1.9234172e-01
  -1.8350101e-01
  -1.8338931e-01
  -1.9443066e-01
  -2.0863609e-01
  -2.2497038e-01
  -2.4590426e-01
  -2.6637488e-01
  -2.9443592e-01
  -3.3996102e-01
  -3.7978653e-01
  -4.1331776e-01
  -4.4129045e-01
  -4.5278746e-01
  -4.4994084e-01
  -4.2106103e-01
  -3.7749799e-01
  -3.2172755e-01
  -2.3972491e-01
  -1.5967516e-01
  -7.5917794e-02
   2.0429159e-02
   9.5255922e-02
   1.6387385e-01
   2.2898535e-01
   2.6483226e-01
   2.8336474e-01
   2.7520734e-01
   2.3841585e-01
   1.7724960e-01
   7.9552036e-02
  -1.4131659e-02
  -1.1515985e-01
  -2.4192005e-01
  -3.4661738e-01
  -4.4415341e-01
  -5.4505662e-01
  -6.1412982e-01
  -6.6772395e-01
  -7.0936193e-01
  -7.3201368e-01
  -7.5070991e-01
  -7.6804693e-01
  -7.7757014e-01
  -7.8508624e-01
  -7.9443221e-01
  -8.0583364e-01
  -8.1976824e-01
  -8.3657447e-01
  -8.4871692e-01
  -8.6039717e-01
  -8.7021733e-01
  -8.6777794e-01
  -8.5891932e-01
  -8.5188416e-01
  -8.4326953e-01
  -8.1395634e-01
  -7.4617286e-01
  -6.8556956e-01
  -6.4360514e-01
  -6.2595331e-01
  -6.0049156e-01
  -5.7705606e-01
  -5.4865551e-01
  -5.2422905e-01
  -4.9886023e-01
  -4.6756254e-01
  -4.4306396e-01
  -4.2044296e-01
  -3.9630273e-01
  -3.7835950e-01
  -3.6235526e-01
  -3.4637197e-01
  -3.3622484e-01
  -3.2926292e-01
  -3.2308903e-01
  -3.1748245e-01
  -3.1103439e-01
  -3.0722066e-01
  -3.1147902e-01
  -3.2238742e-01
  -3.4013042e-01
  -3.5376360e-01
  -3.6471306e-01
  -3.7434230e-01
  -3.7728473e-01
  -3.7243153e-01
  -3.5146850e-01
  -3.2107311e-01
  -2.8030890e-01
  -2.2213107e-01
  -1.7048776e-01
  -1.1911742e-01
  -5.7542843e-02
  -6.4415641e-03
   4.1219510e-02
   8.8205991e-02
   1.1486187e-01
   1.2845038e-01
   1.2500679e-01
   1.0550975e-01
   7.3237964e-02
   2.2010360e-02
  -2.7140588e-02
  -8.2914188e-02
  -1.6212034e-01
  -2.3674810e-01
  -3.1463098e-01
  -4.0520499e-01
  -4.7275942e-01
  -5.3035100e-01
  -5.8404792e-01
  -6.1654480e-01
  -6.4126165e-01
  -6.6425662e-01
  -6.8000502e-01
  -6.9470962e-01
  -7.1166640e-01
  -7.2634197e-01
  -7.4085316e-01
  -7.5830708e-01
  -7.7258807e-01
  -7.8495841e-01
  -7.9353990e-01
  -7.9594036e-01
  -7.9939837e-01
  -8.0852058e-01
  -8.1147767e-01
  -7.9886676e-01
  -7.5711398e-01
  -7.1024167e-01
  -6.6606444e-01
  -5.4079788e-01
  -5.1913569e-01
  -4.9836341e-01
  -4.7597612e-01
  -4.5938990e-01
  -4.4332664e-01
  -4.2327283e-01
  -4.0560730e-01
  -3.8711515e-01
  -3.6423350e-01
  -3.4523669e-01
  -3.2662611e-01
  -3.0488339e-01
  -2.8748711e-01
  -2.7021583e-01
  -2.4929848e-01
  -2.3226311e-01
  -2.1650234e-01
  -2.0015264e-01
  -1.8872708e-01
  -1.7868737e-01
  -1.6773894e-01
  -1.5837577e-01
  -1.4801027e-01
  -1.3440196e-01
  -1.2187464e-01
  -1.0768560e-01
  -8.7927855e-02
  -6.9090331e-02
  -4.8188611e-02
  -2.0895446e-02
   3.1102746e-03
   2.7474507e-02
   5.6439889e-02
   7.8934477e-02
   9.8513848e-02
   1.1631456e-01
   1.2554858e-01
   1.2931599e-01
   1.2609270e-01
   1.1712675e-01
   1.0303357e-01
   7.9648823e-02
   5.5515914e-02
   2.7867917e-02
  -1.0128371e-02
  -4.5574274e-02
  -8.3839911e-02
  -1.3234492e-01
  -1.7307920e-01
  -2.1225445e-01
  -2.5560631e-01
  -2.8823809e-01
  -3.1815076e-01
  -3.5145871e-01
  -3.7767426e-01
  -4.0238216e-01
  -4.3041687e-01
  -4.5276280e-01
  -4.7427717e-01
  -4.9792071e-01
  -5.1480307e-01
  -5.2876377e-01
  -5.4203128e-01
  -5.5152267e-01
  -5.6132554e-01
  -5.7387677e-01
  -5.8353371e-01
  -5.8990499e-01
  -5.8929181e-01
  -5.8032581e-01
  -5.6482017e-01
