   1.6077784e-01
  -1.1518978e-01
  -2.1029468e-01
  -2.9953808e-01
  -3.0419207e-01
   1.2444708e-01
   4.4737941e-01
   8.4270525e-01
   1.0184486e+00
   9.5482659e-01
   8.2833964e-01
   6.9068686e-01
   6.0037529e-01
   3.4398842e-01
   9.5157076e-02
  -1.1821812e-01
  -2.9594123e-01
  -4.0613009e-01
  -5.0055128e-01
  -6.1149812e-01
  -6.7021618e-01
  -6.6546738e-01
  -7.1653461e-01
  -7.4494568e-01
  -7.1209222e-01
  -6.2147212e-01
  -5.8015661e-01
  -6.1186290e-01
  -6.8648708e-01
  -7.4487862e-01
  -8.5915536e-01
  -9.5183426e-01
  -9.6767837e-01
  -9.4843769e-01
  -7.7338451e-01
  -5.2513218e-01
  -1.9879884e-01
   2.6713011e-01
   5.6233644e-01
   5.5098426e-01
   2.0460719e-01
   4.4153588e-02
  -1.7135018e-01
  -3.5652614e-01
  -4.2220066e-01
  -4.6956897e-01
  -5.6595391e-01
  -7.3564813e-01
  -8.3538914e-01
  -7.6996380e-01
  -5.7010429e-01
  -3.1320956e-01
  -9.3552694e-02
  -5.3476052e-02
  -1.1268044e-01
  -1.9970462e-01
  -1.8387867e-01
  -6.2195484e-02
   1.5643786e-01
   2.8514543e-01
   2.7703649e-01
   7.0873402e-02
  -1.7212195e-01
  -3.8848844e-01
  -5.9950781e-01
  -7.3533502e-01
  -6.7665350e-01
  -1.6736381e-02
   3.6332788e-01
   4.0621114e-01
   5.7001394e-01
   4.0445043e-01
   8.1413704e-01
   1.4089903e-01
  -6.4885557e-01
  -1.7801360e+00
  -1.2154258e+00
   3.5810217e-01
   6.6164023e-01
   4.0173803e-02
  -3.5479578e-01
  -1.1038044e-01
   6.2449968e-01
   9.1928875e-01
   1.0044538e+00
   7.6227480e-01
   7.3047894e-01
   8.5623467e-01
   9.2724186e-01
   8.2045513e-01
   6.4360088e-01
   4.1757742e-01
   1.9430780e-01
  -1.2175672e-01
  -6.7189634e-01
  -1.1187078e+00
  -1.4014548e+00
  -1.5255001e+00
  -1.6396354e+00
  -1.8691915e+00
  -2.1230488e+00
  -2.0156131e+00
  -1.8455695e+00
  -1.6949826e+00
  -1.6361463e+00
  -1.7706392e+00
  -2.1941142e+00
  -2.4198697e+00
  -2.1808903e+00
  -8.0444700e-01
   1.2131581e+00
   2.1987023e+00
   6.5740979e-01
   1.9937901e-01
   1.2734006e-01
   6.1156619e-01
   9.0213418e-01
   9.4815671e-01
   8.4356517e-01
   5.2957368e-01
  -1.7790952e-01
  -1.0319179e+00
  -1.4509485e+00
  -1.3831321e+00
  -9.0842366e-01
  -6.6579473e-01
  -6.1417079e-01
  -5.8875042e-01
  -5.1386732e-01
  -4.2083636e-01
  -2.6022023e-01
  -6.6818178e-02
   6.9251299e-02
  -1.0630246e-02
  -2.2475204e-01
  -4.0195048e-01
  -5.4710257e-01
  -7.3350185e-01
  -7.8804100e-01
  -7.5641692e-01
  -8.4070390e-01
  -1.1290200e+00
  -4.2095286e-01
   4.5456323e-01
  -9.5282849e-03
  -1.2054153e-02
  -3.5214286e-01
  -8.9844859e-01
  -8.7100422e-01
  -1.6605462e-01
   4.3357202e-01
   2.4854663e-01
  -3.0374750e-01
  -7.1385878e-01
  -5.8566552e-01
  -4.0796353e-01
  -3.8669732e-01
  -3.3943877e-01
  -7.7825567e-02
   1.6106303e-01
   1.4749759e-01
   1.6606655e-01
   3.7478948e-01
   5.5162388e-01
   4.7629291e-01
   3.9605105e-01
   4.3410558e-01
   3.6893116e-01
   1.2220636e-01
  -1.4629935e-01
  -2.3421066e-01
  -3.7836424e-01
  -6.7491698e-01
  -7.3939452e-01
  -6.0385656e-01
  -6.3070709e-01
  -8.6551334e-01
  -8.5888541e-01
  -5.3704661e-01
  -8.3551158e-01
  -1.7514735e+00
  -2.5042019e+00
  -1.5816901e+00
   2.0178582e-01
   9.0040410e-01
   5.3658521e-01
   5.0842106e-01
   1.1926700e+00
   1.4770874e+00
   1.2828430e+00
   1.1990795e+00
   1.3639270e+00
   1.2391620e+00
   7.6347357e-01
   6.1092179e-01
   5.0739950e-01
  -9.6507445e-02
  -7.6375082e-01
  -8.3032441e-01
  -5.8956259e-01
  -5.9299802e-01
  -6.7834222e-01
  -6.6626489e-01
  -5.3441965e-01
  -3.8556606e-01
  -4.1119877e-01
  -4.2876069e-01
  -2.2162795e-01
   6.9641531e-02
  -1.6742594e-01
  -6.4999932e-01
  -9.5313275e-01
  -7.8484973e-01
  -6.1783350e-01
  -5.5623454e-01
  -3.0030155e-01
  -1.6751833e-01
  -1.7185445e-01
  -1.7715859e-01
  -5.3853992e-02
  -9.9711053e-02
  -2.4231562e-01
  -5.3422809e-01
  -5.5223572e-01
  -4.5380637e-02
   2.8363472e-01
  -4.2722054e-02
  -3.2172078e-01
  -1.9088882e-01
  -1.6493131e-01
  -1.8617356e-01
  -9.8930985e-02
  -6.3665166e-02
   8.6125948e-02
   3.6617213e-01
   5.6078988e-01
   7.2650796e-01
   9.1820586e-01
   9.1913462e-01
   8.7402523e-01
   8.8003671e-01
   7.7730244e-01
   6.6976333e-01
   6.2289143e-01
   6.0971487e-01
   6.3802397e-01
   6.3923812e-01
   6.3588589e-01
   6.8347222e-01
   5.9245288e-01
   4.0655902e-01
   4.9459726e-01
   5.4005569e-01
   3.4324449e-01
   5.5434489e-01
   1.1676184e+00
   1.8636858e+00
   2.0256820e+00
   1.8845586e+00
   1.7200526e+00
   1.7028673e+00
   1.5951346e+00
   1.4683933e+00
   1.4835590e+00
   1.3935215e+00
   1.2972528e+00
   1.4112611e+00
   1.4357311e+00
   1.3633553e+00
   1.4147036e+00
   1.4181781e+00
   1.4743679e+00
   1.6028094e+00
   1.4657768e+00
   1.2927096e+00
   1.3464162e+00
   9.3362981e-01
  -6.5185456e-03
  -2.4348232e-01
  -4.6360901e-01
  -8.5708690e-01
  -8.4470206e-01
  -1.0484997e+00
  -1.7766390e+00
  -1.5375229e+00
  -1.1638588e+00
  -8.9806557e-01
  -5.1671529e-01
  -6.7689615e-01
   9.2874631e-02
   4.3563632e-01
   8.4861517e-01
   1.0350761e+00
   9.0866662e-01
   1.0708097e+00
   1.0776089e+00
   5.6953411e-01
   5.6398618e-01
   7.7951670e-01
   4.7495991e-01
   4.3853527e-01
   4.9969417e-01
   4.4539324e-01
   4.3008307e-01
   4.0723225e-01
   5.9338491e-01
   8.5735977e-01
   1.0957369e+00
   1.3578689e+00
   1.5813603e+00
   1.7093236e+00
   1.8147153e+00
   1.8546546e+00
   1.8494703e+00
   1.9071651e+00
   1.9261229e+00
   1.9517875e+00
   2.0534067e+00
   2.1037462e+00
   2.1432564e+00
   2.1866188e+00
   2.1284051e+00
   2.0453615e+00
   1.9793229e+00
   1.8789485e+00
   2.0635772e+00
   2.5463228e+00
   2.8723130e+00
   2.7490423e+00
   2.2747395e+00
   1.8889862e+00
   1.7912611e+00
   1.7249388e+00
   1.6496753e+00
   1.5800307e+00
   1.5459474e+00
   1.5691532e+00
   1.6017262e+00
   1.6530517e+00
   1.7344793e+00
   1.8831830e+00
   2.0770306e+00
   2.2512264e+00
   2.5228100e+00
   2.8058135e+00
   2.9487526e+00
   3.0321624e+00
   3.0818950e+00
   2.9900961e+00
   2.8605552e+00
   2.7107379e+00
   2.3081081e+00
   1.6719588e+00
   1.1680754e+00
   6.3511527e-01
  -1.3361415e-01
  -7.5516549e-01
  -1.1439328e+00
  -1.3009815e+00
  -1.2155640e+00
   1.2066945e+00
   1.2480429e+00
   1.1896791e+00
   1.2057617e+00
   1.4040198e+00
   1.2633450e+00
   9.8658490e-01
   8.8123953e-01
   8.6081845e-01
   1.1603819e+00
   1.1168852e+00
   7.8121197e-01
   9.8767799e-01
   1.1120993e+00
   1.2949424e+00
   1.2533251e+00
   7.9579222e-01
   1.1578350e+00
   1.5680696e+00
   1.8000863e+00
   2.0951817e+00
   2.3401852e+00
   2.6298413e+00
   2.7232509e+00
   2.8205996e+00
   2.8987801e+00
   2.9235282e+00
   3.0120068e+00
   3.0473294e+00
   3.1750026e+00
   3.2886355e+00
   3.3379312e+00
   3.4025710e+00
   3.3029201e+00
   3.1991498e+00
   3.0334921e+00
   2.7496872e+00
   2.7872238e+00
   2.7007630e+00
   1.9611524e+00
   1.4703910e+00
   1.3048054e+00
   1.1392175e+00
   1.4165964e+00
   1.5790426e+00
   1.6720142e+00
   1.7460729e+00
   1.7540939e+00
   1.7987020e+00
   1.8991883e+00
   2.0194063e+00
   2.1841192e+00
   2.4387784e+00
   2.6880317e+00
   2.9403830e+00
   3.2362792e+00
   3.4853473e+00
   3.7263598e+00
   3.9713981e+00
   4.1365309e+00
   4.2648249e+00
   4.3211741e+00
   4.3004808e+00
   4.1547489e+00
   3.6964600e+00
   3.2986252e+00
   2.9346466e+00
   2.4522979e+00
   2.1138973e+00
   1.9307449e+00
   1.9230655e+00
   1.6228212e+00
   1.1516749e+00
   1.1970079e+00
   1.0662783e+00
   8.2301551e-01
   8.5663533e-01
   8.3439833e-01
   8.7627029e-01
   6.9772500e-01
   7.6435709e-01
   1.3558949e+00
   1.4657376e+00
   1.1325204e+00
   1.3854669e+00
   1.6293142e+00
   2.0151215e+00
   2.0514226e+00
   1.0228950e+00
   1.2258732e+00
   2.1085818e+00
   2.3789916e+00
   2.7206793e+00
   2.9586864e+00
   3.2760143e+00
   3.4013991e+00
   3.4884906e+00
   3.6229303e+00
   3.6503193e+00
   3.8284895e+00
   3.8657594e+00
   4.0251851e+00
   4.1184998e+00
   4.1799073e+00
   4.2749634e+00
   4.0861502e+00
   4.0849371e+00
   3.6941226e+00
   3.4664779e+00
   2.8652775e+00
   1.1626965e+00
   1.0610542e+00
   1.4369013e+00
   8.5178328e-01
   8.7166023e-01
   1.1150455e+00
   1.4023339e+00
   1.6803391e+00
   1.8715159e+00
   2.0072987e+00
   2.1137843e+00
   2.3139679e+00
   2.4919004e+00
   2.6931369e+00
   2.9366102e+00
   3.1885810e+00
   3.4192822e+00
   3.6836095e+00
   3.9052062e+00
   4.0933433e+00
   4.3570399e+00
   4.5249729e+00
   4.7205753e+00
   4.8811927e+00
   4.9807568e+00
   5.0286551e+00
   4.8448210e+00
   4.6542673e+00
   4.3604989e+00
   4.0472178e+00
   3.7678151e+00
   3.5296214e+00
   3.5804193e+00
   2.5459642e+00
   1.1954137e+00
   1.2624567e+00
   1.2582251e+00
   1.1049192e+00
   9.7937047e-01
   8.7553155e-01
   1.0035402e+00
   8.6167794e-01
   8.8315856e-01
   1.3491027e+00
   1.4382732e+00
   1.4222835e+00
   1.6225324e+00
   2.1219635e+00
   2.4287581e+00
   2.7332077e+00
   1.9776580e+00
   1.4155629e+00
   2.2258823e+00
   2.9744315e+00
   3.1958866e+00
   3.3920326e+00
   3.6319032e+00
   3.8024640e+00
   3.8805201e+00
   4.0559468e+00
   4.1323271e+00
   4.2940478e+00
   4.4317207e+00
   4.5305724e+00
   4.6861992e+00
   4.6756244e+00
   4.8097181e+00
   4.6205111e+00
   4.6035404e+00
   4.2130780e+00
   3.8988764e+00
   3.0325608e+00
   7.0063084e-01
   1.1085894e+00
   1.5067246e+00
   6.2856722e-01
   6.6341466e-01
   7.1632981e-01
   1.2120179e+00
   1.5012515e+00
   1.9773725e+00
   2.1905322e+00
   2.4544318e+00
   2.6804624e+00
   2.9077485e+00
   3.1180935e+00
   3.2943931e+00
   3.4578059e+00
   3.5642807e+00
   3.7536452e+00
   3.8613386e+00
   4.0321035e+00
   4.2092056e+00
   4.4966912e+00
   4.7189474e+00
   5.0907927e+00
   5.2622066e+00
   5.5011816e+00
   5.5149565e+00
   5.4958515e+00
   5.3571553e+00
   5.1321125e+00
   4.9975834e+00
   4.6763372e+00
   4.8287826e+00
   3.1545489e+00
   1.2437133e+00
   1.2649877e+00
   1.2371243e+00
   1.2744676e+00
   1.2346916e+00
   1.1439391e+00
   1.1315973e+00
   9.7418869e-01
   1.0146726e+00
   1.3394390e+00
   1.4163175e+00
   1.5841892e+00
   1.8406413e+00
   2.3834596e+00
   2.6737782e+00
   2.9026465e+00
   3.0280325e+00
   2.2170922e+00
   2.1649885e+00
   3.6404152e+00
   3.7223270e+00
   3.8251119e+00
   3.9503982e+00
   4.0951009e+00
   4.2049232e+00
   4.3476620e+00
   4.4701447e+00
   4.5769434e+00
   4.7282391e+00
   4.8155130e+00
   4.9116235e+00
   4.9480557e+00
   4.9693350e+00
   4.9351206e+00
   4.7470946e+00
   4.5294670e+00
   4.0027146e+00
   3.2561738e+00
   8.3597287e-01
   1.3062885e+00
   1.5309321e+00
   1.3983352e-01
   2.7556874e-02
   3.1044751e-01
   9.2230309e-01
   1.2996293e+00
   1.9614618e+00
   2.3171680e+00
   2.7211683e+00
   2.9582343e+00
   3.2131637e+00
   3.3400807e+00
   3.4373581e+00
   3.3741260e+00
   3.3246028e+00
   3.2594378e+00
   3.3029383e+00
   3.3877263e+00
   3.5807233e+00
   3.8976638e+00
   4.3339109e+00
   4.8855705e+00
   5.3130148e+00
   5.6155996e+00
   5.8807693e+00
   5.9194715e+00
   6.0211153e+00
   5.8142772e+00
   5.7793634e+00
   5.3752794e+00
   5.4256463e+00
   3.4649134e+00
   1.2635982e+00
   1.2114888e+00
   1.0992286e+00
   1.1370206e+00
   1.2795609e+00
   1.2982148e+00
   1.1413255e+00
   1.0638521e+00
   1.2282473e+00
   1.4419423e+00
   1.5622785e+00
   1.9858730e+00
   2.1918232e+00
   2.6554480e+00
   2.8267194e+00
   2.9647760e+00
   3.2741082e+00
   3.1606358e+00
   3.1206629e+00
   3.9897316e+00
   4.0089102e+00
   4.0537367e+00
   4.1199260e+00
   4.2106757e+00
   4.2868309e+00
   4.4256229e+00
   4.5447597e+00
   4.6741571e+00
   4.7647600e+00
   4.8431171e+00
   4.8608141e+00
   4.9163966e+00
   4.8910364e+00
   4.9123254e+00
   4.7139812e+00
   4.5164470e+00
   4.0222473e+00
   3.2287207e+00
   1.2176040e+00
   9.7445899e-01
   2.0008757e+00
   2.0681499e-01
  -6.5512466e-01
   1.9488719e-01
   5.8200597e-01
   1.1058569e+00
   1.7646499e+00
   2.3457326e+00
   2.7740579e+00
   3.1485939e+00
   3.3264504e+00
   3.3734095e+00
   3.2115755e+00
   2.9025716e+00
   2.5718634e+00
   2.2264118e+00
   2.2274389e+00
   2.2736471e+00
   2.5151610e+00
   2.8941411e+00
   3.5135219e+00
   4.2256851e+00
   4.8778986e+00
   5.2993884e+00
   5.7363267e+00
   5.9034336e+00
   6.1735792e+00
   6.1418147e+00
   6.1118581e+00
   5.7376513e+00
   5.5880537e+00
   3.6501131e+00
   1.2806128e+00
   1.0857407e+00
   1.0179470e+00
   9.8310149e-01
   1.1064118e+00
   1.2131302e+00
   1.1210185e+00
   1.0402858e+00
   1.2326714e+00
   1.4556640e+00
   2.1797135e+00
   2.5707293e+00
   2.6141369e+00
   2.9544296e+00
   2.9515257e+00
   3.0484357e+00
   3.1913214e+00
   3.4328382e+00
   3.7243958e+00
   3.8946040e+00
   3.9468498e+00
   3.9790373e+00
   4.0444608e+00
   4.0845971e+00
   4.1392593e+00
   4.2574244e+00
   4.3708901e+00
   4.4954820e+00
   4.5469332e+00
   4.5810637e+00
   4.5742307e+00
   4.6342559e+00
   4.6272688e+00
   4.6398764e+00
   4.4863310e+00
   4.2642794e+00
   3.8746686e+00
   3.0479867e+00
   1.4557915e+00
   6.3211614e-01
   2.1173759e+00
   8.2055712e-01
  -1.9072725e-01
   1.8006055e-01
   2.9044503e-01
   8.3673638e-01
   1.5259982e+00
   2.1893935e+00
   2.6875935e+00
   3.1017969e+00
   3.2320609e+00
   3.1511345e+00
   2.6736145e+00
   2.0863695e+00
   1.5942564e+00
   1.1428164e+00
   1.0553871e+00
   1.1916310e+00
   1.4987849e+00
   2.0588088e+00
   2.6588898e+00
   3.4473033e+00
   4.1100883e+00
   4.6933212e+00
   5.1669426e+00
   5.4687462e+00
   5.7698870e+00
   5.9592190e+00
   5.9461746e+00
   5.6706161e+00
   5.4100199e+00
   3.7182662e+00
   1.5909818e+00
   9.8336834e-01
   9.2448121e-01
   8.9622009e-01
   8.9383751e-01
   9.8126030e-01
   9.7924614e-01
   9.3194622e-01
   1.1184103e+00
   1.3869816e+00
   2.8814504e+00
   2.9872732e+00
   2.9162283e+00
   3.0536773e+00
   2.9950929e+00
   2.9547625e+00
   3.0489450e+00
   3.1442571e+00
   3.3512993e+00
   3.5472691e+00
   3.6621714e+00
   3.6867895e+00
   3.7435055e+00
   3.7652602e+00
   3.8328910e+00
   3.9176061e+00
   4.0019002e+00
   4.0679865e+00
   4.0944047e+00
   4.1009917e+00
   4.0946636e+00
   4.1865597e+00
   4.1784949e+00
   4.2094307e+00
   4.0332265e+00
   3.8456080e+00
   3.4834588e+00
   2.8171434e+00
   1.7298493e+00
   8.7484032e-01
   1.9154136e+00
   1.0070596e+00
   3.5393596e-01
  -1.2301476e-01
   4.7739852e-02
   5.5634993e-01
   1.2870604e+00
   1.8971684e+00
   2.4745543e+00
   2.8436277e+00
   2.9514518e+00
   2.7215769e+00
   1.9668959e+00
   1.1114817e+00
   7.2136664e-01
   3.5411042e-01
   5.8162913e-02
   2.1735685e-01
   7.4960011e-01
   1.3965557e+00
   1.9671793e+00
   2.7316010e+00
   3.3437035e+00
   3.9997246e+00
   4.5093732e+00
   4.8511238e+00
   5.1207771e+00
   5.3678770e+00
   5.3882480e+00
   5.2042608e+00
   4.9643388e+00
   3.7689731e+00
   2.5118113e+00
   1.1261154e+00
   8.1747693e-01
   8.2580459e-01
   7.8301501e-01
   7.7787018e-01
   6.5160567e-01
   7.7150410e-01
   1.0919671e+00
   1.4532541e+00
   3.1264660e+00
   3.1258743e+00
   2.9540155e+00
   2.9289761e+00
   2.8342011e+00
   2.7147412e+00
   2.7054904e+00
   2.7505114e+00
   2.8755744e+00
   3.0498931e+00
   3.1395550e+00
   3.1967530e+00
   3.2229061e+00
   3.2842984e+00
   3.3613555e+00
   3.4298759e+00
   3.4675164e+00
   3.4515584e+00
   3.4809506e+00
   3.4669235e+00
   3.4951477e+00
   3.5661309e+00
   3.5744498e+00
   3.5921938e+00
   3.4247077e+00
   3.2358360e+00
   2.9382522e+00
   2.5336049e+00
   2.2741477e+00
   1.0758253e+00
   1.6264629e+00
   5.6647599e-01
  -7.6875180e-02
  -5.6635928e-01
  -1.7833132e-01
   3.3779782e-01
   9.8975211e-01
   1.5512233e+00
   2.1030021e+00
   2.4873831e+00
   2.5024796e+00
   2.1758382e+00
   1.1789854e+00
   2.6437128e-01
   8.6199552e-02
  -7.3103964e-02
  -7.3105228e-01
  -7.6205516e-01
  -2.9664265e-02
   5.9404856e-01
   1.2082127e+00
   2.0058935e+00
   2.6036596e+00
   3.2621648e+00
   3.8404701e+00
   4.1647787e+00
   4.4031625e+00
   4.5427918e+00
   4.5632067e+00
   4.4227300e+00
   4.2667751e+00
   3.8140826e+00
   4.2143252e+00
   2.1059530e+00
   9.4215823e-01
   7.3230545e-01
   6.9414938e-01
   6.7122115e-01
   4.4894796e-01
   5.2137487e-01
   9.8813812e-01
   1.7572023e+00
   3.1529121e+00
   2.8533545e+00
   2.6236140e+00
   2.5321365e+00
   2.3863089e+00
   2.2380755e+00
   2.1538709e+00
   2.1655106e+00
   2.2163132e+00
   2.3328619e+00
   2.4114684e+00
   2.4630398e+00
   2.5230624e+00
   2.5897963e+00
   2.6595966e+00
   2.7084187e+00
   2.6904465e+00
   2.6556300e+00
   2.6570822e+00
   2.6618400e+00
   2.6831088e+00
   2.7185937e+00
   2.7304897e+00
   2.6921458e+00
   2.5677146e+00
   2.3740054e+00
   2.1218749e+00
   1.9877320e+00
   1.5980169e+00
   1.0218645e+00
   1.4032728e+00
   3.3902715e-01
  -1.5383665e-02
  -7.0283458e-01
  -5.5198937e-01
   6.2706258e-02
   5.3973519e-01
   1.0861564e+00
   1.5980273e+00
   1.9351911e+00
   1.8433138e+00
   1.3348669e+00
   3.3709020e-01
  -1.7589072e-01
   3.2919687e-02
  -7.4487447e-02
  -8.8032759e-01
  -1.5445449e+00
  -1.1052925e+00
  -4.2187219e-01
   2.5743786e-01
   1.1018474e+00
   1.7387668e+00
   2.3358679e+00
   2.9177215e+00
   3.2258718e+00
   3.4028812e+00
   3.4735142e+00
   3.4160502e+00
   3.3116549e+00
   3.2550392e+00
   3.6141229e+00
   2.7827103e+00
   2.7152729e+00
   1.2331579e+00
   6.1810887e-01
   6.1418259e-01
   6.2277031e-01
   5.2425802e-01
   7.6328385e-01
   1.6574136e+00
   2.4058065e+00
   2.5013008e+00
   2.2346287e+00
   2.0739717e+00
   1.8722717e+00
   1.6570474e+00
   1.4709158e+00
   1.3548930e+00
   1.3330598e+00
   1.3436971e+00
   1.4101157e+00
   1.4906313e+00
   1.5596197e+00
   1.6377356e+00
   1.7047060e+00
   1.7313665e+00
   1.7204646e+00
   1.6808088e+00
   1.6518176e+00
   1.6531625e+00
   1.6649747e+00
   1.6635330e+00
   1.6535074e+00
   1.6274527e+00
   1.5541248e+00
   1.3984734e+00
   1.2484484e+00
   1.1016679e+00
   1.0383952e+00
   7.2139883e-01
   6.8253946e-01
   1.6753423e+00
   5.1238924e-01
  -1.1823885e-02
  -3.6230454e-01
  -8.5409009e-01
  -6.2280297e-01
  -4.7359735e-02
   4.5402762e-01
   9.2856759e-01
   1.1468210e+00
   9.2704159e-01
   3.7073481e-01
  -7.6741070e-02
   4.8714882e-01
   7.7671784e-01
   3.7961614e-01
  -7.0397806e-01
  -2.1585562e+00
  -1.9156713e+00
  -1.4231343e+00
  -8.4088659e-01
   1.7892455e-01
   8.4374416e-01
   1.3515005e+00
   1.7470157e+00
   1.9675578e+00
   2.0640290e+00
   2.0442622e+00
   1.9571934e+00
   1.8617657e+00
   1.9255975e+00
   2.2568417e+00
   1.6349974e+00
   2.1435506e+00
   1.6410407e+00
   9.1371185e-01
   6.1785889e-01
   6.6924548e-01
   4.1354519e-01
   8.2800686e-01
   1.5597725e+00
   1.9124504e+00
   1.8516860e+00
   1.6431026e+00
   1.4252944e+00
   1.1362423e+00
   9.0476274e-01
   7.2254121e-01
   6.0101968e-01
   5.7015949e-01
   5.7690370e-01
   6.3406461e-01
   7.1966398e-01
   8.0842859e-01
   8.9345258e-01
   9.4077194e-01
   9.3701875e-01
   8.9497685e-01
   8.5051131e-01
   8.3583665e-01
   8.4683603e-01
   8.4351814e-01
   8.1132191e-01
   7.3768121e-01
   6.5590507e-01
   5.4526085e-01
   3.8050687e-01
   2.5826293e-01
   1.7316541e-01
   2.2278935e-01
   2.2175318e-01
   5.9416670e-01
   1.7885067e+00
   4.4805652e-01
  -3.8282949e-01
  -4.6849513e-01
  -1.1144255e+00
  -1.5257069e+00
  -6.2679791e-01
  -7.9636395e-02
   3.2322747e-01
   4.4250876e-01
   1.3844720e-01
  -4.1156495e-01
  -6.6807222e-01
   7.2446650e-01
   1.4635422e+00
   4.3282884e-01
  -6.9969255e-01
  -2.1221712e+00
  -2.4889135e+00
  -2.0993211e+00
  -1.7335585e+00
  -4.1487700e-01
   6.9442883e-02
   4.4236457e-01
   6.8735045e-01
   8.1987131e-01
   8.5534358e-01
   7.8892052e-01
   6.8121922e-01
   5.8828288e-01
   6.9732791e-01
   1.0573722e+00
   5.1241171e-01
   1.3291289e+00
   1.6774312e+00
   1.2374526e+00
   7.4820960e-01
   7.4282062e-01
   3.6302483e-01
   6.8572253e-01
   1.2008991e+00
   1.2435745e+00
   1.1308583e+00
   9.3636692e-01
   6.9123149e-01
   3.8485396e-01
   1.7141299e-01
   9.2248581e-03
  -1.0507841e-01
  -1.3494368e-01
  -1.2952122e-01
  -7.9530656e-02
   8.3446503e-05
   9.4723493e-02
   1.7332681e-01
   2.0064273e-01
   1.8672088e-01
   1.4246358e-01
   1.0541252e-01
   9.6867435e-02
   9.1227293e-02
   5.9565276e-02
  -6.5978020e-03
  -1.4130211e-01
  -2.7471364e-01
  -4.2292207e-01
  -6.0059518e-01
  -7.0558715e-01
  -7.4094242e-01
  -5.6122047e-01
  -2.6213473e-01
   5.7702661e-01
   1.7884954e+00
   3.4470072e-01
  -7.5773394e-01
  -6.9764841e-01
  -1.5243516e+00
  -2.5171490e+00
  -1.2426984e+00
  -6.0488367e-01
  -2.9428929e-01
  -2.9614586e-01
  -6.7670065e-01
  -1.2095922e+00
  -1.3218269e+00
   5.7070482e-01
   1.4292607e+00
   3.2871747e-01
  -8.3456498e-01
  -2.0851033e+00
  -3.0177212e+00
  -2.2794843e+00
  -2.1080177e+00
  -9.1543853e-01
  -6.9731665e-01
  -4.9387273e-01
  -3.8774616e-01
  -3.3318916e-01
  -3.4797448e-01
  -4.5329505e-01
  -5.7644778e-01
  -6.5973157e-01
  -5.1278728e-01
  -1.1734149e-01
  -5.8582461e-01
   4.1958655e-01
   1.3517127e+00
   1.5403465e+00
   9.8663961e-01
   8.3099296e-01
   3.8831271e-01
   3.6894422e-01
   6.7839668e-01
   5.3550282e-01
   3.6066728e-01
   1.3604949e-01
  -9.5526332e-02
  -3.5501908e-01
  -5.2365784e-01
  -6.5513043e-01
  -7.5293893e-01
  -7.7473678e-01
  -7.7165980e-01
  -7.3061536e-01
  -6.6757029e-01
  -5.8052366e-01
  -5.1966588e-01
  -5.1028056e-01
  -5.1626559e-01
  -5.3817436e-01
  -5.5809710e-01
  -5.6919281e-01
  -6.1676725e-01
  -6.8639018e-01
  -7.8793027e-01
  -9.7804009e-01
  -1.1562486e+00
  -1.3410974e+00
  -1.5370858e+00
  -1.6336489e+00
  -1.6275595e+00
  -1.3087994e+00
  -7.5530659e-01
   6.0335144e-01
   1.6971006e+00
   2.2994954e-01
  -1.0910624e+00
  -9.9410138e-01
  -2.0690260e+00
  -3.5465051e+00
  -1.8783737e+00
  -1.1185880e+00
  -9.1407663e-01
  -1.0568547e+00
  -1.5088468e+00
  -2.0200388e+00
  -2.0011131e+00
   9.3155070e-02
   7.2192317e-01
   1.1742885e-01
  -1.0806844e+00
  -2.1107002e+00
  -3.5142657e+00
  -2.0190335e+00
  -2.0046719e+00
  -1.3472816e+00
  -1.4494883e+00
  -1.4395837e+00
  -1.4613045e+00
  -1.4732583e+00
  -1.5288059e+00
  -1.6689433e+00
  -1.8031428e+00
  -1.8696461e+00
  -1.6854186e+00
  -1.2546654e+00
  -2.2023990e+00
  -1.2577190e+00
  -4.9930683e-01
  -1.2176875e-02
   1.6170177e-01
   6.8435140e-02
  -3.4000441e-01
  -4.6862787e-01
  -5.4152215e-01
  -7.3101246e-01
  -8.9484406e-01
  -1.0669436e+00
  -1.2084603e+00
  -1.3454802e+00
  -1.4384429e+00
  -1.5114009e+00
  -1.5845519e+00
  -1.6179538e+00
  -1.6495622e+00
  -1.6580756e+00
  -1.6328237e+00
  -1.5781827e+00
  -1.5100057e+00
  -1.4718326e+00
  -1.4458585e+00
  -1.4170197e+00
  -1.4140949e+00
  -1.4658597e+00
  -1.5977490e+00
  -1.7343806e+00
  -1.8962032e+00
  -2.1683578e+00
  -2.4197688e+00
  -2.6624646e+00
  -2.8976247e+00
  -2.9851732e+00
  -2.9191258e+00
  -2.3874974e+00
  -1.4380572e+00
   4.6981418e-01
   1.5819081e+00
   4.5634627e-02
  -4.4659001e-01
  -6.9405252e-01
  -1.1277924e+00
  -3.0945539e+00
  -2.9640713e+00
  -2.0218284e+00
  -1.9366266e+00
  -2.3035431e+00
  -2.6415105e+00
  -2.4447949e+00
  -9.2214870e-01
   1.3086697e+00
   1.7350570e+00
   1.6883935e-01
  -1.3939914e+00
  -2.5579066e+00
  -4.4908566e+00
  -1.6024071e+00
  -1.4326468e+00
  -2.0060210e+00
  -2.8336833e+00
  -2.9910045e+00
  -3.1528254e+00
  -3.2259130e+00
  -3.3148131e+00
  -3.4769299e+00
  -3.5798731e+00
  -3.5736353e+00
  -3.3102756e+00
  -2.8501816e+00
  -3.0414491e+00
  -2.1765537e+00
  -1.4845625e+00
  -1.0063083e+00
  -5.5463529e-01
  -3.5414900e-01
  -8.9566898e-01
  -1.0662218e+00
  -1.2530939e+00
  -1.4066975e+00
  -1.5424473e+00
  -1.6565267e+00
  -1.7251910e+00
  -1.7889441e+00
  -1.8506861e+00
  -1.9263718e+00
  -2.0254557e+00
  -2.0890188e+00
  -2.1470206e+00
  -2.1769993e+00
  -2.1530611e+00
  -2.0939558e+00
  -2.0026338e+00
  -1.9349507e+00
  -1.8859274e+00
  -1.8358448e+00
  -1.8435010e+00
  -1.9284033e+00
  -2.1051683e+00
  -2.2891183e+00
  -2.5115421e+00
  -2.8459630e+00
  -3.1374551e+00
  -3.4023471e+00
  -3.6396656e+00
  -3.7066589e+00
  -3.5894661e+00
  -2.9766569e+00
  -1.8566678e+00
   3.4180522e-01
   1.3257583e+00
  -1.5863690e-02
  -9.6868768e-02
  -3.7364480e-01
  -4.9689999e-01
  -2.0471804e+00
  -3.5766621e+00
  -2.5051953e+00
  -2.6098981e+00
  -3.0299006e+00
  -3.1727940e+00
  -2.5778770e+00
  -7.2584677e-01
   1.3806906e+00
   1.1584045e+00
   3.5149711e-01
  -1.1739681e+00
  -2.2702842e+00
  -4.8373408e+00
  -1.8652619e+00
  -1.4118927e+00
  -2.4396741e+00
  -3.6513532e+00
  -3.8677623e+00
  -4.0487046e+00
  -4.1337876e+00
  -4.2254992e+00
  -4.3608732e+00
  -4.4229636e+00
  -4.3786888e+00
  -4.1006827e+00
  -3.6488133e+00
  -3.7520127e+00
  -2.9599869e+00
  -2.3304446e+00
  -1.8674818e+00
  -1.2911472e+00
  -9.2956436e-01
  -1.4274393e+00
  -1.6048958e+00
  -1.8398668e+00
  -1.9612043e+00
  -2.0512695e+00
  -2.1069384e+00
  -2.1175754e+00
  -2.1316833e+00
  -2.1830509e+00
  -2.2795589e+00
  -2.4157772e+00
  -2.5049677e+00
  -2.5801971e+00
  -2.6207976e+00
  -2.5928524e+00
  -2.5231395e+00
  -2.4086976e+00
  -2.3182795e+00
  -2.2522328e+00
  -2.1945477e+00
  -2.2204406e+00
  -2.3403363e+00
  -2.5676062e+00
  -2.8013139e+00
  -3.0790806e+00
  -3.4618971e+00
  -3.7780643e+00
  -4.0502996e+00
  -4.2744360e+00
  -4.3110147e+00
  -4.1493716e+00
  -3.4719472e+00
  -2.2987492e+00
   2.6323569e-01
   1.1758918e+00
   9.2883274e-02
   2.5741258e-01
  -4.0044833e-02
  -9.1436356e-02
  -1.2428352e+00
  -3.8571787e+00
  -2.9191453e+00
  -3.2465231e+00
  -3.6707878e+00
  -3.6015291e+00
  -2.6518178e+00
  -5.8344895e-01
   1.2580153e+00
   6.5777421e-01
   4.3189356e-01
  -9.7624695e-01
  -2.0007675e+00
  -4.5418415e+00
  -2.0163469e+00
  -1.4450057e+00
  -3.0614238e+00
  -4.3572335e+00
  -4.6037946e+00
  -4.7861466e+00
  -4.8757763e+00
  -4.9667010e+00
  -5.0738816e+00
  -5.1046910e+00
  -5.0369277e+00
  -4.7548385e+00
  -4.3190413e+00
  -4.4954268e+00
  -3.7935354e+00
  -3.2455775e+00
  -2.8189905e+00
  -2.4021026e+00
  -2.1017703e+00
  -2.1441918e+00
  -2.2538953e+00
  -2.4122634e+00
  -2.4949313e+00
  -2.4797898e+00
  -2.4500382e+00
  -2.4095823e+00
  -2.4042556e+00
  -2.4868767e+00
  -2.6536927e+00
  -2.8685286e+00
  -2.9847547e+00
  -3.0645791e+00
  -3.0964874e+00
  -3.0509285e+00
  -2.9522246e+00
  -2.8043704e+00
  -2.6960797e+00
  -2.6187654e+00
  -2.5803534e+00
  -2.6496396e+00
  -2.8243122e+00
  -3.1371870e+00
  -3.4483376e+00
  -3.7945467e+00
  -4.2166334e+00
  -4.5343229e+00
  -4.7842211e+00
  -4.9552226e+00
  -4.9258880e+00
  -4.7147631e+00
  -3.9805705e+00
  -2.9908027e+00
   2.5923808e-01
   1.1948601e+00
   6.2819495e-01
   7.8039134e-01
   4.7215603e-01
  -4.8673816e-03
  -6.1791284e-01
  -3.5261529e+00
  -3.3642939e+00
  -4.0867584e+00
  -4.4088198e+00
  -3.9945404e+00
  -2.6275799e+00
  -4.9696428e-01
   6.4826638e-01
   1.0180874e-01
   3.2128836e-01
  -7.3953000e-01
  -1.6508058e+00
  -2.6890826e+00
  -1.9869628e+00
  -1.6125081e+00
  -4.3789814e+00
  -5.1309278e+00
  -5.3569107e+00
  -5.5019876e+00
  -5.5816640e+00
  -5.6634651e+00
  -5.7266138e+00
  -5.7333816e+00
  -5.6639127e+00
  -5.3993596e+00
  -5.0042460e+00
  -4.8448613e+00
  -4.2035077e+00
  -3.7014308e+00
  -3.2829570e+00
  -2.8776461e+00
  -2.6035459e+00
  -2.5105957e+00
  -2.4991306e+00
  -2.5608537e+00
  -2.5439760e+00
  -2.3984112e+00
  -2.3196459e+00
  -2.3131927e+00
  -2.4160053e+00
  -2.6029437e+00
  -2.8420007e+00
  -3.0881659e+00
  -3.2118609e+00
  -3.2960596e+00
  -3.3240912e+00
  -3.2787480e+00
  -3.1759855e+00
  -3.0218551e+00
  -2.9302073e+00
  -2.8975493e+00
  -2.9425275e+00
  -3.0831051e+00
  -3.3212976e+00
  -3.7138359e+00
  -4.0722814e+00
  -4.4343102e+00
  -4.8367284e+00
  -5.1103873e+00
  -5.3065694e+00
  -5.4031709e+00
  -5.3106732e+00
  -5.1012128e+00
  -4.8841465e+00
  -2.9741504e+00
   3.8456892e-01
   8.3809309e-01
   6.6950488e-01
   4.8742777e-01
   2.6290937e-01
  -4.0837023e-02
  -6.0471056e-01
  -2.5611438e+00
  -3.7979159e+00
  -4.7879413e+00
  -4.8321207e+00
  -4.1229868e+00
  -2.5119971e+00
  -1.3362510e-01
   1.0668981e+00
  -2.0230798e-01
   5.2051067e-02
  -4.3262854e-01
  -1.1363184e+00
  -2.0181290e+00
  -2.0356276e+00
  -2.7965457e+00
  -4.9726418e+00
  -5.4920855e+00
  -5.6758879e+00
  -5.7892674e+00
  -5.8393068e+00
  -5.8960713e+00
  -5.9492000e+00
  -5.9625764e+00
  -5.9016331e+00
  -5.6594976e+00
  -5.3058619e+00
  -4.9141349e+00
  -4.3021268e+00
  -3.8107815e+00
  -3.3816734e+00
  -2.9681066e+00
  -2.7039339e+00
  -2.5674395e+00
  -2.4943258e+00
  -2.4787621e+00
  -2.3904459e+00
  -2.1973603e+00
  -2.1199014e+00
  -2.1606104e+00
  -2.3536214e+00
  -2.6103360e+00
  -2.8915292e+00
  -3.1588429e+00
  -3.2925030e+00
  -3.3836852e+00
  -3.4182296e+00
  -3.3809965e+00
  -3.2915238e+00
  -3.1625839e+00
  -3.1055738e+00
  -3.1246945e+00
  -3.2445377e+00
  -3.4373933e+00
  -3.7153662e+00
  -4.1409240e+00
  -4.5049290e+00
  -4.8520616e+00
  -5.2135280e+00
  -5.4382046e+00
  -5.5840080e+00
  -5.6232431e+00
  -5.5042427e+00
  -5.2537588e+00
  -4.6360873e+00
  -2.0535171e+00
   3.7569900e-01
   5.6980031e-01
   6.1203091e-01
   4.1509170e-01
   1.8687507e-01
  -9.2664559e-02
  -8.0383768e-01
  -2.5060160e+00
  -4.1064463e+00
  -5.1186923e+00
  -4.9994787e+00
  -4.1355271e+00
  -2.3795781e+00
   2.4522494e-01
   1.5035463e+00
   1.0290039e-01
  -4.1233583e-02
  -3.2571276e-01
  -9.6583671e-01
  -1.7722081e+00
  -2.5240545e+00
  -3.9453993e+00
  -5.2615574e+00
  -5.6084073e+00
  -5.7680757e+00
  -5.8539798e+00
  -5.8704512e+00
  -5.9052808e+00
  -5.9562519e+00
  -5.9735615e+00
  -5.9102652e+00
  -5.6779902e+00
  -5.3495019e+00
  -4.8454704e+00
  -4.2596862e+00
  -3.7629184e+00
  -3.3053106e+00
  -2.8662805e+00
  -2.6073420e+00
  -2.4607313e+00
  -2.3287326e+00
  -2.2044129e+00
  -2.0220282e+00
  -1.8069572e+00
  -1.7633532e+00
  -1.8862160e+00
  -2.2090925e+00
  -2.5532057e+00
  -2.8813345e+00
  -3.1753183e+00
  -3.3261577e+00
  -3.4299228e+00
  -3.4812310e+00
  -3.4616853e+00
  -3.4039848e+00
  -3.3343742e+00
  -3.3429655e+00
  -3.4476500e+00
  -3.6793063e+00
  -3.9419843e+00
  -4.2672272e+00
  -4.7149881e+00
  -5.0613111e+00
  -5.3657083e+00
  -5.6496083e+00
  -5.7944700e+00
  -5.8635159e+00
  -5.8237094e+00
  -5.6863953e+00
  -5.3447029e+00
  -3.5197006e+00
  -4.0765863e-02
   2.7697332e-01
   2.0571516e-01
   4.5960450e-01
   4.4132557e-01
   1.5205683e-01
  -1.8382666e-01
  -1.2498064e+00
  -2.9949250e+00
  -4.5103748e+00
  -5.4023087e+00
  -5.0996780e+00
  -4.0818840e+00
  -2.1616301e+00
   8.4812767e-01
   2.1985171e+00
   9.6591565e-01
  -7.6037876e-02
  -2.8476201e-01
  -9.1641974e-01
  -1.6559141e+00
  -3.5667065e+00
  -5.7217095e+00
  -5.5212072e+00
  -5.6357308e+00
  -5.7690271e+00
  -5.8145857e+00
  -5.7760193e+00
  -5.7784710e+00
  -5.8310353e+00
  -5.8528085e+00
  -5.7789526e+00
  -5.5541786e+00
  -5.2547340e+00
  -4.3156462e+00
  -3.7104182e+00
  -3.1657406e+00
  -2.6761699e+00
  -2.2555134e+00
  -2.0626657e+00
  -1.9644231e+00
  -1.8036115e+00
  -1.6093439e+00
  -1.4204888e+00
  -1.3310001e+00
  -1.4152696e+00
  -1.6475129e+00
  -2.0820646e+00
  -2.4886500e+00
  -2.8612828e+00
  -3.2074070e+00
  -3.3951560e+00
  -3.5200849e+00
  -3.6067293e+00
  -3.6415649e+00
  -3.6756754e+00
  -3.7596154e+00
  -3.8930001e+00
  -4.0952387e+00
  -4.4161892e+00
  -4.7253121e+00
  -5.0480075e+00
  -5.4164615e+00
  -5.6642688e+00
  -5.8511820e+00
  -5.9811096e+00
  -6.0145390e+00
  -5.9843588e+00
  -5.8165770e+00
  -5.4756396e+00
  -4.7638240e+00
  -2.4218745e+00
   6.0806041e-01
   2.6505610e-01
   2.0285571e-01
   4.0789486e-01
   3.6234009e-01
   1.4323993e-01
  -3.0169018e-01
  -1.8138160e+00
  -4.1261201e+00
  -4.6986770e+00
  -5.3896952e+00
  -4.9287114e+00
  -3.7743583e+00
  -1.7564993e+00
   1.6095308e+00
   3.8930154e+00
   1.5891697e+00
  -3.1215006e-01
  -6.3942395e-01
  -1.5529947e+00
  -1.7733670e+00
  -3.6829484e+00
  -5.2982888e+00
  -5.3238688e+00
  -5.4012244e+00
  -5.4814148e+00
  -5.4442186e+00
  -5.3584550e+00
  -5.3227053e+00
  -5.3409591e+00
  -5.3175572e+00
  -5.1981525e+00
  -4.9707308e+00
  -4.7018322e+00
  -3.8505001e+00
  -3.2439368e+00
  -2.6909324e+00
  -2.2167449e+00
  -1.8573028e+00
  -1.7276488e+00
  -1.6667224e+00
  -1.5230832e+00
  -1.3435016e+00
  -1.1952214e+00
  -1.1911707e+00
  -1.3464753e+00
  -1.6271517e+00
  -2.0975595e+00
  -2.5224332e+00
  -2.9143360e+00
  -3.2883594e+00
  -3.4981696e+00
  -3.6401484e+00
  -3.7606785e+00
  -3.8416438e+00
  -3.9332826e+00
  -4.0926647e+00
  -4.2775748e+00
  -4.5133653e+00
  -4.8543739e+00
  -5.1627959e+00
  -5.4602675e+00
  -5.7648740e+00
  -5.9475235e+00
  -6.0618424e+00
  -6.0948014e+00
  -6.0477637e+00
  -5.9400563e+00
  -5.6694326e+00
  -5.1748603e+00
  -4.3149104e+00
  -1.3571900e+00
   6.3994155e-01
   2.8394532e-01
   1.9377698e-01
   3.8265153e-01
   2.8429893e-01
   1.2729490e-01
  -3.5984375e-01
  -2.0094681e+00
  -4.4833765e+00
  -4.6714542e+00
  -5.2504945e+00
  -4.7135696e+00
  -3.5061207e+00
  -1.5120836e+00
   1.5034145e+00
   3.6281006e+00
   1.2876997e+00
  -4.9384642e-01
  -8.2062476e-01
  -1.7298185e+00
  -1.9740878e+00
  -3.8392947e+00
  -5.0476298e+00
  -5.1114259e+00
  -5.1684144e+00
  -5.2013798e+00
  -5.1114111e+00
  -4.9948781e+00
  -4.9284105e+00
  -4.9086933e+00
  -4.8477939e+00
  -4.6977425e+00
  -4.4637852e+00
  -4.2142966e+00
  -3.0914746e+00
  -2.4908806e+00
  -1.9417610e+00
  -1.5151794e+00
  -1.2789762e+00
  -1.2551199e+00
  -1.2524216e+00
  -1.1588000e+00
  -1.0425955e+00
  -9.8448362e-01
  -1.1069988e+00
  -1.3568646e+00
  -1.6919232e+00
  -2.1886315e+00
  -2.6244120e+00
  -3.0375041e+00
  -3.4477960e+00
  -3.6882477e+00
  -3.8572569e+00
  -4.0345661e+00
  -4.1899691e+00
  -4.3635318e+00
  -4.6152739e+00
  -4.8542030e+00
  -5.1177615e+00
  -5.4612884e+00
  -5.7470814e+00
  -5.9914896e+00
  -6.1949000e+00
  -6.2822720e+00
  -6.2939577e+00
  -6.1884729e+00
  -6.0191180e+00
  -5.7898694e+00
  -5.3563554e+00
  -4.6240914e+00
  -3.6139968e+00
   4.3241300e-01
   4.1344503e-01
   3.2997145e-01
   1.7556026e-01
   3.5189782e-01
   1.5244618e-01
   9.7026246e-02
  -4.3126455e-01
  -2.1736059e+00
  -4.7370156e+00
  -4.5273061e+00
  -4.9569857e+00
  -4.3288117e+00
  -3.0693131e+00
  -1.1708719e+00
   9.2906799e-01
   2.2880815e+00
   3.5621033e-01
  -7.7708353e-01
  -1.0488898e+00
  -1.8204834e+00
  -2.3521793e+00
  -4.1225410e+00
  -4.7013144e+00
  -4.7444594e+00
  -4.7745638e+00
  -4.7301573e+00
  -4.5643712e+00
  -4.4031509e+00
  -4.2880224e+00
  -4.2022776e+00
  -4.0813066e+00
  -3.8860866e+00
  -3.6392835e+00
  -3.4176305e+00
  -2.0000069e+00
  -1.5346721e+00
  -1.1496516e+00
  -9.4688880e-01
  -9.9950767e-01
  -1.1586226e+00
  -1.2932744e+00
  -1.3596315e+00
  -1.3703279e+00
  -1.4070299e+00
  -1.5845541e+00
  -1.8423951e+00
  -2.1496913e+00
  -2.5820873e+00
  -2.9653645e+00
  -3.3432035e+00
  -3.7414091e+00
  -4.0037045e+00
  -4.2172756e+00
  -4.4597611e+00
  -4.6601477e+00
  -4.8562136e+00
  -5.0984693e+00
  -5.3110089e+00
  -5.5392742e+00
  -5.8230858e+00
  -6.0389104e+00
  -6.2078676e+00
  -6.3167248e+00
  -6.3231230e+00
  -6.2490716e+00
  -6.0191078e+00
  -5.7097282e+00
  -5.3054423e+00
  -4.5814977e+00
  -3.4969530e+00
  -2.0834975e+00
   8.8159102e-01
   1.2558538e+00
   1.4495659e+00
   4.5692810e-01
   3.2255924e-01
  -2.5136014e-02
  -1.1561799e-01
  -5.3542912e-01
  -2.1034243e+00
  -3.6112430e+00
  -3.8108726e+00
  -4.5377440e+00
  -3.8484349e+00
  -2.5946660e+00
  -9.3988705e-01
   5.1997042e-01
   1.5148695e+00
  -2.0428725e-01
  -7.1145803e-01
  -6.6340363e-01
  -1.2975363e+00
  -2.1662459e+00
  -3.5314140e+00
  -3.9785612e+00
  -4.0996628e+00
  -4.1073165e+00
  -3.9217305e+00
  -3.5837452e+00
  -3.3904386e+00
  -3.3117318e+00
  -3.0950089e+00
  -2.8981786e+00
  -2.6455398e+00
  -2.3943925e+00
  -2.2302601e+00
  -1.4445190e+00
  -1.1261647e+00
  -8.7393701e-01
  -8.0980061e-01
  -1.0364743e+00
  -1.3079504e+00
  -1.5276237e+00
  -1.6885332e+00
  -1.7635223e+00
  -1.8403518e+00
  -2.0260686e+00
  -2.2633832e+00
  -2.5328378e+00
  -2.9027135e+00
  -3.2318983e+00
  -3.5656636e+00
  -3.9318974e+00
  -4.1859746e+00
  -4.4016583e+00
  -4.6486447e+00
  -4.8511672e+00
  -5.0457585e+00
  -5.2727316e+00
  -5.4613028e+00
  -5.6572350e+00
  -5.8920587e+00
  -6.0604072e+00
  -6.1830968e+00
  -6.2398094e+00
  -6.2027020e+00
  -6.0857028e+00
  -5.7990287e+00
  -5.4285941e+00
  -4.9359844e+00
  -4.0539901e+00
  -2.8301842e+00
  -1.3378423e+00
   1.1492270e+00
   2.0544190e+00
   2.0344039e+00
   5.8190737e-01
   2.0068079e-01
  -2.6080354e-01
  -3.3618139e-01
  -5.7130182e-01
  -1.9135679e+00
  -3.1284489e+00
  -3.5374589e+00
  -4.2499197e+00
  -3.5672686e+00
  -2.3314993e+00
  -8.1777786e-01
   4.5457285e-01
   1.2286854e+00
  -3.6219688e-01
  -6.4187817e-01
  -4.7018376e-01
  -1.0186771e+00
  -1.9472797e+00
  -3.0784645e+00
  -3.5677428e+00
  -3.6714923e+00
  -3.6572857e+00
  -3.4470379e+00
  -3.0082423e+00
  -2.7322221e+00
  -2.6980468e+00
  -2.4281386e+00
  -2.1787369e+00
  -1.9072816e+00
  -1.6766693e+00
  -1.5758539e+00
  -6.4461057e-01
  -6.5815052e-01
  -6.7297084e-01
  -8.4649102e-01
  -1.3654485e+00
  -1.8283328e+00
  -2.1937019e+00
  -2.5109773e+00
  -2.6780994e+00
  -2.8002091e+00
  -2.9672497e+00
  -3.1371765e+00
  -3.3156500e+00
  -3.5496586e+00
  -3.7588317e+00
  -3.9889182e+00
  -4.2693826e+00
  -4.4818736e+00
  -4.6689527e+00
  -4.8783022e+00
  -5.0519628e+00
  -5.2245368e+00
  -5.4134150e+00
  -5.5512592e+00
  -5.6785145e+00
  -5.8141819e+00
  -5.8959040e+00
  -5.9398586e+00
  -5.9152952e+00
  -5.8120100e+00
  -5.6342169e+00
  -5.2760987e+00
  -4.8334561e+00
  -4.2148233e+00
  -3.0894813e+00
  -1.7267297e+00
  -3.1528660e-01
   1.5946881e+00
   3.7734436e+00
   2.8997148e+00
   7.3384467e-01
  -1.3939028e-01
  -8.2373189e-01
  -8.2666019e-01
  -5.9658424e-01
  -1.4029927e+00
  -2.5719443e+00
  -3.2840845e+00
  -3.7208800e+00
  -3.1059375e+00
  -1.9192978e+00
  -6.3493405e-01
   5.8014405e-01
   9.8173444e-01
  -3.9363186e-01
  -4.8600967e-01
  -1.9651223e-01
  -5.9755599e-01
  -1.4406410e+00
  -2.1921641e+00
  -2.9100209e+00
  -2.9010328e+00
  -2.8392915e+00
  -2.6661413e+00
  -2.0619110e+00
  -1.5646342e+00
  -1.6345846e+00
  -1.3088225e+00
  -9.6223130e-01
  -6.7969103e-01
  -5.1365092e-01
  -5.5639510e-01
  -2.3661813e-01
  -6.8097466e-01
  -9.7131801e-01
  -1.3282477e+00
  -2.0445228e+00
  -2.6754642e+00
  -3.1538897e+00
  -3.5751987e+00
  -3.8038139e+00
  -3.9643793e+00
  -4.1290007e+00
  -4.2529855e+00
  -4.3609095e+00
  -4.4792776e+00
  -4.5730047e+00
  -4.6859436e+00
  -4.8321223e+00
  -4.9422927e+00
  -5.0337043e+00
  -5.1356554e+00
  -5.2294960e+00
  -5.3402414e+00
  -5.4600320e+00
  -5.5265927e+00
  -5.5769053e+00
  -5.6108465e+00
  -5.5916491e+00
  -5.5232229e+00
  -5.3687892e+00
  -5.1726575e+00
  -4.9150367e+00
  -4.4650493e+00
  -3.9307766e+00
  -3.2097375e+00
  -1.9495645e+00
  -4.7207421e-01
   1.3021315e+00
   3.4209349e+00
   4.4681263e+00
   2.0673363e+00
   5.7938904e-01
  -3.5465023e-01
  -1.2073379e+00
  -1.4558688e+00
  -8.5972059e-01
  -1.4499717e+00
  -3.1137271e+00
  -3.4173222e+00
  -3.1140580e+00
  -2.4291363e+00
  -1.3451455e+00
  -1.9288117e-01
   1.0896209e+00
   7.8144276e-01
  -3.9557016e-01
  -3.7435588e-01
  -2.3893890e-01
  -5.5298197e-01
  -1.5949961e+00
  -2.1139393e+00
  -2.4338684e+00
  -2.1906948e+00
  -2.0509059e+00
  -1.9910789e+00
  -5.6134152e-01
  -6.6870230e-01
  -6.5360564e-01
  -3.5711277e-01
   9.0627074e-02
   3.7458834e-01
   3.9194182e-01
   1.3113189e-01
   5.5068806e-03
  -6.9350183e-01
  -1.1641891e+00
  -1.6447294e+00
  -2.4834695e+00
  -3.2183707e+00
  -3.7639952e+00
  -4.2465363e+00
  -4.5111928e+00
  -4.6962705e+00
  -4.8658361e+00
  -4.9695377e+00
  -5.0444689e+00
  -5.1058784e+00
  -5.1384411e+00
  -5.1853404e+00
  -5.2519193e+00
  -5.2980661e+00
  -5.3280807e+00
  -5.3584614e+00
  -5.3945246e+00
  -5.4552870e+00
  -5.5200210e+00
  -5.5358696e+00
  -5.5338774e+00
  -5.5030756e+00
  -5.4245648e+00
  -5.2918797e+00
  -5.0613070e+00
  -4.8065791e+00
  -4.4946976e+00
  -3.9792492e+00
  -3.3784058e+00
  -2.5838289e+00
  -1.2465813e+00
   2.7760109e-01
   2.1969078e+00
   4.0126967e+00
   4.3399825e+00
   1.5187985e+00
   5.0417048e-01
  -4.2707536e-01
  -1.3045233e+00
  -1.7427876e+00
  -1.1350261e+00
  -1.7289106e+00
  -3.3854375e+00
  -3.3270237e+00
  -2.6654215e+00
  -1.8990563e+00
  -8.9791840e-01
   1.4457163e-01
   1.3121688e+00
   6.6272432e-01
  -4.2426747e-01
  -3.5498559e-01
  -4.0976080e-01
  -7.6078248e-01
  -1.9415634e+00
  -2.2408864e+00
  -2.1850467e+00
  -1.7452677e+00
  -1.5304548e+00
  -1.5406311e+00
   2.1165931e-01
  -2.4988186e-01
  -1.5756963e-01
   1.5789919e-01
   6.8761533e-01
   9.8971426e-01
   9.1988730e-01
   5.3196120e-01
   4.2157825e-01
  -7.1039881e-01
  -1.5675609e+00
  -2.3276798e+00
  -3.4012748e+00
  -4.3340360e+00
  -4.9956193e+00
  -5.5810767e+00
  -5.9056078e+00
  -6.1404987e+00
  -6.3475853e+00
  -6.4481859e+00
  -6.5067953e+00
  -6.5233955e+00
  -6.4842755e+00
  -6.4335365e+00
  -6.3637435e+00
  -6.2848586e+00
  -6.1883468e+00
  -6.0600999e+00
  -5.9495317e+00
  -5.8639448e+00
  -5.7701375e+00
  -5.6605909e+00
  -5.5385068e+00
  -5.3765532e+00
  -5.1987474e+00
  -4.9667064e+00
  -4.6095464e+00
  -4.2382194e+00
  -3.8017744e+00
  -3.1240709e+00
  -2.3533681e+00
  -1.3743638e+00
   8.1949199e-02
   1.5890269e+00
   3.4384410e+00
   2.7914873e+00
   1.6616405e+00
   3.2801065e-01
   4.4971119e-01
  -2.9989029e-01
  -8.7807353e-01
  -1.8424269e+00
  -2.1500720e+00
  -3.3502302e+00
  -3.6257625e+00
  -2.4014471e+00
  -1.4918501e+00
  -4.0397631e-01
   3.5500992e-01
   1.0661280e+00
   1.3315977e+00
   4.5937857e-01
  -5.9888395e-01
  -5.3499210e-01
  -1.3657901e+00
  -2.1834128e+00
  -3.6968627e+00
  -3.2476396e+00
  -1.9109982e+00
  -8.7124399e-01
  -3.9693193e-01
  -5.3991908e-01
   1.0054399e+00
  -4.3604349e-02
   3.0304657e-01
   8.1644969e-01
   1.5868746e+00
   1.9988087e+00
   1.7839832e+00
   1.1880626e+00
   6.8149436e-01
  -5.4105592e-01
  -1.6441998e+00
  -2.5235288e+00
  -3.6491027e+00
  -4.7065506e+00
  -5.3960271e+00
  -5.9882302e+00
  -6.3241420e+00
  -6.5689244e+00
  -6.7851787e+00
  -6.8934870e+00
  -6.9555092e+00
  -6.9769607e+00
  -6.9311619e+00
  -6.8623409e+00
  -6.7658744e+00
  -6.6521587e+00
  -6.5144849e+00
  -6.3211074e+00
  -6.1360321e+00
  -5.9638944e+00
  -5.7660623e+00
  -5.5777092e+00
  -5.3841991e+00
  -5.1576242e+00
  -4.9506741e+00
  -4.7008801e+00
  -4.3331814e+00
  -3.9542370e+00
  -3.5019302e+00
  -2.8024368e+00
  -2.0094631e+00
  -9.9596703e-01
   4.6722218e-01
   1.8701677e+00
   3.5119946e+00
   2.4012153e+00
   1.2091386e+00
   2.2950418e-01
   1.3354494e-01
  -3.3824256e-01
  -8.4592474e-01
  -1.5716157e+00
  -2.0494771e+00
  -3.0334227e+00
  -2.8269961e+00
  -1.5701644e+00
  -4.8324981e-01
   7.6414651e-01
   9.4320333e-01
   1.1249908e+00
   1.1910169e+00
   2.5886405e-01
  -4.0176740e-01
  -8.3802485e-01
  -3.1078875e+00
  -5.1942616e+00
  -5.4411035e+00
  -3.8236175e+00
  -1.8271296e+00
  -4.6742174e-01
   1.3129760e-01
  -3.4111777e-01
   1.4410720e+00
  -1.3597578e-01
   2.2997566e-01
   1.0969499e+00
   1.9193788e+00
   2.3941362e+00
   2.1825502e+00
   1.5921654e+00
   8.7733328e-01
  -4.1346130e-01
  -1.7019451e+00
  -2.6710951e+00
  -3.8358340e+00
  -4.9872293e+00
  -5.6977224e+00
  -6.2950087e+00
  -6.6394949e+00
  -6.8917308e+00
  -7.1148925e+00
  -7.2290082e+00
  -7.2936020e+00
  -7.3187094e+00
  -7.2678757e+00
  -7.1854324e+00
  -7.0688677e+00
  -6.9289083e+00
  -6.7602205e+00
  -6.5177684e+00
  -6.2765551e+00
  -6.0392046e+00
  -5.7629919e+00
  -5.5152597e+00
  -5.2679329e+00
  -4.9926682e+00
  -4.7637577e+00
  -4.5005875e+00
  -4.1249495e+00
  -3.7402654e+00
  -3.2760074e+00
  -2.5600951e+00
  -1.7503412e+00
  -7.1085680e-01
   7.5751364e-01
   2.0819988e+00
   3.5674152e+00
   2.1071572e+00
   8.6819220e-01
   1.5528257e-01
  -1.0467671e-01
  -3.6713988e-01
  -8.2170171e-01
  -1.3675678e+00
  -1.9736820e+00
  -2.7947183e+00
  -2.2251503e+00
  -9.4381821e-01
   2.7669972e-01
   1.6442915e+00
   1.3863893e+00
   1.1693424e+00
   1.0850935e+00
   1.0778239e-01
  -2.5324613e-01
  -1.0663508e+00
  -4.4205046e+00
  -7.4628448e+00
  -6.7553358e+00
  -4.2575989e+00
  -1.7639370e+00
  -1.6315401e-01
   5.2930248e-01
  -1.9132699e-01
   1.7693076e+00
  -2.0557486e-01
   1.7491899e-01
   1.3082985e+00
   2.1699107e+00
   2.6920030e+00
   2.4828587e+00
   1.8966444e+00
   1.6717262e+00
   8.2971132e-01
  -9.7413951e-01
  -2.5648363e+00
  -3.4919968e+00
  -4.7400618e+00
  -5.4390740e+00
  -5.9687982e+00
  -6.2943611e+00
  -6.5568714e+00
  -6.8065767e+00
  -6.9628162e+00
  -7.0659742e+00
  -7.1407833e+00
  -7.1299119e+00
  -7.0838099e+00
  -7.0078959e+00
  -6.8917580e+00
  -6.7380052e+00
  -6.5011864e+00
  -6.2483616e+00
  -5.9731107e+00
  -5.6272407e+00
  -5.2942600e+00
  -4.9445190e+00
  -4.5448561e+00
  -4.2390752e+00
  -3.9317012e+00
  -3.5312264e+00
  -3.1504445e+00
  -2.7113333e+00
  -2.0823791e+00
  -1.4125837e+00
  -5.4401338e-01
   6.3797522e-01
   1.4652660e+00
   2.3600032e+00
   1.3167340e+00
   6.2529624e-01
  -5.2855015e-03
  -6.9565493e-01
  -7.8208911e-01
  -1.1412325e+00
  -1.6735419e+00
  -1.7431741e+00
  -1.9441726e+00
  -5.6243408e-01
   4.9768350e-01
   9.5396966e-01
   6.0617661e-01
   4.7217083e-01
   4.5855358e-01
   5.4519761e-01
  -1.9604355e-01
  -1.0700446e-01
  -1.1669173e+00
  -4.8320370e+00
  -7.4424062e+00
  -6.8358793e+00
  -5.0138869e+00
  -1.8858960e+00
   1.0274111e-01
   8.9089310e-01
   1.0582590e-01
   1.7894253e+00
  -1.3291356e-01
   2.3899402e-01
   1.5375276e+00
   2.7125301e+00
   3.0583892e+00
   2.9848108e+00
   2.4949040e+00
   1.7125856e+00
   8.3531719e-01
  -6.9312048e-01
  -2.0682306e+00
  -3.2853379e+00
  -4.5799851e+00
  -5.2440677e+00
  -5.7421031e+00
  -6.0553241e+00
  -6.3147092e+00
  -6.5622625e+00
  -6.7190633e+00
  -6.8212204e+00
  -6.8935418e+00
  -6.8810902e+00
  -6.8313465e+00
  -6.7489800e+00
  -6.6277313e+00
  -6.4701238e+00
  -6.2357574e+00
  -5.9850240e+00
  -5.7047529e+00
  -5.3454962e+00
  -4.9924049e+00
  -4.6048689e+00
  -4.1300306e+00
  -3.7464261e+00
  -3.3759611e+00
  -2.9494419e+00
  -2.5967109e+00
  -2.2330282e+00
  -1.7646188e+00
  -1.2915068e+00
  -6.6913128e-01
   2.6983559e-01
   8.5015464e-01
   1.4161814e+00
   7.5520861e-01
   3.2009238e-01
  -2.1190369e-01
  -9.3200660e-01
  -1.1674062e+00
  -1.6524162e+00
  -2.2178905e+00
  -1.6742666e+00
  -1.4855800e+00
   2.5603324e-02
   8.5841292e-01
   1.0429167e+00
   3.7411681e-01
   1.9521078e-01
   2.7596560e-01
   1.7702296e-01
  -1.7136125e-01
  -3.2118130e-03
  -1.1061132e+00
  -4.6944509e+00
  -7.2835326e+00
  -6.8257003e+00
  -5.2334647e+00
  -2.0259764e+00
   2.9591482e-02
   8.5063022e-01
   3.8332671e-01
   1.7267870e+00
   1.5272854e-01
   1.5693206e-01
   1.0446321e+00
   2.7310619e+00
   3.0664194e+00
   3.0658283e+00
   2.7217374e+00
   1.7668143e+00
   8.4275737e-01
  -3.2015402e-01
  -1.4091391e+00
  -3.0110616e+00
  -4.3675317e+00
  -4.9852572e+00
  -5.4412363e+00
  -5.7380772e+00
  -5.9933128e+00
  -6.2380103e+00
  -6.3955560e+00
  -6.4963852e+00
  -6.5654048e+00
  -6.5508544e+00
  -6.4962797e+00
  -6.4053494e+00
  -6.2773184e+00
  -6.1145943e+00
  -5.8834815e+00
  -5.6355255e+00
  -5.3485905e+00
  -4.9715663e+00
  -4.5917858e+00
  -4.1540870e+00
  -3.5794764e+00
  -3.0925857e+00
  -2.6383861e+00
  -2.1773010e+00
  -1.8617996e+00
  -1.5982245e+00
  -1.3428892e+00
  -1.1308146e+00
  -8.3518702e-01
  -2.1875703e-01
   3.3782603e-02
   1.6354685e-01
   9.9557458e-03
  -8.4972164e-02
  -4.8612611e-01
  -1.2456912e+00
  -1.6787965e+00
  -2.3308564e+00
  -2.9403470e+00
  -1.5828130e+00
  -8.7693851e-01
   8.0604290e-01
   1.3371709e+00
   1.1609664e+00
   6.6128441e-02
  -1.7236888e-01
   3.3635986e-02
  -3.1161607e-01
  -1.3860312e-01
   1.3454112e-01
  -1.0254144e+00
  -4.5118484e+00
  -7.0726771e+00
  -6.8121922e+00
  -5.5248865e+00
  -2.2118903e+00
  -6.7492259e-02
   7.9719350e-01
   7.5162411e-01
   1.6436539e+00
   5.3183091e-01
   4.8019936e-02
   3.9046433e-01
   2.7556577e+00
   3.0770773e+00
   3.1733547e+00
   3.0227896e+00
   1.4059238e+00
   5.9310085e-01
  -1.7722526e-01
  -9.7534007e-01
  -3.3292513e+00
  -4.6265926e+00
  -5.2244749e+00
  -5.7561679e+00
  -6.1134658e+00
  -6.4127321e+00
  -6.6781673e+00
  -6.8300533e+00
  -6.9111190e+00
  -6.9385190e+00
  -6.8882389e+00
  -6.7927427e+00
  -6.6517878e+00
  -6.4922171e+00
  -6.3025956e+00
  -6.0511136e+00
  -5.7922678e+00
  -5.4882817e+00
  -5.0786209e+00
  -4.6681280e+00
  -4.1839151e+00
  -3.5014694e+00
  -2.8773503e+00
  -2.2451854e+00
  -1.5397509e+00
  -1.0770634e+00
  -7.9242051e-01
  -7.7448475e-01
  -1.0596769e+00
  -1.4432251e+00
  -1.3687952e+00
  -1.4114873e+00
  -1.9206371e+00
  -2.0171340e+00
  -1.1122299e+00
  -1.5768477e+00
  -2.3637137e+00
  -3.7799561e+00
  -4.0773931e+00
  -2.9188333e+00
  -1.5260491e+00
  -5.0442570e-01
   1.0914129e+00
   1.6278685e+00
   1.1583698e+00
  -3.0700016e-01
  -4.8631251e-01
  -4.0286127e-01
  -6.2080240e-01
  -2.9376414e-01
   7.9168957e-03
  -1.2848166e+00
  -3.9405699e+00
  -6.1421342e+00
  -5.5390458e+00
  -4.3452396e+00
  -2.3249526e+00
  -6.8085182e-01
   2.5455540e-01
   1.4939781e+00
   1.8521370e+00
   9.0506470e-01
  -3.0134064e-01
   3.7527603e-01
   2.5103962e+00
   2.8165288e+00
   3.0818486e+00
   2.6461685e+00
   1.3452356e+00
   4.4104218e-01
  -9.9654973e-02
  -1.0536577e+00
  -3.5047531e+00
  -4.8223677e+00
  -5.4341540e+00
  -6.0140820e+00
  -6.4114952e+00
  -6.7441740e+00
  -7.0393662e+00
  -7.2070284e+00
  -7.3040094e+00
  -7.3486686e+00
  -7.3130822e+00
  -7.2313509e+00
  -7.1058922e+00
  -6.9616938e+00
  -6.7879419e+00
  -6.5551395e+00
  -6.3135118e+00
  -6.0260448e+00
  -5.6262007e+00
  -5.2149057e+00
  -4.7197480e+00
  -4.0063143e+00
  -3.3372931e+00
  -2.6358962e+00
  -1.8110025e+00
  -1.2271322e+00
  -8.1442106e-01
  -6.7496955e-01
  -1.0167224e+00
  -1.6272347e+00
  -1.9015137e+00
  -1.9262586e+00
  -2.6213202e+00
  -2.9046390e+00
  -2.2253165e+00
  -2.6237745e+00
  -3.3481636e+00
  -4.2890277e+00
  -4.2789917e+00
  -2.8913236e+00
  -1.5871134e+00
  -5.2138299e-01
   1.0812523e+00
   1.7745507e+00
   1.1076173e+00
  -4.5487767e-01
  -5.2545321e-01
  -5.6153953e-01
  -7.5418299e-01
  -4.9076268e-01
  -2.3674528e-01
  -1.6332753e+00
  -3.7288895e+00
  -5.3521714e+00
  -4.5553174e+00
  -3.5161753e+00
  -2.3515294e+00
  -1.0877054e+00
  -2.2312313e-01
   1.3000363e+00
   1.7396144e+00
   7.7348578e-01
  -3.5377708e-01
   3.6614099e-01
   2.2677741e+00
   2.6418133e+00
   3.0149231e+00
   2.6912549e+00
   1.3380309e+00
   1.8050271e-01
   2.7486875e-02
  -1.3961822e+00
  -3.7943297e+00
  -5.1809162e+00
  -5.8323324e+00
  -6.4961980e+00
  -6.9643489e+00
  -7.3582875e+00
  -7.7148824e+00
  -7.9212674e+00
  -8.0625181e+00
  -8.1626662e+00
  -8.1744269e+00
  -8.1398129e+00
  -8.0688610e+00
  -7.9720391e+00
  -7.8450928e+00
  -7.6632021e+00
  -7.4655849e+00
  -7.2227819e+00
  -6.8578198e+00
  -6.4560422e+00
  -5.9527053e+00
  -5.2072761e+00
  -4.4848448e+00
  -3.6886432e+00
  -2.6769274e+00
  -1.8662404e+00
  -1.1640065e+00
  -6.5449607e-01
  -9.4335101e-01
  -1.8291907e+00
  -2.7122607e+00
  -2.5859710e+00
  -3.4759672e+00
  -4.2141683e+00
  -4.4289487e+00
  -4.6502987e+00
  -5.2195251e+00
  -4.6925353e+00
  -4.1000282e+00
  -2.8354266e+00
  -1.7499102e+00
  -6.9874793e-01
   9.5194855e-01
   2.0074044e+00
   9.9075009e-01
  -6.5997027e-01
  -5.0002387e-01
  -7.6823265e-01
  -9.4930627e-01
  -8.9064178e-01
  -7.5785313e-01
  -2.3461737e+00
  -3.4490741e+00
  -3.8628855e+00
  -2.7430962e+00
  -2.0283919e+00
  -2.3713469e+00
  -1.8050523e+00
  -1.1310979e+00
   5.7477148e-01
   1.4011460e+00
   3.2974428e-01
  -3.4609530e-01
   3.5055929e-01
   1.7953511e+00
   2.3327079e+00
   2.8934444e+00
   2.9354471e+00
   7.2586767e-01
  -9.4604863e-02
  -1.6006262e+00
  -4.3637450e+00
  -4.5134075e+00
  -5.3382277e+00
  -5.9818572e+00
  -6.6650905e+00
  -7.1556034e+00
  -7.5674610e+00
  -7.9499316e+00
  -8.1767025e+00
  -8.3390031e+00
  -8.4598756e+00
  -8.4974861e+00
  -8.4887805e+00
  -8.4391752e+00
  -8.3558407e+00
  -8.2376180e+00
  -8.0509048e+00
  -7.8455658e+00
  -7.5940280e+00
  -7.2198739e+00
  -6.8263669e+00
  -6.3542193e+00
  -5.6650041e+00
  -4.9933281e+00
  -4.2512658e+00
  -3.2975318e+00
  -2.4774787e+00
  -1.6369688e+00
  -4.6106216e-01
   3.2956871e-01
  -1.1664648e-01
  -2.5450038e+00
  -3.0085526e+00
  -4.0159962e+00
  -4.5362265e+00
  -4.5820618e+00
  -4.7981833e+00
  -4.8941901e+00
  -4.6317639e+00
  -4.0864604e+00
  -3.0810100e+00
  -2.2171538e+00
  -1.2572265e+00
   4.9297669e-01
   1.8780099e+00
   7.8789775e-01
  -8.4467702e-01
  -4.0470111e-01
  -8.3599036e-01
  -1.4239847e+00
  -1.4572158e+00
  -1.3674811e+00
  -2.3604716e+00
  -2.7924864e+00
  -1.5631302e+00
  -1.3341726e+00
  -1.5525385e+00
  -2.7610680e+00
  -2.6343109e+00
  -2.1439409e+00
  -7.7047543e-01
   5.7426456e-01
   4.1284256e-02
  -3.2947071e-01
   3.5333197e-01
   1.3620865e+00
   2.0572733e+00
   2.0816432e+00
   1.4072505e+00
   4.0837413e-01
  -4.2944497e-01
  -2.6640593e+00
  -5.5384631e+00
  -4.8116450e+00
  -5.3623341e+00
  -5.9871583e+00
  -6.6720219e+00
  -7.1700259e+00
  -7.5872288e+00
  -7.9799533e+00
  -8.2166118e+00
  -8.3896351e+00
  -8.5234203e+00
  -8.5760392e+00
  -8.5831661e+00
  -8.5484591e+00
  -8.4758977e+00
  -8.3658133e+00
  -8.1815901e+00
  -7.9751439e+00
  -7.7198954e+00
  -7.3388505e+00
  -6.9443313e+00
  -6.4789433e+00
  -5.8074050e+00
  -5.1547168e+00
  -4.4313374e+00
  -3.4906721e+00
  -2.6539358e+00
  -1.7414508e+00
  -2.7851409e-01
   9.2836274e-01
   6.0054004e-01
  -2.3414295e+00
  -3.2247930e+00
  -4.2814784e+00
  -4.6774778e+00
  -4.6807074e+00
  -4.8634872e+00
  -4.8049464e+00
  -4.6297301e+00
  -4.1346865e+00
  -3.2893202e+00
  -2.5477404e+00
  -1.6574593e+00
   4.3117844e-02
   1.6193940e+00
   6.0889399e-01
  -1.0040224e+00
  -5.0932854e-01
  -8.4302729e-01
  -1.6398202e+00
  -1.7584479e+00
  -1.6890335e+00
  -2.2271171e+00
  -2.2876093e+00
  -6.0144049e-01
  -8.1645364e-01
  -1.4711600e+00
  -3.0867021e+00
  -3.1123166e+00
  -2.6332528e+00
  -1.4781739e+00
   1.3243486e-01
  -8.6257038e-03
  -2.5664699e-01
   4.1360554e-01
   1.1561773e+00
   1.8676922e+00
   1.7321386e+00
   8.5425891e-01
  -1.7578125e-02
  -1.3517757e+00
  -4.6300284e+00
  -6.2173340e+00
  -5.0278345e+00
  -5.2531540e+00
  -5.8163878e+00
  -6.4827208e+00
  -6.9806656e+00
  -7.3953154e+00
  -7.7940012e+00
  -8.0422392e+00
  -8.2291665e+00
  -8.3856083e+00
  -8.4623044e+00
  -8.4965658e+00
  -8.4912795e+00
  -8.4424687e+00
  -8.3521972e+00
  -8.1836090e+00
  -7.9828127e+00
  -7.7246017e+00
  -7.3290816e+00
  -6.9201485e+00
  -6.4406485e+00
  -5.7645645e+00
  -5.1192885e+00
  -4.3978404e+00
  -3.4328463e+00
  -2.5446119e+00
  -1.5349255e+00
   1.6883868e-01
   1.5805509e+00
   1.1416834e+00
  -1.7806720e+00
  -3.5076961e+00
  -4.6017073e+00
  -4.8035035e+00
  -4.8604088e+00
  -4.9230434e+00
  -4.8809205e+00
  -4.6995952e+00
  -4.3354471e+00
  -3.7680730e+00
  -3.2085482e+00
  -2.4666768e+00
  -1.0819254e+00
   8.0092998e-01
   1.8704962e-01
  -1.3742627e+00
  -1.0290191e+00
  -7.8327122e-01
  -1.8546561e+00
  -2.1807621e+00
  -2.1336612e+00
  -1.7016215e+00
  -1.2056366e+00
   1.1988568e-01
  -6.4631813e-01
  -1.7692550e+00
  -3.8276626e+00
  -3.8715897e+00
  -3.2011062e+00
  -2.4522423e+00
  -4.9227164e-01
   1.6987699e-01
  -8.7693893e-04
   6.3932646e-01
   9.2621347e-01
   1.4982987e+00
   1.4393493e+00
   7.0226074e-01
  -3.2658151e-01
  -2.2560453e+00
  -4.9131203e+00
  -5.5355086e+00
  -4.7606483e+00
  -4.9427462e+00
  -5.4114566e+00
  -6.0378518e+00
  -6.5383234e+00
  -6.9698477e+00
  -7.3833065e+00
  -7.6446152e+00
  -7.8387499e+00
  -8.0040989e+00
  -8.0947876e+00
  -8.1498508e+00
  -8.1733341e+00
  -8.1556387e+00
  -8.0981131e+00
  -7.9727669e+00
  -7.8174429e+00
  -7.6141605e+00
  -7.2881236e+00
  -6.9346299e+00
  -6.4953508e+00
  -5.8379750e+00
  -5.1820440e+00
  -4.4309106e+00
  -3.3893239e+00
  -2.3776627e+00
  -1.1602480e+00
   4.9774468e-01
   1.3349371e+00
   1.1309556e+00
  -2.0145113e+00
  -3.6476979e+00
  -4.7897449e+00
  -4.8342748e+00
  -4.8556924e+00
  -4.8862581e+00
  -4.8734879e+00
  -4.7429328e+00
  -4.5046978e+00
  -4.1197829e+00
  -3.7127957e+00
  -3.1455624e+00
  -2.0913477e+00
  -2.4328351e-01
  -2.1279177e-01
  -1.6243765e+00
  -2.0392017e+00
  -1.0682120e+00
  -1.8518882e+00
  -2.4535902e+00
  -3.2505465e+00
  -2.3571358e+00
  -1.9506397e+00
  -7.8010941e-01
  -1.8445069e+00
  -2.8375592e+00
  -4.5001259e+00
  -4.3987131e+00
  -3.5044351e+00
  -2.3175848e+00
  -4.2888400e-01
   8.8213760e-01
   1.4095731e+00
   1.2267613e+00
   7.6292408e-01
   8.7359416e-01
   1.2893052e+00
   5.7565010e-01
  -6.1899889e-01
  -2.6434083e+00
  -4.6986403e+00
  -4.9874334e+00
  -4.4866166e+00
  -4.6372828e+00
  -5.0391855e+00
  -5.6346536e+00
  -6.1408269e+00
  -6.5942826e+00
  -7.0341201e+00
  -7.3134251e+00
  -7.5183630e+00
  -7.6931486e+00
  -7.7912379e+00
  -7.8570080e+00
  -7.8963928e+00
  -7.8956990e+00
  -7.8581247e+00
  -7.7601051e+00
  -7.6314373e+00
  -7.4607973e+00
  -7.1809654e+00
  -6.8698379e+00
  -6.4698319e+00
  -5.8434820e+00
  -5.1890768e+00
  -4.4175649e+00
  -3.3228214e+00
  -2.2293863e+00
  -8.8270307e-01
   6.8017995e-01
   1.1495333e+00
   9.8056710e-01
  -2.2189572e+00
  -3.7924543e+00
  -4.8668714e+00
  -4.8224206e+00
  -4.8247136e+00
  -4.8427935e+00
  -4.8470178e+00
  -4.7553805e+00
  -4.5997176e+00
  -4.3401470e+00
  -4.0438929e+00
  -3.6023505e+00
  -2.7677622e+00
  -1.0335873e+00
  -3.9422715e-01
  -1.6835046e+00
  -2.4991803e+00
  -1.2962025e+00
  -1.9475800e+00
  -2.7531344e+00
  -4.1465859e+00
  -3.1617711e+00
  -2.9111110e+00
  -2.2631955e+00
  -3.3525279e+00
  -3.9044418e+00
  -4.9556036e+00
  -4.7236257e+00
  -3.7271967e+00
  -2.2774272e+00
  -2.7975348e-01
   1.3656766e+00
   2.1630399e+00
   1.5061473e+00
   6.7824952e-01
   5.1635635e-01
   1.1924796e+00
   3.7941326e-01
  -1.3218972e+00
  -2.4860870e+00
  -3.0620841e+00
  -3.8957679e+00
  -3.7786710e+00
  -3.8757939e+00
  -4.1697256e+00
  -4.7068037e+00
  -5.2343785e+00
  -5.7544120e+00
  -6.2864693e+00
  -6.6221123e+00
  -6.8622743e+00
  -7.0620849e+00
  -7.1643961e+00
  -7.2350257e+00
  -7.2863244e+00
  -7.2975791e+00
  -7.2823146e+00
  -7.2183855e+00
  -7.1157423e+00
  -6.9786292e+00
  -6.7644260e+00
  -6.5316770e+00
  -6.2288873e+00
  -5.7080717e+00
  -5.0843156e+00
  -4.2817464e+00
  -3.1041319e+00
  -1.8955370e+00
  -3.9454386e-01
   8.1935191e-01
   8.1315382e-01
   2.9317425e-01
  -2.6712521e+00
  -4.1689227e+00
  -4.8179726e+00
  -4.6987083e+00
  -4.6886264e+00
  -4.7182026e+00
  -4.7382196e+00
  -4.7189223e+00
  -4.6767302e+00
  -4.6084827e+00
  -4.5002822e+00
  -4.2689031e+00
  -3.7457276e+00
  -2.4734727e+00
  -3.7267363e-01
  -1.4130005e+00
  -2.4522409e+00
  -1.7474315e+00
  -2.4060645e+00
  -3.5692823e+00
  -5.9265342e+00
  -5.5242226e+00
  -5.8135016e+00
  -7.2954749e+00
  -7.8469124e+00
  -6.5989149e+00
  -5.6300843e+00
  -5.1004724e+00
  -4.1132685e+00
  -2.3837089e+00
   2.8588441e-01
   2.0853033e+00
   2.6233571e+00
   1.5351199e+00
   6.3703722e-01
   2.0128763e-01
   1.0646928e+00
  -2.6988908e-01
  -1.5798879e+00
  -1.8114267e+00
  -2.3406372e+00
  -3.1168016e+00
  -3.0293390e+00
  -3.0673920e+00
  -3.2919088e+00
  -3.7496229e+00
  -4.2606940e+00
  -4.8287529e+00
  -5.4784372e+00
  -5.9236882e+00
  -6.2613456e+00
  -6.5508057e+00
  -6.6999427e+00
  -6.7961828e+00
  -6.8574654e+00
  -6.8718063e+00
  -6.8617269e+00
  -6.8027865e+00
  -6.7160389e+00
  -6.6015560e+00
  -6.4183518e+00
  -6.2227061e+00
  -5.9654200e+00
  -5.4958156e+00
  -4.8975395e+00
  -4.0733094e+00
  -2.7827195e+00
  -1.4291656e+00
   1.3950150e-01
   1.1143643e+00
   9.5041127e-01
  -4.3174071e-01
  -3.0574247e+00
  -4.0024796e+00
  -4.4697446e+00
  -4.2828955e+00
  -4.3087945e+00
  -4.4198322e+00
  -4.5251073e+00
  -4.5733880e+00
  -4.5982365e+00
  -4.6349992e+00
  -4.6408848e+00
  -4.5368571e+00
  -4.1746158e+00
  -3.4591995e+00
  -8.1952401e-01
  -1.2288431e+00
  -2.2424800e+00
  -3.1941093e+00
  -4.3830437e+00
  -4.3766503e+00
  -6.1441796e+00
  -6.6514475e+00
  -7.2001697e+00
  -8.8782853e+00
  -9.4640902e+00
  -7.2757769e+00
  -5.5531385e+00
  -5.1309370e+00
  -4.3158712e+00
  -2.5879053e+00
   4.4786776e-01
   2.4841482e+00
   2.9135441e+00
   1.8270257e+00
   8.0406334e-01
  -1.3006903e-01
   1.0029899e+00
  -4.0877349e-01
  -1.3599606e+00
  -1.1479793e+00
  -1.7304045e+00
  -2.4603209e+00
  -2.4558124e+00
  -2.4771220e+00
  -2.6413032e+00
  -3.0286707e+00
  -3.5087690e+00
  -4.0920718e+00
  -4.8158200e+00
  -5.3434909e+00
  -5.7638396e+00
  -6.1367077e+00
  -6.3371624e+00
  -6.4683918e+00
  -6.5513925e+00
  -6.5731629e+00
  -6.5630788e+00
  -6.4938401e+00
  -6.4018950e+00
  -6.2889327e+00
  -6.1148089e+00
  -5.9385632e+00
  -5.7131256e+00
  -5.2908815e+00
  -4.7256949e+00
  -3.8981602e+00
  -2.5174560e+00
  -1.0443197e+00
   5.4522911e-01
   1.2177604e+00
   9.7393948e-01
  -9.1797894e-01
  -3.2644805e+00
  -3.7935061e+00
  -4.0547388e+00
  -3.8062117e+00
  -3.8795860e+00
  -4.0764010e+00
  -4.2689917e+00
  -4.3798697e+00
  -4.4653657e+00
  -4.5846713e+00
  -4.6726616e+00
  -4.6604212e+00
  -4.4281605e+00
  -4.0082529e+00
  -1.4005240e+00
  -1.0468460e+00
  -2.1117927e+00
  -4.2139824e+00
  -5.5170911e+00
  -4.8944390e+00
  -6.2854699e+00
  -7.0568671e+00
  -7.6804642e+00
  -9.1821209e+00
  -9.5580421e+00
  -7.1713395e+00
  -5.3449987e+00
  -5.0126098e+00
  -4.3737805e+00
  -2.6979789e+00
   4.8851538e-01
   2.6664769e+00
   3.0218188e+00
   2.0211066e+00
   9.9338275e-01
  -3.0813346e-02
   1.0700405e+00
  -3.1113766e-01
  -1.8731900e-01
   9.1215259e-02
  -7.5021053e-01
  -1.4103367e+00
  -1.6473313e+00
  -1.7038729e+00
  -1.7681072e+00
  -2.0364633e+00
  -2.4349970e+00
  -2.9953222e+00
  -3.7904795e+00
  -4.4312926e+00
  -4.9848874e+00
  -5.5059036e+00
  -5.8106797e+00
  -6.0230391e+00
  -6.1657476e+00
  -6.2084630e+00
  -6.1901605e+00
  -6.0772353e+00
  -5.9420727e+00
  -5.7986043e+00
  -5.6070105e+00
  -5.4395139e+00
  -5.2528098e+00
  -4.9142065e+00
  -4.4237459e+00
  -3.6189850e+00
  -2.1037172e+00
  -4.4417034e-01
   1.1109239e+00
   1.1105467e+00
   8.3861473e-01
  -1.4616377e+00
  -3.3734259e+00
  -3.3303195e+00
  -3.1628616e+00
  -2.8068246e+00
  -2.9883231e+00
  -3.3544745e+00
  -3.7157439e+00
  -3.9373373e+00
  -4.1276200e+00
  -4.3677708e+00
  -4.5607205e+00
  -4.6661177e+00
  -4.6311491e+00
  -4.3577217e+00
  -2.7134555e+00
  -7.0546115e-01
  -1.9892800e+00
  -5.4710539e+00
  -6.3322328e+00
  -5.4173525e+00
  -6.4323734e+00
  -6.6831914e+00
  -7.1566905e+00
  -7.7346499e+00
  -7.3265781e+00
  -5.7376045e+00
  -4.7431439e+00
  -4.5530740e+00
  -4.2546097e+00
  -2.7576334e+00
   3.7359341e-01
   2.6694165e+00
   2.9391992e+00
   2.2340618e+00
   1.3873207e+00
   8.3838105e-01
   1.4007353e+00
   2.4796973e-01
   7.9185843e-01
  -2.3775697e-03
  -6.4652991e-01
  -7.0690656e-01
  -9.8978907e-01
  -1.0555911e+00
  -1.0173783e+00
  -1.1990466e+00
  -1.5447626e+00
  -2.0332375e+00
  -2.7663631e+00
  -3.4343061e+00
  -4.0627713e+00
  -4.6803284e+00
  -5.0662918e+00
  -5.3432717e+00
  -5.5445795e+00
  -5.6168513e+00
  -5.6032367e+00
  -5.4740739e+00
  -5.3144512e+00
  -5.1466446e+00
  -4.9435682e+00
  -4.7847395e+00
  -4.6163654e+00
  -4.3326612e+00
  -3.9203138e+00
  -3.1782749e+00
  -1.5909295e+00
   2.3728831e-01
   1.5303572e+00
   7.6050580e-01
   7.8701639e-01
  -1.6418915e+00
  -2.9289727e+00
  -2.4927638e+00
  -1.8312418e+00
  -1.4159393e+00
  -1.7155778e+00
  -2.2286582e+00
  -2.7631595e+00
  -3.1123447e+00
  -3.4333720e+00
  -3.8348703e+00
  -4.1515765e+00
  -4.3584800e+00
  -4.3554502e+00
  -4.1503191e+00
  -3.5651321e+00
  -1.7039354e+00
  -1.1265804e+00
  -2.2707987e+00
  -6.1843252e+00
  -5.7456608e+00
  -5.7673016e+00
  -5.8602314e+00
  -6.2040110e+00
  -6.4730163e+00
  -5.8754416e+00
  -4.5119982e+00
  -3.6284745e+00
  -3.4398291e+00
  -3.6125588e+00
  -2.3237839e+00
   1.2093683e-01
   1.8263466e+00
   2.1547444e+00
   1.4325835e+00
   1.5888264e+00
   1.0933952e+00
   1.4376892e+00
   7.4575841e-01
   9.9265242e-01
  -1.6202116e-01
  -4.8921365e-01
  -4.2930341e-01
  -6.3729024e-01
  -5.3553050e-01
  -4.2609519e-01
  -5.6864297e-01
  -8.9401091e-01
  -1.3455729e+00
  -2.0311680e+00
  -2.6877419e+00
  -3.3378088e+00
  -3.9958158e+00
  -4.4222941e+00
  -4.7327480e+00
  -4.9611020e+00
  -5.0461711e+00
  -5.0340719e+00
  -4.8971858e+00
  -4.7221960e+00
  -4.5393853e+00
  -4.3335447e+00
  -4.1874237e+00
  -4.0437446e+00
  -3.8123565e+00
  -3.4652324e+00
  -2.7839067e+00
  -1.1732450e+00
   6.9673137e-01
   1.6501439e+00
   6.4847291e-01
   5.3705340e-01
  -1.6777879e+00
  -2.4258676e+00
  -1.7085364e+00
  -8.1863987e-01
  -4.4018719e-01
  -7.9136213e-01
  -1.3557813e+00
  -1.9432623e+00
  -2.3630492e+00
  -2.7648544e+00
  -3.2812364e+00
  -3.6957293e+00
  -4.0015168e+00
  -4.0875058e+00
  -3.9600987e+00
  -3.7132301e+00
  -2.3857501e+00
  -1.0300482e+00
  -1.6590534e+00
  -5.5908093e+00
  -5.4457753e+00
  -5.1771436e+00
  -5.2045288e+00
  -5.3822921e+00
  -5.4210939e+00
  -4.7565031e+00
  -3.5011373e+00
  -2.7504215e+00
  -2.3038566e+00
  -2.7434799e+00
  -1.5640024e+00
   2.9607609e-01
   1.0578178e+00
   1.5231239e+00
   8.1686062e-01
   1.2570729e+00
   5.5385649e-01
   1.3604579e+00
   1.0440969e+00
   8.8326222e-01
  -3.8361368e-01
  -2.7601081e-01
  -2.8756329e-01
  -3.5113668e-01
   3.1634465e-02
   2.1258758e-01
   9.5618963e-02
  -2.1992582e-01
  -6.4287138e-01
  -1.2778833e+00
  -1.9034524e+00
  -2.5554790e+00
  -3.2368200e+00
  -3.6936612e+00
  -4.0303049e+00
  -4.2769456e+00
  -4.3698435e+00
  -4.3581343e+00
  -4.2158051e+00
  -4.0264463e+00
  -3.8298097e+00
  -3.6245756e+00
  -3.4955468e+00
  -3.3844073e+00
  -3.2147217e+00
  -2.9401658e+00
  -2.3308911e+00
  -7.1417940e-01
   1.1487997e+00
   1.6590898e+00
   6.2107480e-01
   1.4731917e-01
  -1.6558874e+00
  -1.7948868e+00
  -7.9019487e-01
   2.5443101e-01
   5.4530150e-01
   1.6220336e-01
  -4.2084157e-01
  -1.0178111e+00
  -1.4967617e+00
  -1.9731214e+00
  -2.6066208e+00
  -3.1269209e+00
  -3.5503473e+00
  -3.7690234e+00
  -3.7392621e+00
  -3.5742176e+00
  -3.0623925e+00
  -1.2592213e+00
  -2.0901132e+00
  -4.6768560e+00
  -4.8024049e+00
  -4.5017290e+00
  -4.4919538e+00
  -4.4538746e+00
  -4.2515283e+00
  -3.5615916e+00
  -2.3831832e+00
  -1.8019085e+00
  -9.2857552e-01
  -1.5968719e+00
  -5.0417352e-01
   6.9926077e-01
   1.6789716e-01
   8.3299088e-01
   1.6066279e-01
   6.1817956e-01
  -4.5243889e-01
   1.2162104e+00
   1.3127400e+00
  -1.4051205e-01
  -4.5121836e-02
   3.2902697e-03
  -3.2149397e-01
   1.1736079e-01
   5.8993788e-01
   9.2686091e-01
   1.0013673e+00
   7.5309525e-01
   3.5621308e-01
  -2.1920042e-01
  -7.5923109e-01
  -1.3286260e+00
  -1.9561887e+00
  -2.3948878e+00
  -2.7392096e+00
  -2.9880871e+00
  -3.0640294e+00
  -3.0410970e+00
  -2.9013696e+00
  -2.7216741e+00
  -2.5389548e+00
  -2.3476239e+00
  -2.2342515e+00
  -2.1720226e+00
  -2.1172888e+00
  -1.9693828e+00
  -1.5224026e+00
   4.8783184e-02
   1.5587693e+00
   9.0589018e-01
   8.2284600e-01
  -4.4977311e-01
  -2.0624905e+00
  -1.1161792e+00
   1.6873761e-01
   5.3366964e-01
   8.2864062e-01
   9.5278252e-01
   1.0143594e+00
   4.4434435e-01
  -7.1740960e-03
  -5.3206523e-01
  -1.3042027e+00
  -1.9703778e+00
  -2.5437265e+00
  -2.9697176e+00
  -3.1801310e+00
  -3.6158337e+00
  -5.4118982e+00
  -6.2464029e+00
  -4.9298747e+00
  -3.0793480e+00
  -3.3109654e+00
  -3.3153082e+00
  -3.1604672e+00
  -2.8387885e+00
  -2.5421515e+00
  -1.9005544e+00
  -9.8120973e-01
  -3.0315814e-01
  -2.5849999e-01
  -7.4686547e-01
   7.6293388e-01
   2.4810945e+00
   2.4428612e+00
   2.5783322e+00
   1.5005635e+00
   1.8361061e-01
  -4.3082332e-01
   1.4687220e+00
   7.4545961e-01
  -4.2405552e-01
  -3.0843994e-01
  -1.9384213e-01
  -2.3131368e-01
   4.8197836e-01
   9.5591962e-01
   1.3198214e+00
   1.4504783e+00
   1.2630934e+00
   8.7629437e-01
   3.2800788e-01
  -1.3053501e-01
  -5.9524155e-01
  -1.1266445e+00
  -1.5067862e+00
  -1.8092170e+00
  -2.0274966e+00
  -2.0807104e+00
  -2.0408218e+00
  -1.9148036e+00
  -1.7697419e+00
  -1.6194148e+00
  -1.4570994e+00
  -1.3601370e+00
  -1.3200001e+00
  -1.3256470e+00
  -1.2667090e+00
  -9.6716475e-01
   3.8514590e-01
   1.5613234e+00
   5.7323897e-01
   7.0760965e-01
  -1.2126727e+00
  -2.3709304e+00
  -7.6015520e-01
   2.3506351e-01
   4.8545045e-01
   6.6468120e-01
   7.7583677e-01
   1.4770133e+00
   1.3452078e+00
   1.0026658e+00
   4.5918557e-01
  -4.1683796e-01
  -1.1615646e+00
  -1.8075089e+00
  -2.3502605e+00
  -2.5515199e+00
  -2.6563878e+00
  -3.0044374e+00
  -4.1411076e+00
  -4.2161736e+00
  -2.4116127e+00
  -2.3219113e+00
  -2.4336414e+00
  -2.1619682e+00
  -1.7050952e+00
  -1.1726129e+00
  -1.2400199e+00
  -3.6449033e-01
   2.1612036e-01
  -3.2028064e-01
  -3.6833876e-01
   1.0259093e+00
   2.9056931e+00
   1.9453335e+00
   1.4922329e+00
   1.7166743e+00
   4.5666471e-01
   1.3531701e-01
   1.3961393e+00
   9.3861237e-02
  -5.5347294e-01
  -6.3700092e-01
  -4.2266369e-01
  -2.0054686e-01
   6.8103540e-01
   1.2915237e+00
   1.6321484e+00
   1.7071044e+00
   1.5577381e+00
   1.2397918e+00
   7.9075176e-01
   4.3751234e-01
   9.2798226e-02
  -3.1115690e-01
  -6.0183126e-01
  -8.2823652e-01
  -9.8515570e-01
  -1.0087718e+00
  -9.5077586e-01
  -8.3302099e-01
  -7.2026891e-01
  -6.0367447e-01
  -4.8045212e-01
  -4.1201133e-01
  -4.0271208e-01
  -4.7048223e-01
  -5.0296670e-01
  -3.5965183e-01
   6.0112363e-01
   1.3693216e+00
   4.9743655e-01
   6.0840255e-01
  -1.6598843e+00
  -2.0170624e+00
  -3.7714779e-01
   3.4703511e-01
   5.3574145e-01
   6.3331902e-01
   6.4862800e-01
   1.6541760e+00
   2.0934050e+00
   1.8968619e+00
   1.3484031e+00
   4.1647360e-01
  -3.4812364e-01
  -1.0339371e+00
  -1.7039132e+00
  -2.0019162e+00
  -2.0096626e+00
  -1.3736380e+00
  -2.1698949e+00
  -2.5211132e+00
  -1.2160735e+00
  -1.1372023e+00
  -1.4300084e+00
  -1.1652523e+00
  -7.7754104e-01
  -3.6699849e-01
  -9.7686744e-01
  -1.3933969e-01
   3.5341880e-01
  -4.0576601e-01
  -3.4154542e-02
   7.3223126e-01
   2.3634679e+00
   9.6397346e-01
   5.8682412e-01
   1.3043479e+00
   5.3904814e-01
   5.1726520e-01
   1.3018415e+00
  -8.1892155e-02
  -5.0690150e-01
  -9.3998808e-01
  -6.5286195e-01
  -2.3601206e-01
   6.9128931e-01
   1.4730175e+00
   1.7318633e+00
   1.7193421e+00
   1.5912058e+00
   1.4002329e+00
   1.1310427e+00
   9.1313517e-01
   7.0826769e-01
   4.7034964e-01
   3.0595675e-01
   1.9653863e-01
   1.3769616e-01
   1.5307504e-01
   2.2890516e-01
   3.4255388e-01
   4.2888901e-01
   5.1348954e-01
   5.9059727e-01
   6.1768574e-01
   5.8456963e-01
   4.5223394e-01
   3.2450947e-01
   2.9978144e-01
   7.0090950e-01
   9.6798563e-01
   6.8737793e-01
   5.7914001e-01
  -1.6202035e+00
  -9.8302424e-01
   6.5308716e-04
   4.8733413e-01
   6.7225015e-01
   7.3166209e-01
   5.9591538e-01
   1.4623083e+00
   2.4983480e+00
   2.5838206e+00
   2.1030049e+00
   1.1694534e+00
   4.5861551e-01
  -2.2082657e-01
  -1.0188370e+00
  -1.5236719e+00
  -1.7009556e+00
  -6.3221800e-01
  -5.0111002e-01
  -4.1777328e-02
   3.5802740e-01
   1.9438513e-01
  -3.2256985e-01
  -2.2316234e-01
  -1.1349629e-01
  -1.7594083e-01
  -1.0664463e+00
  -3.2670280e-01
   7.7321336e-02
  -4.7840911e-01
   2.7224079e-01
   1.3387732e-02
   9.0791976e-01
  -3.4679878e-01
  -8.0409301e-03
   3.0821410e-01
   4.2568421e-01
   6.2555850e-01
   1.2078781e+00
   2.6662242e-01
  -3.7212920e-01
  -3.9677202e-01
  -6.2552057e-01
  -2.9462722e-01
   6.2473832e-01
   5.4453316e-01
   6.6488961e-01
   1.4044333e+00
   1.3808987e+00
   1.2929111e+00
   1.2691075e+00
   1.2604784e+00
   1.2620128e+00
   1.2760003e+00
   1.3004180e+00
   1.3741496e+00
   1.4692043e+00
   1.5519346e+00
   1.6356138e+00
   1.7270615e+00
   1.8122558e+00
   1.8871713e+00
   1.9441282e+00
   1.9227197e+00
   1.8166576e+00
   1.5978295e+00
   1.3392658e+00
   1.0816448e+00
   9.7049275e-01
   4.8912172e-01
   7.9006985e-01
   1.0440456e+00
  -2.0535033e-01
  -8.1427921e-02
   1.4527560e-01
   4.5901519e-01
   6.4162180e-01
   7.1347084e-01
   7.2340700e-01
   6.6809650e-01
   1.3173730e+00
   2.6726835e+00
   2.8296146e+00
   1.9129174e+00
   1.3621154e+00
   7.9169547e-01
  -6.6183879e-02
  -7.8018780e-01
  -1.2844098e+00
  -1.0663192e-01
   1.0598789e-01
   3.4903901e-01
   4.5769073e-01
   1.2358945e+00
   7.9303333e-01
   4.5931764e-01
   3.5183893e-01
   6.6853143e-02
  -4.0950450e-01
  -4.2517930e-01
  -2.4128809e-01
  -1.9994480e-01
   8.5459169e-01
   8.4575491e-01
   4.2064733e-01
  -1.0330094e-01
   3.2882656e-01
   2.2731737e-02
   3.9885004e-01
   6.5280958e-02
   1.3191449e+00
   7.5809166e-01
  -5.4214723e-02
   1.7188567e-01
  -1.8196218e-01
   7.8542270e-02
   3.8275263e-01
   3.7605080e-01
   4.1986978e-01
   6.3093328e-01
   7.1211922e-01
   7.7531397e-01
   1.0120465e+00
   1.2653248e+00
   1.5209326e+00
   1.7941986e+00
   2.0215573e+00
   2.2110364e+00
   2.4532557e+00
   2.5840302e+00
   2.7072916e+00
   2.7999358e+00
   2.9052019e+00
   2.9953160e+00
   3.0406146e+00
   3.0077620e+00
   2.8589804e+00
   2.5651932e+00
   2.2089834e+00
   1.8396004e+00
   1.1688799e+00
   4.7784877e-01
   8.2900524e-01
   1.5715612e+00
   8.0438882e-02
   9.1009587e-02
   6.7769065e-02
   3.0838904e-01
   4.5808154e-01
   7.6380342e-01
   8.9163375e-01
   8.5409260e-01
   9.6265686e-01
   1.1050062e+00
   1.5480529e+00
   1.9670814e+00
   1.7584966e+00
   1.4569933e+00
   7.3538589e-01
   1.6472411e-01
  -3.0635092e-01
   1.1418594e-01
   1.9129236e-01
   3.3213684e-01
   5.8436942e-01
   7.8606284e-01
   7.3707086e-01
   4.8952454e-01
   4.6700230e-01
   2.4372393e-01
   3.1041321e-01
   6.2090313e-01
   1.1247514e+00
   1.7313461e+00
   1.9096783e+00
   1.5373123e+00
   3.6336294e-01
   5.2694595e-01
   4.6862248e-01
   9.0720093e-01
   1.4612328e+00
   1.3108965e+00
   9.2888409e-01
   7.6947325e-01
   4.5522520e-01
   3.5863802e-01
  -2.0392938e-01
  -9.8361440e-02
   5.3763092e-01
   7.3367941e-01
   6.3051033e-01
  -5.8140587e-02
  -1.6828270e-01
   1.3215269e-01
   6.4146686e-01
   1.0915790e+00
   1.5883704e+00
   2.1085410e+00
   2.5013084e+00
   2.8248343e+00
   3.1287043e+00
   3.3299189e+00
   3.4754970e+00
   3.6333156e+00
   3.7432652e+00
   3.8571203e+00
   3.8758242e+00
   3.8292942e+00
   3.6453702e+00
   3.3076491e+00
   2.9006464e+00
   2.4526076e+00
   1.5280412e+00
   4.2130733e-01
   6.9879830e-01
   1.8580347e+00
   7.5251348e-02
  -4.0780429e-02
  -7.5394958e-02
   2.1449591e-01
   3.6649019e-01
   7.2279614e-01
   8.2098979e-01
   1.0882349e+00
   9.5979404e-01
   7.0546997e-01
   7.2489405e-01
   1.4048352e+00
   1.9738531e+00
   1.8218381e+00
   1.4416759e+00
   9.9863976e-01
   9.3120694e-01
   7.4537599e-01
   2.9977727e-01
   5.4377836e-01
   1.1638544e-01
   5.6696516e-01
   9.1051006e-01
   1.0736728e+00
   8.6268127e-01
   8.7208784e-01
   1.5072553e+00
   1.7394874e+00
   2.1685514e+00
   2.7183585e+00
   2.7911863e+00
   2.2220120e+00
   7.2090352e-01
   3.2130152e-01
   1.0801558e+00
   1.2144758e+00
   2.9543099e-01
   6.5087038e-01
   6.0915327e-01
   1.2660890e+00
   6.0342181e-01
   5.5138981e-01
  -1.8828221e-02
   5.7289824e-02
   6.9013095e-01
   1.0316572e+00
   1.4271286e+00
  -4.9481997e-01
  -1.2400384e+00
  -5.9824324e-01
   8.2734190e-02
   7.8310001e-01
   1.4266198e+00
   2.2439270e+00
   2.7477627e+00
   3.2454216e+00
   3.5989161e+00
   3.8952169e+00
   4.0614624e+00
   4.3351989e+00
   4.4513893e+00
   4.5909715e+00
   4.5523448e+00
   4.4893885e+00
   4.2538862e+00
   3.8924644e+00
   3.4401937e+00
   2.9778829e+00
   2.0638008e+00
   8.1296152e-01
   6.1636400e-01
   2.1897366e+00
   6.7473814e-02
  -2.8039214e-01
  -2.1297009e-01
   8.1695318e-02
   3.1398177e-01
   5.7435757e-01
   6.9634569e-01
   9.8355150e-01
   1.0167395e+00
   9.3946636e-01
   7.8972316e-01
   1.1944739e+00
   1.8117459e+00
   2.0114870e+00
   1.9517919e+00
   1.6417711e+00
   1.6816605e+00
   8.9667201e-01
   4.9663728e-01
   2.6172483e-01
   2.4537975e-02
   4.3427715e-01
   1.1819230e+00
   2.2142298e+00
   2.0619369e+00
   2.0616341e+00
   2.5386918e+00
   2.7530062e+00
   3.0931935e+00
   3.4063153e+00
   3.3566811e+00
   3.1007118e+00
   1.9785683e+00
   5.5196309e-01
   1.1222012e+00
   4.8761612e-01
   1.2539576e-01
   2.8828043e-01
   6.0402608e-01
   1.1423309e+00
   2.9323900e-01
   4.9257985e-01
   1.2806743e-01
   5.5625361e-01
   7.9099476e-01
   9.5561046e-01
   2.0766060e+00
   1.9495413e-01
  -1.3649206e+00
  -1.0944297e+00
  -3.1569657e-01
   4.8604939e-01
   1.2593971e+00
   2.1709311e+00
   2.8234805e+00
   3.3701279e+00
   3.8929250e+00
   4.2129631e+00
   4.5043492e+00
   4.7668366e+00
   4.9584135e+00
   5.0164771e+00
   5.0331421e+00
   4.8592471e+00
   4.6840181e+00
   4.1670804e+00
   3.8196926e+00
   3.2021377e+00
   2.6708024e+00
   1.0159180e+00
   2.6604822e-01
   2.6130385e+00
  -1.8687002e-01
  -6.3660753e-01
  -3.8997981e-01
  -7.5094631e-02
   1.9759829e-01
   3.9975810e-01
   5.6305181e-01
   6.9165123e-01
   8.3810174e-01
   9.2279113e-01
   9.2508668e-01
   1.2143520e+00
   1.5918704e+00
   2.1027317e+00
   2.2609291e+00
   2.1375742e+00
   1.5169638e+00
   6.2331754e-01
   4.7084403e-01
   1.6559444e-02
   3.7526238e-01
   6.2580280e-01
   1.2005775e+00
   2.3906033e+00
   2.7890908e+00
   2.9230099e+00
   3.1049991e+00
   3.3613425e+00
   3.6438079e+00
   3.7430341e+00
   3.5481735e+00
   3.1743009e+00
   1.9026582e+00
   5.9488397e-01
   7.8043449e-01
   3.3269286e-01
   3.7398882e-01
   1.2173556e-01
   8.8062024e-01
   4.7635103e-01
  -3.5536956e-02
  -3.7777320e-02
   1.4095373e-01
   1.0232526e+00
   9.8393553e-01
   5.5135935e-01
   1.7692158e+00
   1.7459912e+00
  -5.3366237e-01
  -1.0618421e+00
  -2.6005268e-01
   4.1452990e-01
   1.3172374e+00
   2.1459308e+00
   2.8864457e+00
   3.4082704e+00
   3.9856091e+00
   4.3452859e+00
   4.6434150e+00
   4.8936281e+00
   5.0325960e+00
   5.0871944e+00
   5.0746288e+00
   4.8865165e+00
   4.6860027e+00
   4.1201043e+00
   3.8311017e+00
   3.1225903e+00
   2.4765270e+00
  -6.7255780e-02
   3.8233984e-01
   2.5361638e+00
  -6.6042600e-01
  -9.2420244e-01
  -5.6109500e-01
  -2.0741514e-01
   2.6996318e-02
   2.5642499e-01
   4.2826934e-01
   4.9360803e-01
   4.9218640e-01
   4.3098206e-01
   5.0804734e-01
   1.0578048e+00
   1.5265532e+00
   2.1698525e+00
   2.2736373e+00
   1.9945444e+00
   9.9857837e-01
   3.6832565e-01
   3.6644729e-01
   3.9584172e-01
   1.0036544e+00
   1.1378451e+00
   1.1180930e+00
   1.5310276e+00
   2.1269295e+00
   2.4701567e+00
   2.6411633e+00
   2.8106238e+00
   2.9713166e+00
   2.8016596e+00
   2.5210809e+00
   1.9008862e+00
   3.7053308e-01
   2.0861462e-01
   6.5061331e-01
   7.0859581e-01
   8.8141580e-02
   1.7452233e-01
   8.1588757e-01
  -6.4793579e-02
   7.2058782e-02
   1.1069259e-01
   5.3042322e-01
   8.2053268e-01
   1.0113893e+00
   1.5541992e-01
   7.5891596e-01
   2.4892173e+00
   2.6295388e-01
  -4.5986223e-01
   2.3569977e-01
   8.7902761e-01
   1.7225604e+00
   2.5508637e+00
   3.0868988e+00
   3.5754204e+00
   3.9450638e+00
   4.2593179e+00
   4.4141073e+00
   4.5544553e+00
   4.5992146e+00
   4.6672359e+00
   4.5360599e+00
   4.4170575e+00
   4.0251431e+00
   3.7466068e+00
   3.1649089e+00
   2.8084660e+00
   1.0360072e+00
  -1.2151688e+00
   1.8546038e+00
   1.3727609e+00
  -9.7978699e-01
  -8.9739066e-01
  -6.4522314e-01
  -2.7549833e-01
  -4.6179682e-02
   1.9507486e-01
   3.6385164e-01
   3.7123361e-01
   3.3136183e-01
   2.6409474e-01
   4.7772241e-01
   8.0389065e-01
   9.8331892e-01
   1.5804071e+00
   1.8440204e+00
   1.3378142e+00
   9.0429795e-01
   4.4127572e-01
   6.1986840e-01
   8.7880605e-01
   1.2797956e+00
   1.2309692e+00
   1.1007520e+00
   1.0698392e+00
   1.1394120e+00
   1.3008595e+00
   1.4082643e+00
   1.4373286e+00
   1.3013247e+00
   8.9390892e-01
   7.2326410e-01
   5.3131044e-01
  -9.9096805e-02
   2.5697231e-01
   5.7919669e-01
   1.0681650e-01
   1.5987121e-02
   4.1179082e-01
   2.3539206e-01
   1.0685191e-01
   4.5068133e-01
   6.7233628e-01
   4.5381284e-01
   2.1321854e-01
   9.4269657e-01
  -5.8841616e-02
   3.0750476e-02
   2.4830563e+00
   1.3288089e+00
   5.5226934e-01
   1.0742438e+00
   1.7830890e+00
   2.3865473e+00
   2.9166737e+00
   3.2584286e+00
   3.4909875e+00
   3.6623545e+00
   3.7384448e+00
   3.7229674e+00
   3.7176442e+00
   3.7645724e+00
   3.7003307e+00
   3.5181484e+00
   3.1528640e+00
   2.9727120e+00
   2.5400975e+00
   2.1246641e+00
   1.6056818e+00
  -1.0207086e+00
  -5.7782292e-01
   2.8330169e+00
  -8.3591327e-02
  -1.0915549e+00
  -7.7817225e-01
  -6.7670095e-01
  -2.2207128e-01
  -1.2745475e-02
   2.4697398e-01
   3.5561946e-01
   2.6472592e-01
   2.8378597e-01
   3.7365127e-01
   9.5741695e-01
   5.4462075e-01
  -7.3966332e-02
   4.2903054e-01
   1.1195521e+00
   8.7076974e-01
   6.4017993e-01
   6.5777063e-01
   7.8994989e-01
   5.8337659e-01
   5.2594048e-01
   6.7057204e-01
   7.1573907e-01
   6.2971246e-01
   5.3374064e-01
   6.0019505e-01
   7.2344780e-01
   7.0123821e-01
   4.6278545e-01
   2.0246263e-01
   2.0901310e-01
   8.3394311e-02
   2.1292331e-02
   3.5325572e-01
   2.7923340e-01
   8.4174611e-03
   2.5459033e-01
   2.1491732e-01
   4.8407429e-01
   8.0926341e-01
   3.1849462e-01
   4.1305688e-01
   1.9037440e-01
   2.4069348e-01
   7.8636700e-01
  -2.4017133e-02
  -3.8109880e-02
   2.1961038e+00
   2.3153553e+00
   1.8889885e+00
   1.7053903e+00
   1.1861360e+00
   1.3164084e+00
   2.2058885e+00
   2.4804029e+00
   2.6649363e+00
   2.6785400e+00
   2.5346227e+00
   2.4796767e+00
   2.0915511e+00
   1.8038657e+00
   1.6172826e+00
   1.0374833e+00
   1.0735946e+00
   1.2003479e+00
   8.2767642e-01
   5.7802814e-01
  -9.2959934e-01
  -2.5906770e+00
   1.0304744e+00
   2.1640179e+00
  -8.0366939e-01
  -9.8343444e-01
  -7.6446778e-01
  -5.1774997e-01
  -5.4224107e-02
   9.7783267e-02
   3.5111237e-01
   3.7642521e-01
   2.5203696e-01
   3.2189697e-02
  -2.5665015e-04
   7.4717098e-01
   5.5810854e-02
  -8.6680245e-01
   1.0412680e-01
   7.8832537e-02
  -5.3598195e-01
   2.2455379e-02
   3.5889325e-01
   7.8002080e-02
  -5.3845517e-02
  -4.5757327e-02
   4.1743812e-01
   4.9399596e-01
   1.6425443e-01
   1.8865268e-01
   2.1758680e-01
   3.3280364e-01
   3.7060094e-01
   1.2039980e-01
   1.1897084e-01
   2.8115496e-01
   7.3628657e-02
  -1.9201045e-01
   3.2652535e-02
   2.2156590e-01
   2.0044929e-01
   3.4289867e-01
   5.5433059e-01
   7.0764285e-01
   4.7732782e-01
   2.3479764e-01
   4.2560899e-01
  -2.5266758e-01
   5.0560202e-02
   3.0694744e-01
  -3.5881126e-01
   2.1912636e-01
   1.5858250e+00
   1.6971159e+00
   1.6668922e+00
   3.0069402e-01
  -1.1205772e-01
   9.1126889e-01
   6.8073380e-01
   4.2293108e-01
   1.1781139e+00
   1.1889279e+00
   1.1187681e+00
   1.2604456e+00
  -4.5352988e-02
  -1.0871739e+00
  -1.1338388e+00
  -6.7675984e-01
  -6.2551993e-01
  -1.0228587e+00
  -1.9136564e+00
  -2.1947410e+00
  -2.7211223e+00
  -9.6991926e-01
   2.9967225e+00
   1.1832087e+00
  -7.7558082e-01
  -8.2856274e-01
  -6.1890548e-01
  -2.3804134e-01
   1.2994817e-01
   3.3451074e-01
   4.9500796e-01
   5.4685569e-01
   3.0310953e-01
  -2.7918789e-01
  -1.4360224e-01
   3.0636454e-01
  -4.4089529e-01
  -7.3901355e-01
  -2.7660516e-01
  -5.7983959e-01
  -3.2258099e-01
   1.2979646e-01
  -1.1702815e+00
  -1.2776978e+00
  -2.8361380e-01
   1.8864030e-02
   3.6848837e-01
   4.4634101e-01
   2.3973569e-02
   1.4694139e-01
   2.1692894e-01
   1.5571725e-01
   1.0742226e-01
  -2.4656244e-01
  -2.6252124e-01
   3.2609884e-02
  -1.7442276e-01
  -3.8255194e-01
  -7.4294865e-02
   1.1091842e-01
  -2.0345617e-03
   7.3011830e-02
   4.4537812e-01
   2.2984926e-01
  -3.4363568e-01
   1.1123342e-01
   9.1596508e-01
   2.8280395e-01
  -4.6802424e-02
   1.5670140e-01
   2.1398860e-01
   2.9258877e-01
   2.4607089e-01
   1.5230009e-01
   2.0910716e-01
   1.5767217e-01
  -1.3339464e-02
   1.4041288e-01
   5.1242733e-01
  -4.2644300e-02
  -6.9706535e-01
  -5.7036895e-01
  -6.6337848e-01
  -1.4021168e+00
  -2.9519553e+00
  -2.5538969e+00
  -1.1815269e+00
  -8.4190762e-01
  -9.8982012e-01
  -1.1697255e+00
  -1.7312148e+00
  -2.2383523e+00
  -1.1274918e+00
   2.7361250e+00
   2.8040900e+00
   2.6955912e-01
  -7.4161446e-01
  -6.5549034e-01
  -3.5527214e-01
   6.5330684e-02
   3.4676883e-01
   4.8931196e-01
   7.1308434e-01
   5.5437917e-01
  -2.1804103e-01
  -6.0767448e-01
   2.7611738e-01
   7.4530709e-01
  -6.8170324e-02
  -5.4146367e-01
  -9.5197582e-01
  -9.9531454e-01
   3.2041460e-01
   1.7429307e+00
   6.3467264e-01
  -1.7683174e-01
  -2.3127784e-01
  -5.5912875e-02
  -2.9084135e-02
   1.9409145e-01
   5.8517790e-01
   6.3229007e-01
   3.9390773e-01
  -2.2453200e-03
  -1.9179536e-01
  -2.3738319e-01
  -1.0724090e-01
  -1.8899038e-02
  -3.2539430e-01
  -6.2347448e-01
  -2.5085129e-02
   1.7964818e-01
  -4.7466344e-01
  -5.5414534e-01
  -3.0656137e-02
  -3.5109240e-01
  -7.8648853e-01
   5.1503891e-01
   8.8476926e-01
   4.1679657e-01
  -5.3626649e-02
  -4.4027060e-01
  -8.2252002e-01
  -8.5970700e-01
  -2.7360901e-01
   4.5125005e-01
   7.8760523e-01
   3.4682131e-01
  -1.5245709e-01
  -2.3551333e-01
   1.5463293e-01
   3.1151021e-01
   4.8899546e-02
  -7.5384796e-01
  -1.4400601e+00
  -1.9024853e+00
  -1.6296977e+00
  -4.9949523e-02
   9.0613717e-01
   1.4731811e-01
  -7.9767746e-01
  -1.5372471e+00
  -6.5461528e-01
   1.2312903e+00
   2.2141356e+00
   1.4497749e+00
   8.0206692e-02
  -6.8605697e-01
  -6.6713226e-01
  -1.7852969e-01
   3.9053372e-01
   6.3613349e-01
   5.4078865e-01
   5.0300044e-01
   4.5261768e-01
  -3.0373247e-02
  -4.9577200e-01
  -4.1838638e-02
   8.0824178e-01
   7.9274219e-01
  -5.0227082e-01
  -1.1544324e+00
  -1.3081700e+00
  -5.0364810e-01
   3.6476257e-01
   1.2680186e+00
   7.0140064e-01
  -4.9254052e-02
  -6.1594033e-01
  -3.5620275e-01
   7.3649436e-02
   3.4278065e-01
   5.4645061e-01
   5.1464617e-01
   3.4435430e-01
   2.0628661e-02
  -1.7431083e-01
  -1.6908452e-01
  -4.8827920e-02
  -9.3493707e-02
  -1.8949506e-01
  -7.9782717e-02
  -1.0882903e-01
  -3.4554604e-01
  -5.7521302e-01
  -6.7642069e-01
  -6.8143725e-01
  -6.2397689e-01
  -2.5974268e-01
   3.2212761e-01
   7.4470496e-01
   2.7703732e-01
  -4.3166691e-01
  -8.2941836e-01
  -6.7530566e-01
   9.7933933e-02
   4.6590042e-01
   1.1592016e-01
  -4.0051988e-01
  -6.4868844e-01
  -2.7930877e-01
   2.6989993e-01
   3.1812203e-01
  -7.2210960e-02
  -4.1174698e-01
  -4.9164486e-01
  -3.2195160e-01
  -1.3379189e-01
  -7.8071065e-02
  -8.8657081e-02
  -3.1648022e-01
  -6.4624095e-01
  -9.2184603e-01
  -1.0106871e+00
  -4.4434625e-01
  -2.3690298e-01
  -7.8395510e-01
  -1.2604685e+00
  -1.3167808e+00
  -9.3986511e-01
  -3.6167189e-01
  -5.1648580e-02
   9.9493988e-02
   1.2199103e-01
  -7.4716039e-02
  -5.0733924e-01
  -1.3983593e+00
  -1.6116788e+00
  -5.8843499e-01
  -6.4973854e-02
  -2.3082186e-01
  -5.3772718e-01
  -9.1521007e-01
  -1.1751988e+00
  -1.1309963e+00
  -3.7197262e-01
   5.5008554e-01
   1.0574300e+00
   6.3680518e-01
   1.1925782e-01
  -3.1428072e-01
  -3.7377527e-01
  -2.6685023e-01
  -4.1006115e-01
  -5.5994481e-01
  -6.4858747e-01
  -5.7837170e-01
  -2.9201934e-01
  -1.8269607e-01
  -8.1990629e-02
   4.3617733e-02
   9.1347471e-02
   1.9780282e-02
  -2.7042833e-01
  -5.3408247e-01
  -5.1085830e-01
  -3.4116209e-01
  -3.0357760e-01
  -3.8813272e-01
  -5.5444497e-01
  -3.2907614e-01
  -9.1464229e-02
  -5.0146647e-02
  -1.0375826e-01
  -1.8810859e-01
  -3.3513424e-01
  -5.1598060e-01
  -6.6248178e-01
  -7.3796088e-01
  -6.9458679e-01
  -6.3821894e-01
  -5.5658752e-01
  -5.7924466e-01
  -6.8729991e-01
  -9.2255187e-01
  -1.1342542e+00
  -1.2991756e+00
  -1.3800418e+00
  -1.2995456e+00
  -1.2053012e+00
  -1.3423860e+00
  -1.3625677e+00
  -1.4012185e+00
  -1.3559068e+00
  -1.3302847e+00
  -1.3719891e+00
  -1.4483680e+00
  -1.3342605e+00
  -1.1155674e+00
  -7.4110925e-01
  -4.1887764e-01
  -1.6321059e-01
  -6.9598481e-04
   3.7916961e-02
   1.5599877e-02
  -5.4924898e-02
  -1.4775780e-01
  -2.6419050e-01
  -5.1786602e-01
  -8.6096127e-01
  -5.4459035e-01
  -2.3908925e-01
  -8.8736658e-02
   7.1235038e-02
   1.2186012e-01
   1.6303756e-01
   2.5893131e-01
   3.9657927e-01
   4.1841270e-01
   2.6499793e-01
  -4.3989080e-03
  -1.4617815e-01
  -1.9529071e-01
  -9.8073073e-02
   6.2691264e-03
   4.0969033e-02
  -1.9575216e-02
  -1.3422151e-01
  -2.5005570e-01
  -1.9127686e-01
  -1.3629274e-01
  -1.3463072e-01
  -2.7458394e-01
  -4.8706916e-01
  -6.5421081e-01
  -7.2132945e-01
  -7.6646390e-01
  -7.1149987e-01
  -6.2582552e-01
  -5.9681563e-01
  -5.3801268e-01
  -4.1544196e-01
  -2.3762724e-01
