  3.396139e-01
  3.373301e-01
  3.287094e-01
  3.223844e-01
  3.210989e-01
  3.216733e-01
  3.188308e-01
  3.243218e-01
  3.253781e-01
  3.198199e-01
  3.119648e-01
  3.025908e-01
  2.917931e-01
  2.787885e-01
  2.662578e-01
  2.558641e-01
  2.409535e-01
  2.336732e-01
  2.280890e-01
  2.235518e-01
  2.164177e-01
  2.118423e-01
  2.078769e-01
  2.084266e-01
  2.113800e-01
  2.137483e-01
  2.157132e-01
  2.201172e-01
  2.237852e-01
  2.305488e-01
  2.311166e-01
  2.317404e-01
  2.248816e-01
  2.177284e-01
  2.058015e-01
  1.974601e-01
  1.957902e-01
  1.980222e-01
  2.114188e-01
  2.202523e-01
  2.370432e-01
  2.377103e-01
  2.383174e-01
  2.324863e-01
  2.295991e-01
  2.261477e-01
  2.222329e-01
  2.206069e-01
  2.188522e-01
  2.184558e-01
  2.197198e-01
  2.212651e-01
  2.244401e-01
  2.286280e-01
  2.340226e-01
  2.412434e-01
  2.574482e-01
  2.711136e-01
  2.847582e-01
  2.972301e-01
  3.076004e-01
  3.204539e-01
  3.355396e-01
  3.499090e-01
  3.615819e-01
  3.710370e-01
  3.781543e-01
  3.836339e-01
  3.878791e-01
  3.948833e-01
  4.137228e-01
  4.323089e-01
