   7.9703393e-01   7.9623521e-01   7.9488666e-01   7.9270088e-01   7.9021112e-01   7.8681383e-01   7.8182704e-01   7.7713649e-01   7.7254611e-01   7.6803819e-01   7.6517516e-01   7.6292671e-01   7.6056793e-01   7.5872126e-01   7.5701347e-01   7.5470217e-01   7.5207071e-01   7.4863069e-01   7.4388375e-01   7.4044258e-01   7.3762391e-01   7.3485385e-01   7.3266149e-01   7.3009629e-01   7.2609466e-01   7.2165490e-01   7.1562591e-01   7.0567760e-01   6.9496692e-01   6.8156690e-01   6.6142231e-01   6.4115048e-01   6.1836915e-01   5.8708271e-01   5.5736934e-01   5.2441935e-01   4.8254440e-01   4.4859150e-01   4.1690044e-01   3.8274809e-01   3.5826192e-01   3.3773163e-01   3.2160080e-01   3.1857423e-01   3.2663580e-01   3.5127296e-01   3.8105752e-01   4.1543554e-01   4.5935980e-01   4.9575630e-01   5.3027757e-01   5.6736376e-01   5.9430634e-01   6.1813898e-01   6.4309511e-01   6.6156926e-01   6.7849851e-01   6.9643439e-01   7.0940308e-01   7.2103862e-01   7.3300457e-01   7.4172614e-01   7.4990611e-01   7.5950606e-01   7.6713693e-01   7.7406536e-01   7.8145033e-01   7.8680903e-01   7.9112540e-01   7.9489605e-01   7.9676601e-01   7.9737852e-01
   8.3236528e-01   8.0697701e-01   7.8128946e-01   7.5075436e-01   7.2578113e-01   7.0225948e-01   6.7821916e-01   6.6333348e-01   6.5474105e-01   6.5451528e-01   6.6110678e-01   6.7304967e-01   6.9421346e-01   7.1683129e-01   7.4222967e-01   7.7302944e-01   7.9679602e-01   8.1824214e-01   8.4274729e-01   8.6564334e-01   8.9183967e-01   9.2576184e-01   9.5359188e-01   9.8123667e-01   1.0151804e+00   1.0447464e+00   1.0743079e+00   1.1059172e+00   1.1258326e+00   1.1381920e+00   1.1404661e+00   1.1302437e+00   1.1093630e+00   1.0681138e+00   1.0170344e+00   9.4919364e-01   8.5301439e-01   7.7181350e-01   6.9288411e-01   5.9861346e-01   5.1984763e-01   4.4599369e-01   3.8238073e-01   3.6877122e-01   3.9432508e-01   4.6297606e-01   5.3613947e-01   6.1390143e-01   7.0414421e-01   7.7084055e-01   8.2883794e-01   8.8706068e-01   9.2780676e-01   9.6182027e-01   9.9130670e-01   1.0070382e+00   1.0161027e+00   1.0179966e+00   1.0127748e+00   1.0031202e+00   9.8805847e-01   9.7602685e-01   9.6683105e-01   9.5847919e-01   9.5028031e-01   9.3972158e-01   9.2746451e-01   9.1955454e-01   9.1160514e-01   8.9844357e-01   8.8175837e-01   8.6082343e-01
   3.8180432e-01   3.6459995e-01   3.4866298e-01   3.2746313e-01   3.1344669e-01   3.0734136e-01   3.1153831e-01   3.2476426e-01   3.4643186e-01   3.7530650e-01   3.9439670e-01   4.1064547e-01   4.3106807e-01   4.4593794e-01   4.5408818e-01   4.5476969e-01   4.5387595e-01   4.5879067e-01   4.7604248e-01   4.9535261e-01   5.1625588e-01   5.4622567e-01   5.7531755e-01   6.0387259e-01   6.3601721e-01   6.6617007e-01   6.9825771e-01   7.3219163e-01   7.5208097e-01   7.6693805e-01   7.7801071e-01   7.8307699e-01   7.8448341e-01   7.7428384e-01   7.4584740e-01   7.0084800e-01   6.4397474e-01   5.9946789e-01   5.4620248e-01   4.6656065e-01   3.9321603e-01   3.2252646e-01   2.8252048e-01   3.2300668e-01   4.0131508e-01   5.0955345e-01   5.9685547e-01   6.7776311e-01   7.6296442e-01   8.2100185e-01   8.6475629e-01   8.9566505e-01   9.1033248e-01   9.1564161e-01   9.0135887e-01   8.7413561e-01   8.4051950e-01   7.9399858e-01   7.4804836e-01   6.9841319e-01   6.4437531e-01   6.0813550e-01   5.8025503e-01   5.5671712e-01   5.4209195e-01   5.2934278e-01   5.1686405e-01   5.0793267e-01   4.9517513e-01   4.6956778e-01   4.4072364e-01   4.1100192e-01
   9.4196934e-01   9.8255371e-01   1.0339771e+00   1.1029729e+00   1.1606835e+00   1.2138931e+00   1.2647676e+00   1.2945918e+00   1.3172971e+00   1.3380889e+00   1.3476880e+00   1.3508388e+00   1.3454200e+00   1.3323448e+00   1.3088679e+00   1.2607349e+00   1.2073376e+00   1.1543432e+00   1.0985830e+00   1.0542815e+00   1.0101569e+00   9.6132383e-01   9.2318815e-01   8.7826677e-01   8.1065926e-01   7.5467382e-01   7.0972685e-01   6.6157578e-01   6.1112115e-01   5.5421919e-01   4.9244971e-01   4.6365476e-01   4.7681129e-01   5.6795848e-01   6.8927693e-01   8.3230588e-01   1.0195014e+00   1.1565787e+00   1.2528723e+00   1.3196658e+00   1.3415582e+00   1.3346876e+00   1.2995316e+00   1.2650515e+00   1.2400544e+00   1.2255463e+00   1.2167368e+00   1.2043410e+00   1.1824156e+00   1.1538233e+00   1.1093599e+00   1.0317107e+00   9.5972247e-01   8.8805740e-01   7.9161709e-01   7.0424347e-01   6.2807763e-01   5.7003007e-01   5.4909398e-01   5.4551580e-01   5.5869868e-01   5.8144397e-01   6.1377912e-01   6.6394633e-01   7.0774103e-01   7.4582827e-01   7.8317090e-01   8.1192330e-01   8.4004291e-01   8.6942215e-01   8.9088374e-01   9.1061738e-01
   2.4749803e+00   2.5343962e+00   2.5951436e+00   2.6631807e+00   2.7127243e+00   2.7531110e+00   2.7874825e+00   2.8067799e+00   2.8192878e+00   2.8251166e+00   2.8250895e+00   2.8219523e+00   2.8114619e+00   2.8002157e+00   2.7873255e+00   2.7615490e+00   2.7276489e+00   2.6873982e+00   2.6365872e+00   2.5931123e+00   2.5472217e+00   2.4874688e+00   2.4377773e+00   2.3869636e+00   2.3122148e+00   2.2318949e+00   2.1445528e+00   2.0456752e+00   1.9653425e+00   1.8824551e+00   1.7901588e+00   1.7411719e+00   1.7343214e+00   1.8045900e+00   1.9437409e+00   2.1534876e+00   2.4308867e+00   2.6241931e+00   2.7737046e+00   2.8961053e+00   2.9521558e+00   2.9604680e+00   2.8957142e+00   2.7887355e+00   2.6538854e+00   2.4800331e+00   2.3437708e+00   2.2139440e+00   2.0579584e+00   1.9352692e+00   1.8169376e+00   1.6674872e+00   1.5560238e+00   1.4725535e+00   1.4149466e+00   1.4066778e+00   1.4366155e+00   1.5199973e+00   1.6119072e+00   1.7076175e+00   1.8180531e+00   1.9024903e+00   1.9779482e+00   2.0608309e+00   2.1243064e+00   2.1775005e+00   2.2269451e+00   2.2613737e+00   2.2937049e+00   2.3340721e+00   2.3722394e+00   2.4146801e+00
   3.9096609e+00   3.9647864e+00   4.0166836e+00   4.0728108e+00   4.1086329e+00   4.1320081e+00   4.1518340e+00   4.1633767e+00   4.1685713e+00   4.1628590e+00   4.1528570e+00   4.1483334e+00   4.1507886e+00   4.1552712e+00   4.1622654e+00   4.1652024e+00   4.1555310e+00   4.1371063e+00   4.1048627e+00   4.0758718e+00   4.0493126e+00   4.0142905e+00   3.9822290e+00   3.9449508e+00   3.8897949e+00   3.8292094e+00   3.7503005e+00   3.6469543e+00   3.5616707e+00   3.4762554e+00   3.3751409e+00   3.3041331e+00   3.2710572e+00   3.2909968e+00   3.3608125e+00   3.5288778e+00   3.8002101e+00   3.9576351e+00   4.0456165e+00   4.0826915e+00   4.0834888e+00   4.0641201e+00   3.9804911e+00   3.8588090e+00   3.7057373e+00   3.4992789e+00   3.3295127e+00   3.1635159e+00   2.9623345e+00   2.8030174e+00   2.6673380e+00   2.5453709e+00   2.4829168e+00   2.4640721e+00   2.5156554e+00   2.6083625e+00   2.7230766e+00   2.8766610e+00   3.0084007e+00   3.1346768e+00   3.2708317e+00   3.3659434e+00   3.4434808e+00   3.5205475e+00   3.5731468e+00   3.6138163e+00   3.6529333e+00   3.6829406e+00   3.7133482e+00   3.7574855e+00   3.8014696e+00   3.8476074e+00
   5.0814060e+00   5.1254267e+00   5.1644129e+00   5.2010146e+00   5.2235439e+00   5.2397675e+00   5.2529391e+00   5.2589940e+00   5.2613565e+00   5.2578682e+00   5.2542610e+00   5.2555802e+00   5.2706561e+00   5.2886967e+00   5.3073188e+00   5.3375447e+00   5.3587133e+00   5.3733505e+00   5.3830365e+00   5.3859740e+00   5.3878061e+00   5.3896340e+00   5.3881571e+00   5.3768732e+00   5.3492886e+00   5.3160127e+00   5.2703032e+00   5.1943366e+00   5.1172665e+00   5.0336873e+00   4.9320475e+00   4.8486882e+00   4.7831732e+00   4.7513729e+00   4.7427299e+00   4.7972298e+00   4.9824640e+00   5.0373520e+00   4.9614257e+00   4.7873261e+00   4.6625040e+00   4.5911916e+00   4.4973511e+00   4.3901537e+00   4.2634779e+00   4.1038445e+00   3.9785303e+00   3.8552212e+00   3.7116404e+00   3.5955193e+00   3.5034100e+00   3.4490133e+00   3.4603104e+00   3.5216049e+00   3.6518202e+00   3.7967973e+00   3.9539095e+00   4.1424222e+00   4.2941015e+00   4.4299570e+00   4.5590468e+00   4.6406559e+00   4.7067584e+00   4.7715585e+00   4.8118113e+00   4.8385519e+00   4.8649773e+00   4.8884077e+00   4.9155866e+00   4.9556495e+00   4.9923147e+00   5.0304054e+00
   5.8938639e+00   5.9168177e+00   5.9414334e+00   5.9614073e+00   5.9720330e+00   5.9803276e+00   5.9864651e+00   5.9875769e+00   5.9915832e+00   6.0026017e+00   6.0144018e+00   6.0268140e+00   6.0551988e+00   6.0864287e+00   6.1223372e+00   6.1779590e+00   6.2309790e+00   6.2842328e+00   6.3428942e+00   6.3859982e+00   6.4247050e+00   6.4711684e+00   6.5026514e+00   6.5268210e+00   6.5392707e+00   6.5400467e+00   6.5321366e+00   6.5119039e+00   6.4713372e+00   6.4181039e+00   6.3399316e+00   6.2602207e+00   6.1762483e+00   6.1039285e+00   6.1417458e+00   6.1166147e+00   5.9217187e+00   5.6428645e+00   5.2917287e+00   4.8627032e+00   4.5583415e+00   4.4380134e+00   4.4144049e+00   4.3724526e+00   4.3153768e+00   4.2582458e+00   4.2370862e+00   4.2193454e+00   4.2071295e+00   4.2025274e+00   4.2132608e+00   4.2621154e+00   4.3455417e+00   4.4651077e+00   4.6477991e+00   4.8189020e+00   4.9921843e+00   5.1853888e+00   5.3239932e+00   5.4404164e+00   5.5444522e+00   5.6078037e+00   5.6591583e+00   5.7034159e+00   5.7253441e+00   5.7439948e+00   5.7684415e+00   5.7883490e+00   5.8064378e+00   5.8317575e+00   5.8489155e+00   5.8680793e+00
   6.2830213e+00   6.2791066e+00   6.2783568e+00   6.2747993e+00   6.2749233e+00   6.2756786e+00   6.2850543e+00   6.2879204e+00   6.2974069e+00   6.3153336e+00   6.3411599e+00   6.3648700e+00   6.4084966e+00   6.4522382e+00   6.5086773e+00   6.5818837e+00   6.6564817e+00   6.7302163e+00   6.8296764e+00   6.9027916e+00   6.9807509e+00   7.0649444e+00   7.1341680e+00   7.1918652e+00   7.2639051e+00   7.3073967e+00   7.3494377e+00   7.3760930e+00   7.3920393e+00   7.3739215e+00   7.3531316e+00   7.2666956e+00   7.1930878e+00   6.9150717e+00   6.6159607e+00   6.5579453e+00   6.3155822e+00   5.8196488e+00   5.0619323e+00   4.5846806e+00   4.1293564e+00   3.7691053e+00   3.7925301e+00   3.8828886e+00   3.9347535e+00   4.0398629e+00   4.1745112e+00   4.3151994e+00   4.4720157e+00   4.5977527e+00   4.7229918e+00   4.8766932e+00   5.0174829e+00   5.1769990e+00   5.3869647e+00   5.5645328e+00   5.7320630e+00   5.9012134e+00   6.0063008e+00   6.0895978e+00   6.1627292e+00   6.2020175e+00   6.2233980e+00   6.2369636e+00   6.2474382e+00   6.2574447e+00   6.2686395e+00   6.2728269e+00   6.2739678e+00   6.2740174e+00   6.2746653e+00   6.2792750e+00
   6.2525004e+00   6.2218552e+00   6.1979073e+00   6.1647648e+00   6.1537139e+00   6.1458058e+00   6.1563710e+00   6.1618212e+00   6.1746585e+00   6.2029348e+00   6.2395843e+00   6.2806183e+00   6.3260406e+00   6.3767754e+00   6.4324740e+00   6.5237666e+00   6.5971048e+00   6.6896330e+00   6.7973140e+00   6.9041378e+00   6.9939094e+00   7.1191695e+00   7.2069296e+00   7.3154200e+00   7.4264886e+00   7.5330167e+00   7.6124913e+00   7.7103133e+00   7.7595661e+00   7.7943009e+00   7.7998640e+00   7.7254021e+00   7.6722241e+00   7.4199192e+00   6.5361339e+00   6.4670044e+00   6.3697829e+00   5.8646934e+00   4.9103505e+00   4.4717163e+00   3.2498625e+00   2.7034213e+00   2.7421133e+00   3.0753592e+00   3.2511124e+00   3.5618575e+00   3.8638497e+00   4.2098566e+00   4.5362008e+00   4.8039689e+00   5.0229605e+00   5.2812174e+00   5.4660347e+00   5.6587095e+00   5.8659230e+00   6.0302548e+00   6.1693308e+00   6.2927820e+00   6.3602301e+00   6.4058877e+00   6.4395035e+00   6.4416656e+00   6.4343758e+00   6.4092286e+00   6.4025416e+00   6.3821984e+00   6.3674335e+00   6.3443026e+00   6.3316157e+00   6.2980963e+00   6.2840453e+00   6.2664883e+00
   5.8474630e+00   5.7988916e+00   5.7545829e+00   5.7037179e+00   5.6773772e+00   5.6604981e+00   5.6551928e+00   5.6611102e+00   5.6757109e+00   5.7143238e+00   5.7549174e+00   5.8053658e+00   5.8550407e+00   5.9060696e+00   5.9597198e+00   6.0490225e+00   6.1193404e+00   6.2136156e+00   6.3249442e+00   6.4411948e+00   6.5427804e+00   6.6893581e+00   6.8015628e+00   6.9457892e+00   7.0955937e+00   7.2447241e+00   7.3603405e+00   7.5170758e+00   7.5978322e+00   7.6828555e+00   7.7157972e+00   7.6586518e+00   7.5937404e+00   7.5440263e+00   0.0000000e+00   0.0000000e+00   0.0000000e+00   0.0000000e+00   0.0000000e+00   0.0000000e+00   2.0449899e+00   1.4141753e+00   1.6220609e+00   2.2883203e+00   2.5783744e+00   2.9554476e+00   3.4346325e+00   3.9483479e+00   4.4595710e+00   4.8348161e+00   5.1321725e+00   5.4421294e+00   5.6498250e+00   5.8449282e+00   6.0268642e+00   6.1516515e+00   6.2427379e+00   6.3076709e+00   6.3302602e+00   6.3293760e+00   6.3090067e+00   6.2723985e+00   6.2374704e+00   6.1854782e+00   6.1554130e+00   6.1127871e+00   6.0752884e+00   6.0371353e+00   6.0106537e+00   5.9578917e+00   5.9259112e+00   5.8885588e+00
   5.1316189e+00   5.0718138e+00   5.0136497e+00   4.9533326e+00   4.9129169e+00   4.8859406e+00   4.8601539e+00   4.8654509e+00   4.8806661e+00   4.9194649e+00   4.9578781e+00   5.0035352e+00   5.0626137e+00   5.1085863e+00   5.1647539e+00   5.2374017e+00   5.3097545e+00   5.3935736e+00   5.5107190e+00   5.6190764e+00   5.7452207e+00   5.8992273e+00   6.0501632e+00   6.2023660e+00   6.4010865e+00   6.5609918e+00   6.7181817e+00   6.9034034e+00   7.0245378e+00   7.1507507e+00   7.2499156e+00   7.2094395e+00   7.1379989e+00   6.9955729e+00   0.0000000e+00   0.0000000e+00   0.0000000e+00   0.0000000e+00   0.0000000e+00   0.0000000e+00   0.0000000e+00   3.4872297e-01   9.8760412e-01   1.7591886e+00   2.1251194e+00   2.5816570e+00   3.2081787e+00   3.8109636e+00   4.4460097e+00   4.8578963e+00   5.1921470e+00   5.4749247e+00   5.6606662e+00   5.8055341e+00   5.9220175e+00   5.9691112e+00   5.9836413e+00   5.9663258e+00   5.9222626e+00   5.8593007e+00   5.7766641e+00   5.7070777e+00   5.6457510e+00   5.5768914e+00   5.5280101e+00   5.4835699e+00   5.4303886e+00   5.3906401e+00   5.3512514e+00   5.2998732e+00   5.2522974e+00   5.2003904e+00
   4.1743273e+00   4.1013812e+00   4.0409525e+00   3.9685696e+00   3.9217166e+00   3.8825379e+00   3.8483080e+00   3.8513512e+00   3.8646237e+00   3.8979913e+00   3.9307206e+00   3.9690092e+00   4.0261968e+00   4.0675045e+00   4.1147762e+00   4.1825322e+00   4.2496922e+00   4.3366275e+00   4.4407375e+00   4.5587108e+00   4.6986030e+00   4.8796183e+00   5.0548418e+00   5.2203126e+00   5.4432533e+00   5.6182541e+00   5.7994070e+00   6.0149566e+00   6.1634996e+00   6.3447781e+00   6.5191053e+00   6.5208349e+00   6.4833712e+00   6.1778134e+00   5.7457225e+00   0.0000000e+00   0.0000000e+00   0.0000000e+00   0.0000000e+00   0.0000000e+00   0.0000000e+00   0.0000000e+00   9.6264695e-01   1.5099508e+00   1.9885559e+00   2.7027816e+00   3.3579072e+00   3.9671952e+00   4.5624652e+00   4.9462766e+00   5.2409121e+00   5.4485408e+00   5.5599355e+00   5.6144606e+00   5.6172760e+00   5.5583091e+00   5.4715059e+00   5.3460301e+00   5.2179887e+00   5.0857260e+00   4.9493102e+00   4.8514545e+00   4.7716041e+00   4.6839256e+00   4.6227452e+00   4.5743982e+00   4.5129724e+00   4.4706755e+00   4.4259453e+00   4.3801475e+00   4.3256062e+00   4.2562223e+00
   2.8909369e+00   2.8152594e+00   2.7440172e+00   2.6661992e+00   2.6083279e+00   2.5635281e+00   2.5373050e+00   2.5359695e+00   2.5488510e+00   2.5758637e+00   2.6013631e+00   2.6344808e+00   2.6733108e+00   2.7116053e+00   2.7527072e+00   2.8098510e+00   2.8811422e+00   2.9616022e+00   3.0660731e+00   3.1946148e+00   3.3521636e+00   3.5552671e+00   3.7446050e+00   3.9375579e+00   4.1580645e+00   4.3631401e+00   4.5718648e+00   4.7939628e+00   4.9860804e+00   5.2199534e+00   5.4741586e+00   5.5321646e+00   5.4667704e+00   5.3252756e+00   5.7457225e+00   6.0098829e+00   0.0000000e+00   0.0000000e+00   0.0000000e+00   0.0000000e+00   0.0000000e+00   0.0000000e+00   1.0536136e+00   1.6191759e+00   2.6124417e+00   3.2657372e+00   3.7338626e+00   4.1380767e+00   4.5249448e+00   4.7891360e+00   4.9661088e+00   5.0506625e+00   5.0462528e+00   4.9889114e+00   4.8657939e+00   4.7119443e+00   4.5367018e+00   4.3193637e+00   4.1325164e+00   3.9606240e+00   3.7857318e+00   3.6600639e+00   3.5546578e+00   3.4610801e+00   3.3904184e+00   3.3288990e+00   3.2849573e+00   3.2368659e+00   3.1823533e+00   3.1256188e+00   3.0567920e+00   2.9793115e+00
   1.2919659e+00   1.2146058e+00   1.1369876e+00   1.0484840e+00   9.9367728e-01   9.5654768e-01   9.3878418e-01   9.4115134e-01   9.4814882e-01   9.6273536e-01   9.7950008e-01   1.0040840e+00   1.0385605e+00   1.0713216e+00   1.1056703e+00   1.1541643e+00   1.2057413e+00   1.2729958e+00   1.3951248e+00   1.5345658e+00   1.7021398e+00   1.9237374e+00   2.1085561e+00   2.3029490e+00   2.5564460e+00   2.7719117e+00   2.9858329e+00   3.2370646e+00   3.4517721e+00   3.7163312e+00   3.9848152e+00   4.0639668e+00   4.0356865e+00   4.0027109e+00   4.2240034e+00   4.8088909e+00   0.0000000e+00   0.0000000e+00   0.0000000e+00   0.0000000e+00   0.0000000e+00   0.0000000e+00   2.5589187e+00   2.9032095e+00   3.2297308e+00   3.3684586e+00   3.5259721e+00   3.6620152e+00   3.8116935e+00   3.9076742e+00   3.9434077e+00   3.8939679e+00   3.7909377e+00   3.6501480e+00   3.4454522e+00   3.2510468e+00   3.0434315e+00   2.7808294e+00   2.5655822e+00   2.3690680e+00   2.1721278e+00   2.0445355e+00   1.9448555e+00   1.8499798e+00   1.7845104e+00   1.7324565e+00   1.6904776e+00   1.6492239e+00   1.5994217e+00   1.5364086e+00   1.4687764e+00   1.3903178e+00
   9.9468655e-01   9.9209125e-01   9.9496753e-01   1.0040514e+00   1.0137756e+00   1.0263371e+00   1.0434773e+00   1.0619137e+00   1.0825775e+00   1.1052867e+00   1.1172241e+00   1.1202639e+00   1.1115210e+00   1.1019334e+00   1.0875095e+00   1.0565078e+00   1.0124451e+00   9.5149518e-01   8.6832881e-01   7.9721976e-01   7.3657880e-01   6.8991757e-01   7.5620290e-01   9.4705878e-01   1.2028033e+00   1.4149814e+00   1.6218200e+00   1.8657212e+00   2.0861148e+00   2.3483959e+00   2.5933955e+00   2.7162089e+00   2.7686975e+00   2.8735524e+00   3.4030714e+00   4.7811465e+00   4.3225578e+00   0.0000000e+00   0.0000000e+00   0.0000000e+00   0.0000000e+00   0.0000000e+00   3.4795363e+00   3.4570932e+00   3.2907011e+00   3.1448957e+00   3.0316634e+00   2.9438906e+00   2.8799259e+00   2.8273050e+00   2.7385974e+00   2.5825580e+00   2.4212883e+00   2.2456090e+00   2.0189127e+00   1.8177970e+00   1.6039659e+00   1.3338152e+00   1.1223613e+00   9.5371192e-01   8.5569034e-01   8.5038815e-01   8.7466878e-01   9.2216218e-01   9.6188402e-01   9.9303726e-01   1.0192131e+00   1.0252070e+00   1.0268770e+00   1.0241826e+00   1.0202519e+00   1.0087316e+00
   1.4992033e+00   1.5395028e+00   1.5880246e+00   1.6503338e+00   1.6964897e+00   1.7385459e+00   1.7806330e+00   1.8142149e+00   1.8462468e+00   1.8747248e+00   1.8826750e+00   1.8722523e+00   1.8379314e+00   1.8045247e+00   1.7603488e+00   1.6745451e+00   1.5660074e+00   1.4263627e+00   1.2269967e+00   1.0444128e+00   8.6732714e-01   6.7553924e-01   6.1852298e-01   6.8122813e-01   7.7672902e-01   8.5915191e-01   9.4299939e-01   1.0524674e+00   1.1667645e+00   1.3080263e+00   1.4434651e+00   1.5801275e+00   1.7275858e+00   2.0297337e+00   2.4160196e+00   0.0000000e+00   4.1934865e+00   3.5754611e+00   4.5371453e+00   3.9454517e+00   0.0000000e+00   0.0000000e+00   3.4803075e+00   3.3743040e+00   2.9820946e+00   2.6270707e+00   2.2993856e+00   2.0274741e+00   1.7780550e+00   1.5936890e+00   1.4397032e+00   1.3672286e+00   1.3059234e+00   1.2366482e+00   1.1480648e+00   1.0713459e+00   9.9184429e-01   8.9307492e-01   8.2025980e-01   7.7812766e-01   8.0884391e-01   8.9068244e-01   9.8846166e-01   1.1102173e+00   1.1998269e+00   1.2701801e+00   1.3292011e+00   1.3583228e+00   1.3847333e+00   1.4150758e+00   1.4447764e+00   1.4675947e+00
   2.6217159e+00   2.6664853e+00   2.7183529e+00   2.7803835e+00   2.8296966e+00   2.8774558e+00   2.9319525e+00   2.9782468e+00   3.0173238e+00   3.0472385e+00   3.0517172e+00   3.0370285e+00   2.9981141e+00   2.9624692e+00   2.9112313e+00   2.8020484e+00   2.6672823e+00   2.5085748e+00   2.3012238e+00   2.1245198e+00   1.9620387e+00   1.7722443e+00   1.6014357e+00   1.4222507e+00   1.2113522e+00   1.0494085e+00   9.0529888e-01   7.6742573e-01   6.7457137e-01   5.8911415e-01   5.4024264e-01   6.6016256e-01   9.0942116e-01   1.4571677e+00   1.9359839e+00   0.0000000e+00   3.4510917e+00   3.5754611e+00   3.7894794e+00   3.9454517e+00   0.0000000e+00   0.0000000e+00   3.2778623e+00   2.7637798e+00   2.3863325e+00   1.8761822e+00   1.3885868e+00   9.7024076e-01   5.6427630e-01   2.6544033e-01   1.0192713e-01   2.8747238e-01   4.6882213e-01   6.3176544e-01   8.2299472e-01   9.8785413e-01   1.1692458e+00   1.4025551e+00   1.5888866e+00   1.7580356e+00   1.9307798e+00   2.0525626e+00   2.1631302e+00   2.2793557e+00   2.3559175e+00   2.4159622e+00   2.4673966e+00   2.4924709e+00   2.5133368e+00   2.5438036e+00   2.5719735e+00   2.5910489e+00
   4.1444061e+00   4.1797732e+00   4.2224868e+00   4.2782461e+00   4.3286747e+00   4.3848832e+00   4.4504412e+00   4.4947847e+00   4.5275397e+00   4.5479228e+00   4.5375653e+00   4.5099012e+00   4.4603229e+00   4.3992159e+00   4.2938097e+00   4.1030834e+00   3.9214162e+00   3.7420538e+00   3.5302985e+00   3.3672984e+00   3.2248045e+00   3.0714784e+00   2.9454213e+00   2.8273017e+00   2.7140511e+00   2.6471111e+00   2.6015271e+00   2.5462494e+00   2.4736459e+00   2.3835777e+00   2.2905297e+00   2.2492452e+00   2.2856748e+00   2.5120257e+00   2.7503085e+00   2.7868048e+00   2.4298455e+00   2.6293239e+00   2.9647574e+00   3.2627000e+00   3.3227451e+00   2.4012256e+00   1.2247194e+00   1.2964546e+00   1.4516746e+00   1.1424628e+00   1.0839738e+00   1.2573573e+00   1.5871784e+00   1.8629559e+00   2.1056792e+00   2.3447310e+00   2.4959083e+00   2.6139364e+00   2.7420003e+00   2.8581730e+00   3.0002163e+00   3.1925798e+00   3.3486320e+00   3.4879550e+00   3.6272150e+00   3.7376756e+00   3.8459854e+00   3.9533240e+00   4.0158031e+00   4.0612256e+00   4.0919856e+00   4.1026144e+00   4.1090685e+00   4.1211084e+00   4.1252095e+00   4.1252078e+00
   4.8956922e+00   4.9186831e+00   4.9528147e+00   5.0056344e+00   5.0574369e+00   5.1122611e+00   5.1703416e+00   5.2058907e+00   5.2319256e+00   5.2346503e+00   5.2023617e+00   5.1519661e+00   5.0707490e+00   4.9620789e+00   4.8011745e+00   4.5619383e+00   4.3596921e+00   4.1705893e+00   3.9645012e+00   3.8214260e+00   3.7050943e+00   3.5997391e+00   3.5305844e+00   3.4772127e+00   3.4454510e+00   3.4498587e+00   3.4709632e+00   3.4873345e+00   3.4771100e+00   3.4565014e+00   3.4231706e+00   3.3910678e+00   3.3958233e+00   3.4856866e+00   3.5167551e+00   3.4531203e+00   3.0757965e+00   3.0429154e+00   3.2800922e+00   3.4993793e+00   3.4173396e+00   2.4851663e+00   1.5294338e+00   1.8083380e+00   1.9859790e+00   1.9104387e+00   2.0572719e+00   2.3455742e+00   2.7265234e+00   3.0044608e+00   3.2250312e+00   3.4185982e+00   3.5298327e+00   3.6107625e+00   3.6986699e+00   3.7902015e+00   3.9107812e+00   4.0812427e+00   4.2230968e+00   4.3504025e+00   4.4851075e+00   4.5980426e+00   4.7063840e+00   4.8065077e+00   4.8585022e+00   4.8910012e+00   4.9097386e+00   4.9145937e+00   4.9119860e+00   4.9038101e+00   4.8915985e+00   4.8844347e+00
   5.5264282e+00   5.5366579e+00   5.5620127e+00   5.6113348e+00   5.6617670e+00   5.7122857e+00   5.7605733e+00   5.7852586e+00   5.7989714e+00   5.7766989e+00   5.7178197e+00   5.6396124e+00   5.5179009e+00   5.3596842e+00   5.1490027e+00   4.8717034e+00   4.6574703e+00   4.4683154e+00   4.2807961e+00   4.1659400e+00   4.0848751e+00   4.0348928e+00   4.0232839e+00   4.0325150e+00   4.0789224e+00   4.1488519e+00   4.2313201e+00   4.3193747e+00   4.3738688e+00   4.4188817e+00   4.4360436e+00   4.4087980e+00   4.3816117e+00   4.3593465e+00   4.2436090e+00   3.8384820e+00   3.4762270e+00   3.5719355e+00   3.7257504e+00   3.8789894e+00   3.7309648e+00   2.9380352e+00   2.2606349e+00   2.5541461e+00   2.6059159e+00   2.6786172e+00   2.9637964e+00   3.3227932e+00   3.7265193e+00   3.9950008e+00   4.1888743e+00   4.3387864e+00   4.4135099e+00   4.4619503e+00   4.5172688e+00   4.5878606e+00   4.6893220e+00   4.8402833e+00   4.9703855e+00   5.0904464e+00   5.2256338e+00   5.3405400e+00   5.4458711e+00   5.5350629e+00   5.5760514e+00   5.5971216e+00   5.6044893e+00   5.6020328e+00   5.5885427e+00   5.5609593e+00   5.5356767e+00   5.5231347e+00
   6.1719021e+00   6.1628039e+00   6.1750208e+00   6.2180413e+00   6.2603991e+00   6.2982005e+00   6.3271725e+00   6.3315380e+00   6.3149788e+00   6.2402304e+00   6.1325155e+00   6.0027721e+00   5.8027841e+00   5.5684404e+00   5.2984004e+00   4.9891891e+00   4.7766755e+00   4.6089499e+00   4.4769485e+00   4.4213533e+00   4.4115495e+00   4.4581557e+00   4.5312785e+00   4.6263721e+00   4.7785688e+00   4.9304165e+00   5.0898954e+00   5.2817950e+00   5.4351697e+00   5.5666572e+00   5.6364368e+00   5.6066238e+00   5.5326043e+00   5.4020907e+00   5.2079229e+00   4.8819606e+00   4.5862682e+00   4.5939616e+00   4.6601636e+00   4.7457752e+00   4.6711482e+00   4.4125125e+00   4.2657886e+00   4.1530190e+00   3.6934159e+00   3.7910857e+00   4.1278693e+00   4.4910403e+00   4.8648076e+00   5.0938174e+00   5.2389587e+00   5.3297370e+00   5.3592248e+00   5.3708635e+00   5.3958036e+00   5.4442983e+00   5.5232901e+00   5.6513537e+00   5.7698740e+00   5.8900407e+00   6.0371076e+00   6.1537503e+00   6.2479712e+00   6.3130878e+00   6.3369865e+00   6.3448300e+00   6.3371883e+00   6.3207335e+00   6.2874488e+00   6.2335650e+00   6.1965565e+00   6.1801888e+00
   6.4797463e+00   6.4524299e+00   6.4442525e+00   6.4615389e+00   6.4821535e+00   6.4945630e+00   6.4879731e+00   6.4504709e+00   6.3711075e+00   6.2119273e+00   6.0390649e+00   5.8423730e+00   5.5562260e+00   5.2770834e+00   5.0060805e+00   4.7445062e+00   4.5996731e+00   4.5218888e+00   4.5116218e+00   4.5625553e+00   4.6507249e+00   4.7905107e+00   4.9297684e+00   5.0889055e+00   5.3106666e+00   5.5139902e+00   5.7287496e+00   6.0018697e+00   6.2237579e+00   6.4038637e+00   6.4898633e+00   6.4373712e+00   6.3054321e+00   6.0933107e+00   5.8804887e+00   5.6422628e+00   5.4424351e+00   5.4124564e+00   5.4220175e+00   5.5078032e+00   5.6049714e+00   5.7518386e+00   4.2657886e+00   4.8978056e+00   4.6709959e+00   4.7135799e+00   5.0399218e+00   5.3437827e+00   5.6224090e+00   5.7888761e+00   5.8778140e+00   5.9102356e+00   5.9014089e+00   5.8939280e+00   5.9069383e+00   5.9466287e+00   6.0176211e+00   6.1391257e+00   6.2542142e+00   6.3751711e+00   6.5220422e+00   6.6245452e+00   6.6969482e+00   6.7403177e+00   6.7508930e+00   6.7487030e+00   6.7229948e+00   6.6852333e+00   6.6341407e+00   6.5675624e+00   6.5263104e+00   6.5030312e+00
   6.5338794e+00   6.4918334e+00   6.4653715e+00   6.4573269e+00   6.4539599e+00   6.4388085e+00   6.3931604e+00   6.3116719e+00   6.1769681e+00   5.9538080e+00   5.7379025e+00   5.5065309e+00   5.1983314e+00   4.9314323e+00   4.7038618e+00   4.5236255e+00   4.4563500e+00   4.4619542e+00   4.5503186e+00   4.6745971e+00   4.8228902e+00   5.0158783e+00   5.1913023e+00   5.3831305e+00   5.6376520e+00   5.8650312e+00   6.1062293e+00   6.4165540e+00   6.6701854e+00   6.8734134e+00   6.9613208e+00   6.8872078e+00   6.7124222e+00   6.4538929e+00   6.2368206e+00   6.0491899e+00   5.9010562e+00   5.8541068e+00   5.8224772e+00   5.8638662e+00   5.9420327e+00   6.0686853e+00   0.0000000e+00   5.3262937e+00   5.0960280e+00   5.1927289e+00   5.4821559e+00   5.7381280e+00   5.9693982e+00   6.0837364e+00   6.1336785e+00   6.1314218e+00   6.1085124e+00   6.0999442e+00   6.1158611e+00   6.1567049e+00   6.2297529e+00   6.3530003e+00   6.4659546e+00   6.5833058e+00   6.7189001e+00   6.8048921e+00   6.8615503e+00   6.8922926e+00   6.8945883e+00   6.8836426e+00   6.8430963e+00   6.7887445e+00   6.7267602e+00   6.6549763e+00   6.6077481e+00   6.5736241e+00
   6.4582329e+00   6.3953331e+00   6.3415804e+00   6.2941345e+00   6.2518088e+00   6.1921394e+00   6.0831350e+00   5.9314465e+00   5.7148249e+00   5.4044331e+00   5.1351172e+00   4.8698539e+00   4.5676581e+00   4.3559880e+00   4.2244773e+00   4.1928820e+00   4.2532679e+00   4.3852752e+00   4.6134424e+00   4.8315650e+00   5.0500539e+00   5.3010576e+00   5.5141550e+00   5.7373408e+00   6.0198821e+00   6.2675859e+00   6.5319408e+00   6.8726834e+00   7.1527634e+00   7.3760713e+00   7.4579174e+00   7.3506256e+00   7.1182922e+00   6.8093636e+00   6.5947434e+00   6.4628399e+00   6.3677099e+00   6.3072798e+00   6.2209331e+00   6.1646414e+00   6.0924416e+00   5.9183158e+00   0.0000000e+00   0.0000000e+00   5.5174672e+00   5.6625655e+00   5.8774660e+00   6.0656877e+00   6.2530304e+00   6.2923437e+00   6.2921161e+00   6.2505392e+00   6.2209021e+00   6.2220314e+00   6.2518780e+00   6.3008226e+00   6.3834453e+00   6.5146694e+00   6.6251028e+00   6.7340300e+00   6.8449654e+00   6.9036099e+00   6.9394590e+00   6.9561987e+00   6.9487212e+00   6.9248760e+00   6.8631418e+00   6.7857991e+00   6.7111361e+00   6.6359371e+00   6.5782577e+00   6.5246693e+00
   5.7975693e+00   5.6897151e+00   5.5855298e+00   5.4551914e+00   5.3290347e+00   5.1789093e+00   4.9503265e+00   4.7151641e+00   4.4512179e+00   4.1506098e+00   3.9483712e+00   3.7954417e+00   3.6893389e+00   3.6839108e+00   3.7638629e+00   3.9612914e+00   4.1844728e+00   4.4477432e+00   4.7909608e+00   5.0705422e+00   5.3284810e+00   5.6079838e+00   5.8339281e+00   6.0650937e+00   6.3546309e+00   6.6074289e+00   6.8732556e+00   7.2149492e+00   7.5164705e+00   7.7969507e+00   7.9458497e+00   7.7691842e+00   7.3995992e+00   7.0075146e+00   6.8133609e+00   6.7021498e+00   6.6192744e+00   6.5264234e+00   6.3842514e+00   6.0966969e+00   5.6048374e+00   4.6362949e+00   0.0000000e+00   0.0000000e+00   5.2070713e+00   5.9977432e+00   6.1318319e+00   5.9261460e+00   6.0602938e+00   6.0230945e+00   5.9979759e+00   5.9592408e+00   5.9603383e+00   5.9980967e+00   6.0709200e+00   6.1582009e+00   6.2666862e+00   6.3957133e+00   6.4876355e+00   6.5687128e+00   6.6261561e+00   6.6419968e+00   6.6467061e+00   6.6334187e+00   6.6000508e+00   6.5431908e+00   6.4373580e+00   6.3273428e+00   6.2253184e+00   6.1162424e+00   6.0203787e+00   5.9216643e+00
   5.1378795e+00   5.0008777e+00   4.8650470e+00   4.6927496e+00   4.5317054e+00   4.3517833e+00   4.0993334e+00   3.8718674e+00   3.6512193e+00   3.4428834e+00   3.3380360e+00   3.2942238e+00   3.3315127e+00   3.4442743e+00   3.6292744e+00   3.9256281e+00   4.2098620e+00   4.5156161e+00   4.8902243e+00   5.1849290e+00   5.4509803e+00   5.7326968e+00   5.9533266e+00   6.1737844e+00   6.4469424e+00   6.6836139e+00   6.9321208e+00   7.2659556e+00   7.5948671e+00   7.9783344e+00   8.2204031e+00   7.9982343e+00   7.4832901e+00   6.9546775e+00   6.7730249e+00   6.6462218e+00   6.5675291e+00   6.4671988e+00   6.3031276e+00   5.8981921e+00   5.1804319e+00   3.8219342e+00   0.0000000e+00   0.0000000e+00   5.1414161e+00   5.7668230e+00   6.1856357e+00   5.7935259e+00   5.7275077e+00   5.6883759e+00   5.6657031e+00   5.6433295e+00   5.6673625e+00   5.7324416e+00   5.8404578e+00   5.9500038e+00   6.0671526e+00   6.1872525e+00   6.2611939e+00   6.3216596e+00   6.3429532e+00   6.3259247e+00   6.3043493e+00   6.2602150e+00   6.1943401e+00   6.1025038e+00   5.9585811e+00   5.8212890e+00   5.6921902e+00   5.5499101e+00   5.4255673e+00   5.2975888e+00
   4.0201268e+00   3.8409065e+00   3.6599789e+00   3.4351728e+00   3.2372485e+00   3.0344030e+00   2.7850191e+00   2.6120552e+00   2.5060067e+00   2.4915840e+00   2.5656017e+00   2.7052846e+00   2.9616627e+00   3.2347210e+00   3.5493920e+00   3.9542689e+00   4.2957246e+00   4.6331205e+00   5.0228953e+00   5.3221650e+00   5.5877176e+00   5.8612337e+00   6.0645972e+00   6.2584074e+00   6.4931730e+00   6.6928603e+00   6.9034648e+00   7.2199728e+00   7.5980166e+00   8.1768830e+00   8.5887528e+00   8.3003089e+00   7.5352895e+00   6.7509883e+00   6.5869035e+00   6.4171726e+00   6.3418992e+00   6.2402324e+00   6.0544681e+00   5.5023520e+00   4.4897884e+00   2.6542196e+00   0.0000000e+00   0.0000000e+00   0.0000000e+00   4.9017142e+00   0.0000000e+00   5.4979950e+00   5.0997418e+00   5.0912472e+00   5.0851504e+00   5.0966579e+00   5.1560208e+00   5.2631769e+00   5.4273065e+00   5.5672849e+00   5.6912976e+00   5.7932053e+00   5.8369101e+00   5.8657295e+00   5.8336343e+00   5.7654088e+00   5.7014879e+00   5.6046940e+00   5.4807104e+00   5.3286960e+00   5.1229420e+00   4.9418681e+00   4.7670078e+00   4.5687519e+00   4.4005490e+00   4.2301796e+00
   2.4613236e+00   2.3151605e+00   2.1904674e+00   2.0784573e+00   2.0138889e+00   1.9753577e+00   1.9674403e+00   2.0136147e+00   2.1156870e+00   2.3078005e+00   2.5166770e+00   2.7638089e+00   3.1121095e+00   3.4295237e+00   3.7573373e+00   4.1424094e+00   4.4437096e+00   4.7297404e+00   5.0567259e+00   5.3108765e+00   5.5421503e+00   5.7893384e+00   5.9728930e+00   6.1402949e+00   6.3285257e+00   6.4872090e+00   6.6668468e+00   7.0082997e+00   7.4781851e+00   8.1138001e+00   7.8083070e+00   7.3633664e+00   6.6263778e+00   6.3398297e+00   6.0434848e+00   5.8646562e+00   5.7478613e+00   5.3704339e+00   5.2522603e+00   4.5545003e+00   3.4954018e+00   2.0574402e+00   8.1936498e-01   0.0000000e+00   0.0000000e+00   0.0000000e+00   0.0000000e+00   4.2842239e+00   4.0882704e+00   4.1209235e+00   4.1427077e+00   4.1849706e+00   4.2866696e+00   4.4501597e+00   4.6777680e+00   4.8426177e+00   4.9530521e+00   5.0101399e+00   4.9940068e+00   4.9402731e+00   4.8199450e+00   4.6728573e+00   4.5324963e+00   4.3367783e+00   4.1252008e+00   3.8911739e+00   3.6081902e+00   3.3866820e+00   3.1880396e+00   2.9753940e+00   2.8100089e+00   2.6494243e+00
   2.0243285e+00   1.9498867e+00   1.8996448e+00   1.8792889e+00   1.8943699e+00   1.9362833e+00   2.0245809e+00   2.1432236e+00   2.3040239e+00   2.5456868e+00   2.7815942e+00   3.0430095e+00   3.3898029e+00   3.6926781e+00   3.9941763e+00   4.3354059e+00   4.5917153e+00   4.8271057e+00   5.0932278e+00   5.3026508e+00   5.4982086e+00   5.7173413e+00   5.8856858e+00   6.0392380e+00   6.2089766e+00   6.3496457e+00   6.5146976e+00   6.8569871e+00   7.3285904e+00   7.9152439e+00   7.3626737e+00   7.1170409e+00   6.3874217e+00   6.1766288e+00   5.8459178e+00   5.7193976e+00   5.5380515e+00   5.1417608e+00   5.0413570e+00   4.1041330e+00   3.0206862e+00   1.8441254e+00   1.1886884e+00   2.6085804e+00   0.0000000e+00   0.0000000e+00   2.8044905e+00   3.6332851e+00   3.5012783e+00   3.5428179e+00   3.5684329e+00   3.6251714e+00   3.7515242e+00   3.9469988e+00   4.2078809e+00   4.3826809e+00   4.4706011e+00   4.4715105e+00   4.4110735e+00   4.3038675e+00   4.1252077e+00   3.9368411e+00   3.7569606e+00   3.5199646e+00   3.2886648e+00   3.0530495e+00   2.7977157e+00   2.6207474e+00   2.4739505e+00   2.3295480e+00   2.2267539e+00   2.1313738e+00
   1.9433652e+00   2.0566760e+00   2.1841677e+00   2.3484946e+00   2.4963974e+00   2.6492572e+00   2.8350575e+00   2.9979528e+00   3.1707051e+00   3.3982196e+00   3.6090340e+00   3.8288498e+00   4.0991665e+00   4.3239974e+00   4.5368160e+00   4.7629587e+00   4.9166982e+00   5.0414681e+00   5.1754647e+00   5.2869891e+00   5.4030016e+00   5.5591821e+00   5.6977323e+00   5.8307107e+00   5.9818080e+00   6.1009285e+00   6.2467830e+00   6.5720297e+00   6.9768266e+00   7.3731943e+00   6.4076766e+00   0.0000000e+00   0.0000000e+00   5.5200392e+00   5.5200392e+00   0.0000000e+00   5.3250293e+00   0.0000000e+00   0.0000000e+00   3.5048843e+00   2.3853521e+00   1.6760655e+00   2.0137835e+00   2.6085804e+00   0.0000000e+00   0.0000000e+00   2.8044905e+00   2.8919440e+00   2.5448787e+00   2.5806653e+00   2.5958571e+00   2.6716297e+00   2.8382655e+00   3.0848980e+00   3.3951827e+00   3.5801448e+00   3.6116345e+00   3.4803008e+00   3.3347542e+00   3.1329163e+00   2.8495978e+00   2.6000302e+00   2.3622927e+00   2.0798096e+00   1.8583589e+00   1.6822383e+00   1.5697479e+00   1.5571185e+00   1.5833818e+00   1.6535280e+00   1.7349711e+00   1.8261569e+00
   3.0570510e+00   3.1986526e+00   3.3443730e+00   3.5262195e+00   3.6833186e+00   3.8419340e+00   4.0309226e+00   4.1865377e+00   4.3465241e+00   4.5554083e+00   4.7402930e+00   4.9254333e+00   5.1431044e+00   5.3132481e+00   5.4677627e+00   5.6176111e+00   5.6942034e+00   5.7283249e+00   5.7266053e+00   5.6957073e+00   5.6489202e+00   5.5920474e+00   5.5524859e+00   5.5223018e+00   5.5170258e+00   5.5529781e+00   5.6553338e+00   5.8853493e+00   6.0476776e+00   6.0402714e+00   4.8682404e+00   0.0000000e+00   0.0000000e+00   5.5200392e+00   5.5200392e+00   0.0000000e+00   0.0000000e+00   0.0000000e+00   0.0000000e+00   2.7107182e+00   1.9854248e+00   1.7888408e+00   2.2053494e+00   2.2228482e+00   0.0000000e+00   1.8585378e+00   2.0755780e+00   2.1508660e+00   1.7891724e+00   1.8109825e+00   1.7976061e+00   1.8705188e+00   2.0605444e+00   2.3424378e+00   2.7171223e+00   3.0131360e+00   3.1097416e+00   2.7939115e+00   2.3859030e+00   2.1536610e+00   1.8632436e+00   1.6963577e+00   1.5844446e+00   1.5444777e+00   1.6158947e+00   1.7604002e+00   1.9998843e+00   2.2070112e+00   2.3891191e+00   2.5871931e+00   2.7425180e+00   2.8894028e+00
   3.7112402e+00   3.8641769e+00   4.0166057e+00   4.2043972e+00   4.3647371e+00   4.5251880e+00   4.7149391e+00   4.8682820e+00   5.0246558e+00   5.2282096e+00   5.4040057e+00   5.5760769e+00   5.7717683e+00   5.9173599e+00   6.0439906e+00   6.1544074e+00   6.1902790e+00   6.1753264e+00   6.0998301e+00   5.9914304e+00   5.8540814e+00   5.6713712e+00   5.5171113e+00   5.3703271e+00   5.2307194e+00   5.1693988e+00   5.1952606e+00   5.3335795e+00   5.3541398e+00   5.1304068e+00   3.9581149e+00   0.0000000e+00   0.0000000e+00   0.0000000e+00   0.0000000e+00   0.0000000e+00   0.0000000e+00   0.0000000e+00   1.4961713e+00   2.2880677e+00   1.7546852e+00   1.8129583e+00   2.1977725e+00   1.6928763e+00   2.1648265e-01   1.7562578e+00   1.8781185e+00   1.7205807e+00   1.3644958e+00   1.3794305e+00   1.3509914e+00   1.4154847e+00   1.6093527e+00   1.9031561e+00   2.3141275e+00   2.6702652e+00   2.8668934e+00   2.4672280e+00   1.9173382e+00   1.6866745e+00   1.4411330e+00   1.3580040e+00   1.3412185e+00   1.4388463e+00   1.6535360e+00   1.9490207e+00   2.3506018e+00   2.6576259e+00   2.9103439e+00   3.1650434e+00   3.3527159e+00   3.5231005e+00
   4.8047782e+00   4.9523845e+00   5.0976475e+00   5.2754037e+00   5.4312295e+00   5.5876468e+00   5.7735700e+00   5.9323251e+00   6.1005190e+00   6.3209574e+00   6.5097908e+00   6.6935610e+00   6.8936166e+00   7.0329637e+00   7.1422304e+00   7.2114782e+00   7.2004035e+00   7.1225983e+00   6.9510933e+00   6.7414448e+00   6.4760033e+00   6.0797823e+00   5.6874986e+00   5.2504186e+00   4.6910620e+00   4.2446302e+00   3.9085208e+00   3.7292396e+00   3.5158551e+00   3.0263451e+00   2.4098871e+00   0.0000000e+00   0.0000000e+00   0.0000000e+00   0.0000000e+00   0.0000000e+00   0.0000000e+00   0.0000000e+00   1.4961713e+00   1.7830801e+00   1.3881977e+00   1.6596751e+00   1.6331677e+00   5.5281610e-01   2.1648265e-01   1.5960083e+00   1.6244482e+00   1.0244369e+00   7.4299061e-01   7.5256561e-01   7.0684510e-01   7.2629317e-01   8.8110229e-01   1.1543623e+00   1.6189040e+00   2.0520677e+00   2.1983979e+00   1.6892652e+00   1.5421639e+00   1.4034654e+00   1.4583281e+00   1.6769165e+00   1.9166498e+00   2.2219388e+00   2.5439533e+00   2.9201285e+00   3.3874531e+00   3.7273243e+00   4.0018696e+00   4.2661125e+00   4.4570715e+00   4.6243763e+00
   5.0875740e+00   5.2313094e+00   5.3712484e+00   5.5423073e+00   5.6906162e+00   5.8377114e+00   6.0121567e+00   6.1614394e+00   6.3196254e+00   6.5263086e+00   6.7000481e+00   6.8678406e+00   7.0504075e+00   7.1734349e+00   7.2622602e+00   7.3044773e+00   7.2722814e+00   7.1751788e+00   6.9855478e+00   6.7634426e+00   6.4840577e+00   6.0642057e+00   5.6422488e+00   5.1556373e+00   4.4787850e+00   3.8452298e+00   3.1983372e+00   2.6303490e+00   2.6099277e+00   2.9572740e+00   3.2542951e+00   4.0555979e+00   0.0000000e+00   0.0000000e+00   0.0000000e+00   0.0000000e+00   0.0000000e+00   0.0000000e+00   1.2130722e+00   1.4738352e+00   1.0764424e+00   1.3808869e+00   1.1697916e+00   5.8276795e-01   5.6990690e-01   1.4802805e+00   1.3150355e+00   8.1438246e-01   6.5176436e-01   6.4044660e-01   5.8387845e-01   5.7979127e-01   7.0856258e-01   9.2877019e-01   1.2120108e+00   1.6721911e+00   2.1983979e+00   1.9412981e+00   1.7929436e+00   1.7048810e+00   1.8192153e+00   2.0703656e+00   2.3291398e+00   2.6302838e+00   2.9274436e+00   3.2808374e+00   3.7229625e+00   4.0449170e+00   4.3103707e+00   4.5686857e+00   4.7515380e+00   4.9113008e+00
   5.3006520e+00   5.4414708e+00   5.5773983e+00   5.7434110e+00   5.8860562e+00   6.0261274e+00   6.1919245e+00   6.3340700e+00   6.4847154e+00   6.6810344e+00   6.8434011e+00   6.9991549e+00   7.1685447e+00   7.2792757e+00   7.3526990e+00   7.3745493e+00   7.3264393e+00   7.2147965e+00   7.0115083e+00   6.7800172e+00   6.4901264e+00   6.0524692e+00   5.6081545e+00   5.0842226e+00   4.3188408e+00   3.5442938e+00   2.6632357e+00   1.8023685e+00   1.9273392e+00   2.9052310e+00   3.7314718e+00   4.0555979e+00   0.0000000e+00   0.0000000e+00   0.0000000e+00   0.0000000e+00   0.0000000e+00   0.0000000e+00   9.9976564e-01   1.2408287e+00   8.4154429e-01   1.1708286e+00   8.2065193e-01   6.0533575e-01   8.3620127e-01   1.3930832e+00   1.0819024e+00   6.5611289e-01   5.8302817e-01   5.5596835e-01   4.9122684e-01   4.6940658e-01   5.7855919e-01   7.5879343e-01   9.0542916e-01   1.0997402e+00   0.0000000e+00   2.1311972e+00   1.9818984e+00   1.9319885e+00   2.0911327e+00   2.3668175e+00   2.6399384e+00   2.9379593e+00   3.2163917e+00   3.5526205e+00   3.9757586e+00   4.2842135e+00   4.5428169e+00   4.7966653e+00   4.9734096e+00   5.1274896e+00
   5.2763144e+00   5.4173059e+00   5.5538127e+00   5.7182141e+00   5.8574606e+00   5.9932896e+00   6.1567353e+00   6.2980850e+00   6.4453712e+00   6.6396395e+00   6.8044600e+00   6.9632886e+00   7.1376321e+00   7.2515016e+00   7.3262526e+00   7.3535765e+00   7.3160927e+00   7.2163465e+00   7.0216293e+00   6.7857654e+00   6.4785711e+00   6.0118822e+00   5.5456778e+00   4.9954925e+00   4.1719895e+00   3.2886380e+00   2.1702955e+00   1.0105275e+00   1.8720200e+00   3.6578293e+00   4.3401061e+00   4.2672508e+00   4.0964127e+00   0.0000000e+00   0.0000000e+00   0.0000000e+00   0.0000000e+00   0.0000000e+00   4.2944803e-01   7.7832991e-01   5.6808682e-01   1.0332163e+00   1.0292691e+00   1.2930641e+00   1.3505508e+00   9.0697846e-01   5.2377423e-01   6.3901002e-01   6.3646412e-01   5.2582301e-01   4.2666310e-01   4.3004932e-01   6.5214492e-01   9.7256885e-01   1.3163345e+00   1.5199890e+00   0.0000000e+00   2.0270493e+00   2.1515920e+00   2.3053091e+00   2.3589323e+00   2.6749129e+00   2.9645687e+00   3.2425439e+00   3.4711630e+00   3.7479410e+00   4.0851281e+00   4.3346843e+00   4.5621622e+00   4.7973710e+00   4.9620706e+00   5.1062893e+00
   5.1008943e+00   5.2448491e+00   5.3853985e+00   5.5548554e+00   5.6997091e+00   5.8418581e+00   6.0133066e+00   6.1609477e+00   6.3139828e+00   6.5150506e+00   6.6866975e+00   6.8529473e+00   7.0403346e+00   7.1689769e+00   7.2591470e+00   7.3001649e+00   7.2687584e+00   7.1715162e+00   6.9755811e+00   6.7409267e+00   6.4347329e+00   5.9609165e+00   5.4752346e+00   4.8924044e+00   4.0127723e+00   3.0768719e+00   1.9131222e+00   7.9108128e-01   1.8996682e+00   3.7294586e+00   4.3749262e+00   4.3468005e+00   4.0964127e+00   0.0000000e+00   0.0000000e+00   0.0000000e+00   0.0000000e+00   0.0000000e+00   3.5666815e-01   6.5623362e-01   5.6808682e-01   1.2199211e+00   1.2839860e+00   1.4738645e+00   1.3654744e+00   7.9750045e-01   6.3198707e-01   7.9238559e-01   7.1644455e-01   5.6539043e-01   4.6460148e-01   4.9144919e-01   6.8684751e-01   9.6210928e-01   1.3883051e+00   1.5199890e+00   0.0000000e+00   1.7282109e+00   1.8514222e+00   2.0447796e+00   2.3089773e+00   2.6467235e+00   2.9549236e+00   3.2082497e+00   3.3993286e+00   3.6565716e+00   3.9635862e+00   4.1844938e+00   4.3945858e+00   4.6219161e+00   4.7848464e+00   4.9296708e+00
   4.8680778e+00   5.0159655e+00   5.1618804e+00   5.3380468e+00   5.4903424e+00   5.6408792e+00   5.8229489e+00   5.9789399e+00   6.1396048e+00   6.3496970e+00   6.5304039e+00   6.7065030e+00   6.9112020e+00   7.0594507e+00   7.1700850e+00   7.2292774e+00   7.2059365e+00   7.1120176e+00   6.9144664e+00   6.6814171e+00   6.3765510e+00   5.8932750e+00   5.3817428e+00   4.7555866e+00   3.8014601e+00   2.7958173e+00   1.5718033e+00   4.9983359e-01   1.9363628e+00   3.8245246e+00   4.4211393e+00   0.0000000e+00   0.0000000e+00   0.0000000e+00   0.0000000e+00   0.0000000e+00   0.0000000e+00   0.0000000e+00   2.6007515e-01   4.4017303e-01   0.0000000e+00   1.5503126e+00   1.6220448e+00   1.7138217e+00   1.3852810e+00   6.5220189e-01   7.7560649e-01   9.9594472e-01   8.2259408e-01   6.1790408e-01   5.1495306e-01   5.7293872e-01   7.3290457e-01   9.4822740e-01   1.5156637e+00   0.0000000e+00   0.0000000e+00   1.3315944e+00   1.4530388e+00   1.6990065e+00   2.2426773e+00   2.6093107e+00   2.9421227e+00   3.1627347e+00   3.3039905e+00   3.5353066e+00   3.8022766e+00   3.9851618e+00   4.1721795e+00   4.3890534e+00   4.5496355e+00   4.6952637e+00
   3.9696833e+00   4.0936512e+00   4.2164656e+00   4.3688865e+00   4.5045142e+00   4.6427896e+00   4.8102260e+00   4.9474508e+00   5.0817243e+00   5.2523932e+00   5.4039068e+00   5.5549773e+00   5.7341633e+00   5.8681342e+00   5.9742872e+00   6.0447355e+00   6.0369511e+00   5.9687787e+00   5.8122532e+00   5.6266148e+00   5.3828949e+00   4.9981875e+00   4.5856176e+00   4.0767907e+00   3.3183818e+00   2.5818058e+00   1.8302043e+00   1.3692525e+00   2.0045893e+00   2.9334208e+00   4.4211393e+00   4.5579561e+00   0.0000000e+00   0.0000000e+00   0.0000000e+00   0.0000000e+00   0.0000000e+00   0.0000000e+00   1.0736221e+00   7.9696030e-01   0.0000000e+00   2.2608925e+00   2.1307288e+00   2.0778662e+00   1.7429827e+00   1.3546589e+00   1.3834478e+00   1.3139259e+00   9.7879947e-01   7.1288141e-01   6.1085843e-01   7.9514240e-01   9.4142201e-01   8.4889387e-01   1.5156637e+00   0.0000000e+00   0.0000000e+00   1.3697425e+00   1.4039686e+00   1.5406738e+00   1.7271149e+00   2.1390515e+00   2.6427047e+00   2.8710576e+00   2.9019357e+00   3.0233466e+00   3.1970369e+00   3.2805725e+00   3.3958175e+00   3.5600847e+00   3.6942480e+00   3.8199858e+00
   3.4380959e+00   3.5365993e+00   3.6338491e+00   3.7558257e+00   3.8693393e+00   3.9892796e+00   4.1383569e+00   4.2639948e+00   4.3879455e+00   4.5464015e+00   4.6955540e+00   4.8527129e+00   5.0481590e+00   5.2057717e+00   5.3416874e+00   5.4509832e+00   5.4769524e+00   5.4441776e+00   5.3309695e+00   5.1862636e+00   4.9877493e+00   4.6674501e+00   4.3234153e+00   3.8998940e+00   3.2773936e+00   2.6991525e+00   2.1509677e+00   1.8413319e+00   2.2174809e+00   2.4896772e+00   0.0000000e+00   0.0000000e+00   0.0000000e+00   0.0000000e+00   0.0000000e+00   0.0000000e+00   0.0000000e+00   0.0000000e+00   1.4284209e+00   1.0320464e+00   0.0000000e+00   2.5577815e+00   2.3776743e+00   2.2766379e+00   1.9719236e+00   1.6707983e+00   1.6297726e+00   1.4531943e+00   1.0447752e+00   7.5094730e-01   6.3140131e-01   8.2669377e-01   9.6775224e-01   8.9624356e-01   0.0000000e+00   0.0000000e+00   0.0000000e+00   1.7256723e+00   1.7006592e+00   1.6309837e+00   1.2792181e+00   1.8878848e+00   2.5949284e+00   2.7672224e+00   2.7062338e+00   2.8340123e+00   2.9503992e+00   2.9594063e+00   3.0105512e+00   3.1181275e+00   3.2191437e+00   3.3184362e+00
   2.5367556e+00   2.5850008e+00   2.6314567e+00   2.6915491e+00   2.7598966e+00   2.8418120e+00   2.9536873e+00   3.0593764e+00   3.1691380e+00   3.3138445e+00   3.4683298e+00   3.6488956e+00   3.8915429e+00   4.1093322e+00   4.3160058e+00   4.5113215e+00   4.6098913e+00   4.6497589e+00   4.6219198e+00   4.5546810e+00   4.4384654e+00   4.2311839e+00   4.0096018e+00   3.7406639e+00   3.3611896e+00   3.0508683e+00   2.7999374e+00   2.6152507e+00   2.6864621e+00   2.7798998e+00   0.0000000e+00   0.0000000e+00   0.0000000e+00   0.0000000e+00   0.0000000e+00   0.0000000e+00   0.0000000e+00   0.0000000e+00   1.9507553e+00   1.4456579e+00   0.0000000e+00   2.9838148e+00   2.7625493e+00   2.6032527e+00   2.3709298e+00   2.1445329e+00   1.9764741e+00   1.6587284e+00   1.1400803e+00   8.0413800e-01   6.4356630e-01   8.1762944e-01   9.5163641e-01   1.0429699e+00   0.0000000e+00   0.0000000e+00   0.0000000e+00   2.5378776e+00   2.4076427e+00   1.8993038e+00   4.3035669e-01   1.0700659e+00   0.0000000e+00   2.2351597e+00   2.4008270e+00   2.5841027e+00   2.6020075e+00   2.4747913e+00   2.4037075e+00   2.3991566e+00   2.4330043e+00   2.4782691e+00
   2.2178424e+00   2.2144736e+00   2.2027935e+00   2.1780644e+00   2.1561025e+00   2.1381131e+00   2.1382810e+00   2.1715582e+00   2.2374509e+00   2.3689652e+00   2.5381008e+00   2.7596357e+00   3.0811641e+00   3.3743546e+00   3.6605424e+00   3.9569746e+00   4.1439835e+00   4.2823531e+00   4.3923432e+00   4.4507308e+00   4.4690251e+00   4.4199396e+00   4.3084001e+00   4.1285936e+00   3.8483265e+00   3.6397357e+00   3.5173231e+00   3.4534500e+00   3.4360444e+00   3.6580637e+00   3.6322334e+00   0.0000000e+00   0.0000000e+00   0.0000000e+00   0.0000000e+00   0.0000000e+00   0.0000000e+00   0.0000000e+00   1.9507553e+00   2.1605636e+00   3.2122216e+00   3.2798121e+00   3.0910959e+00   2.9131444e+00   2.7373211e+00   2.5559055e+00   2.3568250e+00   1.9687566e+00   1.2803463e+00   8.3520344e-01   6.1018340e-01   6.0539432e-01   7.2719362e-01   9.2078077e-01   0.0000000e+00   0.0000000e+00   0.0000000e+00   3.5617335e+00   3.1597221e+00   2.0799911e+00   7.6074853e-01   1.0700659e+00   0.0000000e+00   2.1680380e+00   2.4193705e+00   2.6674374e+00   2.7507766e+00   2.6321005e+00   2.4692864e+00   2.3269916e+00   2.2622545e+00   2.2290576e+00
   2.2239871e+00   2.2085767e+00   2.1841741e+00   2.1342438e+00   2.0776763e+00   2.0174855e+00   1.9640658e+00   1.9533689e+00   1.9818572e+00   2.0838336e+00   2.2401397e+00   2.4611917e+00   2.7953918e+00   3.1050969e+00   3.4133732e+00   3.7472977e+00   3.9756843e+00   4.1659449e+00   4.3550890e+00   4.4881947e+00   4.5859601e+00   4.6262979e+00   4.5696398e+00   4.4235195e+00   4.1639310e+00   3.9752896e+00   3.8978082e+00   3.9087428e+00   3.9021700e+00   3.9736239e+00   3.8538595e+00   0.0000000e+00   0.0000000e+00   0.0000000e+00   0.0000000e+00   0.0000000e+00   0.0000000e+00   0.0000000e+00   0.0000000e+00   2.5490275e+00   3.2736826e+00   3.3995725e+00   3.2802445e+00   3.1031992e+00   2.9584898e+00   2.8144163e+00   2.6208966e+00   2.2097840e+00   1.3797042e+00   8.3546762e-01   5.7205332e-01   4.9539118e-01   6.5184597e-01   7.5670041e-01   0.0000000e+00   0.0000000e+00   4.2567537e+00   4.1484759e+00   3.4653085e+00   2.3049045e+00   1.0793933e+00   0.0000000e+00   0.0000000e+00   2.1455046e+00   2.4039013e+00   2.6944379e+00   2.8611990e+00   2.7900147e+00   2.6175841e+00   2.4276922e+00   2.3225363e+00   2.2583320e+00
   2.6545894e+00   2.6592847e+00   2.6607256e+00   2.6232488e+00   2.5503719e+00   2.4572324e+00   2.3426256e+00   2.2571305e+00   2.1993620e+00   2.2058314e+00   2.2946312e+00   2.4615314e+00   2.7432047e+00   3.0194442e+00   3.3102035e+00   3.6576180e+00   3.9304610e+00   4.1923179e+00   4.5065395e+00   4.7634330e+00   4.9917202e+00   5.1701901e+00   5.1817662e+00   5.0499625e+00   4.7423477e+00   4.4996846e+00   4.4289981e+00   4.5702059e+00   4.7179957e+00   4.8935738e+00   4.6968535e+00   0.0000000e+00   0.0000000e+00   0.0000000e+00   0.0000000e+00   0.0000000e+00   0.0000000e+00   0.0000000e+00   0.0000000e+00   3.3419543e+00   3.5074604e+00   3.5716264e+00   3.5801731e+00   3.4303958e+00   3.3318873e+00   3.2724128e+00   3.1396576e+00   2.7306893e+00   1.5785195e+00   7.9680407e-01   4.6964653e-01   2.9884901e-01   0.0000000e+00   0.0000000e+00   0.0000000e+00   0.0000000e+00   4.2567537e+00   4.3795720e+00   3.6673060e+00   2.9296771e+00   1.7288978e+00   0.0000000e+00   0.0000000e+00   0.0000000e+00   2.2388646e+00   2.6907259e+00   3.0912424e+00   3.1897960e+00   3.0979206e+00   2.9028746e+00   2.7698641e+00   2.6879084e+00
   3.0888677e+00   3.1123276e+00   3.1387578e+00   3.1374222e+00   3.0956367e+00   3.0299041e+00   2.9361277e+00   2.8553998e+00   2.7851920e+00   2.7482443e+00   2.7852825e+00   2.8872197e+00   3.0732087e+00   3.2643369e+00   3.4761675e+00   3.7540362e+00   3.9992934e+00   4.2587112e+00   4.5974215e+00   4.8814936e+00   5.1425590e+00   5.3734022e+00   5.4397820e+00   5.3483892e+00   5.0023682e+00   4.6320278e+00   4.4733339e+00   4.7040768e+00   4.9638626e+00   5.4107997e+00   5.4591059e+00   0.0000000e+00   0.0000000e+00   0.0000000e+00   0.0000000e+00   0.0000000e+00   0.0000000e+00   0.0000000e+00   0.0000000e+00   3.4939333e+00   3.6777608e+00   3.8411583e+00   3.8662058e+00   3.7554930e+00   3.6813256e+00   3.6771044e+00   3.6120698e+00   3.2739186e+00   1.7253670e+00   9.6573540e-01   6.2185638e-01   2.9884901e-01   0.0000000e+00   0.0000000e+00   0.0000000e+00   4.7032242e+00   4.9031196e+00   4.5941002e+00   4.0389482e+00   3.2656259e+00   1.9780000e+00   0.0000000e+00   0.0000000e+00   0.0000000e+00   2.1685177e+00   2.7547325e+00   3.1512989e+00   3.3612792e+00   3.4002156e+00   3.2859404e+00   3.1715902e+00   3.1026761e+00
   3.3560179e+00   3.3924806e+00   3.4340282e+00   3.4596126e+00   3.4446982e+00   3.4034105e+00   3.3313691e+00   3.2604618e+00   3.1901425e+00   3.1355452e+00   3.1442862e+00   3.2061067e+00   3.3285120e+00   3.4591594e+00   3.6104240e+00   3.8269791e+00   4.0370795e+00   4.2762889e+00   4.6061500e+00   4.8889031e+00   5.1583210e+00   5.4204164e+00   5.5317390e+00   5.4864826e+00   5.1411035e+00   4.6490789e+00   4.3841408e+00   4.6806776e+00   5.0094859e+00   5.6411213e+00   5.8629274e+00   0.0000000e+00   0.0000000e+00   0.0000000e+00   0.0000000e+00   0.0000000e+00   0.0000000e+00   5.2566365e+00   4.8646609e+00   3.6047922e+00   3.8007041e+00   3.9999306e+00   4.0458709e+00   3.9667409e+00   3.9130398e+00   3.9475153e+00   3.9382241e+00   3.6621005e+00   1.9531892e+00   1.1172884e+00   9.0507055e-01   0.0000000e+00   0.0000000e+00   0.0000000e+00   4.7721002e+00   4.7991032e+00   5.1167682e+00   4.7406169e+00   4.2758043e+00   3.4581017e+00   2.0626674e+00   0.0000000e+00   0.0000000e+00   0.0000000e+00   2.1357944e+00   2.8041996e+00   3.1623245e+00   3.4248547e+00   3.5471453e+00   3.5009008e+00   3.4088393e+00   3.3533425e+00
   3.6639628e+00   3.7206314e+00   3.7786934e+00   3.8520655e+00   3.8958136e+00   3.9098211e+00   3.8947252e+00   3.8597633e+00   3.8162723e+00   3.7737158e+00   3.7625097e+00   3.7775366e+00   3.8097652e+00   3.8416538e+00   3.8801607e+00   3.9597888e+00   4.0643457e+00   4.2133807e+00   4.4475507e+00   4.6642974e+00   4.9011181e+00   5.1957853e+00   5.3990602e+00   5.4830505e+00   5.2251679e+00   4.4386450e+00   3.8649640e+00   4.2756491e+00   4.6844743e+00   5.5925370e+00   6.0957372e+00   0.0000000e+00   0.0000000e+00   0.0000000e+00   0.0000000e+00   0.0000000e+00   0.0000000e+00   5.2566365e+00   4.8646609e+00   3.7946681e+00   4.0074188e+00   4.1578063e+00   4.2662330e+00   4.2505060e+00   4.2400330e+00   4.3359415e+00   4.4412573e+00   4.3026405e+00   2.7073135e+00   1.8072541e+00   0.0000000e+00   0.0000000e+00   0.0000000e+00   0.0000000e+00   4.7721002e+00   5.0257451e+00   5.0607259e+00   4.9615145e+00   4.5782766e+00   3.6292541e+00   1.9151284e+00   0.0000000e+00   0.0000000e+00   0.0000000e+00   0.0000000e+00   2.9283358e+00   3.0823748e+00   3.3482971e+00   3.5769812e+00   3.6747343e+00   3.6470094e+00   3.6262643e+00
   3.6622875e+00   3.7445177e+00   3.8255388e+00   3.9244436e+00   3.9991977e+00   4.0501474e+00   4.0786481e+00   4.0756182e+00   4.0553322e+00   4.0383795e+00   4.0387019e+00   4.0444384e+00   4.0418627e+00   4.0330793e+00   4.0165415e+00   4.0061355e+00   4.0245217e+00   4.0815945e+00   4.1948859e+00   4.3255955e+00   4.5002816e+00   4.7641642e+00   4.9951954e+00   5.1778769e+00   5.0825799e+00   4.1164671e+00   3.2502566e+00   3.3984919e+00   4.0142733e+00   5.1916419e+00   5.9777457e+00   0.0000000e+00   0.0000000e+00   0.0000000e+00   0.0000000e+00   0.0000000e+00   5.5194431e+00   5.2334714e+00   4.4611445e+00   3.5637667e+00   3.6879941e+00   3.9036165e+00   4.1042513e+00   4.1736389e+00   4.2404033e+00   4.4197321e+00   4.6403818e+00   4.3401764e+00   3.0920869e+00   1.8072541e+00   0.0000000e+00   0.0000000e+00   0.0000000e+00   3.5585481e+00   4.6101854e+00   4.8485773e+00   4.8344095e+00   4.8970870e+00   4.6442576e+00   3.9311054e+00   1.9151284e+00   0.0000000e+00   0.0000000e+00   0.0000000e+00   0.0000000e+00   2.3687762e+00   2.8306824e+00   3.0474092e+00   3.3185407e+00   3.5124255e+00   3.5584303e+00   3.5885667e+00
   3.5871832e+00   3.6869549e+00   3.7844430e+00   3.9011975e+00   3.9932725e+00   4.0647296e+00   4.1198827e+00   4.1385867e+00   4.1345947e+00   4.1332331e+00   4.1421389e+00   4.1484298e+00   4.1344756e+00   4.1076702e+00   4.0634042e+00   4.0010329e+00   3.9644831e+00   3.9590530e+00   3.9887856e+00   4.0548647e+00   4.1742380e+00   4.3900245e+00   4.6124476e+00   4.8430086e+00   4.9044764e+00   4.0386291e+00   2.9705513e+00   2.9993661e+00   3.7093171e+00   4.9216267e+00   5.7789573e+00   0.0000000e+00   0.0000000e+00   0.0000000e+00   0.0000000e+00   0.0000000e+00   5.5086561e+00   4.9557750e+00   3.9256026e+00   3.1020864e+00   3.2401010e+00   3.5599339e+00   3.8547284e+00   3.9944596e+00   4.1229888e+00   4.3722157e+00   4.7016789e+00   4.4300018e+00   3.2802158e+00   0.0000000e+00   0.0000000e+00   3.5616496e+00   3.3313140e+00   3.5782580e+00   4.4815674e+00   4.5557968e+00   4.5851476e+00   4.7752123e+00   4.6390062e+00   4.4659544e+00   0.0000000e+00   0.0000000e+00   0.0000000e+00   0.0000000e+00   0.0000000e+00   2.1488912e+00   2.6736235e+00   2.8013168e+00   3.0695133e+00   3.3152998e+00   3.4147012e+00   3.4846314e+00
   3.3287444e+00   3.4490629e+00   3.5674791e+00   3.7058972e+00   3.8091398e+00   3.8934526e+00   3.9722966e+00   4.0160447e+00   4.0319904e+00   4.0443281e+00   4.0648371e+00   4.0877511e+00   4.0892948e+00   4.0641745e+00   4.0105862e+00   3.9099827e+00   3.8187626e+00   3.7415177e+00   3.6719782e+00   3.6494738e+00   3.6748462e+00   3.7721296e+00   3.9207222e+00   4.1616178e+00   4.5108747e+00   4.5166966e+00   0.0000000e+00   0.0000000e+00   0.0000000e+00   4.5155932e+00   5.2745402e+00   0.0000000e+00   0.0000000e+00   0.0000000e+00   0.0000000e+00   0.0000000e+00   5.4992812e+00   4.0087271e+00   2.7021613e+00   1.8623685e+00   2.1883400e+00   2.7672549e+00   3.2435249e+00   3.4931599e+00   3.7142294e+00   4.0744910e+00   4.5997909e+00   4.6828913e+00   3.1226973e+00   0.0000000e+00   0.0000000e+00   3.5616496e+00   3.3313140e+00   3.6296468e+00   4.0984764e+00   3.8182366e+00   4.0766169e+00   4.4534456e+00   4.5163811e+00   4.4153845e+00   0.0000000e+00   0.0000000e+00   0.0000000e+00   0.0000000e+00   0.0000000e+00   2.2696139e+00   2.5257630e+00   2.4217626e+00   2.6126123e+00   2.8867646e+00   3.0551644e+00   3.1829469e+00
   2.8432226e+00   2.9755773e+00   3.1060913e+00   3.2649350e+00   3.3807941e+00   3.4721819e+00   3.5540663e+00   3.6032161e+00   3.6315673e+00   3.6531828e+00   3.6749092e+00   3.7023002e+00   3.7236920e+00   3.7200822e+00   3.6829196e+00   3.5879729e+00   3.4809210e+00   3.3676340e+00   3.2466095e+00   3.1687442e+00   3.1194173e+00   3.0949973e+00   3.1188309e+00   3.2499361e+00   3.7295831e+00   4.0107379e+00   0.0000000e+00   0.0000000e+00   0.0000000e+00   4.2789629e+00   4.9163584e+00   0.0000000e+00   0.0000000e+00   0.0000000e+00   0.0000000e+00   0.0000000e+00   4.2844755e+00   2.8467982e+00   1.4391573e+00   8.5185583e-01   2.1883400e+00   1.8855736e+00   2.2838127e+00   2.6353778e+00   2.9396744e+00   3.3598301e+00   3.8606767e+00   4.4959056e+00   3.6449862e+00   3.2316521e+00   3.2424052e+00   3.8046012e+00   3.4560705e+00   3.1908850e+00   2.8832865e+00   2.8430711e+00   3.1978552e+00   3.8263378e+00   4.0138467e+00   3.9645992e+00   0.0000000e+00   0.0000000e+00   0.0000000e+00   0.0000000e+00   0.0000000e+00   2.0391556e+00   2.0210613e+00   1.9431391e+00   2.0689653e+00   2.3037267e+00   2.4994698e+00   2.6670647e+00
   2.4020588e+00   2.5466108e+00   2.6866094e+00   2.8571124e+00   2.9805451e+00   3.0762340e+00   3.1599181e+00   3.2115586e+00   3.2467475e+00   3.2759376e+00   3.2966075e+00   3.3184219e+00   3.3416462e+00   3.3444575e+00   3.3146550e+00   3.2298892e+00   3.1230666e+00   2.9983364e+00   2.8507359e+00   2.7386718e+00   2.6423812e+00   2.5431826e+00   2.4869979e+00   2.5292178e+00   3.0097324e+00   3.4202485e+00   0.0000000e+00   0.0000000e+00   3.0923420e+00   4.0341348e+00   4.8514167e+00   0.0000000e+00   0.0000000e+00   0.0000000e+00   0.0000000e+00   3.5533408e+00   3.3836753e+00   2.0269447e+00   1.0592743e+00   4.8445843e-01   0.0000000e+00   1.2032817e+00   1.5219685e+00   1.8858443e+00   2.2317171e+00   2.6907848e+00   3.1535745e+00   3.7818886e+00   3.4189967e+00   3.0139639e+00   2.8414507e+00   3.0523244e+00   2.6937069e+00   2.3291841e+00   1.9408058e+00   1.9913952e+00   2.4050781e+00   3.2702564e+00   3.7111526e+00   3.7415596e+00   0.0000000e+00   0.0000000e+00   0.0000000e+00   0.0000000e+00   0.0000000e+00   1.9763138e+00   1.4397074e+00   1.4049317e+00   1.5930849e+00   1.8138809e+00   2.0126771e+00   2.2029800e+00
   1.8919171e+00   2.0511983e+00   2.2014171e+00   2.3819811e+00   2.5122427e+00   2.6118504e+00   2.6971381e+00   2.7504602e+00   2.7913573e+00   2.8288820e+00   2.8472579e+00   2.8578418e+00   2.8751520e+00   2.8788810e+00   2.8538387e+00   2.7833451e+00   2.6840338e+00   2.5566350e+00   2.3883211e+00   2.2446961e+00   2.1044665e+00   1.9365503e+00   1.8043678e+00   1.7491967e+00   2.1724017e+00   2.6726027e+00   0.0000000e+00   0.0000000e+00   3.0923420e+00   3.8107159e+00   4.9054884e+00   0.0000000e+00   0.0000000e+00   0.0000000e+00   2.1669605e+00   3.5533408e+00   2.4426906e+00   1.1958758e+00   8.2476393e-01   8.4491440e-01   8.6649101e-01   6.0563542e-01   6.9563862e-01   1.0339330e+00   1.4110015e+00   1.9073752e+00   2.3183052e+00   2.6864519e+00   2.8691494e+00   2.6543062e+00   2.1790061e+00   1.6999827e+00   1.3779489e+00   1.1031780e+00   9.3113100e-01   1.0236105e+00   1.4911727e+00   2.6340380e+00   3.4374506e+00   3.5761464e+00   0.0000000e+00   0.0000000e+00   0.0000000e+00   0.0000000e+00   0.0000000e+00   0.0000000e+00   7.0658874e-01   7.3134970e-01   1.0517716e+00   1.2672407e+00   1.4587625e+00   1.6686471e+00
   9.9841698e-01   1.1844675e+00   1.3558800e+00   1.5371558e+00   1.6620551e+00   1.7561037e+00   1.8375887e+00   1.8929705e+00   1.9390385e+00   1.9736635e+00   1.9803708e+00   1.9723036e+00   1.9667947e+00   1.9562379e+00   1.9205292e+00   1.8519812e+00   1.7718670e+00   1.6605459e+00   1.4809112e+00   1.3051856e+00   1.1216912e+00   8.8011632e-01   6.9383832e-01   6.5091313e-01   1.0486270e+00   2.0095117e+00   2.5035156e+00   2.9195264e+00   3.3029749e+00   4.1727947e+00   4.5479879e+00   0.0000000e+00   0.0000000e+00   0.0000000e+00   2.1669605e+00   2.0871257e+00   1.2082252e+00   1.0598831e+00   0.0000000e+00   8.4491440e-01   8.6649101e-01   9.1385632e-01   6.7143033e-01   4.0372205e-01   3.7580359e-01   7.4757140e-01   1.0777279e+00   1.2218533e+00   1.1034863e+00   9.0361516e-01   7.5945861e-01   6.8613329e-01   6.9796929e-01   7.8895232e-01   7.7910216e-01   6.3474663e-01   6.9412083e-01   1.5294896e+00   2.5385561e+00   2.8315994e+00   0.0000000e+00   0.0000000e+00   0.0000000e+00   0.0000000e+00   0.0000000e+00   0.0000000e+00   2.3537440e-01   1.4476804e-01   3.4318526e-01   4.4265716e-01   5.5082883e-01   7.5135220e-01
   6.1449482e-01   6.9697553e-01   8.2579205e-01   9.8153823e-01   1.0881804e+00   1.1704063e+00   1.2407948e+00   1.2853106e+00   1.3224493e+00   1.3467105e+00   1.3458366e+00   1.3325899e+00   1.3147911e+00   1.2946933e+00   1.2550035e+00   1.1823312e+00   1.1017852e+00   9.9153333e-01   8.1304363e-01   6.2992249e-01   4.3149838e-01   4.4668445e-01   5.8073420e-01   8.2543041e-01   1.3263254e+00   2.1835611e+00   3.1124019e+00   3.7664267e+00   4.0126665e+00   4.4335644e+00   4.5479879e+00   0.0000000e+00   0.0000000e+00   1.5269824e+00   1.7150773e+00   1.4496079e+00   1.5303242e+00   1.9160143e+00   0.0000000e+00   1.7213624e+00   1.7239881e+00   1.6672955e+00   1.4105213e+00   1.1652102e+00   1.0432429e+00   1.1375111e+00   1.3447868e+00   1.5427511e+00   1.6509324e+00   1.6864298e+00   1.7263411e+00   1.8257551e+00   1.8862074e+00   1.8900830e+00   1.7559286e+00   1.5575787e+00   1.4128748e+00   1.5545771e+00   2.0454198e+00   2.2623783e+00   0.0000000e+00   0.0000000e+00   0.0000000e+00   0.0000000e+00   0.0000000e+00   3.0853818e-01   1.9567877e-01   4.7552124e-01   6.4336272e-01   6.6564970e-01   6.2870370e-01   5.9512587e-01
   6.3803556e-01   5.8328565e-01   5.8487465e-01   6.0473200e-01   6.1340729e-01   6.1515581e-01   6.1721279e-01   6.3864634e-01   6.6677925e-01   6.7732754e-01   6.6487193e-01   6.5758566e-01   6.6409333e-01   6.6343127e-01   6.5014191e-01   6.2656597e-01   6.0481041e-01   5.7441059e-01   5.1652318e-01   4.5630056e-01   3.9835376e-01   5.9800624e-01   8.9226542e-01   1.2704008e+00   1.8117238e+00   2.6353771e+00   3.5947146e+00   4.2381710e+00   4.4657142e+00   4.5228414e+00   0.0000000e+00   0.0000000e+00   0.0000000e+00   1.0239245e+00   1.3738622e+00   1.0792137e+00   1.8584977e+00   2.7755851e+00   3.9530282e+00   3.1665942e+00   2.5574244e+00   2.3820700e+00   2.1035095e+00   1.8814541e+00   1.7278162e+00   1.7128331e+00   1.9494254e+00   2.3123110e+00   2.6687481e+00   2.8274924e+00   2.9262303e+00   3.1076424e+00   3.1866651e+00   3.0630798e+00   2.7246810e+00   2.4777329e+00   2.2033651e+00   1.8950733e+00   1.8510450e+00   1.8843268e+00   0.0000000e+00   0.0000000e+00   0.0000000e+00   0.0000000e+00   0.0000000e+00   3.3437335e-01   3.8765402e-01   8.5282806e-01   9.8701664e-01   9.9623907e-01   9.2371030e-01   7.8022725e-01
   1.1115822e+00   9.0737922e-01   7.1683536e-01   5.1088672e-01   3.5693851e-01   2.2386646e-01   1.1424450e-01   1.0404822e-01   1.2404902e-01   1.2308290e-01   1.0107968e-01   1.1160403e-01   1.7571888e-01   2.2222421e-01   2.6373521e-01   3.3699132e-01   4.2458718e-01   5.3998253e-01   7.0362830e-01   8.7528881e-01   1.0881898e+00   1.3790768e+00   1.6569705e+00   1.9980968e+00   2.5098941e+00   3.3280389e+00   4.3213128e+00   4.9055139e+00   4.6188129e+00   4.1775745e+00   0.0000000e+00   0.0000000e+00   6.1345499e-01   7.9163886e-01   9.8284706e-01   1.0451793e+00   2.1543390e+00   3.1570204e+00   3.9530282e+00   3.6611152e+00   3.3092213e+00   3.0128276e+00   2.7137012e+00   2.5193938e+00   2.4065696e+00   2.4595565e+00   2.8405102e+00   3.4231679e+00   4.0212647e+00   4.1809041e+00   4.2109742e+00   4.3774289e+00   4.4439167e+00   4.2275746e+00   3.6609248e+00   3.3610268e+00   3.0428095e+00   2.5755245e+00   2.0349079e+00   1.7906882e+00   0.0000000e+00   0.0000000e+00   0.0000000e+00   0.0000000e+00   0.0000000e+00   4.3585945e-01   8.1896526e-01   1.2656331e+00   1.3667000e+00   1.4265445e+00   1.4354318e+00   1.3237340e+00
   1.7632671e+00   1.6049189e+00   1.4340762e+00   1.2344636e+00   1.0884404e+00   9.8167695e-01   9.1360015e-01   9.0919417e-01   9.2810781e-01   9.6858048e-01   9.9571398e-01   1.0258485e+00   1.0994224e+00   1.1684213e+00   1.2337841e+00   1.3306150e+00   1.4219992e+00   1.5302472e+00   1.6926495e+00   1.8401386e+00   2.0206324e+00   2.2885289e+00   2.5265388e+00   2.7984904e+00   3.2583728e+00   3.6075894e+00   3.5600254e+00   0.0000000e+00   0.0000000e+00   0.0000000e+00   0.0000000e+00   0.0000000e+00   6.1345499e-01   0.0000000e+00   1.4491903e+00   1.4340358e+00   0.0000000e+00   0.0000000e+00   0.0000000e+00   4.0752593e+00   3.7259964e+00   3.4067066e+00   3.1708984e+00   3.0455389e+00   3.0269491e+00   3.1062209e+00   3.1824053e+00   3.3635458e+00   0.0000000e+00   0.0000000e+00   0.0000000e+00   0.0000000e+00   0.0000000e+00   5.0752606e+00   4.6131065e+00   4.1486682e+00   3.8200739e+00   3.3950300e+00   2.7687654e+00   2.3995742e+00   0.0000000e+00   0.0000000e+00   0.0000000e+00   0.0000000e+00   0.0000000e+00   1.0177419e+00   1.2355513e+00   1.6395513e+00   1.7360720e+00   1.8002097e+00   1.8885212e+00   1.8770290e+00
   2.1442584e+00   2.0815594e+00   1.9954071e+00   1.8592641e+00   1.7521949e+00   1.6654450e+00   1.6195552e+00   1.6342041e+00   1.6649286e+00   1.7328623e+00   1.7752308e+00   1.8316581e+00   1.9126649e+00   1.9956067e+00   2.0846647e+00   2.1749333e+00   2.2686019e+00   2.3660121e+00   2.5040243e+00   2.6390609e+00   2.7889104e+00   3.0138016e+00   3.1856411e+00   3.3530313e+00   3.7028536e+00   3.9690865e+00   0.0000000e+00   0.0000000e+00   0.0000000e+00   0.0000000e+00   0.0000000e+00   0.0000000e+00   0.0000000e+00   0.0000000e+00   1.4491903e+00   1.4340358e+00   0.0000000e+00   0.0000000e+00   0.0000000e+00   3.3022579e+00   3.6011171e+00   3.4810923e+00   3.4241951e+00   3.3976409e+00   3.4313163e+00   3.4038314e+00   3.1494613e+00   0.0000000e+00   0.0000000e+00   0.0000000e+00   0.0000000e+00   0.0000000e+00   0.0000000e+00   5.0752606e+00   4.6460195e+00   4.6301925e+00   4.4328119e+00   3.9939231e+00   3.3345826e+00   2.8978187e+00   0.0000000e+00   0.0000000e+00   0.0000000e+00   0.0000000e+00   1.0098917e+00   1.3628610e+00   1.6118007e+00   1.8989608e+00   1.9716856e+00   1.9767360e+00   2.0682130e+00   2.1388331e+00
   2.3290870e+00   2.3556811e+00   2.3517521e+00   2.3003903e+00   2.2509861e+00   2.1949470e+00   2.1932419e+00   2.2095597e+00   2.2559167e+00   2.3149887e+00   2.3857255e+00   2.4668896e+00   2.5674316e+00   2.6640520e+00   2.7481070e+00   2.8650413e+00   2.9376597e+00   3.0362884e+00   3.1306441e+00   3.2625228e+00   3.4013320e+00   3.5816206e+00   3.6797599e+00   3.7072849e+00   3.9243424e+00   3.7647918e+00   0.0000000e+00   0.0000000e+00   0.0000000e+00   0.0000000e+00   0.0000000e+00   0.0000000e+00   0.0000000e+00   0.0000000e+00   0.0000000e+00   0.0000000e+00   0.0000000e+00   0.0000000e+00   0.0000000e+00   3.1416239e+00   3.3918019e+00   3.5637516e+00   3.5861070e+00   3.6293588e+00   3.6100573e+00   3.5389637e+00   3.1234108e+00   0.0000000e+00   0.0000000e+00   0.0000000e+00   0.0000000e+00   0.0000000e+00   0.0000000e+00   0.0000000e+00   4.6675142e+00   4.7088107e+00   4.5328533e+00   4.3170888e+00   3.9108204e+00   2.9791668e+00   0.0000000e+00   0.0000000e+00   0.0000000e+00   0.0000000e+00   1.0098917e+00   1.7477338e+00   1.8586029e+00   2.0456338e+00   2.1417633e+00   2.0852469e+00   2.1233993e+00   2.2375275e+00
   2.4081040e+00   2.5036696e+00   2.5759336e+00   2.6109705e+00   2.6259900e+00   2.6178681e+00   2.6488988e+00   2.6696690e+00   2.7220430e+00   2.7904876e+00   2.8855832e+00   2.9820378e+00   3.1039686e+00   3.1999219e+00   3.2883387e+00   3.3988948e+00   3.4768365e+00   3.5615927e+00   3.6479658e+00   3.7562392e+00   3.8918297e+00   4.0066527e+00   4.0083995e+00   3.9257921e+00   3.8084715e+00   3.6122323e+00   0.0000000e+00   0.0000000e+00   0.0000000e+00   0.0000000e+00   0.0000000e+00   0.0000000e+00   0.0000000e+00   0.0000000e+00   0.0000000e+00   0.0000000e+00   0.0000000e+00   0.0000000e+00   0.0000000e+00   3.0764490e+00   3.3023848e+00   3.5309077e+00   3.6321734e+00   3.6838967e+00   3.6713810e+00   3.4896559e+00   3.0307447e+00   0.0000000e+00   0.0000000e+00   0.0000000e+00   0.0000000e+00   0.0000000e+00   0.0000000e+00   0.0000000e+00   0.0000000e+00   0.0000000e+00   0.0000000e+00   4.4237613e+00   4.3688309e+00   0.0000000e+00   0.0000000e+00   0.0000000e+00   0.0000000e+00   0.0000000e+00   0.0000000e+00   1.7860137e+00   2.0303161e+00   2.1790999e+00   2.2781532e+00   2.1776191e+00   2.1559372e+00   2.2550139e+00
   2.4273477e+00   2.5745979e+00   2.6912651e+00   2.8060935e+00   2.8571559e+00   2.9014864e+00   2.9348129e+00   2.9801168e+00   3.0286012e+00   3.1396807e+00   3.2315687e+00   3.3439779e+00   3.4520292e+00   3.5573111e+00   3.6338221e+00   3.7479236e+00   3.8205668e+00   3.9018150e+00   3.9751020e+00   4.0754960e+00   4.1902725e+00   4.3908800e+00   4.1975157e+00   4.0024773e+00   3.3759582e+00   0.0000000e+00   0.0000000e+00   0.0000000e+00   0.0000000e+00   0.0000000e+00   0.0000000e+00   0.0000000e+00   0.0000000e+00   0.0000000e+00   0.0000000e+00   0.0000000e+00   0.0000000e+00   0.0000000e+00   0.0000000e+00   0.0000000e+00   0.0000000e+00   3.4569462e+00   3.2607973e+00   3.5324964e+00   3.5735724e+00   3.3146061e+00   2.8880382e+00   0.0000000e+00   0.0000000e+00   0.0000000e+00   0.0000000e+00   0.0000000e+00   0.0000000e+00   0.0000000e+00   0.0000000e+00   0.0000000e+00   0.0000000e+00   0.0000000e+00   0.0000000e+00   0.0000000e+00   0.0000000e+00   0.0000000e+00   0.0000000e+00   0.0000000e+00   0.0000000e+00   1.6369625e+00   2.1009539e+00   2.3245764e+00   2.4232286e+00   2.3252378e+00   2.2491174e+00   2.2969030e+00
   2.3916471e+00   2.5457814e+00   2.6905203e+00   2.8419365e+00   2.9141455e+00   2.9803952e+00   3.0270820e+00   3.1041334e+00   3.1693764e+00   3.3140339e+00   3.3907865e+00   3.5037427e+00   3.5771122e+00   3.6931623e+00   3.7468019e+00   3.8859376e+00   3.9273222e+00   4.0244848e+00   4.0627027e+00   4.1776988e+00   4.2890086e+00   4.6350648e+00   4.0699846e+00   3.8177273e+00   2.9541203e+00   0.0000000e+00   0.0000000e+00   0.0000000e+00   0.0000000e+00   0.0000000e+00   0.0000000e+00   0.0000000e+00   0.0000000e+00   0.0000000e+00   0.0000000e+00   0.0000000e+00   0.0000000e+00   0.0000000e+00   0.0000000e+00   0.0000000e+00   0.0000000e+00   0.0000000e+00   2.7292922e+00   2.9591248e+00   3.2240363e+00   3.2147868e+00   2.7894815e+00   2.5048847e+00   0.0000000e+00   0.0000000e+00   0.0000000e+00   0.0000000e+00   0.0000000e+00   0.0000000e+00   0.0000000e+00   0.0000000e+00   0.0000000e+00   0.0000000e+00   0.0000000e+00   0.0000000e+00   0.0000000e+00   0.0000000e+00   0.0000000e+00   0.0000000e+00   0.0000000e+00   0.0000000e+00   2.0421102e+00   2.3226343e+00   2.5214459e+00   2.4112549e+00   2.3072483e+00   2.3152479e+00
   2.2169028e+00   2.3651437e+00   2.5507626e+00   2.7053317e+00   2.7967940e+00   2.8751371e+00   2.9438987e+00   3.0404520e+00   3.1182089e+00   3.2518508e+00   3.3336200e+00   3.4039304e+00   3.5022103e+00   3.5616460e+00   3.6628652e+00   3.7441594e+00   3.8120589e+00   3.8996686e+00   3.9183838e+00   4.0334002e+00   4.2030304e+00   0.0000000e+00   3.1316587e+00   3.1547799e+00   2.6173624e+00   0.0000000e+00   0.0000000e+00   0.0000000e+00   0.0000000e+00   0.0000000e+00   0.0000000e+00   0.0000000e+00   0.0000000e+00   0.0000000e+00   0.0000000e+00   0.0000000e+00   0.0000000e+00   0.0000000e+00   0.0000000e+00   0.0000000e+00   0.0000000e+00   0.0000000e+00   2.1662401e+00   2.3822149e+00   2.9151467e+00   2.8883898e+00   2.6488227e+00   2.1840480e+00   0.0000000e+00   0.0000000e+00   0.0000000e+00   0.0000000e+00   0.0000000e+00   0.0000000e+00   0.0000000e+00   0.0000000e+00   0.0000000e+00   0.0000000e+00   0.0000000e+00   0.0000000e+00   0.0000000e+00   0.0000000e+00   0.0000000e+00   0.0000000e+00   0.0000000e+00   0.0000000e+00   1.8537726e+00   1.8672476e+00   0.0000000e+00   2.1491910e+00   2.1608383e+00   2.1355740e+00
   1.9341387e+00   2.1528896e+00   2.3144154e+00   2.4878165e+00   2.5596298e+00   2.6208774e+00   2.6951895e+00   2.7264815e+00   2.8125716e+00   2.9092012e+00   3.0022451e+00   3.0955594e+00   3.1473213e+00   3.2381206e+00   3.3156681e+00   3.3640875e+00   3.4978834e+00   3.4930034e+00   3.6861259e+00   3.3629167e+00   2.9596084e+00   0.0000000e+00   2.2297945e+00   2.2471750e+00   2.3235076e+00   0.0000000e+00   0.0000000e+00   0.0000000e+00   0.0000000e+00   0.0000000e+00   0.0000000e+00   0.0000000e+00   0.0000000e+00   0.0000000e+00   0.0000000e+00   0.0000000e+00   0.0000000e+00   0.0000000e+00   0.0000000e+00   0.0000000e+00   0.0000000e+00   0.0000000e+00   0.0000000e+00   0.0000000e+00   0.0000000e+00   2.4406171e+00   2.1524725e+00   1.9656938e+00   0.0000000e+00   0.0000000e+00   0.0000000e+00   0.0000000e+00   0.0000000e+00   0.0000000e+00   0.0000000e+00   0.0000000e+00   0.0000000e+00   0.0000000e+00   0.0000000e+00   0.0000000e+00   0.0000000e+00   0.0000000e+00   0.0000000e+00   0.0000000e+00   0.0000000e+00   1.2562665e+00   1.5529534e+00   1.5052458e+00   0.0000000e+00   1.9743328e+00   1.9990492e+00   1.8952384e+00
   1.8057595e+00   2.0394753e+00   2.1515340e+00   2.2219780e+00   2.2064040e+00   2.2034849e+00   2.1707367e+00   2.1383624e+00   2.2345061e+00   2.3078612e+00   2.4655994e+00   2.5545187e+00   2.5645554e+00   2.7133133e+00   2.6964952e+00   2.8514302e+00   2.9335924e+00   2.9338070e+00   3.2084774e+00   2.5045580e+00   2.0256733e+00   0.0000000e+00   1.4856630e+00   1.5783453e+00   1.8975194e+00   0.0000000e+00   0.0000000e+00   0.0000000e+00   0.0000000e+00   0.0000000e+00   0.0000000e+00   0.0000000e+00   0.0000000e+00   0.0000000e+00   0.0000000e+00   0.0000000e+00   0.0000000e+00   0.0000000e+00   0.0000000e+00   0.0000000e+00   0.0000000e+00   0.0000000e+00   0.0000000e+00   0.0000000e+00   0.0000000e+00   0.0000000e+00   0.0000000e+00   0.0000000e+00   0.0000000e+00   0.0000000e+00   0.0000000e+00   0.0000000e+00   0.0000000e+00   0.0000000e+00   0.0000000e+00   0.0000000e+00   0.0000000e+00   0.0000000e+00   0.0000000e+00   0.0000000e+00   0.0000000e+00   0.0000000e+00   0.0000000e+00   0.0000000e+00   6.9777960e-01   1.0220466e+00   1.2491476e+00   1.3690369e+00   1.5899148e+00   1.8180932e+00   1.8124690e+00   1.6859267e+00
   1.3886696e+00   1.4415824e+00   1.2070764e+00   1.0274036e+00   9.9580478e-01   9.9193786e-01   1.0687408e+00   1.2112335e+00   1.4436735e+00   1.7381466e+00   1.7801205e+00   1.7729309e+00   1.8507100e+00   1.8212651e+00   1.8945059e+00   2.0680962e+00   2.0281712e+00   2.0872322e+00   1.9771849e+00   1.5566025e+00   0.0000000e+00   0.0000000e+00   1.2952917e+00   1.3013165e+00   1.5352679e+00   1.5422594e+00   1.3694779e+00   1.3606966e+00   1.3463518e+00   1.3048102e+00   1.3291731e+00   1.5608862e+00   0.0000000e+00   0.0000000e+00   0.0000000e+00   0.0000000e+00   0.0000000e+00   0.0000000e+00   0.0000000e+00   0.0000000e+00   0.0000000e+00   0.0000000e+00   0.0000000e+00   0.0000000e+00   0.0000000e+00   0.0000000e+00   0.0000000e+00   0.0000000e+00   0.0000000e+00   0.0000000e+00   0.0000000e+00   0.0000000e+00   0.0000000e+00   0.0000000e+00   0.0000000e+00   0.0000000e+00   0.0000000e+00   0.0000000e+00   0.0000000e+00   0.0000000e+00   0.0000000e+00   0.0000000e+00   0.0000000e+00   0.0000000e+00   4.3610094e-01   7.1403209e-01   9.9683797e-01   1.2521363e+00   1.4396287e+00   1.4157263e+00   1.2725595e+00   1.1995602e+00
   6.5131245e-01   0.0000000e+00   0.0000000e+00   0.0000000e+00   0.0000000e+00   0.0000000e+00   0.0000000e+00   0.0000000e+00   8.4423662e-01   8.8004972e-01   9.3406280e-01   9.3051183e-01   1.1060967e+00   1.0936707e+00   1.0418549e+00   1.2391293e+00   1.2342225e+00   4.3149144e-01   0.0000000e+00   0.0000000e+00   0.0000000e+00   0.0000000e+00   6.1970911e-01   1.1071573e+00   1.1776850e+00   1.1914037e+00   1.3228629e+00   1.3982899e+00   1.3667406e+00   1.3220259e+00   1.2301751e+00   1.1967549e+00   1.1385807e+00   1.1355299e+00   1.0221179e+00   0.0000000e+00   0.0000000e+00   0.0000000e+00   0.0000000e+00   0.0000000e+00   0.0000000e+00   0.0000000e+00   0.0000000e+00   0.0000000e+00   0.0000000e+00   0.0000000e+00   0.0000000e+00   0.0000000e+00   0.0000000e+00   0.0000000e+00   0.0000000e+00   0.0000000e+00   0.0000000e+00   0.0000000e+00   0.0000000e+00   0.0000000e+00   0.0000000e+00   0.0000000e+00   0.0000000e+00   0.0000000e+00   0.0000000e+00   0.0000000e+00   0.0000000e+00   0.0000000e+00   6.1342342e-01   7.0025282e-01   9.9999335e-01   1.0649946e+00   1.0165969e+00   0.0000000e+00   0.0000000e+00   1.0300447e+00
   0.0000000e+00   0.0000000e+00   0.0000000e+00   0.0000000e+00   0.0000000e+00   0.0000000e+00   0.0000000e+00   0.0000000e+00   0.0000000e+00   0.0000000e+00   0.0000000e+00   0.0000000e+00   0.0000000e+00   0.0000000e+00   9.6618990e-01   9.1669145e-01   7.8269998e-01   0.0000000e+00   0.0000000e+00   4.8143233e-01   4.7948083e-01   4.5158564e-01   5.1398457e-01   1.0086616e+00   8.9999684e-01   6.4684289e-01   7.7610688e-01   8.4703858e-01   6.5413704e-01   5.9978031e-01   7.2788684e-01   5.8445269e-01   4.8467079e-01   7.4739306e-01   7.2030356e-01   0.0000000e+00   0.0000000e+00   0.0000000e+00   0.0000000e+00   0.0000000e+00   0.0000000e+00   0.0000000e+00   0.0000000e+00   0.0000000e+00   0.0000000e+00   0.0000000e+00   0.0000000e+00   0.0000000e+00   0.0000000e+00   0.0000000e+00   0.0000000e+00   0.0000000e+00   0.0000000e+00   0.0000000e+00   0.0000000e+00   0.0000000e+00   0.0000000e+00   0.0000000e+00   0.0000000e+00   0.0000000e+00   0.0000000e+00   0.0000000e+00   0.0000000e+00   0.0000000e+00   6.4526788e-01   7.0758549e-01   9.5262222e-01   9.1394560e-01   0.0000000e+00   0.0000000e+00   0.0000000e+00   0.0000000e+00
   0.0000000e+00   3.3666513e-01   4.5247702e-01   6.4374000e-01   0.0000000e+00   0.0000000e+00   0.0000000e+00   0.0000000e+00   0.0000000e+00   0.0000000e+00   0.0000000e+00   0.0000000e+00   0.0000000e+00   6.8071455e-01   6.8987366e-01   7.2838433e-01   7.4424764e-01   6.1289206e-01   5.4198968e-01   4.8718886e-01   4.4082695e-01   3.6888381e-01   0.0000000e+00   0.0000000e+00   0.0000000e+00   0.0000000e+00   0.0000000e+00   0.0000000e+00   0.0000000e+00   0.0000000e+00   0.0000000e+00   0.0000000e+00   0.0000000e+00   0.0000000e+00   0.0000000e+00   0.0000000e+00   0.0000000e+00   0.0000000e+00   0.0000000e+00   0.0000000e+00   0.0000000e+00   0.0000000e+00   0.0000000e+00   0.0000000e+00   0.0000000e+00   0.0000000e+00   0.0000000e+00   0.0000000e+00   0.0000000e+00   0.0000000e+00   0.0000000e+00   0.0000000e+00   0.0000000e+00   0.0000000e+00   0.0000000e+00   0.0000000e+00   0.0000000e+00   0.0000000e+00   0.0000000e+00   0.0000000e+00   0.0000000e+00   0.0000000e+00   0.0000000e+00   0.0000000e+00   7.5160667e-01   6.9253335e-01   6.9587306e-01   7.4378391e-01   7.9585829e-01   7.0690379e-01   5.9288726e-01   0.0000000e+00
   6.4160911e-01   6.1258394e-01   6.6370790e-01   8.3319406e-01   9.1267038e-01   8.9632362e-01   8.2999134e-01   8.2035350e-01   8.4670349e-01   8.8072201e-01   8.9928795e-01   9.0918176e-01   8.6520873e-01   8.0862420e-01   7.6717623e-01   7.1079099e-01   6.6040088e-01   6.5588368e-01   6.3692539e-01   5.3838958e-01   4.0611565e-01   3.0851919e-01   2.7731488e-01   0.0000000e+00   0.0000000e+00   0.0000000e+00   0.0000000e+00   0.0000000e+00   0.0000000e+00   0.0000000e+00   0.0000000e+00   0.0000000e+00   0.0000000e+00   0.0000000e+00   0.0000000e+00   0.0000000e+00   0.0000000e+00   0.0000000e+00   0.0000000e+00   0.0000000e+00   0.0000000e+00   0.0000000e+00   0.0000000e+00   0.0000000e+00   0.0000000e+00   0.0000000e+00   0.0000000e+00   0.0000000e+00   0.0000000e+00   0.0000000e+00   0.0000000e+00   0.0000000e+00   0.0000000e+00   0.0000000e+00   0.0000000e+00   0.0000000e+00   0.0000000e+00   0.0000000e+00   0.0000000e+00   0.0000000e+00   0.0000000e+00   0.0000000e+00   0.0000000e+00   0.0000000e+00   7.0052303e-01   5.7102981e-01   5.3952642e-01   6.0500521e-01   6.9539230e-01   7.3840003e-01   6.7299671e-01   6.3494682e-01
