  -4.0172455e-03
  -1.2151670e-03
  -6.1996610e-04
  -1.3772730e-04
  -9.0324749e-04
  -2.5967158e-03
  -4.2391917e-03
  -5.2476804e-03
  -5.3616190e-03
  -5.0484633e-03
  -5.2878100e-03
  -5.7950117e-03
  -7.1502385e-03
  -9.3606805e-03
  -1.0877526e-02
  -1.1596612e-02
  -1.1313052e-02
  -1.0475603e-02
  -9.7755815e-03
  -9.4668442e-03
  -9.3517419e-03
  -9.4922334e-03
  -5.5631604e-03
   0.0000000e+00
   0.0000000e+00
   0.0000000e+00
   0.0000000e+00
   0.0000000e+00
   0.0000000e+00
   0.0000000e+00
   0.0000000e+00
   0.0000000e+00
   0.0000000e+00
   0.0000000e+00
   0.0000000e+00
   0.0000000e+00
   0.0000000e+00
   0.0000000e+00
   0.0000000e+00
   0.0000000e+00
   0.0000000e+00
   0.0000000e+00
   0.0000000e+00
   0.0000000e+00
   0.0000000e+00
   0.0000000e+00
   0.0000000e+00
   0.0000000e+00
   0.0000000e+00
   0.0000000e+00
   0.0000000e+00
   0.0000000e+00
   0.0000000e+00
   0.0000000e+00
   0.0000000e+00
   0.0000000e+00
   0.0000000e+00
   0.0000000e+00
   0.0000000e+00
   0.0000000e+00
   0.0000000e+00
   0.0000000e+00
   0.0000000e+00
  -0.0000000e+00
  -1.0508033e-03
  -2.4111425e-03
  -1.9881434e-03
  -1.1161919e-03
  -7.4363878e-05
   2.7314985e-04
  -9.0870070e-04
  -3.4190185e-03
   0.0000000e+00
   1.0969097e-02
   1.3608218e-02
   8.3779544e-03
   0.0000000e+00
   0.0000000e+00
   0.0000000e+00
   0.0000000e+00
   0.0000000e+00
   0.0000000e+00
  -0.0000000e+00
  -0.0000000e+00
  -0.0000000e+00
   2.0855498e-03
  -3.8558797e-03
  -8.1769752e-03
  -9.7388917e-03
  -7.4822995e-03
  -6.7576057e-03
  -7.1133046e-03
  -8.3527775e-03
  -9.1396752e-03
   0.0000000e+00
   0.0000000e+00
   0.0000000e+00
   0.0000000e+00
   0.0000000e+00
   0.0000000e+00
   0.0000000e+00
   0.0000000e+00
   0.0000000e+00
   0.0000000e+00
   0.0000000e+00
   0.0000000e+00
   0.0000000e+00
   0.0000000e+00
   0.0000000e+00
   0.0000000e+00
   0.0000000e+00
   0.0000000e+00
   0.0000000e+00
   0.0000000e+00
   0.0000000e+00
   0.0000000e+00
   0.0000000e+00
   0.0000000e+00
   0.0000000e+00
   0.0000000e+00
   0.0000000e+00
   0.0000000e+00
   0.0000000e+00
   0.0000000e+00
   0.0000000e+00
   0.0000000e+00
   0.0000000e+00
   0.0000000e+00
   0.0000000e+00
   0.0000000e+00
   0.0000000e+00
   0.0000000e+00
   0.0000000e+00
   0.0000000e+00
   0.0000000e+00
   0.0000000e+00
   1.4173404e-03
   2.5498578e-04
   2.7897904e-04
   1.0797509e-03
  -3.7212023e-05
  -7.9793604e-05
   9.2700964e-04
   0.0000000e+00
  -0.0000000e+00
   0.0000000e+00
   0.0000000e+00
   0.0000000e+00
   0.0000000e+00
   0.0000000e+00
   0.0000000e+00
   0.0000000e+00
   0.0000000e+00
   0.0000000e+00
   0.0000000e+00
   0.0000000e+00
   0.0000000e+00
   0.0000000e+00
   5.3669301e-03
  -6.8269233e-03
  -1.8158909e-03
  -0.0000000e+00
  -0.0000000e+00
   1.3143234e-02
   1.9829307e-03
   6.4380274e-03
   1.0568338e-02
   1.0169353e-02
   6.5259885e-03
   6.2949048e-03
   9.0321877e-03
   4.6658314e-03
  -2.2549346e-03
   1.2695812e-03
   3.4196059e-03
  -2.6323161e-04
   6.0614601e-03
   1.1392425e-02
   3.3717411e-03
   0.0000000e+00
   0.0000000e+00
   0.0000000e+00
   0.0000000e+00
   0.0000000e+00
   0.0000000e+00
   0.0000000e+00
   0.0000000e+00
   0.0000000e+00
   0.0000000e+00
   0.0000000e+00
   0.0000000e+00
   0.0000000e+00
   0.0000000e+00
   0.0000000e+00
   0.0000000e+00
   0.0000000e+00
   0.0000000e+00
   0.0000000e+00
   0.0000000e+00
   0.0000000e+00
   0.0000000e+00
   0.0000000e+00
   0.0000000e+00
   0.0000000e+00
   0.0000000e+00
   0.0000000e+00
   0.0000000e+00
   0.0000000e+00
   6.9415156e-03
   5.5844473e-03
   4.7029338e-03
   3.5268211e-03
   0.0000000e+00
   0.0000000e+00
   0.0000000e+00
  -0.0000000e+00
  -1.1262782e-02
   0.0000000e+00
   0.0000000e+00
   0.0000000e+00
   0.0000000e+00
   0.0000000e+00
   0.0000000e+00
   0.0000000e+00
   1.5424029e-02
   1.3043252e-02
   1.2105829e-02
   1.1906054e-02
   1.5313375e-02
   1.1332537e-02
   1.3946590e-02
   1.2289494e-02
   1.4474121e-02
  -8.3512745e-04
   0.0000000e+00
   0.0000000e+00
   0.0000000e+00
   0.0000000e+00
   1.2752125e-02
   1.5473606e-02
   1.5609546e-02
   1.6677479e-02
   1.8052966e-02
   1.6942006e-02
   1.3796640e-02
   1.6078652e-02
   1.8387195e-02
   1.3096877e-02
   1.4750952e-02
   1.6456735e-02
   2.1663051e-02
   0.0000000e+00
   0.0000000e+00
   0.0000000e+00
   0.0000000e+00
   0.0000000e+00
   0.0000000e+00
   0.0000000e+00
   0.0000000e+00
   0.0000000e+00
   0.0000000e+00
   0.0000000e+00
   0.0000000e+00
   0.0000000e+00
   0.0000000e+00
   0.0000000e+00
   0.0000000e+00
   0.0000000e+00
   0.0000000e+00
   0.0000000e+00
   0.0000000e+00
   0.0000000e+00
   0.0000000e+00
   0.0000000e+00
   0.0000000e+00
   0.0000000e+00
   0.0000000e+00
   0.0000000e+00
   0.0000000e+00
   0.0000000e+00
   5.5226367e-03
   8.7325366e-03
   1.2523685e-02
   1.3755560e-02
   0.0000000e+00
   0.0000000e+00
  -0.0000000e+00
  -7.7673422e-03
   2.3645353e-02
   2.2225983e-02
   1.8476878e-02
   1.7392810e-02
   1.7431628e-02
   1.8216336e-02
   2.0789227e-02
   2.6625390e-02
   3.2498666e-02
   3.6859823e-02
   3.7645777e-02
   3.8182236e-02
   3.8783476e-02
   3.8975493e-02
   4.1672495e-02
   4.2903508e-02
   4.1175928e-02
   3.9285784e-02
   3.3366583e-02
   6.7637878e-02
   0.0000000e+00
   0.0000000e+00
   2.1906168e-02
   2.3808830e-02
   2.7136475e-02
   5.0480445e-02
   5.7422787e-02
   5.7916041e-02
   5.5762659e-02
   5.4369228e-02
   4.9402547e-02
   2.1042026e-02
   0.0000000e+00
   0.0000000e+00
   0.0000000e+00
   0.0000000e+00
   0.0000000e+00
   0.0000000e+00
   0.0000000e+00
   0.0000000e+00
   0.0000000e+00
   0.0000000e+00
   0.0000000e+00
   0.0000000e+00
   0.0000000e+00
   0.0000000e+00
   0.0000000e+00
   0.0000000e+00
   0.0000000e+00
   0.0000000e+00
   0.0000000e+00
   0.0000000e+00
   0.0000000e+00
   0.0000000e+00
   0.0000000e+00
   0.0000000e+00
   0.0000000e+00
   0.0000000e+00
   0.0000000e+00
   0.0000000e+00
   0.0000000e+00
   0.0000000e+00
   0.0000000e+00
   0.0000000e+00
   1.6404184e-02
   1.8800746e-02
   2.0533135e-02
   2.3485274e-02
   2.2871226e-02
   2.0398529e-02
   1.8051743e-02
   1.8602030e-02
   3.8339788e-02
   4.3797759e-02
   4.5498103e-02
   4.6019252e-02
   4.5597416e-02
   4.5817917e-02
   4.5372093e-02
   4.7189647e-02
   4.9658720e-02
   5.1951214e-02
   5.5626670e-02
   5.5651455e-02
   5.7378955e-02
   5.8885167e-02
   5.9394334e-02
   6.2596974e-02
   6.1399958e-02
   6.3820843e-02
   5.8281269e-02
   7.0730895e-02
   0.0000000e+00
   0.0000000e+00
   2.6820449e-02
   3.1643223e-02
   3.3855072e-02
   0.0000000e+00
   0.0000000e+00
   0.0000000e+00
   0.0000000e+00
   0.0000000e+00
   0.0000000e+00
   0.0000000e+00
   0.0000000e+00
   0.0000000e+00
   0.0000000e+00
   0.0000000e+00
   0.0000000e+00
   0.0000000e+00
   0.0000000e+00
   0.0000000e+00
   0.0000000e+00
   0.0000000e+00
   0.0000000e+00
   0.0000000e+00
   0.0000000e+00
   0.0000000e+00
   0.0000000e+00
   0.0000000e+00
   0.0000000e+00
   0.0000000e+00
   0.0000000e+00
   0.0000000e+00
   0.0000000e+00
   0.0000000e+00
   0.0000000e+00
   0.0000000e+00
   0.0000000e+00
   0.0000000e+00
   0.0000000e+00
   0.0000000e+00
   0.0000000e+00
   0.0000000e+00
   0.0000000e+00
   0.0000000e+00
   2.5823772e-02
   2.8728386e-02
   2.8021165e-02
   2.8765681e-02
   3.1754264e-02
   3.2996075e-02
   3.1826157e-02
   3.2642949e-02
   4.1413024e-02
   4.7348255e-02
   5.0920148e-02
   5.3393979e-02
   5.4745233e-02
   5.6258351e-02
   5.7165880e-02
   5.8897601e-02
   6.1078867e-02
   6.3093402e-02
   6.5740959e-02
   6.6926640e-02
   6.8063310e-02
   7.0496392e-02
   7.1192323e-02
   7.3164297e-02
   7.4266255e-02
   7.4771113e-02
   7.4692928e-02
   7.2525344e-02
   0.0000000e+00
   0.0000000e+00
   3.9986440e-02
   4.6581823e-02
   5.1088044e-02
   0.0000000e+00
   0.0000000e+00
   0.0000000e+00
   0.0000000e+00
   0.0000000e+00
   0.0000000e+00
   0.0000000e+00
   0.0000000e+00
   0.0000000e+00
   0.0000000e+00
   0.0000000e+00
   0.0000000e+00
   0.0000000e+00
   0.0000000e+00
   0.0000000e+00
   0.0000000e+00
   0.0000000e+00
   0.0000000e+00
   0.0000000e+00
   0.0000000e+00
   4.3172032e-02
   4.9388449e-02
   6.4240963e-02
   0.0000000e+00
   0.0000000e+00
   0.0000000e+00
   0.0000000e+00
   0.0000000e+00
   0.0000000e+00
   0.0000000e+00
   0.0000000e+00
   0.0000000e+00
   0.0000000e+00
   0.0000000e+00
   0.0000000e+00
   0.0000000e+00
   0.0000000e+00
   0.0000000e+00
   0.0000000e+00
   0.0000000e+00
   3.3661443e-02
   3.8207140e-02
   0.0000000e+00
   3.5757285e-02
   3.6951439e-02
   3.7139683e-02
   3.7488417e-02
   4.4903822e-02
   4.9711032e-02
   5.3395301e-02
   5.5639527e-02
   5.7988781e-02
   5.9400548e-02
   6.1062710e-02
   6.3489067e-02
   6.5691752e-02
   6.8215814e-02
   7.0122354e-02
   7.1881829e-02
   7.3232158e-02
   7.5348466e-02
   7.7462479e-02
   7.8551264e-02
   8.0843251e-02
   8.1160652e-02
   8.1757165e-02
   7.7955921e-02
   7.7207243e-02
   0.0000000e+00
   5.6556130e-02
   6.7566137e-02
   7.7289490e-02
   0.0000000e+00
   0.0000000e+00
   0.0000000e+00
   0.0000000e+00
   0.0000000e+00
   0.0000000e+00
   0.0000000e+00
   0.0000000e+00
   0.0000000e+00
   0.0000000e+00
   0.0000000e+00
   0.0000000e+00
   0.0000000e+00
   0.0000000e+00
   0.0000000e+00
   0.0000000e+00
   0.0000000e+00
   5.6018790e-02
   5.6627433e-02
   5.1685641e-02
   4.9294506e-02
   6.9045320e-02
   6.4240963e-02
   0.0000000e+00
   0.0000000e+00
   0.0000000e+00
   0.0000000e+00
   0.0000000e+00
   0.0000000e+00
   0.0000000e+00
   0.0000000e+00
   0.0000000e+00
   0.0000000e+00
   0.0000000e+00
   0.0000000e+00
   0.0000000e+00
   0.0000000e+00
   0.0000000e+00
   0.0000000e+00
   0.0000000e+00
   0.0000000e+00
   4.9066455e-02
   0.0000000e+00
   0.0000000e+00
   3.8956314e-02
   4.1403817e-02
   4.2387118e-02
   4.7007367e-02
   5.0389125e-02
   5.3376714e-02
   5.5258492e-02
   5.7261942e-02
   5.8443789e-02
   6.0072531e-02
   6.1991173e-02
   6.4396732e-02
   6.6547165e-02
   6.9186465e-02
   7.0901948e-02
   7.2756443e-02
   7.4862405e-02
   7.6923284e-02
   7.8908135e-02
   8.0861365e-02
   8.2394143e-02
   8.3079133e-02
   8.4232216e-02
   8.3641540e-02
   8.4465981e-02
   7.0662890e-02
   8.1000277e-02
   9.3042958e-02
   0.0000000e+00
   0.0000000e+00
   0.0000000e+00
   0.0000000e+00
   0.0000000e+00
   0.0000000e+00
   0.0000000e+00
   0.0000000e+00
   0.0000000e+00
   0.0000000e+00
   0.0000000e+00
   0.0000000e+00
   0.0000000e+00
   0.0000000e+00
   0.0000000e+00
   0.0000000e+00
   0.0000000e+00
   5.7972101e-02
   6.0707515e-02
   5.9563145e-02
   6.5000907e-02
   7.7013150e-02
   0.0000000e+00
   0.0000000e+00
   0.0000000e+00
   0.0000000e+00
   0.0000000e+00
   0.0000000e+00
   0.0000000e+00
   0.0000000e+00
   0.0000000e+00
   0.0000000e+00
   0.0000000e+00
   0.0000000e+00
   0.0000000e+00
   0.0000000e+00
   0.0000000e+00
   0.0000000e+00
   0.0000000e+00
   0.0000000e+00
   0.0000000e+00
   4.6081771e-02
   4.2933705e-02
   4.3011466e-02
   4.1895046e-02
   4.4446360e-02
   4.4886516e-02
   4.5990322e-02
   4.8293675e-02
   5.0321819e-02
   5.1595629e-02
   5.3098137e-02
   5.4014202e-02
   5.5265007e-02
   5.6614328e-02
   5.8457040e-02
   6.0382184e-02
   6.3176697e-02
   6.5222459e-02
   6.7348454e-02
   6.9504044e-02
   7.1487465e-02
   7.3479129e-02
   7.5849883e-02
   7.7372567e-02
   7.8947702e-02
   8.1171815e-02
   8.2852743e-02
   8.2050290e-02
   7.4826882e-02
   8.2107578e-02
   9.3414473e-02
   0.0000000e+00
   0.0000000e+00
   0.0000000e+00
   0.0000000e+00
   0.0000000e+00
   0.0000000e+00
   0.0000000e+00
   0.0000000e+00
   0.0000000e+00
   0.0000000e+00
   0.0000000e+00
   0.0000000e+00
   0.0000000e+00
   0.0000000e+00
   0.0000000e+00
   0.0000000e+00
   6.1571812e-02
   6.4667041e-02
   6.8655260e-02
   6.7656888e-02
   7.9367011e-02
   0.0000000e+00
   0.0000000e+00
   0.0000000e+00
   0.0000000e+00
   0.0000000e+00
   0.0000000e+00
   0.0000000e+00
   0.0000000e+00
   0.0000000e+00
   0.0000000e+00
   0.0000000e+00
   0.0000000e+00
   0.0000000e+00
   0.0000000e+00
   0.0000000e+00
   0.0000000e+00
   0.0000000e+00
   0.0000000e+00
   0.0000000e+00
   4.5045681e-02
   4.1689990e-02
   4.3479334e-02
   4.3320634e-02
   4.2548429e-02
   4.3360531e-02
   4.4115915e-02
   4.3326097e-02
   4.4279091e-02
   4.5017463e-02
   4.5356386e-02
   4.6000756e-02
   4.6469808e-02
   4.7253209e-02
   4.8396221e-02
   4.9678877e-02
   5.1316396e-02
   5.3649401e-02
   5.5820782e-02
   5.7919985e-02
   6.0293413e-02
   6.2129086e-02
   6.3981103e-02
   6.6239652e-02
   6.7808078e-02
   6.9571432e-02
   7.2065070e-02
   7.4420875e-02
   7.4713254e-02
   7.0940315e-02
   7.2204567e-02
   7.8076508e-02
   0.0000000e+00
   0.0000000e+00
   0.0000000e+00
   0.0000000e+00
   0.0000000e+00
   0.0000000e+00
   0.0000000e+00
   0.0000000e+00
   0.0000000e+00
   0.0000000e+00
   0.0000000e+00
   0.0000000e+00
   0.0000000e+00
   0.0000000e+00
   6.4052027e-02
   5.9507523e-02
   6.4291113e-02
   7.0676026e-02
   7.3530335e-02
   7.0490093e-02
   8.6061213e-02
   0.0000000e+00
   0.0000000e+00
   0.0000000e+00
   0.0000000e+00
   0.0000000e+00
   0.0000000e+00
   0.0000000e+00
   0.0000000e+00
   0.0000000e+00
   0.0000000e+00
   0.0000000e+00
   6.1284161e-02
   0.0000000e+00
   0.0000000e+00
   0.0000000e+00
   0.0000000e+00
   0.0000000e+00
   0.0000000e+00
   0.0000000e+00
   4.3123024e-02
   4.0340494e-02
   4.3530261e-02
   4.3238308e-02
   4.1743629e-02
   4.1547566e-02
   4.2282171e-02
   3.9919073e-02
   3.9095240e-02
   3.8429922e-02
   3.7578091e-02
   3.7141550e-02
   3.7019954e-02
   3.7322479e-02
   3.8359940e-02
   3.9333322e-02
   4.0643426e-02
   4.2264162e-02
   4.4200457e-02
   4.6086153e-02
   4.8441376e-02
   5.0080108e-02
   5.1753494e-02
   5.3747739e-02
   5.5396843e-02
   5.7320098e-02
   5.9800191e-02
   6.2317610e-02
   6.3539459e-02
   6.3182176e-02
   6.0121830e-02
   6.7704665e-02
   0.0000000e+00
   0.0000000e+00
   0.0000000e+00
   0.0000000e+00
   0.0000000e+00
   0.0000000e+00
   0.0000000e+00
   0.0000000e+00
   0.0000000e+00
   0.0000000e+00
   0.0000000e+00
   0.0000000e+00
   0.0000000e+00
   0.0000000e+00
   6.2275517e-02
   6.1533657e-02
   6.7370796e-02
   7.0430315e-02
   7.2013984e-02
   6.8766710e-02
   8.8514440e-02
   0.0000000e+00
   0.0000000e+00
   0.0000000e+00
   0.0000000e+00
   0.0000000e+00
   0.0000000e+00
   0.0000000e+00
   0.0000000e+00
   6.3800926e-02
   6.8552869e-02
   6.3837092e-02
   6.1029582e-02
   8.5563426e-02
   0.0000000e+00
   0.0000000e+00
   0.0000000e+00
   0.0000000e+00
   0.0000000e+00
   3.6802803e-02
   3.5687704e-02
   3.8326027e-02
   4.2716015e-02
   4.2443872e-02
   4.1128391e-02
   4.0383162e-02
   4.0118304e-02
   3.5047370e-02
   3.2572507e-02
   3.0422425e-02
   2.8580019e-02
   2.7188126e-02
   2.6650767e-02
   2.6567196e-02
   2.7335638e-02
   2.8213528e-02
   2.9153196e-02
   3.0379864e-02
   3.1740366e-02
   3.3460470e-02
   3.5288319e-02
   3.6779870e-02
   3.8189430e-02
   4.0091592e-02
   4.1937282e-02
   4.3783748e-02
   4.6598326e-02
   4.8951700e-02
   5.1019640e-02
   5.2825376e-02
   5.2614869e-02
   5.2248104e-02
   7.8197208e-02
   0.0000000e+00
   0.0000000e+00
   0.0000000e+00
   0.0000000e+00
   0.0000000e+00
   0.0000000e+00
   0.0000000e+00
   0.0000000e+00
   4.4308067e-02
   4.7059429e-02
   0.0000000e+00
   0.0000000e+00
   0.0000000e+00
   5.9847067e-02
   6.3110928e-02
   6.4260446e-02
   6.5274372e-02
   6.5402471e-02
   6.3247505e-02
   8.7934516e-02
   9.7308108e-02
   0.0000000e+00
   0.0000000e+00
   0.0000000e+00
   0.0000000e+00
   0.0000000e+00
   0.0000000e+00
   6.8796189e-02
   6.4137753e-02
   6.7476886e-02
   6.4644663e-02
   5.8741849e-02
   8.3316568e-02
   0.0000000e+00
   0.0000000e+00
   0.0000000e+00
   0.0000000e+00
   0.0000000e+00
   3.6767199e-02
   3.1177449e-02
   3.5734498e-02
   4.1486392e-02
   4.1034638e-02
   3.9989916e-02
   3.8254334e-02
   3.6706321e-02
   2.7325108e-02
   2.3302820e-02
   2.0054482e-02
   1.7559945e-02
   1.5722747e-02
   1.4978302e-02
   1.4770007e-02
   1.5104779e-02
   1.5761148e-02
   1.6375773e-02
   1.7119208e-02
   1.7991188e-02
   1.9188718e-02
   2.0792172e-02
   2.1997476e-02
   2.3229946e-02
   2.5191620e-02
   2.7001188e-02
   2.8899681e-02
   3.1804371e-02
   3.4471093e-02
   3.7130703e-02
   4.0182107e-02
   4.2139894e-02
   4.4820083e-02
   7.8197208e-02
   0.0000000e+00
   0.0000000e+00
   0.0000000e+00
   0.0000000e+00
   0.0000000e+00
   0.0000000e+00
   1.9348752e-02
   0.0000000e+00
   4.4308067e-02
   4.7059429e-02
   0.0000000e+00
   0.0000000e+00
   5.8838838e-02
   6.2215507e-02
   6.0409973e-02
   5.8080872e-02
   5.6287411e-02
   5.5038158e-02
   5.3364172e-02
   7.2658818e-02
   9.7308108e-02
   0.0000000e+00
   0.0000000e+00
   0.0000000e+00
   0.0000000e+00
   0.0000000e+00
   6.8307492e-02
   6.8796189e-02
   6.5685013e-02
   6.0886654e-02
   5.5604208e-02
   4.8024335e-02
   6.9554911e-02
   0.0000000e+00
   0.0000000e+00
   0.0000000e+00
   0.0000000e+00
   0.0000000e+00
   0.0000000e+00
   2.4357502e-02
   3.0927471e-02
   3.8155950e-02
   3.7376206e-02
   3.6122875e-02
   3.3463522e-02
   3.0487555e-02
   1.6122010e-02
   1.1481377e-02
   8.0042886e-03
   5.3441002e-03
   3.4551343e-03
   2.6583705e-03
   2.3949937e-03
   2.3938793e-03
   2.6004219e-03
   2.8843304e-03
   3.1983101e-03
   3.7081431e-03
   4.5473335e-03
   5.8236590e-03
   6.8665376e-03
   7.9376926e-03
   9.6441745e-03
   1.1433603e-02
   1.3513482e-02
   1.6431630e-02
   1.9331972e-02
   2.2410572e-02
   2.5757377e-02
   2.8709423e-02
   3.2771407e-02
   4.5122681e-02
   5.2274533e-02
   5.4661283e-02
   7.0166098e-02
   0.0000000e+00
   0.0000000e+00
   0.0000000e+00
   4.4792285e-03
   6.4792496e-03
   2.5054092e-02
   4.2461941e-02
   6.6581286e-02
   7.0205932e-02
   5.5241630e-02
   5.3979775e-02
   4.9640286e-02
   4.6499949e-02
   4.3747030e-02
   4.0897506e-02
   3.9137015e-02
   4.0563356e-02
   4.5339428e-02
   4.8641428e-02
   5.3788007e-02
   5.5205479e-02
   5.6090947e-02
   5.9274865e-02
   6.1666904e-02
   5.7482836e-02
   5.1035797e-02
   4.6253683e-02
   4.1291018e-02
   3.3080686e-02
   4.9809824e-02
   0.0000000e+00
   0.0000000e+00
   0.0000000e+00
   0.0000000e+00
   0.0000000e+00
   0.0000000e+00
   1.6852693e-02
   2.4311271e-02
   3.1831715e-02
   2.9721809e-02
   2.7608005e-02
   2.4084501e-02
   2.0179875e-02
   6.4061336e-03
   1.9571243e-03
  -1.2731461e-03
  -3.8226233e-03
  -5.6759794e-03
  -6.4707605e-03
  -6.8652385e-03
  -7.1977571e-03
  -7.3577172e-03
  -7.3762156e-03
  -7.2935511e-03
  -6.9940113e-03
  -6.4039181e-03
  -5.3909182e-03
  -4.4731545e-03
  -3.4688798e-03
  -1.8274053e-03
  -6.6635516e-06
   2.2014468e-03
   5.1446876e-03
   7.9716221e-03
   1.1006211e-02
   1.4517239e-02
   1.7630592e-02
   2.1766868e-02
   3.2267413e-02
   4.1775859e-02
   4.6847348e-02
   5.0853626e-02
   3.9320797e-02
   0.0000000e+00
   0.0000000e+00
   0.0000000e+00
  -2.0845005e-02
   3.6971469e-03
   2.1574255e-02
   4.0039581e-02
   7.0205932e-02
   5.5075430e-02
   3.9308841e-02
   3.6241392e-02
   3.3983496e-02
   3.1228996e-02
   2.8064276e-02
   2.6154379e-02
   2.5035862e-02
   2.6913581e-02
   3.1375566e-02
   3.5142069e-02
   3.7804459e-02
   3.9609350e-02
   4.2101827e-02
   4.3324322e-02
   3.9913058e-02
   3.5567410e-02
   3.1818353e-02
   2.7618018e-02
   2.0291692e-02
   3.4375953e-02
   0.0000000e+00
   0.0000000e+00
   0.0000000e+00
   0.0000000e+00
   0.0000000e+00
   0.0000000e+00
   6.4489556e-03
   1.6834522e-02
   2.4565748e-02
   2.1247029e-02
   1.8582283e-02
   1.4563456e-02
   1.0487667e-02
  -2.7382282e-03
  -6.7327381e-03
  -9.6263717e-03
  -1.1970743e-02
  -1.3772308e-02
  -1.4612567e-02
  -1.5166127e-02
  -1.5792162e-02
  -1.6250684e-02
  -1.6525491e-02
  -1.6611255e-02
  -1.6494615e-02
  -1.6161440e-02
  -1.5393450e-02
  -1.4541688e-02
  -1.3548118e-02
  -1.1894215e-02
  -1.0031905e-02
  -7.7596134e-03
  -4.7907503e-03
  -2.0522612e-03
   8.6567780e-04
   4.3548810e-03
   7.2207529e-03
   1.0701996e-02
   2.0404469e-02
   3.6091648e-02
   3.6217701e-02
   3.7374272e-02
   3.6636301e-02
   3.9150780e-02
   0.0000000e+00
   0.0000000e+00
  -4.0570266e-02
  -1.8909968e-02
   4.3773184e-03
   1.8885162e-02
   0.0000000e+00
   0.0000000e+00
   2.1578008e-02
   2.2604929e-02
   2.1463329e-02
   1.8784701e-02
   1.5462982e-02
   1.3282771e-02
   1.1309766e-02
   1.0940124e-02
   1.2962385e-02
   1.5509091e-02
   1.9044594e-02
   2.1519302e-02
   2.3626448e-02
   2.4786136e-02
   2.3136780e-02
   2.0812893e-02
   1.7995625e-02
   1.4393737e-02
   8.4618339e-03
   2.0136170e-02
   0.0000000e+00
   0.0000000e+00
   0.0000000e+00
   0.0000000e+00
   0.0000000e+00
  -0.0000000e+00
  -2.5619338e-04
   1.1245751e-02
   1.4994791e-02
   1.1968206e-02
   9.2093093e-03
   5.0543144e-03
   1.0716975e-03
  -1.1259483e-02
  -1.4640821e-02
  -1.7167183e-02
  -1.9249123e-02
  -2.0993321e-02
  -2.1927850e-02
  -2.2655609e-02
  -2.3532598e-02
  -2.4226241e-02
  -2.4710272e-02
  -2.4920036e-02
  -2.4970507e-02
  -2.4905710e-02
  -2.4365504e-02
  -2.3525989e-02
  -2.2498991e-02
  -2.0778257e-02
  -1.8870684e-02
  -1.6591052e-02
  -1.3597821e-02
  -1.0930296e-02
  -8.1501323e-03
  -4.8449081e-03
  -2.5256012e-03
  -2.4481010e-04
   4.6985238e-03
   0.0000000e+00
   1.9859499e-02
   2.6566204e-02
   3.4062845e-02
   3.9150780e-02
   0.0000000e+00
   0.0000000e+00
   0.0000000e+00
  -4.1931196e-02
  -7.1318693e-03
   5.8780698e-03
   0.0000000e+00
   0.0000000e+00
   6.8354700e-03
   9.3358327e-03
   9.3406395e-03
   6.7170868e-03
   3.2680482e-03
   7.1636488e-04
  -1.9671759e-03
  -4.2970196e-03
  -4.4178246e-03
  -2.7772087e-03
   1.1399993e-03
   3.9445197e-03
   6.0306331e-03
   8.1247094e-03
   8.1252506e-03
   7.1762946e-03
   5.0747110e-03
   1.8595457e-03
  -2.3769896e-03
   6.9618291e-03
   0.0000000e+00
   0.0000000e+00
   0.0000000e+00
   0.0000000e+00
   0.0000000e+00
   0.0000000e+00
  -5.8078680e-03
   7.6571828e-03
   3.5804874e-03
   2.2412228e-03
  -2.0881474e-04
  -4.1935995e-03
  -7.9089821e-03
  -2.2738805e-02
  -2.5239254e-02
  -2.7259693e-02
  -2.9148065e-02
  -3.0918829e-02
  -3.1992725e-02
  -3.2856665e-02
  -3.3803726e-02
  -3.4481507e-02
  -3.5020608e-02
  -3.5429589e-02
  -3.5731834e-02
  -3.5963156e-02
  -3.5734335e-02
  -3.4988127e-02
  -3.3836031e-02
  -3.1777219e-02
  -2.9735640e-02
  -2.7468631e-02
  -2.4634963e-02
  -2.2368640e-02
  -2.0122723e-02
  -1.7950192e-02
  -1.7197063e-02
  -1.5636076e-02
   4.6985238e-03
   0.0000000e+00
   0.0000000e+00
   5.6119864e-03
   1.7218303e-02
   2.1995803e-02
   0.0000000e+00
   0.0000000e+00
   0.0000000e+00
  -2.8133281e-02
  -2.3871858e-02
  -1.2342404e-02
   7.4151328e-03
   0.0000000e+00
   6.8354700e-03
  -7.6416624e-03
  -8.3372563e-03
  -1.0826092e-02
  -1.4291987e-02
  -1.7084582e-02
  -2.0250410e-02
  -2.4797336e-02
  -2.7749811e-02
  -2.7326835e-02
  -2.2141009e-02
  -1.9041225e-02
  -1.6711876e-02
  -1.3583922e-02
  -1.2250446e-02
  -1.1929124e-02
  -1.3165917e-02
  -1.5275291e-02
  -1.6999055e-02
  -9.0458130e-03
   0.0000000e+00
   0.0000000e+00
   0.0000000e+00
   0.0000000e+00
   0.0000000e+00
   0.0000000e+00
  -2.7316151e-02
  -1.8391868e-02
  -9.6101311e-03
  -1.1631088e-02
  -1.3604630e-02
  -1.7033768e-02
  -2.0109313e-02
  -2.8416904e-02
  -3.0624781e-02
  -3.2416179e-02
  -3.4186862e-02
  -3.5927912e-02
  -3.7057744e-02
  -3.7987500e-02
  -3.8807180e-02
  -3.9376349e-02
  -3.9901989e-02
  -4.0367989e-02
  -4.0676515e-02
  -4.0873479e-02
  -4.0639537e-02
  -3.9811336e-02
  -3.8510415e-02
  -3.6366193e-02
  -3.4338127e-02
  -3.2237501e-02
  -2.9897999e-02
  -2.8199660e-02
  -2.6668150e-02
  -2.5650399e-02
  -2.5636479e-02
  -2.2655161e-02
   0.0000000e+00
   0.0000000e+00
   0.0000000e+00
   1.7611339e-03
   5.7503675e-03
   1.1520687e-02
   0.0000000e+00
   0.0000000e+00
   0.0000000e+00
  -0.0000000e+00
  -3.0853683e-02
  -2.3891026e-02
  -1.0006475e-02
  -6.8263462e-03
  -1.1245722e-02
  -1.5158449e-02
  -1.6541225e-02
  -1.9893578e-02
  -2.3201196e-02
  -2.5830308e-02
  -2.8953611e-02
  -3.4522497e-02
  -4.6064212e-02
  -6.1320275e-02
  -5.9151684e-02
  -4.0721913e-02
  -2.8831507e-02
  -2.5382409e-02
  -2.3274139e-02
  -2.2157230e-02
  -2.3247685e-02
  -2.4334441e-02
  -2.3722684e-02
  -1.4875300e-02
   0.0000000e+00
   0.0000000e+00
   0.0000000e+00
   0.0000000e+00
   0.0000000e+00
  -0.0000000e+00
  -3.2349174e-02
  -2.0598792e-02
  -1.7067798e-02
  -1.8560293e-02
  -2.0414198e-02
  -2.3550011e-02
  -2.6156406e-02
  -3.3171533e-02
  -3.5130393e-02
  -3.6719433e-02
  -3.8361124e-02
  -4.0060944e-02
  -4.1215422e-02
  -4.2148969e-02
  -4.2822776e-02
  -4.3278060e-02
  -4.3782009e-02
  -4.4267929e-02
  -4.4522405e-02
  -4.4619394e-02
  -4.4280495e-02
  -4.3343038e-02
  -4.1920526e-02
  -3.9780305e-02
  -3.7874694e-02
  -3.6043675e-02
  -3.4296505e-02
  -3.3273982e-02
  -3.2574033e-02
  -3.2633979e-02
  -3.2983635e-02
  -2.8354291e-02
   0.0000000e+00
   0.0000000e+00
   0.0000000e+00
  -0.0000000e+00
  -4.3114131e-03
   1.9104194e-03
   0.0000000e+00
   0.0000000e+00
   0.0000000e+00
   0.0000000e+00
  -0.0000000e+00
  -3.5342396e-02
  -2.1446731e-02
  -1.1939841e-02
  -2.2475942e-02
  -2.5353333e-02
  -2.4165296e-02
  -2.7777748e-02
  -3.0713255e-02
  -3.3045446e-02
  -3.5956823e-02
  -4.2307868e-02
  -6.1177533e-02
  -8.2417258e-02
  -8.1552953e-02
  -5.8208408e-02
  -4.7144254e-02
  -4.4472707e-02
  -3.6917761e-02
  -3.1141553e-02
  -3.1897484e-02
  -3.2085201e-02
  -2.9562933e-02
  -2.0184141e-02
   0.0000000e+00
   0.0000000e+00
   0.0000000e+00
   0.0000000e+00
   0.0000000e+00
  -0.0000000e+00
  -3.5604793e-02
  -2.3521630e-02
  -2.3251131e-02
  -2.4422490e-02
  -2.6260400e-02
  -2.9070410e-02
  -3.1242709e-02
  -3.8004551e-02
  -3.9699611e-02
  -4.1054948e-02
  -4.2484817e-02
  -4.4099390e-02
  -4.5220091e-02
  -4.6021450e-02
  -4.6443044e-02
  -4.6721762e-02
  -4.7176046e-02
  -4.7608455e-02
  -4.7650774e-02
  -4.7457388e-02
  -4.6744945e-02
  -4.5588816e-02
  -4.4050740e-02
  -4.2114774e-02
  -4.0628245e-02
  -3.9416634e-02
  -3.8744822e-02
  -3.8939969e-02
  -3.9703837e-02
  -4.1152760e-02
  -4.1194948e-02
  -3.3674503e-02
   0.0000000e+00
   0.0000000e+00
   0.0000000e+00
  -2.1429599e-02
  -1.5755683e-02
  -1.0081767e-02
   0.0000000e+00
   0.0000000e+00
   0.0000000e+00
   0.0000000e+00
  -0.0000000e+00
  -5.1703588e-02
  -3.4398615e-02
  -3.0692471e-02
  -3.2772042e-02
  -3.0529003e-02
  -3.3914753e-02
  -3.6564327e-02
  -3.8486522e-02
  -4.0092703e-02
  -4.2321276e-02
  -4.9272301e-02
  -7.5950279e-02
  -9.0073683e-02
   0.0000000e+00
  -9.0215945e-02
  -8.7400594e-02
  -8.8293388e-02
  -6.2483730e-02
  -4.1386506e-02
  -4.1240461e-02
  -4.0401033e-02
  -3.6056484e-02
  -2.6713577e-02
   0.0000000e+00
   0.0000000e+00
   0.0000000e+00
   0.0000000e+00
   0.0000000e+00
  -0.0000000e+00
  -4.1958224e-02
  -2.9341842e-02
  -2.9373540e-02
  -3.0540221e-02
  -3.2585028e-02
  -3.4851312e-02
  -3.6473023e-02
  -4.0208601e-02
  -4.1654840e-02
  -4.2792611e-02
  -4.3927581e-02
  -4.5198688e-02
  -4.5945252e-02
  -4.6329823e-02
  -4.6388630e-02
  -4.6445341e-02
  -4.6656584e-02
  -4.6782844e-02
  -4.6586498e-02
  -4.6185332e-02
  -4.5248818e-02
  -4.4177250e-02
  -4.3025608e-02
  -4.1933303e-02
  -4.1511991e-02
  -4.1443872e-02
  -4.2247245e-02
  -4.3801204e-02
  -4.5724131e-02
  -4.7320773e-02
  -4.5791722e-02
  -3.7167905e-02
  -2.7563967e-02
  -3.0561581e-02
  -3.0688489e-02
  -3.4636342e-02
  -2.4059996e-02
  -1.8518734e-02
   0.0000000e+00
   0.0000000e+00
   0.0000000e+00
   0.0000000e+00
  -0.0000000e+00
  -5.5760903e-02
  -4.6890807e-02
  -3.9263233e-02
  -3.8487479e-02
  -3.8336219e-02
  -4.0221022e-02
  -4.1521965e-02
  -4.2218915e-02
  -4.2707649e-02
  -4.3119464e-02
  -4.4474498e-02
  -5.7826665e-02
  -6.4167076e-02
   0.0000000e+00
  -0.0000000e+00
  -8.7400594e-02
  -1.0066020e-01
  -9.3483331e-02
  -5.5621047e-02
  -4.6323378e-02
  -4.4858844e-02
  -3.9393761e-02
  -2.6310215e-02
   0.0000000e+00
   0.0000000e+00
   0.0000000e+00
   0.0000000e+00
   0.0000000e+00
  -0.0000000e+00
  -3.9266642e-02
  -3.2121698e-02
  -3.3610594e-02
  -3.5203045e-02
  -3.6727336e-02
  -3.7997712e-02
  -3.9009887e-02
  -4.0753670e-02
  -4.1993291e-02
  -4.2939885e-02
  -4.3818671e-02
  -4.4701286e-02
  -4.5066189e-02
  -4.5090388e-02
  -4.4814989e-02
  -4.4621384e-02
  -4.4563159e-02
  -4.4491492e-02
  -4.4270914e-02
  -4.3910461e-02
  -4.3166677e-02
  -4.2460582e-02
  -4.1864901e-02
  -4.1646313e-02
  -4.2123179e-02
  -4.2977340e-02
  -4.4772838e-02
  -4.6964879e-02
  -4.9193910e-02
  -5.0348234e-02
  -4.7874861e-02
  -3.9544153e-02
  -2.9968734e-02
  -3.2742786e-02
  -3.3078756e-02
  -3.6828391e-02
  -2.7504444e-02
  -2.1658202e-02
   0.0000000e+00
   0.0000000e+00
   0.0000000e+00
   0.0000000e+00
   0.0000000e+00
  -5.7317063e-02
  -5.0965209e-02
  -4.3059815e-02
  -4.1229800e-02
  -4.1425727e-02
  -4.2648121e-02
  -4.3287909e-02
  -4.3152824e-02
  -4.2767747e-02
  -4.1838509e-02
  -3.9429684e-02
  -4.4526582e-02
  -4.7485287e-02
   0.0000000e+00
   0.0000000e+00
   0.0000000e+00
  -0.0000000e+00
  -1.0240062e-01
  -6.8343867e-02
  -4.8697903e-02
  -4.6561018e-02
  -4.0533590e-02
  -2.5258182e-02
  -5.4728607e-03
   8.7171088e-04
   0.0000000e+00
   0.0000000e+00
   0.0000000e+00
  -0.0000000e+00
  -3.7437403e-02
  -3.4462517e-02
  -3.6255492e-02
  -3.7722161e-02
  -3.8684546e-02
  -3.9203516e-02
  -3.9799621e-02
  -4.0558197e-02
  -4.1501035e-02
  -4.2165024e-02
  -4.2667225e-02
  -4.2913188e-02
  -4.2675842e-02
  -4.2171539e-02
  -4.1391005e-02
  -4.0787628e-02
  -4.0290844e-02
  -3.9977736e-02
  -3.9854787e-02
  -3.9715163e-02
  -3.9536596e-02
  -3.9580238e-02
  -3.9962094e-02
  -4.1130321e-02
  -4.2907692e-02
  -4.5065846e-02
  -4.8109143e-02
  -5.0844472e-02
  -5.3013488e-02
  -5.3102345e-02
  -4.9546954e-02
  -4.2557946e-02
  -3.5253681e-02
  -3.7536411e-02
  -3.8331836e-02
  -3.9558569e-02
  -2.9824426e-02
  -2.3224073e-02
   0.0000000e+00
   0.0000000e+00
   0.0000000e+00
   0.0000000e+00
   0.0000000e+00
   0.0000000e+00
  -5.2022124e-02
  -4.5985238e-02
  -4.3643370e-02
  -4.3279920e-02
  -4.3995416e-02
  -4.4034770e-02
  -4.2845707e-02
  -4.1246692e-02
  -3.8518758e-02
  -3.1375817e-02
  -2.6754528e-02
  -4.2414357e-02
   0.0000000e+00
   0.0000000e+00
   0.0000000e+00
   0.0000000e+00
   0.0000000e+00
  -9.3626563e-02
  -5.0703040e-02
  -4.7483718e-02
  -4.0928810e-02
  -2.3715394e-02
  -5.4728607e-03
   8.7171088e-04
   0.0000000e+00
   0.0000000e+00
   0.0000000e+00
  -3.3091683e-02
  -3.5118871e-02
  -3.7849539e-02
  -3.9389571e-02
  -4.0310642e-02
  -4.0367191e-02
  -3.9864397e-02
  -3.9931448e-02
  -3.7524510e-02
  -3.8017086e-02
  -3.8271876e-02
  -3.8194856e-02
  -3.7574024e-02
  -3.6674451e-02
  -3.5587144e-02
  -3.4218888e-02
  -3.3197543e-02
  -3.2426122e-02
  -3.2336284e-02
  -3.2874067e-02
  -3.3711080e-02
  -3.5113543e-02
  -3.6592016e-02
  -3.8369421e-02
  -4.1090932e-02
  -4.4040411e-02
  -4.7319065e-02
  -5.1123045e-02
  -5.3674612e-02
  -5.4944864e-02
  -5.3486981e-02
  -4.9432172e-02
  -4.3994068e-02
  -3.9762037e-02
  -4.0348359e-02
  -4.0108564e-02
  -3.7775552e-02
  -2.6311373e-02
  -1.9076366e-02
   0.0000000e+00
   0.0000000e+00
   0.0000000e+00
   0.0000000e+00
   0.0000000e+00
   0.0000000e+00
  -5.2022124e-02
  -4.0751027e-02
  -4.0160301e-02
  -3.9890520e-02
  -4.1179590e-02
  -4.0908594e-02
  -3.8846125e-02
  -3.5862439e-02
  -3.1420691e-02
  -2.2037473e-02
  -1.0932027e-02
  -1.5767087e-02
  -2.7306801e-02
   0.0000000e+00
   0.0000000e+00
   0.0000000e+00
   0.0000000e+00
  -9.3626563e-02
  -7.1775580e-02
  -4.5692871e-02
  -3.8472066e-02
  -2.2781586e-02
  -5.8410084e-03
   1.3808383e-03
   0.0000000e+00
   0.0000000e+00
   0.0000000e+00
  -5.4795934e-02
  -3.7371595e-02
  -3.9524275e-02
  -4.0179569e-02
  -4.0023623e-02
  -3.9022486e-02
  -3.7712511e-02
  -3.7315183e-02
  -3.4688781e-02
  -3.4919576e-02
  -3.4931306e-02
  -3.4543562e-02
  -3.3511914e-02
  -3.2324194e-02
  -3.1025484e-02
  -2.9498629e-02
  -2.8444225e-02
  -2.7794310e-02
  -2.8082110e-02
  -2.9142123e-02
  -3.0685578e-02
  -3.3077423e-02
  -3.5375062e-02
  -3.7885841e-02
  -4.1263617e-02
  -4.4519676e-02
  -4.7975335e-02
  -5.1747762e-02
  -5.3978590e-02
  -5.4733496e-02
  -5.2716608e-02
  -4.8691403e-02
  -4.3957259e-02
  -4.0502485e-02
  -4.0106371e-02
  -3.8880880e-02
  -3.4361467e-02
  -2.1707956e-02
  -1.4163866e-02
   0.0000000e+00
   0.0000000e+00
   0.0000000e+00
   0.0000000e+00
   0.0000000e+00
   0.0000000e+00
   0.0000000e+00
  -0.0000000e+00
  -3.8012220e-02
  -3.7680375e-02
  -3.9240841e-02
  -3.8816063e-02
  -3.6300846e-02
  -3.2660967e-02
  -2.7456587e-02
  -1.7586728e-02
  -6.0354198e-03
  -6.1503569e-03
  -1.6092754e-02
  -8.7604757e-03
  -1.5561101e-02
   0.0000000e+00
   0.0000000e+00
   0.0000000e+00
  -7.5672253e-02
  -4.8096250e-02
  -3.6280521e-02
  -2.1617521e-02
  -4.3740709e-03
   3.7977972e-03
   0.0000000e+00
   0.0000000e+00
   0.0000000e+00
  -5.2220011e-02
  -3.7473137e-02
  -3.9302026e-02
  -3.9217044e-02
  -3.8403759e-02
  -3.6931806e-02
  -3.5326186e-02
  -3.4713088e-02
  -2.9972145e-02
  -2.9844917e-02
  -2.9520197e-02
  -2.8727859e-02
  -2.7207207e-02
  -2.5701165e-02
  -2.4213095e-02
  -2.2612541e-02
  -2.1677123e-02
  -2.1413299e-02
  -2.2411404e-02
  -2.4293631e-02
  -2.6911665e-02
  -3.0711512e-02
  -3.4117709e-02
  -3.7570480e-02
  -4.1652758e-02
  -4.5034909e-02
  -4.8361576e-02
  -5.1720275e-02
  -5.3345151e-02
  -5.3400879e-02
  -5.0885600e-02
  -4.7151130e-02
  -4.3225099e-02
  -4.0044237e-02
  -3.8307515e-02
  -3.5433760e-02
  -2.7832809e-02
  -1.3409209e-02
  -5.4892555e-03
   0.0000000e+00
   0.0000000e+00
   0.0000000e+00
   0.0000000e+00
   0.0000000e+00
   0.0000000e+00
   0.0000000e+00
  -0.0000000e+00
  -3.4978195e-02
  -3.4470334e-02
  -3.6353419e-02
  -3.5739173e-02
  -3.2647813e-02
  -2.8226916e-02
  -2.2162370e-02
  -1.2265046e-02
  -2.7037010e-03
   2.4062351e-03
   1.9877837e-03
  -8.7604757e-03
  -1.5561101e-02
   0.0000000e+00
   0.0000000e+00
   0.0000000e+00
  -0.0000000e+00
  -5.4077239e-02
  -3.2686371e-02
  -1.9539691e-02
  -1.0531206e-03
   8.7621432e-03
   0.0000000e+00
   0.0000000e+00
   0.0000000e+00
  -4.4215102e-02
  -3.6667076e-02
  -3.8062716e-02
  -3.6788633e-02
  -3.5051972e-02
  -3.3048831e-02
  -3.1174685e-02
  -3.0308898e-02
  -2.3455916e-02
  -2.2903194e-02
  -2.2238486e-02
  -2.1272309e-02
  -1.9781721e-02
  -1.8455061e-02
  -1.7264303e-02
  -1.6281159e-02
  -1.6088815e-02
  -1.6665003e-02
  -1.8642010e-02
  -2.1345183e-02
  -2.4808270e-02
  -2.9627684e-02
  -3.3824489e-02
  -3.7854628e-02
  -4.2170838e-02
  -4.5258955e-02
  -4.7911927e-02
  -5.0172645e-02
  -5.0867682e-02
  -5.0264750e-02
  -4.7592232e-02
  -4.4015488e-02
  -3.9949899e-02
  -3.5520744e-02
  -3.1797668e-02
  -2.6757650e-02
  -1.6544112e-02
  -1.4325012e-03
   5.9289903e-03
   0.0000000e+00
   0.0000000e+00
   0.0000000e+00
   0.0000000e+00
   0.0000000e+00
   0.0000000e+00
   0.0000000e+00
  -0.0000000e+00
  -4.4098892e-02
  -3.3561328e-02
  -3.4116429e-02
  -3.3184296e-02
  -2.9579638e-02
  -2.4508244e-02
  -1.7973283e-02
  -8.9910932e-03
  -2.1262251e-03
   1.5462117e-03
   2.6076775e-03
   2.0053465e-04
  -7.7430654e-03
  -3.4217550e-02
   0.0000000e+00
   0.0000000e+00
  -0.0000000e+00
  -5.4077239e-02
  -2.8825882e-02
  -1.7245868e-02
   6.5418418e-05
   8.7444969e-03
   0.0000000e+00
   0.0000000e+00
  -5.9596148e-02
  -3.3662612e-02
  -3.3563939e-02
  -3.3286502e-02
  -3.0798614e-02
  -2.8602281e-02
  -2.6627488e-02
  -2.4903334e-02
  -2.4001633e-02
  -2.0751888e-02
  -2.0172712e-02
  -1.9522134e-02
  -1.8669694e-02
  -1.7459083e-02
  -1.6464706e-02
  -1.5656261e-02
  -1.5178645e-02
  -1.5414673e-02
  -1.6383346e-02
  -1.8728506e-02
  -2.1668706e-02
  -2.5322261e-02
  -3.0323313e-02
  -3.4634678e-02
  -3.8693790e-02
  -4.2893490e-02
  -4.5732477e-02
  -4.8012032e-02
  -4.9707828e-02
  -4.9935056e-02
  -4.8983902e-02
  -4.6098823e-02
  -4.2337852e-02
  -3.7846858e-02
  -3.2393039e-02
  -2.7461152e-02
  -2.1359515e-02
  -1.1143186e-02
   1.7162178e-03
   8.9308877e-03
   0.0000000e+00
   0.0000000e+00
   0.0000000e+00
   0.0000000e+00
   0.0000000e+00
   0.0000000e+00
  -0.0000000e+00
  -2.9255360e-02
  -4.4314660e-02
  -3.2907386e-02
  -3.2205393e-02
  -3.1271229e-02
  -2.7520329e-02
  -2.2228055e-02
  -1.5640721e-02
  -7.3242355e-03
  -1.7314841e-03
   1.1453809e-03
   2.2019674e-03
   1.6388779e-03
  -6.0930945e-03
  -2.8381436e-02
  -2.5702719e-02
   0.0000000e+00
   0.0000000e+00
   0.0000000e+00
  -3.2635542e-02
  -1.9160230e-02
  -1.1091702e-03
   3.8377510e-03
   0.0000000e+00
   0.0000000e+00
  -5.5272988e-02
  -2.9675308e-02
  -3.1041603e-02
  -3.0078132e-02
  -2.7324138e-02
  -2.5201237e-02
  -2.3478657e-02
  -2.2033004e-02
  -2.1260747e-02
  -1.7800267e-02
  -1.7475505e-02
  -1.7133274e-02
  -1.6755770e-02
  -1.6355597e-02
  -1.6210531e-02
  -1.6308077e-02
  -1.6852796e-02
  -1.7782922e-02
  -1.9262878e-02
  -2.1938071e-02
  -2.4941417e-02
  -2.8500545e-02
  -3.3244202e-02
  -3.7277666e-02
  -4.0970929e-02
  -4.4640374e-02
  -4.6967530e-02
  -4.8662353e-02
  -4.9535241e-02
  -4.9097157e-02
  -4.7624549e-02
  -4.4229440e-02
  -3.9796183e-02
  -3.4147294e-02
  -2.6618818e-02
  -1.9641738e-02
  -1.2074251e-02
  -1.4797315e-03
   0.0000000e+00
   0.0000000e+00
   0.0000000e+00
   0.0000000e+00
   0.0000000e+00
   0.0000000e+00
   0.0000000e+00
   0.0000000e+00
  -0.0000000e+00
  -1.7838673e-02
  -1.8314884e-02
  -2.7963103e-02
  -2.8264716e-02
  -2.7573451e-02
  -2.3788906e-02
  -1.8348106e-02
  -1.1973159e-02
  -4.9229837e-03
  -1.0078813e-03
   6.2490888e-04
   5.0799704e-04
  -1.0942511e-03
  -2.7088516e-03
  -1.5343136e-02
  -2.5702719e-02
   0.0000000e+00
   0.0000000e+00
   0.0000000e+00
  -4.8014620e-02
  -2.6659014e-02
  -5.4839499e-03
   1.8719765e-04
   0.0000000e+00
   0.0000000e+00
  -4.2395319e-02
  -2.6062018e-02
  -2.5958311e-02
  -2.4261545e-02
  -2.1665442e-02
  -2.0121261e-02
  -1.9127764e-02
  -1.8394236e-02
  -1.8035690e-02
  -2.2725408e-02
  -2.3295662e-02
  -2.3755290e-02
  -2.4250343e-02
  -2.4965977e-02
  -2.5711258e-02
  -2.6613215e-02
  -2.7944068e-02
  -2.9308486e-02
  -3.1013476e-02
  -3.3592969e-02
  -3.6218300e-02
  -3.9209572e-02
  -4.3053268e-02
  -4.6144643e-02
  -4.8781010e-02
  -5.1041900e-02
  -5.2142600e-02
  -5.2657753e-02
  -5.2187688e-02
  -5.0685392e-02
  -4.8150386e-02
  -4.3436643e-02
  -3.7838853e-02
  -3.0905193e-02
  -2.1453698e-02
  -1.2803161e-02
  -3.9995426e-03
   7.0085017e-03
   0.0000000e+00
   0.0000000e+00
   0.0000000e+00
   0.0000000e+00
   0.0000000e+00
   0.0000000e+00
   0.0000000e+00
   0.0000000e+00
  -0.0000000e+00
  -9.2417747e-03
  -6.8440669e-03
  -2.1876973e-02
  -2.2304045e-02
  -2.2664692e-02
  -1.9858409e-02
  -1.4626470e-02
  -8.3948207e-03
  -2.3584354e-03
   5.9918389e-04
   1.4747228e-03
   4.1190034e-04
  -1.6996843e-03
  -3.2640166e-03
  -5.1461076e-03
  -6.7711404e-03
   0.0000000e+00
   0.0000000e+00
   0.0000000e+00
  -4.2493367e-02
  -3.3385273e-02
  -1.3596499e-02
  -7.6733613e-03
  -1.7096479e-02
  -2.1943520e-02
  -2.7810558e-02
  -2.3608321e-02
  -2.3649936e-02
  -2.2918761e-02
  -2.1888848e-02
  -2.1550765e-02
  -2.1591278e-02
  -2.1881244e-02
  -2.2254351e-02
  -2.6351830e-02
  -2.7417112e-02
  -2.8321791e-02
  -2.9293994e-02
  -3.0598039e-02
  -3.1807097e-02
  -3.3132851e-02
  -3.4893564e-02
  -3.6534308e-02
  -3.8422152e-02
  -4.1016995e-02
  -4.3493597e-02
  -4.6213836e-02
  -4.9558431e-02
  -5.2095387e-02
  -5.4090319e-02
  -5.5464206e-02
  -5.5772525e-02
  -5.5493176e-02
  -5.4075794e-02
  -5.1812352e-02
  -4.8532739e-02
  -4.2960369e-02
  -3.6702391e-02
  -2.9112191e-02
  -1.8710267e-02
  -9.2074704e-03
   3.0776981e-04
   1.2316941e-02
   3.0366423e-02
   4.2993835e-02
   0.0000000e+00
   0.0000000e+00
   0.0000000e+00
   0.0000000e+00
   0.0000000e+00
   0.0000000e+00
  -0.0000000e+00
  -4.4877150e-03
  -9.4570240e-04
  -1.7743812e-02
  -1.8330450e-02
  -1.9454263e-02
  -1.7436067e-02
  -1.2435572e-02
  -6.2160809e-03
  -7.1266135e-04
   1.7004258e-03
   2.1669965e-03
   6.6789672e-04
  -1.5707656e-03
  -2.9411217e-03
  -7.2986518e-05
   3.2030653e-03
   1.1676120e-02
   0.0000000e+00
   0.0000000e+00
  -3.9394833e-02
  -3.5488552e-02
  -1.7536293e-02
  -1.1770435e-02
  -1.7606938e-02
  -2.2071401e-02
  -2.3126943e-02
  -2.2726247e-02
  -2.3042766e-02
  -2.2965856e-02
  -2.2879938e-02
  -2.3234862e-02
  -2.3850438e-02
  -2.4701670e-02
  -2.5483029e-02
  -3.5783837e-02
  -3.7535460e-02
  -3.9064753e-02
  -4.0671881e-02
  -4.2651502e-02
  -4.4363654e-02
  -4.6173919e-02
  -4.8506490e-02
  -5.0706652e-02
  -5.3132987e-02
  -5.6082370e-02
  -5.8647305e-02
  -6.1201846e-02
  -6.3847916e-02
  -6.5453390e-02
  -6.6281416e-02
  -6.5898676e-02
  -6.4551817e-02
  -6.2477702e-02
  -5.8748611e-02
  -5.4587771e-02
  -4.9509517e-02
  -4.2115621e-02
  -3.4863772e-02
  -2.6627136e-02
  -1.5459851e-02
  -5.1332586e-03
   5.5049212e-03
   2.0083205e-02
   3.0366423e-02
   4.2993835e-02
   0.0000000e+00
   0.0000000e+00
   0.0000000e+00
   0.0000000e+00
   0.0000000e+00
   0.0000000e+00
  -0.0000000e+00
   2.0996217e-03
   5.0551357e-03
  -8.2700445e-03
  -9.5180265e-03
  -1.2585099e-02
  -1.2865159e-02
  -8.7513344e-03
  -2.2212205e-03
   2.6787165e-03
   4.2638360e-03
   4.2115179e-03
   2.5316548e-03
   8.7150575e-04
   5.8111996e-04
   4.1944892e-03
   8.9053905e-03
   1.1676120e-02
   0.0000000e+00
   0.0000000e+00
  -3.4880308e-02
  -3.0512887e-02
  -2.0328027e-02
  -1.6228087e-02
  -2.0806028e-02
  -2.2872838e-02
  -2.3302275e-02
  -2.3821806e-02
  -2.5468887e-02
  -2.6885761e-02
  -2.8488108e-02
  -2.9930392e-02
  -3.1358694e-02
  -3.2964567e-02
  -3.4329426e-02
  -3.7515588e-02
  -3.9202889e-02
  -4.0670533e-02
  -4.2215631e-02
  -4.4108600e-02
  -4.5739260e-02
  -4.7481082e-02
  -4.9767369e-02
  -5.1938594e-02
  -5.4331306e-02
  -5.7244728e-02
  -5.9704566e-02
  -6.2055039e-02
  -6.4319158e-02
  -6.5544997e-02
  -6.6000105e-02
  -6.5226091e-02
  -6.3559186e-02
  -6.1146531e-02
  -5.7039179e-02
  -5.2670706e-02
  -4.7593666e-02
  -4.0588619e-02
  -3.3932459e-02
  -2.6487682e-02
  -1.6255785e-02
  -6.2648426e-03
   4.7412197e-03
   1.9535342e-02
   2.9825918e-02
   3.6125223e-02
   3.8346140e-02
   0.0000000e+00
   0.0000000e+00
   0.0000000e+00
   0.0000000e+00
   0.0000000e+00
   0.0000000e+00
   3.4427604e-03
   6.5169407e-03
   7.1427940e-04
  -4.0311535e-03
  -8.1133991e-03
  -1.0392798e-02
  -7.8476268e-03
  -1.1971006e-03
   3.9724425e-03
   5.2669552e-03
   5.0635801e-03
   3.6670073e-03
   2.4381894e-03
   2.3812775e-03
   4.9146036e-03
   7.3731485e-03
   1.0323875e-02
   0.0000000e+00
   0.0000000e+00
  -3.3243104e-02
  -2.1815578e-02
  -1.7675731e-02
  -1.6663066e-02
  -2.0213312e-02
  -2.1995111e-02
  -2.2950582e-02
  -2.4360334e-02
  -2.6365963e-02
  -2.8178850e-02
  -3.0150182e-02
  -3.1717102e-02
  -3.3177469e-02
  -3.4768727e-02
  -3.6100425e-02
  -3.8820410e-02
  -4.0459245e-02
  -4.1880439e-02
  -4.3378799e-02
  -4.5206480e-02
  -4.6775736e-02
  -4.8465989e-02
  -5.0717403e-02
  -5.2866825e-02
  -5.5234203e-02
  -5.8120530e-02
  -6.0501180e-02
  -6.2697894e-02
  -6.4674225e-02
  -6.5614020e-02
  -6.5788147e-02
  -6.4719318e-02
  -6.2811269e-02
  -6.0143535e-02
  -5.5751175e-02
  -5.1226256e-02
  -4.6150131e-02
  -3.9438069e-02
  -3.3230742e-02
  -2.6382608e-02
  -1.6855497e-02
  -7.1174564e-03
   4.1657940e-03
   1.9122543e-02
   2.9418665e-02
   3.0949933e-02
   3.8346140e-02
   0.0000000e+00
   0.0000000e+00
   0.0000000e+00
   0.0000000e+00
   0.0000000e+00
   1.8131153e-03
   4.4547743e-03
   6.7922970e-03
   2.4066327e-03
   1.0303739e-04
  -4.7441101e-03
  -8.5299500e-03
  -7.1667109e-03
  -4.2545761e-04
   4.9472253e-03
   6.0227749e-03
   5.7055829e-03
   4.5224607e-03
   3.6186375e-03
   3.7376412e-03
   5.4571878e-03
   6.2186511e-03
   1.0069157e-02
   0.0000000e+00
   0.0000000e+00
  -3.2009521e-02
  -1.5262423e-02
  -1.5677308e-02
  -1.6990809e-02
  -1.9766719e-02
  -2.1333771e-02
  -2.2685592e-02
  -2.4766099e-02
  -2.7041883e-02
  -2.9153152e-02
  -3.1402504e-02
  -3.3063333e-02
  -3.4547860e-02
  -3.6128106e-02
  -3.7434818e-02
  -3.8887099e-02
  -4.0588439e-02
  -4.2057001e-02
  -4.3622264e-02
  -4.5561186e-02
  -4.7232004e-02
  -4.8989742e-02
  -5.1350623e-02
  -5.3607430e-02
  -5.6038746e-02
  -5.8965565e-02
  -6.1345422e-02
  -6.3526931e-02
  -6.5522394e-02
  -6.6488657e-02
  -6.6624059e-02
  -6.5433551e-02
  -6.3462237e-02
  -6.0808115e-02
  -5.6658507e-02
  -5.2513245e-02
  -4.7839821e-02
  -4.1570193e-02
  -3.5814046e-02
  -2.9556627e-02
  -2.1164450e-02
  -1.2911129e-02
  -3.1040664e-03
   1.0771889e-02
   2.1095696e-02
   2.5374547e-02
   0.0000000e+00
   0.0000000e+00
   0.0000000e+00
   0.0000000e+00
   0.0000000e+00
   0.0000000e+00
   1.4027454e-03
   4.3629853e-03
   8.4199652e-03
   9.4632530e-03
   8.0194423e-03
   2.8195559e-03
  -3.0195038e-03
  -5.8510859e-03
  -1.4169366e-03
   3.6511009e-03
   4.6993602e-03
   4.4966119e-03
   3.7902808e-03
   3.1576630e-03
   2.6293680e-03
   1.8667273e-03
   6.5966885e-04
   2.1071590e-03
   0.0000000e+00
   0.0000000e+00
  -1.5107258e-02
  -1.3724191e-02
  -1.3753718e-02
  -1.4653846e-02
  -1.6656807e-02
  -1.8183780e-02
  -1.9977123e-02
  -2.2601324e-02
  -2.5268047e-02
  -2.7945498e-02
  -3.0703384e-02
  -3.2623049e-02
  -3.4286912e-02
  -3.6028515e-02
  -3.7435842e-02
  -3.6751662e-02
  -3.8562142e-02
  -4.0122441e-02
  -4.1775109e-02
  -4.3845642e-02
  -4.5639200e-02
  -4.7520450e-02
  -5.0027530e-02
  -5.2414877e-02
  -5.5004955e-02
  -5.8143674e-02
  -6.0697185e-02
  -6.3044596e-02
  -6.5280589e-02
  -6.6489551e-02
  -6.6891033e-02
  -6.6014440e-02
  -6.4324562e-02
  -6.1979976e-02
  -5.8277515e-02
  -5.4568906e-02
  -5.0332809e-02
  -4.4543748e-02
  -3.9195743e-02
  -3.3426643e-02
  -2.5997173e-02
  -1.9061712e-02
  -1.0791613e-02
   2.0898189e-03
   1.3348231e-02
   2.2643963e-02
   0.0000000e+00
   0.0000000e+00
   0.0000000e+00
   0.0000000e+00
   0.0000000e+00
   0.0000000e+00
   0.0000000e+00
   3.3718534e-03
   8.4693239e-03
   1.1535490e-02
   1.1156674e-02
   5.9315542e-03
  -4.8558763e-04
  -4.5802170e-03
  -1.8264263e-03
   1.7656754e-03
   2.4951277e-03
   2.3445805e-03
   1.7464640e-03
   1.1283227e-03
   3.5897407e-04
  -1.2174497e-03
  -3.4232702e-03
  -3.9251633e-03
  -1.6972310e-02
   0.0000000e+00
  -1.4542780e-02
  -1.2846477e-02
  -1.2476371e-02
  -1.2901071e-02
  -1.4256389e-02
  -1.5499823e-02
  -1.7109475e-02
  -1.9644522e-02
  -2.2313038e-02
  -2.5078019e-02
  -2.7984774e-02
  -3.0024572e-02
  -3.1813219e-02
  -3.3705626e-02
  -3.5217223e-02
  -3.3917524e-02
  -3.5872853e-02
  -3.7554904e-02
  -3.9323575e-02
  -4.1568781e-02
  -4.3525240e-02
  -4.5570416e-02
  -4.8271530e-02
  -5.0832127e-02
  -5.3632915e-02
  -5.7052864e-02
  -5.9836848e-02
  -6.2404445e-02
  -6.4959666e-02
  -6.6490736e-02
  -6.7245359e-02
  -6.6785393e-02
  -6.5469035e-02
  -6.3535263e-02
  -6.0426252e-02
  -5.7297165e-02
  -5.3641488e-02
  -4.8490233e-02
  -4.3683912e-02
  -3.8562903e-02
  -3.2411132e-02
  -2.7224729e-02
  -2.0994479e-02
  -9.4329714e-03
   3.0658413e-03
   8.1479033e-03
   0.0000000e+00
   0.0000000e+00
   0.0000000e+00
   0.0000000e+00
   0.0000000e+00
   0.0000000e+00
  -0.0000000e+00
   2.0564293e-03
   8.5348324e-03
   1.4285749e-02
   1.5320388e-02
   1.0061779e-02
   2.8774104e-03
  -2.8935274e-03
  -2.3698986e-03
  -7.3664971e-04
  -4.3031619e-04
  -5.1158255e-04
  -9.6607719e-04
  -1.5650055e-03
  -2.6542789e-03
  -5.3107507e-03
  -8.8421221e-03
  -1.1931225e-02
  -1.6972310e-02
   0.0000000e+00
  -1.3793608e-02
  -1.1681581e-02
  -1.0781085e-02
  -1.0574799e-02
  -1.1070570e-02
  -1.1937691e-02
  -1.3303551e-02
  -1.5720273e-02
  -1.8391168e-02
  -2.1272318e-02
  -2.4376652e-02
  -2.6575889e-02
  -2.8530149e-02
  -3.0622702e-02
  -3.2272686e-02
  -2.0834703e-02
  -2.2523889e-02
  -2.4050663e-02
  -2.5699027e-02
  -2.7882958e-02
  -2.9854445e-02
  -3.1942978e-02
  -3.4624257e-02
  -3.7089075e-02
  -3.9792129e-02
  -4.3219194e-02
  -4.6133187e-02
  -4.9019726e-02
  -5.2362884e-02
  -5.4881776e-02
  -5.6899613e-02
  -5.8315738e-02
  -5.8784166e-02
  -5.8772080e-02
  -5.8186605e-02
  -5.7344909e-02
  -5.6216993e-02
  -5.4375748e-02
  -5.2489729e-02
  -5.0258848e-02
  -4.7398744e-02
  -4.5445630e-02
  -4.3645359e-02
  -3.7855493e-02
  -2.5346254e-02
  -1.7757390e-02
   0.0000000e+00
   0.0000000e+00
   0.0000000e+00
   0.0000000e+00
   0.0000000e+00
   0.0000000e+00
  -0.0000000e+00
  -4.2165065e-04
   4.4552827e-03
   1.4296964e-02
   1.8277164e-02
   1.4548355e-02
   2.8774104e-03
  -2.8935274e-03
  -8.4971054e-03
  -8.1234681e-03
  -8.3124998e-03
  -8.6355514e-03
  -9.1684819e-03
  -9.9784449e-03
  -1.1393816e-02
  -1.4440490e-02
  -1.8206596e-02
  -2.2148371e-02
  -2.4407136e-02
  -2.3627120e-02
  -2.0202292e-02
  -1.6483913e-02
  -1.4298233e-02
  -1.2600053e-02
  -1.1036676e-02
  -1.0168739e-02
  -9.7813821e-03
  -1.0182147e-02
  -1.1180992e-02
  -1.2553087e-02
  -1.4287837e-02
  -1.5594871e-02
  -1.6837539e-02
  -1.8311254e-02
  -1.9541823e-02
  -1.6155488e-02
  -1.7285005e-02
  -1.8414820e-02
  -1.9716417e-02
  -2.1549234e-02
  -2.3312993e-02
  -2.5274743e-02
  -2.7885461e-02
  -3.0348861e-02
  -3.3087009e-02
  -3.6650039e-02
  -3.9777708e-02
  -4.2965848e-02
  -4.6779907e-02
  -4.9788001e-02
  -5.2378602e-02
  -5.4629378e-02
  -5.5931779e-02
  -5.6854328e-02
  -5.7494783e-02
  -5.7727096e-02
  -5.7704885e-02
  -5.7195826e-02
  -5.6373880e-02
  -5.5142897e-02
  -5.3474832e-02
  -5.2964330e-02
  -5.3650081e-02
  -5.2168087e-02
  -4.3482939e-02
  -3.7686862e-02
   0.0000000e+00
   0.0000000e+00
  -6.8166988e-02
   0.0000000e+00
  -0.0000000e+00
  -0.0000000e+00
   0.0000000e+00
  -0.0000000e+00
   1.0500310e-03
   1.2619110e-02
   1.7536998e-02
   1.7522209e-02
   0.0000000e+00
   0.0000000e+00
  -9.8006793e-03
  -1.3003018e-02
  -1.3101498e-02
  -1.3780159e-02
  -1.4448363e-02
  -1.5405732e-02
  -1.6990203e-02
  -2.0135522e-02
  -2.3759672e-02
  -2.7468642e-02
  -2.8868140e-02
  -2.7529159e-02
  -2.5487674e-02
  -2.2012845e-02
  -1.9553369e-02
  -1.7461784e-02
  -1.5228255e-02
  -1.3696490e-02
  -1.2545348e-02
  -1.1859412e-02
  -1.1833309e-02
  -1.2175225e-02
  -1.2818499e-02
  -1.3362026e-02
  -1.3929328e-02
  -1.4679504e-02
  -1.5370337e-02
  -1.0138590e-02
  -1.0067356e-02
  -1.0333102e-02
  -1.0874200e-02
  -1.1914561e-02
  -1.3190487e-02
  -1.4841830e-02
  -1.7296079e-02
  -1.9791668e-02
  -2.2647499e-02
  -2.6523553e-02
  -3.0099136e-02
  -3.3869330e-02
  -3.8484759e-02
  -4.2262660e-02
  -4.5715050e-02
  -4.9208583e-02
  -5.1785991e-02
  -5.4166530e-02
  -5.6718303e-02
  -5.8596705e-02
  -6.0205127e-02
  -6.1562725e-02
  -6.2129342e-02
  -6.2149110e-02
  -6.2029127e-02
  -6.3670067e-02
  -6.8486363e-02
  -7.4867558e-02
  -7.5064394e-02
  -7.4359145e-02
   0.0000000e+00
   0.0000000e+00
  -6.8166988e-02
   0.0000000e+00
  -4.4939961e-02
  -4.4939961e-02
   0.0000000e+00
  -1.1441908e-02
  -5.3444403e-03
   8.7196020e-03
   1.4723277e-02
   2.2764351e-02
   0.0000000e+00
   0.0000000e+00
   0.0000000e+00
  -2.1595093e-02
  -2.1299837e-02
  -2.2714522e-02
  -2.3667726e-02
  -2.4889139e-02
  -2.6745395e-02
  -2.9975181e-02
  -3.3182807e-02
  -3.6035419e-02
  -3.7159277e-02
  -3.6588245e-02
  -3.5977808e-02
  -3.3069959e-02
  -3.0450925e-02
  -2.7998670e-02
  -2.4972103e-02
  -2.2541925e-02
  -2.0267032e-02
  -1.7804986e-02
  -1.6018740e-02
  -1.4527991e-02
  -1.3144621e-02
  -1.2246086e-02
  -1.1509043e-02
  -1.0808680e-02
  -1.0401813e-02
  -1.8410221e-02
  -1.7002275e-02
  -1.6062731e-02
  -1.5317583e-02
  -1.4799514e-02
  -1.4748050e-02
  -1.5101494e-02
  -1.6294617e-02
  -1.8025427e-02
  -2.0335855e-02
  -2.3858211e-02
  -2.7366621e-02
  -3.1236166e-02
  -3.6129054e-02
  -4.0238602e-02
  -4.4106288e-02
  -4.8286690e-02
  -5.1535557e-02
  -5.4607338e-02
  -5.7916340e-02
  -6.0290530e-02
  -6.2312130e-02
  -6.4139844e-02
  -6.5215386e-02
  -6.5986278e-02
  -6.7021159e-02
  -6.9508931e-02
  -7.5465224e-02
  -8.6202551e-02
  -1.0191912e-01
  -1.4096981e-01
  -1.2637935e-01
  -7.1938444e-02
  -5.4003237e-02
  -4.2889817e-02
  -4.0525266e-02
  -4.1218765e-02
  -3.8779246e-02
  -2.3150534e-02
  -1.3536955e-02
   2.1715707e-03
   7.1731251e-03
   1.5254777e-02
   0.0000000e+00
   0.0000000e+00
   0.0000000e+00
  -2.7454294e-02
  -3.2734531e-02
  -3.4362734e-02
  -3.5180322e-02
  -3.6428509e-02
  -3.8281646e-02
  -4.1389415e-02
  -4.4297380e-02
  -4.6811424e-02
  -4.8263913e-02
  -4.8685376e-02
  -4.8967427e-02
  -4.7198762e-02
  -4.5552173e-02
  -4.3725788e-02
  -4.1298118e-02
  -3.9227085e-02
  -3.6936925e-02
  -3.4033053e-02
  -3.1600960e-02
  -2.9261627e-02
  -2.6727598e-02
  -2.4846633e-02
  -2.3111208e-02
  -2.1203784e-02
  -1.9759970e-02
  -2.5996509e-02
  -2.4037243e-02
  -2.2564998e-02
  -2.1199690e-02
  -1.9832292e-02
  -1.8970107e-02
  -1.8444405e-02
  -1.8604466e-02
  -1.9558840e-02
  -2.1194364e-02
  -2.4049108e-02
  -2.7126475e-02
  -3.0678687e-02
  -3.5354911e-02
  -3.9421542e-02
  -4.3364544e-02
  -4.7791154e-02
  -5.1313692e-02
  -5.4680679e-02
  -5.8339981e-02
  -6.0958014e-02
  -6.3208711e-02
  -6.5370617e-02
  -6.6842204e-02
  -6.8158714e-02
  -6.9950593e-02
  -7.2819667e-02
  -7.8788353e-02
  -9.0538721e-02
  -1.0937459e-01
  -1.3783679e-01
  -1.1801663e-01
  -7.1725846e-02
  -5.2762084e-02
  -4.5435304e-02
  -4.2173283e-02
  -4.2320105e-02
  -4.0028777e-02
  -2.8116531e-02
  -1.8892664e-02
  -2.0137198e-03
   3.7540761e-03
   5.1706258e-03
   0.0000000e+00
  -0.0000000e+00
  -0.0000000e+00
  -0.0000000e+00
  -3.9985413e-02
  -4.1574406e-02
  -4.2255070e-02
  -4.3388401e-02
  -4.5115710e-02
  -4.8014355e-02
  -5.0634845e-02
  -5.2899468e-02
  -5.4482509e-02
  -5.5329639e-02
  -5.6015268e-02
  -5.5068541e-02
  -5.4039332e-02
  -5.2626998e-02
  -5.0723428e-02
  -4.9034685e-02
  -4.6964135e-02
  -4.4151485e-02
  -4.1666010e-02
  -3.9155657e-02
  -3.6285893e-02
  -3.4075754e-02
  -3.1982875e-02
  -2.9619760e-02
  -2.7773341e-02
  -4.4289986e-02
  -4.1940567e-02
  -3.9981174e-02
  -3.7899424e-02
  -3.5291460e-02
  -3.3040543e-02
  -3.0828183e-02
  -2.8669184e-02
  -2.7646812e-02
  -2.7411668e-02
  -2.8178682e-02
  -2.9702270e-02
  -3.1920587e-02
  -3.5418394e-02
  -3.8898294e-02
  -4.2597472e-02
  -4.7083493e-02
  -5.0789575e-02
  -5.4396763e-02
  -5.8421564e-02
  -6.1334008e-02
  -6.3928518e-02
  -6.6761274e-02
  -6.9089428e-02
  -7.1522158e-02
  -7.4718728e-02
  -7.7956803e-02
  -8.2516934e-02
  -9.2558103e-02
  -1.0344114e-01
  -1.0465550e-01
  -8.6207538e-02
  -7.0917193e-02
  -6.1605744e-02
  -5.5117514e-02
  -5.1260435e-02
  -4.7697177e-02
  -4.4781591e-02
  -3.9530020e-02
  -2.8802768e-02
  -9.5718226e-03
  -2.9737810e-03
   0.0000000e+00
   0.0000000e+00
  -5.4363863e-02
  -5.4363863e-02
  -5.1791920e-02
  -5.2964100e-02
  -5.4131303e-02
  -5.4464326e-02
  -5.5126594e-02
  -5.6379278e-02
  -5.8638285e-02
  -6.0547964e-02
  -6.2296196e-02
  -6.3956176e-02
  -6.5155056e-02
  -6.6236119e-02
  -6.6961119e-02
  -6.7038476e-02
  -6.6401868e-02
  -6.5727050e-02
  -6.5033813e-02
  -6.3818084e-02
  -6.1916599e-02
  -6.0052773e-02
  -5.7975499e-02
  -5.5298024e-02
  -5.3090310e-02
  -5.0912655e-02
  -4.8357573e-02
  -4.6303887e-02
  -5.8569748e-02
  -5.6731379e-02
  -5.5239971e-02
  -5.3595930e-02
  -5.1284695e-02
  -4.8996323e-02
  -4.6421764e-02
  -4.3145092e-02
  -4.0687884e-02
  -3.8727539e-02
  -3.7135030e-02
  -3.6541787e-02
  -3.6662827e-02
  -3.7902195e-02
  -3.9881347e-02
  -4.2472839e-02
  -4.6190434e-02
  -4.9617731e-02
  -5.3103907e-02
  -5.7075212e-02
  -6.0043662e-02
  -6.2834033e-02
  -6.6153382e-02
  -6.9028850e-02
  -7.2058732e-02
  -7.6047078e-02
  -7.9843175e-02
  -8.4402019e-02
  -9.2014202e-02
  -9.8703047e-02
  -9.9106948e-02
  -8.6929986e-02
  -7.5204913e-02
  -6.7065523e-02
  -6.1009291e-02
  -5.7571876e-02
  -5.4168721e-02
  -5.0053749e-02
  -4.4448724e-02
  -3.4968989e-02
  -1.9540896e-02
  -1.2779511e-02
   0.0000000e+00
  -0.0000000e+00
  -6.2457546e-02
  -5.8824975e-02
  -6.0094468e-02
  -6.0212854e-02
  -6.2222800e-02
  -6.2741228e-02
  -6.3025093e-02
  -6.3800422e-02
  -6.5269109e-02
  -6.6451484e-02
  -6.7576841e-02
  -6.8867655e-02
  -7.0119263e-02
  -7.1519935e-02
  -7.3003638e-02
  -7.3659480e-02
  -7.3788464e-02
  -7.4008496e-02
  -7.4140634e-02
  -7.3729657e-02
  -7.2655711e-02
  -7.1391164e-02
  -6.9801481e-02
  -6.7626847e-02
  -6.5866324e-02
  -6.4096140e-02
  -6.1945849e-02
  -6.0230824e-02
  -6.7392133e-02
  -6.5945460e-02
  -6.4832677e-02
  -6.3589549e-02
  -6.1683492e-02
  -5.9610699e-02
  -5.7083554e-02
  -5.3459029e-02
  -5.0340769e-02
  -4.7468221e-02
  -4.4492174e-02
  -4.2545132e-02
  -4.1229774e-02
  -4.0808098e-02
  -4.1577093e-02
  -4.3177826e-02
  -4.6077633e-02
  -4.9094900e-02
  -5.2313701e-02
  -5.6089344e-02
  -5.8992557e-02
  -6.1808856e-02
  -6.5295466e-02
  -6.8384320e-02
  -7.1652928e-02
  -7.5969912e-02
  -8.0005384e-02
  -8.4520985e-02
  -9.0745552e-02
  -9.5089514e-02
  -9.5005515e-02
  -8.6419600e-02
  -7.6936136e-02
  -6.9578719e-02
  -6.3834432e-02
  -6.0587943e-02
  -5.7225043e-02
  -5.2415372e-02
  -4.6819668e-02
  -3.8733738e-02
  -2.6867949e-02
  -2.0972332e-02
   0.0000000e+00
  -0.0000000e+00
  -6.2762866e-02
  -5.9575573e-02
  -6.1750379e-02
  -6.4525678e-02
  -6.6922417e-02
  -6.7684928e-02
  -6.7835589e-02
  -6.8337789e-02
  -6.9300035e-02
  -6.9999325e-02
  -7.0680078e-02
  -7.1675586e-02
  -7.2913261e-02
  -7.4472063e-02
  -7.6392407e-02
  -7.7469870e-02
  -7.8127196e-02
  -7.8922514e-02
  -7.9531272e-02
  -7.9600053e-02
  -7.9042335e-02
  -7.8158233e-02
  -7.6876522e-02
  -7.5039100e-02
  -7.3565812e-02
  -7.2065526e-02
  -7.0221098e-02
  -6.8774750e-02
  -7.7697781e-02
  -7.6979022e-02
  -7.6627079e-02
  -7.6316730e-02
  -7.5673661e-02
  -7.4702428e-02
  -7.3195977e-02
  -7.0384877e-02
  -6.7296834e-02
  -6.3905705e-02
  -5.9577748e-02
  -5.5885669e-02
  -5.2391773e-02
  -4.9083934e-02
  -4.7432107e-02
  -4.6784862e-02
  -4.7508341e-02
  -4.9200216e-02
  -5.1421080e-02
  -5.4389346e-02
  -5.6860979e-02
  -5.9369121e-02
  -6.2576385e-02
  -6.5470415e-02
  -6.8554408e-02
  -7.2683828e-02
  -7.6623798e-02
  -8.0937798e-02
  -8.5943932e-02
  -8.8425806e-02
  -8.7817540e-02
  -8.2417878e-02
  -7.5691350e-02
  -6.9453285e-02
  -6.4233727e-02
  -6.0966963e-02
  -5.7442279e-02
  -5.1985958e-02
  -4.7211625e-02
  -4.2971636e-02
  -3.9584104e-02
  -3.8140768e-02
   0.0000000e+00
  -0.0000000e+00
  -5.5306626e-02
  -6.0671458e-02
  -6.5014293e-02
  -6.8974016e-02
  -7.1346045e-02
  -7.2854760e-02
  -7.3207856e-02
  -7.3468578e-02
  -7.3774592e-02
  -7.3789477e-02
  -7.3738099e-02
  -7.4149363e-02
  -7.5205211e-02
  -7.6808720e-02
  -7.9124837e-02
  -8.0923397e-02
  -8.2394881e-02
  -8.3942028e-02
  -8.4988946e-02
  -8.5556082e-02
  -8.5619014e-02
  -8.5215614e-02
  -8.4317596e-02
  -8.2968560e-02
  -8.1869773e-02
  -8.0749374e-02
  -7.9460760e-02
  -7.8539859e-02
  -8.0495208e-02
  -8.0196337e-02
  -8.0318856e-02
  -8.0526060e-02
  -8.0603934e-02
  -8.0353827e-02
  -7.9676984e-02
  -7.8061778e-02
  -7.6030618e-02
  -7.3419966e-02
  -6.9642876e-02
  -6.6088419e-02
  -6.2250087e-02
  -5.7836346e-02
  -5.4835821e-02
  -5.2627281e-02
  -5.1312578e-02
  -5.1384599e-02
  -5.2196062e-02
  -5.3803420e-02
  -5.5442789e-02
  -5.7280283e-02
  -5.9791826e-02
  -6.2161988e-02
  -6.4766172e-02
  -6.8235522e-02
  -7.1503644e-02
  -7.5073960e-02
  -7.9110804e-02
  -8.0980887e-02
  -8.0446788e-02
  -7.6345584e-02
  -7.0984782e-02
  -6.5436057e-02
  -5.9655106e-02
  -5.5542550e-02
  -5.1803598e-02
  -4.6712519e-02
  -4.3044313e-02
  -4.0714043e-02
  -4.2368541e-02
  -4.4741797e-02
   0.0000000e+00
  -4.8881288e-02
  -5.1666195e-02
  -5.6435556e-02
  -6.2311974e-02
  -6.6761871e-02
  -6.9825053e-02
  -7.2190522e-02
  -7.3098092e-02
  -7.3638488e-02
  -7.3872054e-02
  -7.3681523e-02
  -7.3387767e-02
  -7.3486596e-02
  -7.4332683e-02
  -7.5752128e-02
  -7.8072500e-02
  -8.0179888e-02
  -8.2077919e-02
  -8.3936374e-02
  -8.5100309e-02
  -8.5781643e-02
  -8.6100276e-02
  -8.5982816e-02
  -8.5471829e-02
  -8.4514366e-02
  -8.3514581e-02
  -8.2492973e-02
  -8.1544532e-02
  -8.0995663e-02
  -8.1048158e-02
  -8.1048873e-02
  -8.1483399e-02
  -8.2007893e-02
  -8.2530931e-02
  -8.2729246e-02
  -8.2573069e-02
  -8.1772443e-02
  -8.0502170e-02
  -7.8531186e-02
  -7.5359286e-02
  -7.2168843e-02
  -6.8420091e-02
  -6.3628043e-02
  -5.9957389e-02
  -5.6879911e-02
  -5.4299943e-02
  -5.3215626e-02
  -5.2944173e-02
  -5.3434753e-02
  -5.4334739e-02
  -5.5557791e-02
  -5.7420252e-02
  -5.9274844e-02
  -6.1388171e-02
  -6.4214127e-02
  -6.6841337e-02
  -6.9693095e-02
  -7.2864238e-02
  -7.4232235e-02
  -7.3689116e-02
  -7.0452365e-02
  -6.6068770e-02
  -6.0960855e-02
  -5.4560921e-02
  -4.9779001e-02
  -4.5982718e-02
  -4.1277188e-02
  -3.8302197e-02
  -3.6771988e-02
  -4.0318944e-02
  -4.3219343e-02
  -4.0116935e-02
  -4.6150731e-02
  -4.7578771e-02
  -5.2052169e-02
  -5.8673735e-02
  -6.3477172e-02
  -6.7050290e-02
  -6.9971948e-02
  -7.1291935e-02
  -7.2105764e-02
  -7.2408739e-02
  -7.2166562e-02
  -7.1817173e-02
  -7.1820553e-02
  -7.2573985e-02
  -7.3891167e-02
  -7.6161165e-02
  -7.8377781e-02
  -8.0468328e-02
  -8.2488743e-02
  -8.3723336e-02
  -8.4487159e-02
  -8.4969037e-02
  -8.5030768e-02
  -8.4802710e-02
  -8.4159786e-02
  -8.3272709e-02
  -8.2331951e-02
  -8.1619796e-02
  -8.1324699e-02
  -7.8545396e-02
  -7.8923390e-02
  -7.9692050e-02
  -8.0500881e-02
  -8.1431066e-02
  -8.2047565e-02
  -8.2389116e-02
  -8.2528571e-02
  -8.2231609e-02
  -8.1249765e-02
  -7.9310348e-02
  -7.7167650e-02
  -7.4275143e-02
  -6.9917299e-02
  -6.6050437e-02
  -6.2421906e-02
  -5.8667465e-02
  -5.6125623e-02
  -5.4318988e-02
  -5.3079966e-02
  -5.2726085e-02
  -5.2873961e-02
  -5.3580494e-02
  -5.4471444e-02
  -5.5637353e-02
  -5.7270760e-02
  -5.8732673e-02
  -6.0262843e-02
  -6.1957748e-02
  -6.2548059e-02
  -6.1856264e-02
  -5.9570731e-02
  -5.6423921e-02
  -5.1758004e-02
  -4.4094295e-02
  -3.8323320e-02
  -3.4666667e-02
  -3.0723695e-02
  -2.8408873e-02
  -2.6639128e-02
  -2.8789372e-02
  -3.5352252e-02
  -4.0116935e-02
  -3.8333454e-02
  -3.9127952e-02
  -4.3514402e-02
  -5.0300524e-02
  -5.5557619e-02
  -5.9810176e-02
  -6.3310117e-02
  -6.5186733e-02
  -6.6508714e-02
  -6.7167581e-02
  -6.7070795e-02
  -6.6911401e-02
  -6.7077186e-02
  -6.7840317e-02
  -6.9093150e-02
  -7.1181301e-02
  -7.3289122e-02
  -7.5374206e-02
  -7.7465222e-02
  -7.8760343e-02
  -7.9630287e-02
  -8.0275193e-02
  -8.0507549e-02
  -8.0650836e-02
  -8.0481964e-02
  -7.9830097e-02
  -7.9014135e-02
  -7.8585299e-02
  -7.8583916e-02
  -7.0932568e-02
  -7.1561881e-02
  -7.2416802e-02
  -7.3288914e-02
  -7.4297542e-02
  -7.5051426e-02
  -7.5619865e-02
  -7.6151384e-02
  -7.6355378e-02
  -7.6050895e-02
  -7.5008718e-02
  -7.3824845e-02
  -7.2070523e-02
  -6.9007522e-02
  -6.5849647e-02
  -6.2569433e-02
  -5.8790580e-02
  -5.5889763e-02
  -5.3397193e-02
  -5.1029549e-02
  -4.9598262e-02
  -4.8651648e-02
  -4.7920382e-02
  -4.7624017e-02
  -4.7634969e-02
  -4.7922001e-02
  -4.8219790e-02
  -4.8396518e-02
  -4.8518672e-02
  -4.8262503e-02
  -4.7194941e-02
  -4.5256065e-02
  -4.2919012e-02
  -3.8660375e-02
  -2.9658239e-02
  -2.3531512e-02
  -2.0177084e-02
  -1.6297353e-02
  -1.4312659e-02
  -1.2155337e-02
  -1.1846015e-02
  -1.7278602e-02
  -2.2918914e-02
  -2.5807105e-02
  -2.7743619e-02
  -3.1581269e-02
  -3.7781349e-02
  -4.2820669e-02
  -4.7094979e-02
  -5.0753950e-02
  -5.3005824e-02
  -5.4828216e-02
  -5.6024357e-02
  -5.6373221e-02
  -5.6639962e-02
  -5.7338166e-02
  -5.8473501e-02
  -5.9903718e-02
  -6.1951444e-02
  -6.3830056e-02
  -6.5685171e-02
  -6.7644585e-02
  -6.8977444e-02
  -6.9980640e-02
  -7.0728392e-02
  -7.1051772e-02
  -7.1368788e-02
  -7.1461034e-02
  -7.1187237e-02
  -7.0747513e-02
  -7.0571951e-02
  -7.0740703e-02
  -6.3085727e-02
  -6.3876154e-02
  -6.4762263e-02
  -6.5619343e-02
  -6.6605824e-02
  -6.7365803e-02
  -6.7994856e-02
  -6.8664430e-02
  -6.9063268e-02
  -6.9058992e-02
  -6.8497148e-02
  -6.7780503e-02
  -6.6665983e-02
  -6.4535806e-02
  -6.2049380e-02
  -5.9231158e-02
  -5.5743498e-02
  -5.2862330e-02
  -5.0179012e-02
  -4.7405452e-02
  -4.5480039e-02
  -4.3869864e-02
  -4.2198308e-02
  -4.1103054e-02
  -4.0342422e-02
  -3.9742997e-02
  -3.9300148e-02
  -3.8681517e-02
  -3.7817038e-02
  -3.6941962e-02
  -3.5584520e-02
  -3.3745905e-02
  -3.1860320e-02
  -2.8014028e-02
  -1.9957834e-02
  -1.9498060e-02
  -9.6283086e-03
  -4.3120597e-03
  -2.1269799e-03
   7.9846455e-04
   2.5457884e-03
  -2.0843266e-03
  -8.5645032e-03
  -1.4766993e-02
  -1.7539163e-02
  -2.1003246e-02
  -2.6557744e-02
  -3.1151322e-02
  -3.5164160e-02
  -3.8730097e-02
  -4.1162706e-02
  -4.3325214e-02
  -4.5004238e-02
  -4.5809920e-02
  -4.6544882e-02
  -4.7753612e-02
  -4.9223297e-02
  -5.0857264e-02
  -5.2976136e-02
  -5.4778883e-02
  -5.6523130e-02
  -5.8393717e-02
  -5.9727673e-02
  -6.0782613e-02
  -6.1605034e-02
  -6.2013205e-02
  -6.2405455e-02
  -6.2608385e-02
  -6.2587194e-02
  -6.2443556e-02
  -6.2474873e-02
  -6.2743362e-02
  -5.3551121e-02
  -5.4494512e-02
  -5.5393287e-02
  -5.6197024e-02
  -5.7111572e-02
  -5.7819727e-02
  -5.8446708e-02
  -5.9167743e-02
  -5.9662807e-02
  -5.9849363e-02
  -5.9676888e-02
  -5.9300217e-02
  -5.8729987e-02
  -5.7557646e-02
  -5.5861157e-02
  -5.3649299e-02
  -5.0653737e-02
  -4.7966757e-02
  -4.5277316e-02
  -4.2341578e-02
  -4.0085172e-02
  -3.7871767e-02
  -3.5294447e-02
  -3.3414197e-02
  -3.1899103e-02
  -3.0441665e-02
  -2.9299615e-02
  -2.7976662e-02
  -2.6190647e-02
  -2.4674386e-02
  -2.3007302e-02
  -2.1178161e-02
  -1.9673668e-02
  -1.6325156e-02
  -7.2604534e-03
   0.0000000e+00
   4.9057875e-03
   8.9903726e-03
   1.1655250e-02
   1.5675154e-02
   1.8690225e-02
   1.4876716e-02
   7.4034260e-03
  -2.1701840e-03
  -5.8084999e-03
  -8.9026312e-03
  -1.3654540e-02
  -1.7609789e-02
  -2.1180833e-02
  -2.4521416e-02
  -2.7083570e-02
  -2.9582562e-02
  -3.1817341e-02
  -3.3176991e-02
  -3.4493552e-02
  -3.6305892e-02
  -3.8160296e-02
  -4.0050980e-02
  -4.2305610e-02
  -4.4086276e-02
  -4.5750955e-02
  -4.7534076e-02
  -4.8852841e-02
  -4.9933240e-02
  -5.0832693e-02
  -5.1339945e-02
  -5.1778225e-02
  -5.2046387e-02
  -5.2272216e-02
  -5.2448261e-02
  -5.2707272e-02
  -5.3063896e-02
  -3.3808384e-02
  -3.4977289e-02
  -3.5961790e-02
  -3.6735812e-02
  -3.7437738e-02
  -3.7891498e-02
  -3.8360808e-02
  -3.8922604e-02
  -3.9331875e-02
  -3.9481357e-02
  -3.9411707e-02
  -3.9172934e-02
  -3.8866393e-02
  -3.8363876e-02
  -3.7598681e-02
  -3.6424325e-02
  -3.4340446e-02
  -3.2091778e-02
  -2.9639758e-02
  -2.6815825e-02
  -2.4699817e-02
  -2.2329207e-02
  -1.9155839e-02
  -1.6625081e-02
  -1.4323177e-02
  -1.1816328e-02
  -9.8526265e-03
  -7.7900663e-03
  -4.9540900e-03
  -2.7053734e-03
  -7.0123855e-04
   1.0453210e-03
   1.7309862e-03
   3.8757846e-03
   0.0000000e+00
   0.0000000e+00
   2.6802458e-02
   3.3018700e-02
   3.5909338e-02
   3.6405087e-02
   0.0000000e+00
   3.7123434e-02
   3.4002859e-02
   2.1390828e-02
   1.6264715e-02
   1.3807702e-02
   1.0739391e-02
   8.3385068e-03
   6.0442602e-03
   3.4178280e-03
   9.6860880e-04
  -1.8209844e-03
  -4.8605650e-03
  -7.1733262e-03
  -9.5496381e-03
  -1.2500540e-02
  -1.5053416e-02
  -1.7497493e-02
  -2.0176870e-02
  -2.2130313e-02
  -2.3874360e-02
  -2.5678727e-02
  -2.6954677e-02
  -2.8056632e-02
  -2.9082764e-02
  -2.9737393e-02
  -3.0304669e-02
  -3.0797491e-02
  -3.1305933e-02
  -3.1861239e-02
  -3.2566593e-02
  -3.3126887e-02
  -1.8678156e-02
  -1.9961116e-02
  -2.0989655e-02
  -2.1808286e-02
  -2.2488022e-02
  -2.2834987e-02
  -2.3115517e-02
  -2.3407515e-02
  -2.3617931e-02
  -2.3667634e-02
  -2.3530309e-02
  -2.3243208e-02
  -2.2925855e-02
  -2.2478760e-02
  -2.1932264e-02
  -2.1109480e-02
  -1.9479199e-02
  -1.7554635e-02
  -1.5299210e-02
  -1.2461937e-02
  -1.0266243e-02
  -7.9685397e-03
  -4.8531804e-03
  -2.1582768e-03
   4.4790584e-04
   3.3843025e-03
   5.7170892e-03
   8.1267404e-03
   1.1674385e-02
   1.4536804e-02
   1.6656838e-02
   1.7951237e-02
   1.7713975e-02
   1.8515784e-02
   0.0000000e+00
   6.0681503e-02
   4.0012092e-02
   4.3314206e-02
   5.0046513e-02
   3.6405087e-02
   0.0000000e+00
   0.0000000e+00
   4.1652233e-02
   3.4853331e-02
   3.0154900e-02
   2.8891236e-02
   2.7916949e-02
   2.7124258e-02
   2.6163123e-02
   2.4471692e-02
   2.2235615e-02
   1.9400916e-02
   1.5966100e-02
   1.3050864e-02
   9.9837206e-03
   6.2386975e-03
   3.0943782e-03
   1.3688805e-04
  -3.0314952e-03
  -5.2506637e-03
  -7.1474808e-03
  -9.0140796e-03
  -1.0297971e-02
  -1.1424471e-02
  -1.2554958e-02
  -1.3262015e-02
  -1.3877088e-02
  -1.4588416e-02
  -1.5263483e-02
  -1.6022026e-02
  -1.6997032e-02
  -1.7782888e-02
  -1.8404702e-03
  -3.1965819e-03
  -4.2523390e-03
  -5.1032402e-03
  -5.8074453e-03
  -6.1275319e-03
  -6.2737168e-03
  -6.2757925e-03
  -6.2337761e-03
  -6.1238744e-03
  -5.8854117e-03
  -5.5269021e-03
  -5.1658916e-03
  -4.7038492e-03
  -4.2364730e-03
  -3.5637535e-03
  -2.2133839e-03
  -5.6938936e-04
   1.4837465e-03
   4.3097874e-03
   6.6893742e-03
   9.0984135e-03
   1.2258593e-02
   1.5095532e-02
   1.7946443e-02
   2.1236737e-02
   2.3884254e-02
   2.6595814e-02
   3.0815082e-02
   3.4522901e-02
   3.6911300e-02
   3.7336202e-02
   3.5888290e-02
   3.5512862e-02
   7.8713600e-02
   6.8927902e-02
   6.0681503e-02
   0.0000000e+00
   0.0000000e+00
   0.0000000e+00
   0.0000000e+00
   0.0000000e+00
   4.9715120e-02
   4.3743644e-02
   4.1515136e-02
   4.2469312e-02
   4.4594831e-02
   4.6006951e-02
   4.6887506e-02
   4.6729631e-02
   4.5159107e-02
   4.2586713e-02
   3.8930051e-02
   3.5532124e-02
   3.1856714e-02
   2.7314582e-02
   2.3565187e-02
   2.0095404e-02
   1.6401003e-02
   1.3813671e-02
   1.1630710e-02
   9.5675359e-03
   8.2159620e-03
   7.0368315e-03
   5.7742074e-03
   4.9630041e-03
   4.2707073e-03
   3.3389980e-03
   2.5163363e-03
   1.5932040e-03
   3.2191087e-04
  -7.3746372e-04
   1.7025799e-02
   1.5635409e-02
   1.4558476e-02
   1.3683495e-02
   1.2906278e-02
   1.2528434e-02
   1.2453098e-02
   1.2752546e-02
   1.3097239e-02
   1.3433166e-02
   1.3820931e-02
   1.4283155e-02
   1.4731875e-02
   1.5284913e-02
   1.5833099e-02
   1.6596747e-02
   1.7893176e-02
   1.9344516e-02
   2.1216630e-02
   2.4012218e-02
   2.6686890e-02
   2.9418798e-02
   3.2755456e-02
   3.5732725e-02
   3.8771805e-02
   4.2319716e-02
   4.5223614e-02
   4.8172861e-02
   5.2921717e-02
   5.7696547e-02
   6.0541261e-02
   5.9704162e-02
   5.6666025e-02
   5.5119853e-02
   7.8644594e-02
   8.4158910e-02
   0.0000000e+00
   0.0000000e+00
   0.0000000e+00
   0.0000000e+00
   0.0000000e+00
   0.0000000e+00
   5.3049768e-02
   4.6657035e-02
   4.9331800e-02
   5.3759093e-02
   6.0097789e-02
   6.4419501e-02
   6.7740899e-02
   6.9807003e-02
   6.9456107e-02
   6.7542151e-02
   6.3955326e-02
   6.0298949e-02
   5.6179294e-02
   5.0919387e-02
   4.6603858e-02
   4.2658685e-02
   3.8441493e-02
   3.5407996e-02
   3.2811766e-02
   3.0404217e-02
   2.8894297e-02
   2.7609455e-02
   2.6191658e-02
   2.5223246e-02
   2.4410456e-02
   2.3270476e-02
   2.2323136e-02
   2.1274531e-02
   1.9703800e-02
   1.8327100e-02
   4.2379725e-02
   4.0891511e-02
   3.9670317e-02
   3.8714720e-02
   3.7867806e-02
   3.7441021e-02
   3.7415204e-02
   3.7995457e-02
   3.8643171e-02
   3.9275188e-02
   3.9962675e-02
   4.0623800e-02
   4.1261780e-02
   4.1923031e-02
   4.2647196e-02
   4.3729137e-02
   4.5307833e-02
   4.6903456e-02
   4.8810345e-02
   5.1639964e-02
   5.4663129e-02
   5.7903640e-02
   6.1649522e-02
   6.5017687e-02
   6.8373671e-02
   7.2113938e-02
   7.5349325e-02
   7.8454743e-02
   8.2929674e-02
   8.8751762e-02
   9.2378883e-02
   9.0550099e-02
   8.4879408e-02
   8.0193157e-02
   7.7648893e-02
   0.0000000e+00
   0.0000000e+00
   0.0000000e+00
   0.0000000e+00
   0.0000000e+00
   0.0000000e+00
   0.0000000e+00
   3.4304755e-02
   4.0835628e-02
   5.1663150e-02
   6.1787036e-02
   7.3592225e-02
   8.2097376e-02
   8.8919708e-02
   9.4148444e-02
   9.5915269e-02
   9.5413706e-02
   9.2896493e-02
   8.9810285e-02
   8.5838984e-02
   8.0465102e-02
   7.5951221e-02
   7.1748666e-02
   6.7289909e-02
   6.4016640e-02
   6.1074817e-02
   5.8220834e-02
   5.6267341e-02
   5.4634611e-02
   5.3090742e-02
   5.1956133e-02
   5.0884644e-02
   4.9617760e-02
   4.8534200e-02
   4.7298761e-02
   4.5598517e-02
   4.3903299e-02
   6.6902340e-02
   6.5130363e-02
   6.3797729e-02
   6.2857658e-02
   6.2027964e-02
   6.1710011e-02
   6.1837720e-02
   6.2515539e-02
   6.3342313e-02
   6.4159001e-02
   6.5216709e-02
   6.6087382e-02
   6.6962165e-02
   6.8077662e-02
   6.9090365e-02
   7.0364398e-02
   7.2304542e-02
   7.4235905e-02
   7.6436799e-02
   7.9425438e-02
   8.2553321e-02
   8.5854815e-02
   9.0055684e-02
   9.3663297e-02
   9.7170536e-02
   1.0168327e-01
   1.0504133e-01
   1.0825963e-01
   1.1202667e-01
   1.1685247e-01
   1.1976862e-01
   1.1703978e-01
   1.1035217e-01
   9.7393232e-02
   7.7648893e-02
   0.0000000e+00
   0.0000000e+00
   0.0000000e+00
   0.0000000e+00
   0.0000000e+00
   0.0000000e+00
   9.3717626e-03
   1.7023411e-02
   3.3062933e-02
   4.4333194e-02
   5.7389180e-02
   7.4151724e-02
   8.6129557e-02
   9.6142456e-02
   1.0483261e-01
   1.0907668e-01
   1.1088042e-01
   1.1075101e-01
   1.0942589e-01
   1.0696283e-01
   1.0307293e-01
   9.9667145e-02
   9.6269033e-02
   9.2270690e-02
   8.9249838e-02
   8.6658979e-02
   8.4050530e-02
   8.1959256e-02
   8.0168134e-02
   7.8320490e-02
   7.7069775e-02
   7.5828152e-02
   7.4348880e-02
   7.3344622e-02
   7.2107454e-02
   7.0320977e-02
   6.8547421e-02
   8.8574648e-02
   8.6712864e-02
   8.5381919e-02
   8.4489026e-02
   8.3878592e-02
   8.3755517e-02
   8.4098155e-02
   8.4872546e-02
   8.5758066e-02
   8.6667883e-02
   8.8049836e-02
   8.9123532e-02
   9.0187423e-02
   9.1574216e-02
   9.2981575e-02
   9.4543788e-02
   9.6813375e-02
   9.9056125e-02
   1.0148989e-01
   1.0475361e-01
   1.0782107e-01
   1.1108508e-01
   1.1531848e-01
   1.1907812e-01
   1.2283589e-01
   1.2753937e-01
   1.3112432e-01
   1.3431987e-01
   1.3736101e-01
   1.4041755e-01
   1.4161075e-01
   1.3831207e-01
   1.3181179e-01
   1.2635248e-01
   0.0000000e+00
   0.0000000e+00
   0.0000000e+00
   0.0000000e+00
   0.0000000e+00
   0.0000000e+00
   0.0000000e+00
   1.9021687e-02
   1.9664206e-02
   3.2961977e-02
   4.1654751e-02
   5.4059492e-02
   7.1392269e-02
   8.4759183e-02
   9.6024713e-02
   1.0672414e-01
   1.1259054e-01
   1.1644022e-01
   1.1886296e-01
   1.1962177e-01
   1.1926465e-01
   1.1784057e-01
   1.1630874e-01
   1.1447955e-01
   1.1207739e-01
   1.0994995e-01
   1.0801596e-01
   1.0574805e-01
   1.0392831e-01
   1.0226309e-01
   1.0041850e-01
   9.9020701e-02
   9.7653877e-02
   9.6180185e-02
   9.4953859e-02
   9.3625303e-02
   9.1810995e-02
   9.0241428e-02
   1.0767900e-01
   1.0603925e-01
   1.0484333e-01
   1.0422484e-01
   1.0381463e-01
   1.0398734e-01
   1.0436556e-01
   1.0526873e-01
   1.0605517e-01
   1.0715813e-01
   1.0855247e-01
   1.0989309e-01
   1.1099996e-01
   1.1271711e-01
   1.1429998e-01
   1.1622360e-01
   1.1863434e-01
   1.2112846e-01
   1.2378595e-01
   1.2734834e-01
   1.3033826e-01
   1.3347477e-01
   1.3756471e-01
   1.4116925e-01
   1.4502291e-01
   1.4935591e-01
   1.5287025e-01
   1.5543810e-01
   1.5797698e-01
   1.5896057e-01
   1.5924930e-01
   1.5474206e-01
   1.4985676e-01
   1.4510826e-01
   0.0000000e+00
   0.0000000e+00
   0.0000000e+00
   0.0000000e+00
   0.0000000e+00
   0.0000000e+00
   4.7932891e-02
   3.1211746e-02
   3.3355095e-02
   4.2268465e-02
   4.8193525e-02
   5.7984791e-02
   7.2994163e-02
   8.5097436e-02
   9.5819660e-02
   1.0638154e-01
   1.1305430e-01
   1.1791668e-01
   1.2232622e-01
   1.2464139e-01
   1.2634129e-01
   1.2718320e-01
   1.2760920e-01
   1.2724422e-01
   1.2669071e-01
   1.2567353e-01
   1.2468361e-01
   1.2286482e-01
   1.2151464e-01
   1.2008660e-01
   1.1862822e-01
   1.1724591e-01
   1.1597268e-01
   1.1449805e-01
   1.1324109e-01
   1.1197091e-01
   1.1040671e-01
   1.0915609e-01
   1.2144046e-01
   1.2032958e-01
   1.1953902e-01
   1.1930322e-01
   1.1918226e-01
   1.1953142e-01
   1.1986555e-01
   1.2063834e-01
   1.2128882e-01
   1.2244216e-01
   1.2381677e-01
   1.2523208e-01
   1.2642139e-01
   1.2833722e-01
   1.2999218e-01
   1.3204355e-01
   1.3448694e-01
   1.3698608e-01
   1.3967582e-01
   1.4320608e-01
   1.4603720e-01
   1.4893652e-01
   1.5255384e-01
   1.5561814e-01
   1.5885325e-01
   1.6223917e-01
   1.6492554e-01
   1.6665461e-01
   1.6814511e-01
   1.6780336e-01
   1.6713406e-01
   1.6216789e-01
   1.5763173e-01
   1.7008765e-01
   2.1342932e-01
   1.9580208e-01
   1.3006951e-01
   1.5051968e-01
   1.4233038e-01
   9.1596375e-02
   5.8534504e-02
   4.9747340e-02
   5.2503344e-02
   5.7222042e-02
   6.0715670e-02
   6.7129505e-02
   7.7675966e-02
   8.6731156e-02
   9.5278690e-02
   1.0414154e-01
   1.1022627e-01
   1.1501335e-01
   1.1992854e-01
   1.2312505e-01
   1.2603678e-01
   1.2867045e-01
   1.3047821e-01
   1.3147728e-01
   1.3235764e-01
   1.3252954e-01
   1.3245894e-01
   1.3159839e-01
   1.3082372e-01
   1.2998552e-01
   1.2919792e-01
   1.2836286e-01
   1.2752044e-01
   1.2634823e-01
   1.2533944e-01
   1.2440184e-01
   1.2332026e-01
   1.2249691e-01
   1.2677520e-01
   1.2635400e-01
   1.2617009e-01
   1.2623390e-01
   1.2650254e-01
   1.2692245e-01
   1.2725072e-01
   1.2770663e-01
   1.2831741e-01
   1.2926863e-01
   1.3059161e-01
   1.3182005e-01
   1.3309695e-01
   1.3484161e-01
   1.3641310e-01
   1.3818108e-01
   1.4043989e-01
   1.4256368e-01
   1.4488931e-01
   1.4774744e-01
   1.5010561e-01
   1.5248722e-01
   1.5521305e-01
   1.5731525e-01
   1.5918534e-01
   1.6107824e-01
   1.6231654e-01
   1.6306347e-01
   1.6288205e-01
   1.6191960e-01
   1.5986699e-01
   1.5555477e-01
   1.5036281e-01
   1.5905313e-01
   1.8062528e-01
   1.6802538e-01
   1.2616207e-01
   1.3237648e-01
   1.2335477e-01
   8.9986276e-02
   7.1617989e-02
   6.8923188e-02
   7.0375045e-02
   7.1599096e-02
   7.2603751e-02
   7.5426626e-02
   8.0703540e-02
   8.5988199e-02
   9.1363272e-02
   9.7505077e-02
   1.0183450e-01
   1.0585546e-01
   1.1019299e-01
   1.1362548e-01
   1.1686916e-01
   1.2055036e-01
   1.2315395e-01
   1.2535389e-01
   1.2735157e-01
   1.2859158e-01
   1.2935283e-01
   1.2980631e-01
   1.2986338e-01
   1.2991618e-01
   1.2990198e-01
   1.2986040e-01
   1.2965003e-01
   1.2916516e-01
   1.2865867e-01
   1.2822474e-01
   1.2767034e-01
   1.2730910e-01
   1.2145157e-01
   1.2169701e-01
   1.2202542e-01
   1.2236186e-01
   1.2294764e-01
   1.2353369e-01
   1.2393222e-01
   1.2435919e-01
   1.2495230e-01
   1.2565144e-01
   1.2654751e-01
   1.2743200e-01
   1.2840776e-01
   1.2955494e-01
   1.3065538e-01
   1.3189735e-01
   1.3350657e-01
   1.3491999e-01
   1.3640864e-01
   1.3811335e-01
   1.3958262e-01
   1.4107790e-01
   1.4262915e-01
   1.4350504e-01
   1.4401067e-01
   1.4424046e-01
   1.4404999e-01
   1.4341240e-01
   1.4183152e-01
   1.3999684e-01
   1.3739477e-01
   1.3349458e-01
   1.2951042e-01
   1.2617804e-01
   1.2378336e-01
   1.2024394e-01
   1.1522018e-01
   1.0621243e-01
   9.8087478e-02
   9.0008415e-02
   8.3238712e-02
   8.2468787e-02
   8.2413190e-02
   8.1129328e-02
   7.9768330e-02
   7.9215149e-02
   7.9802835e-02
   8.1090502e-02
   8.2924551e-02
   8.5391318e-02
   8.7588102e-02
   9.0183599e-02
   9.3699730e-02
   9.6761435e-02
   9.9962232e-02
   1.0382140e-01
   1.0695227e-01
   1.0986327e-01
   1.1297796e-01
   1.1503825e-01
   1.1660364e-01
   1.1811544e-01
   1.1914451e-01
   1.1995806e-01
   1.2063370e-01
   1.2099651e-01
   1.2120896e-01
   1.2131083e-01
   1.2142897e-01
   1.2148298e-01
   1.2145279e-01
   1.2146457e-01
   1.0537346e-01
   1.0611201e-01
   1.0676720e-01
   1.0744403e-01
   1.0833279e-01
   1.0905672e-01
   1.0962476e-01
   1.1017767e-01
   1.1064440e-01
   1.1102948e-01
   1.1141994e-01
   1.1178122e-01
   1.1215340e-01
   1.1259710e-01
   1.1317772e-01
   1.1379511e-01
   1.1439572e-01
   1.1479891e-01
   1.1516461e-01
   1.1565011e-01
   1.1613142e-01
   1.1660903e-01
   1.1687555e-01
   1.1669920e-01
   1.1624793e-01
   1.1520999e-01
   1.1381274e-01
   1.1207486e-01
   1.0960651e-01
   1.0729022e-01
   1.0477334e-01
   1.0148392e-01
   9.8962377e-02
   9.6610976e-02
   9.4225795e-02
   9.5065957e-02
   9.6971534e-02
   9.5955118e-02
   9.2876142e-02
   8.9142592e-02
   8.6502137e-02
   8.5726929e-02
   8.4508310e-02
   8.1712966e-02
   7.8687211e-02
   7.5865132e-02
   7.3009046e-02
   7.1173775e-02
   6.9756715e-02
   6.8736217e-02
   6.8765396e-02
   6.9570450e-02
   7.1679861e-02
   7.4073535e-02
   7.6817902e-02
   8.0470126e-02
   8.3548530e-02
   8.6636869e-02
   9.0287583e-02
   9.2933847e-02
   9.5141149e-02
   9.7435676e-02
   9.9069020e-02
   1.0042647e-01
   1.0158894e-01
   1.0221123e-01
   1.0266439e-01
   1.0316308e-01
   1.0359288e-01
   1.0400883e-01
   1.0452195e-01
   1.0490314e-01
   8.1195312e-02
   8.2256421e-02
   8.3202310e-02
   8.4111339e-02
   8.5125978e-02
   8.5897809e-02
   8.6516897e-02
   8.7084763e-02
   8.7495098e-02
   8.7659399e-02
   8.7619372e-02
   8.7550332e-02
   8.7452167e-02
   8.7548017e-02
   8.7712955e-02
   8.7648897e-02
   8.7217461e-02
   8.6727379e-02
   8.6232072e-02
   8.5746351e-02
   8.5403961e-02
   8.4907195e-02
   8.4056057e-02
   8.3150095e-02
   8.1987022e-02
   8.0045824e-02
   7.8105442e-02
   7.6096993e-02
   7.3682892e-02
   7.1703555e-02
   6.9647691e-02
   6.7394327e-02
   6.5964969e-02
   6.4789156e-02
   6.4901702e-02
   6.7966837e-02
   7.1714240e-02
   7.4781847e-02
   7.6068586e-02
   7.6538209e-02
   7.6824075e-02
   7.6436001e-02
   7.4926886e-02
   7.1568210e-02
   6.7793652e-02
   6.3802616e-02
   5.9179189e-02
   5.5575819e-02
   5.2241316e-02
   4.9201453e-02
   4.7775239e-02
   4.7167504e-02
   4.7617314e-02
   4.8964482e-02
   5.0954926e-02
   5.3822072e-02
   5.6372679e-02
   5.9062639e-02
   6.2367339e-02
   6.5034576e-02
   6.7549446e-02
   7.0185829e-02
   7.2117385e-02
   7.3744149e-02
   7.5252288e-02
   7.6198223e-02
   7.7025481e-02
   7.7874387e-02
   7.8362957e-02
   7.8894416e-02
   7.9698589e-02
   8.0407702e-02
   5.1922641e-02
   5.3261874e-02
   5.4354263e-02
   5.5358825e-02
   5.6586101e-02
   5.7475467e-02
   5.8168008e-02
   5.8778521e-02
   5.9095062e-02
   5.9168903e-02
   5.9008773e-02
   5.8777776e-02
   5.8490488e-02
   5.8128435e-02
   5.7717353e-02
   5.7034205e-02
   5.5996313e-02
   5.5180138e-02
   5.4288845e-02
   5.3116801e-02
   5.2056804e-02
   5.0878551e-02
   4.9429717e-02
   4.8104250e-02
   4.6486052e-02
   4.4312255e-02
   4.2567499e-02
   4.0860161e-02
   3.8932717e-02
   3.7357679e-02
   3.5880019e-02
   3.4599132e-02
   3.4009288e-02
   3.4095475e-02
   3.6110793e-02
   3.9627038e-02
   4.3550430e-02
   4.8072722e-02
   5.1440609e-02
   5.4040456e-02
   5.5713531e-02
   5.5654337e-02
   5.4351858e-02
   5.1338819e-02
   4.7895650e-02
   4.4115223e-02
   3.9495605e-02
   3.5684764e-02
   3.2147326e-02
   2.8638483e-02
   2.6383718e-02
   2.4775966e-02
   2.3939822e-02
   2.4170983e-02
   2.5038304e-02
   2.6672153e-02
   2.8519196e-02
   3.0625263e-02
   3.3254733e-02
   3.5440471e-02
   3.7600420e-02
   4.0058855e-02
   4.1879390e-02
   4.3480178e-02
   4.5111938e-02
   4.6196481e-02
   4.7137859e-02
   4.8113249e-02
   4.8755786e-02
   4.9392752e-02
   5.0243668e-02
   5.1010416e-02
   2.1747216e-02
   2.2999705e-02
   2.4176793e-02
   2.5452053e-02
   2.6958832e-02
   2.8067028e-02
   2.9045258e-02
   2.9869057e-02
   3.0184586e-02
   3.0314701e-02
   3.0378702e-02
   3.0222935e-02
   2.9808998e-02
   2.9013131e-02
   2.8078796e-02
   2.6978456e-02
   2.5578697e-02
   2.4448341e-02
   2.3336553e-02
   2.1975860e-02
   2.0701802e-02
   1.9399522e-02
   1.7810745e-02
   1.6297562e-02
   1.4718905e-02
   1.2953583e-02
   1.1617681e-02
   1.0278796e-02
   8.6868865e-03
   7.4815465e-03
   6.4444148e-03
   5.5467909e-03
   5.3355210e-03
   5.9439782e-03
   8.2096846e-03
   1.1153986e-02
   1.4472494e-02
   1.8420117e-02
   2.1584173e-02
   2.4177808e-02
   2.5929618e-02
   2.6341481e-02
   2.6110059e-02
   2.5065191e-02
   2.3635618e-02
   2.1696972e-02
   1.8740483e-02
   1.5937697e-02
   1.3078245e-02
   9.7771488e-03
   7.4592629e-03
   5.6754277e-03
   4.1864745e-03
   3.4866728e-03
   3.2487959e-03
   3.6753346e-03
   4.6124765e-03
   5.9540569e-03
   7.6935636e-03
   9.0534005e-03
   1.0511117e-02
   1.2328799e-02
   1.3769657e-02
   1.5090963e-02
   1.6361175e-02
   1.7244342e-02
   1.8054846e-02
   1.8892973e-02
   1.9490111e-02
   2.0033055e-02
   2.0547415e-02
   2.0999389e-02
   2.3743934e-03
   3.4324172e-03
   4.4463426e-03
   5.5568548e-03
   6.8097483e-03
   7.6824015e-03
   8.4094000e-03
   9.0525326e-03
   9.4399716e-03
   9.6504202e-03
   9.5469516e-03
   9.0982510e-03
   8.4004931e-03
   7.3041769e-03
   6.2163922e-03
   5.0742091e-03
   3.7363545e-03
   2.7058737e-03
   1.8120899e-03
   8.1509417e-04
  -1.1997941e-04
  -1.1967648e-03
  -2.6562952e-03
  -3.9967705e-03
  -5.3000613e-03
  -6.6506508e-03
  -7.7024352e-03
  -8.7699211e-03
  -1.0016219e-02
  -1.0988341e-02
  -1.1889327e-02
  -1.2694139e-02
  -1.2870440e-02
  -1.2449706e-02
  -1.0937826e-02
  -8.9229880e-03
  -6.5602077e-03
  -3.5714002e-03
  -1.0116062e-03
   1.4385218e-03
   3.8370773e-03
   5.3330884e-03
   6.3945478e-03
   6.9822647e-03
   6.8047242e-03
   6.0388021e-03
   4.3851024e-03
   2.5035346e-03
   4.6624760e-04
  -1.8573567e-03
  -3.6931332e-03
  -5.3953608e-03
  -7.0864327e-03
  -8.1058216e-03
  -8.7958861e-03
  -9.1255310e-03
  -9.0212978e-03
  -8.6394472e-03
  -7.8584011e-03
  -6.9396813e-03
  -5.9085031e-03
  -4.6659059e-03
  -3.5939486e-03
  -2.6547671e-03
  -1.7521296e-03
  -1.1368735e-03
  -6.0986616e-04
  -6.4796148e-05
   2.8636154e-04
   6.3233894e-04
   1.1691440e-03
   1.7005620e-03
  -1.0278066e-02
  -9.5861230e-03
  -8.9445913e-03
  -8.3158412e-03
  -7.6895206e-03
  -7.2669632e-03
  -6.9258049e-03
  -6.6362268e-03
  -6.5857510e-03
  -6.6921171e-03
  -6.9898822e-03
  -7.4161064e-03
  -7.9692650e-03
  -8.7552180e-03
  -9.4714335e-03
  -1.0218223e-02
  -1.1026779e-02
  -1.1552099e-02
  -1.1956239e-02
  -1.2433555e-02
  -1.2887849e-02
  -1.3480535e-02
  -1.4353678e-02
  -1.5164668e-02
  -1.5985240e-02
  -1.6957812e-02
  -1.7730402e-02
  -1.8472281e-02
  -1.9256921e-02
  -1.9831884e-02
  -2.0262413e-02
  -2.0430289e-02
  -2.0225218e-02
  -1.9672234e-02
  -1.8447736e-02
  -1.6967137e-02
  -1.5304503e-02
  -1.3302207e-02
  -1.1589434e-02
  -9.8808104e-03
  -7.9983054e-03
  -6.6901185e-03
  -5.6729833e-03
  -5.0024176e-03
  -4.8406082e-03
  -4.9740788e-03
  -5.5524760e-03
  -6.3558719e-03
  -7.3474640e-03
  -8.6953088e-03
  -9.8969833e-03
  -1.1052800e-02
  -1.2200743e-02
  -1.2982796e-02
  -1.3600947e-02
  -1.4132528e-02
  -1.4463916e-02
  -1.4667119e-02
  -1.4689519e-02
  -1.4549537e-02
  -1.4278054e-02
  -1.3834707e-02
  -1.3473974e-02
  -1.3146330e-02
  -1.2757053e-02
  -1.2475196e-02
  -1.2274263e-02
  -1.2049911e-02
  -1.1862078e-02
  -1.1604285e-02
  -1.1168477e-02
  -1.0757590e-02
  -1.1102920e-02
  -1.1070516e-02
  -1.1039967e-02
  -1.1014525e-02
  -1.0986683e-02
  -1.0979632e-02
  -1.0974637e-02
  -1.0978614e-02
  -1.1017597e-02
  -1.1089244e-02
  -1.1206560e-02
  -1.1302901e-02
  -1.1400663e-02
  -1.1532710e-02
  -1.1627413e-02
  -1.1669054e-02
  -1.1640426e-02
  -1.1574463e-02
  -1.1491777e-02
  -1.1407110e-02
  -1.1365895e-02
  -1.1382737e-02
  -1.1450273e-02
  -1.1527142e-02
  -1.1602592e-02
  -1.1665649e-02
  -1.1672622e-02
  -1.1634284e-02
  -1.1515271e-02
  -1.1375263e-02
  -1.1170669e-02
  -1.0822990e-02
  -1.0463717e-02
  -1.0015520e-02
  -9.3362091e-03
  -8.6649259e-03
  -7.9707183e-03
  -7.1709852e-03
  -6.5479881e-03
  -5.9468061e-03
  -5.2626894e-03
  -4.7583473e-03
  -4.3356881e-03
  -3.9849428e-03
  -3.8647837e-03
  -3.8833649e-03
  -4.0690565e-03
  -4.3341749e-03
  -4.6709856e-03
  -5.1712580e-03
  -5.6495215e-03
  -6.1448337e-03
  -6.7429240e-03
  -7.2262867e-03
  -7.6706312e-03
  -8.1829184e-03
  -8.5862652e-03
  -8.9420368e-03
  -9.3035548e-03
  -9.5533938e-03
  -9.7680407e-03
  -1.0014238e-02
  -1.0212539e-02
  -1.0399954e-02
  -1.0592532e-02
  -1.0733610e-02
  -1.0851832e-02
  -1.0958507e-02
  -1.1019900e-02
  -1.1059849e-02
  -1.1091270e-02
  -1.1106364e-02
