  -1.0808914e-01
  -9.6187729e-04
   6.5355629e-02
   8.0683127e-02
   5.7457395e-02
   1.9863371e-02
  -2.9737823e-02
  -6.3786246e-02
  -1.1428976e-01
  -2.0120299e-01
  -2.8063330e-01
  -3.5328227e-01
  -4.1654262e-01
  -4.4763950e-01
  -4.6609947e-01
  -4.8052323e-01
  -4.8428399e-01
  -4.7540209e-01
  -4.4457552e-01
  -4.0717037e-01
  -3.6345223e-01
  -3.0362669e-01
  -2.4247320e-01
  -1.7822769e-01
  -1.4275579e-01
  -1.8227059e-01
  -2.9616106e-01
  -4.9718770e-01
  -6.4535402e-01
  -7.0589817e-01
  -6.4469308e-01
  -5.0329614e-01
  -3.2567847e-01
  -8.5995369e-02
   5.0249887e-02
   1.8515484e-01
   4.3644243e-01
   6.7978994e-01
   8.4021783e-01
   8.4802854e-01
   7.4993911e-01
   5.8869892e-01
   3.6917156e-01
   2.3970570e-01
   1.8602356e-01
   1.9541411e-01
   2.3031220e-01
   2.5689253e-01
   2.3755336e-01
   1.8563546e-01
   1.2064227e-01
   4.4628203e-02
   5.6616955e-03
   1.8534139e-03
   5.4393329e-02
   1.3208432e-01
   2.1049857e-01
   2.5942299e-01
   2.4922201e-01
   2.3298150e-01
   2.0289303e-01
   1.2893261e-01
   6.3306510e-02
  -5.6328755e-03
  -6.4306095e-02
  -1.3172406e-01
  -2.2283456e-01
  -2.9528763e-01
  -3.4241372e-01
  -3.4183818e-01
  -2.9429149e-01
  -2.1830982e-01
  -3.4108829e-01
  -2.7073830e-02
   3.8609639e-01
   7.6535887e-01
   9.4175804e-01
   1.0687426e+00
   1.1488041e+00
   1.0953329e+00
   8.8923275e-01
   6.0151780e-01
   4.6958789e-01
   4.1649675e-01
   3.1573769e-01
   1.5255776e-01
  -3.0438976e-02
  -2.2893512e-01
  -3.6449671e-01
  -4.8435965e-01
  -5.6621397e-01
  -4.9095389e-01
  -4.0360412e-01
  -3.5207981e-01
  -3.2742047e-01
  -2.7017647e-01
  -1.1002670e-01
   9.4362989e-02
   3.1030259e-01
   3.3627823e-01
   3.9005823e-02
  -3.8180915e-01
  -7.3365015e-01
  -5.9545171e-01
  -1.3390879e-01
   2.7943024e-01
   1.3012967e-01
  -1.7791671e-01
  -1.4437242e-01
   3.5441169e-01
   8.4384376e-01
   8.2781798e-01
   3.9241809e-01
  -8.5792430e-02
  -3.4933659e-01
  -3.3091557e-01
  -3.1783083e-01
  -4.1714606e-01
  -4.8572850e-01
  -4.4689500e-01
  -2.9639149e-01
  -1.9786043e-01
  -1.8172705e-01
  -2.5664911e-01
  -3.6072928e-01
  -4.7061229e-01
  -5.3759235e-01
  -4.7919926e-01
  -3.1925145e-01
  -6.9149293e-02
   1.5533625e-01
   4.2193770e-01
   7.1565282e-01
   7.6298267e-01
   7.2098857e-01
   5.6082618e-01
   3.4282535e-01
   1.7401969e-01
   2.6944974e-02
  -1.5215468e-02
   2.8078504e-02
   1.0978462e-02
  -1.4290152e-01
  -3.4224871e-01
  -8.1707269e-01
  -1.2792955e+00
  -1.3880080e+00
  -1.2611251e+00
  -1.1094359e+00
  -7.6894182e-01
  -3.1592461e-01
  -2.2997460e-01
  -3.2133144e-01
  -3.2684368e-01
  -2.5375304e-01
  -2.0136604e-01
  -1.2151622e-01
  -4.2986850e-02
   1.1762809e-03
   6.2300161e-02
  -4.9663359e-02
  -3.8261196e-01
  -4.2098445e-01
   1.4951527e-01
   7.0624405e-01
   5.5099368e-01
   1.9946489e-01
  -7.0780143e-02
  -2.7749243e-01
  -3.8584553e-01
  -2.8943023e-01
  -8.0300175e-02
  -1.2374269e-01
  -3.8148096e-01
  -7.2477859e-01
  -8.0774393e-01
  -6.4094615e-01
  -4.7610545e-01
  -7.1696982e-01
  -1.0050527e+00
  -5.3586990e-01
   3.8200067e-01
   7.4272043e-01
   4.0334380e-01
   1.5850463e-01
   1.2164609e-01
   1.8604215e-02
  -1.4218899e-01
  -2.4475239e-01
  -3.1575695e-01
  -3.3254998e-01
  -2.6631013e-01
  -1.4525436e-01
  -5.8381789e-02
   1.7588677e-02
   2.5511570e-02
  -5.6535662e-02
  -1.2677222e-01
  -1.7581505e-01
  -2.1564873e-01
  -1.1968008e-01
   3.2251182e-01
   6.8492410e-01
   7.5052553e-01
   6.2405616e-01
   5.0032604e-01
   4.4854337e-01
   5.2353609e-01
   7.0695302e-01
   8.5592687e-01
   6.4787185e-01
   3.7192906e-01
   1.9120876e-01
   1.3319823e-01
   1.3387181e-01
  -1.1206911e-01
   1.8498212e+00
   1.7094215e+00
   1.5658389e+00
   1.3074563e+00
   1.1394933e+00
   1.1358073e+00
   1.2495112e+00
   1.3753521e+00
   1.4924009e+00
   1.4915863e+00
   1.3692364e+00
   1.2775301e+00
   1.1973051e+00
   1.1730654e+00
   1.1901393e+00
   1.1464745e+00
   1.2752969e+00
   1.2794678e+00
   1.5793219e-02
  -1.0615668e+00
  -2.7233005e-02
   1.9190456e+00
   1.8609591e+00
   1.2538801e+00
   8.3642662e-01
   4.2646891e-01
   2.3053914e-02
   7.3732331e-02
   1.9645572e-02
  -1.5537763e-01
  -8.8262632e-02
  -7.1275994e-02
  -1.9272715e-02
   2.8944308e-01
  -4.5532778e-02
  -8.4336716e-01
  -7.7269435e-01
   9.7192556e-02
   4.0450618e-01
   1.9874240e-01
   2.5366774e-01
   3.1988522e-01
   1.8147059e-01
   1.9155930e-01
   2.6211113e-01
   4.7934629e-02
  -1.6217665e-01
  -7.5083330e-02
   1.9038388e-01
   2.9412442e-01
   3.9228797e-01
   4.8223948e-01
   3.8979292e-01
   3.1336999e-01
   2.7712595e-01
   1.4797311e-02
  -3.1199282e-01
  -2.6101226e-01
  -1.6258471e-02
   1.6555816e-02
  -9.8187756e-03
   1.8532683e-01
   5.3844845e-01
   8.6545718e-01
   1.1023244e+00
   1.3229654e+00
   1.4882389e+00
   1.5889843e+00
   1.7304168e+00
   1.8676552e+00
   1.9191766e+00
   1.9370804e+00
   2.8124545e+00
   2.8827630e+00
   2.8778596e+00
   2.7562473e+00
   2.7985682e+00
   2.7593286e+00
   2.7197075e+00
   2.8789445e+00
   2.8967519e+00
   2.8703063e+00
   2.9369987e+00
   2.8147442e+00
   2.7628624e+00
   2.7927548e+00
   2.6379604e+00
   2.7321582e+00
   2.6868531e+00
   2.4857721e+00
   2.7542253e+00
   1.9815196e+00
   4.7057632e-01
   9.5280302e-01
   1.5773298e+00
   1.5032693e+00
   1.7291542e+00
   2.0931389e+00
   1.9497145e+00
   2.0308938e+00
   2.0560641e+00
   1.8763847e+00
   1.8659379e+00
   1.7237501e+00
   1.5672880e+00
   1.6364639e+00
   1.1270844e+00
   2.8745049e-01
   1.5843005e-01
   4.7412223e-01
   5.1651740e-01
   3.7737510e-01
   4.1303457e-01
   4.0528396e-01
   3.1523797e-01
   3.2229554e-01
   3.8801986e-01
   3.9319786e-01
   2.9144644e-01
   2.5687748e-01
   4.3739676e-01
   6.6083608e-01
   7.9816490e-01
   7.7313429e-01
   6.7835692e-01
   6.4504528e-01
   5.6419683e-01
   3.5965355e-01
   1.5807575e-01
   1.5253715e-01
   3.4073194e-01
   5.9061873e-01
   7.8189182e-01
   8.6104889e-01
   1.1158241e+00
   1.4107147e+00
   1.5511879e+00
   1.8061994e+00
   2.0762935e+00
   2.2195439e+00
   2.4194593e+00
   2.5305829e+00
   2.7016966e+00
   2.8326697e+00
   3.0462127e+00
   3.1642275e+00
   3.2462332e+00
   3.4126191e+00
   3.4879775e+00
   3.5322347e+00
   3.6321447e+00
   3.6018372e+00
   3.6751690e+00
   3.6970966e+00
   3.6724362e+00
   3.7763927e+00
   3.6608927e+00
   3.7376897e+00
   3.7472568e+00
   3.6091194e+00
   3.7770910e+00
   3.5761392e+00
   3.7436092e+00
   3.5972762e+00
   1.9174197e+00
   1.3690677e+00
   1.5701181e+00
   1.6655707e+00
   1.9556782e+00
   2.0655708e+00
   2.1879354e+00
   2.4443798e+00
   2.3308682e+00
   2.4094114e+00
   2.4500208e+00
   2.3864160e+00
   2.3969054e+00
   2.0509841e+00
   1.4136071e+00
   9.9582392e-01
   1.0612442e+00
   1.1444256e+00
   9.1395009e-01
   7.5446022e-01
   7.6404047e-01
   6.6961753e-01
   6.1388683e-01
   5.7854760e-01
   5.9379607e-01
   7.0879322e-01
   7.1638978e-01
   7.0150566e-01
   7.8968531e-01
   9.2166907e-01
   1.0352865e+00
   1.0061741e+00
   8.8316536e-01
   8.3923006e-01
   7.6634985e-01
   7.5573027e-01
   7.8921795e-01
   6.4289176e-01
   7.5845897e-01
   1.0183796e+00
   1.1019109e+00
   1.2659971e+00
   1.3700340e+00
   1.6498871e+00
   1.9385287e+00
   2.1354849e+00
   2.3760138e+00
   2.2976856e+00
   2.4586108e+00
   2.5545688e+00
   2.7297831e+00
   2.8821886e+00
   3.0274837e+00
   3.1460633e+00
   3.3105736e+00
   3.5188625e+00
   3.6887736e+00
   3.8421066e+00
   3.9424400e+00
   4.0385208e+00
   4.0770559e+00
   4.1843672e+00
   4.2249084e+00
   4.2842941e+00
   4.3675613e+00
   4.3514767e+00
   4.4391809e+00
   4.3398685e+00
   4.4123650e+00
   4.3574686e+00
   4.2967772e+00
   4.3286552e+00
   3.0561237e+00
   1.9360305e+00
   2.0023985e+00
   2.2099373e+00
   1.6673236e+00
   1.3117695e+00
   1.4324045e+00
   1.6644148e+00
   1.6138160e+00
   1.7185214e+00
   1.7068967e+00
   1.7448206e+00
   1.6882744e+00
   1.5961938e+00
   1.3101614e+00
   9.3460381e-01
   1.2982149e+00
   1.4131229e+00
   1.1396569e+00
   1.2055578e+00
   1.2513676e+00
   1.0034425e+00
   8.2654548e-01
   8.5849249e-01
   8.6363888e-01
   9.5390719e-01
   1.0916167e+00
   1.2241403e+00
   1.4289675e+00
   1.4075941e+00
   1.2407579e+00
   1.1318961e+00
   1.0600542e+00
   1.0113354e+00
   9.7989547e-01
   9.9571216e-01
   1.1727879e+00
   1.0613540e+00
   9.5648688e-01
   1.2101482e+00
   1.2679071e+00
   1.4142644e+00
   1.4968412e+00
   1.7453663e+00
   2.3579018e+00
   2.3350539e+00
   1.6897154e+00
   1.9020571e+00
   2.4250824e+00
   2.6335580e+00
   2.7303655e+00
   2.8111520e+00
   3.1251595e+00
   3.2370737e+00
   3.3557785e+00
   3.5224304e+00
   3.6534963e+00
   3.8186314e+00
   3.9285712e+00
   4.0702009e+00
   4.1605306e+00
   4.3166561e+00
   4.4531698e+00
   4.5281901e+00
   4.6724229e+00
   4.6911364e+00
   4.7536297e+00
   4.7726970e+00
   4.7434907e+00
   4.8171096e+00
   4.6767359e+00
   4.8064685e+00
   4.2823119e+00
   2.2822323e+00
   2.2325015e+00
   2.7041011e+00
   1.5366222e+00
   1.2379968e+00
   1.3098706e+00
   1.5067351e+00
   1.5559452e+00
   1.6037977e+00
   1.5132847e+00
   1.5030950e+00
   1.4105746e+00
   1.3940557e+00
   1.3126278e+00
   9.8116374e-01
   1.2748297e+00
   1.6427560e+00
   1.3890417e+00
   1.2196991e+00
   1.4809805e+00
   1.1731867e+00
   9.5880765e-01
   1.1347992e+00
   1.1393517e+00
   1.2604550e+00
   1.3482388e+00
   1.5562519e+00
   2.2620156e+00
   2.1206241e+00
   1.3791243e+00
   1.1391653e+00
   1.1538380e+00
   1.1656229e+00
   1.1653600e+00
   1.0925368e+00
   1.1589943e+00
   1.2422389e+00
   1.2196609e+00
   1.3555731e+00
   1.4509817e+00
   1.4979001e+00
   1.5711151e+00
   1.9446564e+00
   2.5688415e+00
   2.7300694e+00
   2.5261369e+00
   2.8367889e+00
   3.1349807e+00
   3.0271881e+00
   2.9790595e+00
   2.9928975e+00
   3.1887918e+00
   3.2556599e+00
   3.3181000e+00
   3.3908768e+00
   3.4965716e+00
   3.5745826e+00
   3.7237489e+00
   3.8242069e+00
   3.9694400e+00
   4.1277661e+00
   4.2948689e+00
   4.4183588e+00
   4.5718746e+00
   4.6633181e+00
   4.7595339e+00
   4.8056116e+00
   4.8337454e+00
   4.8112230e+00
   4.8626842e+00
   4.8299154e+00
   4.9494433e+00
   3.9219227e+00
   2.8958050e+00
   2.9955416e+00
   1.6417536e+00
   1.3918187e+00
   1.4126724e+00
   1.4911019e+00
   1.5834194e+00
   1.5681627e+00
   1.5508274e+00
   1.4905818e+00
   1.4698348e+00
   1.4095993e+00
   1.3970900e+00
   1.2108060e+00
   1.4436642e+00
   2.0366993e+00
   1.7533687e+00
   1.1445726e+00
   1.1654439e+00
   1.2831985e+00
   1.6733443e+00
   1.8868002e+00
   1.9790391e+00
   1.8029013e+00
   1.6730061e+00
   1.7341532e+00
   2.5411222e+00
   2.3247664e+00
   1.2522265e+00
   1.1098731e+00
   1.2019089e+00
   1.2529110e+00
   1.3312626e+00
   1.2723117e+00
   1.2558368e+00
   1.3288623e+00
   1.4258835e+00
   1.4997988e+00
   1.5204624e+00
   1.5444089e+00
   1.4180416e+00
   1.9624828e+00
   2.6611072e+00
   2.9304087e+00
   3.3951478e+00
   3.4817119e+00
   3.2660155e+00
   3.0523462e+00
   3.0629574e+00
   3.1134276e+00
   3.0376716e+00
   3.0272118e+00
   3.0480871e+00
   3.0514131e+00
   3.1221584e+00
   3.1665232e+00
   3.3026490e+00
   3.4014400e+00
   3.5486443e+00
   3.7044601e+00
   3.8751927e+00
   4.0107408e+00
   4.1954160e+00
   4.3087997e+00
   4.4320779e+00
   4.5067325e+00
   4.5637655e+00
   4.5670414e+00
   4.6368208e+00
   4.6917977e+00
   4.8920684e+00
   5.0636754e+00
   4.5616040e+00
   4.4627404e+00
   2.1766877e+00
   1.4789388e+00
   1.5039363e+00
   1.4504188e+00
   1.4254677e+00
   1.4362376e+00
   1.4541625e+00
   1.4296804e+00
   1.4383032e+00
   1.4609917e+00
   1.4049541e+00
   1.2826715e+00
   1.3087549e+00
   2.2388382e+00
   1.9052777e+00
   1.0711491e+00
   1.0931722e+00
   1.8401134e+00
   3.0749557e+00
   3.2938052e+00
   3.3809190e+00
   2.3268170e+00
   1.8571524e+00
   1.7857044e+00
   2.0013905e+00
   1.8278380e+00
   1.2275704e+00
   1.2019067e+00
   1.2578693e+00
   1.3252245e+00
   1.4351540e+00
   1.5669823e+00
   1.8551167e+00
   1.7282553e+00
   1.5803503e+00
   1.5793594e+00
   1.4646207e+00
   1.4890648e+00
   1.2135860e+00
   1.7105809e+00
   2.6799702e+00
   2.8212295e+00
   3.1629374e+00
   3.1937114e+00
   2.9836786e+00
   2.8398738e+00
   2.9428319e+00
   2.9821844e+00
   2.6413589e+00
   2.5905218e+00
   2.5513391e+00
   2.5245512e+00
   2.5511792e+00
   2.5887129e+00
   2.7018151e+00
   2.8071961e+00
   2.9451697e+00
   3.0984676e+00
   3.2517416e+00
   3.4022963e+00
   3.5854359e+00
   3.7224257e+00
   3.8240967e+00
   3.9509320e+00
   4.0031090e+00
   4.0853853e+00
   4.1377077e+00
   4.2953806e+00
   4.4284024e+00
   4.8827672e+00
   5.1918197e+00
   5.1391587e+00
   2.3813548e+00
   1.4190693e+00
   1.4939620e+00
   1.4849100e+00
   1.3774378e+00
   1.3246605e+00
   1.3423052e+00
   1.3251483e+00
   1.3313905e+00
   1.3784485e+00
   1.3016942e+00
   1.2735997e+00
   1.1110015e+00
   1.9819973e+00
   1.8332038e+00
   9.8068714e-01
   1.4891407e+00
   2.6974053e+00
   3.8333380e+00
   3.9092989e+00
   3.9040270e+00
   2.3717856e+00
   1.6663048e+00
   1.4560138e+00
   1.4911906e+00
   1.5939891e+00
   1.5895294e+00
   1.4107974e+00
   1.3033719e+00
   1.4304099e+00
   1.9204955e+00
   2.2527566e+00
   3.0490098e+00
   2.3798752e+00
   1.7388344e+00
   1.5482578e+00
   1.3657708e+00
   1.3925636e+00
   1.1220285e+00
   1.4341581e+00
   2.4152985e+00
   2.5950298e+00
   2.9288042e+00
   2.8636627e+00
   2.7250824e+00
   2.6557264e+00
   2.6998887e+00
   2.6906798e+00
   2.0846555e+00
   2.0004399e+00
   1.9127493e+00
   1.8628702e+00
   1.8572189e+00
   1.8898253e+00
   1.9810179e+00
   2.0832756e+00
   2.2107608e+00
   2.3487344e+00
   2.4836175e+00
   2.6266603e+00
   2.8178904e+00
   2.9508545e+00
   3.0625396e+00
   3.1921501e+00
   3.2766936e+00
   3.3800812e+00
   3.4870420e+00
   3.6448324e+00
   3.8233311e+00
   4.2000284e+00
   4.4733601e+00
   4.5507164e+00
   2.4398794e+00
   1.3212638e+00
   1.3345859e+00
   1.6002330e+00
   1.5214777e+00
   1.3420943e+00
   1.2931880e+00
   1.2204869e+00
   1.2443566e+00
   1.1937013e+00
   1.1653652e+00
   1.1490850e+00
   1.0701771e+00
   1.6790344e+00
   1.6358531e+00
   1.0904825e+00
   2.1583319e+00
   3.2321122e+00
   3.6352041e+00
   3.5774503e+00
   3.4732943e+00
   2.0340977e+00
   1.4072852e+00
   1.2452924e+00
   1.4889673e+00
   1.6659886e+00
   1.9991341e+00
   1.5106612e+00
   1.4343607e+00
   1.8777860e+00
   3.0157857e+00
   3.3074384e+00
   3.9241834e+00
   2.9350145e+00
   1.8307183e+00
   1.4158096e+00
   1.2381791e+00
   1.2452691e+00
   1.0528723e+00
   1.1876161e+00
   1.9108378e+00
   2.2491376e+00
   2.5967844e+00
   2.5096745e+00
   2.4318738e+00
   2.3906956e+00
   2.3272550e+00
   2.2486684e+00
   1.4379153e+00
   1.3015755e+00
   1.2019312e+00
   1.1149309e+00
   1.1011229e+00
   1.1232826e+00
   1.1988165e+00
   1.2922322e+00
   1.3920989e+00
   1.5236872e+00
   1.6332972e+00
   1.7714360e+00
   1.9465898e+00
   2.0765796e+00
   2.1989348e+00
   2.3214786e+00
   2.4361472e+00
   2.5520864e+00
   2.7092905e+00
   2.8722191e+00
   3.0913320e+00
   3.4479525e+00
   3.7825205e+00
   3.9908326e+00
   2.9584730e+00
   1.4608256e+00
   1.0821037e+00
   1.6375929e+00
   1.5608758e+00
   1.4389132e+00
   1.3016515e+00
   1.1898117e+00
   1.2312602e+00
   1.0584652e+00
   1.0208277e+00
   9.4783187e-01
   1.1298095e+00
   1.7023363e+00
   1.4161118e+00
   1.5410848e+00
   2.8345966e+00
   3.1829140e+00
   3.2309041e+00
   3.2135990e+00
   3.0656586e+00
   1.7792821e+00
   1.4302210e+00
   1.5461535e+00
   1.6397148e+00
   1.5226771e+00
   2.0248942e+00
   1.4863254e+00
   1.8627690e+00
   2.7645836e+00
   4.0817676e+00
   4.0230227e+00
   3.6394930e+00
   3.0525925e+00
   1.7981303e+00
   1.2307732e+00
   1.0323931e+00
   1.0083686e+00
   8.9456254e-01
   9.3837398e-01
   1.3124626e+00
   1.7548628e+00
   2.0993726e+00
   2.0586534e+00
   2.0299935e+00
   1.9602900e+00
   1.8173521e+00
   1.6535062e+00
   6.6246319e-01
   4.9868314e-01
   3.7913064e-01
   3.0265145e-01
   2.6658183e-01
   2.7331276e-01
   3.2981616e-01
   3.9474865e-01
   4.7766200e-01
   5.6915677e-01
   6.7524614e-01
   8.0065344e-01
   9.3837826e-01
   1.0589609e+00
   1.1708638e+00
   1.2807626e+00
   1.4082363e+00
   1.5637048e+00
   1.7311442e+00
   1.9402230e+00
   2.2204861e+00
   2.5385610e+00
   2.9170747e+00
   3.2678288e+00
   3.8095700e+00
   2.3791984e+00
   7.7857852e-01
   6.5456345e-01
   7.7421904e-01
   1.1843918e+00
   1.4054010e+00
   1.2827045e+00
   1.4492420e+00
   9.0927371e-01
   7.8030235e-01
   6.8037683e-01
   1.0372081e+00
   1.5091783e+00
   1.5444124e+00
   2.4370575e+00
   3.1599481e+00
   2.8817901e+00
   2.7670393e+00
   2.6792038e+00
   2.5420183e+00
   2.1801225e+00
   1.5487249e+00
   1.4187148e+00
   1.4258413e+00
   1.0625123e+00
   1.4030091e+00
   1.8280943e+00
   3.0773782e+00
   3.7119990e+00
   3.5752703e+00
   3.2513105e+00
   2.7508442e+00
   2.2299515e+00
   1.5012954e+00
   1.0339115e+00
   7.8707464e-01
   6.9453305e-01
   6.0837080e-01
   5.8305635e-01
   6.8836808e-01
   1.2692864e+00
   1.4730257e+00
   1.5038667e+00
   1.5196718e+00
   1.3650840e+00
   1.1322413e+00
   8.9052076e-01
  -2.2058657e-01
  -3.4127110e-01
  -4.3651742e-01
  -5.3791451e-01
  -5.8959150e-01
  -6.0732293e-01
  -5.7828104e-01
  -5.4399484e-01
  -5.0275064e-01
  -4.3330997e-01
  -3.6150718e-01
  -2.8524283e-01
  -1.6765586e-01
  -6.6609874e-02
   2.4296204e-02
   1.4882191e-01
   2.6925004e-01
   4.1250333e-01
   6.3807154e-01
   8.7193704e-01
   1.1507143e+00
   1.5277746e+00
   1.9016230e+00
   2.2981460e+00
   3.1472108e+00
   3.3298965e+00
   2.0872214e+00
   1.2243044e+00
   7.1461415e-01
   2.5856680e-01
   5.3604567e-01
   2.1920897e-01
   1.9941872e-01
   6.5972131e-01
   6.8697864e-01
   4.0934110e-01
   7.1894068e-01
   1.0182104e+00
   1.8751717e+00
   2.7410245e+00
   2.6611495e+00
   2.3924861e+00
   2.1882200e+00
   2.0130787e+00
   1.8585824e+00
   2.3883345e+00
   1.8796551e+00
   1.7903907e+00
   1.8132998e+00
   1.6971648e+00
   1.8268234e+00
   2.6940210e+00
   3.3718882e+00
   2.9872394e+00
   2.7013404e+00
   2.3953626e+00
   1.8044484e+00
   1.3370204e+00
   1.1564916e+00
   6.9073457e-01
   3.6934319e-01
   2.5390860e-01
   1.9059446e-01
   8.0972746e-02
  -6.4105913e-02
   7.1713269e-01
   8.1497335e-01
   8.0907738e-01
   7.5537044e-01
   5.2090389e-01
   2.6542211e-01
   1.1149403e-02
  -8.7557578e-01
  -9.8853928e-01
  -1.0756838e+00
  -1.1795963e+00
  -1.2469226e+00
  -1.2812313e+00
  -1.2693315e+00
  -1.2569711e+00
  -1.2386996e+00
  -1.1912607e+00
  -1.1478746e+00
  -1.1038394e+00
  -1.0244952e+00
  -9.3995130e-01
  -8.4926385e-01
  -7.1538568e-01
  -5.8134454e-01
  -4.2914981e-01
  -1.9980255e-01
   3.7574992e-02
   3.0565488e-01
   6.7198151e-01
   1.0421289e+00
   1.4699172e+00
   2.2629149e+00
   3.0707893e+00
   3.4096000e+00
   3.1492770e+00
   2.5061603e+00
   1.2547984e+00
   2.1314065e-01
   3.9139917e-01
  -7.9377607e-02
  -3.7118328e-01
   2.9957473e-02
   4.3355221e-01
   5.2389032e-01
   1.2039024e+00
   1.9099966e+00
   2.2680819e+00
   2.0563185e+00
   1.7909303e+00
   1.5054162e+00
   1.2918975e+00
   1.0755323e+00
   1.4047850e+00
   1.6800525e+00
   1.9660586e+00
   2.1960435e+00
   2.3241587e+00
   2.4675062e+00
   2.7099719e+00
   2.6179249e+00
   2.1500802e+00
   1.8385124e+00
   1.5436772e+00
   9.7797132e-01
   6.3227928e-01
   7.7228808e-01
   1.7366904e-01
  -1.2957290e-01
  -1.3224508e-01
  -1.5074039e-01
  -1.0184033e-01
  -1.9679031e-01
   5.0488025e-02
   9.8784506e-02
   1.3189736e-01
   6.6562451e-02
  -1.6810049e-01
  -4.1190803e-01
  -6.5391558e-01
  -1.4720467e+00
  -1.5851444e+00
  -1.6700419e+00
  -1.7735987e+00
  -1.8495123e+00
  -1.8951659e+00
  -1.9033573e+00
  -1.9093359e+00
  -1.9087025e+00
  -1.8851246e+00
  -1.8688178e+00
  -1.8530390e+00
  -1.8038979e+00
  -1.7266309e+00
  -1.6257292e+00
  -1.4705601e+00
  -1.3215666e+00
  -1.1635460e+00
  -9.4012278e-01
  -7.1729004e-01
  -4.7700578e-01
  -1.4508256e-01
   2.0173222e-01
   6.2178051e-01
   1.3350264e+00
   2.3504355e+00
   3.5103769e+00
   3.7753537e+00
   3.2982922e+00
   2.1002440e+00
   5.1715362e-01
   2.0111883e-01
  -5.1270176e-02
  -9.6300888e-01
  -9.9885708e-01
   2.1203205e-02
   5.1946747e-01
   1.2411757e+00
   1.5782852e+00
   1.6029614e+00
   1.3704565e+00
   1.1055850e+00
   7.6075625e-01
   5.1534557e-01
   2.6152229e-01
   3.1976709e-01
   8.7622470e-01
   1.3214513e+00
   1.6691258e+00
   1.9212902e+00
   2.0827384e+00
   2.0195117e+00
   1.6416949e+00
   1.2501708e+00
   9.4555473e-01
   6.5817821e-01
   1.5477449e-01
  -1.2203246e-02
   3.6890954e-01
  -3.2703382e-01
  -6.6912985e-01
  -4.8469996e-01
  -4.0994546e-01
  -2.5685221e-01
  -2.8788644e-01
  -4.4171652e-01
  -4.9193296e-01
  -4.9167573e-01
  -5.7876557e-01
  -8.0957019e-01
  -1.0376505e+00
  -1.2622390e+00
  -2.0204332e+00
  -2.1376691e+00
  -2.2243370e+00
  -2.3269909e+00
  -2.4046206e+00
  -2.4571638e+00
  -2.4887157e+00
  -2.5100346e+00
  -2.5233688e+00
  -2.5248145e+00
  -2.5342174e+00
  -2.5438718e+00
  -2.5148718e+00
  -2.4363007e+00
  -2.3176027e+00
  -2.1299181e+00
  -1.9670641e+00
  -1.8083268e+00
  -1.5946089e+00
  -1.4009304e+00
  -1.2029759e+00
  -9.2021318e-01
  -6.1473908e-01
  -2.3759503e-01
   4.1042512e-01
   1.3294840e+00
   2.4564282e+00
   3.0321474e+00
   2.9515935e+00
   2.5982466e+00
   1.3518286e+00
  -4.4445191e-01
   1.7213907e-01
  -1.0515054e+00
  -2.2983005e+00
  -8.2050953e-01
   6.8293071e-01
   1.0727869e+00
   9.3788290e-01
   8.4784203e-01
   6.3547458e-01
   3.6910461e-01
  -1.3692632e-02
  -2.8878634e-01
  -5.5186407e-01
  -7.1955775e-01
  -4.2598673e-01
  -6.1132352e-02
   2.9874369e-01
   5.5891067e-01
   7.2062982e-01
   7.6221861e-01
   5.8090142e-01
   3.2429582e-01
   4.5345619e-02
  -2.3757190e-01
  -6.5636909e-01
  -6.0194365e-01
  -3.8726694e-02
  -7.8319373e-01
  -1.2257747e+00
  -8.0186890e-01
  -5.9266208e-01
  -4.1244273e-01
  -3.9698708e-01
  -7.4635776e-01
  -9.4417831e-01
  -1.0509310e+00
  -1.1743280e+00
  -1.4051935e+00
  -1.6174101e+00
  -1.8225377e+00
  -2.8296556e+00
  -2.9524653e+00
  -3.0442472e+00
  -3.1451204e+00
  -3.2240551e+00
  -3.2824025e+00
  -3.3354294e+00
  -3.3678961e+00
  -3.3942823e+00
  -3.4346306e+00
  -3.4739039e+00
  -3.5047407e+00
  -3.4659982e+00
  -3.3544269e+00
  -3.1969361e+00
  -2.9892325e+00
  -2.8321240e+00
  -2.6826990e+00
  -2.4968305e+00
  -2.3608670e+00
  -2.2461774e+00
  -2.1014507e+00
  -1.9292941e+00
  -1.6944429e+00
  -1.1901997e+00
  -4.4054940e-01
   4.3521339e-01
   1.0179335e+00
   1.3694503e+00
   1.6139631e+00
   2.0806386e+00
   7.2482920e-01
  -7.3852712e-01
  -8.5364413e-01
  -1.6178107e+00
  -1.5471413e+00
  -4.3429336e-01
  -3.0573882e-02
  -1.3448831e+00
  -8.1652564e-01
  -5.6419712e-01
  -7.8118587e-01
  -1.2163383e+00
  -1.5412314e+00
  -1.8339047e+00
  -2.1271589e+00
  -2.1338711e+00
  -1.9387207e+00
  -1.6643094e+00
  -1.4715383e+00
  -1.3117924e+00
  -1.0915718e+00
  -1.0225288e+00
  -1.1394137e+00
  -1.3914372e+00
  -1.6862385e+00
  -1.9173853e+00
  -1.3380094e+00
  -6.0622919e-01
  -1.2617565e+00
  -1.4647419e+00
  -1.1151650e+00
  -8.4725600e-01
  -6.8043321e-01
  -7.5411081e-01
  -1.5828118e+00
  -1.8481739e+00
  -1.9179060e+00
  -2.0617239e+00
  -2.2836895e+00
  -2.4629710e+00
  -2.6417251e+00
  -3.2685091e+00
  -3.3856455e+00
  -3.4788628e+00
  -3.5844212e+00
  -3.6649149e+00
  -3.7291422e+00
  -3.7836154e+00
  -3.8130927e+00
  -3.8432913e+00
  -3.9012833e+00
  -3.9498000e+00
  -3.9788237e+00
  -3.9261081e+00
  -3.7993460e+00
  -3.6345809e+00
  -3.4265902e+00
  -3.2675618e+00
  -3.1260686e+00
  -2.9907694e+00
  -2.9165923e+00
  -2.8727474e+00
  -2.8264318e+00
  -2.7363881e+00
  -2.5783520e+00
  -2.1610305e+00
  -1.5581350e+00
  -8.3181071e-01
  -5.9109378e-01
   1.1582877e-01
   8.4282386e-01
   1.6693912e+00
   1.3493434e+00
  -3.3152011e-01
  -4.5488477e-01
  -1.0532515e+00
  -1.9876397e+00
  -1.0675932e+00
  -9.3371626e-02
  -1.0708829e+00
  -1.5618151e+00
  -1.1734713e+00
  -1.4730240e+00
  -1.9225228e+00
  -2.2554803e+00
  -2.5558279e+00
  -2.8807702e+00
  -2.9881963e+00
  -2.8857503e+00
  -2.6973498e+00
  -2.6227953e+00
  -2.5536523e+00
  -2.3128672e+00
  -2.1325760e+00
  -2.1500311e+00
  -2.3339143e+00
  -2.5348579e+00
  -2.6473267e+00
  -1.7929143e+00
  -8.4471073e-01
  -1.4233929e+00
  -1.5534743e+00
  -1.1440443e+00
  -9.5793664e-01
  -7.3228264e-01
  -1.0459682e+00
  -1.8837887e+00
  -2.2595994e+00
  -2.3787417e+00
  -2.5587869e+00
  -2.7769713e+00
  -2.9335605e+00
  -3.0915942e+00
  -3.6407325e+00
  -3.7529747e+00
  -3.8470564e+00
  -3.9534438e+00
  -4.0324483e+00
  -4.0972219e+00
  -4.1488705e+00
  -4.1769977e+00
  -4.2118254e+00
  -4.2795277e+00
  -4.3302832e+00
  -4.3536634e+00
  -4.2890983e+00
  -4.1558061e+00
  -3.9929619e+00
  -3.7919750e+00
  -3.6390181e+00
  -3.5172739e+00
  -3.4417179e+00
  -3.4313183e+00
  -3.4542859e+00
  -3.4892969e+00
  -3.4629295e+00
  -3.3644533e+00
  -3.0327928e+00
  -2.5397990e+00
  -1.8809358e+00
  -2.0626135e+00
  -1.1698122e+00
  -2.8519899e-02
   1.2477285e+00
   1.8214930e+00
   2.8567883e-01
  -2.3572357e-01
  -6.5410304e-01
  -2.2031963e+00
  -1.7653295e+00
  -2.3653644e-01
  -8.0769515e-01
  -1.8940076e+00
  -1.7499990e+00
  -2.0839996e+00
  -2.5340416e+00
  -2.8537717e+00
  -3.1353562e+00
  -3.4853981e+00
  -3.7579355e+00
  -3.8113410e+00
  -3.6718032e+00
  -3.6939199e+00
  -3.7340574e+00
  -3.4724102e+00
  -3.1579642e+00
  -3.0475314e+00
  -3.1588185e+00
  -3.2499409e+00
  -3.2255065e+00
  -2.1348817e+00
  -9.8320997e-01
  -1.3681370e+00
  -1.5530506e+00
  -1.1295886e+00
  -1.0233499e+00
  -8.3280420e-01
  -1.4570320e+00
  -2.2378519e+00
  -2.6384141e+00
  -2.7901502e+00
  -2.9946465e+00
  -3.2045953e+00
  -3.3412001e+00
  -3.4781630e+00
  -4.0316643e+00
  -4.1385505e+00
  -4.2326185e+00
  -4.3316473e+00
  -4.4017273e+00
  -4.4554544e+00
  -4.4935336e+00
  -4.5233435e+00
  -4.5666910e+00
  -4.6308408e+00
  -4.6692827e+00
  -4.6759945e+00
  -4.5989895e+00
  -4.4754629e+00
  -4.3358142e+00
  -4.1611500e+00
  -4.0347182e+00
  -3.9677942e+00
  -3.9990861e+00
  -4.0854282e+00
  -4.1961668e+00
  -4.3109819e+00
  -4.3358674e+00
  -4.2853124e+00
  -4.0748541e+00
  -3.6591519e+00
  -2.9159810e+00
  -3.8875604e+00
  -3.1019759e+00
  -1.5122966e+00
   6.1421325e-01
   2.1667755e+00
   1.6456933e+00
  -3.1711684e-01
  -4.4345513e-01
  -2.0159366e+00
  -2.9183988e+00
  -6.2217060e-01
  -4.5070597e-01
  -1.4579470e+00
  -2.5118923e+00
  -2.7889584e+00
  -3.2091479e+00
  -3.4624695e+00
  -3.6582098e+00
  -4.0299625e+00
  -4.6844564e+00
  -5.1036394e+00
  -4.9523752e+00
  -5.0666090e+00
  -5.3063995e+00
  -5.0138932e+00
  -4.4543973e+00
  -4.0956666e+00
  -4.0919746e+00
  -3.9886861e+00
  -3.7256177e+00
  -2.3792288e+00
  -9.6177269e-01
  -8.0671819e-01
  -1.3545408e+00
  -1.0124733e+00
  -1.0175631e+00
  -1.0863562e+00
  -2.3166876e+00
  -2.8682283e+00
  -3.1144003e+00
  -3.2759902e+00
  -3.4897458e+00
  -3.6778834e+00
  -3.7915691e+00
  -3.8972522e+00
  -4.1955564e+00
  -4.2772417e+00
  -4.3468373e+00
  -4.4245103e+00
  -4.4819617e+00
  -4.5189460e+00
  -4.5448311e+00
  -4.5686917e+00
  -4.5896709e+00
  -4.6098888e+00
  -4.6285534e+00
  -4.6316889e+00
  -4.5876310e+00
  -4.5245690e+00
  -4.4564526e+00
  -4.3832729e+00
  -4.3630381e+00
  -4.4083894e+00
  -4.5578220e+00
  -4.7209401e+00
  -4.8847926e+00
  -5.0440448e+00
  -5.0918913e+00
  -5.0361689e+00
  -4.7437170e+00
  -4.0866318e+00
  -2.9807774e+00
  -3.5021357e+00
  -3.5904846e+00
  -3.0079903e+00
  -4.9232173e-01
   1.3192821e+00
   1.6000048e+00
   6.0185585e-02
  -5.8520842e-01
  -1.5762545e+00
  -4.3574608e+00
  -1.7567718e+00
  -5.1254538e-01
  -1.4927771e+00
  -2.7492104e+00
  -3.1158416e+00
  -3.4837196e+00
  -3.6174572e+00
  -3.6697418e+00
  -3.9914820e+00
  -3.9575717e+00
  -3.1924107e+00
  -3.0913631e+00
  -3.2893250e+00
  -3.5861146e+00
  -3.9000552e+00
  -5.0069342e+00
  -4.8224466e+00
  -4.5410021e+00
  -4.3441076e+00
  -3.8824758e+00
  -2.5479225e+00
  -1.0808473e+00
  -3.6730757e-01
  -7.8220438e-01
  -8.8212943e-01
  -9.5161771e-01
  -1.0993803e+00
  -2.4305754e+00
  -3.1839089e+00
  -3.4091992e+00
  -3.5818467e+00
  -3.7751412e+00
  -3.9170749e+00
  -4.0075340e+00
  -4.0912683e+00
  -4.1932087e+00
  -4.2513423e+00
  -4.2995319e+00
  -4.3569808e+00
  -4.4016518e+00
  -4.4258146e+00
  -4.4344396e+00
  -4.4370794e+00
  -4.4286279e+00
  -4.4160008e+00
  -4.4293599e+00
  -4.4501814e+00
  -4.4681529e+00
  -4.4794206e+00
  -4.4946880e+00
  -4.5382389e+00
  -4.6194705e+00
  -4.7517156e+00
  -4.9713706e+00
  -5.1683630e+00
  -5.3466538e+00
  -5.5020087e+00
  -5.5311969e+00
  -5.4341615e+00
  -5.0505737e+00
  -4.2891984e+00
  -3.0336868e+00
  -3.0923988e+00
  -3.3115679e+00
  -3.2006861e+00
  -8.1510886e-01
   9.4215155e-01
   1.3110026e+00
   8.7062140e-02
  -6.2726144e-01
  -1.2637405e+00
  -4.1466822e+00
  -2.5689141e+00
  -9.4868678e-01
  -1.7334701e+00
  -2.8144139e+00
  -3.1905969e+00
  -3.5146773e+00
  -3.5666187e+00
  -3.5194133e+00
  -3.7089773e+00
  -3.2875977e+00
  -2.2143349e+00
  -2.1585171e+00
  -2.2894919e+00
  -2.5983183e+00
  -3.1129037e+00
  -4.7105569e+00
  -5.1471642e+00
  -4.6985325e+00
  -4.4524044e+00
  -3.9029782e+00
  -2.6139161e+00
  -1.2029900e+00
  -1.8300047e-01
  -5.0457436e-01
  -8.0518957e-01
  -9.1184230e-01
  -1.1793694e+00
  -2.5461079e+00
  -3.3633819e+00
  -3.5536328e+00
  -3.7151976e+00
  -3.8755210e+00
  -3.9777408e+00
  -4.0458636e+00
  -4.1129422e+00
  -4.0844414e+00
  -4.1067450e+00
  -4.1233623e+00
  -4.1498643e+00
  -4.1744316e+00
  -4.1810030e+00
  -4.1594021e+00
  -4.1191658e+00
  -4.0601781e+00
  -4.0031383e+00
  -4.0173407e+00
  -4.0792929e+00
  -4.2127585e+00
  -4.3491553e+00
  -4.5024543e+00
  -4.7383876e+00
  -4.9754741e+00
  -5.2277088e+00
  -5.5270056e+00
  -5.7499049e+00
  -5.9263496e+00
  -6.0450480e+00
  -6.0187130e+00
  -5.8341548e+00
  -5.3021104e+00
  -4.4641338e+00
  -3.1090033e+00
  -2.4355781e+00
  -2.3897644e+00
  -2.6786199e+00
  -8.2496509e-01
   6.4910329e-01
   7.0474540e-01
  -9.2395931e-02
  -6.3006731e-01
  -8.5488814e-01
  -2.7737011e+00
  -3.6364850e+00
  -1.8681024e+00
  -2.2404235e+00
  -2.8076833e+00
  -3.1482370e+00
  -3.4091337e+00
  -3.3569111e+00
  -3.1817463e+00
  -3.1124438e+00
  -2.2747186e+00
  -1.2730653e+00
  -1.2849022e+00
  -1.2157269e+00
  -1.5149737e+00
  -2.0871303e+00
  -3.7099013e+00
  -5.4013383e+00
  -4.7608703e+00
  -4.4657181e+00
  -3.8488750e+00
  -2.6523048e+00
  -1.3961464e+00
  -5.5736804e-02
  -2.5624828e-01
  -7.1850025e-01
  -8.6611760e-01
  -1.3469278e+00
  -2.7280158e+00
  -3.5582422e+00
  -3.6846902e+00
  -3.8149056e+00
  -3.9157047e+00
  -3.9598538e+00
  -3.9935694e+00
  -4.0379224e+00
  -3.6554761e+00
  -3.6437335e+00
  -3.6177673e+00
  -3.5787270e+00
  -3.5393777e+00
  -3.4815369e+00
  -3.3715067e+00
  -3.2504698e+00
  -3.1230323e+00
  -3.0392485e+00
  -3.1029254e+00
  -3.3030910e+00
  -3.6818364e+00
  -4.0469232e+00
  -4.4333954e+00
  -4.9346209e+00
  -5.3507856e+00
  -5.7241650e+00
  -6.0810695e+00
  -6.2914827e+00
  -6.4060373e+00
  -6.3892832e+00
  -6.2187307e+00
  -5.8842912e+00
  -5.1842279e+00
  -4.3144803e+00
  -3.1857779e+00
  -2.2500336e+00
  -1.9618112e+00
  -2.1595764e+00
  -5.1228058e-01
   8.4344341e-01
   6.0210085e-01
  -1.5331255e-01
  -6.1898129e-01
  -4.8679394e-01
  -1.3595853e+00
  -3.6252799e+00
  -3.4727120e+00
  -2.9187181e+00
  -2.7908844e+00
  -2.9323993e+00
  -3.0484812e+00
  -2.8823315e+00
  -2.5602424e+00
  -2.0469460e+00
  -9.4532586e-01
  -5.4013914e-01
  -1.1016431e+00
  -1.0889451e+00
  -1.1260991e+00
  -1.7150936e+00
  -2.3843402e+00
  -4.0279799e+00
  -4.8781180e+00
  -4.1766014e+00
  -3.6202569e+00
  -2.5316894e+00
  -1.4075768e+00
   1.4697373e-01
   4.3388546e-02
  -6.6127644e-01
  -1.1880424e+00
  -2.2829368e+00
  -3.2492770e+00
  -3.6026714e+00
  -3.6107597e+00
  -3.6492753e+00
  -3.6568644e+00
  -3.6317058e+00
  -3.6280303e+00
  -3.6426473e+00
  -3.3166640e+00
  -3.2884986e+00
  -3.2399507e+00
  -3.1560142e+00
  -3.0661797e+00
  -2.9564342e+00
  -2.7866173e+00
  -2.6233956e+00
  -2.4742761e+00
  -2.4074733e+00
  -2.5261227e+00
  -2.8148241e+00
  -3.3225985e+00
  -3.8018858e+00
  -4.2966328e+00
  -4.9045773e+00
  -5.3874672e+00
  -5.8094234e+00
  -6.2018576e+00
  -6.4244460e+00
  -6.5321956e+00
  -6.4750314e+00
  -6.2464479e+00
  -5.8419394e+00
  -5.0592375e+00
  -4.1601942e+00
  -3.1165056e+00
  -2.1634805e+00
  -1.8094498e+00
  -1.8491731e+00
  -1.2833120e-01
   1.3091585e+00
   8.1923974e-01
  -7.8046538e-02
  -5.5959359e-01
  -4.3996873e-01
  -8.9556605e-01
  -2.9797003e+00
  -3.6841731e+00
  -2.9516277e+00
  -2.6911511e+00
  -2.7861490e+00
  -2.8390951e+00
  -2.6101388e+00
  -2.2064257e+00
  -1.4793974e+00
  -1.9755727e-01
   2.2953758e-01
  -7.1226478e-01
  -8.8368284e-01
  -9.1588068e-01
  -1.4111757e+00
  -1.8376511e+00
  -3.0998821e+00
  -4.4585910e+00
  -4.0050528e+00
  -3.4035869e+00
  -2.4405198e+00
  -1.4272766e+00
   9.1380537e-02
   1.6946024e-01
  -6.2876365e-01
  -1.4295472e+00
  -2.7761176e+00
  -3.3366148e+00
  -3.5278754e+00
  -3.4580719e+00
  -3.4410185e+00
  -3.3995326e+00
  -3.3430421e+00
  -3.3238146e+00
  -3.3223865e+00
  -2.7833618e+00
  -2.7353718e+00
  -2.6576432e+00
  -2.5069937e+00
  -2.3376919e+00
  -2.1456556e+00
  -1.8875222e+00
  -1.6703550e+00
  -1.5057496e+00
  -1.4876134e+00
  -1.7019415e+00
  -2.1181251e+00
  -2.7917480e+00
  -3.4125454e+00
  -4.0340303e+00
  -4.7507626e+00
  -5.2956623e+00
  -5.7669611e+00
  -6.2095808e+00
  -6.4640164e+00
  -6.5852822e+00
  -6.5028397e+00
  -6.2150803e+00
  -5.7280969e+00
  -4.8441439e+00
  -3.8965671e+00
  -2.9326767e+00
  -2.0617831e+00
  -1.6765085e+00
  -1.4179024e+00
   5.5488034e-01
   2.2219587e+00
   1.3327084e+00
   1.1145634e-01
  -4.3696575e-01
  -5.0668540e-01
  -5.4106493e-01
  -1.5969590e+00
  -3.4091168e+00
  -2.7139432e+00
  -2.4843874e+00
  -2.5698941e+00
  -2.5529635e+00
  -2.2407918e+00
  -1.7284180e+00
  -7.4381135e-01
   8.0545895e-01
   1.5508746e+00
   4.1469569e-02
  -5.0006981e-01
  -6.4079199e-01
  -9.2700075e-01
  -1.2651623e+00
  -1.7291962e+00
  -3.5033991e+00
  -3.7677313e+00
  -3.0417582e+00
  -2.2993739e+00
  -1.4644285e+00
  -1.2030704e-01
   3.0423268e-01
  -5.8488978e-01
  -1.8023368e+00
  -3.4107133e+00
  -3.2873409e+00
  -3.3468802e+00
  -3.1634499e+00
  -3.0686334e+00
  -2.9640333e+00
  -2.8717030e+00
  -2.8360433e+00
  -2.8136460e+00
  -2.0462573e+00
  -1.9809554e+00
  -1.8811611e+00
  -1.6993153e+00
  -1.5127366e+00
  -1.3207434e+00
  -1.0960021e+00
  -9.4382179e-01
  -8.7852329e-01
  -9.7875977e-01
  -1.2545877e+00
  -1.6945665e+00
  -2.3665717e+00
  -2.9715433e+00
  -3.5652571e+00
  -4.2105060e+00
  -4.6588612e+00
  -5.0241771e+00
  -5.3617592e+00
  -5.5673823e+00
  -5.6751585e+00
  -5.6130037e+00
  -5.3546081e+00
  -4.8986874e+00
  -4.0618358e+00
  -3.1689014e+00
  -2.2725506e+00
  -1.4605480e+00
  -1.0391669e+00
  -6.2169069e-01
   1.3355467e+00
   3.0565462e+00
   1.5691438e+00
   3.9489049e-01
  -9.6026152e-02
  -5.2423161e-01
  -3.8120157e-01
  -9.1227794e-01
  -2.0105629e+00
  -2.3927596e+00
  -2.3131795e+00
  -2.3962197e+00
  -2.2916412e+00
  -1.9397888e+00
  -1.3643100e+00
  -3.3002901e-01
   8.2072651e-01
   1.5505403e+00
   9.4167191e-01
   9.2102349e-01
   1.4700732e-01
  -5.9531313e-01
  -9.2942524e-01
  -1.0994042e+00
  -2.0399611e+00
  -2.8691623e+00
  -2.6074758e+00
  -2.0278225e+00
  -1.4213204e+00
  -4.9974257e-01
   1.7539461e-01
  -5.3187448e-01
  -1.5511582e+00
  -3.0601034e+00
  -2.9535050e+00
  -2.9349396e+00
  -2.6611381e+00
  -2.4830060e+00
  -2.3245757e+00
  -2.2011092e+00
  -2.1477928e+00
  -2.1050491e+00
  -1.7862929e+00
  -1.7239028e+00
  -1.6335633e+00
  -1.4793621e+00
  -1.3305039e+00
  -1.1861574e+00
  -1.0341939e+00
  -9.5419276e-01
  -9.5785379e-01
  -1.1067345e+00
  -1.3805946e+00
  -1.7875444e+00
  -2.4012538e+00
  -2.9500818e+00
  -3.4818847e+00
  -4.0424478e+00
  -4.4088864e+00
  -4.6854890e+00
  -4.9142325e+00
  -5.0351648e+00
  -5.0688108e+00
  -4.9401420e+00
  -4.6556764e+00
  -4.2056153e+00
  -3.4243748e+00
  -2.6125202e+00
  -1.7967340e+00
  -1.0283512e+00
  -5.8019799e-01
  -1.0384702e-01
   1.6108879e+00
   2.9349709e+00
   1.5022100e+00
   5.2029351e-01
   9.4506957e-02
  -5.1962152e-01
  -4.5026380e-01
  -8.0118257e-01
  -1.5101226e+00
  -1.9989370e+00
  -1.9648752e+00
  -2.2551001e+00
  -2.1311907e+00
  -1.7729480e+00
  -1.1856403e+00
  -1.7335690e-01
   7.6321435e-01
   1.3736430e+00
   1.0932949e+00
   1.2320217e+00
   4.1482523e-01
  -2.8696104e-01
  -7.1647227e-01
  -8.9221060e-01
  -1.4210789e+00
  -2.2893634e+00
  -2.2990073e+00
  -1.8596146e+00
  -1.4262292e+00
  -8.0070417e-01
  -2.1577413e-01
  -7.0585060e-01
  -1.5178601e+00
  -2.8482732e+00
  -2.7757862e+00
  -2.7222611e+00
  -2.4151749e+00
  -2.2150824e+00
  -2.0547749e+00
  -1.9392713e+00
  -1.8894727e+00
  -1.8468766e+00
  -1.5891667e+00
  -1.5490089e+00
  -1.5041122e+00
  -1.4566884e+00
  -1.4337216e+00
  -1.4312683e+00
  -1.4699427e+00
  -1.5540534e+00
  -1.6853583e+00
  -1.8864377e+00
  -2.1062751e+00
  -2.3962040e+00
  -2.8375314e+00
  -3.2315138e+00
  -3.6006484e+00
  -3.9649339e+00
  -4.1629693e+00
  -4.2583131e+00
  -4.2451106e+00
  -4.1519947e+00
  -3.9753891e+00
  -3.6327003e+00
  -3.2475867e+00
  -2.7906516e+00
  -2.1381783e+00
  -1.5250479e+00
  -8.9635238e-01
  -2.1178239e-01
   2.8784229e-01
   8.1515200e-01
   1.8197040e+00
   1.9192410e+00
   1.1176715e+00
   6.7187477e-01
   3.9506113e-01
  -4.9214852e-01
  -7.8117700e-01
  -1.0064477e+00
  -1.1146749e+00
  -1.0773607e+00
  -1.0614373e+00
  -1.9707476e+00
  -1.8578952e+00
  -1.5116934e+00
  -9.3856898e-01
  -3.0711790e-02
   5.7994332e-01
   8.4697059e-01
   8.3997176e-01
   1.0455164e+00
   5.9564491e-01
   3.7179314e-01
  -3.4506115e-01
  -7.6823702e-01
  -7.2363300e-01
  -1.2659749e+00
  -1.7202519e+00
  -1.5712221e+00
  -1.4746111e+00
  -1.4000518e+00
  -1.2800766e+00
  -1.2656023e+00
  -1.6153786e+00
  -2.4918533e+00
  -2.5078419e+00
  -2.4113452e+00
  -2.0758825e+00
  -1.8756223e+00
  -1.7518787e+00
  -1.6844786e+00
  -1.6589863e+00
  -1.6327624e+00
  -2.5218387e+00
  -2.5609317e+00
  -2.6096957e+00
  -2.6909213e+00
  -2.7736382e+00
  -2.8705335e+00
  -3.0156474e+00
  -3.1645694e+00
  -3.3279459e+00
  -3.5257742e+00
  -3.6993845e+00
  -3.8973751e+00
  -4.1775947e+00
  -4.4136558e+00
  -4.6181016e+00
  -4.7888002e+00
  -4.8413668e+00
  -4.8047214e+00
  -4.6502318e+00
  -4.4413595e+00
  -4.1386304e+00
  -3.6231933e+00
  -3.0825243e+00
  -2.4705403e+00
  -1.6471803e+00
  -9.1307753e-01
  -1.7807315e-01
   6.3510883e-01
   1.2384819e+00
   1.8144224e+00
   2.4463897e+00
   1.9107451e+00
   1.0292045e+00
   6.7768645e-01
   4.0553674e-01
  -5.0871938e-01
  -9.8453718e-01
  -1.3107772e+00
  -1.3535193e+00
  -3.1951281e-01
  -4.6005437e-01
  -1.4811255e+00
  -1.4775732e+00
  -1.2671900e+00
  -7.6969832e-01
   3.5682864e-02
   5.1214731e-01
   6.7580128e-01
   6.7877448e-01
   6.7774248e-01
   2.9622430e-01
   2.6937655e-01
   2.1695462e-01
  -6.0322618e-01
  -3.7032431e-01
  -9.9831295e-01
  -1.4755728e+00
  -1.2927177e+00
  -1.4748325e+00
  -1.6703019e+00
  -1.9789982e+00
  -2.2177722e+00
  -2.4424901e+00
  -2.5493906e+00
  -2.6038499e+00
  -2.5517869e+00
  -2.3681509e+00
  -2.3124118e+00
  -2.3237438e+00
  -2.3840120e+00
  -2.4358640e+00
  -2.4786115e+00
  -3.1625409e+00
  -3.2424190e+00
  -3.3359609e+00
  -3.4746022e+00
  -3.6029675e+00
  -3.7416904e+00
  -3.9299190e+00
  -4.1046209e+00
  -4.2826271e+00
  -4.4853559e+00
  -4.6454463e+00
  -4.8083491e+00
  -5.0192652e+00
  -5.1833363e+00
  -5.3095641e+00
  -5.3820024e+00
  -5.3568168e+00
  -5.2478580e+00
  -5.0141072e+00
  -4.7388625e+00
  -4.3638244e+00
  -3.7518604e+00
  -3.1237431e+00
  -2.4181361e+00
  -1.4719803e+00
  -6.2634248e-01
   2.2638823e-01
   1.1719810e+00
   1.8501076e+00
   2.4458413e+00
   2.8844612e+00
   2.0735226e+00
   1.0106150e+00
   6.8374419e-01
   4.1027510e-01
  -5.3285593e-01
  -1.0613691e+00
  -1.4054306e+00
  -1.3747175e+00
   1.2933400e-01
  -1.4877138e-01
  -1.1568284e+00
  -1.2316036e+00
  -1.1246669e+00
  -6.9450474e-01
   5.0615765e-02
   4.6916589e-01
   5.8846754e-01
   5.8564764e-01
   4.8320976e-01
   1.5803260e-01
   2.6031700e-01
   5.5933917e-01
  -3.6805522e-01
  -2.2594826e-01
  -8.1948096e-01
  -1.2961459e+00
  -1.1223949e+00
  -1.4657552e+00
  -1.7995973e+00
  -2.3045864e+00
  -2.6578982e+00
  -2.8323963e+00
  -2.6384463e+00
  -2.7288568e+00
  -2.7233613e+00
  -2.6506746e+00
  -2.6855915e+00
  -2.7724934e+00
  -2.9001336e+00
  -2.9931214e+00
  -3.0728564e+00
  -4.6601977e+00
  -4.7817440e+00
  -4.9030824e+00
  -5.0542723e+00
  -5.1834355e+00
  -5.3161116e+00
  -5.4872144e+00
  -5.6485267e+00
  -5.8316482e+00
  -6.0738673e+00
  -6.2740080e+00
  -6.4651960e+00
  -6.6766790e+00
  -6.8158862e+00
  -6.8964725e+00
  -6.8756836e+00
  -6.7559007e+00
  -6.5500409e+00
  -6.2009452e+00
  -5.8222191e+00
  -5.3344788e+00
  -4.5838932e+00
  -3.8276397e+00
  -2.9538333e+00
  -1.6994013e+00
  -4.8132033e-01
   8.2223837e-01
   2.2504818e+00
   3.1170331e+00
   3.7055387e+00
   3.9382010e+00
   3.1165981e+00
   1.1329239e+00
   7.0601994e-01
   4.1169256e-01
  -6.3938976e-01
  -9.9392435e-01
  -1.1771147e+00
  -8.6282317e-01
   8.9653886e-01
   1.7867507e-01
  -4.4612959e-01
  -7.1674316e-01
  -8.9148188e-01
  -6.7911498e-01
  -3.5026367e-02
   3.8280800e-01
   5.0319825e-01
   4.3715458e-01
   2.5683597e-01
   1.0023844e-01
   4.8000701e-01
   1.1879706e+00
   6.6034783e-01
  -2.7486374e-01
  -4.2125894e-01
  -8.3215519e-01
  -8.0677042e-01
  -1.4082685e+00
  -1.8803793e+00
  -2.4583851e+00
  -2.8458869e+00
  -3.0432408e+00
  -3.0412479e+00
  -3.2531187e+00
  -3.4195213e+00
  -3.6323164e+00
  -3.8452577e+00
  -4.0411364e+00
  -4.2463732e+00
  -4.3883755e+00
  -4.5137298e+00
  -5.0771232e+00
  -5.1906528e+00
  -5.3010354e+00
  -5.4429574e+00
  -5.5662398e+00
  -5.6937151e+00
  -5.8612137e+00
  -6.0163627e+00
  -6.1911259e+00
  -6.4251847e+00
  -6.6205282e+00
  -6.8063836e+00
  -7.0012312e+00
  -7.1236901e+00
  -7.1914034e+00
  -7.1661124e+00
  -7.0515461e+00
  -6.8565607e+00
  -6.5187416e+00
  -6.1415372e+00
  -5.6622849e+00
  -4.9377584e+00
  -4.1999264e+00
  -3.3320789e+00
  -2.0444636e+00
  -7.2683907e-01
   7.7402771e-01
   2.5387254e+00
   3.5937667e+00
   4.1462021e+00
   4.0176573e+00
   2.9897485e+00
   1.0687889e+00
   7.1936798e-01
   3.7326223e-01
  -8.1934190e-01
  -6.9097221e-01
  -1.0307733e+00
  -6.2477154e-01
   1.1741396e+00
   5.3375745e-01
   1.0773703e-01
  -3.0939686e-01
  -6.9425011e-01
  -7.2015947e-01
  -1.9676577e-01
   2.5521207e-01
   4.0466979e-01
   3.4571144e-01
   2.1016507e-01
   1.6218956e-01
   6.2544161e-01
   1.3099413e+00
   1.1679248e+00
  -2.3428861e-03
  -1.8627600e-01
  -6.7640102e-01
  -6.6983020e-01
  -1.2620920e+00
  -1.7773250e+00
  -2.3772867e+00
  -2.7928815e+00
  -3.0473690e+00
  -3.2027464e+00
  -3.4773498e+00
  -3.7307811e+00
  -4.0347166e+00
  -4.2766705e+00
  -4.4798932e+00
  -4.6824741e+00
  -4.8196416e+00
  -4.9378476e+00
  -5.3912635e+00
  -5.4987526e+00
  -5.6008811e+00
  -5.7358198e+00
  -5.8546705e+00
  -5.9782281e+00
  -6.1430106e+00
  -6.2935157e+00
  -6.4619818e+00
  -6.6898923e+00
  -6.8816204e+00
  -7.0634589e+00
  -7.2457724e+00
  -7.3556108e+00
  -7.4136248e+00
  -7.3849421e+00
  -7.2743058e+00
  -7.0875149e+00
  -6.7581930e+00
  -6.3821335e+00
  -5.9092765e+00
  -5.2043862e+00
  -4.4804335e+00
  -3.6170754e+00
  -2.3044572e+00
  -9.1182995e-01
   7.3770267e-01
   2.7559085e+00
   3.9529710e+00
   4.4782281e+00
   4.0775251e+00
   2.8941712e+00
   1.0204654e+00
   7.2942537e-01
   3.4430611e-01
  -9.5493048e-01
  -4.6270710e-01
  -9.2050946e-01
  -4.4540694e-01
   1.3833034e+00
   8.0130124e-01
   5.2505863e-01
  -2.4738759e-03
  -5.4564202e-01
  -7.5108540e-01
  -3.1863150e-01
   1.5907241e-01
   3.3043161e-01
   2.7681190e-01
   1.7499995e-01
   2.0886785e-01
   7.3502219e-01
   1.4018426e+00
   1.5503685e+00
   2.0299326e-01
  -9.2235049e-03
  -5.5904502e-01
  -5.6665003e-01
  -1.1519524e+00
  -1.6996768e+00
  -2.3161817e+00
  -2.7529433e+00
  -3.0504799e+00
  -3.3244305e+00
  -3.6463008e+00
  -3.9653060e+00
  -4.3379130e+00
  -4.6017265e+00
  -4.8104839e+00
  -5.0110636e+00
  -5.1445870e+00
  -5.2574081e+00
  -5.3616858e+00
  -5.4747105e+00
  -5.5878425e+00
  -5.7364593e+00
  -5.8675890e+00
  -6.0036840e+00
  -6.1831312e+00
  -6.3447819e+00
  -6.5198984e+00
  -6.7546816e+00
  -6.9508705e+00
  -7.1353912e+00
  -7.3221097e+00
  -7.4304061e+00
  -7.4829483e+00
  -7.4458618e+00
  -7.3338013e+00
  -7.1596346e+00
  -6.8712716e+00
  -6.5432129e+00
  -6.1245198e+00
  -5.5004778e+00
  -4.8722363e+00
  -4.1235285e+00
  -2.9778345e+00
  -1.7508081e+00
  -2.3851061e-01
   1.8499031e+00
   3.3579364e+00
   4.0882120e+00
   3.6365891e+00
   2.7778454e+00
   1.4880531e+00
   5.9684515e-01
   1.3514015e-01
  -1.2290192e+00
   2.2840202e-01
  -6.8533188e-01
  -4.8791957e-01
   1.4267012e+00
   1.7298727e+00
   1.6173838e+00
   8.8735813e-01
   1.0496245e-01
  -4.4584182e-01
  -5.1901168e-01
  -5.7694044e-02
   1.2376184e-01
   1.2484978e-01
   1.2422444e-01
   2.4645300e-01
   5.2276158e-01
   7.0801771e-01
   5.6021726e-01
   9.1631800e-01
  -1.7339330e-02
  -4.6856984e-01
  -3.7046701e-01
  -6.6948986e-01
  -1.1449382e+00
  -1.7219945e+00
  -2.1688204e+00
  -2.5391943e+00
  -2.9614859e+00
  -3.3577523e+00
  -3.7667525e+00
  -4.2153044e+00
  -4.5124297e+00
  -4.7436671e+00
  -4.9592485e+00
  -5.1002641e+00
  -5.2209239e+00
  -5.0209618e+00
  -5.1432467e+00
  -5.2672424e+00
  -5.4306540e+00
  -5.5733843e+00
  -5.7225747e+00
  -5.9196415e+00
  -6.0987968e+00
  -6.2950711e+00
  -6.5580392e+00
  -6.7786226e+00
  -6.9861679e+00
  -7.2002702e+00
  -7.3316684e+00
  -7.4075284e+00
  -7.4027133e+00
  -7.3193483e+00
  -7.1729131e+00
  -6.9146109e+00
  -6.6153049e+00
  -6.2309141e+00
  -5.6485639e+00
  -5.0678205e+00
  -4.3906407e+00
  -3.3726759e+00
  -2.2893169e+00
  -9.3517065e-01
   1.0314529e+00
   2.6448448e+00
   3.6250236e+00
   3.4075465e+00
   2.7659376e+00
   1.5249231e+00
   3.4327742e-01
  -2.6374120e-01
  -1.3426424e+00
   3.2586348e-01
  -5.7010889e-01
  -6.1209178e-01
   1.2494608e+00
   1.7384696e+00
   1.8300776e+00
   1.2750479e+00
   4.9522749e-01
  -1.2580684e-01
  -6.1781949e-01
  -1.7074311e-01
  -1.8083483e-02
   5.3773485e-03
   2.5010318e-02
   1.2249999e-01
   2.6076892e-01
   2.7166516e-01
   7.3082030e-02
   2.5507027e-01
  -1.8371402e-01
  -6.0020447e-01
  -3.9541414e-01
  -5.5718803e-01
  -9.2608607e-01
  -1.4044774e+00
  -1.7857445e+00
  -2.1214371e+00
  -2.5315242e+00
  -2.9229822e+00
  -3.3325536e+00
  -3.7915657e+00
  -4.1048379e+00
  -4.3515124e+00
  -4.5832710e+00
  -4.7365150e+00
  -4.8686934e+00
  -4.5687544e+00
  -4.7033300e+00
  -4.8417459e+00
  -5.0247918e+00
  -5.1829189e+00
  -5.3494873e+00
  -5.5699401e+00
  -5.7723269e+00
  -5.9966824e+00
  -6.2970567e+00
  -6.5500156e+00
  -6.7881225e+00
  -7.0385651e+00
  -7.2006257e+00
  -7.3074326e+00
  -7.3454472e+00
  -7.3001666e+00
  -7.1905374e+00
  -6.9721295e+00
  -6.7109863e+00
  -6.3721201e+00
  -5.8451032e+00
  -5.3273979e+00
  -4.7451495e+00
  -3.8967065e+00
  -3.0040223e+00
  -1.8597736e+00
  -5.4789091e-02
   1.6984344e+00
   3.0102824e+00
   3.1035639e+00
   2.7501335e+00
   1.5738570e+00
   6.7438489e-03
  -7.9313400e-01
  -1.4934425e+00
   4.5521376e-01
  -4.1718573e-01
  -7.7689247e-01
   1.0142284e+00
   1.7498793e+00
   2.1123637e+00
   1.7895872e+00
   1.0131849e+00
   2.9894163e-01
  -7.4895673e-01
  -3.2078110e-01
  -2.0633972e-01
  -1.5318571e-01
  -1.0666604e-01
  -4.2009659e-02
  -8.6946124e-02
  -3.0745931e-01
  -5.7344082e-01
  -6.2253363e-01
  -4.0452543e-01
  -7.7490915e-01
  -4.2852388e-01
  -4.0814187e-01
  -6.3562679e-01
  -9.8307088e-01
  -1.2773291e+00
  -1.5669929e+00
  -1.9608818e+00
  -2.3459585e+00
  -2.7562882e+00
  -3.2291820e+00
  -3.5638848e+00
  -3.8310472e+00
  -4.0842769e+00
  -4.2537509e+00
  -4.4012154e+00
  -2.9857230e+00
  -3.1317487e+00
  -3.2882161e+00
  -3.4955628e+00
  -3.6777525e+00
  -3.8732750e+00
  -4.1334968e+00
  -4.3716602e+00
  -4.6327958e+00
  -4.9787965e+00
  -5.2773943e+00
  -5.5648375e+00
  -5.8868041e+00
  -6.1283641e+00
  -6.3341227e+00
  -6.5109482e+00
  -6.5948448e+00
  -6.6198826e+00
  -6.5819788e+00
  -6.5030255e+00
  -6.3853164e+00
  -6.1740880e+00
  -5.9384317e+00
  -5.6282697e+00
  -5.1274147e+00
  -4.5374980e+00
  -3.6613979e+00
  -2.0941350e+00
  -2.7332327e-01
   1.7124767e+00
   2.8156824e+00
   1.8428786e+00
   5.5848217e-01
  -1.4507275e+00
  -9.3878222e-01
  -1.4379172e+00
   2.3784365e-01
  -1.0060578e-01
  -7.4096370e-01
   4.5004964e-01
   1.4765590e+00
   2.1451290e+00
   2.4130702e+00
   1.6769624e+00
   3.7912798e-01
  -1.1163247e+00
  -8.4533149e-01
  -6.9295758e-01
  -7.2518730e-01
  -7.1198136e-01
  -7.3069406e-01
  -9.1579932e-01
  -1.2185240e+00
  -1.5371794e+00
  -1.9177713e+00
  -1.9647412e+00
  -1.9536660e+00
  -1.0866886e+00
  -9.2786169e-01
  -9.4093549e-01
  -9.9866545e-01
  -1.0443957e+00
  -1.1040530e+00
  -1.2292200e+00
  -1.3979448e+00
  -1.6147745e+00
  -1.9047483e+00
  -2.1316464e+00
  -2.3264804e+00
  -2.5270443e+00
  -2.6782269e+00
  -2.8199463e+00
  -2.2746632e+00
  -2.3884211e+00
  -2.5170183e+00
  -2.6969888e+00
  -2.8650441e+00
  -3.0549543e+00
  -3.3214016e+00
  -3.5734065e+00
  -3.8530407e+00
  -4.2282133e+00
  -4.5563498e+00
  -4.8770618e+00
  -5.2482581e+00
  -5.5409594e+00
  -5.8048015e+00
  -6.0596890e+00
  -6.2166877e+00
  -6.3223834e+00
  -6.3934479e+00
  -6.4156857e+00
  -6.4081736e+00
  -6.3415847e+00
  -6.2269011e+00
  -6.0302644e+00
  -5.6657801e+00
  -5.2061296e+00
  -4.4844460e+00
  -3.1328697e+00
  -1.4617938e+00
   6.0348493e-01
   2.3095281e+00
   1.2278184e+00
  -9.1656819e-02
  -1.5527210e+00
  -9.6430695e-01
  -1.3939427e+00
  -8.9172781e-02
  -2.4835360e-01
  -8.0867618e-01
   3.9956875e-02
   1.2132475e+00
   2.0311608e+00
   2.4888637e+00
   1.9165285e+00
   4.1601384e-01
  -1.0560037e+00
  -1.1188393e+00
  -1.0634984e+00
  -1.1233793e+00
  -1.1380931e+00
  -1.1927123e+00
  -1.4194206e+00
  -1.7335699e+00
  -2.0513411e+00
  -2.4320223e+00
  -2.5076346e+00
  -2.4177566e+00
  -1.6354136e+00
  -1.4651270e+00
  -1.4200838e+00
  -1.3837912e+00
  -1.3350203e+00
  -1.2980524e+00
  -1.2937959e+00
  -1.3439968e+00
  -1.4404626e+00
  -1.5973123e+00
  -1.7295254e+00
  -1.8466649e+00
  -1.9710258e+00
  -2.0671499e+00
  -2.1593530e+00
  -1.2102736e+00
  -1.2448773e+00
  -1.3020828e+00
  -1.4094930e+00
  -1.5358208e+00
  -1.7019737e+00
  -1.9681426e+00
  -2.2390282e+00
  -2.5479855e+00
  -2.9739823e+00
  -3.3537908e+00
  -3.7334635e+00
  -4.1924569e+00
  -4.5744375e+00
  -4.9364733e+00
  -5.3211711e+00
  -5.6000295e+00
  -5.8430951e+00
  -6.1002798e+00
  -6.2899557e+00
  -6.4563523e+00
  -6.6085798e+00
  -6.6702639e+00
  -6.6363973e+00
  -6.4597532e+00
  -6.1903721e+00
  -5.7278538e+00
  -4.7889586e+00
  -3.4905518e+00
  -1.4904166e+00
   1.2410695e+00
   1.3596534e-01
  -1.2248971e+00
  -1.2495955e+00
  -9.6961087e-01
  -1.3124195e+00
  -7.6786027e-01
  -7.0864607e-01
  -9.7918940e-01
  -7.0312867e-01
   7.0318588e-01
   1.7544310e+00
   2.4338607e+00
   2.2268177e+00
   4.7194420e-01
  -7.7986994e-01
  -1.5595049e+00
  -1.7434912e+00
  -1.8359381e+00
  -1.9031302e+00
  -2.0102267e+00
  -2.2815972e+00
  -2.5918150e+00
  -2.8880207e+00
  -3.1461062e+00
  -3.1900548e+00
  -3.0585363e+00
  -2.6655355e+00
  -2.5199301e+00
  -2.4193883e+00
  -2.2721344e+00
  -2.0960338e+00
  -1.9199423e+00
  -1.7147598e+00
  -1.5699385e+00
  -1.4586456e+00
  -1.3741926e+00
  -1.3265179e+00
  -1.2900735e+00
  -1.2570289e+00
  -1.2321025e+00
  -1.2114762e+00
  -1.6093796e+00
  -1.5297832e+00
  -1.4611243e+00
  -1.3990305e+00
  -1.3757060e+00
  -1.3965408e+00
  -1.5129504e+00
  -1.6853890e+00
  -1.9183093e+00
  -2.2929269e+00
  -2.6602755e+00
  -3.0517320e+00
  -3.5557019e+00
  -3.9905114e+00
  -4.4081238e+00
  -4.8559773e+00
  -5.1813707e+00
  -5.4741467e+00
  -5.8027929e+00
  -6.0590029e+00
  -6.2969812e+00
  -6.5398716e+00
  -6.6839199e+00
  -6.7616357e+00
  -6.7731098e+00
  -6.7466097e+00
  -6.6622538e+00
  -6.3695663e+00
  -5.8311548e+00
  -4.8004039e+00
  -1.8543003e+00
  -2.0328264e+00
  -2.4464091e+00
  -1.8133595e+00
  -2.9922998e+00
  -2.4783386e+00
  -2.6112882e+00
  -2.6555524e+00
  -1.8530074e+00
  -1.4274424e+00
  -6.6263735e-02
   1.2481119e+00
   2.1121858e+00
   1.3637648e+00
  -3.8771164e-01
  -4.7401965e-01
  -1.5674545e+00
  -2.4703049e+00
  -2.7665593e+00
  -2.8933830e+00
  -3.0307323e+00
  -3.3142843e+00
  -3.5977411e+00
  -3.8630891e+00
  -4.0884440e+00
  -4.1566162e+00
  -4.1039832e+00
  -3.9227078e+00
  -3.8240156e+00
  -3.7493052e+00
  -3.6173868e+00
  -3.4266615e+00
  -3.2127435e+00
  -2.9634263e+00
  -2.7746077e+00
  -2.5929777e+00
  -2.3953992e+00
  -2.2436957e+00
  -2.1094633e+00
  -1.9728218e+00
  -1.8560815e+00
  -1.7345475e+00
  -2.1324203e+00
  -2.0072749e+00
  -1.8841426e+00
  -1.7389114e+00
  -1.6321717e+00
  -1.5616515e+00
  -1.5666364e+00
  -1.6535457e+00
  -1.8113320e+00
  -2.1112800e+00
  -2.4321136e+00
  -2.7920263e+00
  -3.2762361e+00
  -3.7080601e+00
  -4.1321998e+00
  -4.5968175e+00
  -4.9395374e+00
  -5.2533059e+00
  -5.6104856e+00
  -5.8890717e+00
  -6.1498089e+00
  -6.4261675e+00
  -6.6068532e+00
  -6.7419891e+00
  -6.8533788e+00
  -6.9431468e+00
  -7.0421596e+00
  -7.0822735e+00
  -6.9295012e+00
  -6.4266844e+00
  -4.0140953e+00
  -3.3497401e+00
  -3.7039788e+00
  -3.1607192e+00
  -4.2397771e+00
  -3.4084930e+00
  -3.4954643e+00
  -3.4974628e+00
  -2.4569113e+00
  -1.8883951e+00
  -6.0586719e-01
   8.1154799e-01
   1.7995420e+00
   7.4930164e-01
  -6.6292012e-01
  -4.4037944e-01
  -1.6078660e+00
  -2.9838536e+00
  -3.3404171e+00
  -3.4875258e+00
  -3.6324787e+00
  -3.9073844e+00
  -4.1672311e+00
  -4.4093094e+00
  -4.6177368e+00
  -4.6992282e+00
  -4.6901641e+00
  -4.6063871e+00
  -4.5394382e+00
  -4.4818172e+00
  -4.3657699e+00
  -4.1795115e+00
  -3.9613545e+00
  -3.7138662e+00
  -3.5271726e+00
  -3.3358109e+00
  -3.1088049e+00
  -2.9252826e+00
  -2.7619243e+00
  -2.5948570e+00
  -2.4516761e+00
  -2.2998245e+00
  -3.6122681e+00
  -3.4596948e+00
  -3.2900848e+00
  -3.0450690e+00
  -2.8121423e+00
  -2.5796972e+00
  -2.3520902e+00
  -2.2393840e+00
  -2.2084790e+00
  -2.2900133e+00
  -2.4498316e+00
  -2.6747146e+00
  -3.0263297e+00
  -3.3793416e+00
  -3.7573387e+00
  -4.2050763e+00
  -4.5542815e+00
  -4.8844204e+00
  -5.2588779e+00
  -5.5376210e+00
  -5.7935162e+00
  -6.0814080e+00
  -6.2962814e+00
  -6.5073376e+00
  -6.7585586e+00
  -6.9804337e+00
  -7.2940272e+00
  -7.7748481e+00
  -8.1184687e+00
  -8.3859043e+00
  -8.2766837e+00
  -5.5894579e+00
  -6.9275826e+00
  -7.5657569e+00
  -6.4019458e+00
  -5.4577024e+00
  -4.5046535e+00
  -4.2137527e+00
  -3.6381613e+00
  -2.7168103e+00
  -1.6758112e+00
  -2.0246641e-01
   1.0211010e+00
  -4.8585877e-01
  -6.1200194e-01
  -7.0297317e-01
  -1.7514267e+00
  -4.0091359e+00
  -4.3348490e+00
  -4.4829698e+00
  -4.6182112e+00
  -4.8446745e+00
  -5.0488887e+00
  -5.2418613e+00
  -5.4276931e+00
  -5.5289159e+00
  -5.5848429e+00
  -5.6015579e+00
  -5.5954499e+00
  -5.5698430e+00
  -5.4945802e+00
  -5.3439914e+00
  -5.1580108e+00
  -4.9738358e+00
  -4.8514085e+00
  -4.7128454e+00
  -4.5183598e+00
  -4.3466462e+00
  -4.1973719e+00
  -4.0468591e+00
  -3.9203484e+00
  -3.7820315e+00
  -4.7761965e+00
  -4.6620531e+00
  -4.5269661e+00
  -4.3154125e+00
  -4.0953169e+00
  -3.8495209e+00
  -3.5554683e+00
  -3.3456190e+00
  -3.1854799e+00
  -3.0583436e+00
  -3.0171008e+00
  -3.0418127e+00
  -3.1661758e+00
  -3.3497972e+00
  -3.5925236e+00
  -3.9406829e+00
  -4.2534904e+00
  -4.5715833e+00
  -4.9424744e+00
  -5.2270174e+00
  -5.4936380e+00
  -5.7993174e+00
  -6.0295858e+00
  -6.2508779e+00
  -6.5133533e+00
  -6.7420945e+00
  -7.0362797e+00
  -7.5214243e+00
  -8.0255804e+00
  -8.7246075e+00
  -9.3599539e+00
  -8.4993172e+00
  -7.8184438e+00
  -7.1943517e+00
  -6.4113798e+00
  -5.6250267e+00
  -4.9442787e+00
  -4.5467114e+00
  -4.0929523e+00
  -3.4435906e+00
  -2.5729272e+00
  -1.2334832e+00
   7.5647992e-01
  -1.0298585e+00
  -1.4609503e+00
  -2.3694472e+00
  -2.8115077e+00
  -4.5078597e+00
  -4.9582114e+00
  -5.0555906e+00
  -5.1699791e+00
  -5.3393764e+00
  -5.4966016e+00
  -5.6549401e+00
  -5.8228922e+00
  -5.9200354e+00
  -5.9918499e+00
  -6.0516205e+00
  -6.0880556e+00
  -6.1003313e+00
  -6.0616460e+00
  -5.9465952e+00
  -5.8067389e+00
  -5.6830616e+00
  -5.6088920e+00
  -5.5185208e+00
  -5.3771863e+00
  -5.2518282e+00
  -5.1443324e+00
  -5.0393019e+00
  -4.9611540e+00
  -4.8817434e+00
  -5.4671597e+00
  -5.3819464e+00
  -5.2760792e+00
  -5.0995007e+00
  -4.9043468e+00
  -4.6721683e+00
  -4.3683524e+00
  -4.1229343e+00
  -3.9020100e+00
  -3.6635017e+00
  -3.5027292e+00
  -3.3975737e+00
  -3.3645179e+00
  -3.4222279e+00
  -3.5536993e+00
  -3.8060970e+00
  -4.0723476e+00
  -4.3651943e+00
  -4.7227097e+00
  -5.0095171e+00
  -5.2851834e+00
  -5.6056771e+00
  -5.8511155e+00
  -6.0866647e+00
  -6.3668828e+00
  -6.6097805e+00
  -6.9022455e+00
  -7.3974333e+00
  -7.9779143e+00
  -8.8470335e+00
  -9.7366085e+00
  -9.6626633e+00
  -8.1531448e+00
  -6.9887795e+00
  -6.3744747e+00
  -5.6785450e+00
  -5.1068854e+00
  -4.6779484e+00
  -4.3120747e+00
  -3.8303647e+00
  -3.1328701e+00
  -2.0398061e+00
   3.1765047e-01
  -1.3807791e+00
  -2.2848854e+00
  -3.6968162e+00
  -3.7693868e+00
  -4.8710465e+00
  -5.2968440e+00
  -5.3704141e+00
  -5.4726219e+00
  -5.6088090e+00
  -5.7380159e+00
  -5.8740611e+00
  -6.0282073e+00
  -6.1214816e+00
  -6.2029791e+00
  -6.2916307e+00
  -6.3554632e+00
  -6.3927860e+00
  -6.3782883e+00
  -6.2882111e+00
  -6.1804962e+00
  -6.0939760e+00
  -6.0455177e+00
  -5.9827251e+00
  -5.8758745e+00
  -5.7794249e+00
  -5.6958818e+00
  -5.6180935e+00
  -5.5700105e+00
  -5.5295868e+00
  -6.1741214e+00
  -6.1411673e+00
  -6.0975170e+00
  -6.0127002e+00
  -5.9072496e+00
  -5.7688088e+00
  -5.5649559e+00
  -5.3650207e+00
  -5.1409280e+00
  -4.8347949e+00
  -4.5510939e+00
  -4.2721794e+00
  -3.9946636e+00
  -3.8296269e+00
  -3.7326041e+00
  -3.7512660e+00
  -3.8774567e+00
  -4.0774356e+00
  -4.3795621e+00
  -4.6643194e+00
  -4.9591594e+00
  -5.3105738e+00
  -5.5938772e+00
  -5.8743189e+00
  -6.2136615e+00
  -6.5083884e+00
  -6.8354045e+00
  -7.3685646e+00
  -7.9568397e+00
  -8.6809542e+00
  -9.1350066e+00
  -8.7633003e+00
  -7.7763402e+00
  -6.8336822e+00
  -6.1792557e+00
  -5.5635836e+00
  -4.9088201e+00
  -4.5661583e+00
  -4.3478433e+00
  -4.0605895e+00
  -3.8071798e+00
  -3.5844456e+00
  -1.1750380e+00
  -1.8434658e+00
  -4.3131864e+00
  -6.3073025e+00
  -5.9666157e+00
  -5.4912907e+00
  -5.5269004e+00
  -5.5995031e+00
  -5.6899825e+00
  -5.7946556e+00
  -5.8947457e+00
  -6.0015590e+00
  -6.1297568e+00
  -6.2137094e+00
  -6.3060472e+00
  -6.4365571e+00
  -6.5363500e+00
  -6.6087741e+00
  -6.6281902e+00
  -6.5780273e+00
  -6.5208286e+00
  -6.4769261e+00
  -6.4439049e+00
  -6.4055051e+00
  -6.3447963e+00
  -6.2830745e+00
  -6.2208900e+00
  -6.1718688e+00
  -6.1595689e+00
  -6.1739136e+00
  -6.2494094e+00
  -6.2425663e+00
  -6.2337577e+00
  -6.2060272e+00
  -6.1593964e+00
  -6.0888350e+00
  -5.9668267e+00
  -5.8352921e+00
  -5.6725181e+00
  -5.4271219e+00
  -5.1829093e+00
  -4.9206742e+00
  -4.6093859e+00
  -4.3640370e+00
  -4.1516576e+00
  -3.9933245e+00
  -3.9681842e+00
  -4.0325170e+00
  -4.2109575e+00
  -4.4322624e+00
  -4.6894735e+00
  -5.0104321e+00
  -5.2821544e+00
  -5.5588325e+00
  -5.8887103e+00
  -6.1707732e+00
  -6.4665834e+00
  -6.8737995e+00
  -7.2897054e+00
  -7.7482133e+00
  -8.0181389e+00
  -7.7790613e+00
  -7.1712581e+00
  -6.4455540e+00
  -5.8181455e+00
  -5.1954731e+00
  -4.5242524e+00
  -4.1651921e+00
  -3.9656782e+00
  -3.8176277e+00
  -3.8040061e+00
  -4.0847440e+00
  -2.4440336e+00
  -2.9472238e+00
  -4.4662785e+00
  -5.4773157e+00
  -5.3512715e+00
  -5.2273034e+00
  -5.3023132e+00
  -5.3889511e+00
  -5.4823688e+00
  -5.5891068e+00
  -5.6936038e+00
  -5.7968948e+00
  -5.9124167e+00
  -5.9969704e+00
  -6.0950806e+00
  -6.2430060e+00
  -6.3607914e+00
  -6.4520246e+00
  -6.5008923e+00
  -6.4843709e+00
  -6.4585063e+00
  -6.4435350e+00
  -6.4275648e+00
  -6.4023058e+00
  -6.3582575e+00
  -6.3113982e+00
  -6.2606785e+00
  -6.2225325e+00
  -6.2164585e+00
  -6.2356379e+00
  -6.1912574e+00
  -6.2015742e+00
  -6.2147902e+00
  -6.2228054e+00
  -6.2124275e+00
  -6.1842150e+00
  -6.1174434e+00
  -6.0334648e+00
  -5.9147385e+00
  -5.7201675e+00
  -5.5167616e+00
  -5.2843264e+00
  -4.9813655e+00
  -4.7106865e+00
  -4.4488147e+00
  -4.1971452e+00
  -4.0750778e+00
  -4.0417492e+00
  -4.1218975e+00
  -4.2816875e+00
  -4.4926327e+00
  -4.7723911e+00
  -5.0197185e+00
  -5.2780512e+00
  -5.5859073e+00
  -5.8472303e+00
  -6.1141361e+00
  -6.4448890e+00
  -6.7585119e+00
  -7.0644063e+00
  -7.2223925e+00
  -7.0511088e+00
  -6.6454586e+00
  -6.0445980e+00
  -5.4452518e+00
  -4.8193744e+00
  -4.1090720e+00
  -3.7171483e+00
  -3.5348868e+00
  -3.4834804e+00
  -3.5899508e+00
  -4.1085317e+00
  -3.3649070e+00
  -3.7408330e+00
  -4.3856027e+00
  -4.7986286e+00
  -4.8211382e+00
  -4.8882940e+00
  -4.9918120e+00
  -5.0925658e+00
  -5.1928237e+00
  -5.3076280e+00
  -5.4195336e+00
  -5.5250548e+00
  -5.6371816e+00
  -5.7254308e+00
  -5.8303794e+00
  -5.9905657e+00
  -6.1206669e+00
  -6.2249221e+00
  -6.2946562e+00
  -6.3029384e+00
  -6.3003358e+00
  -6.3049244e+00
  -6.3020762e+00
  -6.2892999e+00
  -6.2581967e+00
  -6.2227186e+00
  -6.1823934e+00
  -6.1536263e+00
  -6.1523537e+00
  -6.1718320e+00
  -5.8700109e+00
  -5.8986747e+00
  -5.9333442e+00
  -5.9753197e+00
  -5.9979316e+00
  -6.0095676e+00
  -6.0053573e+00
  -5.9785002e+00
  -5.9159045e+00
  -5.8019457e+00
  -5.6779350e+00
  -5.5227126e+00
  -5.3021243e+00
  -5.0704270e+00
  -4.8189710e+00
  -4.5228072e+00
  -4.3031629e+00
  -4.1448950e+00
  -4.0789937e+00
  -4.1253012e+00
  -4.2349358e+00
  -4.4196423e+00
  -4.6004828e+00
  -4.8009930e+00
  -5.0472638e+00
  -5.2565162e+00
  -5.4723066e+00
  -5.7364674e+00
  -5.9671718e+00
  -6.1626674e+00
  -6.2227676e+00
  -6.0773642e+00
  -5.7747168e+00
  -5.2646738e+00
  -4.7201452e+00
  -4.0941999e+00
  -3.2740720e+00
  -2.7938397e+00
  -2.6418128e+00
  -2.7061844e+00
  -2.8508356e+00
  -3.3998466e+00
  -4.5588775e+00
  -4.7537645e+00
  -3.8629784e+00
  -3.7521542e+00
  -3.9515607e+00
  -4.1273548e+00
  -4.2676505e+00
  -4.3952779e+00
  -4.5146658e+00
  -4.6542452e+00
  -4.7849370e+00
  -4.9037791e+00
  -5.0241572e+00
  -5.1242993e+00
  -5.2438926e+00
  -5.4191534e+00
  -5.5636042e+00
  -5.6833807e+00
  -5.7790645e+00
  -5.8203590e+00
  -5.8490568e+00
  -5.8758836e+00
  -5.8916784e+00
  -5.9015113e+00
  -5.8890550e+00
  -5.8696285e+00
  -5.8473092e+00
  -5.8339442e+00
  -5.8395139e+00
  -5.8523823e+00
  -5.1881070e+00
  -5.2262301e+00
  -5.2713585e+00
  -5.3307176e+00
  -5.3730240e+00
  -5.4100208e+00
  -5.4479804e+00
  -5.4627600e+00
  -5.4454374e+00
  -5.3926725e+00
  -5.3231220e+00
  -5.2294960e+00
  -5.0976000e+00
  -4.9508200e+00
  -4.7721128e+00
  -4.5345259e+00
  -4.3216939e+00
  -4.1290083e+00
  -3.9845767e+00
  -3.9415545e+00
  -3.9440122e+00
  -3.9870911e+00
  -4.0554428e+00
  -4.1528077e+00
  -4.2878795e+00
  -4.4141064e+00
  -4.5507402e+00
  -4.7211795e+00
  -4.8514748e+00
  -4.9263844e+00
  -4.8903732e+00
  -4.7548914e+00
  -4.5277686e+00
  -4.1306224e+00
  -3.6629887e+00
  -3.0165935e+00
  -1.9385463e+00
  -1.3528860e+00
  -1.2158256e+00
  -1.4283549e+00
  -1.6086458e+00
  -1.8151901e+00
  -2.5349984e+00
  -2.7623696e+00
  -2.4715736e+00
  -2.5407832e+00
  -2.7363815e+00
  -2.9484789e+00
  -3.1234739e+00
  -3.2660906e+00
  -3.4116845e+00
  -3.6048365e+00
  -3.7687607e+00
  -3.9074144e+00
  -4.0502019e+00
  -4.1672382e+00
  -4.3036366e+00
  -4.4957871e+00
  -4.6509895e+00
  -4.7837715e+00
  -4.9018712e+00
  -4.9703956e+00
  -5.0256891e+00
  -5.0712385e+00
  -5.0977998e+00
  -5.1227412e+00
  -5.1333418e+00
  -5.1297884e+00
  -5.1269822e+00
  -5.1319914e+00
  -5.1455827e+00
  -5.1618705e+00
  -4.5251656e+00
  -4.5692143e+00
  -4.6211643e+00
  -4.6883368e+00
  -4.7392429e+00
  -4.7895770e+00
  -4.8497000e+00
  -4.8873185e+00
  -4.9000430e+00
  -4.8887644e+00
  -4.8532118e+00
  -4.7983184e+00
  -4.7206888e+00
  -4.6294684e+00
  -4.5044994e+00
  -4.3194785e+00
  -4.1342869e+00
  -3.9455092e+00
  -3.7704430e+00
  -3.6788068e+00
  -3.6144123e+00
  -3.5597439e+00
  -3.5413919e+00
  -3.5532551e+00
  -3.5941586e+00
  -3.6467905e+00
  -3.7146711e+00
  -3.8090544e+00
  -3.8706525e+00
  -3.8762279e+00
  -3.7859464e+00
  -3.6541400e+00
  -3.4780500e+00
  -3.1770749e+00
  -2.7827434e+00
  -2.1107273e+00
  -8.2122082e-01
  -1.9269326e-01
  -4.1766644e-02
  -3.1277359e-01
  -4.9958780e-01
  -5.4718661e-01
  -1.0419797e+00
  -1.3428965e+00
  -1.3854729e+00
  -1.5297563e+00
  -1.7144467e+00
  -1.9293113e+00
  -2.1083360e+00
  -2.2522421e+00
  -2.4201901e+00
  -2.6659350e+00
  -2.8631214e+00
  -3.0150917e+00
  -3.1705709e+00
  -3.2994727e+00
  -3.4473517e+00
  -3.6511655e+00
  -3.8126977e+00
  -3.9535110e+00
  -4.0899625e+00
  -4.1777367e+00
  -4.2507577e+00
  -4.3110223e+00
  -4.3460917e+00
  -4.3787651e+00
  -4.4063454e+00
  -4.4193739e+00
  -4.4330726e+00
  -4.4499311e+00
  -4.4682955e+00
  -4.4908948e+00
  -3.7370825e+00
  -3.7866635e+00
  -3.8451715e+00
  -3.9174209e+00
  -3.9736624e+00
  -4.0346050e+00
  -4.1123466e+00
  -4.1689434e+00
  -4.2109137e+00
  -4.2406077e+00
  -4.2366905e+00
  -4.2180409e+00
  -4.1901088e+00
  -4.1524267e+00
  -4.0834661e+00
  -3.9589043e+00
  -3.8163123e+00
  -3.6494956e+00
  -3.4591937e+00
  -3.3274848e+00
  -3.2009242e+00
  -3.0485659e+00
  -2.9376440e+00
  -2.8547115e+00
  -2.7901301e+00
  -2.7585771e+00
  -2.7485263e+00
  -2.7594757e+00
  -2.7528105e+00
  -2.6981590e+00
  -2.5615134e+00
  -2.4313116e+00
  -2.3055105e+00
  -2.1125636e+00
  -1.8046985e+00
  -1.0995648e+00
   4.2311096e-01
   1.0749645e+00
   1.2555436e+00
   9.5466936e-01
   7.7313352e-01
   8.3385235e-01
   5.1294565e-01
   1.0515313e-01
  -2.1790414e-01
  -4.0511417e-01
  -5.7349861e-01
  -7.7657890e-01
  -9.4662815e-01
  -1.0859127e+00
  -1.2789868e+00
  -1.5874884e+00
  -1.8246593e+00
  -1.9897046e+00
  -2.1560552e+00
  -2.2969518e+00
  -2.4562266e+00
  -2.6717010e+00
  -2.8388476e+00
  -2.9870706e+00
  -3.1437426e+00
  -3.2510545e+00
  -3.3413806e+00
  -3.4175229e+00
  -3.4618003e+00
  -3.5004420e+00
  -3.5456867e+00
  -3.5789614e+00
  -3.6111374e+00
  -3.6392937e+00
  -3.6619325e+00
  -3.6934178e+00
  -2.1390519e+00
  -2.2005347e+00
  -2.2666294e+00
  -2.3524538e+00
  -2.4157975e+00
  -2.4781164e+00
  -2.5592402e+00
  -2.6195576e+00
  -2.6780940e+00
  -2.7480206e+00
  -2.7892607e+00
  -2.8202270e+00
  -2.8429958e+00
  -2.8479634e+00
  -2.8382622e+00
  -2.7856720e+00
  -2.7072096e+00
  -2.6025833e+00
  -2.4263105e+00
  -2.2509354e+00
  -2.0564683e+00
  -1.8057114e+00
  -1.5944910e+00
  -1.3868759e+00
  -1.1712540e+00
  -1.0250760e+00
  -9.0350811e-01
  -7.8466294e-01
  -6.8096050e-01
  -5.5220158e-01
  -3.8824590e-01
  -2.9937935e-01
  -2.5414543e-01
  -2.3939017e-01
  -9.8600741e-02
   7.4565907e-01
   1.9920198e+00
   2.6971713e+00
   2.9641847e+00
   2.6725496e+00
   2.6049101e+00
   2.1119916e+00
   1.8989066e+00
   1.8565406e+00
   1.3677339e+00
   1.0653166e+00
   9.7341070e-01
   9.0281742e-01
   8.6132851e-01
   8.4692450e-01
   7.2841225e-01
   3.8276674e-01
   1.2009749e-01
  -4.7184289e-02
  -2.1050412e-01
  -3.6707738e-01
  -5.4561776e-01
  -7.8503937e-01
  -9.6357919e-01
  -1.1182443e+00
  -1.3013731e+00
  -1.4355002e+00
  -1.5489410e+00
  -1.6581982e+00
  -1.7313589e+00
  -1.7867837e+00
  -1.8420892e+00
  -1.8937440e+00
  -1.9480766e+00
  -2.0011115e+00
  -2.0351068e+00
  -2.0767466e+00
  -9.3428969e-01
  -9.9788558e-01
  -1.0638736e+00
  -1.1497706e+00
  -1.2229242e+00
  -1.2888081e+00
  -1.3576236e+00
  -1.4127975e+00
  -1.4740486e+00
  -1.5511883e+00
  -1.6043797e+00
  -1.6529287e+00
  -1.7006383e+00
  -1.7237780e+00
  -1.7331773e+00
  -1.7109694e+00
  -1.6567923e+00
  -1.5775898e+00
  -1.4249545e+00
  -1.2409000e+00
  -1.0223428e+00
  -7.3349464e-01
  -4.8612818e-01
  -2.3753299e-01
   3.8963996e-02
   2.3413604e-01
   4.0511206e-01
   5.8244520e-01
   7.2468871e-01
   8.8222957e-01
   1.0509324e+00
   1.1075687e+00
   1.0982355e+00
   1.0083402e+00
   1.0527730e+00
   1.4405456e+00
   2.4030359e+00
   2.7820010e+00
   2.8632541e+00
   3.2738650e+00
   2.7809892e+00
   1.8332452e+00
   1.8086907e+00
   2.2030735e+00
   2.1406682e+00
   1.7585483e+00
   1.6939949e+00
   1.7512083e+00
   1.8634248e+00
   2.1784420e+00
   2.0820782e+00
   1.6373689e+00
   1.4405972e+00
   1.3117846e+00
   1.1550305e+00
   9.9299866e-01
   8.1149113e-01
   5.7777405e-01
   3.9784804e-01
   2.3824249e-01
   4.8183270e-02
  -9.6007839e-02
  -2.2038019e-01
  -3.5033795e-01
  -4.4676012e-01
  -5.2636504e-01
  -5.9532607e-01
  -6.4849722e-01
  -7.0280063e-01
  -7.6543725e-01
  -8.1592244e-01
  -8.6864489e-01
   3.4962714e-01
   2.8471780e-01
   2.2019824e-01
   1.4131871e-01
   6.8684414e-02
   4.6449378e-03
  -5.2388616e-02
  -1.0466473e-01
  -1.6864540e-01
  -2.4652961e-01
  -3.0333227e-01
  -3.6071205e-01
  -4.2657587e-01
  -4.6406204e-01
  -4.8662362e-01
  -4.9145859e-01
  -4.5805973e-01
  -3.9697260e-01
  -2.6135844e-01
  -7.6412737e-02
   1.5166315e-01
   4.5974475e-01
   7.3034924e-01
   1.0066549e+00
   1.3242995e+00
   1.5605527e+00
   1.7734149e+00
   1.9930151e+00
   2.1603632e+00
   2.3376045e+00
   2.5170724e+00
   2.5447657e+00
   2.4696939e+00
   2.2803526e+00
   2.2124085e+00
   2.0555935e+00
   2.4086974e+00
   2.6991482e+00
   3.0752130e+00
   3.4303174e+00
   2.5047467e+00
   1.5224102e+00
   1.8758557e+00
   2.0127478e+00
   2.4666746e+00
   2.2374361e+00
   2.2200866e+00
   2.4426460e+00
   2.5925128e+00
   2.6167841e+00
   3.1606095e+00
   2.9156857e+00
   2.7855554e+00
   2.7158716e+00
   2.5701046e+00
   2.4026167e+00
   2.2194860e+00
   1.9959958e+00
   1.8174398e+00
   1.6522460e+00
   1.4582551e+00
   1.3082504e+00
   1.1740808e+00
   1.0266579e+00
   9.1119421e-01
   8.1099296e-01
   7.2650802e-01
   6.6631806e-01
   6.1125195e-01
   5.4547524e-01
   4.8290431e-01
   4.1925120e-01
   1.7069988e+00
   1.6419721e+00
   1.5802925e+00
   1.5157100e+00
   1.4560033e+00
   1.4004018e+00
   1.3528135e+00
   1.3005317e+00
   1.2349980e+00
   1.1637923e+00
   1.1128120e+00
   1.0575736e+00
   9.8366994e-01
   9.3760771e-01
   9.0890014e-01
   8.8412076e-01
   9.0226793e-01
   9.5465922e-01
   1.0825958e+00
   1.2590730e+00
   1.4789993e+00
   1.7821510e+00
   2.0574868e+00
   2.3430026e+00
   2.6764808e+00
   2.9412668e+00
   3.1843312e+00
   3.4269207e+00
   3.6025517e+00
   3.7857144e+00
   3.9839406e+00
   3.9902959e+00
   3.8376770e+00
   3.5568988e+00
   3.3673530e+00
   2.5600145e+00
   1.9857762e+00
   2.4437258e+00
   3.5189328e+00
   3.0461040e+00
   1.7548981e+00
   1.2661557e+00
   2.1203365e+00
   1.2812480e+00
   2.2590091e+00
   2.4504488e+00
   2.5169034e+00
   2.9447103e+00
   3.0458043e+00
   2.2019143e+00
   3.9216611e+00
   4.1639295e+00
   4.1097612e+00
   4.1250458e+00
   4.0001297e+00
   3.8320830e+00
   3.6523004e+00
   3.4441242e+00
   3.2715495e+00
   3.1020057e+00
   2.9080124e+00
   2.7577820e+00
   2.6167321e+00
   2.4569659e+00
   2.3290353e+00
   2.2150440e+00
   2.1142607e+00
   2.0421252e+00
   1.9849844e+00
   1.9215457e+00
   1.8535765e+00
   1.7812133e+00
   3.2933959e+00
   3.2313227e+00
   3.1721363e+00
   3.1212534e+00
   3.0887969e+00
   3.0504805e+00
   2.9979287e+00
   2.9412898e+00
   2.8852024e+00
   2.8259496e+00
   2.7855696e+00
   2.7467051e+00
   2.6886544e+00
   2.6470875e+00
   2.6158263e+00
   2.5990015e+00
   2.6142341e+00
   2.6695575e+00
   2.8081971e+00
   2.9657041e+00
   3.1583225e+00
   3.4207951e+00
   3.6596836e+00
   3.9182253e+00
   4.2352312e+00
   4.4984436e+00
   4.7462173e+00
   5.0025203e+00
   5.1677997e+00
   5.3213281e+00
   5.5568735e+00
   5.5748172e+00
   5.3280941e+00
   4.9545130e+00
   4.6906499e+00
   2.9696038e+00
   1.5807424e+00
   2.2200007e+00
   3.0319792e+00
   2.0298894e+00
   9.9730789e-01
   1.7999567e+00
   2.4830700e+00
   7.8194427e-01
   1.5534956e+00
   2.4107659e+00
   2.7258000e+00
   3.4022507e+00
   3.8253911e+00
   2.8320668e+00
   4.7123402e+00
   5.2008783e+00
   5.3237332e+00
   5.4777323e+00
   5.4273015e+00
   5.3053531e+00
   5.1633196e+00
   4.9759205e+00
   4.8262385e+00
   4.6698112e+00
   4.4821335e+00
   4.3407343e+00
   4.2070930e+00
   4.0470305e+00
   3.9222801e+00
   3.8186548e+00
   3.7094178e+00
   3.6324935e+00
   3.5684503e+00
   3.4929771e+00
   3.4362462e+00
   3.3725707e+00
   4.5372338e+00
   4.4891491e+00
   4.4499993e+00
   4.3781800e+00
   4.3530440e+00
   4.3290548e+00
   4.2622170e+00
   4.2194834e+00
   4.1644387e+00
   4.1364498e+00
   4.0929265e+00
   4.0599504e+00
   4.0521364e+00
   4.0229731e+00
   4.0252929e+00
   4.0193553e+00
   4.0579863e+00
   4.1368284e+00
   4.2530379e+00
   4.4045281e+00
   4.5660119e+00
   4.8060322e+00
   5.0166702e+00
   5.2239823e+00
   5.5301018e+00
   5.7486877e+00
   5.9636703e+00
   6.1973557e+00
   6.3190813e+00
   6.4621124e+00
   6.5906549e+00
   6.6730061e+00
   6.4559374e+00
   5.9036641e+00
   5.6055055e+00
   3.3387780e+00
   1.8516326e+00
   2.3868358e+00
   2.4880438e+00
   1.1186347e+00
   1.2276083e+00
   2.8544123e+00
   1.9195875e+00
   2.9134892e-02
   1.1212478e+00
   2.0344656e+00
   2.5619488e+00
   3.3888862e+00
   4.4037309e+00
   4.8872671e+00
   5.8141751e+00
   5.8882995e+00
   6.0227289e+00
   6.1108804e+00
   6.1362276e+00
   6.0875931e+00
   5.9996943e+00
   5.9062877e+00
   5.7791352e+00
   5.6690044e+00
   5.4994049e+00
   5.3792596e+00
   5.2708530e+00
   5.1155291e+00
   5.0369377e+00
   4.9574366e+00
   4.8804283e+00
   4.8142786e+00
   4.7385025e+00
   4.6828184e+00
   4.6268759e+00
   4.5825176e+00
   5.4027982e+00
   5.3803072e+00
   5.3495913e+00
   5.2993617e+00
   5.2610745e+00
   5.2297506e+00
   5.1784520e+00
   5.1456118e+00
   5.1184211e+00
   5.0951643e+00
   5.0734696e+00
   5.0496869e+00
   5.0662899e+00
   5.0628901e+00
   5.0919456e+00
   5.1223326e+00
   5.1840611e+00
   5.2620153e+00
   5.3941174e+00
   5.5286036e+00
   5.6764812e+00
   5.8975368e+00
   6.0935469e+00
   6.2929535e+00
   6.5414953e+00
   6.7366695e+00
   6.9092650e+00
   7.0844078e+00
   7.1732931e+00
   7.2339196e+00
   7.3247318e+00
   7.3643608e+00
   7.1769609e+00
   6.5568342e+00
   6.2799902e+00
   3.6671529e+00
   1.6211107e+00
   2.2875640e+00
   2.0843356e+00
   1.3436434e+00
   2.1936870e+00
   3.2108881e+00
   1.2958899e+00
   4.1499037e-01
   1.3674010e+00
   2.2017865e+00
   2.8205912e+00
   3.5517964e+00
   4.4691010e+00
   5.0464764e+00
   5.6469159e+00
   5.7693510e+00
   5.8835745e+00
   5.9883471e+00
   6.1278849e+00
   6.2002716e+00
   6.2275205e+00
   6.2210832e+00
   6.1794624e+00
   6.1323957e+00
   6.0427151e+00
   5.9623785e+00
   5.8827581e+00
   5.7897305e+00
   5.7435493e+00
   5.6982803e+00
   5.6362362e+00
   5.5957241e+00
   5.5406623e+00
   5.5015769e+00
   5.4603734e+00
   5.4389505e+00
   5.9677310e+00
   5.9560404e+00
   5.9311585e+00
   5.9084859e+00
   5.8745565e+00
   5.8543487e+00
   5.8167295e+00
   5.8046565e+00
   5.7881627e+00
   5.7938738e+00
   5.7942858e+00
   5.8036213e+00
   5.8252387e+00
   5.8560629e+00
   5.9023228e+00
   5.9796395e+00
   6.0549254e+00
   6.1447592e+00
   6.2847185e+00
   6.4176941e+00
   6.5680137e+00
   6.7694201e+00
   6.9548626e+00
   7.1266279e+00
   7.3376031e+00
   7.4824200e+00
   7.6260777e+00
   7.7185478e+00
   7.7930193e+00
   7.7746725e+00
   7.8225451e+00
   7.7728186e+00
   7.6101584e+00
   7.0258489e+00
   6.1328373e+00
   2.7300060e+00
   1.9512793e+00
   3.1095853e+00
   2.4994295e+00
   2.1702251e+00
   2.6714253e+00
   2.3324223e+00
   1.0934219e+00
   1.2994099e+00
   2.0270960e+00
   2.7627585e+00
   3.3094099e+00
   3.8432026e+00
   4.5057135e+00
   4.9015450e+00
   5.2583146e+00
   5.2459097e+00
   5.2516103e+00
   5.3415051e+00
   5.5951581e+00
   5.7648549e+00
   5.9244661e+00
   6.0163617e+00
   6.0944762e+00
   6.1283097e+00
   6.1657076e+00
   6.1455803e+00
   6.1371517e+00
   6.1124501e+00
   6.1207490e+00
   6.1113100e+00
   6.0934596e+00
   6.0634017e+00
   6.0280328e+00
   5.9987445e+00
   5.9850106e+00
   5.9859047e+00
   6.1411552e+00
   6.1471674e+00
   6.1389656e+00
   6.1493974e+00
   6.1405012e+00
   6.1461711e+00
   6.1357355e+00
   6.1486752e+00
   6.1453819e+00
   6.1758041e+00
   6.1983621e+00
   6.2412348e+00
   6.2787442e+00
   6.3367107e+00
   6.3983564e+00
   6.5041518e+00
   6.5883691e+00
   6.7036896e+00
   6.8362489e+00
   6.9774944e+00
   7.1131692e+00
   7.3076935e+00
   7.4491149e+00
   7.6012936e+00
   7.7431083e+00
   7.8637023e+00
   7.9409137e+00
   8.0199270e+00
   8.0294685e+00
   8.0234375e+00
   7.9368134e+00
   7.8826904e+00
   7.6325536e+00
   7.3144517e+00
   5.5621470e+00
   2.2888293e+00
   3.1973248e+00
   3.4742830e+00
   2.7772839e+00
   2.5582111e+00
   2.6817037e+00
   2.3185146e+00
   1.9444693e+00
   2.4541463e+00
   2.9718509e+00
   3.4881449e+00
   3.8288923e+00
   4.1231823e+00
   4.4994040e+00
   4.7116989e+00
   4.8747487e+00
   4.7468290e+00
   4.6903371e+00
   4.7528687e+00
   5.0159655e+00
   5.2067350e+00
   5.4172640e+00
   5.5722232e+00
   5.7106483e+00
   5.8008127e+00
   5.9113603e+00
   5.9535291e+00
   6.0066514e+00
   6.0421743e+00
   6.0817864e+00
   6.1113763e+00
   6.1345634e+00
   6.1251676e+00
   6.1045065e+00
   6.1068878e+00
   6.1153662e+00
   6.1387663e+00
   5.9384532e+00
   5.9675124e+00
   5.9951367e+00
   6.0280738e+00
   6.0539153e+00
   6.0806894e+00
   6.1181207e+00
   6.1506488e+00
   6.1789670e+00
   6.2117362e+00
   6.2510197e+00
   6.3044176e+00
   6.3647265e+00
   6.4380400e+00
   6.5070558e+00
   6.6161513e+00
   6.7037012e+00
   6.8339181e+00
   6.9520841e+00
   7.0823876e+00
   7.1809311e+00
   7.3458982e+00
   7.4329291e+00
   7.5566607e+00
   7.6336226e+00
   7.7275873e+00
   7.7503805e+00
   7.8080912e+00
   7.7725482e+00
   7.7659435e+00
   7.6141443e+00
   7.5569101e+00
   7.3005219e+00
   7.1706409e+00
   5.5608910e+00
   3.3400123e+00
   4.2762375e+00
   4.1518569e+00
   3.6274381e+00
   3.2018964e+00
   3.1067129e+00
   3.3125758e+00
   3.2276211e+00
   3.5030332e+00
   3.8318319e+00
   4.0302210e+00
   4.1550174e+00
   4.2221375e+00
   4.3352079e+00
   4.3774256e+00
   4.4264679e+00
   4.3521318e+00
   4.3248763e+00
   4.3728228e+00
   4.5292864e+00
   4.6736726e+00
   4.8245349e+00
   4.9852333e+00
   5.1025547e+00
   5.2111254e+00
   5.3109331e+00
   5.3990253e+00
   5.4710612e+00
   5.5548267e+00
   5.6008709e+00
   5.6629205e+00
   5.7151341e+00
   5.7476590e+00
   5.7628927e+00
   5.8153186e+00
   5.8577945e+00
   5.9031510e+00
   5.4447865e+00
   5.4856625e+00
   5.5422907e+00
   5.5871491e+00
   5.6337223e+00
   5.6685963e+00
   5.7249937e+00
   5.7680836e+00
   5.8183775e+00
   5.8641787e+00
   5.9058595e+00
   5.9523239e+00
   6.0149550e+00
   6.0936728e+00
   6.1619968e+00
   6.2640977e+00
   6.3410211e+00
   6.4459901e+00
   6.5465522e+00
   6.6380119e+00
   6.7092390e+00
   6.7968636e+00
   6.8625236e+00
   6.9225688e+00
   6.9841905e+00
   7.0042868e+00
   7.0170155e+00
   6.9874978e+00
   6.9643440e+00
   6.8923960e+00
   6.7993374e+00
   6.6893806e+00
   6.5896459e+00
   6.4215722e+00
   6.0118155e+00
   5.0041256e+00
   5.0550508e+00
   5.6135578e+00
   5.1074986e+00
   4.5086164e+00
   4.0517735e+00
   3.8014827e+00
   3.9596202e+00
   4.1154928e+00
   4.2291551e+00
   4.1947122e+00
   4.1487212e+00
   4.0577278e+00
   3.9879150e+00
   3.9167738e+00
   3.8720107e+00
   3.7943239e+00
   3.7657318e+00
   3.7840133e+00
   3.8466942e+00
   3.9347370e+00
   4.0189862e+00
   4.1557951e+00
   4.2630348e+00
   4.3760815e+00
   4.4823270e+00
   4.5859456e+00
   4.6686945e+00
   4.7683177e+00
   4.8428535e+00
   4.9189329e+00
   5.0017281e+00
   5.0721049e+00
   5.1451268e+00
   5.2384696e+00
   5.3192406e+00
   5.3807654e+00
   4.6177454e+00
   4.6801782e+00
   4.7445860e+00
   4.8119402e+00
   4.8607249e+00
   4.9023724e+00
   4.9446621e+00
   4.9771452e+00
   5.0214615e+00
   5.0805359e+00
   5.1270156e+00
   5.1740990e+00
   5.2465434e+00
   5.3231354e+00
   5.3999596e+00
   5.4898686e+00
   5.5477128e+00
   5.6022139e+00
   5.6692657e+00
   5.7174325e+00
   5.7592754e+00
   5.7955647e+00
   5.8249311e+00
   5.8357482e+00
   5.8323960e+00
   5.8120298e+00
   5.7741318e+00
   5.7158937e+00
   5.6407924e+00
   5.5599227e+00
   5.4466405e+00
   5.3744645e+00
   5.3032799e+00
   5.2529659e+00
   5.3586664e+00
   5.4727516e+00
   5.3687663e+00
   5.1514363e+00
   4.9074159e+00
   4.6176729e+00
   4.4113207e+00
   4.3050027e+00
   4.2943401e+00
   4.2910705e+00
   4.2292204e+00
   4.0595651e+00
   3.8807259e+00
   3.6907313e+00
   3.4904928e+00
   3.3546588e+00
   3.2386672e+00
   3.1172874e+00
   3.0445552e+00
   3.0085602e+00
   3.0115650e+00
   3.0494230e+00
   3.1038938e+00
   3.2107699e+00
   3.3214610e+00
   3.4291892e+00
   3.5595264e+00
   3.6589088e+00
   3.7476950e+00
   3.8461826e+00
   3.9338243e+00
   4.0154748e+00
   4.1060424e+00
   4.2014108e+00
   4.3100100e+00
   4.4251471e+00
   4.4969606e+00
   4.5550900e+00
   3.4720845e+00
   3.5375738e+00
   3.6008763e+00
   3.6777785e+00
   3.7456441e+00
   3.8091035e+00
   3.8638308e+00
   3.8976693e+00
   3.9350288e+00
   3.9908667e+00
   4.0518312e+00
   4.1177492e+00
   4.1907120e+00
   4.2513838e+00
   4.3163137e+00
   4.3891158e+00
   4.4346762e+00
   4.4631224e+00
   4.4792638e+00
   4.4898639e+00
   4.5053906e+00
   4.5122094e+00
   4.4908385e+00
   4.4502211e+00
   4.3859282e+00
   4.3215585e+00
   4.2468343e+00
   4.1454091e+00
   4.0511875e+00
   3.9567852e+00
   3.8583250e+00
   3.7928782e+00
   3.7521815e+00
   3.7453151e+00
   3.7936707e+00
   3.9067454e+00
   4.0605402e+00
   4.1637325e+00
   4.2153821e+00
   4.1837754e+00
   4.1462317e+00
   4.1340075e+00
   4.1095953e+00
   4.0305490e+00
   3.8769541e+00
   3.6122441e+00
   3.3549509e+00
   3.0886989e+00
   2.7952132e+00
   2.5868626e+00
   2.4074368e+00
   2.2254989e+00
   2.1054053e+00
   2.0250754e+00
   1.9846025e+00
   1.9882833e+00
   2.0219946e+00
   2.1046786e+00
   2.1925492e+00
   2.2875223e+00
   2.4168167e+00
   2.5223694e+00
   2.6205440e+00
   2.7329910e+00
   2.8159394e+00
   2.8948770e+00
   2.9959185e+00
   3.0928512e+00
   3.1930566e+00
   3.2899063e+00
   3.3469946e+00
   3.3995674e+00
   2.0548983e+00
   2.1071489e+00
   2.1643677e+00
   2.2453163e+00
   2.3186388e+00
   2.3860734e+00
   2.4595709e+00
   2.5186286e+00
   2.5691435e+00
   2.6258774e+00
   2.6813419e+00
   2.7361169e+00
   2.7894671e+00
   2.8269901e+00
   2.8611104e+00
   2.8970158e+00
   2.9262738e+00
   2.9481130e+00
   2.9549885e+00
   2.9520206e+00
   2.9437962e+00
   2.9067030e+00
   2.8486607e+00
   2.7770736e+00
   2.6763289e+00
   2.5848138e+00
   2.4950993e+00
   2.3935058e+00
   2.3140450e+00
   2.2345350e+00
   2.1477692e+00
   2.1011779e+00
   2.0872011e+00
   2.1162229e+00
   2.2011881e+00
   2.3533502e+00
   2.6169450e+00
   2.8583457e+00
   3.0668750e+00
   3.2389441e+00
   3.3189783e+00
   3.3434770e+00
   3.2758474e+00
   3.1245751e+00
   2.9079177e+00
   2.5958552e+00
   2.3156750e+00
   2.0430243e+00
   1.7507991e+00
   1.5376387e+00
   1.3507310e+00
   1.1650299e+00
   1.0419888e+00
   9.5011389e-01
   8.8002950e-01
   8.5121477e-01
   8.5389370e-01
   8.9054483e-01
   9.3817240e-01
   1.0048575e+00
   1.1143425e+00
   1.2159557e+00
   1.3159847e+00
   1.4299835e+00
   1.5156977e+00
   1.5942767e+00
   1.6806108e+00
   1.7458988e+00
   1.8059258e+00
   1.8736830e+00
   1.9315537e+00
   1.9900258e+00
   6.7422289e-01
   7.0802385e-01
   7.4698108e-01
   8.0088621e-01
   8.4995538e-01
   9.0251362e-01
   9.6635634e-01
   1.0146708e+00
   1.0568115e+00
   1.1065527e+00
   1.1524433e+00
   1.1985714e+00
   1.2473649e+00
   1.2759233e+00
   1.2911742e+00
   1.3011242e+00
   1.3058652e+00
   1.3073140e+00
   1.3015059e+00
   1.2825985e+00
   1.2453561e+00
   1.1790010e+00
   1.1121393e+00
   1.0371157e+00
   9.4227242e-01
   8.6398000e-01
   7.8192008e-01
   6.8163115e-01
   6.0545266e-01
   5.3760922e-01
   4.7128975e-01
   4.4275349e-01
   4.4972944e-01
   5.1756603e-01
   6.3096273e-01
   7.9434180e-01
   1.0436218e+00
   1.2701159e+00
   1.4815024e+00
   1.6765622e+00
   1.7705197e+00
   1.7972052e+00
   1.7365210e+00
   1.6270177e+00
   1.4885614e+00
   1.3047843e+00
   1.1447752e+00
   9.8611575e-01
   7.9569298e-01
   6.3736880e-01
   4.8923275e-01
   3.3068380e-01
   2.1064484e-01
   1.0380003e-01
   2.2407081e-03
  -6.0367480e-02
  -9.9916890e-02
  -1.1270293e-01
  -9.8105192e-02
  -6.1392963e-02
   1.1311205e-02
   8.1083044e-02
   1.5298621e-01
   2.4373493e-01
   3.1205028e-01
   3.6755461e-01
   4.2593083e-01
   4.7133398e-01
   5.0961238e-01
   5.5327469e-01
   5.9333408e-01
   6.3230956e-01
  -1.8995193e-01
  -1.7109616e-01
  -1.4411226e-01
  -1.0198265e-01
  -5.7873361e-02
  -1.1747209e-02
   3.3607554e-02
   6.4335003e-02
   9.8038122e-02
   1.4730856e-01
   1.8612304e-01
   2.1334606e-01
   2.2855876e-01
   2.3488978e-01
   2.3963688e-01
   2.3663159e-01
   2.2183947e-01
   1.9780198e-01
   1.6147251e-01
   1.2832537e-01
   9.3161039e-02
   4.2335149e-02
  -7.3307045e-03
  -6.0388334e-02
  -1.2767647e-01
  -1.9009061e-01
  -2.5992975e-01
  -3.4956598e-01
  -4.2477947e-01
  -4.9454957e-01
  -5.5501837e-01
  -5.7552558e-01
  -5.6663263e-01
  -5.1375723e-01
  -4.3524286e-01
  -3.2988554e-01
  -1.7853759e-01
  -4.2755760e-02
   9.2200831e-02
   2.4031876e-01
   3.3942965e-01
   4.1068149e-01
   4.6331057e-01
   4.8407012e-01
   4.8123807e-01
   4.4163874e-01
   3.8113934e-01
   3.0369416e-01
   1.9298248e-01
   9.1677673e-02
  -1.0228535e-02
  -1.3034157e-01
  -2.2834939e-01
  -3.1996921e-01
  -4.1318148e-01
  -4.7251594e-01
  -5.1226515e-01
  -5.2883112e-01
  -5.1849490e-01
  -4.9472588e-01
  -4.6114570e-01
  -4.3717733e-01
  -4.1674650e-01
  -3.9164165e-01
  -3.6649710e-01
  -3.3713478e-01
  -2.9973811e-01
  -2.7060038e-01
  -2.4465302e-01
  -2.2144787e-01
  -2.1044505e-01
  -2.0313600e-01
  -6.0392857e-01
  -6.0199577e-01
  -5.9784335e-01
  -5.9170532e-01
  -5.8546323e-01
  -5.7700557e-01
  -5.5974543e-01
  -5.3949976e-01
  -5.1637745e-01
  -4.9263635e-01
  -4.8230630e-01
  -4.8005170e-01
  -4.8434356e-01
  -4.9239597e-01
  -5.0641721e-01
  -5.3180641e-01
  -5.5607969e-01
  -5.7751960e-01
  -5.9706730e-01
  -6.1167455e-01
  -6.3059133e-01
  -6.6633797e-01
  -7.0712858e-01
  -7.5415850e-01
  -8.1673574e-01
  -8.7271762e-01
  -9.3080878e-01
  -1.0002072e+00
  -1.0506938e+00
  -1.0876704e+00
  -1.1085114e+00
  -1.1086555e+00
  -1.0958183e+00
  -1.0601908e+00
  -1.0128473e+00
  -9.5231253e-01
  -8.6310774e-01
  -7.7760816e-01
  -6.8547821e-01
  -5.6974095e-01
  -4.7344381e-01
  -3.8210237e-01
  -2.8388536e-01
  -2.1799809e-01
  -1.7180687e-01
  -1.4551406e-01
  -1.4368153e-01
  -1.5405691e-01
  -1.8132012e-01
  -2.1586162e-01
  -2.5918412e-01
  -3.1940746e-01
  -3.7187660e-01
  -4.2322734e-01
  -4.7975513e-01
  -5.1782560e-01
  -5.4595160e-01
  -5.6818593e-01
  -5.8018214e-01
  -5.8905637e-01
  -5.9728867e-01
  -6.0324913e-01
  -6.0885453e-01
  -6.1330289e-01
  -6.1324310e-01
  -6.0994881e-01
  -6.0241580e-01
  -5.9531993e-01
  -5.9102863e-01
  -5.9222072e-01
  -5.9725016e-01
  -6.0218942e-01
  -4.2909840e-01
  -4.5131934e-01
  -4.7148320e-01
  -4.9260145e-01
  -5.0779074e-01
  -5.2060086e-01
  -5.3355312e-01
  -5.4391354e-01
  -5.5389583e-01
  -5.6621355e-01
  -5.7700687e-01
  -5.8851206e-01
  -6.0408944e-01
  -6.1867277e-01
  -6.3405788e-01
  -6.5240687e-01
  -6.6676978e-01
  -6.8075371e-01
  -6.9812566e-01
  -7.1470705e-01
  -7.3438573e-01
  -7.6243162e-01
  -7.8838124e-01
  -8.1580520e-01
  -8.4937131e-01
  -8.7528236e-01
  -8.9749300e-01
  -9.1745991e-01
  -9.2729379e-01
  -9.3088460e-01
  -9.2633748e-01
  -9.1563184e-01
  -8.9887476e-01
  -8.6891687e-01
  -8.3586444e-01
  -7.9593986e-01
  -7.3838288e-01
  -6.8256871e-01
  -6.2172103e-01
  -5.4484069e-01
  -4.8049671e-01
  -4.1838965e-01
  -3.4922728e-01
  -2.9764100e-01
  -2.5258994e-01
  -2.0725331e-01
  -1.7604489e-01
  -1.5009883e-01
  -1.2651369e-01
  -1.1281786e-01
  -1.0393526e-01
  -9.9458590e-02
  -1.0015665e-01
  -1.0410922e-01
  -1.1246236e-01
  -1.2157509e-01
  -1.3166460e-01
  -1.4427009e-01
  -1.5459500e-01
  -1.6386715e-01
  -1.7345907e-01
  -1.8145918e-01
  -1.9057830e-01
  -2.0421740e-01
  -2.1871049e-01
  -2.3640493e-01
  -2.6207775e-01
  -2.8684282e-01
  -3.1383264e-01
  -3.4695417e-01
  -3.7405641e-01
  -4.0012890e-01
