   0.0000000e+00
   0.0000000e+00
   0.0000000e+00
   0.0000000e+00
   0.0000000e+00
   0.0000000e+00
   0.0000000e+00
   0.0000000e+00
   0.0000000e+00
   0.0000000e+00
   0.0000000e+00
   0.0000000e+00
   0.0000000e+00
   0.0000000e+00
   0.0000000e+00
   0.0000000e+00
   0.0000000e+00
   0.0000000e+00
   0.0000000e+00
   0.0000000e+00
   0.0000000e+00
   0.0000000e+00
   0.0000000e+00
   0.0000000e+00
   0.0000000e+00
   0.0000000e+00
   0.0000000e+00
   0.0000000e+00
   0.0000000e+00
   0.0000000e+00
   0.0000000e+00
   0.0000000e+00
   0.0000000e+00
   0.0000000e+00
   0.0000000e+00
   0.0000000e+00
   0.0000000e+00
   0.0000000e+00
   0.0000000e+00
   0.0000000e+00
   0.0000000e+00
   0.0000000e+00
   0.0000000e+00
   0.0000000e+00
   0.0000000e+00
   0.0000000e+00
   0.0000000e+00
   0.0000000e+00
   0.0000000e+00
   0.0000000e+00
   0.0000000e+00
   0.0000000e+00
   0.0000000e+00
   0.0000000e+00
   0.0000000e+00
   0.0000000e+00
   0.0000000e+00
   0.0000000e+00
   0.0000000e+00
   0.0000000e+00
   0.0000000e+00
   0.0000000e+00
   0.0000000e+00
   0.0000000e+00
   0.0000000e+00
   0.0000000e+00
   0.0000000e+00
   0.0000000e+00
   0.0000000e+00
   0.0000000e+00
   0.0000000e+00
   0.0000000e+00
   0.0000000e+00
   0.0000000e+00
   0.0000000e+00
   0.0000000e+00
   0.0000000e+00
   0.0000000e+00
   0.0000000e+00
   0.0000000e+00
   0.0000000e+00
   0.0000000e+00
   0.0000000e+00
   0.0000000e+00
   0.0000000e+00
   6.7541412e-02
   5.4691624e-02
   2.8371594e-02
   3.2789829e-02
   2.4232469e-02
   9.8873993e-03
  -7.8385129e-03
  -1.2538431e-02
  -2.4405992e-02
  -4.1356191e-02
  -5.7882286e-02
  -6.4563444e-02
   0.0000000e+00
   0.0000000e+00
   0.0000000e+00
   0.0000000e+00
   0.0000000e+00
   0.0000000e+00
   0.0000000e+00
   0.0000000e+00
   0.0000000e+00
   0.0000000e+00
   0.0000000e+00
   0.0000000e+00
   0.0000000e+00
   0.0000000e+00
   3.7625626e-03
   1.2742950e-02
   8.1236889e-03
   1.7636859e-03
   1.0055791e-03
  -3.3681995e-03
  -1.5080228e-02
  -2.0705651e-02
  -3.3849260e-02
   0.0000000e+00
   0.0000000e+00
   0.0000000e+00
   0.0000000e+00
   0.0000000e+00
   0.0000000e+00
   0.0000000e+00
   0.0000000e+00
   0.0000000e+00
   0.0000000e+00
   0.0000000e+00
   0.0000000e+00
   0.0000000e+00
   0.0000000e+00
   0.0000000e+00
   0.0000000e+00
   0.0000000e+00
   0.0000000e+00
   0.0000000e+00
   0.0000000e+00
   0.0000000e+00
   0.0000000e+00
   0.0000000e+00
   0.0000000e+00
   0.0000000e+00
   0.0000000e+00
   0.0000000e+00
   0.0000000e+00
   0.0000000e+00
   0.0000000e+00
   0.0000000e+00
   0.0000000e+00
   0.0000000e+00
   0.0000000e+00
   0.0000000e+00
   0.0000000e+00
   0.0000000e+00
   8.9016257e-03
   2.6192563e-02
   3.8432620e-02
   5.2009106e-02
   4.9304467e-02
   4.1427530e-02
   3.6755715e-02
   3.3691611e-02
   2.7279833e-02
   1.7914400e-02
   1.0604925e-02
   1.3295870e-02
   7.5891091e-03
   2.5234411e-03
   4.1924670e-06
  -3.2670875e-04
   9.4054838e-04
  -9.9480325e-04
  -1.0348104e-02
  -1.5051922e-02
  -1.0417031e-02
  -4.1452675e-03
  -1.1811396e-02
  -1.0855627e-02
   0.0000000e+00
   0.0000000e+00
  -1.4758931e-03
  -2.0020518e-04
  -1.8425029e-03
   4.6863328e-03
   1.2686383e-02
   1.2643967e-02
   1.0298291e-02
   5.3171357e-03
  -1.9435507e-03
  -1.6512297e-02
  -1.3056043e-02
  -3.0271947e-02
  -5.2722803e-02
  -7.4104834e-02
  -8.5189643e-02
  -9.7274433e-02
  -1.0850384e-01
  -1.0819920e-01
   0.0000000e+00
   0.0000000e+00
   0.0000000e+00
   0.0000000e+00
   0.0000000e+00
   0.0000000e+00
   0.0000000e+00
   0.0000000e+00
   0.0000000e+00
   0.0000000e+00
   0.0000000e+00
   0.0000000e+00
   0.0000000e+00
   0.0000000e+00
   0.0000000e+00
   0.0000000e+00
   0.0000000e+00
   0.0000000e+00
  -3.1021992e-02
  -2.9890741e-02
  -3.2076430e-02
   0.0000000e+00
   1.1943959e-04
   1.8694384e-02
   4.3570941e-02
   2.1899747e-02
   2.8804409e-02
   3.5464812e-02
   3.7591174e-02
   5.5598736e-02
   7.2555088e-02
   8.2815111e-02
   8.6422198e-02
   8.9141123e-02
   8.7810986e-02
   8.3266579e-02
   7.7611789e-02
   6.8949997e-02
   6.2900297e-02
   5.9282072e-02
   5.3928733e-02
   5.0031353e-02
   4.9879000e-02
   4.8882551e-02
   4.5178749e-02
   4.4907041e-02
   4.6964351e-02
   4.2739965e-02
   3.7697650e-02
   3.9882850e-02
   3.7868802e-02
   2.2173868e-02
   1.4158317e-02
   5.5954160e-02
   1.9180657e-02
   2.7224561e-02
   3.2264452e-02
   3.4893453e-02
   3.6100525e-02
   3.5070293e-02
   3.3532307e-02
   3.0613255e-02
   2.6758518e-02
   2.1477923e-02
   1.2288442e-02
   2.6049903e-03
  -8.2822647e-03
  -2.2414479e-02
  -3.2379106e-02
  -3.9117545e-02
  -4.4905700e-02
  -4.0360746e-02
  -3.1475444e-02
  -3.3095162e-02
  -4.6950433e-02
  -3.7792062e-02
  -3.1301699e-02
  -5.5132204e-02
  -7.2987429e-02
  -7.9042198e-02
  -5.2086846e-02
  -1.7854098e-02
  -1.3589091e-02
  -2.9959931e-02
  -5.2367196e-02
  -8.4338488e-02
   0.0000000e+00
  -8.3652802e-03
  -1.0571497e-04
   1.5132334e-02
  -1.1046446e-03
  -8.6235767e-04
   1.3178343e-02
   5.0664791e-02
   2.7712125e-02
   4.4362089e-02
   6.3875504e-02
   8.2839824e-02
   9.1615174e-02
   9.8591931e-02
   1.0508364e-01
   1.0819935e-01
   1.1426365e-01
   1.2256061e-01
   1.2654002e-01
   1.2977378e-01
   1.3050492e-01
   1.2633401e-01
   1.1933223e-01
   1.0857743e-01
   1.0018046e-01
   9.5583871e-02
   9.1988847e-02
   8.8959870e-02
   8.7747350e-02
   8.6949274e-02
   8.5629066e-02
   8.4905282e-02
   8.3753601e-02
   8.2465549e-02
   8.1495807e-02
   7.9078108e-02
   7.7389082e-02
   7.7073716e-02
   7.7068903e-02
   7.5928284e-02
   7.2038651e-02
   7.4610367e-02
   7.4611543e-02
   7.1964920e-02
   6.7989156e-02
   6.5490402e-02
   6.3425049e-02
   6.0254604e-02
   5.7736442e-02
   5.5212982e-02
   5.0518062e-02
   4.6599885e-02
   4.2852275e-02
   3.7244637e-02
   3.3455480e-02
   3.0952496e-02
   2.9371072e-02
   3.0701900e-02
   3.3138465e-02
   3.4626011e-02
   3.3888697e-02
   2.6462791e-02
   5.3330231e-03
  -1.2161913e-02
  -2.6376829e-02
  -3.3286765e-02
  -1.7464293e-02
   4.5667882e-03
   8.5246051e-03
  -1.8852481e-03
  -1.7801488e-02
  -3.5674749e-02
  -1.2065843e-03
   4.0365642e-02
   4.3662666e-02
   5.1141083e-02
   5.8667306e-02
   6.5538276e-02
   7.0502177e-02
   7.6662389e-02
   8.6330955e-02
   9.5737033e-02
   1.0409922e-01
   1.1235343e-01
   1.1905779e-01
   1.2461356e-01
   1.2645455e-01
   1.2610069e-01
   1.2831383e-01
   1.3518756e-01
   1.4124845e-01
   1.4592571e-01
   1.5095777e-01
   1.5165356e-01
   1.4461633e-01
   1.3168488e-01
   1.2378214e-01
   1.1891243e-01
   1.1540383e-01
   1.1360155e-01
   1.1257072e-01
   1.1174057e-01
   1.1147031e-01
   1.1123384e-01
   1.1000549e-01
   1.0855232e-01
   1.0706264e-01
   1.0497226e-01
   1.0496041e-01
   1.1125312e-01
   1.2381645e-01
   1.2414654e-01
   1.0901090e-01
   9.4498893e-02
   8.7630145e-02
   8.3823447e-02
   8.3628063e-02
   8.4290922e-02
   8.4455778e-02
   8.5119901e-02
   8.4928162e-02
   8.3984961e-02
   8.2530287e-02
   8.0595031e-02
   7.8837660e-02
   7.7062820e-02
   7.6091580e-02
   7.6275368e-02
   7.7791196e-02
   8.0366850e-02
   8.3815706e-02
   8.7890973e-02
   9.0101838e-02
   9.0404725e-02
   8.7635202e-02
   8.3016858e-02
   7.7603337e-02
   7.2216798e-02
   6.9716677e-02
   6.8799992e-02
   6.8033848e-02
   6.6200078e-02
   6.1900035e-02
   5.2563402e-02
   4.4470690e-02
   9.7775802e-02
   9.6446626e-02
   9.7402096e-02
   9.9062070e-02
   1.0190599e-01
   1.0402474e-01
   1.0619067e-01
   1.0978797e-01
   1.1306340e-01
   1.1589125e-01
   1.1801302e-01
   1.2116857e-01
   1.2440863e-01
   1.2436241e-01
   1.2239493e-01
   1.2252823e-01
   1.2953335e-01
   1.3614020e-01
   1.4214064e-01
   1.5270323e-01
   1.5848523e-01
   1.5465973e-01
   1.4195290e-01
   1.3424425e-01
   1.3034990e-01
   1.2743925e-01
   1.2679636e-01
   1.2607625e-01
   1.2554497e-01
   1.2539290e-01
   1.2403928e-01
   1.2385090e-01
   1.2146356e-01
   1.1901548e-01
   1.1596183e-01
   1.0995492e-01
   1.2300639e-01
   1.4068435e-01
   0.0000000e+00
   9.8276087e-02
   8.7726615e-02
   8.1676766e-02
   8.2434118e-02
   8.7497093e-02
   9.3525738e-02
   9.8897532e-02
   1.0341094e-01
   1.0764226e-01
   1.0960336e-01
   1.1126193e-01
   1.1138032e-01
   1.1118422e-01
   1.1291137e-01
   1.1417466e-01
   1.1673407e-01
   1.2071309e-01
   1.2422761e-01
   1.2768018e-01
   1.3022378e-01
   1.3212644e-01
   1.3329579e-01
   1.3436569e-01
   1.3483134e-01
   1.3444424e-01
   1.3299683e-01
   1.2863828e-01
   1.2239881e-01
   1.1757173e-01
   1.1604863e-01
   1.1350768e-01
   1.0678881e-01
   1.0122749e-01
   1.2850125e-01
   1.2483149e-01
   1.2240165e-01
   1.2004629e-01
   1.1633319e-01
   1.1381723e-01
   1.1056095e-01
   1.0951713e-01
   1.0875955e-01
   1.0645650e-01
   1.0305238e-01
   1.0324832e-01
   1.0474259e-01
   1.0605036e-01
   1.0503058e-01
   1.0153499e-01
   1.0708187e-01
   1.1411723e-01
   1.2098889e-01
   1.3416225e-01
   1.4390477e-01
   1.4499047e-01
   1.3547084e-01
   1.3071597e-01
   1.2812455e-01
   1.2740205e-01
   1.2762071e-01
   1.2671573e-01
   1.2813345e-01
   1.2620234e-01
   1.2704858e-01
   1.2492242e-01
   1.2349415e-01
   1.1974407e-01
   1.1041744e-01
   1.0448870e-01
   8.8267237e-02
   0.0000000e+00
   0.0000000e+00
   2.8615110e-02
   4.6803422e-02
   6.0038407e-02
   7.0969768e-02
   8.6490825e-02
   9.6244324e-02
   1.0713833e-01
   1.1587407e-01
   1.2459785e-01
   1.2896979e-01
   1.3369022e-01
   1.3574412e-01
   1.3731410e-01
   1.4079419e-01
   1.4301114e-01
   1.4605644e-01
   1.4841242e-01
   1.5151064e-01
   1.5310934e-01
   1.5373626e-01
   1.5476910e-01
   1.5535769e-01
   1.5793282e-01
   1.6015936e-01
   1.6415763e-01
   1.6628416e-01
   1.6268418e-01
   1.5636851e-01
   1.5217869e-01
   1.5245406e-01
   1.4823568e-01
   1.4033811e-01
   1.3307343e-01
   1.4237615e-01
   1.3671935e-01
   1.3010577e-01
   1.2340420e-01
   1.1399559e-01
   1.0803177e-01
   1.0130886e-01
   9.8151190e-02
   9.5894299e-02
   9.2946137e-02
   8.2736408e-02
   8.1480813e-02
   7.8673062e-02
   8.3509019e-02
   9.0641667e-02
   8.0695760e-02
   7.7960414e-02
   8.6966542e-02
   9.5586291e-02
   1.0841300e-01
   1.2173538e-01
   1.2345676e-01
   1.2202776e-01
   1.1744177e-01
   1.1922234e-01
   1.1748704e-01
   1.1914367e-01
   1.1822583e-01
   1.1859756e-01
   1.1912637e-01
   1.1773602e-01
   1.1984622e-01
   1.1392494e-01
   1.1511523e-01
   9.8291917e-02
   9.6429920e-02
   5.6073498e-02
   0.0000000e+00
   0.0000000e+00
   5.1730468e-04
   2.6150629e-02
   4.3024848e-02
   6.1206851e-02
   7.8574863e-02
   9.2458246e-02
   1.0533566e-01
   1.1818299e-01
   1.2987887e-01
   1.3578359e-01
   1.4506667e-01
   1.4694988e-01
   1.5216915e-01
   1.5205651e-01
   1.5650473e-01
   1.5614876e-01
   1.5768901e-01
   1.5651676e-01
   1.5565736e-01
   1.5374483e-01
   1.5204848e-01
   1.5347564e-01
   1.5509609e-01
   1.6143217e-01
   1.6722314e-01
   1.7489264e-01
   1.7096702e-01
   1.6728959e-01
   1.6690234e-01
   1.6909058e-01
   1.6428570e-01
   1.5593032e-01
   1.4854338e-01
   1.4531372e-01
   1.3619810e-01
   1.2472909e-01
   1.1428536e-01
   1.0189379e-01
   9.4269147e-02
   8.5731482e-02
   8.2308707e-02
   7.6867660e-02
   0.0000000e+00
   6.2432196e-02
   5.8443434e-02
   5.9288166e-02
   4.9543231e-02
   0.0000000e+00
   3.9827369e-02
   4.6415302e-02
   6.1699983e-02
   6.9698725e-02
   8.7131364e-02
   9.6910505e-02
   1.0399704e-01
   1.0177223e-01
   1.0389698e-01
   1.0256069e-01
   1.0556491e-01
   1.0286106e-01
   1.0522240e-01
   1.0196649e-01
   1.0613120e-01
   1.0323591e-01
   1.0742054e-01
   1.0152004e-01
   1.0388813e-01
   8.8750941e-02
   8.4538308e-02
   4.6663421e-02
   0.0000000e+00
   0.0000000e+00
  -1.1516002e-03
   1.9896037e-02
   3.3662031e-02
   5.1902297e-02
   6.5778863e-02
   8.1676026e-02
   9.3476651e-02
   1.1247524e-01
   1.2396592e-01
   1.3578741e-01
   1.4341543e-01
   1.4984093e-01
   1.5231063e-01
   1.5500612e-01
   1.5520232e-01
   1.5508344e-01
   1.5133495e-01
   1.4824260e-01
   1.4388476e-01
   1.3841153e-01
   1.3447034e-01
   1.3431647e-01
   1.3900445e-01
   1.4627396e-01
   1.5665049e-01
   1.6510871e-01
   1.6556142e-01
   1.6532872e-01
   1.7216879e-01
   1.7374208e-01
   1.7015618e-01
   1.6083426e-01
   1.5366963e-01
   1.3807967e-01
   1.2687506e-01
   1.1065911e-01
   9.8108133e-02
   8.3957945e-02
   7.6505729e-02
   6.8365556e-02
   6.3614505e-02
   5.6192682e-02
   0.0000000e+00
   4.3708059e-02
   3.7564071e-02
   4.1666226e-02
   2.6980347e-02
   0.0000000e+00
   0.0000000e+00
   2.8825869e-02
   4.1637815e-02
   5.3461353e-02
   6.8379577e-02
   7.9001413e-02
   8.4115882e-02
   8.5785050e-02
   8.5786836e-02
   8.6600387e-02
   8.6236941e-02
   8.5989852e-02
   8.5511526e-02
   8.6097018e-02
   8.7001235e-02
   8.7622491e-02
   8.8630202e-02
   8.7686299e-02
   8.7820122e-02
   7.9031535e-02
   7.1196808e-02
   4.0077563e-02
   0.0000000e+00
   0.0000000e+00
   0.0000000e+00
   1.8045580e-02
   2.8053112e-02
   4.2043305e-02
   5.1801921e-02
   6.5653927e-02
   7.8334542e-02
   1.0028313e-01
   1.1348462e-01
   1.2643079e-01
   1.3527517e-01
   1.4259855e-01
   1.4549308e-01
   1.4635322e-01
   1.4370632e-01
   1.3997825e-01
   1.3392038e-01
   1.2782472e-01
   1.2200251e-01
   1.1214869e-01
   1.0663658e-01
   1.0548809e-01
   1.1294858e-01
   1.2149821e-01
   1.3422331e-01
   1.4418883e-01
   1.5022244e-01
   1.5589570e-01
   1.6706159e-01
   1.6731253e-01
   1.6497027e-01
   1.5627771e-01
   1.4892016e-01
   1.2174559e-01
   1.0987184e-01
   9.0348884e-02
   7.8048415e-02
   6.6619880e-02
   5.6762487e-02
   4.9580105e-02
   4.1019346e-02
   0.0000000e+00
   0.0000000e+00
   2.3183459e-02
   2.0400355e-02
   2.0329608e-02
   2.2265539e-02
   1.5445404e-02
   0.0000000e+00
   2.6925836e-02
   3.4818564e-02
   4.2783573e-02
   5.4358482e-02
   6.2084220e-02
   6.6835478e-02
   6.7478575e-02
   6.7668475e-02
   6.7747869e-02
   6.6958807e-02
   6.6640988e-02
   6.5661147e-02
   6.7530088e-02
   6.7388237e-02
   6.9804639e-02
   6.9923267e-02
   7.1566910e-02
   7.0536293e-02
   6.6725388e-02
   5.8366939e-02
   3.4662995e-02
   0.0000000e+00
   0.0000000e+00
   0.0000000e+00
   1.5612773e-02
   2.2367720e-02
   3.1024966e-02
   3.9091121e-02
   4.8828766e-02
   6.3060172e-02
   8.3218284e-02
   9.8580323e-02
   1.0950917e-01
   1.2024690e-01
   1.2543871e-01
   1.2884995e-01
   1.2696579e-01
   1.2241654e-01
   1.1536248e-01
   1.0561774e-01
   9.9675715e-02
   9.3733579e-02
   8.3510831e-02
   7.6126814e-02
   7.5382315e-02
   8.1617609e-02
   9.1230839e-02
   1.0238686e-01
   1.1554076e-01
   1.2541424e-01
   1.3662441e-01
   1.4750867e-01
   1.4918822e-01
   1.4743771e-01
   1.4089760e-01
   1.3178259e-01
   1.0166623e-01
   9.0715774e-02
   0.0000000e+00
   7.7121728e-02
   4.4741701e-02
   3.7183587e-02
   3.9103818e-02
   3.9627598e-02
   0.0000000e+00
   0.0000000e+00
   1.1151081e-02
   8.7173991e-03
   7.1315467e-03
   1.1791187e-02
   1.1858252e-02
   1.4307787e-02
   2.1645423e-02
   2.6528865e-02
   3.2096520e-02
   3.9792508e-02
   4.5760475e-02
   4.9441148e-02
   5.0653327e-02
   5.0570857e-02
   4.9629420e-02
   4.8734792e-02
   4.8085622e-02
   4.8195947e-02
   4.9783017e-02
   5.1151045e-02
   5.3415522e-02
   5.4846097e-02
   5.6674093e-02
   5.6256093e-02
   5.4364514e-02
   4.7493108e-02
   3.0356426e-02
   0.0000000e+00
   0.0000000e+00
   0.0000000e+00
   8.6573707e-03
   1.4561355e-02
   2.2484243e-02
   2.9139731e-02
   3.6727756e-02
   4.9590111e-02
   6.8448178e-02
   8.1941798e-02
   9.1552995e-02
   9.9544302e-02
   1.0390517e-01
   1.0529452e-01
   1.0234229e-01
   9.4901428e-02
   8.4232971e-02
   7.2109327e-02
   6.7870624e-02
   6.6323526e-02
   5.8369171e-02
   5.2685708e-02
   5.1967133e-02
   5.7082858e-02
   6.5308087e-02
   7.5185560e-02
   8.8675149e-02
   1.0001576e-01
   1.1166602e-01
   1.2177512e-01
   1.2438983e-01
   1.2394090e-01
   1.1859632e-01
   1.0944378e-01
   7.7607460e-02
   6.4688216e-02
   0.0000000e+00
   0.0000000e+00
   4.0153988e-02
   3.3120516e-02
   0.0000000e+00
   0.0000000e+00
   0.0000000e+00
   0.0000000e+00
   6.1525769e-03
   4.4709546e-04
  -2.7432502e-03
   1.4853699e-03
   5.5919443e-03
   8.9093065e-03
   1.3760382e-02
   1.7010527e-02
   2.0540791e-02
   2.5573147e-02
   2.9264826e-02
   3.2022770e-02
   3.3345528e-02
   3.3138961e-02
   3.2142080e-02
   3.1149708e-02
   3.1199377e-02
   3.2135464e-02
   3.4028389e-02
   3.6352247e-02
   3.8729180e-02
   4.0883709e-02
   4.2793229e-02
   4.3212947e-02
   4.1660875e-02
   3.6625020e-02
   2.4764286e-02
   0.0000000e+00
   0.0000000e+00
   0.0000000e+00
   7.1679041e-03
   9.1064762e-03
   1.5850561e-02
   2.2083944e-02
   2.8762484e-02
   3.9805710e-02
   5.5594616e-02
   6.6166922e-02
   7.3183559e-02
   7.8002304e-02
   8.0408573e-02
   8.0173753e-02
   7.5020060e-02
   6.4760864e-02
   4.9803637e-02
   4.0530920e-02
   4.2916991e-02
   4.2530254e-02
   3.6174893e-02
   3.2627027e-02
   3.2340437e-02
   3.6601745e-02
   4.3311972e-02
   5.2193068e-02
   6.4297296e-02
   7.4602693e-02
   8.4358178e-02
   9.2747182e-02
   9.6206740e-02
   9.6897371e-02
   9.2465527e-02
   8.4595129e-02
   5.1795628e-02
   3.9205780e-02
   0.0000000e+00
   0.0000000e+00
   0.0000000e+00
   0.0000000e+00
   0.0000000e+00
   0.0000000e+00
   0.0000000e+00
   0.0000000e+00
  -2.8684337e-03
  -6.1531514e-03
  -1.0186122e-02
  -6.9419025e-03
  -2.1783514e-03
   1.3140449e-03
   4.4071823e-03
   6.2965280e-03
   8.2757920e-03
   1.1173142e-02
   1.3140644e-02
   1.5220056e-02
   1.6567018e-02
   1.6518990e-02
   1.6030736e-02
   1.5740661e-02
   1.6636660e-02
   1.8223710e-02
   2.0687371e-02
   2.3384124e-02
   2.5833100e-02
   2.8174905e-02
   2.9967006e-02
   3.0603543e-02
   2.9087255e-02
   2.5838835e-02
   2.0488350e-02
   1.7191746e-02
   0.0000000e+00
   0.0000000e+00
   0.0000000e+00
   4.8235311e-03
   8.5715410e-03
   1.3940180e-02
   2.0328980e-02
   3.0098259e-02
   4.2751957e-02
   5.0292127e-02
   5.4709263e-02
   5.6950577e-02
   5.7376254e-02
   5.5657521e-02
   4.8423190e-02
   3.5641566e-02
   1.7857939e-02
   2.6731732e-02
   3.2631179e-02
   1.9751364e-02
   1.6241826e-02
   1.5120677e-02
   1.5544865e-02
   1.8953744e-02
   2.4411965e-02
   3.2144867e-02
   4.2046580e-02
   5.0022379e-02
   5.7270117e-02
   6.4075090e-02
   6.7829795e-02
   6.9089398e-02
   6.5393008e-02
   5.8978535e-02
   2.6401531e-02
   1.6062015e-02
   0.0000000e+00
   0.0000000e+00
   0.0000000e+00
   0.0000000e+00
   0.0000000e+00
   0.0000000e+00
   0.0000000e+00
   0.0000000e+00
  -9.0289526e-03
  -1.2335194e-02
  -1.6367299e-02
  -1.3838112e-02
  -1.0121548e-02
  -7.0866803e-03
  -5.6812530e-03
  -5.0560404e-03
  -4.2029084e-03
  -3.0274168e-03
  -1.9600596e-03
  -2.7363870e-04
   1.1442779e-03
   1.4491890e-03
   1.7276647e-03
   2.7361717e-03
   4.3713106e-03
   6.4872489e-03
   9.4700232e-03
   1.2148386e-02
   1.4468658e-02
   1.6575990e-02
   1.7979907e-02
   1.8305236e-02
   1.6949177e-02
   1.5359823e-02
   1.6637433e-02
   1.4938168e-02
   0.0000000e+00
   0.0000000e+00
   0.0000000e+00
   0.0000000e+00
  -1.8057314e-03
   4.8348852e-03
   1.0845619e-02
   1.9755667e-02
   2.9626630e-02
   3.4397922e-02
   3.6683518e-02
   3.7065230e-02
   3.5890438e-02
   3.2755185e-02
   2.3880651e-02
   9.6359402e-03
  -7.7775135e-03
   0.0000000e+00
   0.0000000e+00
  -3.9032683e-03
  -1.1025013e-03
   3.1382183e-04
   1.1594854e-03
   3.7791873e-03
   8.2019130e-03
   1.4482011e-02
   2.1759823e-02
   2.6974740e-02
   3.1817075e-02
   3.7274029e-02
   4.0722899e-02
   4.2003404e-02
   3.8980857e-02
   3.3812389e-02
  -8.4445104e-04
  -4.7745976e-03
   0.0000000e+00
   0.0000000e+00
   0.0000000e+00
   0.0000000e+00
   0.0000000e+00
   0.0000000e+00
   0.0000000e+00
   0.0000000e+00
  -1.8419110e-02
  -2.1245058e-02
  -2.4441684e-02
  -2.1898202e-02
  -1.9578516e-02
  -1.8412050e-02
  -1.8642380e-02
  -1.8941065e-02
  -1.9072301e-02
  -1.8937647e-02
  -1.7833226e-02
  -1.6067415e-02
  -1.4545178e-02
  -1.3781845e-02
  -1.2490897e-02
  -1.0064311e-02
  -7.5311774e-03
  -4.9921234e-03
  -1.9155919e-03
   4.4364490e-04
   2.1871366e-03
   3.3868815e-03
   3.8198712e-03
   3.7511623e-03
   2.8961881e-03
   3.2209196e-03
   7.7353727e-03
   2.0418714e-03
   0.0000000e+00
   0.0000000e+00
   0.0000000e+00
   0.0000000e+00
  -1.2494490e-02
  -4.3823859e-03
  -3.8629283e-04
   7.0564437e-03
   1.3567958e-02
   1.5637013e-02
   1.6129153e-02
   1.5065995e-02
   1.2563069e-02
   7.9395681e-03
  -2.5958795e-03
  -1.4886790e-02
  -2.3411541e-02
   0.0000000e+00
   0.0000000e+00
   0.0000000e+00
  -1.6768179e-02
  -1.2473709e-02
  -1.2993385e-02
  -1.0843077e-02
  -7.7010401e-03
  -3.8073749e-03
  -2.5931175e-04
   1.9647005e-03
   4.4857328e-03
   7.9554404e-03
   1.0242769e-02
   1.0960678e-02
   8.9205595e-03
   4.9138560e-03
  -2.0250270e-02
  -1.6264702e-02
   0.0000000e+00
   0.0000000e+00
   0.0000000e+00
   0.0000000e+00
   0.0000000e+00
   0.0000000e+00
   0.0000000e+00
   0.0000000e+00
  -2.8368544e-02
  -3.0422892e-02
  -3.3017766e-02
  -2.9691489e-02
  -2.8798185e-02
  -2.9637678e-02
  -3.1405542e-02
  -3.2219734e-02
  -3.2625906e-02
  -3.2130066e-02
  -3.0645315e-02
  -2.8714251e-02
  -2.6451420e-02
  -2.4520680e-02
  -2.2024523e-02
  -1.8752398e-02
  -1.5885681e-02
  -1.3251287e-02
  -1.0565542e-02
  -9.0209506e-03
  -8.3675943e-03
  -8.5267499e-03
  -9.1121681e-03
  -9.7146006e-03
  -9.9856323e-03
  -8.4094610e-03
  -4.1538319e-03
  -5.6941751e-03
   0.0000000e+00
   0.0000000e+00
   0.0000000e+00
   0.0000000e+00
  -1.2494492e-02
  -1.6302891e-02
  -1.1660883e-02
  -4.3053562e-03
  -5.2635185e-04
  -4.3439504e-04
  -1.4975278e-03
  -4.0495913e-03
  -7.8707291e-03
  -1.3846258e-02
  -2.4382999e-02
  -2.9921057e-02
  -2.7986495e-02
   0.0000000e+00
   0.0000000e+00
   0.0000000e+00
  -1.6377260e-02
  -1.8610990e-02
  -2.4185868e-02
  -2.3241473e-02
  -2.1721588e-02
  -2.0559695e-02
  -2.0477783e-02
  -2.0661935e-02
  -1.9999197e-02
  -1.8666636e-02
  -1.7666776e-02
  -1.7326942e-02
  -1.8452857e-02
  -2.0086246e-02
  -3.0658895e-02
  -2.1669760e-02
   0.0000000e+00
   0.0000000e+00
   0.0000000e+00
   0.0000000e+00
   0.0000000e+00
   0.0000000e+00
   0.0000000e+00
   0.0000000e+00
  -3.4245990e-02
  -3.6265634e-02
  -3.7931163e-02
  -3.3646509e-02
  -3.4280583e-02
  -3.7332777e-02
  -3.9902855e-02
  -4.0679980e-02
  -4.0832344e-02
  -3.9867092e-02
  -3.8107511e-02
  -3.5786711e-02
  -3.2393929e-02
  -2.9416099e-02
  -2.6182156e-02
  -2.2565447e-02
  -1.9750575e-02
  -1.7347228e-02
  -1.5497450e-02
  -1.4942303e-02
  -1.5389432e-02
  -1.6857037e-02
  -1.8297261e-02
  -1.9351546e-02
  -1.9305877e-02
  -1.7047182e-02
  -1.1923450e-02
  -7.7886470e-03
   0.0000000e+00
   0.0000000e+00
   0.0000000e+00
   0.0000000e+00
   0.0000000e+00
  -2.4679625e-02
  -1.9791704e-02
  -1.1790659e-02
  -9.7600566e-03
  -1.1161146e-02
  -1.3417652e-02
  -1.7364549e-02
  -2.2411522e-02
  -2.9251076e-02
  -3.9513599e-02
  -4.1897479e-02
  -3.9446957e-02
   0.0000000e+00
   0.0000000e+00
   0.0000000e+00
  -1.7932586e-02
  -2.2547539e-02
  -3.0677663e-02
  -3.1460203e-02
  -3.0865548e-02
  -3.2631598e-02
  -3.5127353e-02
  -3.6878213e-02
  -3.7461776e-02
  -3.7476420e-02
  -3.7126698e-02
  -3.6686540e-02
  -3.6418941e-02
  -3.5214260e-02
  -3.8199666e-02
  -2.4843216e-02
   0.0000000e+00
   0.0000000e+00
   0.0000000e+00
   0.0000000e+00
   0.0000000e+00
   0.0000000e+00
   0.0000000e+00
   0.0000000e+00
  -3.9696030e-02
  -4.0338739e-02
  -4.1150325e-02
  -3.6323745e-02
  -3.8833438e-02
  -4.3735376e-02
  -4.6762997e-02
  -4.7344478e-02
  -4.7124127e-02
  -4.5674564e-02
  -4.3610620e-02
  -4.0764320e-02
  -3.6194931e-02
  -3.2290619e-02
  -2.8516487e-02
  -2.4757827e-02
  -2.2218865e-02
  -2.0278332e-02
  -1.9507344e-02
  -2.0076300e-02
  -2.1612752e-02
  -2.4309938e-02
  -2.6538136e-02
  -2.8027701e-02
  -2.7778505e-02
  -2.4952036e-02
  -1.8508246e-02
  -8.4421734e-03
   0.0000000e+00
   0.0000000e+00
  -0.0000000e+00
   0.0000000e+00
   0.0000000e+00
  -3.1178333e-02
  -2.6799806e-02
  -1.8200416e-02
  -1.7670097e-02
  -2.0390843e-02
  -2.3799065e-02
  -2.9211136e-02
  -3.5465799e-02
  -4.3012796e-02
  -5.2592491e-02
  -5.1638843e-02
  -4.7336588e-02
   0.0000000e+00
   0.0000000e+00
   0.0000000e+00
  -2.0335564e-02
  -2.5607210e-02
  -3.4934486e-02
  -3.7414307e-02
  -3.8452222e-02
  -4.3408072e-02
  -4.8154933e-02
  -5.1187222e-02
  -5.2831692e-02
  -5.3907310e-02
  -5.4008291e-02
  -5.3332114e-02
  -5.1457060e-02
  -4.7256360e-02
  -4.3564719e-02
  -2.4213770e-02
   0.0000000e+00
   0.0000000e+00
   0.0000000e+00
   0.0000000e+00
   0.0000000e+00
   0.0000000e+00
   0.0000000e+00
   0.0000000e+00
  -4.2243651e-02
  -3.9927953e-02
  -3.8455302e-02
  -4.1345186e-02
  -4.4470954e-02
  -4.9453033e-02
  -5.2067939e-02
  -5.2204177e-02
  -5.1501444e-02
  -4.9464917e-02
  -4.6684264e-02
  -4.2649631e-02
  -3.6761933e-02
  -3.2164562e-02
  -2.8196226e-02
  -2.4757869e-02
  -2.3373395e-02
  -2.2959303e-02
  -2.4440457e-02
  -2.7054007e-02
  -2.9961420e-02
  -3.3904237e-02
  -3.7010892e-02
  -3.9092447e-02
  -3.8873519e-02
  -3.5200365e-02
  -2.5876982e-02
  -8.4574031e-03
   0.0000000e+00
   0.0000000e+00
  -0.0000000e+00
   0.0000000e+00
   0.0000000e+00
  -4.1040356e-02
  -3.3793748e-02
  -2.5646869e-02
  -2.6982672e-02
  -3.1097415e-02
  -3.6278031e-02
  -4.4173100e-02
  -5.2052461e-02
  -6.0281602e-02
  -6.6948235e-02
  -5.5700811e-02
  -4.6215365e-02
   0.0000000e+00
   0.0000000e+00
   0.0000000e+00
  -2.4301462e-02
  -2.7518789e-02
  -3.0736113e-02
  -3.8788722e-02
  -4.6000161e-02
  -5.6458962e-02
  -6.3488626e-02
  -6.7690363e-02
  -7.0485118e-02
  -7.2362688e-02
  -7.2754343e-02
  -7.1613260e-02
  -6.6995567e-02
  -5.8509999e-02
  -4.5019452e-02
  -2.2641329e-02
  -1.4247322e-02
   0.0000000e+00
   0.0000000e+00
   0.0000000e+00
   0.0000000e+00
   0.0000000e+00
   0.0000000e+00
  -4.6701536e-02
  -3.9286122e-02
  -3.1930055e-02
  -2.8903779e-02
  -4.1902766e-02
  -4.4843510e-02
  -4.9276117e-02
  -5.0838519e-02
  -5.0780892e-02
  -5.0014511e-02
  -4.7691748e-02
  -4.4337913e-02
  -3.9703880e-02
  -3.3587050e-02
  -2.9285677e-02
  -2.6078966e-02
  -2.4268709e-02
  -2.4751082e-02
  -2.6390705e-02
  -2.9702840e-02
  -3.3290323e-02
  -3.6889713e-02
  -4.1123252e-02
  -4.4370905e-02
  -4.6597112e-02
  -4.6135813e-02
  -4.1412622e-02
  -2.9483508e-02
  -8.2604749e-03
   0.0000000e+00
   0.0000000e+00
  -0.0000000e+00
   0.0000000e+00
   0.0000000e+00
  -0.0000000e+00
  -3.1560264e-02
  -3.0068578e-02
  -3.3312999e-02
  -3.8378816e-02
  -4.4886317e-02
  -5.3951055e-02
  -6.1782949e-02
  -6.8666533e-02
  -6.7191705e-02
  -4.4778984e-02
  -3.1992801e-02
   0.0000000e+00
   0.0000000e+00
   0.0000000e+00
  -2.9614022e-02
  -2.8047189e-02
  -2.6480354e-02
  -4.0415380e-02
  -5.0164972e-02
  -6.4011641e-02
  -7.1917802e-02
  -7.6882236e-02
  -8.0382094e-02
  -8.2704231e-02
  -8.3132982e-02
  -8.1484549e-02
  -7.4836679e-02
  -6.3185170e-02
  -4.5645278e-02
  -2.2271613e-02
  -1.3268626e-02
  -9.4195832e-03
   0.0000000e+00
   0.0000000e+00
   0.0000000e+00
   0.0000000e+00
   0.0000000e+00
  -4.4955065e-02
  -3.6870763e-02
  -2.9391499e-02
  -3.2099821e-02
  -4.3150757e-02
  -4.3421961e-02
  -4.6762895e-02
  -4.7673553e-02
  -4.7523264e-02
  -4.6722203e-02
  -4.4191681e-02
  -4.0644739e-02
  -3.6008421e-02
  -3.0294631e-02
  -2.6606595e-02
  -2.4365533e-02
  -2.4260474e-02
  -2.6396375e-02
  -2.9565550e-02
  -3.4014344e-02
  -3.8125541e-02
  -4.2084396e-02
  -4.6460465e-02
  -4.9737699e-02
  -5.1972717e-02
  -5.1337261e-02
  -4.6041064e-02
  -3.3057019e-02
  -1.1291437e-02
   0.0000000e+00
   0.0000000e+00
   0.0000000e+00
   0.0000000e+00
   0.0000000e+00
   0.0000000e+00
  -3.1915180e-02
  -3.3855535e-02
  -3.8057964e-02
  -4.3845627e-02
  -5.1035222e-02
  -6.0239237e-02
  -6.7362033e-02
  -7.2404787e-02
  -6.5545894e-02
  -4.1548878e-02
  -2.6302996e-02
   0.0000000e+00
   0.0000000e+00
   0.0000000e+00
  -3.1739335e-02
  -2.8502409e-02
  -2.6160832e-02
  -4.2474132e-02
  -5.3119220e-02
  -6.8600476e-02
  -7.7164195e-02
  -8.2585134e-02
  -8.6435243e-02
  -8.9077882e-02
  -8.9518674e-02
  -8.7453239e-02
  -7.9307109e-02
  -6.5565005e-02
  -4.5759962e-02
  -2.2538589e-02
  -1.1988849e-02
  -9.4195821e-03
   0.0000000e+00
   0.0000000e+00
   0.0000000e+00
   0.0000000e+00
   0.0000000e+00
  -4.0387558e-02
  -3.3648257e-02
  -3.1120301e-02
  -3.6687782e-02
  -4.3820872e-02
  -3.9314443e-02
  -4.0375240e-02
  -4.0682604e-02
  -4.0492793e-02
  -3.9667625e-02
  -3.6893255e-02
  -3.3440956e-02
  -2.9425786e-02
  -2.5005778e-02
  -2.2612123e-02
  -2.2099635e-02
  -2.4750723e-02
  -2.9257852e-02
  -3.4278518e-02
  -3.9784309e-02
  -4.4246194e-02
  -4.8421177e-02
  -5.2865821e-02
  -5.6072889e-02
  -5.8179608e-02
  -5.7342266e-02
  -5.1646097e-02
  -3.8629376e-02
  -1.9424266e-02
   0.0000000e+00
   0.0000000e+00
   0.0000000e+00
   0.0000000e+00
   0.0000000e+00
   0.0000000e+00
  -3.7516972e-02
  -3.9133222e-02
  -4.3844205e-02
  -5.0524661e-02
  -5.8109840e-02
  -6.6454334e-02
  -7.1772343e-02
  -7.3408622e-02
  -6.0986920e-02
  -4.7507620e-02
   0.0000000e+00
   0.0000000e+00
   0.0000000e+00
   0.0000000e+00
   0.0000000e+00
  -2.9777786e-02
  -2.9777786e-02
  -4.6156432e-02
  -5.6487947e-02
  -7.2699483e-02
  -8.2065887e-02
  -8.7882735e-02
  -9.1911147e-02
  -9.4926886e-02
  -9.5360332e-02
  -9.2735166e-02
  -8.2794712e-02
  -6.6897514e-02
  -4.2647339e-02
  -2.0998988e-02
  -1.0856847e-02
  -7.2030736e-03
   0.0000000e+00
   0.0000000e+00
   0.0000000e+00
  -4.2836511e-02
  -5.0415133e-02
  -4.0361466e-02
  -2.8411292e-02
  -2.7674411e-02
  -3.1485166e-02
  -3.2783359e-02
  -2.8286081e-02
  -2.7358478e-02
  -2.7422138e-02
  -2.7518224e-02
  -2.7102340e-02
  -2.5239699e-02
  -2.2985536e-02
  -2.0810276e-02
  -1.9080790e-02
  -1.9235933e-02
  -2.1541549e-02
  -2.7252454e-02
  -3.3242341e-02
  -3.9303821e-02
  -4.5712441e-02
  -5.0155641e-02
  -5.3940032e-02
  -5.7835642e-02
  -6.0566541e-02
  -6.2215067e-02
  -6.0917906e-02
  -5.4214277e-02
  -3.8564060e-02
  -1.9424265e-02
   0.0000000e+00
   0.0000000e+00
   0.0000000e+00
   0.0000000e+00
   0.0000000e+00
   0.0000000e+00
  -0.0000000e+00
  -4.4045050e-02
  -4.9707364e-02
  -5.6511291e-02
  -6.2829219e-02
  -6.8098612e-02
  -6.9529436e-02
  -6.5879688e-02
  -4.9258925e-02
  -3.5735901e-02
   0.0000000e+00
   0.0000000e+00
   0.0000000e+00
   0.0000000e+00
   0.0000000e+00
  -0.0000000e+00
  -2.9777788e-02
  -5.3765209e-02
  -6.1330117e-02
  -7.4544892e-02
  -8.3991386e-02
  -8.9237024e-02
  -9.2504263e-02
  -9.4588429e-02
  -9.4317976e-02
  -9.1058433e-02
  -7.9832934e-02
  -6.3113511e-02
  -3.8348606e-02
  -1.8557665e-02
  -9.4959509e-03
  -7.2378874e-03
  -8.2737722e-03
   0.0000000e+00
   0.0000000e+00
  -3.8664582e-02
  -4.6181797e-02
  -4.0356956e-02
  -2.4163879e-02
  -2.3087741e-02
  -2.5073792e-02
  -2.4233138e-02
  -1.9951984e-02
  -1.8383405e-02
  -1.8383571e-02
  -1.8740860e-02
  -1.8880162e-02
  -1.8121855e-02
  -1.7009790e-02
  -1.6232842e-02
  -1.6447068e-02
  -1.8285115e-02
  -2.2159632e-02
  -2.9249664e-02
  -3.5849074e-02
  -4.2324482e-02
  -4.8948142e-02
  -5.3152631e-02
  -5.6412153e-02
  -5.9483714e-02
  -6.1381452e-02
  -6.2136184e-02
  -5.9920411e-02
  -5.2296083e-02
  -3.5802445e-02
   0.0000000e+00
   0.0000000e+00
   0.0000000e+00
   0.0000000e+00
   0.0000000e+00
   0.0000000e+00
   0.0000000e+00
   0.0000000e+00
  -4.6732991e-02
  -5.2199464e-02
  -5.8537170e-02
  -6.3428383e-02
  -6.6124972e-02
  -6.4931158e-02
  -5.8327738e-02
  -4.0069121e-02
  -2.7411895e-02
   0.0000000e+00
   0.0000000e+00
   0.0000000e+00
   0.0000000e+00
   0.0000000e+00
   0.0000000e+00
  -4.0680105e-02
  -5.9568380e-02
  -6.3172150e-02
  -7.3912290e-02
  -8.2889569e-02
  -8.7395591e-02
  -8.9793494e-02
  -9.0604661e-02
  -8.9474266e-02
  -8.5632612e-02
  -7.3949498e-02
  -5.7536132e-02
  -3.0923953e-02
  -1.4232109e-02
  -7.2154772e-03
  -7.5747611e-03
  -8.2737718e-03
   0.0000000e+00
   0.0000000e+00
  -3.0015923e-02
  -2.8629876e-02
   0.0000000e+00
  -1.7860412e-02
  -1.5225378e-02
  -1.4267889e-02
  -1.1780574e-02
  -7.9430771e-03
  -5.9955639e-03
  -5.9805245e-03
  -6.7427192e-03
  -7.8374489e-03
  -8.9329681e-03
  -9.6161944e-03
  -1.0859128e-02
  -1.3817536e-02
  -1.7926795e-02
  -2.3707552e-02
  -3.2194949e-02
  -3.9349612e-02
  -4.6185940e-02
  -5.2824126e-02
  -5.6542662e-02
  -5.8900677e-02
  -6.0526231e-02
  -6.0924225e-02
  -6.0044953e-02
  -5.6144490e-02
  -4.7092743e-02
  -3.0108657e-02
   0.0000000e+00
   0.0000000e+00
   0.0000000e+00
   0.0000000e+00
   0.0000000e+00
   0.0000000e+00
   0.0000000e+00
   0.0000000e+00
  -4.9176801e-02
  -5.4564942e-02
  -5.9877149e-02
  -6.2416074e-02
  -6.1248032e-02
  -5.6470056e-02
  -4.6268638e-02
  -2.6620493e-02
  -1.5778989e-02
   0.0000000e+00
   0.0000000e+00
   0.0000000e+00
   0.0000000e+00
   0.0000000e+00
   0.0000000e+00
  -4.0680106e-02
  -6.1667298e-02
  -6.4677704e-02
  -7.1719330e-02
  -7.9685606e-02
  -8.2931253e-02
  -8.3890577e-02
  -8.2507769e-02
  -7.9930882e-02
  -7.5185525e-02
  -6.3167608e-02
  -4.7781497e-02
  -1.7062651e-02
  -5.3577614e-03
  -2.0705208e-03
  -5.3739892e-03
  -1.2333313e-02
  -1.6203519e-02
  -1.4088905e-02
  -1.1703820e-02
  -2.8629874e-02
   0.0000000e+00
  -3.9054120e-03
  -2.4033454e-03
  -1.1201391e-03
   1.2663092e-03
   3.8996870e-03
   4.8892237e-03
   4.0241769e-03
   2.3952296e-03
   3.7836703e-04
  -2.0774109e-03
  -4.1974573e-03
  -7.1275500e-03
  -1.2384192e-02
  -1.8264450e-02
  -2.5291121e-02
  -3.4695596e-02
  -4.2172568e-02
  -4.8600201e-02
  -5.4243095e-02
  -5.7074667e-02
  -5.8323123e-02
  -5.7637021e-02
  -5.5210487e-02
  -5.1520236e-02
  -4.5319103e-02
  -3.6027014e-02
  -2.9448589e-02
   0.0000000e+00
   0.0000000e+00
   0.0000000e+00
   0.0000000e+00
   0.0000000e+00
   0.0000000e+00
   0.0000000e+00
   0.0000000e+00
  -4.9304833e-02
  -5.1668800e-02
  -5.4533758e-02
  -5.4220159e-02
  -4.9208563e-02
  -4.1613790e-02
  -3.0157175e-02
  -1.2665349e-02
  -4.5850816e-03
   0.0000000e+00
   0.0000000e+00
   0.0000000e+00
   0.0000000e+00
   0.0000000e+00
   0.0000000e+00
  -4.3485711e-02
  -5.4917559e-02
  -5.9360408e-02
  -6.4340197e-02
  -6.9390960e-02
  -7.0212453e-02
  -6.8586327e-02
  -6.4166613e-02
  -5.9640326e-02
  -5.3725839e-02
  -4.2573813e-02
  -3.0032944e-02
  -9.1792539e-03
  -5.6769209e-04
   6.3486228e-04
  -3.8217940e-03
  -1.1968466e-02
  -1.4969088e-02
  -1.2285882e-02
  -4.3052379e-03
   0.0000000e+00
  -1.6703992e-03
  -1.6562345e-04
   1.1948925e-03
   2.4396886e-03
   4.3704556e-03
   6.2198294e-03
   6.7190827e-03
   5.5643923e-03
   3.8079966e-03
   1.7341594e-03
  -8.5099736e-04
  -3.1987063e-03
  -6.3994910e-03
  -1.1979099e-02
  -1.8064270e-02
  -2.5170897e-02
  -3.4567196e-02
  -4.1963868e-02
  -4.8100306e-02
  -5.3208963e-02
  -5.5479132e-02
  -5.5991278e-02
  -5.4025848e-02
  -5.0232708e-02
  -4.5195373e-02
  -3.7626340e-02
  -2.7937684e-02
  -2.3334010e-02
   0.0000000e+00
   0.0000000e+00
   0.0000000e+00
   0.0000000e+00
   0.0000000e+00
   0.0000000e+00
   0.0000000e+00
   0.0000000e+00
  -4.9333414e-02
  -4.7596065e-02
  -4.9248833e-02
  -4.7817936e-02
  -4.1318311e-02
  -3.2842137e-02
  -2.1443644e-02
  -5.8659136e-03
   4.0098155e-03
   1.4786466e-02
   0.0000000e+00
   0.0000000e+00
   0.0000000e+00
   0.0000000e+00
   0.0000000e+00
  -4.1507966e-02
  -4.9977736e-02
  -5.4748859e-02
  -5.8579639e-02
  -6.1766114e-02
  -6.1289981e-02
  -5.8338155e-02
  -5.2479000e-02
  -4.6982825e-02
  -4.0560736e-02
  -3.0176751e-02
  -1.9602561e-02
   2.4414061e-03
   6.2482990e-03
   4.4125084e-03
  -1.2474498e-03
  -9.4335263e-03
  -1.1973503e-02
  -7.9104994e-03
   4.2040608e-04
   0.0000000e+00
  -1.6703989e-03
   1.3489997e-03
   2.9798488e-03
   3.9549638e-03
   4.8345805e-03
   5.4337944e-03
   5.2623092e-03
   3.8815634e-03
   2.2854860e-03
   5.7299380e-04
  -1.5891501e-03
  -3.7108674e-03
  -6.6544545e-03
  -1.1772637e-02
  -1.7395546e-02
  -2.4021195e-02
  -3.2900796e-02
  -3.9927956e-02
  -4.5579183e-02
  -4.9930653e-02
  -5.1318990e-02
  -5.0645541e-02
  -4.6827987e-02
  -4.1248805e-02
  -3.4465479e-02
  -2.4823461e-02
  -1.4302661e-02
  -9.9262832e-03
   0.0000000e+00
   0.0000000e+00
   0.0000000e+00
   0.0000000e+00
   0.0000000e+00
   0.0000000e+00
   0.0000000e+00
   0.0000000e+00
   0.0000000e+00
  -3.9281910e-02
  -3.9318918e-02
  -3.6722201e-02
  -2.8693978e-02
  -1.9605000e-02
  -9.0276341e-03
   3.0734622e-03
   1.1406031e-02
   1.4786465e-02
   0.0000000e+00
   0.0000000e+00
   0.0000000e+00
   0.0000000e+00
   0.0000000e+00
  -3.5188522e-02
  -4.1647284e-02
  -4.6438893e-02
  -4.8598494e-02
  -4.8840498e-02
  -4.6528784e-02
  -4.1760672e-02
  -3.4053844e-02
  -2.7260177e-02
  -2.0239729e-02
  -1.1250419e-02
  -3.9072145e-03
   1.0226727e-02
   8.7867863e-03
   4.4820202e-03
  -1.3306000e-03
  -8.4069977e-03
  -1.0869092e-02
  -9.7732078e-03
  -1.0376619e-02
  -1.4025281e-02
  -9.7348500e-03
  -6.7470460e-03
  -6.1295158e-03
  -6.7795846e-03
  -7.2357766e-03
  -7.3688361e-03
  -7.6522329e-03
  -8.4429216e-03
  -9.2407037e-03
  -1.0002306e-02
  -1.0924377e-02
  -1.1937865e-02
  -1.3531183e-02
  -1.6442886e-02
  -1.9833717e-02
  -2.4048207e-02
  -2.9964052e-02
  -3.4844458e-02
  -3.8938563e-02
  -4.1957136e-02
  -4.2496301e-02
  -4.1139733e-02
  -3.6527608e-02
  -3.0064370e-02
  -2.1917868e-02
  -1.1130819e-02
   5.9671572e-04
   6.2932852e-03
   0.0000000e+00
   0.0000000e+00
   0.0000000e+00
   0.0000000e+00
   0.0000000e+00
   0.0000000e+00
   0.0000000e+00
   0.0000000e+00
   0.0000000e+00
  -2.7341584e-02
  -2.5355147e-02
  -2.2627018e-02
  -1.4353362e-02
  -5.7684588e-03
   2.5719220e-03
   9.7342422e-03
   1.2788829e-02
   0.0000000e+00
   0.0000000e+00
   0.0000000e+00
   0.0000000e+00
   0.0000000e+00
  -2.2346580e-02
  -2.5602725e-02
  -2.8535703e-02
  -3.2593459e-02
  -3.4503181e-02
  -3.2948911e-02
  -2.9319780e-02
  -2.3484390e-02
  -1.4926296e-02
  -7.7313371e-03
  -1.1679537e-03
   4.9884198e-03
   8.4137116e-03
   1.3501191e-02
   8.9879967e-03
   3.3100683e-03
  -2.3197259e-03
  -9.0574175e-03
  -1.1946892e-02
  -1.2704441e-02
  -1.5850922e-02
  -1.6960895e-02
  -1.5079971e-02
  -1.3536888e-02
  -1.3925623e-02
  -1.5309285e-02
  -1.6292764e-02
  -1.6735269e-02
  -1.7076945e-02
  -1.7648714e-02
  -1.8139476e-02
  -1.8498281e-02
  -1.8860087e-02
  -1.9348586e-02
  -2.0286409e-02
  -2.2062814e-02
  -2.4172381e-02
  -2.6881499e-02
  -3.0827550e-02
  -3.4125074e-02
  -3.6873400e-02
  -3.8557410e-02
  -3.8207366e-02
  -3.6171727e-02
  -3.0895064e-02
  -2.3836684e-02
  -1.4990506e-02
  -4.0381011e-03
   6.1622290e-03
   1.1661398e-02
   0.0000000e+00
   0.0000000e+00
   0.0000000e+00
   0.0000000e+00
   0.0000000e+00
   0.0000000e+00
   0.0000000e+00
   0.0000000e+00
   0.0000000e+00
  -2.0016624e-02
  -1.7181884e-02
  -1.4381993e-02
  -6.0054529e-03
   2.2160969e-03
   9.1948658e-03
   1.3335854e-02
   1.3996927e-02
   0.0000000e+00
   0.0000000e+00
   0.0000000e+00
   0.0000000e+00
   0.0000000e+00
  -2.2346581e-02
  -2.1884258e-02
  -2.0971175e-02
  -2.4007833e-02
  -2.5727807e-02
  -2.3459999e-02
  -1.9257078e-02
  -1.2997492e-02
  -4.1934112e-03
   2.9325770e-03
   8.8312309e-03
   1.3058702e-02
   1.4228275e-02
   1.6310899e-02
   6.4152684e-03
  -1.5014996e-03
  -6.1916917e-03
  -1.3044381e-02
  -1.7758512e-02
  -2.2024878e-02
  -2.7102023e-02
  -2.8781322e-02
  -2.8542092e-02
  -3.0087391e-02
  -3.3177515e-02
  -3.5349218e-02
  -3.6675687e-02
  -3.7388332e-02
  -3.7815534e-02
  -3.8292151e-02
  -3.8610529e-02
  -3.8614651e-02
  -3.8373096e-02
  -3.8224590e-02
  -3.8322447e-02
  -3.8467978e-02
  -3.8393042e-02
  -3.8253920e-02
  -3.8218135e-02
  -3.8002981e-02
  -3.7407537e-02
  -3.5494138e-02
  -3.2695290e-02
  -2.8835689e-02
  -2.1942096e-02
  -1.3665474e-02
  -3.8186437e-03
   6.2736424e-03
   1.1270631e-02
   0.0000000e+00
   0.0000000e+00
   0.0000000e+00
   0.0000000e+00
   0.0000000e+00
   0.0000000e+00
   0.0000000e+00
   0.0000000e+00
   0.0000000e+00
   0.0000000e+00
  -6.4345171e-03
  -2.8805790e-03
   3.3148555e-05
   8.4968671e-03
   1.5927109e-02
   2.0404378e-02
   1.8961457e-02
   1.5175831e-02
   0.0000000e+00
   0.0000000e+00
   0.0000000e+00
   0.0000000e+00
   0.0000000e+00
   0.0000000e+00
  -1.4695265e-02
  -7.9853011e-03
  -7.8884432e-03
  -9.1773726e-03
  -6.4302636e-03
  -1.6725912e-03
   4.8727271e-03
   1.3532834e-02
   1.9846338e-02
   2.3677518e-02
   2.3913463e-02
   2.1221469e-02
   1.6531287e-02
   3.3615881e-03
  -6.5427418e-03
  -1.0592629e-02
  -1.9171478e-02
  -2.5915470e-02
  -3.2243483e-02
  -3.7847985e-02
  -3.9907839e-02
  -4.0617477e-02
  -4.3548338e-02
  -4.6522163e-02
  -4.8589386e-02
  -5.0126035e-02
  -5.0992362e-02
  -5.1565193e-02
  -5.2271500e-02
  -5.2882560e-02
  -5.3243697e-02
  -5.3450778e-02
  -5.3701747e-02
  -5.4244630e-02
  -5.4749157e-02
  -5.4636955e-02
  -5.4139338e-02
  -5.3157404e-02
  -5.1894132e-02
  -5.0050452e-02
  -4.6481486e-02
  -4.2228132e-02
  -3.6988098e-02
  -2.8659258e-02
  -1.9168571e-02
  -7.3021660e-03
   6.6943420e-03
   1.3295293e-02
   0.0000000e+00
   0.0000000e+00
   0.0000000e+00
   0.0000000e+00
   0.0000000e+00
   0.0000000e+00
   0.0000000e+00
   0.0000000e+00
   0.0000000e+00
  -1.7244185e-03
   1.5457243e-03
   5.6880787e-03
   9.4695119e-03
   1.8630959e-02
   2.5760604e-02
   2.8464915e-02
   2.2357447e-02
   1.4766985e-02
   0.0000000e+00
   0.0000000e+00
   0.0000000e+00
   0.0000000e+00
   0.0000000e+00
   0.0000000e+00
  -9.9849266e-03
  -7.7874726e-04
   1.7836841e-03
   1.2601671e-03
   4.0906714e-03
   9.0279710e-03
   1.5540889e-02
   2.3791591e-02
   2.9016741e-02
   3.0638721e-02
   2.7714523e-02
   2.3058537e-02
   1.6743029e-02
   1.6259823e-03
  -9.4080086e-03
  -1.3404168e-02
  -2.3177177e-02
  -3.1222314e-02
  -3.8701661e-02
  -4.4490229e-02
  -4.6798237e-02
  -4.8131552e-02
  -5.1795688e-02
  -5.4638464e-02
  -5.6610625e-02
  -5.8221780e-02
  -5.9133284e-02
  -5.9750132e-02
  -6.0539667e-02
  -6.1287805e-02
  -6.1836988e-02
  -6.2304590e-02
  -6.2801220e-02
  -6.3618839e-02
  -6.4361706e-02
  -6.4275272e-02
  -6.3643873e-02
  -6.2234968e-02
  -6.0497247e-02
  -5.8064796e-02
  -5.3703409e-02
  -4.8767336e-02
  -4.2921804e-02
  -3.4086920e-02
  -2.4160573e-02
  -1.1130525e-02
   5.7310341e-03
   1.4341648e-02
   2.3906313e-02
   0.0000000e+00
   0.0000000e+00
   0.0000000e+00
   0.0000000e+00
   0.0000000e+00
   0.0000000e+00
  -1.7452723e-02
  -1.3247524e-02
  -1.7266111e-03
   6.5050931e-03
   1.1197807e-02
   1.5620754e-02
   2.5398856e-02
   3.2380074e-02
   3.3916455e-02
   2.4623692e-02
   1.4563351e-02
   0.0000000e+00
   0.0000000e+00
   0.0000000e+00
   0.0000000e+00
   0.0000000e+00
   0.0000000e+00
  -6.8372165e-03
   4.0017320e-03
   7.9647154e-03
   7.8242626e-03
   1.0684955e-02
   1.5814975e-02
   2.2425836e-02
   3.0542068e-02
   3.4990553e-02
   3.5046265e-02
   2.9973954e-02
   2.4109511e-02
   2.1317931e-02
   0.0000000e+00
   0.0000000e+00
  -1.8874068e-02
  -3.0097483e-02
  -4.0092558e-02
  -4.7301709e-02
  -5.1560674e-02
  -5.4289891e-02
  -5.6739190e-02
  -5.9686019e-02
  -6.1669887e-02
  -6.3170202e-02
  -6.4186790e-02
  -6.4540550e-02
  -6.4644910e-02
  -6.4808548e-02
  -6.5169584e-02
  -6.5522202e-02
  -6.6063005e-02
  -6.6805698e-02
  -6.7911694e-02
  -6.9108008e-02
  -6.9642602e-02
  -6.9936718e-02
  -6.9992930e-02
  -6.9858951e-02
  -6.9022519e-02
  -6.6625659e-02
  -6.3593549e-02
  -6.0116688e-02
  -5.5377515e-02
  -4.8815410e-02
  -3.5576526e-02
  -1.0171169e-02
   1.3651354e-02
   2.3906313e-02
   0.0000000e+00
   0.0000000e+00
   0.0000000e+00
   0.0000000e+00
   0.0000000e+00
   0.0000000e+00
  -1.7452723e-02
  -1.3247523e-02
  -1.7483589e-03
   1.2108288e-02
   1.9656653e-02
   2.6041402e-02
   3.8730231e-02
   4.6007975e-02
   4.5425198e-02
   2.9068471e-02
   1.4943441e-02
   0.0000000e+00
   0.0000000e+00
   0.0000000e+00
   0.0000000e+00
   0.0000000e+00
   0.0000000e+00
  -6.1456088e-04
   1.3054681e-02
   1.7007148e-02
   1.6179401e-02
   1.8812465e-02
   2.5141047e-02
   3.3290819e-02
   4.2706017e-02
   4.5063768e-02
   4.1011366e-02
   3.1283802e-02
   2.4200086e-02
   2.0577356e-02
   0.0000000e+00
   0.0000000e+00
  -1.8874070e-02
  -3.1120962e-02
  -4.1030098e-02
  -4.7382951e-02
  -5.1475834e-02
  -5.4193128e-02
  -5.6791835e-02
  -5.9804305e-02
  -6.1938368e-02
  -6.3599542e-02
  -6.4624876e-02
  -6.4933643e-02
  -6.4938493e-02
  -6.4751402e-02
  -6.4856917e-02
  -6.5143570e-02
  -6.5787002e-02
  -6.6709153e-02
  -6.8045914e-02
  -6.9636419e-02
  -7.0592158e-02
  -7.1367159e-02
  -7.2100125e-02
  -7.2588958e-02
  -7.2538339e-02
  -7.1276970e-02
  -6.9358617e-02
  -6.7051478e-02
  -6.4187065e-02
  -5.9874177e-02
  -4.8839789e-02
  -2.3046870e-02
   3.3149286e-03
   1.3824551e-02
   0.0000000e+00
   0.0000000e+00
   0.0000000e+00
   0.0000000e+00
   0.0000000e+00
  -3.0609831e-02
  -2.6788789e-02
  -1.5333899e-02
  -2.3864000e-03
   1.2907117e-02
   2.1628898e-02
   2.8154330e-02
   4.4750545e-02
   5.5952717e-02
   5.3536668e-02
   3.3002183e-02
   1.4943442e-02
   0.0000000e+00
   0.0000000e+00
   0.0000000e+00
   0.0000000e+00
   0.0000000e+00
   0.0000000e+00
  -6.1456095e-04
   2.1774882e-02
   2.3669276e-02
   1.9037971e-02
   2.0344263e-02
   2.7299905e-02
   3.7988357e-02
   4.9813397e-02
   5.0226327e-02
   4.3092068e-02
   3.0800505e-02
   2.3311222e-02
   1.9836778e-02
   0.0000000e+00
   0.0000000e+00
   0.0000000e+00
  -3.2144436e-02
  -4.1967634e-02
  -4.7464174e-02
  -5.1390989e-02
  -5.4096361e-02
  -5.6844471e-02
  -5.9922578e-02
  -6.2206841e-02
  -6.4028861e-02
  -6.5062952e-02
  -6.5326741e-02
  -6.5232063e-02
  -6.4694234e-02
  -6.4544237e-02
  -6.4764922e-02
  -6.5510984e-02
  -6.6612591e-02
  -6.8180127e-02
  -7.0164819e-02
  -7.1541712e-02
  -7.2797577e-02
  -7.4207301e-02
  -7.5318961e-02
  -7.6054147e-02
  -7.5928256e-02
  -7.5123669e-02
  -7.3986268e-02
  -7.2996598e-02
  -7.0932940e-02
  -6.2103049e-02
  -3.5922563e-02
  -7.0214988e-03
   3.7427882e-03
   0.0000000e+00
   0.0000000e+00
   0.0000000e+00
   0.0000000e+00
   0.0000000e+00
  -3.0609831e-02
  -2.9122799e-02
  -1.7420274e-02
  -3.0244409e-03
   1.3705943e-02
   2.3601139e-02
   3.0267252e-02
   5.0770854e-02
   6.5897453e-02
   6.1648141e-02
   3.8247121e-02
   0.0000000e+00
   0.0000000e+00
   0.0000000e+00
   0.0000000e+00
   0.0000000e+00
   0.0000000e+00
   0.0000000e+00
   0.0000000e+00
   3.0495080e-02
   3.0331404e-02
   2.1896536e-02
   2.1876060e-02
   2.9458761e-02
   4.2685891e-02
   5.6920760e-02
   5.5388884e-02
   4.5172766e-02
   3.0317197e-02
   2.2422354e-02
   0.0000000e+00
   0.0000000e+00
   0.0000000e+00
   0.0000000e+00
  -3.3784848e-02
  -4.0461868e-02
  -4.5050457e-02
  -4.9623143e-02
  -5.2859232e-02
  -5.6243353e-02
  -6.0026735e-02
  -6.3017488e-02
  -6.5552726e-02
  -6.7349114e-02
  -6.8013623e-02
  -6.8022981e-02
  -6.7063294e-02
  -6.6089220e-02
  -6.5300822e-02
  -6.5042101e-02
  -6.5843612e-02
  -6.7698292e-02
  -7.0661202e-02
  -7.3200837e-02
  -7.5708590e-02
  -7.8622945e-02
  -8.1057340e-02
  -8.3463177e-02
  -8.6206816e-02
  -8.8001654e-02
  -8.9605197e-02
  -9.3769208e-02
  -9.8551370e-02
  -9.6117869e-02
  -6.8479531e-02
  -3.2371379e-02
  -1.7062720e-02
   0.0000000e+00
   0.0000000e+00
   0.0000000e+00
   0.0000000e+00
   0.0000000e+00
  -3.3065664e-02
  -3.0503016e-02
  -1.8037863e-02
  -3.9284402e-03
   1.2247097e-02
   2.2779809e-02
   2.6920184e-02
   5.0770858e-02
   0.0000000e+00
   0.0000000e+00
   0.0000000e+00
   0.0000000e+00
   0.0000000e+00
   0.0000000e+00
   0.0000000e+00
   0.0000000e+00
   0.0000000e+00
   0.0000000e+00
   0.0000000e+00
   4.7615524e-02
   4.4440079e-02
   2.7174100e-02
   2.3194108e-02
   2.9589288e-02
   5.1864319e-02
   7.2689779e-02
   6.7324311e-02
   4.8904411e-02
   3.0794137e-02
   0.0000000e+00
   0.0000000e+00
   0.0000000e+00
   0.0000000e+00
   0.0000000e+00
  -3.4788266e-02
  -4.0488828e-02
  -4.4782415e-02
  -4.9656522e-02
  -5.3160835e-02
  -5.6835026e-02
  -6.0952585e-02
  -6.4234644e-02
  -6.7075148e-02
  -6.9253348e-02
  -7.0184216e-02
  -7.0334591e-02
  -6.9222718e-02
  -6.7730233e-02
  -6.6066444e-02
  -6.4437710e-02
  -6.4055659e-02
  -6.4901985e-02
  -6.7124233e-02
  -6.9480866e-02
  -7.2149068e-02
  -7.5720236e-02
  -7.9047844e-02
  -8.2599558e-02
  -8.7056912e-02
  -9.0401106e-02
  -9.3546256e-02
  -9.9229783e-02
  -1.0626758e-01
  -1.0978743e-01
  -8.6995125e-02
  -4.8461325e-02
  -3.1471502e-02
   0.0000000e+00
   0.0000000e+00
   0.0000000e+00
  -5.3555015e-02
  -5.0698465e-02
  -3.9068995e-02
  -3.4553144e-02
  -2.2123199e-02
  -7.8768544e-03
   9.1028027e-03
   2.0456225e-02
   2.5629317e-02
   0.0000000e+00
   0.0000000e+00
   0.0000000e+00
   0.0000000e+00
   0.0000000e+00
   0.0000000e+00
   0.0000000e+00
   0.0000000e+00
   0.0000000e+00
   0.0000000e+00
   0.0000000e+00
   0.0000000e+00
   5.3080313e-02
   4.7059521e-02
   2.9432086e-02
   2.4056725e-02
   2.8517662e-02
   4.9096484e-02
   7.2317895e-02
   6.5623507e-02
   4.8748378e-02
   2.9496220e-02
   0.0000000e+00
   0.0000000e+00
   0.0000000e+00
   0.0000000e+00
   0.0000000e+00
  -3.6335472e-02
  -4.0736581e-02
  -4.4631914e-02
  -4.9950426e-02
  -5.3856071e-02
  -5.7955993e-02
  -6.2567689e-02
  -6.6268306e-02
  -6.9551006e-02
  -7.2299569e-02
  -7.3645768e-02
  -7.4030389e-02
  -7.2706908e-02
  -7.0411937e-02
  -6.7342212e-02
  -6.3436713e-02
  -6.1012186e-02
  -6.0046187e-02
  -6.0835117e-02
  -6.2715116e-02
  -6.5499051e-02
  -7.0025651e-02
  -7.4748861e-02
  -8.0094394e-02
  -8.7185170e-02
  -9.2909536e-02
  -9.8402380e-02
  -1.0607374e-01
  -1.1616946e-01
  -1.2931285e-01
  -1.1524077e-01
  -7.3398014e-02
  -5.4054874e-02
   0.0000000e+00
   0.0000000e+00
   0.0000000e+00
  -5.3555009e-02
  -5.0698470e-02
  -4.6745782e-02
  -4.1495442e-02
  -2.9228915e-02
  -1.4703553e-02
   3.7647119e-03
   1.6477300e-02
   2.3803406e-02
   0.0000000e+00
   0.0000000e+00
   0.0000000e+00
   0.0000000e+00
   0.0000000e+00
   0.0000000e+00
   0.0000000e+00
   0.0000000e+00
   0.0000000e+00
   0.0000000e+00
   0.0000000e+00
   0.0000000e+00
   5.3584662e-02
   4.9791270e-02
   3.2702742e-02
   2.5399087e-02
   2.6614841e-02
   2.4732922e-02
   6.1309291e-02
   6.1043217e-02
   4.7977404e-02
   2.7128023e-02
   0.0000000e+00
   0.0000000e+00
  -2.0539513e-02
  -3.1456165e-02
  -4.5003259e-02
  -4.1356348e-02
  -4.4081233e-02
  -4.7583140e-02
  -5.4120354e-02
  -5.9453085e-02
  -6.4979881e-02
  -7.1236454e-02
  -7.6298043e-02
  -8.0977559e-02
  -8.5482098e-02
  -8.8258766e-02
  -8.9915477e-02
  -8.9785032e-02
  -8.7920211e-02
  -8.4611595e-02
  -7.8964442e-02
  -7.3636748e-02
  -6.8651579e-02
  -6.3973211e-02
  -6.1531018e-02
  -6.0569573e-02
  -6.1476361e-02
  -6.3910648e-02
  -6.7538053e-02
  -7.3064052e-02
  -7.7929154e-02
  -8.3190538e-02
  -8.9950986e-02
  -9.8835900e-02
  -1.1902778e-01
  -1.3499810e-01
  -9.8872140e-02
  -9.6194183e-02
   0.0000000e+00
   0.0000000e+00
   0.0000000e+00
  -7.1377508e-02
  -6.4815305e-02
  -6.3432783e-02
  -5.5984277e-02
  -4.3965966e-02
  -2.9028881e-02
  -8.3970493e-03
   7.2487462e-03
   1.7178247e-02
   0.0000000e+00
   0.0000000e+00
   0.0000000e+00
   0.0000000e+00
   0.0000000e+00
   0.0000000e+00
   0.0000000e+00
   0.0000000e+00
   0.0000000e+00
   0.0000000e+00
   0.0000000e+00
   0.0000000e+00
   4.5873108e-02
   4.9135510e-02
   4.0525816e-02
   2.9466275e-02
   3.2442197e-02
   3.4935884e-02
   3.8506354e-02
   4.3315157e-02
   3.9945178e-02
   2.3499993e-02
   0.0000000e+00
   0.0000000e+00
  -2.0798728e-02
  -3.1214464e-02
  -4.4397611e-02
  -4.3014348e-02
  -4.5587532e-02
  -4.9145300e-02
  -5.6450367e-02
  -6.2730111e-02
  -6.9236547e-02
  -7.6676138e-02
  -8.2690373e-02
  -8.8331439e-02
  -9.4008230e-02
  -9.7705550e-02
  -1.0018791e-01
  -1.0094070e-01
  -9.9627122e-02
  -9.6641503e-02
  -9.0782449e-02
  -8.4612459e-02
  -7.8165680e-02
  -7.1112372e-02
  -6.6476829e-02
  -6.3316815e-02
  -6.1652429e-02
  -6.1985571e-02
  -6.3562140e-02
  -6.6769145e-02
  -6.9921941e-02
  -7.3540188e-02
  -7.7644914e-02
  -8.2817227e-02
  -1.1100737e-01
  -1.3990483e-01
  -1.0546184e-01
  -1.0708160e-01
  -1.6011748e-01
  -1.1909502e-01
  -8.9276583e-02
  -7.5925685e-02
  -7.2812058e-02
  -7.1715221e-02
  -6.3632458e-02
  -5.1888529e-02
  -3.7088882e-02
  -1.5798440e-02
   1.5232577e-03
   7.7258293e-03
   0.0000000e+00
   0.0000000e+00
   0.0000000e+00
   0.0000000e+00
   0.0000000e+00
   0.0000000e+00
   0.0000000e+00
   0.0000000e+00
   0.0000000e+00
   0.0000000e+00
   0.0000000e+00
   0.0000000e+00
   3.8399886e-02
   4.6137534e-02
   4.4583585e-02
   3.1864464e-02
   3.3447621e-02
   3.7469799e-02
   2.9690921e-02
   3.5661124e-02
   3.5441507e-02
   2.0440426e-02
   0.0000000e+00
   0.0000000e+00
  -2.3931568e-02
  -3.0484167e-02
  -4.2567678e-02
  -4.4256363e-02
  -4.7628998e-02
  -5.1650776e-02
  -6.0361393e-02
  -6.8431631e-02
  -7.6827297e-02
  -8.6607083e-02
  -9.4478476e-02
  -1.0197668e-01
  -1.0987770e-01
  -1.1528340e-01
  -1.1930580e-01
  -1.2183199e-01
  -1.2186126e-01
  -1.2003077e-01
  -1.1483839e-01
  -1.0830198e-01
  -1.0045488e-01
  -9.0328385e-02
  -8.2308983e-02
  -7.5316524e-02
  -6.8599654e-02
  -6.4301853e-02
  -6.0971138e-02
  -5.8345580e-02
  -5.6969484e-02
  -5.5796743e-02
  -5.2560826e-02
  -4.7424229e-02
  -4.4945027e-02
   0.0000000e+00
  -1.0705233e-01
  -1.3207241e-01
  -1.6011749e-01
  -1.1909503e-01
  -8.9276578e-02
  -8.6324403e-02
  -8.6380975e-02
  -8.4218702e-02
  -7.5869021e-02
  -6.4767864e-02
  -5.0692418e-02
  -2.9035500e-02
  -8.8511496e-03
  -9.4867571e-04
   0.0000000e+00
   0.0000000e+00
   0.0000000e+00
   0.0000000e+00
   0.0000000e+00
   0.0000000e+00
   0.0000000e+00
   0.0000000e+00
   0.0000000e+00
   0.0000000e+00
   0.0000000e+00
   0.0000000e+00
   2.1606445e-02
   3.7571350e-02
   5.0973690e-02
   3.6058577e-02
   3.0777857e-02
   0.0000000e+00
   2.0166330e-02
   2.5837600e-02
   2.7861105e-02
   1.3918472e-02
   0.0000000e+00
   0.0000000e+00
  -2.9676443e-02
  -3.3201970e-02
  -3.6067858e-02
  -4.4256365e-02
  -4.7323437e-02
  -5.1025845e-02
  -6.0209006e-02
  -6.9448881e-02
  -7.9323463e-02
  -9.1032848e-02
  -1.0043494e-01
  -1.0949916e-01
  -1.1934001e-01
  -1.2622359e-01
  -1.3149203e-01
  -1.3537954e-01
  -1.3648590e-01
  -1.3572115e-01
  -1.3164404e-01
  -1.2563813e-01
  -1.1793953e-01
  -1.0734839e-01
  -9.8139644e-02
  -8.9243829e-02
  -7.9434916e-02
  -7.1671203e-02
  -6.4015262e-02
  -5.5525247e-02
  -4.9508713e-02
  -4.4258464e-02
  -4.0413316e-02
  -4.1514782e-02
  -0.0000000e+00
   0.0000000e+00
  -1.0369307e-01
  -1.2680918e-01
  -1.4166065e-01
  -1.1561485e-01
  -9.8004542e-02
  -9.3002722e-02
  -9.3751013e-02
  -9.2828967e-02
  -8.6626962e-02
  -7.7574819e-02
  -6.5434366e-02
  -4.5172989e-02
  -2.1701569e-02
  -1.1082971e-02
   0.0000000e+00
   0.0000000e+00
   0.0000000e+00
   0.0000000e+00
   0.0000000e+00
   0.0000000e+00
   0.0000000e+00
   0.0000000e+00
   0.0000000e+00
   0.0000000e+00
   0.0000000e+00
   0.0000000e+00
   0.0000000e+00
   3.7571349e-02
   5.8630591e-02
   4.3749630e-02
   3.3686377e-02
   0.0000000e+00
   0.0000000e+00
   2.4559468e-02
   2.1369692e-02
   8.5526717e-03
   0.0000000e+00
   0.0000000e+00
  -3.4891370e-02
  -3.7335097e-02
  -3.5996005e-02
   0.0000000e+00
  -4.7198946e-02
  -5.0416239e-02
  -5.9307110e-02
  -6.9050974e-02
  -7.9686418e-02
  -9.2440762e-02
  -1.0271168e-01
  -1.1270854e-01
  -1.2373208e-01
  -1.3151255e-01
  -1.3757080e-01
  -1.4232266e-01
  -1.4409245e-01
  -1.4394149e-01
  -1.4047815e-01
  -1.3481600e-01
  -1.2730743e-01
  -1.1661202e-01
  -1.0688806e-01
  -9.7006626e-02
  -8.5428007e-02
  -7.5605927e-02
  -6.5272816e-02
  -5.2868813e-02
  -4.3770580e-02
  -3.6118649e-02
  -3.2519556e-02
  -3.6644422e-02
   0.0000000e+00
  -5.3379803e-02
  -9.1834695e-02
  -1.1999207e-01
  -1.2934048e-01
  -1.1205147e-01
  -1.0072011e-01
  -9.5339611e-02
  -9.6592556e-02
  -9.6827351e-02
  -9.2710465e-02
  -8.5679804e-02
  -7.5290956e-02
  -5.6303609e-02
  -3.1210585e-02
  -1.9079353e-02
   0.0000000e+00
   0.0000000e+00
   0.0000000e+00
   0.0000000e+00
   0.0000000e+00
   0.0000000e+00
   0.0000000e+00
   0.0000000e+00
   0.0000000e+00
   0.0000000e+00
   0.0000000e+00
   0.0000000e+00
   0.0000000e+00
   0.0000000e+00
   6.2491938e-02
   4.8642315e-02
   3.6667998e-02
   0.0000000e+00
   0.0000000e+00
   2.3506077e-02
   1.7076097e-02
   6.3415179e-03
   0.0000000e+00
   0.0000000e+00
  -4.7645651e-02
  -5.0831142e-02
  -4.7671087e-02
   0.0000000e+00
  -4.7769299e-02
  -4.8839263e-02
  -5.5548787e-02
  -6.5391181e-02
  -7.6704878e-02
  -9.0578100e-02
  -1.0191529e-01
  -1.1319894e-01
  -1.2593938e-01
  -1.3500934e-01
  -1.4230518e-01
  -1.4841597e-01
  -1.5116926e-01
  -1.5180041e-01
  -1.4902760e-01
  -1.4392608e-01
  -1.3699455e-01
  -1.2668968e-01
  -1.1685328e-01
  -1.0607032e-01
  -9.2272215e-02
  -7.9627823e-02
  -6.5286787e-02
  -4.6176163e-02
  -3.1839918e-02
  -2.0956764e-02
  -1.5272469e-02
   0.0000000e+00
   0.0000000e+00
  -5.3379806e-02
  -6.8377880e-02
  -9.9172608e-02
  -1.0822453e-01
  -1.0251450e-01
  -9.6773816e-02
  -9.3480285e-02
  -9.5716806e-02
  -9.8843977e-02
  -1.0010238e-01
  -9.8344125e-02
  -9.2229215e-02
  -7.6372468e-02
  -5.0083292e-02
  -3.6190166e-02
   0.0000000e+00
   0.0000000e+00
   0.0000000e+00
   0.0000000e+00
   0.0000000e+00
   0.0000000e+00
   0.0000000e+00
   0.0000000e+00
   0.0000000e+00
   0.0000000e+00
   0.0000000e+00
   0.0000000e+00
   0.0000000e+00
   0.0000000e+00
   6.0943601e-02
   5.6361187e-02
   4.4654409e-02
   0.0000000e+00
   0.0000000e+00
   0.0000000e+00
   0.0000000e+00
   0.0000000e+00
   0.0000000e+00
   0.0000000e+00
  -4.7645651e-02
  -6.5395230e-02
  -6.6164475e-02
  -5.8828384e-02
  -5.0433575e-02
  -4.7525308e-02
  -5.2008848e-02
  -6.0925841e-02
  -7.1498532e-02
  -8.5132567e-02
  -9.6876815e-02
  -1.0862372e-01
  -1.2190414e-01
  -1.3140559e-01
  -1.3920965e-01
  -1.4595240e-01
  -1.4912724e-01
  -1.4996972e-01
  -1.4722590e-01
  -1.4229715e-01
  -1.3588493e-01
  -1.2645244e-01
  -1.1725686e-01
  -1.0670344e-01
  -9.2054015e-02
  -7.7847995e-02
  -6.1276715e-02
  -3.8516833e-02
  -2.1415789e-02
  -1.0736522e-02
  -1.5272468e-02
   0.0000000e+00
   0.0000000e+00
  -5.3897037e-02
  -6.4922944e-02
  -8.5297344e-02
  -9.1973072e-02
  -8.9647748e-02
  -8.6456155e-02
  -8.5476575e-02
  -8.8464953e-02
  -9.3185564e-02
  -9.8124570e-02
  -1.0037678e-01
  -9.8699620e-02
  -8.7978100e-02
  -6.3793451e-02
  -5.0112113e-02
   0.0000000e+00
   0.0000000e+00
   0.0000000e+00
   0.0000000e+00
   0.0000000e+00
   0.0000000e+00
   0.0000000e+00
   0.0000000e+00
   0.0000000e+00
   0.0000000e+00
   0.0000000e+00
   0.0000000e+00
   0.0000000e+00
   0.0000000e+00
   4.9543429e-02
   5.8004654e-02
   4.4654409e-02
   0.0000000e+00
   0.0000000e+00
   0.0000000e+00
   0.0000000e+00
   0.0000000e+00
   0.0000000e+00
   0.0000000e+00
   0.0000000e+00
  -8.1980591e-02
  -7.7366665e-02
  -6.0101189e-02
  -5.1487909e-02
  -4.7028292e-02
  -4.9837686e-02
  -5.7919473e-02
  -6.7355461e-02
  -8.0318227e-02
  -9.2086163e-02
  -1.0390066e-01
  -1.1725944e-01
  -1.2683377e-01
  -1.3476323e-01
  -1.4171642e-01
  -1.4503278e-01
  -1.4591670e-01
  -1.4314917e-01
  -1.3838784e-01
  -1.3235421e-01
  -1.2348268e-01
  -1.1474850e-01
  -1.0452288e-01
  -8.9665487e-02
  -7.4802613e-02
  -5.7170250e-02
  -3.2567043e-02
  -1.3832920e-02
  -5.2429411e-03
   0.0000000e+00
   0.0000000e+00
  -3.7244244e-02
  -5.3240385e-02
  -6.1690480e-02
  -7.5154446e-02
  -8.0147140e-02
  -7.9619592e-02
  -7.8071378e-02
  -7.8678288e-02
  -8.2284187e-02
  -8.7909147e-02
  -9.4840035e-02
  -9.9478844e-02
  -1.0079841e-01
  -9.3813941e-02
  -7.1724824e-02
  -5.8541399e-02
   0.0000000e+00
   0.0000000e+00
   0.0000000e+00
   0.0000000e+00
   0.0000000e+00
   0.0000000e+00
   0.0000000e+00
   0.0000000e+00
   0.0000000e+00
   0.0000000e+00
   0.0000000e+00
   0.0000000e+00
   0.0000000e+00
   0.0000000e+00
   4.3141266e-02
   5.8223555e-02
   0.0000000e+00
   0.0000000e+00
   0.0000000e+00
   0.0000000e+00
  -0.0000000e+00
   0.0000000e+00
   0.0000000e+00
   0.0000000e+00
   0.0000000e+00
  -9.2979862e-02
  -8.7267165e-02
  -6.5624800e-02
  -5.3274746e-02
  -4.7621975e-02
  -4.7825908e-02
  -5.4220351e-02
  -6.0274623e-02
  -7.0824887e-02
  -8.1843495e-02
  -9.2981537e-02
  -1.0554999e-01
  -1.1453718e-01
  -1.2194696e-01
  -1.2849057e-01
  -1.3153857e-01
  -1.3215988e-01
  -1.2922892e-01
  -1.2483250e-01
  -1.1935468e-01
  -1.1109139e-01
  -1.0301805e-01
  -9.3734524e-02
  -7.9756681e-02
  -6.5312356e-02
  -4.7743918e-02
  -2.2780583e-02
  -2.7471086e-03
   4.5397525e-03
   0.0000000e+00
   0.0000000e+00
  -3.7244248e-02
  -5.0119995e-02
  -5.4894982e-02
  -6.0183380e-02
  -6.2846475e-02
  -6.3035283e-02
  -6.3282615e-02
  -6.5930422e-02
  -7.0642315e-02
  -7.6856141e-02
  -8.4726394e-02
  -9.1326919e-02
  -9.6361435e-02
  -9.4844720e-02
  -7.7444046e-02
  -6.5978121e-02
   0.0000000e+00
   0.0000000e+00
   0.0000000e+00
   0.0000000e+00
   0.0000000e+00
   0.0000000e+00
   0.0000000e+00
   0.0000000e+00
   0.0000000e+00
   0.0000000e+00
   0.0000000e+00
   0.0000000e+00
   0.0000000e+00
   0.0000000e+00
   3.9222631e-02
   5.4586307e-02
   0.0000000e+00
   0.0000000e+00
   0.0000000e+00
   0.0000000e+00
   0.0000000e+00
   0.0000000e+00
   0.0000000e+00
   0.0000000e+00
   0.0000000e+00
  -0.0000000e+00
  -8.7267156e-02
  -6.7950837e-02
  -5.5468295e-02
  -4.8403651e-02
  -4.7437575e-02
  -5.2126408e-02
  -5.3968169e-02
  -6.1060801e-02
  -6.9663100e-02
  -7.9071857e-02
  -8.9867294e-02
  -9.7522661e-02
  -1.0396828e-01
  -1.0954173e-01
  -1.1184424e-01
  -1.1205055e-01
  -1.0961282e-01
  -1.0585642e-01
  -1.0101099e-01
  -9.3856290e-02
  -8.6983055e-02
  -7.9070829e-02
  -6.6915512e-02
  -5.3804144e-02
  -3.7388429e-02
  -1.3795823e-02
  -5.7624441e-04
   0.0000000e+00
   0.0000000e+00
   0.0000000e+00
  -3.2846878e-02
  -4.3358974e-02
  -4.6145231e-02
  -4.8590761e-02
  -5.0436281e-02
  -5.0944015e-02
  -5.1741805e-02
  -5.4588571e-02
  -5.9428770e-02
  -6.6195682e-02
  -7.5323552e-02
  -8.3006889e-02
  -8.9384764e-02
  -9.0179846e-02
  -7.6821931e-02
  -6.7709334e-02
   0.0000000e+00
   0.0000000e+00
   0.0000000e+00
   0.0000000e+00
   0.0000000e+00
   0.0000000e+00
   0.0000000e+00
   0.0000000e+00
   0.0000000e+00
   0.0000000e+00
   0.0000000e+00
   0.0000000e+00
   0.0000000e+00
   0.0000000e+00
   3.5782789e-02
   5.4586308e-02
   0.0000000e+00
   0.0000000e+00
   0.0000000e+00
   0.0000000e+00
   0.0000000e+00
   0.0000000e+00
   0.0000000e+00
   0.0000000e+00
   0.0000000e+00
   0.0000000e+00
   0.0000000e+00
  -6.6567428e-02
  -5.6493044e-02
  -4.8574507e-02
  -4.4924173e-02
  -5.1325747e-02
  -4.8859704e-02
  -5.3045623e-02
  -5.9684783e-02
  -6.7557737e-02
  -7.6872714e-02
  -8.3568789e-02
  -8.9401029e-02
  -9.4385520e-02
  -9.6263535e-02
  -9.6224159e-02
  -9.3976438e-02
  -9.0576090e-02
  -8.6194538e-02
  -8.0016702e-02
  -7.4339233e-02
  -6.7783050e-02
  -5.7165481e-02
  -4.5066394e-02
  -2.9332986e-02
  -7.1028918e-03
   2.6842006e-03
   0.0000000e+00
   0.0000000e+00
   0.0000000e+00
  -3.0687255e-02
  -3.6360458e-02
  -3.7755452e-02
  -3.9517030e-02
  -4.1085850e-02
  -4.1734707e-02
  -4.2988561e-02
  -4.5959443e-02
  -5.0618168e-02
  -5.7344608e-02
  -6.7018554e-02
  -7.5514875e-02
  -8.3100036e-02
  -8.5965224e-02
  -7.5287797e-02
  -5.5472863e-02
   0.0000000e+00
   0.0000000e+00
   0.0000000e+00
   0.0000000e+00
   0.0000000e+00
   0.0000000e+00
   0.0000000e+00
   0.0000000e+00
   0.0000000e+00
   0.0000000e+00
   0.0000000e+00
   0.0000000e+00
   0.0000000e+00
   0.0000000e+00
   0.0000000e+00
   0.0000000e+00
   0.0000000e+00
   0.0000000e+00
   0.0000000e+00
   0.0000000e+00
   0.0000000e+00
   0.0000000e+00
   0.0000000e+00
   0.0000000e+00
   0.0000000e+00
   0.0000000e+00
   0.0000000e+00
  -6.0886163e-02
  -5.6957995e-02
  -4.8254471e-02
  -3.7042202e-02
   0.0000000e+00
  -3.9870688e-02
  -4.2342881e-02
  -4.6384353e-02
  -5.2071144e-02
  -5.9380099e-02
  -6.4951230e-02
  -7.0171801e-02
  -7.4611362e-02
  -7.6140841e-02
  -7.5883981e-02
  -7.3639786e-02
  -7.0517702e-02
  -6.6691208e-02
  -6.1895656e-02
  -5.8060129e-02
  -5.3582949e-02
  -4.5067225e-02
  -3.4224495e-02
  -1.9094838e-02
   1.0395707e-03
   6.6844023e-03
   0.0000000e+00
   0.0000000e+00
   0.0000000e+00
  -2.9491904e-02
  -2.5328711e-02
  -2.5146835e-02
  -2.7915954e-02
  -2.9574556e-02
  -3.0271328e-02
  -3.2139086e-02
  -3.5230044e-02
  -3.9312516e-02
  -4.5409148e-02
  -5.5246073e-02
  -6.4739630e-02
  -7.4058612e-02
  -7.9888799e-02
  -7.2047614e-02
  -4.7412438e-02
   0.0000000e+00
   0.0000000e+00
   0.0000000e+00
   0.0000000e+00
   0.0000000e+00
   0.0000000e+00
   0.0000000e+00
   0.0000000e+00
   0.0000000e+00
   0.0000000e+00
   0.0000000e+00
   0.0000000e+00
   0.0000000e+00
   0.0000000e+00
   0.0000000e+00
   0.0000000e+00
   0.0000000e+00
   0.0000000e+00
   0.0000000e+00
   0.0000000e+00
   0.0000000e+00
   0.0000000e+00
   0.0000000e+00
   0.0000000e+00
   0.0000000e+00
   0.0000000e+00
   0.0000000e+00
  -5.5541891e-02
  -5.4422964e-02
  -4.9121389e-02
  -3.4940804e-02
   0.0000000e+00
  -2.9936398e-02
  -2.8358505e-02
  -2.9565724e-02
  -3.2432910e-02
  -3.7133272e-02
  -4.1391550e-02
  -4.5403442e-02
  -4.9184708e-02
  -5.0531053e-02
  -5.0199980e-02
  -4.7796475e-02
  -4.4832940e-02
  -4.1650357e-02
  -3.8543331e-02
  -3.6753523e-02
  -3.4865893e-02
  -2.9629441e-02
  -2.0455980e-02
  -5.9340817e-03
   1.0331105e-02
   1.2610181e-02
   0.0000000e+00
   0.0000000e+00
   0.0000000e+00
  -0.0000000e+00
  -0.0000000e+00
  -0.0000000e+00
  -7.8078484e-03
  -9.1073688e-03
  -1.2281947e-02
  -1.5620571e-02
  -1.9663661e-02
  -2.3767014e-02
  -2.9152403e-02
  -3.7733647e-02
  -4.6391668e-02
  -5.5711781e-02
  -6.4611904e-02
  -6.1780669e-02
  -4.2230199e-02
   0.0000000e+00
   0.0000000e+00
   0.0000000e+00
   0.0000000e+00
   0.0000000e+00
   0.0000000e+00
   0.0000000e+00
   0.0000000e+00
   0.0000000e+00
   0.0000000e+00
   0.0000000e+00
   0.0000000e+00
   0.0000000e+00
   0.0000000e+00
   0.0000000e+00
   0.0000000e+00
   0.0000000e+00
   0.0000000e+00
   0.0000000e+00
   0.0000000e+00
   0.0000000e+00
   0.0000000e+00
   0.0000000e+00
   0.0000000e+00
   0.0000000e+00
   0.0000000e+00
   0.0000000e+00
  -4.9653418e-02
  -4.9670655e-02
  -4.8093602e-02
  -3.1898990e-02
  -1.7708004e-02
  -1.6124833e-02
  -1.4909440e-02
  -1.5531827e-02
  -1.7403461e-02
  -2.0898359e-02
  -2.4349917e-02
  -2.7586795e-02
  -3.0528935e-02
  -3.1468444e-02
  -3.0950809e-02
  -2.8366791e-02
  -2.5437981e-02
  -2.2676490e-02
  -2.0590903e-02
  -2.0232454e-02
  -2.0347815e-02
  -1.7828163e-02
  -9.8767336e-03
   3.4252035e-03
   1.4559893e-02
   1.3440890e-02
   0.0000000e+00
   0.0000000e+00
   0.0000000e+00
   0.0000000e+00
   0.0000000e+00
   0.0000000e+00
  -4.0493673e-03
   8.0263223e-03
   4.3769488e-03
  -8.1717747e-04
  -5.8778338e-03
  -1.0291878e-02
  -1.5659990e-02
  -2.3821557e-02
  -3.1843387e-02
  -4.0602371e-02
  -5.0474610e-02
  -5.1296324e-02
  -3.7051894e-02
   0.0000000e+00
   0.0000000e+00
   0.0000000e+00
   0.0000000e+00
   0.0000000e+00
   0.0000000e+00
   0.0000000e+00
   0.0000000e+00
   1.8334226e-02
   0.0000000e+00
   0.0000000e+00
   0.0000000e+00
   0.0000000e+00
   0.0000000e+00
   0.0000000e+00
   0.0000000e+00
   0.0000000e+00
   0.0000000e+00
   0.0000000e+00
   0.0000000e+00
   0.0000000e+00
   0.0000000e+00
   0.0000000e+00
   0.0000000e+00
   0.0000000e+00
   0.0000000e+00
   0.0000000e+00
  -4.6761706e-02
  -4.5273710e-02
  -4.6944282e-02
  -2.6583357e-02
  -1.3630907e-02
  -2.4343652e-03
   1.4757798e-03
   1.0284344e-03
  -4.0694710e-04
  -3.1516226e-03
  -5.9662908e-03
  -8.5227499e-03
  -1.0583210e-02
  -1.1012749e-02
  -1.0191802e-02
  -7.3920526e-03
  -4.4853268e-03
  -2.1140079e-03
  -1.0383516e-03
  -2.1571452e-03
  -4.3984973e-03
  -4.9526365e-03
   1.5539706e-03
   1.3197141e-02
   1.8461556e-02
   0.0000000e+00
   0.0000000e+00
   0.0000000e+00
   0.0000000e+00
   0.0000000e+00
   0.0000000e+00
   0.0000000e+00
   0.0000000e+00
   2.3388979e-02
   2.3125367e-02
   1.6783081e-02
   1.0328605e-02
   5.3185541e-03
  -3.3282128e-04
  -8.4314663e-03
  -1.5951373e-02
  -2.4032395e-02
  -3.4431521e-02
  -3.8910285e-02
  -3.0513912e-02
  -8.2635996e-03
   0.0000000e+00
   0.0000000e+00
   0.0000000e+00
   0.0000000e+00
   1.1322897e-02
   3.0772684e-02
   3.2929430e-02
   2.1064416e-02
   0.0000000e+00
   0.0000000e+00
   0.0000000e+00
   0.0000000e+00
   0.0000000e+00
   0.0000000e+00
   0.0000000e+00
   0.0000000e+00
   0.0000000e+00
   0.0000000e+00
   0.0000000e+00
   0.0000000e+00
   0.0000000e+00
   0.0000000e+00
   0.0000000e+00
   0.0000000e+00
   0.0000000e+00
   0.0000000e+00
   0.0000000e+00
   0.0000000e+00
   0.0000000e+00
  -9.1328662e-03
   8.2255393e-03
   2.1025910e-02
   2.7725173e-02
   2.7210982e-02
   2.4896248e-02
   2.1671468e-02
   1.8933001e-02
   1.6777783e-02
   1.5440138e-02
   1.5701119e-02
   1.7203715e-02
   2.0311990e-02
   2.3167315e-02
   2.5220500e-02
   2.5088911e-02
   2.2186805e-02
   1.7339992e-02
   1.2407719e-02
   1.6465550e-02
   2.5299640e-02
   0.0000000e+00
   0.0000000e+00
   0.0000000e+00
   0.0000000e+00
   0.0000000e+00
   0.0000000e+00
   0.0000000e+00
   0.0000000e+00
   0.0000000e+00
   4.6937084e-02
   4.7845949e-02
   4.4190198e-02
   3.5003172e-02
   2.8447906e-02
   2.1719922e-02
   1.2652385e-02
   5.0405739e-03
  -2.4149666e-03
  -1.2734381e-02
  -2.1000127e-02
  -1.9330559e-02
  -8.2635986e-03
   0.0000000e+00
   0.0000000e+00
   0.0000000e+00
   0.0000000e+00
   1.1322896e-02
   3.0772681e-02
   3.2929430e-02
   3.2041395e-02
   0.0000000e+00
   0.0000000e+00
   0.0000000e+00
   0.0000000e+00
   0.0000000e+00
   0.0000000e+00
   0.0000000e+00
   0.0000000e+00
   0.0000000e+00
   0.0000000e+00
   0.0000000e+00
   0.0000000e+00
   0.0000000e+00
   0.0000000e+00
   0.0000000e+00
   0.0000000e+00
   0.0000000e+00
   0.0000000e+00
   0.0000000e+00
   0.0000000e+00
   0.0000000e+00
   1.2536031e-02
   3.2968637e-02
   4.8502773e-02
   5.5541251e-02
   5.5295609e-02
   5.1909879e-02
   4.8095860e-02
   4.5732468e-02
   4.3879542e-02
   4.3020956e-02
   4.3577626e-02
   4.5478255e-02
   4.8855379e-02
   5.1375117e-02
   5.2727118e-02
   5.1171631e-02
   4.6467453e-02
   3.9291274e-02
   2.9926386e-02
   2.9249201e-02
   3.3103723e-02
   0.0000000e+00
   0.0000000e+00
   0.0000000e+00
   0.0000000e+00
   0.0000000e+00
   0.0000000e+00
   0.0000000e+00
   0.0000000e+00
   0.0000000e+00
   4.3901097e-02
   5.3552382e-02
   6.5286405e-02
   6.0119484e-02
   5.1971532e-02
   4.3505069e-02
   3.3252321e-02
   2.5491547e-02
   1.8463150e-02
   8.8946363e-03
  -1.6187322e-03
  -5.6760511e-03
  -8.2635993e-03
   0.0000000e+00
   0.0000000e+00
   0.0000000e+00
   0.0000000e+00
   2.5492566e-02
   3.3371191e-02
   2.8842444e-02
   0.0000000e+00
   0.0000000e+00
   0.0000000e+00
   0.0000000e+00
   0.0000000e+00
   0.0000000e+00
   0.0000000e+00
   0.0000000e+00
   0.0000000e+00
   0.0000000e+00
   0.0000000e+00
   0.0000000e+00
   0.0000000e+00
   0.0000000e+00
   0.0000000e+00
   0.0000000e+00
   0.0000000e+00
   0.0000000e+00
   0.0000000e+00
   0.0000000e+00
   0.0000000e+00
   0.0000000e+00
   2.7682248e-02
   5.6576232e-02
   7.4828215e-02
   7.6767854e-02
   7.4252106e-02
   7.0568472e-02
   6.7784563e-02
   6.6220365e-02
   6.5066099e-02
   6.5455750e-02
   6.6791460e-02
   6.9097377e-02
   7.2528660e-02
   7.4450798e-02
   7.4686781e-02
   7.1641348e-02
   6.5105706e-02
   5.5925276e-02
   4.3273676e-02
   3.4959733e-02
   3.3742165e-02
   0.0000000e+00
   0.0000000e+00
   0.0000000e+00
   0.0000000e+00
   0.0000000e+00
   0.0000000e+00
   0.0000000e+00
   0.0000000e+00
   0.0000000e+00
   0.0000000e+00
   5.6291155e-02
   6.9970630e-02
   7.3274061e-02
   6.6796325e-02
   5.6622412e-02
   4.6689834e-02
   4.0511731e-02
   3.4603011e-02
   2.6388818e-02
   1.4626842e-02
   4.7631655e-03
   0.0000000e+00
   0.0000000e+00
   0.0000000e+00
   2.5605036e-02
   3.8510205e-02
   3.0095952e-02
   3.3825269e-02
   2.7414075e-02
   0.0000000e+00
   0.0000000e+00
   0.0000000e+00
   0.0000000e+00
   0.0000000e+00
   0.0000000e+00
   0.0000000e+00
   0.0000000e+00
   0.0000000e+00
   0.0000000e+00
   0.0000000e+00
   0.0000000e+00
   0.0000000e+00
   0.0000000e+00
   0.0000000e+00
   0.0000000e+00
   0.0000000e+00
   0.0000000e+00
   0.0000000e+00
   0.0000000e+00
   0.0000000e+00
   4.5045004e-02
   0.0000000e+00
   1.0031919e-01
   1.0040862e-01
   9.1201253e-02
   8.4862269e-02
   8.2482651e-02
   8.2924552e-02
   8.3011024e-02
   8.3440818e-02
   8.5814573e-02
   8.8885538e-02
   9.2126168e-02
   9.5633820e-02
   9.6762471e-02
   9.5447958e-02
   9.0175599e-02
   8.1466496e-02
   7.0245869e-02
   5.4893870e-02
   3.9171617e-02
   3.1631257e-02
   0.0000000e+00
   0.0000000e+00
   0.0000000e+00
   0.0000000e+00
   0.0000000e+00
   0.0000000e+00
   0.0000000e+00
   0.0000000e+00
   0.0000000e+00
   0.0000000e+00
   5.8766331e-02
   7.0679629e-02
   7.4971832e-02
   7.1955472e-02
   6.2759526e-02
   5.6476086e-02
   5.3211216e-02
   4.9554914e-02
   4.3071400e-02
   3.1386770e-02
   1.8664613e-02
   2.0362238e-02
   0.0000000e+00
   0.0000000e+00
   2.5609538e-02
   3.1846840e-02
   2.9148205e-02
   0.0000000e+00
   0.0000000e+00
   0.0000000e+00
   0.0000000e+00
   0.0000000e+00
   0.0000000e+00
  -2.0359785e-02
   0.0000000e+00
   0.0000000e+00
   0.0000000e+00
   0.0000000e+00
   0.0000000e+00
   0.0000000e+00
   0.0000000e+00
   0.0000000e+00
   0.0000000e+00
   0.0000000e+00
   0.0000000e+00
   0.0000000e+00
   0.0000000e+00
   0.0000000e+00
   0.0000000e+00
   0.0000000e+00
   4.5045001e-02
   7.9350294e-02
   1.2382184e-01
   1.1721192e-01
   9.3901567e-02
   8.5132882e-02
   8.6360179e-02
   9.2426561e-02
   9.5308498e-02
   9.8380931e-02
   1.0352172e-01
   1.0894806e-01
   1.1352395e-01
   1.1684325e-01
   1.1681440e-01
   1.1335108e-01
   1.0478939e-01
   9.3521103e-02
   8.0350325e-02
   6.3028954e-02
   4.2435799e-02
   3.1555906e-02
   0.0000000e+00
   0.0000000e+00
   0.0000000e+00
   0.0000000e+00
   0.0000000e+00
   0.0000000e+00
   0.0000000e+00
   0.0000000e+00
   0.0000000e+00
   0.0000000e+00
   0.0000000e+00
   0.0000000e+00
   6.6904171e-02
   6.7585473e-02
   6.0098412e-02
   6.1561927e-02
   6.2383961e-02
   6.1966654e-02
   5.7780664e-02
   4.7676407e-02
   3.5921071e-02
   2.3131760e-02
   0.0000000e+00
   0.0000000e+00
   2.5641607e-02
   1.9982699e-02
   1.4323792e-02
   0.0000000e+00
   0.0000000e+00
  -1.4315902e-02
  -2.8167944e-02
  -3.6516040e-02
  -3.3475023e-02
  -2.0359785e-02
   0.0000000e+00
   0.0000000e+00
   0.0000000e+00
   0.0000000e+00
   0.0000000e+00
   0.0000000e+00
   0.0000000e+00
   0.0000000e+00
   0.0000000e+00
   0.0000000e+00
   0.0000000e+00
   0.0000000e+00
   0.0000000e+00
   0.0000000e+00
   0.0000000e+00
   0.0000000e+00
   0.0000000e+00
   7.9110379e-02
   1.0917438e-01
   1.0905840e-01
   8.3297260e-02
   8.1520915e-02
   8.8248059e-02
   1.0046972e-01
   1.0710721e-01
   1.1315395e-01
   1.2152327e-01
   1.2764797e-01
   1.3250923e-01
   1.3412015e-01
   1.3200967e-01
   1.2542173e-01
   1.1268093e-01
   9.8502189e-02
   8.3771914e-02
   6.4799681e-02
   4.3156378e-02
   3.1734217e-02
   0.0000000e+00
   0.0000000e+00
   0.0000000e+00
   0.0000000e+00
   0.0000000e+00
   0.0000000e+00
   0.0000000e+00
   0.0000000e+00
   0.0000000e+00
   0.0000000e+00
   0.0000000e+00
   0.0000000e+00
   0.0000000e+00
   0.0000000e+00
   4.8619544e-02
   6.1886955e-02
   6.7192748e-02
   6.9393106e-02
   6.8784036e-02
   6.0447149e-02
   4.8670713e-02
   3.6551702e-02
   4.1708588e-02
   0.0000000e+00
   0.0000000e+00
   0.0000000e+00
   0.0000000e+00
   0.0000000e+00
   0.0000000e+00
  -1.4936866e-02
  -2.8167944e-02
  -3.6516037e-02
  -3.3475025e-02
   0.0000000e+00
   0.0000000e+00
   0.0000000e+00
   0.0000000e+00
   0.0000000e+00
   0.0000000e+00
   0.0000000e+00
   0.0000000e+00
   0.0000000e+00
   0.0000000e+00
   0.0000000e+00
   0.0000000e+00
   0.0000000e+00
   0.0000000e+00
   0.0000000e+00
   0.0000000e+00
   0.0000000e+00
   0.0000000e+00
   5.8335927e-02
   6.9802121e-02
   8.2716846e-02
   8.1666927e-02
   8.7442675e-02
   9.9358539e-02
   1.1408913e-01
   1.2398442e-01
   1.3083162e-01
   1.3870379e-01
   1.4144372e-01
   1.4295818e-01
   1.3893926e-01
   1.3419078e-01
   1.2412330e-01
   1.0989218e-01
   9.3185858e-02
   7.8357556e-02
   5.7436885e-02
   4.2475999e-02
   3.4353148e-02
   0.0000000e+00
   0.0000000e+00
   0.0000000e+00
   0.0000000e+00
   0.0000000e+00
   0.0000000e+00
   0.0000000e+00
   0.0000000e+00
   0.0000000e+00
   0.0000000e+00
   0.0000000e+00
   0.0000000e+00
   0.0000000e+00
   0.0000000e+00
   3.9928041e-02
   5.8136207e-02
   6.7488054e-02
   7.1575862e-02
   7.2459164e-02
   6.6597337e-02
   5.6737577e-02
   4.7851432e-02
   4.1708591e-02
   0.0000000e+00
   0.0000000e+00
   0.0000000e+00
   0.0000000e+00
   0.0000000e+00
   0.0000000e+00
  -0.0000000e+00
   0.0000000e+00
   0.0000000e+00
   0.0000000e+00
   0.0000000e+00
   0.0000000e+00
   0.0000000e+00
   0.0000000e+00
   0.0000000e+00
   0.0000000e+00
   0.0000000e+00
   0.0000000e+00
   0.0000000e+00
   0.0000000e+00
   0.0000000e+00
   0.0000000e+00
   0.0000000e+00
   0.0000000e+00
   0.0000000e+00
   0.0000000e+00
   0.0000000e+00
   0.0000000e+00
   0.0000000e+00
   4.7706174e-02
   6.5023575e-02
   7.8234007e-02
   8.7326065e-02
   1.0321402e-01
   1.2190179e-01
   1.3026989e-01
   1.3481907e-01
   1.3691383e-01
   1.3496929e-01
   1.3161356e-01
   1.2517304e-01
   1.1865888e-01
   1.0946634e-01
   9.3087895e-02
   7.6383367e-02
   5.9814546e-02
   4.0548577e-02
   2.9406371e-02
   0.0000000e+00
   0.0000000e+00
   0.0000000e+00
   0.0000000e+00
   0.0000000e+00
   0.0000000e+00
   0.0000000e+00
   0.0000000e+00
   0.0000000e+00
   0.0000000e+00
   0.0000000e+00
   0.0000000e+00
   0.0000000e+00
   0.0000000e+00
   0.0000000e+00
   3.9810931e-02
   5.4066520e-02
   6.4617589e-02
   6.8728257e-02
   6.9379267e-02
   6.4081997e-02
   5.3836621e-02
   4.5693403e-02
   0.0000000e+00
   0.0000000e+00
   0.0000000e+00
   0.0000000e+00
   0.0000000e+00
   0.0000000e+00
   0.0000000e+00
  -0.0000000e+00
   0.0000000e+00
   0.0000000e+00
   0.0000000e+00
   0.0000000e+00
   0.0000000e+00
   0.0000000e+00
   0.0000000e+00
   0.0000000e+00
   0.0000000e+00
   0.0000000e+00
   0.0000000e+00
   0.0000000e+00
   0.0000000e+00
   0.0000000e+00
   0.0000000e+00
   0.0000000e+00
   0.0000000e+00
   0.0000000e+00
   0.0000000e+00
   0.0000000e+00
   0.0000000e+00
   0.0000000e+00
   4.9160398e-02
   5.0814803e-02
   5.6450896e-02
   6.1612774e-02
   8.3505703e-02
   1.0149181e-01
   1.0765508e-01
   1.0843430e-01
   1.0779101e-01
   1.0416341e-01
   9.9729849e-02
   9.3804603e-02
   8.7363876e-02
   8.0886525e-02
   6.3322607e-02
   5.0549787e-02
   3.4394434e-02
   1.7833115e-02
  -1.3557326e-03
   0.0000000e+00
   0.0000000e+00
   0.0000000e+00
   0.0000000e+00
   0.0000000e+00
   0.0000000e+00
   0.0000000e+00
   0.0000000e+00
   0.0000000e+00
   0.0000000e+00
   0.0000000e+00
   0.0000000e+00
   0.0000000e+00
   0.0000000e+00
   0.0000000e+00
   4.0538486e-02
   5.1077142e-02
   5.8404475e-02
   6.2946726e-02
   6.1456453e-02
   5.5462714e-02
   4.1733688e-02
   0.0000000e+00
   0.0000000e+00
   0.0000000e+00
   0.0000000e+00
   0.0000000e+00
   0.0000000e+00
   0.0000000e+00
   0.0000000e+00
   0.0000000e+00
   0.0000000e+00
   0.0000000e+00
   0.0000000e+00
   0.0000000e+00
   0.0000000e+00
   0.0000000e+00
   0.0000000e+00
   0.0000000e+00
   0.0000000e+00
   0.0000000e+00
   0.0000000e+00
   0.0000000e+00
   0.0000000e+00
   0.0000000e+00
   0.0000000e+00
   0.0000000e+00
   0.0000000e+00
   0.0000000e+00
   0.0000000e+00
   0.0000000e+00
   0.0000000e+00
   0.0000000e+00
   6.4509049e-02
   5.1121876e-02
   1.9232115e-02
   0.0000000e+00
   2.9704426e-02
   4.7273658e-02
   5.2379593e-02
   5.9996184e-02
   5.9840918e-02
   5.9212588e-02
   5.3230349e-02
   4.4913537e-02
   4.1498734e-02
   3.4698608e-02
   2.6812535e-02
   1.4009113e-02
   4.4379174e-03
  -1.7413752e-02
  -0.0000000e+00
   0.0000000e+00
   0.0000000e+00
   0.0000000e+00
   0.0000000e+00
   0.0000000e+00
   0.0000000e+00
   0.0000000e+00
   0.0000000e+00
   0.0000000e+00
   0.0000000e+00
   0.0000000e+00
   0.0000000e+00
   0.0000000e+00
   2.1870582e-02
   2.9443015e-02
   3.2555958e-02
   4.3130841e-02
   4.6493456e-02
   5.3275466e-02
   4.4794898e-02
   4.1104879e-02
   3.0548356e-02
   0.0000000e+00
   0.0000000e+00
   9.9299633e-03
   5.4552228e-03
  -3.0438651e-03
   0.0000000e+00
   0.0000000e+00
   0.0000000e+00
   0.0000000e+00
   0.0000000e+00
   0.0000000e+00
   0.0000000e+00
   0.0000000e+00
   0.0000000e+00
   0.0000000e+00
   0.0000000e+00
   0.0000000e+00
   0.0000000e+00
   0.0000000e+00
   0.0000000e+00
   0.0000000e+00
   0.0000000e+00
   0.0000000e+00
   0.0000000e+00
   0.0000000e+00
   0.0000000e+00
   0.0000000e+00
   0.0000000e+00
   0.0000000e+00
   0.0000000e+00
   0.0000000e+00
   3.5442702e-02
   1.2896759e-02
  -9.2956262e-03
   0.0000000e+00
  -2.5742634e-02
  -3.1162938e-02
  -1.2956772e-02
  -1.0408207e-03
   2.4334791e-04
  -3.6517626e-03
  -2.1529714e-02
   0.0000000e+00
   0.0000000e+00
  -1.7714053e-02
  -1.8356452e-02
  -2.1246858e-02
  -2.9755570e-02
   0.0000000e+00
   0.0000000e+00
   0.0000000e+00
   0.0000000e+00
   0.0000000e+00
   0.0000000e+00
   0.0000000e+00
   0.0000000e+00
   0.0000000e+00
   0.0000000e+00
   0.0000000e+00
   0.0000000e+00
   0.0000000e+00
   0.0000000e+00
   0.0000000e+00
   2.2036362e-02
   1.9712355e-02
   1.6851562e-02
   1.1507496e-02
   1.6167437e-02
   1.9578215e-02
   8.9120353e-03
   1.2929612e-03
  -7.3203072e-04
  -2.1632230e-02
   0.0000000e+00
   7.8862620e-03
  -5.9105884e-03
   0.0000000e+00
   0.0000000e+00
   0.0000000e+00
   0.0000000e+00
   0.0000000e+00
   0.0000000e+00
   0.0000000e+00
   0.0000000e+00
   0.0000000e+00
   0.0000000e+00
   0.0000000e+00
   0.0000000e+00
   0.0000000e+00
   0.0000000e+00
   0.0000000e+00
   0.0000000e+00
   0.0000000e+00
   0.0000000e+00
   0.0000000e+00
   0.0000000e+00
   0.0000000e+00
   0.0000000e+00
   0.0000000e+00
   0.0000000e+00
   0.0000000e+00
   0.0000000e+00
   0.0000000e+00
  -4.2244742e-02
  -5.3626485e-02
  -4.7149134e-02
   0.0000000e+00
   0.0000000e+00
  -6.2652333e-02
  -6.9131006e-02
  -5.6314677e-02
  -2.6657982e-02
   0.0000000e+00
   0.0000000e+00
   0.0000000e+00
   0.0000000e+00
   0.0000000e+00
  -0.0000000e+00
  -5.1597156e-02
  -5.6705168e-02
   0.0000000e+00
   0.0000000e+00
   0.0000000e+00
   0.0000000e+00
   0.0000000e+00
   0.0000000e+00
   0.0000000e+00
   0.0000000e+00
   0.0000000e+00
   0.0000000e+00
   0.0000000e+00
   0.0000000e+00
   0.0000000e+00
   0.0000000e+00
   0.0000000e+00
   1.3898771e-02
   9.6518692e-03
   2.9869496e-04
   0.0000000e+00
  -2.4550393e-02
  -2.9692059e-02
  -3.8996396e-02
  -3.4630083e-02
  -3.4486399e-02
  -2.8165970e-02
  -2.6643863e-02
  -9.8018284e-03
   0.0000000e+00
   0.0000000e+00
   0.0000000e+00
   0.0000000e+00
   0.0000000e+00
   0.0000000e+00
   0.0000000e+00
   0.0000000e+00
   0.0000000e+00
   0.0000000e+00
   0.0000000e+00
   0.0000000e+00
   0.0000000e+00
   0.0000000e+00
   0.0000000e+00
   0.0000000e+00
   0.0000000e+00
   0.0000000e+00
   0.0000000e+00
   0.0000000e+00
   0.0000000e+00
   0.0000000e+00
   0.0000000e+00
   0.0000000e+00
   0.0000000e+00
   0.0000000e+00
   0.0000000e+00
   0.0000000e+00
   0.0000000e+00
   0.0000000e+00
   0.0000000e+00
   0.0000000e+00
   0.0000000e+00
  -0.0000000e+00
  -0.0000000e+00
  -0.0000000e+00
   0.0000000e+00
   0.0000000e+00
   0.0000000e+00
   0.0000000e+00
   0.0000000e+00
   0.0000000e+00
   0.0000000e+00
   0.0000000e+00
   0.0000000e+00
   0.0000000e+00
   0.0000000e+00
   0.0000000e+00
   0.0000000e+00
   0.0000000e+00
   0.0000000e+00
   0.0000000e+00
   0.0000000e+00
   0.0000000e+00
   0.0000000e+00
   0.0000000e+00
   0.0000000e+00
   0.0000000e+00
   0.0000000e+00
   0.0000000e+00
   5.5147475e-03
  -2.5600934e-03
  -0.0000000e+00
   0.0000000e+00
  -0.0000000e+00
  -5.8138709e-02
  -6.7736248e-02
   0.0000000e+00
   0.0000000e+00
  -3.9020058e-02
  -3.4597762e-02
  -2.0912178e-02
   0.0000000e+00
   0.0000000e+00
   0.0000000e+00
   0.0000000e+00
   0.0000000e+00
   0.0000000e+00
   0.0000000e+00
   0.0000000e+00
   0.0000000e+00
   0.0000000e+00
   0.0000000e+00
   0.0000000e+00
   0.0000000e+00
   0.0000000e+00
   0.0000000e+00
   0.0000000e+00
   0.0000000e+00
   0.0000000e+00
   0.0000000e+00
   0.0000000e+00
   0.0000000e+00
   0.0000000e+00
   0.0000000e+00
   0.0000000e+00
   0.0000000e+00
   0.0000000e+00
   0.0000000e+00
   0.0000000e+00
   0.0000000e+00
   0.0000000e+00
   0.0000000e+00
   0.0000000e+00
   0.0000000e+00
   0.0000000e+00
   0.0000000e+00
   0.0000000e+00
   0.0000000e+00
   0.0000000e+00
   0.0000000e+00
   0.0000000e+00
   0.0000000e+00
   0.0000000e+00
   0.0000000e+00
   0.0000000e+00
   0.0000000e+00
   0.0000000e+00
   0.0000000e+00
   0.0000000e+00
   0.0000000e+00
   0.0000000e+00
   0.0000000e+00
   0.0000000e+00
   0.0000000e+00
   0.0000000e+00
   0.0000000e+00
   0.0000000e+00
   0.0000000e+00
   0.0000000e+00
   0.0000000e+00
   0.0000000e+00
   4.8574069e-03
  -1.0322778e-03
   0.0000000e+00
   0.0000000e+00
   0.0000000e+00
   0.0000000e+00
  -0.0000000e+00
   0.0000000e+00
  -2.5272419e-02
  -3.3561230e-02
  -3.6146473e-02
  -2.7391052e-02
  -1.2089588e-02
  -4.6690905e-03
   0.0000000e+00
   0.0000000e+00
   0.0000000e+00
   0.0000000e+00
   0.0000000e+00
   0.0000000e+00
   0.0000000e+00
   0.0000000e+00
   0.0000000e+00
   0.0000000e+00
   0.0000000e+00
   0.0000000e+00
   0.0000000e+00
   0.0000000e+00
   0.0000000e+00
   0.0000000e+00
   0.0000000e+00
   0.0000000e+00
   0.0000000e+00
   0.0000000e+00
   0.0000000e+00
   0.0000000e+00
   0.0000000e+00
   0.0000000e+00
   0.0000000e+00
   0.0000000e+00
   0.0000000e+00
   0.0000000e+00
   0.0000000e+00
   0.0000000e+00
  -4.6085053e-02
  -6.3712896e-02
  -7.9246175e-02
  -8.3733919e-02
  -7.6134907e-02
  -3.8665746e-02
  -4.2203655e-02
  -8.0723724e-02
  -9.5214830e-02
   0.0000000e+00
  -9.9240001e-02
  -1.0760121e-01
  -9.9466222e-02
  -6.8633018e-02
  -3.7929316e-02
  -2.7031383e-02
   0.0000000e+00
   0.0000000e+00
   0.0000000e+00
   0.0000000e+00
   0.0000000e+00
   0.0000000e+00
   0.0000000e+00
   0.0000000e+00
   0.0000000e+00
  -0.0000000e+00
  -0.0000000e+00
   1.8214232e-02
   7.9579796e-03
   0.0000000e+00
   0.0000000e+00
   0.0000000e+00
   0.0000000e+00
   0.0000000e+00
   0.0000000e+00
   0.0000000e+00
  -0.0000000e+00
  -2.1710744e-02
  -2.7588701e-02
  -2.5128208e-02
  -2.3355583e-02
  -2.5546683e-02
  -0.0000000e+00
   0.0000000e+00
   0.0000000e+00
   0.0000000e+00
   0.0000000e+00
   0.0000000e+00
   0.0000000e+00
   0.0000000e+00
   0.0000000e+00
   0.0000000e+00
   0.0000000e+00
   0.0000000e+00
   0.0000000e+00
   0.0000000e+00
   0.0000000e+00
   0.0000000e+00
   0.0000000e+00
   0.0000000e+00
  -1.7263040e-02
  -1.8692587e-02
  -1.8262775e-02
  -2.1582173e-02
  -2.5630439e-02
  -2.6115301e-02
  -2.0450897e-02
  -2.0812330e-02
  -2.1006703e-02
  -2.1479423e-02
  -2.5098890e-02
  -3.1349147e-02
  -3.8911945e-02
  -4.9255740e-02
  -5.6694768e-02
  -5.8507890e-02
  -5.4339860e-02
  -4.9742993e-02
  -4.8063379e-02
  -5.1869854e-02
  -5.4933691e-02
  -4.7622790e-02
  -5.7478655e-02
  -5.5821083e-02
  -4.8296195e-02
  -3.3418901e-02
  -2.1243051e-02
  -1.2270807e-02
  -5.0309465e-03
   3.2584646e-03
   3.4342018e-04
  -1.2906699e-02
  -1.4340456e-02
  -1.5787762e-02
   0.0000000e+00
   0.0000000e+00
   0.0000000e+00
  -0.0000000e+00
  -0.0000000e+00
  -0.0000000e+00
   0.0000000e+00
   0.0000000e+00
   0.0000000e+00
   0.0000000e+00
   0.0000000e+00
   0.0000000e+00
   0.0000000e+00
   0.0000000e+00
   0.0000000e+00
   1.7008788e-03
  -6.7797787e-03
  -1.5430620e-02
  -3.4633327e-02
  -0.0000000e+00
   0.0000000e+00
   0.0000000e+00
   0.0000000e+00
   0.0000000e+00
   0.0000000e+00
   0.0000000e+00
   0.0000000e+00
   0.0000000e+00
   0.0000000e+00
   0.0000000e+00
   0.0000000e+00
   0.0000000e+00
   0.0000000e+00
   0.0000000e+00
   0.0000000e+00
   0.0000000e+00
  -1.5222396e-02
  -1.6380310e-02
