   6.8248250e-01   7.0878004e-01   7.3269502e-01   7.5801351e-01   7.7653029e-01   7.9281990e-01   8.0867351e-01   8.1850490e-01   8.2563702e-01   8.3107742e-01   8.3344069e-01   8.3432443e-01   8.3315034e-01   8.3019047e-01   8.2565214e-01   8.1775548e-01   8.0930152e-01   7.9955970e-01   7.8624615e-01   7.7410006e-01   7.6116544e-01   7.4471609e-01   7.3057851e-01   7.1578586e-01   6.9615701e-01   6.7812243e-01   6.5865505e-01   6.3328700e-01   6.1124784e-01   5.8898609e-01   5.6270552e-01   5.4176652e-01   5.2162000e-01   4.9985829e-01   4.8584331e-01   4.7677586e-01   4.7274123e-01   4.7455075e-01   4.7913772e-01   4.8558615e-01   4.8980819e-01   4.9243377e-01   4.9301032e-01   4.9167602e-01   4.8920350e-01   4.8570394e-01   4.8385046e-01   4.8380350e-01   4.8650637e-01   4.9053157e-01   4.9527591e-01   5.0071610e-01   5.0389200e-01   5.0535191e-01   5.0413204e-01   5.0042022e-01   4.9465248e-01   4.8578272e-01   4.7770132e-01   4.7015891e-01   4.6367309e-01   4.6123761e-01   4.6148402e-01   4.6629483e-01   4.7438838e-01   4.8616436e-01   5.0599790e-01   5.2759894e-01   5.5311857e-01   5.8788496e-01   6.1831904e-01   6.4826261e-01
   1.3386611e+00   1.3813344e+00   1.4197983e+00   1.4594735e+00   1.4857071e+00   1.5070359e+00   1.5272306e+00   1.5403700e+00   1.5494855e+00   1.5545314e+00   1.5551014e+00   1.5537529e+00   1.5489342e+00   1.5409441e+00   1.5298246e+00   1.5151600e+00   1.5026930e+00   1.4868306e+00   1.4602167e+00   1.4316764e+00   1.3977247e+00   1.3511165e+00   1.3100121e+00   1.2694284e+00   1.2216040e+00   1.1817673e+00   1.1396181e+00   1.0841067e+00   1.0333394e+00   9.7914353e-01   9.1153645e-01   8.5374635e-01   7.9285385e-01   7.1267443e-01   6.4236185e-01   5.7846469e-01   5.3342672e-01   5.2858043e-01   5.3833792e-01   5.4936106e-01   5.4835289e-01   5.3555031e-01   5.0297005e-01   4.6008926e-01   4.0589428e-01   3.3878371e-01   3.0867185e-01   3.2613144e-01   3.8987835e-01   4.5378029e-01   5.2054045e-01   5.9963846e-01   6.5916688e-01   7.0948806e-01   7.5611058e-01   7.8310568e-01   8.0045045e-01   8.0921191e-01   8.0746228e-01   8.0176417e-01   7.9689392e-01   8.0067415e-01   8.1420094e-01   8.4480373e-01   8.8084716e-01   9.2422195e-01   9.8525072e-01   1.0422071e+00   1.1020981e+00   1.1738066e+00   1.2300047e+00   1.2817516e+00
   1.8155392e+00   1.8724604e+00   1.9244170e+00   1.9765719e+00   2.0081366e+00   2.0291008e+00   2.0414446e+00   2.0459221e+00   2.0482120e+00   2.0496483e+00   2.0500916e+00   2.0494291e+00   2.0471978e+00   2.0455601e+00   2.0426271e+00   2.0331725e+00   2.0195925e+00   2.0044595e+00   1.9853199e+00   1.9664144e+00   1.9437462e+00   1.9096974e+00   1.8717799e+00   1.8276729e+00   1.7711538e+00   1.7198279e+00   1.6593406e+00   1.5737129e+00   1.5006388e+00   1.4287728e+00   1.3379340e+00   1.2597521e+00   1.1858913e+00   1.0940237e+00   9.9496347e-01   8.7110145e-01   7.3656262e-01   6.9201736e-01   7.0254727e-01   7.4178134e-01   7.5171839e-01   7.0829793e-01   5.9040111e-01   4.9821577e-01   4.0518203e-01   2.2062804e-01   1.2402459e-01   2.3986358e-01   4.2735089e-01   5.4916636e-01   6.3855654e-01   7.1828467e-01   7.8238237e-01   8.4605596e-01   9.1145972e-01   9.5339104e-01   9.8449081e-01   1.0039627e+00   1.0065744e+00   1.0043102e+00   1.0017833e+00   1.0082560e+00   1.0310923e+00   1.0816957e+00   1.1375708e+00   1.2045919e+00   1.3007753e+00   1.3895583e+00   1.4793653e+00   1.5843022e+00   1.6654792e+00   1.7385996e+00
   1.9323439e+00   1.9736891e+00   2.0102838e+00   2.0238400e+00   2.0272645e+00   2.0332552e+00   2.0252171e+00   2.0175999e+00   2.0129873e+00   1.9935623e+00   1.9845423e+00   1.9868033e+00   1.9806500e+00   1.9766847e+00   1.9745175e+00   1.9601839e+00   1.9506922e+00   1.9433419e+00   1.9254559e+00   1.9241836e+00   1.9284713e+00   1.9073771e+00   1.8808789e+00   1.8522451e+00   1.8018804e+00   1.7587459e+00   1.7096804e+00   1.6308643e+00   1.5663198e+00   1.4863514e+00   1.3471557e+00   1.2290745e+00   1.1185087e+00   1.0065345e+00   9.4812262e-01   8.4413222e-01   6.0421247e-01   4.6765004e-01   4.2874525e-01   5.0760605e-01   5.2755412e-01   4.3712797e-01   8.6647207e-01   9.7391250e-01   6.2019234e-01   2.8259957e-01   2.5018901e-01   3.8954282e-01   6.8589961e-01   8.8714224e-01   1.0235966e+00   1.0360014e+00   9.9971570e-01   1.0010381e+00   1.0168531e+00   1.0341424e+00   1.0692621e+00   1.0912195e+00   1.0898797e+00   1.1007567e+00   1.1103669e+00   1.1169688e+00   1.1510590e+00   1.2064020e+00   1.2637269e+00   1.3441195e+00   1.4410891e+00   1.5255858e+00   1.6199523e+00   1.7187223e+00   1.7953541e+00   1.8697254e+00
   1.5407540e+00   1.5193099e+00   1.4873754e+00   1.4390282e+00   1.3842695e+00   1.3394542e+00   1.2866796e+00   1.2395534e+00   1.2080896e+00   1.1663833e+00   1.1433893e+00   1.1328857e+00   1.1056822e+00   1.0989837e+00   1.1009879e+00   1.0965125e+00   1.1066408e+00   1.0997692e+00   1.0884626e+00   1.1117900e+00   1.1116985e+00   1.1135557e+00   1.1349831e+00   1.1287927e+00   1.1355065e+00   1.1430996e+00   1.1227990e+00   1.1188418e+00   1.0845502e+00   9.9336164e-01   9.0140082e-01   7.7395017e-01   6.1701695e-01   6.0048248e-01   5.9566928e-01   5.3316914e-01   4.5346979e-01   3.2011352e-01   3.3421913e-01   4.1870178e-01   4.1436225e-01   6.4046940e-01   1.5400048e+00   1.9636695e+00   1.3850039e+00   3.6185992e-01   3.2029737e-01   3.0132874e-01   7.5288532e-01   1.1934484e+00   1.4568198e+00   1.4398182e+00   1.3152416e+00   1.1610391e+00   9.7918235e-01   9.0317205e-01   8.8043081e-01   8.3966033e-01   8.4602187e-01   8.6658988e-01   8.7615888e-01   9.2545022e-01   9.7131070e-01   1.0218821e+00   1.0995485e+00   1.1736132e+00   1.2708757e+00   1.3487179e+00   1.4004896e+00   1.4698399e+00   1.5156523e+00   1.5350410e+00
   1.1261278e+00   1.0599389e+00   9.9523217e-01   9.1461700e-01   8.5618999e-01   8.1470714e-01   7.7301792e-01   7.4169285e-01   7.2682441e-01   6.9373044e-01   6.8748025e-01   6.8217277e-01   6.6324862e-01   6.7387979e-01   6.5484408e-01   6.3519290e-01   6.2520457e-01   5.8318551e-01   5.8506440e-01   5.8338485e-01   5.5731074e-01   5.4750341e-01   5.1014608e-01   5.1112582e-01   5.1119407e-01   4.8776537e-01   5.2065627e-01   5.3269753e-01   5.5796386e-01   6.1230280e-01   5.8838943e-01   6.3322038e-01   6.7468135e-01   7.7421044e-01   8.8529991e-01   8.6060312e-01   8.5573921e-01   8.2894180e-01   8.5601593e-01   8.2374545e-01   6.2086123e-01   5.7855255e-01   1.1022162e+00   1.8189884e+00   2.1812446e+00   1.6254667e+00   7.5718470e-01   2.3678103e-01   5.6250442e-01   1.2129075e+00   1.6195557e+00   1.7545918e+00   1.6043693e+00   1.3359721e+00   1.0184633e+00   7.8767313e-01   6.5303641e-01   5.4688887e-01   5.2095137e-01   5.2104449e-01   5.8036525e-01   6.6232198e-01   7.1726838e-01   8.1676193e-01   9.1698328e-01   1.0029783e+00   1.1114889e+00   1.1609141e+00   1.1980688e+00   1.2317818e+00   1.2211641e+00   1.1953930e+00
   1.6152260e+00   1.6183363e+00   1.6411889e+00   1.6866861e+00   1.7470137e+00   1.7968774e+00   1.8934110e+00   1.9380991e+00   1.9745909e+00   1.9938985e+00   1.9783477e+00   1.9813470e+00   1.9577930e+00   1.9638768e+00   1.9587286e+00   1.9366582e+00   1.9148824e+00   1.8591198e+00   1.7947140e+00   1.7289056e+00   1.6602683e+00   1.5388990e+00   1.4110708e+00   1.2884680e+00   1.1522533e+00   1.0626434e+00   1.0014508e+00   9.8965144e-01   1.0036266e+00   1.0797627e+00   1.1677515e+00   1.2623503e+00   1.3723458e+00   1.4315922e+00   1.4707851e+00   1.4227942e+00   1.3440346e+00   1.2530032e+00   1.2496810e+00   1.2110324e+00   8.6892061e-01   8.7518088e-01   1.1590234e+00   1.4889040e+00   1.8451142e+00   2.2975598e+00   2.0491034e+00   9.6049475e-01   5.8704067e-01   1.0712926e+00   1.6022114e+00   1.9096256e+00   1.8206610e+00   1.5784255e+00   1.2406130e+00   9.9923219e-01   8.3403401e-01   6.8353038e-01   6.1421874e-01   6.2659518e-01   7.2483078e-01   8.1408762e-01   9.0634015e-01   1.0503731e+00   1.2016928e+00   1.3300858e+00   1.4678497e+00   1.5406191e+00   1.5910734e+00   1.6358106e+00   1.6321238e+00   1.6418518e+00
   2.8504020e+00   2.9234336e+00   3.0223145e+00   3.1434998e+00   3.2539683e+00   3.3486773e+00   3.4497555e+00   3.5091945e+00   3.5492742e+00   3.5626243e+00   3.5470415e+00   3.5237025e+00   3.5035427e+00   3.4935935e+00   3.4904847e+00   3.4778920e+00   3.4484851e+00   3.4084858e+00   3.3445105e+00   3.2774994e+00   3.1985765e+00   3.0571668e+00   2.9103674e+00   2.7420495e+00   2.5573628e+00   2.4315723e+00   2.3243932e+00   2.2546618e+00   2.2081634e+00   2.2015351e+00   2.2131261e+00   2.2447453e+00   2.2772026e+00   2.2493589e+00   2.1896623e+00   2.0689109e+00   1.8869093e+00   1.7254523e+00   1.6916467e+00   1.3698363e+00   9.3816618e-01   8.7391175e-01   7.4295820e-01   7.3141756e-01   8.2283858e-01   1.7872756e+00   2.6919556e+00   1.8929020e+00   6.3461127e-01   9.1692645e-01   1.4553527e+00   1.8746076e+00   1.9325487e+00   1.7838744e+00   1.5476178e+00   1.4048813e+00   1.2635758e+00   1.1157016e+00   1.0754721e+00   1.1508442e+00   1.3179597e+00   1.4247049e+00   1.5588416e+00   1.7460236e+00   1.9359583e+00   2.1202922e+00   2.3056463e+00   2.4403803e+00   2.5312461e+00   2.6440130e+00   2.7018732e+00   2.7728243e+00
   4.0520780e+00   4.1620706e+00   4.2795344e+00   4.4272187e+00   4.5456971e+00   4.6420144e+00   4.7325124e+00   4.7874026e+00   4.8282670e+00   4.8418098e+00   4.8366273e+00   4.8180844e+00   4.8013523e+00   4.7808787e+00   4.7736617e+00   4.7600563e+00   4.7474441e+00   4.7312549e+00   4.6981523e+00   4.6495230e+00   4.5792897e+00   4.4593157e+00   4.3203438e+00   4.1542766e+00   3.9483383e+00   3.7920371e+00   3.6607011e+00   3.5384281e+00   3.4690755e+00   3.4059218e+00   3.3401991e+00   3.2798763e+00   3.2183480e+00   3.0856956e+00   2.9355850e+00   2.7500574e+00   2.4839061e+00   2.2639637e+00   2.2321920e+00   1.4407487e+00   9.7282585e-01   8.8957671e-01   7.1626345e-01   7.1542041e-01   8.8075927e-01   1.6682528e+00   2.5387374e+00   2.2845091e+00   7.5256969e-01   7.8723503e-01   1.1975176e+00   1.7354022e+00   1.8831160e+00   1.8154141e+00   1.7672414e+00   1.8117507e+00   1.7551245e+00   1.5300033e+00   1.4576260e+00   1.6329309e+00   1.8902840e+00   2.0511968e+00   2.2154189e+00   2.4527847e+00   2.6788552e+00   2.9117253e+00   3.1691803e+00   3.3543688e+00   3.5169010e+00   3.6876191e+00   3.8048366e+00   3.9153546e+00
   4.9817104e+00   5.1080522e+00   5.2270690e+00   5.3668687e+00   5.4660256e+00   5.5526722e+00   5.6301546e+00   5.6783172e+00   5.7029016e+00   5.7186299e+00   5.7235472e+00   5.7208784e+00   5.7110626e+00   5.6982540e+00   5.6899905e+00   5.6854497e+00   5.6943163e+00   5.7017926e+00   5.6974364e+00   5.6709411e+00   5.6277628e+00   5.5378953e+00   5.4384239e+00   5.3013156e+00   5.1237759e+00   4.9624329e+00   4.8219269e+00   4.6621245e+00   4.5628139e+00   4.4607937e+00   4.3475283e+00   4.2151223e+00   4.0719031e+00   3.8327365e+00   3.6139648e+00   3.3629447e+00   3.0564653e+00   2.7965427e+00   2.7486732e+00   1.7235106e+00   1.0609938e+00   9.9964699e-01   1.0255356e+00   1.1085625e+00   1.1152116e+00   1.3677732e+00   2.0815952e+00   2.3736364e+00   1.0762367e+00   6.8901836e-01   9.4754624e-01   1.5587294e+00   1.7842600e+00   1.6590834e+00   1.6008769e+00   1.7971130e+00   1.8306796e+00   1.5839996e+00   1.7077796e+00   2.0506390e+00   2.3482058e+00   2.5205688e+00   2.7242510e+00   3.0104370e+00   3.2701280e+00   3.5401047e+00   3.8489028e+00   4.0864811e+00   4.2992865e+00   4.5282121e+00   4.6834813e+00   4.8249354e+00
   5.5663921e+00   5.6857817e+00   5.7834687e+00   5.8912293e+00   5.9607017e+00   6.0293022e+00   6.0898157e+00   6.1200772e+00   6.1356622e+00   6.1535632e+00   6.1674086e+00   6.1697761e+00   6.1710661e+00   6.1708210e+00   6.1745637e+00   6.1925686e+00   6.2218932e+00   6.2454586e+00   6.2565860e+00   6.2551695e+00   6.2378413e+00   6.1972157e+00   6.1413641e+00   6.0574844e+00   5.9301249e+00   5.7993348e+00   5.6664167e+00   5.4995192e+00   5.3731208e+00   5.2400496e+00   5.0843328e+00   4.9041154e+00   4.6958854e+00   4.3851380e+00   4.1132728e+00   3.8303345e+00   3.4697669e+00   3.1759711e+00   2.7061534e+00   1.8087878e+00   1.2891226e+00   1.0769627e+00   1.1322876e+00   1.1862461e+00   1.0333729e+00   9.7699394e-01   1.6988091e+00   2.4358963e+00   1.3467716e+00   5.7483348e-01   7.9352139e-01   1.4952887e+00   1.6262736e+00   1.4546903e+00   1.2361578e+00   1.2046250e+00   1.3630881e+00   1.6020906e+00   2.0756811e+00   2.4924358e+00   2.7250551e+00   2.8619308e+00   3.0934899e+00   3.4084662e+00   3.6857257e+00   3.9672257e+00   4.3005355e+00   4.5704234e+00   4.8138370e+00   5.0780790e+00   5.2555583e+00   5.4143816e+00
   5.7594371e+00   5.8509924e+00   5.9187542e+00   5.9806643e+00   6.0220170e+00   6.0617745e+00   6.0934735e+00   6.1062069e+00   6.1238242e+00   6.1439154e+00   6.1629687e+00   6.1667331e+00   6.1814072e+00   6.1941773e+00   6.2159716e+00   6.2598885e+00   6.2991380e+00   6.3338285e+00   6.3568650e+00   6.3836327e+00   6.4025166e+00   6.4199530e+00   6.4148603e+00   6.3885504e+00   6.3194659e+00   6.2325935e+00   6.1232935e+00   5.9778322e+00   5.8369806e+00   5.6864382e+00   5.4867301e+00   5.2678267e+00   5.0121793e+00   4.6556530e+00   4.3546154e+00   4.0740719e+00   3.6590009e+00   3.3439806e+00   2.2945077e+00   1.5516779e+00   1.5915765e+00   1.2343255e+00   1.1384228e+00   1.1275984e+00   1.0120844e+00   9.7455915e-01   1.6562881e+00   2.5351226e+00   1.6001356e+00   6.6800111e-01   8.6921072e-01   1.5995112e+00   1.3900128e+00   1.2328795e+00   1.1181286e+00   1.0046722e+00   1.3026352e+00   2.0885936e+00   2.5345180e+00   2.8715191e+00   3.0084389e+00   3.1203179e+00   3.3556534e+00   3.6504473e+00   3.9096328e+00   4.1705732e+00   4.4924516e+00   4.7654183e+00   5.0186824e+00   5.2858743e+00   5.4659308e+00   5.6184173e+00
   5.5617388e+00   5.6208570e+00   5.6577946e+00   5.6768052e+00   5.6868539e+00   5.6939229e+00   5.6881237e+00   5.6961672e+00   5.7138630e+00   5.7375171e+00   5.7563255e+00   5.7682701e+00   5.7947969e+00   5.8204346e+00   5.8585702e+00   5.9203500e+00   5.9568531e+00   6.0005338e+00   6.0481055e+00   6.1061231e+00   6.1752709e+00   6.2471770e+00   6.3015339e+00   6.3241259e+00   6.3195470e+00   6.2747873e+00   6.2031831e+00   6.0918378e+00   5.9510056e+00   5.7946863e+00   5.5614072e+00   5.3095845e+00   5.0208810e+00   4.6317689e+00   4.3266953e+00   4.0668836e+00   3.6455689e+00   3.3377210e+00   2.1398706e+00   1.3187246e+00   1.9029631e+00   1.6504570e+00   1.2486470e+00   1.2149235e+00   1.2670886e+00   1.2270828e+00   1.7384665e+00   2.6355390e+00   1.9647286e+00   1.0919182e+00   1.1988240e+00   1.7993861e+00   1.2523795e+00   1.0932187e+00   1.5291880e+00   1.9180321e+00   2.2679186e+00   2.8723022e+00   2.8755914e+00   3.1164036e+00   3.1804186e+00   3.3062866e+00   3.5064732e+00   3.7347668e+00   3.9324110e+00   4.1474740e+00   4.4155250e+00   4.6658756e+00   4.8999146e+00   5.1458609e+00   5.3083317e+00   5.4387530e+00
   4.9028256e+00   4.9292752e+00   4.9277464e+00   4.9101723e+00   4.8863065e+00   4.8571091e+00   4.8429895e+00   4.8441165e+00   4.8571229e+00   4.8805227e+00   4.9007760e+00   4.9302676e+00   4.9694013e+00   5.0004703e+00   5.0438050e+00   5.1076261e+00   5.1524761e+00   5.2082502e+00   5.3097481e+00   5.4056223e+00   5.5183031e+00   5.6640432e+00   5.7728215e+00   5.8590883e+00   5.9109039e+00   5.9193945e+00   5.8955093e+00   5.8052652e+00   5.6855973e+00   5.5310534e+00   5.2783102e+00   5.0053507e+00   4.6867199e+00   4.3171280e+00   4.0033519e+00   3.7811095e+00   3.4014790e+00   3.0904117e+00   2.3066051e+00   1.4145183e+00   2.4195492e+00   2.6213122e+00   1.8839111e+00   1.7704398e+00   2.0317759e+00   1.6110266e+00   1.5924743e+00   2.6655653e+00   2.3346109e+00   1.3316165e+00   1.5394251e+00   2.0875778e+00   1.6133588e+00   1.6992725e+00   2.9228286e+00   3.5262594e+00   3.6915255e+00   3.2993205e+00   3.2281424e+00   3.2890135e+00   3.2645652e+00   3.3607662e+00   3.4609838e+00   3.5697863e+00   3.6868296e+00   3.8246473e+00   4.0139505e+00   4.1969022e+00   4.3852418e+00   4.5778144e+00   4.7192182e+00   4.8303996e+00
   3.6682766e+00   3.6542858e+00   3.6232074e+00   3.5686895e+00   3.5213832e+00   3.4831871e+00   3.4554718e+00   3.4452999e+00   3.4506691e+00   3.4758281e+00   3.5090209e+00   3.5524596e+00   3.6009887e+00   3.6368603e+00   3.6796269e+00   3.7404150e+00   3.8108596e+00   3.9068085e+00   4.0580816e+00   4.2067871e+00   4.3716374e+00   4.5829873e+00   4.7555173e+00   4.9047066e+00   5.0273580e+00   5.0855391e+00   5.1004191e+00   5.0444861e+00   4.9385341e+00   4.7816146e+00   4.4990266e+00   4.2039883e+00   3.8560078e+00   3.4188673e+00   3.1171764e+00   3.0179474e+00   2.7993916e+00   2.5343263e+00   2.4733514e+00   2.7683935e+00   2.7503022e+00   2.4503366e+00   2.4187763e+00   2.5260998e+00   2.5043536e+00   2.0996376e+00   1.7409846e+00   2.5328468e+00   2.6860718e+00   1.7227513e+00   1.9350254e+00   2.3589746e+00   2.8972765e+00   3.0925871e+00   3.0428566e+00   3.1439919e+00   3.3344936e+00   3.3787339e+00   3.3197185e+00   3.2695824e+00   3.1696121e+00   3.1282434e+00   3.0812677e+00   3.0401282e+00   3.0408260e+00   3.0681962e+00   3.1448910e+00   3.2352852e+00   3.3413854e+00   3.4739660e+00   3.5689799e+00   3.6402420e+00
   2.3900568e+00   2.3569539e+00   2.3033794e+00   2.2258965e+00   2.1673660e+00   2.1233622e+00   2.0874053e+00   2.0709564e+00   2.0775486e+00   2.1143156e+00   2.1604647e+00   2.2100339e+00   2.2632700e+00   2.3011939e+00   2.3434936e+00   2.4178023e+00   2.5103199e+00   2.6339737e+00   2.8268845e+00   3.0150641e+00   3.2205158e+00   3.4810645e+00   3.6980285e+00   3.8905451e+00   4.0606280e+00   4.1520018e+00   4.1936989e+00   4.1602634e+00   4.0514881e+00   3.8828603e+00   3.5640196e+00   3.2621930e+00   3.0655119e+00   2.7294852e+00   2.4070706e+00   2.2685880e+00   2.1281625e+00   1.8955951e+00   1.8966384e+00   2.1657740e+00   2.0687381e+00   1.5918670e+00   1.7471699e+00   2.1152422e+00   2.0403705e+00   1.5483048e+00   1.8410529e+00   2.7957835e+00   3.1737541e+00   2.2437363e+00   2.4522923e+00   2.4883436e+00   2.8212057e+00   3.0504954e+00   3.0774451e+00   3.1362331e+00   3.2754358e+00   3.3472209e+00   3.2653142e+00   3.1140254e+00   2.8721856e+00   2.6946830e+00   2.5229493e+00   2.3482191e+00   2.2416494e+00   2.1720221e+00   2.1483843e+00   2.1678004e+00   2.2181689e+00   2.3014199e+00   2.3598550e+00   2.3939933e+00
   1.4079899e+00   1.3820884e+00   1.3384378e+00   1.2781858e+00   1.2385501e+00   1.2156942e+00   1.2036131e+00   1.2008221e+00   1.2111171e+00   1.2354121e+00   1.2574732e+00   1.2769485e+00   1.2921452e+00   1.2894912e+00   1.2848826e+00   1.2899891e+00   1.3102563e+00   1.3887695e+00   1.5969478e+00   1.8152262e+00   2.0523234e+00   2.3497549e+00   2.5955909e+00   2.8170655e+00   3.0250180e+00   3.1436415e+00   3.2060861e+00   3.1823414e+00   3.0633542e+00   2.8751119e+00   2.5598933e+00   2.3377677e+00   2.2927923e+00   2.1005464e+00   1.7579943e+00   1.5765446e+00   1.4739196e+00   1.2042154e+00   1.1666332e+00   1.3923403e+00   1.4679090e+00   1.0575505e+00   1.2362356e+00   1.5315573e+00   1.5735575e+00   1.2043496e+00   1.7396705e+00   2.7621691e+00   3.3961437e+00   2.5746518e+00   2.8341231e+00   2.6303301e+00   2.7242841e+00   2.9039403e+00   3.0027559e+00   3.0282701e+00   3.0812416e+00   3.0704892e+00   2.9190047e+00   2.6716674e+00   2.3153415e+00   2.0356746e+00   1.7740943e+00   1.5057863e+00   1.3239794e+00   1.1901181e+00   1.1391773e+00   1.1782376e+00   1.2426335e+00   1.3304727e+00   1.3869726e+00   1.4141488e+00
   7.3354046e-01   7.3740615e-01   7.3329992e-01   7.2637954e-01   7.3237347e-01   7.5522932e-01   7.9617578e-01   8.2500257e-01   8.4039498e-01   8.2889681e-01   7.9256626e-01   7.4931754e-01   6.8759738e-01   6.0547481e-01   5.1136048e-01   3.6946121e-01   2.3074692e-01   1.9780762e-01   3.9681032e-01   6.3688769e-01   8.9751554e-01   1.2208840e+00   1.4820659e+00   1.7201204e+00   1.9582372e+00   2.0994168e+00   2.1775207e+00   2.1522935e+00   2.0179736e+00   1.8040509e+00   1.5305462e+00   1.4661583e+00   1.5521719e+00   1.5241520e+00   1.1656626e+00   9.5438017e-01   8.5857593e-01   4.8834847e-01   3.8166736e-01   6.6487355e-01   1.0551818e+00   9.0785692e-01   1.0051035e+00   9.1144982e-01   1.2055188e+00   1.1640747e+00   1.4556619e+00   2.4120482e+00   3.3499976e+00   2.7058151e+00   3.0671930e+00   2.7942976e+00   2.7405796e+00   2.8002960e+00   2.8351648e+00   2.7926619e+00   2.7359763e+00   2.5802485e+00   2.3202935e+00   1.9831590e+00   1.5473559e+00   1.1999306e+00   8.8147619e-01   5.5804555e-01   3.3217817e-01   1.6525696e-01   1.5531768e-01   2.9684222e-01   4.3809641e-01   5.8018458e-01   6.6649529e-01   7.1503042e-01
   2.6034888e+00   2.6380219e+00   2.6582758e+00   2.6687355e+00   2.6927148e+00   2.7367961e+00   2.7843795e+00   2.8025845e+00   2.8059865e+00   2.7837392e+00   2.7399393e+00   2.6754620e+00   2.5635061e+00   2.4302196e+00   2.2661248e+00   2.0241602e+00   1.7984848e+00   1.5662006e+00   1.2763039e+00   1.0298767e+00   7.7853329e-01   4.8352403e-01   2.7140361e-01   1.9423362e-01   3.5043602e-01   5.0681676e-01   6.3080533e-01   7.5867158e-01   9.5648070e-01   1.5096647e+00   2.2118642e+00   1.5687181e+00   7.2101924e-01   7.0446021e-01   1.2461286e+00   1.9772201e+00   2.3518573e+00   1.6153585e+00   1.5432536e+00   1.2572576e+00   1.1106870e+00   1.7349063e+00   2.1803394e+00   2.1696761e+00   1.3162055e+00   1.3103674e+00   1.3541736e+00   1.6019037e+00   2.4024376e+00   1.7477676e+00   2.0449910e+00   1.8702947e+00   1.7933091e+00   1.7631204e+00   1.7352369e+00   1.6081301e+00   1.3657426e+00   9.9955020e-01   6.5645350e-01   2.8745899e-01   1.7154348e-01   5.5547979e-01   9.1764815e-01   1.3013660e+00   1.5699173e+00   1.7996041e+00   2.0193972e+00   2.1595991e+00   2.2802493e+00   2.4145960e+00   2.5006442e+00   2.5563280e+00
   3.6780746e+00   3.6980734e+00   3.6985694e+00   3.6986890e+00   3.7212433e+00   3.7610624e+00   3.8089655e+00   3.8322443e+00   3.8432181e+00   3.8242644e+00   3.7677639e+00   3.6740621e+00   3.5062210e+00   3.3163830e+00   3.0970934e+00   2.8069981e+00   2.5699055e+00   2.3450161e+00   2.0786677e+00   1.8633953e+00   1.6521539e+00   1.4083983e+00   1.2273739e+00   1.1079627e+00   1.0973171e+00   1.1597314e+00   1.2891368e+00   1.5929770e+00   2.0744304e+00   2.8310928e+00   2.8884199e+00   1.9725752e+00   1.2596508e+00   8.9159695e-01   1.7930879e+00   3.2998142e+00   3.3444844e+00   2.2493987e+00   2.8461181e+00   2.7345407e+00   1.9280934e+00   2.1853381e+00   3.0230127e+00   2.7731618e+00   1.4356600e+00   1.1119729e+00   1.3467664e+00   1.3930468e+00   1.8338161e+00   9.6621434e-01   1.0296183e+00   7.5771670e-01   8.3597852e-01   9.9540409e-01   1.0553189e+00   9.5870185e-01   9.0915588e-01   9.6593723e-01   1.0358337e+00   1.0886701e+00   1.2686645e+00   1.6089597e+00   1.9403957e+00   2.3142458e+00   2.5928568e+00   2.8386533e+00   3.0775230e+00   3.2360534e+00   3.3772892e+00   3.5197576e+00   3.5949661e+00   3.6386168e+00
   4.5772961e+00   4.5801520e+00   4.5649503e+00   4.5596967e+00   4.5813068e+00   4.6169074e+00   4.6638249e+00   4.6894747e+00   4.7030849e+00   4.6778393e+00   4.5999893e+00   4.4710790e+00   4.2457278e+00   4.0072371e+00   3.7465140e+00   3.4265996e+00   3.1892829e+00   2.9803182e+00   2.7463833e+00   2.5679230e+00   2.4022139e+00   2.2181256e+00   2.0806127e+00   1.9630087e+00   1.8857838e+00   1.9196172e+00   2.0826377e+00   2.5337410e+00   3.2195224e+00   4.0479113e+00   3.4782469e+00   2.3741226e+00   1.8036675e+00   1.4271487e+00   2.5797326e+00   4.4208970e+00   4.0256204e+00   2.8883228e+00   3.7973961e+00   3.6530335e+00   2.6470256e+00   2.6483423e+00   3.7568681e+00   3.3117911e+00   1.5290283e+00   9.6943144e-01   1.2327288e+00   1.1001310e+00   1.4617327e+00   8.3746211e-01   7.4829310e-01   3.9559757e-01   6.1385558e-01   8.9871594e-01   9.6024131e-01   9.3463069e-01   1.0382008e+00   1.3497586e+00   1.6549992e+00   1.9431148e+00   2.2761909e+00   2.5700506e+00   2.8670689e+00   3.2232404e+00   3.5031546e+00   3.7561875e+00   4.0065399e+00   4.1769917e+00   4.3279436e+00   4.4638185e+00   4.5219417e+00   4.5511206e+00
   5.4897608e+00   5.4620107e+00   5.4330974e+00   5.4310901e+00   5.4524012e+00   5.4819913e+00   5.5245848e+00   5.5476678e+00   5.5541394e+00   5.4985092e+00   5.3705555e+00   5.1773945e+00   4.8651845e+00   4.5737969e+00   4.2836403e+00   3.9612053e+00   3.7484093e+00   3.5814311e+00   3.4140956e+00   3.3014822e+00   3.2137395e+00   3.1347014e+00   3.0877343e+00   3.0705201e+00   3.1194787e+00   3.2570726e+00   3.5313457e+00   4.1318989e+00   4.9374099e+00   5.5771838e+00   4.1395735e+00   2.9502778e+00   2.6031420e+00   2.9757851e+00   4.2505078e+00   5.5964916e+00   4.3202257e+00   3.8240732e+00   4.3940612e+00   3.7423131e+00   3.4691740e+00   3.3464962e+00   4.5776598e+00   3.9475529e+00   1.6062858e+00   8.8706363e-01   8.3096271e-01   4.8952096e-01   1.3593544e+00   2.1000881e+00   1.9703947e+00   1.5371694e+00   1.9242337e+00   2.2482163e+00   2.1207642e+00   2.2878768e+00   2.5249206e+00   2.8319502e+00   3.0835523e+00   3.2981745e+00   3.5358194e+00   3.7562565e+00   3.9952711e+00   4.3085138e+00   4.5708777e+00   4.8146898e+00   5.0648089e+00   5.2382962e+00   5.3791869e+00   5.4728539e+00   5.4923814e+00   5.4951973e+00
   5.8530325e+00   5.8017933e+00   5.7692761e+00   5.7719035e+00   5.7897494e+00   5.8083705e+00   5.8284166e+00   5.8256275e+00   5.7888038e+00   5.6611454e+00   5.4761819e+00   5.2397351e+00   4.9158448e+00   4.6522114e+00   4.4153558e+00   4.1807481e+00   4.0415348e+00   3.9525841e+00   3.8893908e+00   3.8649965e+00   3.8692118e+00   3.9122205e+00   3.9759219e+00   4.0746942e+00   4.2596761e+00   4.4996970e+00   4.8517838e+00   5.4714057e+00   6.1622825e+00   6.3773324e+00   4.5113050e+00   3.5329816e+00   3.4101738e+00   4.4118337e+00   5.5885437e+00   6.2775399e+00   4.7909199e+00   3.8374819e+00   2.9559847e+00   2.1155648e+00   3.0430276e+00   3.9841750e+00   5.0450321e+00   4.5149685e+00   2.1134382e+00   1.0473997e+00   1.0832656e+00   9.7892531e-01   1.8408790e+00   2.8126583e+00   1.8142542e+00   1.9919338e+00   3.1265085e+00   3.2979119e+00   3.4200812e+00   3.6007537e+00   3.8319092e+00   4.0758261e+00   4.2463034e+00   4.3600543e+00   4.4799397e+00   4.6163885e+00   4.7875438e+00   5.0404276e+00   5.2597797e+00   5.4685486e+00   5.6992739e+00   5.8478468e+00   5.9367454e+00   5.9565192e+00   5.9292104e+00   5.9002171e+00
   5.8701544e+00   5.8049541e+00   5.7672078e+00   5.7652688e+00   5.7741154e+00   5.7780584e+00   5.7713810e+00   5.7406663e+00   5.6677695e+00   5.5012891e+00   5.3046983e+00   5.0800013e+00   4.8091818e+00   4.6144014e+00   4.4552849e+00   4.3165698e+00   4.2506563e+00   4.2298198e+00   4.2445062e+00   4.2800651e+00   4.3420413e+00   4.4571830e+00   4.5838876e+00   4.7456461e+00   5.0011392e+00   5.2883586e+00   5.6691448e+00   6.2893871e+00   6.8895626e+00   6.9431041e+00   4.7652391e+00   4.0285878e+00   3.9805435e+00   5.2034798e+00   6.2739859e+00   6.3856623e+00   4.2978491e+00   3.2256711e+00   2.0982245e+00   1.5986996e+00   2.8994072e+00   4.3754183e+00   5.3182652e+00   4.8041294e+00   2.6302528e+00   1.1176848e+00   8.8173280e-01   1.0759246e+00   2.1853112e+00   2.8556082e+00   1.6744856e+00   2.0190909e+00   2.9959495e+00   3.3414234e+00   4.0961881e+00   4.3489410e+00   4.5583216e+00   4.7386393e+00   4.8475703e+00   4.8965595e+00   4.9413107e+00   5.0227882e+00   5.1485159e+00   5.3577767e+00   5.5458247e+00   5.7281904e+00   5.9326977e+00   6.0485493e+00   6.0917568e+00   6.0586343e+00   5.9985894e+00   5.9442638e+00
   5.6781279e+00   5.5970951e+00   5.5501349e+00   5.5352305e+00   5.5264901e+00   5.5051093e+00   5.4539559e+00   5.3782255e+00   5.2534214e+00   5.0471575e+00   4.8610540e+00   4.6895442e+00   4.5427424e+00   4.4817339e+00   4.4597682e+00   4.4762730e+00   4.5249322e+00   4.6044620e+00   4.7244671e+00   4.8360139e+00   4.9667966e+00   5.1633087e+00   5.3585121e+00   5.5853703e+00   5.9098335e+00   6.2360279e+00   6.6306941e+00   7.2402451e+00   7.7135564e+00   7.6806560e+00   5.0883058e+00   4.7494028e+00   4.7238490e+00   6.0354283e+00   6.9344928e+00   6.1927337e+00   2.9166631e+00   1.8726201e+00   1.1222592e+00   1.4911937e+00   2.8531767e+00   4.8321209e+00   5.6232827e+00   5.0809052e+00   3.4454399e+00   1.1707880e+00   2.7932281e-01   9.7970514e-01   2.6378558e+00   2.4995227e+00   1.4660264e+00   1.7912786e+00   1.9489600e+00   2.7734463e+00   4.7606563e+00   5.1632475e+00   5.3284959e+00   5.4089409e+00   5.4338980e+00   5.4043300e+00   5.3584046e+00   5.3721682e+00   5.4409595e+00   5.5925085e+00   5.7389511e+00   5.8854440e+00   6.0445927e+00   6.1042833e+00   6.0799445e+00   5.9772863e+00   5.8749066e+00   5.7850173e+00
   4.8641900e+00   4.7562936e+00   4.6826798e+00   4.6250432e+00   4.5776972e+00   4.5175925e+00   4.4240323e+00   4.3264587e+00   4.2061184e+00   4.0846369e+00   4.0471816e+00   4.0687251e+00   4.1868042e+00   4.3548072e+00   4.5537900e+00   4.8045544e+00   5.0100578e+00   5.2099968e+00   5.4342846e+00   5.6064112e+00   5.7801429e+00   6.0099140e+00   6.2264523e+00   6.4675223e+00   6.7923519e+00   7.1047747e+00   7.4593531e+00   7.8890090e+00   7.8558908e+00   6.7047224e+00   5.0171432e+00   5.4935118e+00   5.3615473e+00   6.0455289e+00   6.0390707e+00   4.2059650e+00   1.3377842e+00   9.5562225e-01   8.2064496e-01   2.0272553e+00   3.6927528e+00   5.5308642e+00   5.7317019e+00   5.2220072e+00   4.0932137e+00   1.2032949e+00   1.3749513e+00   2.2883320e+00   2.9468067e+00   1.5432225e+00   1.2178539e+00   1.5915898e+00   1.4536736e+00   1.8266541e+00   3.4608009e+00   4.8131352e+00   5.3116586e+00   5.6206106e+00   5.5476655e+00   5.4556627e+00   5.3405509e+00   5.2938569e+00   5.3071198e+00   5.3836260e+00   5.4727880e+00   5.5643719e+00   5.6305026e+00   5.5995288e+00   5.4920947e+00   5.3129723e+00   5.1602824e+00   5.0192670e+00
   4.2402503e+00   4.1203555e+00   4.0341563e+00   3.9587932e+00   3.9000498e+00   3.8365559e+00   3.7548008e+00   3.6830887e+00   3.6093636e+00   3.5796215e+00   3.6443444e+00   3.7784812e+00   4.0333424e+00   4.3155743e+00   4.6275081e+00   5.0004501e+00   5.2884202e+00   5.5516835e+00   5.8293229e+00   6.0291631e+00   6.2182617e+00   6.4521160e+00   6.6647096e+00   6.8960136e+00   7.1980630e+00   7.4774262e+00   7.7697654e+00   8.0387351e+00   7.7852424e+00   6.1952605e+00   4.7111376e+00   5.4841180e+00   5.3029209e+00   5.5331205e+00   4.9975606e+00   3.0833828e+00   7.7471684e-01   6.5085368e-01   8.0714972e-01   2.3305854e+00   4.0861343e+00   5.8397017e+00   5.7649912e+00   5.1896765e+00   3.9724510e+00   1.2363482e+00   1.7934074e+00   2.6634204e+00   2.8659328e+00   1.2856668e+00   1.2715893e+00   1.3455133e+00   1.3626949e+00   1.6312021e+00   2.7303351e+00   4.0916536e+00   5.0963688e+00   5.5391132e+00   5.4367860e+00   5.3193877e+00   5.1729978e+00   5.0942539e+00   5.0742463e+00   5.1047881e+00   5.1549615e+00   5.2054311e+00   5.2101059e+00   5.1282489e+00   4.9810934e+00   4.7665113e+00   4.5873958e+00   4.4190461e+00
   3.2690480e+00   3.1355747e+00   3.0344401e+00   2.9404005e+00   2.8747102e+00   2.8215389e+00   2.7844448e+00   2.7782609e+00   2.8027168e+00   2.9316396e+00   3.1484270e+00   3.4368265e+00   3.8652894e+00   4.2889490e+00   4.7432303e+00   5.2723015e+00   5.6662348e+00   6.0108774e+00   6.3557902e+00   6.5876609e+00   6.7902650e+00   7.0177738e+00   7.2121858e+00   7.4160328e+00   7.6689442e+00   7.8834995e+00   8.0602688e+00   8.0656048e+00   7.5686441e+00   5.5438188e+00   4.0856611e+00   5.1255649e+00   4.8869165e+00   4.4269782e+00   3.1657388e+00   1.5735303e+00   2.8220619e-01   4.1265216e-01   9.1528744e-01   2.7389128e+00   4.5500365e+00   6.1858943e+00   5.7872548e+00   5.0560123e+00   3.4182880e+00   1.2926229e+00   2.1947823e+00   2.8747116e+00   2.5515891e+00   1.1668324e+00   1.4999552e+00   9.0731245e-01   1.3923287e+00   1.6415520e+00   1.7510831e+00   2.6998512e+00   4.6412059e+00   5.2676647e+00   5.1466909e+00   5.0030890e+00   4.8209192e+00   4.7007672e+00   4.6344861e+00   4.6003388e+00   4.5927432e+00   4.5797954e+00   4.4946521e+00   4.3446359e+00   4.1498741e+00   3.8938322e+00   3.6807852e+00   3.4769216e+00
   2.2823541e+00   2.1961790e+00   2.1420317e+00   2.1154263e+00   2.1192269e+00   2.1497371e+00   2.2308097e+00   2.3334384e+00   2.4710129e+00   2.7141754e+00   2.9939447e+00   3.3266496e+00   3.7972492e+00   4.2557902e+00   4.7501306e+00   5.3393899e+00   5.7926578e+00   6.1993164e+00   6.6192622e+00   6.9037491e+00   7.1339117e+00   7.3529755e+00   7.5111805e+00   7.6626692e+00   7.8231041e+00   7.9172979e+00   7.9170319e+00   7.5561269e+00   6.6185468e+00   4.5712619e+00   2.4214371e+00   3.2429179e+00   3.3018185e+00   2.6366579e+00   1.6432390e+00   8.7338267e-01   1.5156052e-01   2.8483478e-01   9.2569963e-01   2.8326409e+00   4.3532376e+00   5.2433847e+00   5.4195503e+00   4.6079523e+00   2.7813102e+00   1.2833833e+00   1.8681835e+00   2.3515853e+00   2.0275903e+00   1.1806027e+00   1.3357494e+00   8.1030445e-01   1.2255264e+00   1.7511870e+00   2.2550936e+00   2.8387928e+00   4.4350764e+00   4.6283181e+00   4.5029373e+00   4.3402103e+00   4.1278853e+00   3.9747086e+00   3.8608772e+00   3.7608865e+00   3.6906535e+00   3.6079766e+00   3.4523531e+00   3.2728267e+00   3.0721848e+00   2.8267677e+00   2.6261890e+00   2.4431239e+00
   2.0345639e+00   1.9965495e+00   1.9855327e+00   2.0069752e+00   2.0489470e+00   2.1165767e+00   2.2404844e+00   2.3769867e+00   2.5453619e+00   2.8100087e+00   3.0895135e+00   3.4103172e+00   3.8552302e+00   4.2854270e+00   4.7509351e+00   5.3147805e+00   5.7586518e+00   6.1677105e+00   6.6080469e+00   6.9190969e+00   7.1708998e+00   7.3943147e+00   7.5329327e+00   7.6476754e+00   7.7449454e+00   7.7692928e+00   7.6531251e+00   7.0601234e+00   5.9536332e+00   4.0530709e+00   1.6778352e+00   2.3579263e+00   2.4934517e+00   1.8563556e+00   1.0765342e+00   5.9344595e-01   1.1858542e-01   2.7890044e-01   9.2350207e-01   2.7173978e+00   3.9629292e+00   4.5218533e+00   4.9608531e+00   4.0919523e+00   2.5741442e+00   1.3331726e+00   1.6718711e+00   1.9775851e+00   1.6753346e+00   1.1165407e+00   1.2510310e+00   9.7589394e-01   1.5000199e+00   2.1716064e+00   2.7835143e+00   3.1985175e+00   4.2556522e+00   4.2019017e+00   4.0680831e+00   3.9016882e+00   3.6893563e+00   3.5331701e+00   3.4090810e+00   3.2914539e+00   3.2038832e+00   3.1046594e+00   2.9450146e+00   2.7828945e+00   2.6137455e+00   2.4182669e+00   2.2648187e+00   2.1326923e+00
   2.0691625e+00   2.1375669e+00   2.2182290e+00   2.3299848e+00   2.4312396e+00   2.5439059e+00   2.7028696e+00   2.8550598e+00   3.0265963e+00   3.2657755e+00   3.4951695e+00   3.7458257e+00   4.0812262e+00   4.3996754e+00   4.7479280e+00   5.1889362e+00   5.5583507e+00   5.9259924e+00   6.3683068e+00   6.7172771e+00   7.0119594e+00   7.2549489e+00   7.3635767e+00   7.4098650e+00   7.3914022e+00   7.3019524e+00   6.9791821e+00   5.9816324e+00   4.7170603e+00   3.2711387e+00   7.6612061e-01   1.1960985e+00   1.3268522e+00   9.3406891e-01   5.8076593e-01   3.0788554e-01   1.2267265e-01   3.6132073e-01   9.0880197e-01   2.3007147e+00   2.9544116e+00   3.1106874e+00   3.8824623e+00   2.9057987e+00   2.4558808e+00   1.4887190e+00   1.3428716e+00   1.2732016e+00   1.0364064e+00   9.1493135e-01   1.1272690e+00   1.5451154e+00   2.4482985e+00   3.3380783e+00   3.9628498e+00   4.1612432e+00   3.8826156e+00   3.4323978e+00   3.2768968e+00   3.1145530e+00   2.9258161e+00   2.7865280e+00   2.6691218e+00   2.5505236e+00   2.4603611e+00   2.3664547e+00   2.2500264e+00   2.1628658e+00   2.0921315e+00   2.0370874e+00   2.0142652e+00   2.0175857e+00
   2.9924008e+00   3.0985029e+00   3.2092366e+00   3.3459149e+00   3.4639170e+00   3.5905094e+00   3.7583274e+00   3.9119889e+00   4.0821817e+00   4.3095755e+00   4.5136774e+00   4.7196842e+00   4.9595822e+00   5.1551930e+00   5.3463669e+00   5.5582083e+00   5.7111427e+00   5.8552605e+00   6.0539056e+00   6.2561823e+00   6.4719069e+00   6.6824641e+00   6.7606683e+00   6.7505038e+00   6.6403479e+00   6.4217272e+00   5.9638593e+00   5.0188969e+00   3.6145488e+00   2.4467054e+00   9.5093103e-01   7.5429689e-01   7.8802290e-01   5.7036837e-01   3.7770424e-01   2.0168303e-01   2.1470228e-01   4.2620848e-01   1.0145292e+00   1.8296389e+00   2.0073579e+00   1.9939120e+00   2.2957180e+00   1.7656970e+00   2.0786891e+00   1.2625737e+00   1.0022265e+00   8.4170979e-01   6.3649646e-01   5.6954476e-01   8.5483887e-01   1.5005269e+00   2.3476588e+00   3.0354412e+00   3.3619090e+00   3.4233076e+00   3.1376478e+00   2.7396259e+00   2.6448790e+00   2.5902504e+00   2.5604382e+00   2.5381442e+00   2.5260105e+00   2.5259966e+00   2.5362099e+00   2.5510536e+00   2.5819276e+00   2.6228014e+00   2.6732269e+00   2.7456491e+00   2.8095321e+00   2.8815139e+00
   3.5785713e+00   3.7013000e+00   3.8249070e+00   3.9723164e+00   4.0982815e+00   4.2318918e+00   4.4052652e+00   4.5627887e+00   4.7369665e+00   4.9653307e+00   5.1630453e+00   5.3534285e+00   5.5521358e+00   5.6888172e+00   5.7992234e+00   5.8864481e+00   5.9172117e+00   5.9287051e+00   5.9662155e+00   6.0487085e+00   6.1710419e+00   6.3078307e+00   6.3410943e+00   6.2873466e+00   6.1218679e+00   5.8497188e+00   5.3598565e+00   4.3420134e+00   2.9241500e+00   1.9513962e+00   9.6954358e-01   5.1941583e-01   5.3257214e-01   3.9782675e-01   2.7906957e-01   1.5949997e-01   2.4859497e-01   4.6661581e-01   1.0972079e+00   1.6075512e+00   1.4785388e+00   1.3789527e+00   1.4822037e+00   1.2083466e+00   1.8264355e+00   1.1974202e+00   9.2531434e-01   7.4162319e-01   5.3992615e-01   4.5739993e-01   6.9838438e-01   1.3924788e+00   2.1744015e+00   2.7401936e+00   2.8904713e+00   2.8004341e+00   2.6624545e+00   2.3812679e+00   2.3489182e+00   2.3860347e+00   2.4708256e+00   2.5256959e+00   2.5792150e+00   2.6493648e+00   2.7156138e+00   2.7880855e+00   2.8926146e+00   2.9951277e+00   3.1026554e+00   3.2337850e+00   3.3372066e+00   3.4406892e+00
   4.7599316e+00   4.8850974e+00   5.0082064e+00   5.1555919e+00   5.2862533e+00   5.4262530e+00   5.6105408e+00   5.7882957e+00   5.9910758e+00   6.2573351e+00   6.4832938e+00   6.6962909e+00   6.8946552e+00   6.9936155e+00   7.0218673e+00   6.9467293e+00   6.7962121e+00   6.5799253e+00   6.2653592e+00   5.9931475e+00   5.7433311e+00   5.5053562e+00   5.3390996e+00   5.1646033e+00   4.8999314e+00   4.6410030e+00   4.3153164e+00   2.6987675e+00   1.5735186e+00   1.0727544e+00   5.8730645e-01   2.4001044e-01   3.8617461e-01   2.9827939e-01   2.0906935e-01   1.8182182e-01   2.1257536e-01   5.4469180e-01   1.3299590e+00   1.4873470e+00   7.2089332e-01   5.3961205e-01   6.6715187e-01   7.9301409e-01   1.2637446e+00   1.3995621e+00   1.3628483e+00   1.2791559e+00   1.0142424e+00   6.8692709e-01   4.5327795e-01   8.3569539e-01   1.3602537e+00   1.7068012e+00   1.5581307e+00   8.8884112e-01   1.6953688e+00   2.0054997e+00   2.2001970e+00   2.5215180e+00   2.8955294e+00   3.1181767e+00   3.2989718e+00   3.4887327e+00   3.6352050e+00   3.7752721e+00   3.9437716e+00   4.0869629e+00   4.2252923e+00   4.3802586e+00   4.4974170e+00   4.6129709e+00
   5.1016594e+00   5.2146562e+00   5.3257356e+00   5.4620242e+00   5.5817702e+00   5.7096990e+00   5.8807918e+00   6.0445442e+00   6.2292256e+00   6.4688767e+00   6.6688786e+00   6.8573695e+00   7.0351407e+00   7.1262744e+00   7.1542245e+00   7.0900145e+00   6.9535504e+00   6.7419704e+00   6.3973991e+00   6.0423957e+00   5.6435819e+00   5.1536147e+00   4.7729053e+00   4.4612491e+00   4.2097526e+00   4.0244163e+00   3.4682336e+00   1.8027695e+00   9.5061468e-01   6.4529806e-01   4.3449445e-01   2.2575008e-01   2.1175827e-01   1.7275617e-01   1.3445587e-01   1.7915892e-01   2.1146088e-01   5.1325018e-01   1.2164320e+00   1.1806601e+00   4.9696500e-01   4.2495140e-01   4.7061171e-01   6.8591635e-01   1.4609636e+00   1.6252520e+00   1.6182109e+00   1.5419812e+00   1.2825451e+00   9.6793420e-01   6.7567657e-01   6.6939834e-01   8.7964802e-01   1.0355604e+00   9.1844697e-01   5.3311127e-01   1.5943014e+00   2.0722262e+00   2.3819397e+00   2.8160659e+00   3.2560293e+00   3.5082278e+00   3.7048946e+00   3.9043815e+00   4.0533891e+00   4.1935189e+00   4.3566852e+00   4.4897924e+00   4.6175410e+00   4.7592272e+00   4.8648252e+00   4.9683435e+00
   5.3591409e+00   5.4629686e+00   5.5649842e+00   5.6929115e+00   5.8044332e+00   5.9232669e+00   6.0844176e+00   6.2376196e+00   6.4086642e+00   6.6282667e+00   6.8087111e+00   6.9787372e+00   7.1409922e+00   7.2262288e+00   7.2539517e+00   7.1979756e+00   7.0721000e+00   6.8640664e+00   6.4968871e+00   6.0795028e+00   5.5684240e+00   4.8885883e+00   4.3462952e+00   3.9312931e+00   3.6897239e+00   3.5598371e+00   2.8299826e+00   1.1276625e+00   4.8127560e-01   3.2322276e-01   3.1935529e-01   2.1500533e-01   8.0340891e-02   7.8178269e-02   7.8236899e-02   1.7715251e-01   2.1062115e-01   4.8955988e-01   1.1308930e+00   9.4958091e-01   3.2824186e-01   3.3855810e-01   3.2252472e-01   6.0522148e-01   1.6095620e+00   1.7953025e+00   1.8106187e+00   1.7400120e+00   1.4847030e+00   1.1796645e+00   8.4324713e-01   5.4409859e-01   5.1752635e-01   5.2980094e-01   4.3646486e-01   2.6507971e-01   1.5181501e+00   2.1225025e+00   2.5188772e+00   3.0379987e+00   3.5276550e+00   3.8021194e+00   4.0107451e+00   4.2175601e+00   4.3684780e+00   4.5086551e+00   4.6678030e+00   4.7933121e+00   4.9130883e+00   5.0447684e+00   5.1416561e+00   5.2361059e+00
   5.4031385e+00   5.5028283e+00   5.6003657e+00   5.7238302e+00   5.8318694e+00   5.9474966e+00   6.1020526e+00   6.2483763e+00   6.4133143e+00   6.6238528e+00   6.7954490e+00   6.9612787e+00   7.1261292e+00   7.2149622e+00   7.2532034e+00   7.2110208e+00   7.0922385e+00   6.8890151e+00   6.5229610e+00   6.1164122e+00   5.6242236e+00   4.9295338e+00   4.3035141e+00   3.7478348e+00   3.4070214e+00   3.3347360e+00   2.5251091e+00   9.3254350e-01   3.8151052e-01   2.6849150e-01   4.1189962e-01   3.6910813e-01   1.6029687e-01   1.5052822e-01   2.8601336e-01   2.1991158e-01   2.3742082e-01   5.7497944e-01   9.8943807e-01   5.5686104e-01   8.0278350e-02   1.8339746e-01   1.8348900e-01   6.9598805e-01   1.3226446e+00   1.5879184e+00   1.6629130e+00   1.5867589e+00   1.3713650e+00   1.1467310e+00   9.2043884e-01   6.6359914e-01   4.6562078e-01   2.8458840e-01   4.3867719e-01   3.1330477e-01   8.8691212e-01   2.1467411e+00   2.6070111e+00   3.2064995e+00   3.6431180e+00   3.9166843e+00   4.1211128e+00   4.3199719e+00   4.4686164e+00   4.6027320e+00   4.7527557e+00   4.8722555e+00   4.9847784e+00   5.1067364e+00   5.1982649e+00   5.2859062e+00
   5.2011756e+00   5.3090511e+00   5.4156515e+00   5.5505965e+00   5.6701300e+00   5.7969929e+00   5.9650763e+00   6.1225103e+00   6.2995970e+00   6.5252900e+00   6.7082803e+00   6.8830529e+00   7.0564542e+00   7.1487000e+00   7.1905792e+00   7.1578299e+00   7.0506439e+00   6.8630161e+00   6.5122607e+00   6.1034380e+00   5.5849186e+00   4.8073422e+00   4.0543070e+00   3.3138601e+00   2.8637912e+00   2.9522289e+00   2.6571461e+00   1.0529463e+00   3.8047190e-01   3.2337848e-01   5.1932854e-01   4.4139705e-01   1.7870550e-01   1.6992333e-01   2.8523957e-01   2.2457565e-01   2.9920555e-01   6.4350086e-01   9.4058423e-01   4.9159447e-01   3.6665303e-01   5.0717205e-01   4.4968474e-01   6.1571304e-01   1.0454868e+00   1.3782140e+00   1.4439504e+00   1.3527788e+00   1.1383075e+00   9.3397860e-01   7.4254562e-01   5.3319182e-01   3.9511646e-01   3.6776607e-01   6.2582594e-01   4.5799956e-01   7.0773037e-01   1.8718249e+00   2.4633853e+00   3.0047813e+00   3.3854782e+00   3.6497597e+00   3.8525771e+00   4.0560077e+00   4.2130910e+00   4.3553448e+00   4.5131234e+00   4.6391732e+00   4.7579500e+00   4.8867234e+00   4.9836193e+00   5.0771814e+00
   4.9331318e+00   5.0518711e+00   5.1704999e+00   5.3206819e+00   5.4554705e+00   5.5972454e+00   5.7832823e+00   5.9554617e+00   6.1486721e+00   6.3944779e+00   6.5925906e+00   6.7792323e+00   6.9639818e+00   7.0607573e+00   7.1074647e+00   7.0872353e+00   6.9954399e+00   6.8285104e+00   6.4980594e+00   6.0862187e+00   5.5327533e+00   4.6451703e+00   3.7235609e+00   2.7378914e+00   2.1428193e+00   2.4445678e+00   2.8323849e+00   1.2127441e+00   3.7909346e-01   3.9622414e-01   6.6190755e-01   5.3733845e-01   2.0313732e-01   1.9566441e-01   2.8421260e-01   2.3076578e-01   3.8120588e-01   7.3444207e-01   8.7574570e-01   4.0497307e-01   7.4672775e-01   9.3688370e-01   8.0297810e-01   5.0917252e-01   6.7764459e-01   1.0998957e+00   1.1533445e+00   1.0422419e+00   8.2899493e-01   6.5161495e-01   5.0644682e-01   3.6011601e-01   3.0154357e-01   4.7815897e-01   8.7420862e-01   6.5003760e-01   4.6992144e-01   1.5069579e+00   2.2727660e+00   2.7370623e+00   3.0435402e+00   3.2954990e+00   3.4961781e+00   3.7056760e+00   3.8739592e+00   4.0270139e+00   4.1950849e+00   4.3298278e+00   4.4569047e+00   4.5947234e+00   4.6987430e+00   4.8001632e+00
   3.7654283e+00   3.8704162e+00   3.9810871e+00   4.1246012e+00   4.2537246e+00   4.3912651e+00   4.5695557e+00   4.7307816e+00   4.9105195e+00   5.1483409e+00   5.3510982e+00   5.5500313e+00   5.7660927e+00   5.9024210e+00   5.9935186e+00   6.0339136e+00   6.0037946e+00   5.9049481e+00   5.6523469e+00   5.2915001e+00   4.7710601e+00   3.8747022e+00   2.8654096e+00   1.6106780e+00   8.1305597e-01   1.9190933e+00   2.8854607e+00   1.6976640e+00   8.5146546e-01   7.3773130e-01   7.0433422e-01   5.3344372e-01   1.6228790e-01   2.4889314e-01   2.8435614e-01   4.9601014e-01   7.0119662e-01   8.3559183e-01   7.1109803e-01   5.2792216e-01   1.4566313e+00   1.6475519e+00   1.2966023e+00   7.0957057e-01   6.7794031e-01   1.0534732e+00   1.1218108e+00   1.0739667e+00   9.8679831e-01   9.5607449e-01   9.6480869e-01   9.9171528e-01   1.0729224e+00   1.3562866e+00   1.9479016e+00   1.6549862e+00   6.2708652e-01   1.3237119e+00   2.1448191e+00   2.2190666e+00   2.2599645e+00   2.3690645e+00   2.4856495e+00   2.6441878e+00   2.7886039e+00   2.9274488e+00   3.0856257e+00   3.2134559e+00   3.3340773e+00   3.4647595e+00   3.5603663e+00   3.6505185e+00
   3.1252635e+00   3.2126225e+00   3.3071398e+00   3.4305000e+00   3.5435890e+00   3.6671307e+00   3.8315205e+00   3.9835092e+00   4.1555033e+00   4.3927787e+00   4.6103986e+00   4.8401773e+00   5.1181223e+00   5.3233664e+00   5.4840239e+00   5.5899810e+00   5.5972692e+00   5.5262507e+00   5.3031753e+00   4.9725192e+00   4.4930761e+00   3.6666998e+00   2.7391094e+00   1.5925671e+00   8.9633803e-01   2.0341653e+00   2.7817717e+00   1.6193483e+00   9.2825069e-01   7.0929792e-01   6.1159962e-01   4.5820595e-01   1.8471115e-01   3.1950373e-01   3.4799210e-01   5.6151280e-01   7.2806021e-01   7.5907678e-01   6.2443503e-01   5.9188082e-01   1.6318107e+00   1.9101907e+00   1.5624412e+00   1.0222394e+00   9.8511901e-01   1.3109405e+00   1.3984715e+00   1.3917834e+00   1.3551270e+00   1.3629445e+00   1.4070782e+00   1.4724078e+00   1.5623895e+00   1.8253650e+00   2.2747846e+00   2.0899273e+00   1.0209966e+00   1.6409001e+00   2.3431865e+00   2.2386710e+00   2.1421527e+00   2.1327887e+00   2.1536496e+00   2.2320660e+00   2.3283297e+00   2.4305298e+00   2.5562644e+00   2.6621801e+00   2.7639264e+00   2.8751946e+00   2.9560708e+00   3.0311765e+00
   2.0716117e+00   2.1231371e+00   2.1830995e+00   2.2621399e+00   2.3401020e+00   2.4327123e+00   2.5676987e+00   2.7023000e+00   2.8613066e+00   3.1002724e+00   3.3506768e+00   3.6475143e+00   4.0575308e+00   4.4081198e+00   4.7138252e+00   4.9495351e+00   5.0208209e+00   4.9891876e+00   4.8058209e+00   4.5263656e+00   4.1298680e+00   3.4692135e+00   2.7637876e+00   1.9680943e+00   1.5822962e+00   2.4959810e+00   2.5213825e+00   1.2578904e+00   9.3152827e-01   5.1677551e-01   3.8058738e-01   2.8497456e-01   2.5190221e-01   4.6371688e-01   4.9567803e-01   6.1532645e-01   6.7188758e-01   5.4396647e-01   4.8422906e-01   6.9482286e-01   1.7755301e+00   2.2566753e+00   1.9967584e+00   1.6739033e+00   1.6981645e+00   1.9258814e+00   2.0524567e+00   2.1178833e+00   2.1517918e+00   2.1947594e+00   2.2640649e+00   2.3544230e+00   2.4129949e+00   2.5890908e+00   2.6359383e+00   2.7274180e+00   1.8772882e+00   2.4451765e+00   2.8511199e+00   2.4760755e+00   2.1589115e+00   1.9274397e+00   1.7572172e+00   1.6684983e+00   1.6618113e+00   1.6841998e+00   1.7382806e+00   1.7958797e+00   1.8561966e+00   1.9250361e+00   1.9748302e+00   2.0191773e+00
   1.7544350e+00   1.7524878e+00   1.7537004e+00   1.7457233e+00   1.7375030e+00   1.7417887e+00   1.7817807e+00   1.8578476e+00   1.9791022e+00   2.2015385e+00   2.4557260e+00   2.7701176e+00   3.2200809e+00   3.6168173e+00   3.9727556e+00   4.2721010e+00   4.4027247e+00   4.4514852e+00   4.4167921e+00   4.3139543e+00   4.1379275e+00   3.8016949e+00   3.4062856e+00   2.9273121e+00   2.4602004e+00   2.2764497e+00   1.3725075e+00   3.8757737e-01   3.5137781e-01   2.2476015e-01   2.0749144e-01   3.5596213e-01   4.8783646e-01   5.3120345e-01   5.2107543e-01   6.7287213e-01   6.1864531e-01   4.1898992e-01   4.4296151e-01   1.0133880e+00   2.2365028e+00   2.6144334e+00   2.4750005e+00   2.3303891e+00   2.3986856e+00   2.6205104e+00   2.7842618e+00   2.8959493e+00   2.9655529e+00   3.0180411e+00   3.0945835e+00   3.2046157e+00   3.2675699e+00   3.3025920e+00   2.0583059e+00   3.0569168e+00   3.6095204e+00   3.5674143e+00   3.6069315e+00   3.2554020e+00   2.9130740e+00   2.6205019e+00   2.3329945e+00   2.0709807e+00   1.9287562e+00   1.8346554e+00   1.7740609e+00   1.7478811e+00   1.7373838e+00   1.7436697e+00   1.7531166e+00   1.7578390e+00
   1.8215613e+00   1.8018372e+00   1.7833144e+00   1.7451260e+00   1.7012504e+00   1.6618366e+00   1.6410808e+00   1.6641570e+00   1.7330875e+00   1.8988653e+00   2.1146974e+00   2.4004330e+00   2.8292457e+00   3.2189385e+00   3.5777153e+00   3.8993224e+00   4.0671878e+00   4.1730176e+00   4.2357093e+00   4.2392052e+00   4.1886791e+00   4.0234703e+00   3.7798892e+00   3.4543830e+00   2.9746686e+00   2.2102740e+00   9.4109813e-01   2.2132557e-01   2.6379548e-01   2.3354296e-01   2.5773617e-01   4.5203511e-01   6.4920039e-01   6.6799825e-01   6.2004616e-01   7.6876419e-01   6.4197006e-01   4.1480412e-01   4.5716810e-01   1.3123188e+00   2.5927709e+00   2.8082038e+00   2.7241036e+00   2.6625918e+00   2.7502859e+00   2.9687867e+00   3.1531225e+00   3.2941883e+00   3.3931596e+00   3.4582146e+00   3.5414870e+00   3.6623556e+00   3.7423511e+00   3.7716111e+00   2.0800568e+00   3.2705743e+00   4.1773510e+00   3.6102597e+00   3.8001119e+00   3.6800894e+00   3.3519110e+00   3.0658950e+00   2.7537281e+00   2.4310384e+00   2.2339327e+00   2.0910920e+00   1.9801224e+00   1.9167376e+00   1.8750127e+00   1.8552359e+00   1.8499907e+00   1.8422054e+00
   2.4819009e+00   2.4628403e+00   2.4442699e+00   2.4022825e+00   2.3328344e+00   2.2399868e+00   2.1094676e+00   2.0057286e+00   1.9238417e+00   1.8952163e+00   1.9603255e+00   2.1146478e+00   2.4120016e+00   2.7159754e+00   3.0214050e+00   3.3464302e+00   3.5801805e+00   3.8004263e+00   4.0436917e+00   4.2261184e+00   4.3714301e+00   4.4424764e+00   4.3805302e+00   4.2343348e+00   3.8105155e+00   2.2388895e+00   7.6719102e-01   7.0028762e-01   6.7147306e-01   6.3983352e-01   6.6988250e-01   7.2681940e-01   9.6170467e-01   1.1021456e+00   9.6406803e-01   1.0600246e+00   7.9867662e-01   5.5846921e-01   5.6390124e-01   2.0425690e+00   3.3592692e+00   3.0884113e+00   3.0609287e+00   3.0878962e+00   3.1931423e+00   3.4065236e+00   3.6216842e+00   3.8154236e+00   3.9805199e+00   4.0812179e+00   4.1808483e+00   4.3178122e+00   4.4570317e+00   4.6445157e+00   2.9003870e+00   3.6625109e+00   4.1252532e+00   2.3402087e+00   3.5697882e+00   4.3003164e+00   4.0580912e+00   3.8750334e+00   3.6188341e+00   3.2866384e+00   3.0538553e+00   2.8743724e+00   2.7182246e+00   2.6203041e+00   2.5502242e+00   2.5111898e+00   2.5015815e+00   2.4968189e+00
   3.0728291e+00   3.0871409e+00   3.0967581e+00   3.0908265e+00   3.0561122e+00   2.9955798e+00   2.8884407e+00   2.7799383e+00   2.6638805e+00   2.5310938e+00   2.4553603e+00   2.4428322e+00   2.5401871e+00   2.7085693e+00   2.9180281e+00   3.1860846e+00   3.4205894e+00   3.6631810e+00   3.9432314e+00   4.1728803e+00   4.3965336e+00   4.6075889e+00   4.6761393e+00   4.6468032e+00   4.1329339e+00   2.6426124e+00   1.5540293e+00   1.4710936e+00   1.4773403e+00   1.3166258e+00   1.2335104e+00   1.4194678e+00   1.8316339e+00   1.9551624e+00   1.5528176e+00   1.4107504e+00   1.2255002e+00   1.0792683e+00   8.8334447e-01   2.1902510e+00   3.3284906e+00   3.1703712e+00   3.1123201e+00   3.1487143e+00   3.2641121e+00   3.4779124e+00   3.7109264e+00   3.9482997e+00   4.1847153e+00   4.3357352e+00   4.4624259e+00   4.6012189e+00   4.7244393e+00   4.9367060e+00   4.5061935e+00   4.5148972e+00   4.6345386e+00   2.8517979e+00   3.8680001e+00   4.5469061e+00   4.3462243e+00   4.2291132e+00   4.0479671e+00   3.7725141e+00   3.5637270e+00   3.3958596e+00   3.2362779e+00   3.1349688e+00   3.0658713e+00   3.0333408e+00   3.0347478e+00   3.0503087e+00
   3.4277208e+00   3.4688577e+00   3.5019165e+00   3.5231821e+00   3.5158254e+00   3.4834604e+00   3.4042312e+00   3.3066655e+00   3.1854701e+00   3.0122705e+00   2.8671882e+00   2.7613638e+00   2.7321002e+00   2.8030388e+00   2.9353566e+00   3.1461045e+00   3.3615060e+00   3.5976871e+00   3.8771801e+00   4.1168470e+00   4.3714785e+00   4.6554163e+00   4.8027487e+00   4.8505140e+00   4.3514235e+00   3.0925772e+00   2.2202217e+00   2.1094641e+00   2.1142925e+00   1.9029121e+00   1.7550467e+00   1.9764374e+00   2.3933758e+00   2.4658927e+00   1.9479095e+00   1.6748779e+00   1.5047043e+00   1.5157459e+00   1.3292186e+00   2.4094759e+00   3.3021224e+00   3.1888931e+00   3.1049110e+00   3.1348813e+00   3.2534622e+00   3.4669280e+00   3.7082337e+00   3.9708273e+00   4.2498478e+00   4.4325953e+00   4.5790233e+00   4.7250916e+00   4.8411080e+00   5.0338430e+00   5.1630955e+00   4.8698754e+00   4.8758044e+00   3.4276143e+00   4.1364813e+00   4.6545025e+00   4.4893721e+00   4.4033125e+00   4.2640345e+00   4.0310645e+00   3.8439288e+00   3.6858242e+00   3.5273647e+00   3.4267661e+00   3.3607283e+00   3.3349099e+00   3.3461618e+00   3.3773294e+00
   3.8059779e+00   3.9005430e+00   3.9824369e+00   4.0529890e+00   4.0985843e+00   4.1283184e+00   4.1296208e+00   4.0942361e+00   4.0238996e+00   3.8887098e+00   3.7255068e+00   3.5455404e+00   3.3574987e+00   3.2659463e+00   3.2446228e+00   3.3097191e+00   3.4331474e+00   3.5898793e+00   3.7858411e+00   3.9690197e+00   4.1978190e+00   4.5184178e+00   4.7512203e+00   4.9065019e+00   4.6753156e+00   4.3320042e+00   3.6393646e+00   3.4323322e+00   3.3533499e+00   3.1862958e+00   2.9811814e+00   3.0863509e+00   3.1359805e+00   3.0045252e+00   2.5210111e+00   2.1522782e+00   1.8860301e+00   2.4339394e+00   2.7346521e+00   3.1211198e+00   3.2451494e+00   3.0962145e+00   2.9568653e+00   2.9357345e+00   3.0470387e+00   3.2580019e+00   3.4992443e+00   3.7851126e+00   4.1087123e+00   4.3307903e+00   4.5110199e+00   4.6874612e+00   4.8046034e+00   4.8504976e+00   4.7372653e+00   4.6735500e+00   4.8964226e+00   5.0248097e+00   4.7499515e+00   4.6208890e+00   4.5324736e+00   4.4481864e+00   4.3417919e+00   4.1848807e+00   4.0473341e+00   3.9098398e+00   3.7642382e+00   3.6744507e+00   3.6207170e+00   3.6123284e+00   3.6458990e+00   3.7061552e+00
   3.8275090e+00   3.9552775e+00   4.0719759e+00   4.1831553e+00   4.2665621e+00   4.3337828e+00   4.3828178e+00   4.3946214e+00   4.3779067e+00   4.3106912e+00   4.1938823e+00   4.0368937e+00   3.8251180e+00   3.6639723e+00   3.5425142e+00   3.4801304e+00   3.5019985e+00   3.5600433e+00   3.6494863e+00   3.7593800e+00   3.9245622e+00   4.1988298e+00   4.4365359e+00   4.4999862e+00   3.6975041e+00   4.3974038e+00   4.1477378e+00   4.1212032e+00   4.0078181e+00   3.9166769e+00   3.5699738e+00   3.3353567e+00   3.0981448e+00   2.9323433e+00   2.5461590e+00   2.2661580e+00   1.8776070e+00   2.7094096e+00   3.5553875e+00   3.1902563e+00   2.9295177e+00   2.8705675e+00   2.7408219e+00   2.6269142e+00   2.6300099e+00   2.8294800e+00   3.0622659e+00   3.3423862e+00   3.6680248e+00   3.8990737e+00   4.0952863e+00   4.2931471e+00   4.4260632e+00   4.5010970e+00   4.4706062e+00   4.4577374e+00   4.5444312e+00   4.5340073e+00   4.4543615e+00   4.4488376e+00   4.3825811e+00   4.2858506e+00   4.1590090e+00   4.0365798e+00   3.9336562e+00   3.8121966e+00   3.6790920e+00   3.5988803e+00   3.5569088e+00   3.5652786e+00   3.6179268e+00   3.6982698e+00
   3.7501334e+00   3.9003921e+00   4.0405582e+00   4.1799318e+00   4.2888682e+00   4.3801730e+00   4.4577245e+00   4.4979021e+00   4.5147290e+00   4.4924514e+00   4.4108909e+00   4.2775240e+00   4.0656467e+00   3.8735448e+00   3.6960434e+00   3.5504902e+00   3.5010034e+00   3.4883122e+00   3.4973385e+00   3.5464078e+00   3.6535766e+00   3.8749780e+00   4.1196323e+00   4.2439571e+00   2.9635374e+00   4.2010564e+00   4.4116041e+00   4.4582235e+00   4.2072701e+00   4.0779809e+00   3.6487454e+00   3.2388387e+00   2.8728246e+00   2.7252189e+00   2.3965428e+00   2.1040369e+00   1.6972070e+00   2.6126124e+00   3.6473557e+00   3.0197471e+00   2.6659786e+00   2.6610876e+00   2.5574199e+00   2.3793611e+00   2.2684330e+00   2.4123508e+00   2.6312430e+00   2.9013324e+00   3.2227168e+00   3.4573801e+00   3.6647466e+00   3.8804616e+00   4.0297502e+00   4.1300951e+00   4.1600756e+00   4.1876866e+00   4.2283101e+00   4.1849039e+00   4.2027083e+00   4.2456614e+00   4.2014090e+00   4.1023508e+00   3.9537146e+00   3.8401876e+00   3.7549692e+00   3.6445779e+00   3.5232562e+00   3.4520047e+00   3.4193193e+00   3.4410315e+00   3.5074054e+00   3.6012666e+00
   3.4470908e+00   3.6230116e+00   3.7897054e+00   3.9628267e+00   4.1007021e+00   4.2164352e+00   4.3176158e+00   4.3817881e+00   4.4303971e+00   4.4568167e+00   4.4244054e+00   4.3368086e+00   4.1621211e+00   3.9724885e+00   3.7585553e+00   3.5255261e+00   3.3886344e+00   3.2861448e+00   3.1841078e+00   3.1376537e+00   3.1437779e+00   3.2546854e+00   3.5157374e+00   3.9969432e+00   1.9587307e+00   3.4150349e+00   4.5247431e+00   4.5401574e+00   3.8653877e+00   3.4834024e+00   2.9912224e+00   2.5094278e+00   2.1493828e+00   2.1193610e+00   1.8366456e+00   1.3603108e+00   1.0833979e+00   1.8403688e+00   2.6688181e+00   2.3176367e+00   2.2490960e+00   2.2897941e+00   2.2615915e+00   2.0072765e+00   1.6711286e+00   1.6401070e+00   1.8240767e+00   2.0683871e+00   2.3717575e+00   2.6047952e+00   2.8256546e+00   3.0695556e+00   3.2508088e+00   3.3930502e+00   3.5023684e+00   3.5902716e+00   3.6861482e+00   3.7476578e+00   3.7954426e+00   3.8115037e+00   3.8086944e+00   3.7212272e+00   3.5291688e+00   3.3920446e+00   3.3136085e+00   3.2163307e+00   3.1162026e+00   3.0609525e+00   3.0419432e+00   3.0835297e+00   3.1674414e+00   3.2765234e+00
   2.8415034e+00   3.0262363e+00   3.2054386e+00   3.3956072e+00   3.5457537e+00   3.6772015e+00   3.7898139e+00   3.8589334e+00   3.9171758e+00   3.9611468e+00   3.9564269e+00   3.9077486e+00   3.7957221e+00   3.6583263e+00   3.4775133e+00   3.2318218e+00   3.0446742e+00   2.8786865e+00   2.6931661e+00   2.5606912e+00   2.4652911e+00   2.4640594e+00   2.6806048e+00   3.2052878e+00   1.6643579e+00   1.8731164e+00   2.4095341e+00   2.5838959e+00   2.5301644e+00   2.5320274e+00   2.0855817e+00   1.5464379e+00   1.4232838e+00   1.5189607e+00   1.1864734e+00   5.6269598e-01   6.2060235e-01   1.1512042e+00   1.7268808e+00   1.3792154e+00   1.4838230e+00   1.6239541e+00   1.7904482e+00   1.6825681e+00   1.2662083e+00   8.6735251e-01   8.3597039e-01   9.9632734e-01   1.2621537e+00   1.4828748e+00   1.7115639e+00   1.9966803e+00   2.2222917e+00   2.4161068e+00   2.6057469e+00   2.7437271e+00   2.8684939e+00   2.9871852e+00   3.0674067e+00   3.1220050e+00   3.1841846e+00   3.1397392e+00   2.9283142e+00   2.7108914e+00   2.5931139e+00   2.4896177e+00   2.4143836e+00   2.3799852e+00   2.3808003e+00   2.4394689e+00   2.5328313e+00   2.6552530e+00
   2.3059568e+00   2.4887767e+00   2.6663832e+00   2.8585966e+00   3.0079823e+00   3.1399746e+00   3.2537466e+00   3.3222327e+00   3.3822006e+00   3.4339232e+00   3.4471047e+00   3.4255212e+00   3.3553844e+00   3.2580477e+00   3.1127951e+00   2.8813313e+00   2.6782455e+00   2.4788404e+00   2.2416365e+00   2.0561576e+00   1.8995855e+00   1.8469352e+00   2.0856282e+00   2.6307521e+00   1.4699455e+00   1.0481590e+00   1.3837181e+00   1.6273372e+00   1.7528926e+00   1.8119866e+00   1.5861930e+00   1.2257043e+00   1.1847009e+00   1.2568100e+00   9.0389340e-01   5.7450600e-01   6.0921048e-01   8.4045587e-01   1.1190505e+00   8.6278007e-01   9.8221827e-01   1.1811346e+00   1.4932642e+00   1.3438838e+00   1.0833833e+00   7.7901925e-01   6.2306538e-01   6.5218646e-01   7.5697978e-01   8.3515493e-01   9.2651954e-01   1.1773810e+00   1.4242221e+00   1.6449970e+00   1.8803800e+00   2.0528054e+00   2.2011369e+00   2.3520034e+00   2.4563264e+00   2.5467140e+00   2.6538490e+00   2.6484806e+00   2.4781341e+00   2.2076913e+00   2.0282820e+00   1.8825550e+00   1.8059239e+00   1.7883062e+00   1.8049635e+00   1.8753080e+00   1.9763490e+00   2.1093122e+00
   1.6939701e+00   1.8696596e+00   2.0389942e+00   2.2269057e+00   2.3695063e+00   2.4953185e+00   2.6058559e+00   2.6710671e+00   2.7295456e+00   2.7861681e+00   2.8164501e+00   2.8220987e+00   2.7929409e+00   2.7382550e+00   2.6368329e+00   2.4345801e+00   2.2278029e+00   2.0017934e+00   1.7168104e+00   1.4825137e+00   1.2706135e+00   1.1835313e+00   1.4788669e+00   2.0381755e+00   1.2813632e+00   3.7984867e-01   6.4183198e-01   9.2826734e-01   1.0702475e+00   1.0509671e+00   1.1691240e+00   1.1296403e+00   1.1176407e+00   1.0941825e+00   7.2993637e-01   9.5335616e-01   7.9888586e-01   6.3752664e-01   5.3916986e-01   4.3231546e-01   4.9825013e-01   7.4949348e-01   1.2145236e+00   9.3060657e-01   9.6374847e-01   9.8121586e-01   7.1646782e-01   5.6658747e-01   4.2224125e-01   2.7045517e-01   1.3140928e-01   3.0710748e-01   5.6903968e-01   8.1112201e-01   1.0858936e+00   1.2926677e+00   1.4669166e+00   1.6451809e+00   1.7747101e+00   1.9068662e+00   2.0589968e+00   2.0988081e+00   2.0050551e+00   1.6831901e+00   1.4196786e+00   1.2069807e+00   1.1168264e+00   1.1175391e+00   1.1514392e+00   1.2333784e+00   1.3428483e+00   1.4872179e+00
   6.8520569e-01   8.4428999e-01   9.7903813e-01   1.1215284e+00   1.2219115e+00   1.3108677e+00   1.3882857e+00   1.4283039e+00   1.4654131e+00   1.5069897e+00   1.5403909e+00   1.5713078e+00   1.5912488e+00   1.5768703e+00   1.5254754e+00   1.3924989e+00   1.2223449e+00   1.0033186e+00   7.0998633e-01   4.9854165e-01   4.5788572e-01   7.6723083e-01   1.2324658e+00   1.8413334e+00   1.7615071e+00   1.6202425e+00   2.1186206e+00   2.6162967e+00   2.8835325e+00   3.0234974e+00   2.8970849e+00   2.6495334e+00   2.2459810e+00   1.6561815e+00   1.5211639e+00   1.7315285e+00   1.2430468e+00   1.2729362e+00   1.4186664e+00   1.0380037e+00   9.0795549e-01   1.0979099e+00   1.1714674e+00   8.6392711e-01   8.8282081e-01   1.7197602e+00   1.7591794e+00   1.5277160e+00   1.4022914e+00   1.3701429e+00   1.2143690e+00   9.3870364e-01   6.8409387e-01   4.1983234e-01   1.4197004e-01   1.5821649e-01   3.4035787e-01   5.4901921e-01   7.1398923e-01   8.9201618e-01   1.1177738e+00   1.2641795e+00   1.4393528e+00   1.3171876e+00   1.2009768e+00   9.4829121e-01   6.2620866e-01   4.3301730e-01   2.8314800e-01   1.9058209e-01   2.9120816e-01   4.6419502e-01
   4.8866614e-01   4.8367856e-01   4.8389467e-01   4.9530989e-01   5.2002001e-01   5.5709676e-01   6.0664731e-01   6.3991105e-01   6.6283596e-01   6.8706249e-01   7.0734897e-01   7.2372465e-01   7.4292585e-01   7.4468802e-01   7.2429092e-01   6.5218655e-01   5.8517390e-01   5.6596712e-01   6.3106292e-01   7.4377006e-01   9.4571471e-01   1.3469235e+00   1.7668776e+00   2.3631850e+00   1.8084950e+00   1.9963989e+00   2.2554075e+00   2.1083293e+00   2.3132735e+00   2.6619781e+00   3.5913625e+00   3.5709054e+00   3.0158183e+00   2.2322571e+00   2.2996173e+00   2.3786008e+00   1.8942322e+00   1.7842449e+00   1.7415528e+00   1.3161940e+00   1.0293302e+00   1.0640468e+00   1.1174575e+00   9.3119659e-01   9.2379608e-01   1.7108258e+00   2.2703022e+00   2.0321751e+00   1.8340313e+00   1.8207753e+00   1.6451180e+00   1.4156534e+00   1.2334576e+00   1.0233172e+00   7.6096939e-01   6.3219595e-01   5.7546746e-01   5.6420263e-01   5.9594259e-01   6.7559789e-01   9.7914323e-01   1.2856788e+00   1.5802362e+00   1.5719853e+00   1.5947247e+00   1.5032115e+00   1.2569413e+00   1.0522216e+00   8.7428370e-01   6.7049182e-01   5.6991823e-01   5.1476153e-01
   6.7030852e-01   5.6646539e-01   4.8893306e-01   4.2977952e-01   4.1141209e-01   4.1384774e-01   4.4321931e-01   4.7616213e-01   5.0307857e-01   5.2854812e-01   5.4899598e-01   5.6225259e-01   5.7236493e-01   5.7795695e-01   5.8310331e-01   5.8249172e-01   6.1102844e-01   7.1942412e-01   9.7079919e-01   1.2448256e+00   1.5573228e+00   1.9795968e+00   2.3715748e+00   2.9944414e+00   1.8304272e+00   2.2757573e+00   2.2491008e+00   1.5809657e+00   1.7141090e+00   2.0849516e+00   3.3832050e+00   3.8965843e+00   3.6499566e+00   2.5567756e+00   2.6726912e+00   2.6510872e+00   2.2880674e+00   2.1589264e+00   1.8889808e+00   1.4971432e+00   1.2009340e+00   1.1171815e+00   1.1316552e+00   1.0483797e+00   1.0185799e+00   1.6350967e+00   2.6404307e+00   2.6692404e+00   2.3782960e+00   2.3011200e+00   2.0770907e+00   1.8676161e+00   1.7375766e+00   1.5724220e+00   1.3345074e+00   1.1363094e+00   9.5537490e-01   8.3321837e-01   7.8849255e-01   8.0564943e-01   1.1672635e+00   1.5825724e+00   1.9274546e+00   2.0272970e+00   2.0970725e+00   2.0781518e+00   1.8667435e+00   1.6595088e+00   1.4840375e+00   1.2323645e+00   1.0238282e+00   8.4075490e-01
   1.2532507e+00   1.1279417e+00   1.0396080e+00   9.8040784e-01   9.5858068e-01   9.5080624e-01   9.7282130e-01   1.0137349e+00   1.0627461e+00   1.1068240e+00   1.1414082e+00   1.1654132e+00   1.1620823e+00   1.1620592e+00   1.1860170e+00   1.2553788e+00   1.3596098e+00   1.5090283e+00   1.7521492e+00   2.0084852e+00   2.2883186e+00   2.6516985e+00   3.0470553e+00   3.6057431e+00   1.7903093e+00   2.4403990e+00   2.1126947e+00   1.0969617e+00   1.1601909e+00   1.3546550e+00   2.2624875e+00   3.5510627e+00   4.0796561e+00   2.5899919e+00   2.5457969e+00   2.4626978e+00   2.3355382e+00   2.3293948e+00   1.8528717e+00   1.5685361e+00   1.4127691e+00   1.2677535e+00   1.2275716e+00   1.2162816e+00   1.1703743e+00   1.4928354e+00   2.8308151e+00   3.3994547e+00   3.0013971e+00   2.7871356e+00   2.4991117e+00   2.2863846e+00   2.1820807e+00   2.0476315e+00   1.8397445e+00   1.6536127e+00   1.4741000e+00   1.3654443e+00   1.3139430e+00   1.3143155e+00   1.7205564e+00   2.1554866e+00   2.3880539e+00   2.5556794e+00   2.6468118e+00   2.6546119e+00   2.4330187e+00   2.2265347e+00   2.0829629e+00   1.8554827e+00   1.6445761e+00   1.4475504e+00
   1.8821777e+00   1.7900052e+00   1.7362883e+00   1.7206254e+00   1.7334832e+00   1.7667672e+00   1.8219836e+00   1.8851541e+00   1.9456172e+00   1.9853484e+00   2.0329659e+00   2.0840381e+00   2.1091811e+00   2.1401098e+00   2.1802412e+00   2.2124582e+00   2.3012783e+00   2.4272898e+00   2.5944274e+00   2.8142254e+00   3.0600146e+00   3.3226915e+00   3.8417393e+00   3.0440784e+00   1.4076346e+00   2.5598405e+00   2.1886096e+00   1.1043681e+00   1.1967474e+00   1.2161154e+00   1.5328048e+00   2.9076911e+00   4.0804055e+00   2.4686969e+00   1.8311058e+00   1.7233763e+00   1.7660417e+00   2.0155675e+00   1.8814735e+00   1.6245305e+00   1.5405765e+00   1.4821454e+00   1.4187241e+00   1.3923469e+00   1.3457212e+00   1.3738217e+00   2.8215877e+00   3.8272270e+00   3.3667780e+00   3.1435784e+00   2.9225826e+00   2.7567466e+00   2.6433877e+00   2.5062790e+00   2.2967173e+00   2.1169580e+00   1.9451911e+00   1.9063639e+00   1.9209839e+00   1.9633888e+00   2.5028530e+00   2.6453537e+00   1.9011702e+00   1.8293558e+00   2.6600406e+00   3.1862877e+00   2.9480169e+00   2.6797409e+00   2.5394595e+00   2.3712861e+00   2.1951317e+00   2.0254652e+00
   2.2578564e+00   2.2464271e+00   2.2482623e+00   2.2606431e+00   2.2966003e+00   2.3521660e+00   2.4367202e+00   2.5028776e+00   2.5555310e+00   2.6194493e+00   2.6662209e+00   2.7193464e+00   2.7658771e+00   2.8168013e+00   2.8646420e+00   2.8990770e+00   2.9620419e+00   3.0333890e+00   3.1841075e+00   3.3431803e+00   3.5141229e+00   3.8227869e+00   3.5029592e+00   2.0151473e+00   1.5099088e+00   1.9214044e+00   1.5517163e+00   1.0435627e+00   1.1278006e+00   1.1118468e+00   1.3395587e+00   1.4789689e+00   2.0592783e+00   2.0276511e+00   1.4948255e+00   1.3778706e+00   1.4582557e+00   1.5860418e+00   1.5452290e+00   1.5106399e+00   1.5116636e+00   1.5247483e+00   1.5024221e+00   1.4700488e+00   1.4254648e+00   1.3800706e+00   2.2174905e+00   3.6499516e+00   3.6561705e+00   3.3135214e+00   3.1708183e+00   3.0848845e+00   2.9380231e+00   2.7989797e+00   2.6001048e+00   2.4366695e+00   2.3317181e+00   2.3535972e+00   2.4013584e+00   2.4706840e+00   2.7520746e+00   2.0590275e+00   1.3584632e+00   1.1841794e+00   1.7754614e+00   2.9652815e+00   3.2559554e+00   2.8686010e+00   2.6128937e+00   2.4906231e+00   2.3891894e+00   2.3062984e+00
   2.4261431e+00   2.5084709e+00   2.5711334e+00   2.6235494e+00   2.6730289e+00   2.7350962e+00   2.8334044e+00   2.8993259e+00   2.9669797e+00   3.0392006e+00   3.1007633e+00   3.1487364e+00   3.2067193e+00   3.2614943e+00   3.3138159e+00   3.3619307e+00   3.3978022e+00   3.4566336e+00   3.5394598e+00   3.6798783e+00   3.7859559e+00   4.2005740e+00   3.4139095e+00   1.6909068e+00   1.5033765e+00   1.4208239e+00   1.1058866e+00   9.2645063e-01   1.0514921e+00   1.0272694e+00   1.2116962e+00   9.1219889e-01   1.2919854e+00   1.3283718e+00   1.1733419e+00   1.1240420e+00   1.2391110e+00   1.2676160e+00   1.2485695e+00   1.3379563e+00   1.4312955e+00   1.4826769e+00   1.4844354e+00   1.4601465e+00   1.3909556e+00   1.3094047e+00   1.5983475e+00   2.6773226e+00   3.6458828e+00   3.3769015e+00   3.2300197e+00   3.1789286e+00   3.0873119e+00   2.9804075e+00   2.8205083e+00   2.6892368e+00   2.6745421e+00   2.7082614e+00   2.7543543e+00   2.8259974e+00   2.9985858e+00   1.7372418e+00   1.2088641e+00   1.0713816e+00   1.1895319e+00   1.8130633e+00   2.5624425e+00   2.7092758e+00   2.4460292e+00   2.3526258e+00   2.3252968e+00   2.3432497e+00
   2.4948541e+00   2.6596120e+00   2.7770496e+00   2.8815718e+00   2.9461792e+00   3.0134838e+00   3.1049262e+00   3.1711677e+00   3.2508495e+00   3.3278677e+00   3.3945200e+00   3.4308346e+00   3.4940717e+00   3.5372474e+00   3.5996828e+00   3.6413682e+00   3.6808914e+00   3.7063523e+00   3.7785585e+00   3.8731065e+00   4.0109116e+00   4.2296705e+00   2.8385800e+00   1.5130869e+00   1.4159855e+00   1.1239545e+00   8.4834602e-01   1.0169800e+00   1.2049681e+00   1.0230692e+00   1.0621320e+00   6.8242479e-01   1.0061116e+00   7.2297516e-01   8.0093712e-01   8.4749666e-01   1.0363980e+00   1.0535603e+00   1.0738893e+00   1.1927567e+00   1.3254933e+00   1.3752541e+00   1.4029551e+00   1.3688641e+00   1.3018222e+00   1.1205987e+00   1.1289238e+00   1.6734863e+00   3.0281478e+00   3.2221064e+00   3.0807741e+00   3.1176967e+00   3.1061813e+00   3.0782858e+00   2.9593223e+00   2.9095885e+00   2.9228056e+00   2.9936422e+00   3.0071081e+00   3.0166504e+00   2.3863781e+00   1.3888347e+00   1.1059812e+00   1.0551580e+00   9.7128697e-01   1.0725049e+00   1.6708855e+00   2.2723900e+00   2.2650227e+00   2.1885673e+00   2.2009684e+00   2.3040744e+00
   2.4588064e+00   2.6788441e+00   2.8408405e+00   3.0069947e+00   3.0948492e+00   3.1814271e+00   3.2588231e+00   3.3306953e+00   3.3953888e+00   3.4776992e+00   3.5250744e+00   3.5678947e+00   3.6105826e+00   3.6541229e+00   3.6997474e+00   3.7545926e+00   3.7894293e+00   3.8070008e+00   3.8829346e+00   3.9640619e+00   4.1478290e+00   3.3645566e+00   1.8664189e+00   1.3164367e+00   1.1925233e+00   9.6077386e-01   8.2724486e-01   1.5859241e+00   1.7256524e+00   1.1457452e+00   9.3452173e-01   6.8156100e-01   9.0700066e-01   3.5691494e-01   4.8354973e-01   6.0196722e-01   8.4979595e-01   9.1329575e-01   9.8152745e-01   1.0762296e+00   1.1980821e+00   1.2247311e+00   1.2544415e+00   1.1987971e+00   1.1734611e+00   1.0770298e+00   1.1418626e+00   1.1717120e+00   2.2223068e+00   2.9551107e+00   2.8090486e+00   2.8679288e+00   2.9341858e+00   2.9934035e+00   2.9671805e+00   2.9892930e+00   3.0366301e+00   3.2216586e+00   3.2496450e+00   3.1161464e+00   1.6205781e+00   1.1036012e+00   9.5674150e-01   9.5689505e-01   9.1752604e-01   8.8702634e-01   1.0217969e+00   1.6001731e+00   1.9948282e+00   2.0598134e+00   2.0637378e+00   2.2136049e+00
   2.2682231e+00   2.5041725e+00   2.6962567e+00   2.9006151e+00   3.0269031e+00   3.1301546e+00   3.2295464e+00   3.2968086e+00   3.3529146e+00   3.4159473e+00   3.4585619e+00   3.5102072e+00   3.5489578e+00   3.6105655e+00   3.6451019e+00   3.7410951e+00   3.7506407e+00   3.8172749e+00   3.8507730e+00   3.9919985e+00   3.6042601e+00   1.8453141e+00   1.1555772e+00   1.0799272e+00   9.0092128e-01   8.9137367e-01   1.1757832e+00   2.4204049e+00   2.2756057e+00   1.2936969e+00   8.7076035e-01   8.1039674e-01   7.9397429e-01   1.9407278e-01   3.1967078e-01   4.7699902e-01   7.1188954e-01   8.2170303e-01   8.8715146e-01   9.6087415e-01   1.0390292e+00   1.0485596e+00   1.0450712e+00   1.0261826e+00   1.0584185e+00   1.1542928e+00   1.2769254e+00   1.0123454e+00   1.5749894e+00   2.5181235e+00   2.4118817e+00   2.4013241e+00   2.5306211e+00   2.6629122e+00   2.7414607e+00   2.8336332e+00   2.9579223e+00   2.7668858e+00   2.6936029e+00   2.5531115e+00   1.3781241e+00   1.0060094e+00   8.3928870e-01   7.9858102e-01   8.0245549e-01   8.3679671e-01   8.1047645e-01   1.0015616e+00   1.4362429e+00   1.7507357e+00   1.8201372e+00   1.9989618e+00
   1.9203230e+00   2.1355796e+00   2.3415586e+00   2.5381279e+00   2.6890266e+00   2.8064620e+00   2.9200382e+00   3.0031147e+00   3.0526511e+00   3.1142862e+00   3.1597170e+00   3.2073749e+00   3.2973651e+00   3.3583558e+00   3.4737550e+00   3.5536006e+00   3.6301244e+00   3.6820063e+00   3.7296181e+00   3.6015034e+00   2.2369712e+00   1.0740211e+00   1.0023308e+00   8.3011673e-01   7.8632230e-01   1.0784684e+00   1.8843123e+00   2.9532682e+00   2.3019212e+00   1.1092451e+00   8.4028174e-01   9.0586086e-01   6.1878272e-01   1.6330409e-01   3.0618777e-01   4.5913312e-01   6.4679681e-01   7.6592390e-01   7.9505615e-01   8.2855321e-01   8.5442912e-01   8.4113383e-01   8.2761597e-01   8.9137217e-01   9.2321471e-01   9.8295604e-01   9.9092691e-01   7.9278909e-01   9.7872569e-01   1.6203814e+00   1.7346613e+00   1.8263875e+00   2.0201040e+00   2.1799940e+00   2.3080764e+00   2.3249939e+00   2.0690002e+00   1.3337641e+00   1.2129125e+00   1.2842338e+00   1.1076360e+00   9.0964801e-01   7.8770000e-01   7.0990516e-01   6.8734399e-01   7.3623979e-01   8.1996445e-01   8.1428552e-01   8.8672126e-01   1.2149684e+00   1.3985644e+00   1.6301343e+00
   1.4917695e+00   1.6911644e+00   1.8857516e+00   2.0811610e+00   2.2164783e+00   2.3425604e+00   2.4621769e+00   2.5518463e+00   2.6253274e+00   2.6941856e+00   2.7359574e+00   2.8102046e+00   2.8823807e+00   3.0025360e+00   3.1109369e+00   3.2423331e+00   3.3985084e+00   3.3538935e+00   3.5497509e+00   2.6625111e+00   1.3777639e+00   1.1807963e+00   9.5282005e-01   7.2638388e-01   1.1479829e+00   1.6396674e+00   2.3623154e+00   2.2195561e+00   1.2445858e+00   6.4370734e-01   8.6142178e-01   8.4999029e-01   4.6381952e-01   2.2930477e-01   4.0504433e-01   4.8438202e-01   5.9736137e-01   7.1087580e-01   7.0523279e-01   6.4099291e-01   6.2752214e-01   5.9732576e-01   6.3663370e-01   7.4332955e-01   7.5522377e-01   7.3352068e-01   7.1830893e-01   6.4544068e-01   6.0409609e-01   7.2020910e-01   9.1731124e-01   1.1151348e+00   1.2209252e+00   1.3285424e+00   1.4498831e+00   1.3454447e+00   1.0256907e+00   8.6315502e-01   7.8351721e-01   6.6980476e-01   6.2392957e-01   6.4463388e-01   6.7868633e-01   6.8782774e-01   6.1927219e-01   6.3637676e-01   6.9278375e-01   7.4097742e-01   7.6797084e-01   8.8145539e-01   9.6142629e-01   1.1879216e+00
   1.0974693e+00   1.2594322e+00   1.4518996e+00   1.5887018e+00   1.7134933e+00   1.8411479e+00   1.9477645e+00   2.0790279e+00   2.1573573e+00   2.2428351e+00   2.3384207e+00   2.3651486e+00   2.5123838e+00   2.6082019e+00   2.6880944e+00   2.9572301e+00   2.9615134e+00   3.0894303e+00   2.7462609e+00   1.4961733e+00   1.1451764e+00   1.0867076e+00   7.9736302e-01   8.2777606e-01   1.4271545e+00   1.8396551e+00   1.6614181e+00   6.9230010e-01   4.8362500e-01   7.0892420e-01   8.3820219e-01   6.5226447e-01   3.7949829e-01   3.1563010e-01   5.0600758e-01   4.7759343e-01   4.5274723e-01   6.5407072e-01   6.3457587e-01   4.2853957e-01   5.1334628e-01   5.5913560e-01   5.2719746e-01   5.7576434e-01   5.4631439e-01   4.3744751e-01   3.8493047e-01   3.3575632e-01   3.2187998e-01   3.3151120e-01   3.6545371e-01   4.0811568e-01   4.3819064e-01   5.2365724e-01   6.2674350e-01   6.6513242e-01   8.4194343e-01   1.1390907e+00   9.9494329e-01   6.2541436e-01   3.9010835e-01   4.6057820e-01   5.9151126e-01   6.3482077e-01   5.6721544e-01   4.9884084e-01   3.3738332e-01   3.0319625e-01   5.9823402e-01   8.5733011e-01   7.6374764e-01   8.3286498e-01
   8.6092819e-01   9.6739931e-01   1.0601464e+00   1.1924836e+00   1.2406310e+00   1.3458995e+00   1.4784183e+00   1.5361311e+00   1.6531268e+00   1.7491602e+00   1.8196738e+00   1.9683689e+00   2.0495413e+00   2.1778793e+00   2.4016252e+00   2.4721927e+00   2.5699139e+00   2.3150114e+00   1.1383692e+00   1.0272726e+00   1.0006277e+00   7.3524434e-01   5.9778397e-01   7.9603362e-01   1.2098015e+00   1.0718415e+00   5.7657678e-01   5.1963829e-01   7.2478378e-01   8.2472951e-01   5.7708396e-01   4.7315619e-01   3.4890520e-01   3.5731294e-01   5.4453468e-01   3.4031554e-01   2.2280869e-01   4.6791730e-01   6.2636415e-01   5.2709607e-01   6.8776720e-01   8.7550118e-01   6.6136297e-01   4.6928460e-01   3.9694703e-01   3.5144530e-01   3.7042955e-01   4.1166580e-01   4.3077168e-01   4.4087090e-01   3.8693359e-01   2.7576274e-01   1.6902518e-01   1.4078094e-01   2.2084617e-01   2.8896147e-01   3.9235315e-01   5.8465157e-01   7.0451767e-01   6.4366069e-01   4.9731076e-01   4.9418124e-01   5.2044626e-01   5.6575832e-01   5.9436470e-01   6.3355188e-01   8.3642210e-01   1.0277696e+00   1.1202491e+00   1.1803238e+00   9.4934805e-01   8.0442572e-01
   8.5672751e-01   8.4445660e-01   8.3297586e-01   9.1564683e-01   9.8970798e-01   9.8622913e-01   1.0782111e+00   1.1681292e+00   1.1717241e+00   1.2726991e+00   1.3795532e+00   1.4323862e+00   1.6038901e+00   1.7025981e+00   1.7583932e+00   1.8855908e+00   1.5160977e+00   1.0454432e+00   1.1308817e+00   9.2273456e-01   7.0287982e-01   3.9587303e-01   4.4674845e-01   6.7760300e-01   7.1380301e-01   5.3006779e-01   6.6570379e-01   7.1737476e-01   6.8558296e-01   4.7052090e-01   3.5802956e-01   3.2526068e-01   2.5271230e-01   3.1321173e-01   3.5805551e-01   2.1808930e-01   3.5059749e-01   2.7538960e-01   4.9620461e-01   7.3296479e-01   9.4122575e-01   1.0638157e+00   8.8939464e-01   8.4306896e-01   9.3963239e-01   1.0812257e+00   1.1919572e+00   1.3048765e+00   1.4193491e+00   1.4440031e+00   1.3330218e+00   1.0186137e+00   7.1780401e-01   4.8775369e-01   3.6004038e-01   3.1303183e-01   2.4048785e-01   1.6793621e-01   2.1852752e-01   2.6480928e-01   3.4760366e-01   4.0419750e-01   4.3387449e-01   4.5441386e-01   4.8617315e-01   6.8325860e-01   9.1531189e-01   1.0477527e+00   1.0990957e+00   1.0930965e+00   1.0244912e+00   1.0108508e+00
   9.2555103e-01   8.0814891e-01   7.9086249e-01   8.6547234e-01   8.7972314e-01   8.7225715e-01   9.2973016e-01   9.7152782e-01   9.5089761e-01   9.5019156e-01   1.0296508e+00   1.0746899e+00   1.0203858e+00   1.0017363e+00   9.8354506e-01   7.8212042e-01   1.0745930e+00   1.1758314e+00   9.1467007e-01   6.2536528e-01   3.2035503e-01   2.9246735e-01   3.5509335e-01   4.2404924e-01   3.8349436e-01   5.1884462e-01   5.9073682e-01   4.7905197e-01   3.2272317e-01   2.5774231e-01   3.5052712e-01   2.9090982e-01   1.6071532e-01   2.0021890e-01   3.4965951e-01   4.7605425e-01   4.1444686e-01   2.6501009e-01   3.7035144e-01   5.9526160e-01   8.6189705e-01   1.0929179e+00   1.3615837e+00   1.6453890e+00   1.8298279e+00   1.9348562e+00   1.9961505e+00   1.9836888e+00   2.0204490e+00   2.2325068e+00   2.3223453e+00   1.9675110e+00   1.4541402e+00   9.8035093e-01   6.3283097e-01   4.6830608e-01   3.3399505e-01   3.1141856e-01   3.5638696e-01   3.6894124e-01   4.1519333e-01   4.6628664e-01   4.5301718e-01   2.4224929e-01   3.1587324e-01   6.1882039e-01   5.6595386e-01   4.7121927e-01   6.5379484e-01   7.6795862e-01   7.8484735e-01   9.1603451e-01
   1.0577994e+00   9.3977394e-01   8.6915184e-01   8.3435943e-01   8.3541118e-01   8.4540730e-01   8.6736863e-01   8.9426877e-01   9.1167376e-01   8.8629512e-01   8.3165956e-01   7.6352408e-01   6.9221038e-01   6.7803455e-01   7.5645123e-01   7.8235797e-01   6.3690925e-01   5.1687512e-01   4.1364651e-01   3.1277924e-01   2.7310922e-01   3.1890774e-01   3.5651636e-01   3.9146999e-01   3.7209828e-01   3.8995683e-01   4.2173237e-01   4.4493680e-01   4.6508203e-01   5.5466696e-01   7.6662631e-01   8.7706789e-01   1.0461026e+00   1.4611780e+00   1.6749439e+00   1.5861718e+00   1.1810123e+00   9.0622321e-01   8.4446802e-01   9.8346348e-01   1.1403762e+00   1.2716506e+00   1.3980218e+00   1.4458320e+00   1.4019899e+00   1.4562970e+00   1.6422037e+00   1.8382453e+00   2.2454471e+00   2.7519052e+00   3.0585772e+00   2.7442151e+00   2.0375656e+00   1.3002584e+00   6.9188080e-01   4.4176718e-01   3.6956472e-01   4.5602283e-01   6.3937089e-01   8.8488128e-01   1.0811515e+00   9.5808744e-01   5.9098851e-01   2.1688662e-01   7.1850219e-01   9.3777784e-01   5.6306176e-01   3.1166714e-01   7.2467977e-01   1.0497530e+00   1.0493004e+00   1.0468793e+00
   1.3460218e+00   1.2586431e+00   1.1338115e+00   9.9350840e-01   9.0069131e-01   8.2382885e-01   7.5630899e-01   7.7001116e-01   7.8457351e-01   7.5744655e-01   7.0182656e-01   6.3257954e-01   5.3560525e-01   4.8808738e-01   4.8076663e-01   4.5912121e-01   4.3223787e-01   4.4825706e-01   4.5575930e-01   4.6028556e-01   4.4622356e-01   4.2137617e-01   4.1569030e-01   4.1860790e-01   4.0977406e-01   4.1334481e-01   4.4562164e-01   5.1924110e-01   6.1258661e-01   7.6383838e-01   1.0797016e+00   1.3578660e+00   1.6162699e+00   1.9014796e+00   2.0462085e+00   2.0667769e+00   1.9698332e+00   1.8705355e+00   1.8001024e+00   1.8032500e+00   1.8543084e+00   1.8760381e+00   1.8833241e+00   1.9091918e+00   1.9516594e+00   1.9911358e+00   1.9848081e+00   1.9587883e+00   1.8974060e+00   1.7945994e+00   1.6222246e+00   1.3669250e+00   1.1563032e+00   9.6540851e-01   7.9197505e-01   7.2909679e-01   7.4738717e-01   8.4525911e-01   9.4916035e-01   1.0192540e+00   9.5860622e-01   7.5788593e-01   5.5181152e-01   5.4088673e-01   7.4005507e-01   8.5811410e-01   8.4681180e-01   8.2708619e-01   9.8532558e-01   1.2335789e+00   1.3273176e+00   1.3403046e+00
