   7.2055113e-01
   7.6225033e-01
   7.7376640e-01
   8.0394191e-01
   8.8943912e-01
   1.0294466e+00
   1.1980559e+00
   1.3040629e+00
   1.4111615e+00
   1.6855898e+00
   2.0765719e+00
   2.4932859e+00
   2.6358075e+00
   2.1630978e+00
   1.3336073e+00
   5.0177224e-02
  -9.8905468e-01
  -2.0283115e+00
  -3.0632703e+00
  -3.8017733e+00
  -4.4504294e+00
  -5.1625209e+00
  -5.7251780e+00
  -6.1741672e+00
  -6.4918079e+00
  -6.6288220e+00
  -6.7174082e+00
  -6.8324447e+00
  -6.9687544e+00
  -7.1206717e+00
  -7.2667069e+00
  -7.3348404e+00
  -7.3563604e+00
  -7.3367577e+00
  -7.2798091e+00
  -7.2030826e+00
  -7.1311970e+00
  -7.0896412e+00
  -7.0232515e+00
  -6.8596535e+00
  -6.6464521e+00
  -6.4339051e+00
  -6.4019036e+00
  -6.6271192e+00
  -6.9784741e+00
  -7.3183231e+00
  -7.3530460e+00
  -7.0373125e+00
  -6.1520309e+00
  -4.8154582e+00
  -3.4511766e+00
  -2.1345594e+00
  -1.4406756e+00
  -1.0029570e+00
  -7.5550103e-01
  -6.7003814e-01
  -6.5665972e-01
  -7.1154070e-01
  -7.7605298e-01
  -8.1839043e-01
  -7.5529706e-01
  -5.8412962e-01
  -3.6913690e-01
  -1.2898475e-01
   2.1532436e-02
   1.2429905e-01
   1.9861455e-01
   2.3614197e-01
   2.7563825e-01
   3.6099631e-01
   4.6930915e-01
   5.9674186e-01
  -1.0226908e+00
  -1.0500587e+00
  -1.0600685e+00
  -1.0804254e+00
  -1.0728395e+00
  -9.8255408e-01
  -6.6175044e-01
  -2.2256941e-01
   2.1310529e-01
   6.3001764e-01
   1.1725718e+00
   2.2588758e+00
   4.1464968e+00
   5.3044052e+00
   5.0045795e+00
   3.8413894e+00
   3.2727976e+00
   2.5776258e+00
   2.0275261e+00
   1.6676508e+00
   6.8175489e-01
  -8.6225796e-01
  -1.7033883e+00
  -2.0883181e+00
  -2.3362899e+00
  -2.5638776e+00
  -2.7485211e+00
  -2.8124208e+00
  -2.7749202e+00
  -2.7146184e+00
  -2.6040285e+00
  -2.4654016e+00
  -2.3137300e+00
  -2.1439052e+00
  -1.9867702e+00
  -1.7977916e+00
  -1.5658044e+00
  -1.4033049e+00
  -1.2792985e+00
  -1.2148061e+00
  -1.2434405e+00
  -1.2788137e+00
  -1.1999154e+00
  -1.1470921e+00
  -1.4658706e+00
  -2.7176390e+00
  -3.8728271e+00
  -4.2602668e+00
  -5.0983119e+00
  -5.0454249e+00
  -4.0235691e+00
  -2.8046317e+00
  -2.2079489e+00
  -1.8575263e+00
  -1.7612828e+00
  -2.1263559e+00
  -2.9087822e+00
  -4.0168085e+00
  -4.5150709e+00
  -4.3922033e+00
  -3.5952406e+00
  -2.7344959e+00
  -2.0169947e+00
  -1.4333364e+00
  -1.1032224e+00
  -8.4915441e-01
  -6.3815910e-01
  -5.7651180e-01
  -6.0607862e-01
  -7.1171206e-01
  -8.2846391e-01
  -9.3663871e-01
  -1.0155596e+00
  -1.1223560e+00
  -1.2173538e+00
  -1.3314162e+00
  -1.4077094e+00
  -1.4051880e+00
  -1.3552531e+00
  -1.2945358e+00
  -1.0767204e+00
  -5.1103896e-01
   1.4384821e-01
   1.0534790e+00
   2.8005071e+00
   4.5611386e+00
   5.8173270e+00
   5.9313164e+00
   5.2512363e+00
   4.1181645e+00
   2.7108381e+00
   2.0279396e+00
   1.0731224e+00
  -1.1391304e-01
  -7.0222065e-01
  -9.8652148e-01
  -1.2095456e+00
  -1.3767149e+00
  -1.4218903e+00
  -1.3402660e+00
  -1.2927943e+00
  -1.2297497e+00
  -1.0165969e+00
  -7.9682776e-01
  -6.1273348e-01
  -3.6997193e-01
  -1.2331637e-01
   1.0369290e-01
   3.1746930e-01
   4.6493987e-01
   5.7172447e-01
   6.2692314e-01
   6.2040274e-01
   5.5228484e-01
   3.3463669e-01
   1.6681654e-02
  -4.0639532e-01
  -1.0612656e+00
  -1.9277802e+00
  -2.7991872e+00
  -4.3888311e+00
  -5.5191858e+00
  -5.2200923e+00
  -3.4090588e+00
  -2.6120581e+00
  -2.4675300e+00
  -2.2184758e+00
  -2.3464083e+00
  -3.4137266e+00
  -5.2723722e+00
  -5.7144225e+00
  -4.8839412e+00
  -3.1363485e+00
  -1.7939722e+00
  -1.0334358e+00
  -5.7961023e-01
  -4.4593344e-01
  -3.9569807e-01
  -3.3372647e-01
  -3.0832457e-01
  -3.7516579e-01
  -5.5730325e-01
  -7.1096686e-01
  -8.4928614e-01
  -7.6050186e-01
  -8.0286968e-01
  -8.5711670e-01
  -8.2254535e-01
  -9.0105820e-01
  -1.0417650e+00
  -1.1036725e+00
  -1.1150141e+00
  -1.1010028e+00
  -9.2938703e-01
  -6.4669919e-01
  -1.3412425e-01
   1.1461900e+00
   2.7234457e+00
   4.3648558e+00
   6.0059628e+00
   6.6727114e+00
   5.9836540e+00
   4.1418228e+00
   2.8170595e+00
   1.8878338e+00
   1.1046431e+00
   5.1354522e-01
   2.6821721e-01
   2.4745902e-01
   1.2945712e-01
   1.2407748e-01
   2.3432545e-01
   2.6469564e-01
   3.9991206e-01
   6.2142944e-01
   7.4703646e-01
   9.6852052e-01
   1.2444832e+00
   1.3765686e+00
   1.5628147e+00
   1.7660559e+00
   1.8466599e+00
   1.9541794e+00
   1.9660441e+00
   1.8671625e+00
   1.7826688e+00
   1.4705446e+00
   1.1464489e+00
   8.7713921e-01
   1.2234189e-01
  -5.2248102e-01
  -9.0567964e-01
  -2.6345949e+00
  -4.7025223e+00
  -5.7693439e+00
  -5.0097694e+00
  -3.4194450e+00
  -2.6030643e+00
  -2.3963809e+00
  -2.3165195e+00
  -2.0292468e+00
  -1.7683012e+00
  -1.5906987e+00
  -1.1124153e+00
   3.1573552e-01
   9.3260217e-01
   7.5385851e-01
   6.1673003e-01
   4.1624767e-01
   1.2617707e-01
   1.3292998e-02
  -9.6336521e-02
  -2.8554493e-01
  -4.0520975e-01
  -5.6463069e-01
  -7.3378766e-01
  -4.9299920e-01
  -4.3870566e-01
  -3.7190086e-01
  -2.7478009e-01
  -2.2804916e-01
  -2.6538306e-01
  -3.8208082e-01
  -4.5206836e-01
  -5.2815366e-01
  -6.0450834e-01
  -5.6863146e-01
  -3.8448426e-01
  -9.4887950e-03
   7.5211146e-01
   2.2281978e+00
   4.4127679e+00
   6.4372866e+00
   7.6241288e+00
   6.3248124e+00
   4.7384361e+00
   3.2622554e+00
   2.4374707e+00
   2.1805131e+00
   2.0694320e+00
   2.0257041e+00
   1.9711349e+00
   1.9773469e+00
   2.0322726e+00
   2.1080921e+00
   2.2210882e+00
   2.3506880e+00
   2.4757294e+00
   2.6036911e+00
   2.7304173e+00
   2.8458013e+00
   2.9279113e+00
   2.9837742e+00
   3.0532342e+00
   3.0737333e+00
   3.0340102e+00
   2.9736801e+00
   2.8152466e+00
   2.5669043e+00
   2.3028307e+00
   1.9338996e+00
   1.4489509e+00
   9.3399049e-01
   3.6237955e-01
  -4.5608786e-01
  -1.6467368e+00
  -2.9483454e+00
  -4.1675539e+00
  -2.9360894e+00
  -1.8458738e+00
  -1.7325062e+00
  -1.3065606e+00
  -3.4208605e-01
   8.2246292e-01
   1.5987386e+00
   2.0102422e+00
   2.1692753e+00
   2.4672486e+00
   2.3446214e+00
   1.7297212e+00
   1.2648378e+00
   7.6384181e-01
   3.4794024e-01
   1.6397838e-01
  -7.1862534e-02
  -2.5918609e-01
  -3.7509115e-01
  -4.8991823e-01
  -2.3848960e-01
  -1.2747218e-01
   8.2880571e-02
   2.5612286e-01
   3.3903325e-01
   3.1170067e-01
   1.7083547e-01
   1.5104590e-01
   3.2421526e-02
  -1.3522048e-01
  -7.9732165e-02
  -1.1640613e-01
   1.1118185e-01
   4.9055535e-01
   8.9173132e-01
   2.6206794e+00
   4.7478657e+00
   7.4631639e+00
   8.3911686e+00
   6.5518618e+00
   4.2210207e+00
   3.6451151e+00
   3.6833949e+00
   3.6523726e+00
   3.7450480e+00
   3.6123972e+00
   3.6710002e+00
   3.6716852e+00
   3.6977293e+00
   3.7990611e+00
   3.7958684e+00
   3.8749490e+00
   3.8723309e+00
   3.8715277e+00
   3.8888791e+00
   3.8385837e+00
   3.8506954e+00
   3.8011038e+00
   3.7729316e+00
   3.7303686e+00
   3.6389782e+00
   3.5578275e+00
   3.3423007e+00
   3.1325645e+00
   2.8312366e+00
   2.3894293e+00
   1.9623030e+00
   1.3950485e+00
   4.6517360e-01
  -7.5919712e-01
  -2.1652436e+00
  -4.3444986e+00
  -4.8089819e+00
  -3.2059643e+00
  -1.3450745e+00
   1.9452292e-03
   1.1892655e+00
   2.7059230e-01
  -1.7851496e-01
   1.2928084e+00
   2.4366913e+00
   2.5921922e+00
   2.6725564e+00
   2.2331610e+00
   1.7674749e+00
   1.2645279e+00
   6.8019402e-01
   3.5332039e-01
   7.6283865e-02
  -1.2603804e-01
  -2.6073259e-01
  -3.0474597e-01
  -2.0878586e-01
  -1.2039503e-01
   1.7430873e-01
   3.2051289e-01
   6.0286933e-01
   5.7285357e-01
   5.4085112e-01
   4.8406252e-01
   3.6003679e-01
   2.8945580e-01
   1.1817919e-01
   2.9761142e-01
   1.7200574e-01
   7.6165962e-01
   8.5523015e-01
   1.9366418e+00
   2.9424977e+00
   4.4712095e+00
   1.0049252e+01
   7.6628928e+00
   3.6162717e+00
   4.7143006e+00
   5.0295172e+00
   5.0749512e+00
   5.3763604e+00
   5.0533991e+00
   5.2373500e+00
   5.0101647e+00
   5.0736895e+00
   5.0313950e+00
   4.9317575e+00
   4.9154439e+00
   4.7492065e+00
   4.6701403e+00
   4.5117373e+00
   4.4100280e+00
   4.2783723e+00
   4.1938672e+00
   4.1097126e+00
   4.0781369e+00
   4.0015249e+00
   3.9554577e+00
   3.8307464e+00
   3.6483936e+00
   3.5100360e+00
   3.1088696e+00
   2.8348439e+00
   2.3303113e+00
   1.6229570e+00
   8.6167532e-01
  -7.4990243e-02
  -9.4981784e-01
  -1.5725834e+00
  -1.2882878e+00
   2.2921860e-02
   1.1375337e+00
   1.8445460e+00
   4.1075498e-01
  -2.2052250e+00
  -2.5078177e+00
   4.6732581e-01
   1.6880176e+00
   2.2112052e+00
   2.1526284e+00
   1.7124565e+00
   1.3340350e+00
   5.7421815e-01
   3.1049451e-01
  -6.8974435e-02
  -2.3792243e-01
  -3.4684059e-01
  -3.9066264e-01
  -8.5983652e-01
  -7.8926021e-01
  -3.8196361e-01
  -2.5261453e-01
   1.7812420e-01
   2.7037472e-01
   2.2454172e-01
   1.9593894e-01
   8.7126479e-02
   6.8013802e-02
  -2.5716025e-01
  -3.4979910e-02
  -1.1211963e-01
   3.0830905e-01
   6.9802785e-01
   1.4261932e+00
   2.3877912e+00
   4.0703998e+00
   5.5708122e+00
   4.0520339e+00
   4.0798454e+00
   5.7587175e+00
   6.2838764e+00
   6.4817996e+00
   6.5359530e+00
   6.4211211e+00
   6.3681717e+00
   6.1343784e+00
   6.1028633e+00
   5.9252234e+00
   5.7226629e+00
   5.5017734e+00
   5.2325506e+00
   5.0359969e+00
   4.7600422e+00
   4.6274228e+00
   4.3636808e+00
   4.2511883e+00
   4.1500607e+00
   4.0694952e+00
   4.0738988e+00
   4.0168900e+00
   4.0163426e+00
   3.9410419e+00
   3.8625140e+00
   3.7130010e+00
   3.4874916e+00
   3.2585828e+00
   2.7976019e+00
   2.4425116e+00
   2.0827286e+00
   1.7189729e+00
   1.5661212e+00
   1.5060674e+00
   1.9889247e+00
   2.3356009e+00
   2.5483191e+00
   1.6775891e+00
  -7.2415543e-01
  -3.4046891e+00
  -2.2243571e+00
   5.4936081e-01
   1.1047274e+00
   1.3014834e+00
   1.1348102e+00
   8.7268263e-01
   3.7359917e-01
  -1.3754869e-01
  -6.4162910e-01
  -1.0146906e+00
  -1.0768992e+00
  -1.1370336e+00
  -2.7790852e+00
  -2.6537368e+00
  -2.4786241e+00
  -2.2334340e+00
  -2.0052249e+00
  -1.6651380e+00
  -1.5448334e+00
  -1.5759085e+00
  -1.9932342e+00
  -1.9965535e+00
  -2.1513657e+00
  -2.0812829e+00
  -2.0901728e+00
  -1.8477950e+00
  -1.5921668e+00
  -1.0145727e+00
  -5.8423202e-01
   1.0190597e+00
   2.2180135e+00
   2.2861502e+00
   4.9954262e+00
   6.3750062e+00
   7.2567941e+00
   7.3762336e+00
   7.2992082e+00
   7.1881600e+00
   7.0036883e+00
   6.8027892e+00
   6.6018192e+00
   6.3634720e+00
   5.9685316e+00
   5.6022089e+00
   5.2967343e+00
   4.9339356e+00
   4.6875743e+00
   4.4054408e+00
   4.1921501e+00
   3.9855118e+00
   3.8956671e+00
   3.7957163e+00
   3.8026262e+00
   3.8245440e+00
   3.8928754e+00
   3.9526277e+00
   3.9789517e+00
   3.9832516e+00
   3.9380665e+00
   3.8516362e+00
   3.6860194e+00
   3.4746652e+00
   3.3615532e+00
   3.1901491e+00
   3.2350665e+00
   3.1847706e+00
   3.4045537e+00
   3.4006477e+00
   3.4517484e+00
   2.7285829e+00
   2.1099276e+00
   8.8133574e-02
  -3.6868014e+00
  -2.0398881e+00
  -1.3503469e+00
  -1.1160632e+00
  -1.3825813e+00
  -1.7024479e+00
  -2.2951322e+00
  -2.8364705e+00
  -3.0397987e+00
  -3.0353656e+00
  -2.9424721e+00
  -2.9267592e+00
  -2.1213539e+00
  -2.0560851e+00
  -1.9950308e+00
  -1.8946233e+00
  -1.7782635e+00
  -1.5759205e+00
  -1.2507179e+00
  -1.0061333e+00
  -1.3798212e+00
  -1.4514960e+00
  -1.4951364e+00
  -1.4606984e+00
  -1.4918153e+00
  -1.3826185e+00
  -1.3182399e+00
  -1.0788169e+00
  -7.9383793e-01
  -2.0092881e-01
   2.4915893e+00
   3.8033810e+00
   5.4770379e+00
   6.6697631e+00
   7.6483336e+00
   7.7904806e+00
   7.5789819e+00
   7.3354045e+00
   7.1419082e+00
   6.9589934e+00
   6.8517915e+00
   6.4244108e+00
   5.7761583e+00
   5.2864836e+00
   4.9679761e+00
   4.5505648e+00
   4.2551303e+00
   3.9293530e+00
   3.6585557e+00
   3.4693225e+00
   3.3641534e+00
   3.2949672e+00
   3.3088251e+00
   3.3905685e+00
   3.5526013e+00
   3.7040751e+00
   3.8486419e+00
   3.9881835e+00
   4.0875802e+00
   4.1375437e+00
   4.1609988e+00
   4.1051650e+00
   4.0948472e+00
   4.0744853e+00
   4.1441665e+00
   4.1687603e+00
   4.2659388e+00
   4.2045579e+00
   4.1037545e+00
   3.5762219e+00
   3.0714759e+00
   1.2191796e+00
  -2.2729766e+00
  -1.6824105e+00
  -1.4930865e+00
  -1.1377163e+00
  -1.2496092e+00
  -1.4682747e+00
  -1.9023931e+00
  -2.1757772e+00
  -2.2630153e+00
  -2.1120155e+00
  -2.0851059e+00
  -2.0763435e+00
  -2.1640813e-01
  -2.5138462e-01
  -1.9703105e-01
  -1.8600233e-01
  -5.7667978e-02
   5.1063173e-02
   2.9994255e-01
   4.8825517e-01
   4.5977479e-01
   3.5632405e-01
   5.6927711e-01
   6.5547609e-01
   6.2524831e-01
   6.8221724e-01
   8.3286148e-01
   1.0215403e+00
   1.8256376e+00
   2.4401186e+00
   3.3857794e+00
   4.4345055e+00
   5.3868909e+00
   6.5226755e+00
   7.4695783e+00
   7.6268101e+00
   7.3258524e+00
   7.0373354e+00
   6.8522210e+00
   5.2959614e+00
   4.5324893e+00
   4.4791398e+00
   4.2931738e+00
   4.5404472e+00
   4.3850045e+00
   3.4084990e+00
   3.1545062e+00
   3.1221514e+00
   2.9262564e+00
   2.7688677e+00
   2.6803346e+00
   2.6457124e+00
   2.6775551e+00
   2.7989502e+00
   3.0513353e+00
   3.2793307e+00
   3.5088744e+00
   3.7606344e+00
   3.9447384e+00
   4.1095223e+00
   4.2442031e+00
   4.3255973e+00
   4.3718977e+00
   4.4724364e+00
   4.5375729e+00
   4.6195087e+00
   4.6503191e+00
   4.6302638e+00
   4.4827394e+00
   4.0886950e+00
   3.4757307e+00
   2.1603031e+00
   7.0026088e-01
   3.7671787e-01
  -1.5572217e-01
  -5.4297041e-02
   1.8259868e-01
   3.3285221e-01
   2.6486161e-01
   1.2516131e-01
   7.0753314e-02
  -1.6448215e-02
  -6.5063864e-02
  -1.3470946e-01
   6.8196970e-01
   5.8190686e-01
   5.3464991e-01
   5.7233113e-01
   7.7345794e-01
   1.0469116e+00
   1.0061804e+00
   6.9163889e-01
   7.9063672e-01
   1.0006763e+00
   1.7364006e+00
   2.2698426e+00
   2.2598929e+00
   2.3802230e+00
   2.6392803e+00
   2.9180813e+00
   3.7304907e+00
   4.1813335e+00
   4.2083178e+00
   4.2341785e+00
   4.8196673e+00
   6.0132155e+00
   6.8378487e+00
   6.8908367e+00
   6.6098018e+00
   6.3394275e+00
   6.2379384e+00
   3.1579592e+00
   1.6236429e+00
   2.1532848e+00
   2.6580873e+00
   3.7699566e+00
   3.2688034e+00
   1.8538392e+00
   1.6427338e+00
   1.8641106e+00
   2.0364850e+00
   1.9529498e+00
   1.9297831e+00
   1.9344159e+00
   1.9920927e+00
   2.1166573e+00
   2.4569895e+00
   2.7191556e+00
   3.0197880e+00
   3.3200684e+00
   3.5731239e+00
   3.7874455e+00
   4.0197945e+00
   4.1813459e+00
   4.3031874e+00
   4.4525781e+00
   4.5342588e+00
   4.6324263e+00
   4.6762114e+00
   4.7055058e+00
   4.5887518e+00
   4.3470221e+00
   3.9198122e+00
   3.3719754e+00
   2.3777220e+00
   1.3489296e+00
   6.5157008e-01
   3.7933761e-01
   5.3732127e-01
   8.2383376e-01
   8.4724176e-01
   8.1705332e-01
   9.0780485e-01
   8.6584163e-01
   7.9949701e-01
   7.3442984e-01
   1.2649052e+00
   1.1855572e+00
   9.9372447e-01
   1.0482352e+00
   1.3002039e+00
   1.6408093e+00
   1.1672356e+00
   5.7266068e-01
   7.8435308e-01
   1.3238975e+00
   2.6955492e+00
   4.0057454e+00
   4.2910156e+00
   4.3527470e+00
   4.6202626e+00
   4.7685790e+00
   4.7362499e+00
   4.6059990e+00
   4.3829703e+00
   3.9222884e+00
   4.1217022e+00
   5.3195615e+00
   5.9063768e+00
   5.8197641e+00
   5.5306315e+00
   5.3426161e+00
   5.2693434e+00
   3.0382996e+00
   1.9563695e+00
   2.4531503e+00
   2.6116951e+00
   3.3757298e+00
   1.7492975e+00
   8.2971257e-01
   5.3001237e-01
   4.5623273e-01
   1.0207716e+00
   1.0451721e+00
   1.1116368e+00
   1.2461882e+00
   1.2981806e+00
   1.4410135e+00
   1.7877524e+00
   2.0838652e+00
   2.3902073e+00
   2.7411273e+00
   3.0152631e+00
   3.2672424e+00
   3.5396833e+00
   3.7486355e+00
   3.9260046e+00
   4.0796738e+00
   4.1994014e+00
   4.2999711e+00
   4.4262304e+00
   4.4764686e+00
   4.4440107e+00
   4.2791204e+00
   3.9907336e+00
   3.6340058e+00
   2.9920666e+00
   1.9889413e+00
   1.2422185e+00
   8.9961106e-01
   6.3304102e-01
   6.7767876e-01
   7.6358306e-01
   9.9706548e-01
   1.1499035e+00
   1.2774098e+00
   1.2559372e+00
   1.2317989e+00
   1.3553653e+00
   1.5355383e+00
   1.1735113e+00
   1.2557426e+00
   1.4241779e+00
   1.4331654e+00
   6.7247382e-01
   5.2333762e-01
   7.0259460e-01
   1.1274655e+00
   2.5689019e+00
   4.2769616e+00
   4.6987287e+00
   4.6122828e+00
   4.5596077e+00
   4.3905354e+00
   4.2175704e+00
   4.1481273e+00
   4.0583021e+00
   3.6717765e+00
   3.7591881e+00
   4.5281691e+00
   4.7960652e+00
   4.5819543e+00
   4.2133947e+00
   4.0049867e+00
   3.8470129e+00
   4.0452118e+00
   4.4165571e+00
   4.1716119e+00
   3.3555417e+00
   2.8288197e+00
   1.4553221e+00
   7.8819331e-01
   4.8390852e-01
   4.5533046e-02
   8.4684323e-02
  -7.9204750e-02
   1.1644272e-01
   5.4253585e-01
   5.9435008e-01
   7.3698093e-01
   1.0274569e+00
   1.3280557e+00
   1.6177148e+00
   1.9535398e+00
   2.2473669e+00
   2.5119643e+00
   2.7848413e+00
   2.9973410e+00
   3.1903801e+00
   3.3857087e+00
   3.5517034e+00
   3.7080741e+00
   3.8718399e+00
   3.9590934e+00
   3.9729921e+00
   3.9313259e+00
   3.7703303e+00
   3.5590394e+00
   3.3589793e+00
   2.7379570e+00
   1.5595960e+00
   1.2305967e+00
   1.0741161e+00
   9.5221258e-01
   9.0405129e-01
   1.1721560e+00
   1.3307500e+00
   1.5101474e+00
   1.4867493e+00
   1.4814124e+00
   1.3426985e+00
   1.1538526e+00
   1.0826316e+00
   1.1061531e+00
   1.0543361e+00
   1.2118384e+00
   8.7738776e-01
   7.1413660e-01
   8.3712697e-01
   1.6272724e+00
   2.7717013e+00
   3.8369648e+00
   3.8441095e+00
   3.8062155e+00
   3.7643080e+00
   3.5841908e+00
   3.3775337e+00
   3.2152536e+00
   3.0461130e+00
   2.8000925e+00
   2.8794866e+00
   3.1332970e+00
   3.0353465e+00
   2.8015561e+00
   2.5080316e+00
   2.3213282e+00
   2.1973202e+00
   2.1731305e+00
   2.2469239e+00
   2.1043246e+00
   1.7662375e+00
   1.5535916e+00
   1.7829394e+00
   1.5244743e+00
   6.9540900e-01
  -9.5389605e-02
  -7.1402162e-01
  -5.0572884e-01
  -6.7666090e-01
  -5.4107457e-01
  -1.3497207e-01
  -2.7666166e-02
   2.3127884e-01
   4.5553142e-01
   6.9321954e-01
   1.0016123e+00
   1.2578557e+00
   1.4935836e+00
   1.7494191e+00
   1.9468820e+00
   2.1522410e+00
   2.4175186e+00
   2.6334376e+00
   2.8260434e+00
   2.9972978e+00
   3.0880113e+00
   3.1339519e+00
   3.1250365e+00
   3.0427032e+00
   2.9516237e+00
   2.8391936e+00
   2.6939292e+00
   1.9286418e+00
   1.4072924e+00
   1.3501451e+00
   1.3760383e+00
   1.3191475e+00
   1.5116708e+00
   1.7565954e+00
   1.6266973e+00
   1.5792809e+00
   1.6402836e+00
   1.4564209e+00
   1.1012963e+00
   8.7341285e-01
   9.5655465e-01
   1.1819664e+00
   1.5266917e+00
   1.5440640e+00
   1.2673271e+00
   1.4524027e+00
   2.8356407e+00
   3.1911178e+00
   3.3973598e+00
   3.1713080e+00
   3.0706146e+00
   2.9600804e+00
   2.7121439e+00
   2.4590275e+00
   2.2335129e+00
   2.0013647e+00
   1.7884622e+00
   1.7742637e+00
   1.7679008e+00
   1.5970154e+00
   1.3826332e+00
   1.0064468e+00
   7.4990797e-01
   7.5039107e-01
   7.8895098e-01
   9.1669548e-01
   8.8565481e-01
   7.0031089e-01
   6.1039180e-01
   7.7556485e-01
   6.4614969e-01
   1.9604909e-01
  -5.1621878e-01
  -6.7074853e-01
  -5.2785593e-01
  -7.4382162e-01
  -1.0398791e+00
  -7.5457251e-01
  -6.2530959e-01
  -4.1298237e-01
  -2.4153335e-01
  -5.2174486e-02
   2.0618615e-01
   4.2355832e-01
   6.3004124e-01
   8.6460191e-01
   1.0661719e+00
   1.2898507e+00
   1.5792644e+00
   1.8086462e+00
   2.0007484e+00
   2.1652915e+00
   2.2421317e+00
   2.2645080e+00
   2.2245517e+00
   2.1509583e+00
   2.1121144e+00
   2.1338029e+00
   2.4442062e+00
   2.3249004e+00
   1.8634334e+00
   1.7565031e+00
   1.6597689e+00
   1.4958701e+00
   1.3742936e+00
   1.5642260e+00
   1.5491260e+00
   1.3909409e+00
   1.4718751e+00
   1.0904249e+00
   8.8480860e-01
   6.7030108e-01
   8.6347139e-01
   1.3760141e+00
   2.1323719e+00
   2.3201389e+00
   1.4932890e+00
   1.4411770e+00
   2.9067671e+00
   2.9986501e+00
   2.8209558e+00
   2.4988956e+00
   2.3029854e+00
   2.0901673e+00
   1.7596835e+00
   1.4625893e+00
   1.1894892e+00
   9.0707064e-01
   6.9545108e-01
   5.8742720e-01
   4.2880210e-01
   2.4969928e-01
   4.2145319e-02
  -3.1207624e-01
  -4.8783648e-01
  -8.8782001e-01
  -6.9692910e-01
  -3.8207945e-01
  -2.5021464e-01
  -3.0160484e-01
  -3.1695110e-01
  -2.5110245e-01
  -3.2291538e-01
  -5.3024614e-01
  -1.0091764e+00
  -5.4307401e-01
  -5.5245733e-01
  -7.3974848e-01
  -1.2962455e+00
  -1.3122916e+00
  -1.1783746e+00
  -1.0056696e+00
  -8.7768638e-01
  -7.3429757e-01
  -5.3097796e-01
  -3.5239023e-01
  -1.6971692e-01
   5.4405328e-02
   2.6203799e-01
   4.9707425e-01
   7.9117095e-01
   1.0122266e+00
   1.1880128e+00
   1.3260505e+00
   1.3685114e+00
   1.3408023e+00
   1.2306730e+00
   1.1295738e+00
   1.1002814e+00
   1.2524869e+00
   1.7913460e+00
   2.2423253e+00
   2.2215848e+00
   1.8591795e+00
   1.4938079e+00
   1.2517780e+00
   9.9225175e-01
   9.8040801e-01
   1.0845349e+00
   8.9426124e-01
   9.0406525e-01
   2.6944952e-01
   4.8768873e-01
   4.8934356e-01
   8.2594745e-01
   1.5800937e+00
   2.9455595e+00
   3.1356946e+00
   1.3705816e+00
   7.9387372e-01
   1.8367338e+00
   2.2137174e+00
   2.1299612e+00
   1.8261269e+00
   1.5175064e+00
   1.1808539e+00
   7.6144478e-01
   4.2502829e-01
   1.1742980e-01
  -2.0357361e-01
  -4.3363392e-01
  -6.2516211e-01
  -8.5505701e-01
  -1.0092971e+00
  -1.2257937e+00
  -1.4448990e+00
  -1.3912111e+00
  -2.6849651e+00
  -2.2884834e+00
  -1.6994487e+00
  -1.3612368e+00
  -1.2685085e+00
  -1.2381488e+00
  -1.1423690e+00
  -1.1985039e+00
  -1.3841007e+00
  -1.5309838e+00
  -4.1981975e-01
  -6.1756810e-01
  -7.3829811e-01
  -1.3739258e+00
  -1.8083699e+00
  -1.6917106e+00
  -1.5496051e+00
  -1.4574679e+00
  -1.3570328e+00
  -1.2099371e+00
  -1.0689645e+00
  -9.0435197e-01
  -6.7979328e-01
  -4.6624243e-01
  -2.2726638e-01
   5.7464507e-02
   2.5337030e-01
   4.0187325e-01
   4.9677755e-01
   4.8805692e-01
   3.9185617e-01
   1.8254917e-01
   2.7185925e-02
  -2.6485359e-02
   2.4514042e-01
   7.9464105e-01
   1.7080705e+00
   2.4517097e+00
   1.6606954e+00
   9.2174447e-01
   6.4015831e-01
   4.3494682e-01
   1.0160957e-01
   2.8549267e-01
   1.4637590e-01
   5.4779559e-03
  -1.1638176e+00
  -4.4621342e-01
   1.0505451e-02
   6.7992526e-01
   1.5691910e+00
   1.7301950e+00
   1.8328773e+00
   7.8609788e-01
   2.7457625e-01
   8.2876760e-01
   9.0022719e-01
   7.3299414e-01
   4.2970499e-01
   6.8066299e-02
  -3.1438100e-01
  -7.5878030e-01
  -1.1191049e+00
  -1.4705050e+00
  -1.8704021e+00
  -2.1656864e+00
  -2.4080563e+00
  -2.6017141e+00
  -2.6863551e+00
  -2.7639484e+00
  -2.4016495e+00
  -1.5174890e+00
  -1.7999860e+00
  -2.0822892e+00
  -3.4466600e+00
  -3.4121389e+00
  -2.5671909e+00
  -2.4715347e+00
  -2.3758249e+00
  -2.3630219e+00
  -2.3382034e+00
  -1.9695346e+00
  -4.5962697e-01
  -6.2166917e-01
  -9.1663045e-01
  -1.8289459e+00
  -2.4655919e+00
  -2.3674979e+00
  -2.2912636e+00
  -2.2473679e+00
  -2.1918068e+00
  -2.0999751e+00
  -1.9881973e+00
  -1.8353161e+00
  -1.6104714e+00
  -1.4003742e+00
  -1.1812613e+00
  -9.6103477e-01
  -8.4391475e-01
  -7.8808200e-01
  -8.3095586e-01
  -9.8301548e-01
  -1.2599344e+00
  -1.7393806e+00
  -2.1487727e+00
  -2.1919537e+00
  -1.8321784e+00
  -9.3510699e-01
  -7.7734776e-02
   1.2320219e+00
   7.4004585e-01
  -1.9520217e-01
  -6.7599416e-01
  -6.7460978e-01
  -8.1198508e-01
  -1.2307564e+00
  -1.0622627e+00
  -9.3956530e-01
  -9.6889991e-01
  -6.4129917e-01
  -4.5506251e-01
   7.3259018e-02
   4.8076880e-01
   6.7426229e-01
   1.1716595e+00
   8.3569374e-01
   2.4970996e-01
   2.8881598e-01
   5.2164131e-02
  -1.2508938e-01
  -4.2811781e-01
  -7.7809378e-01
  -1.1534503e+00
  -1.6009372e+00
  -1.9633896e+00
  -2.3231215e+00
  -2.7472634e+00
  -3.0501262e+00
  -3.2897298e+00
  -3.4537969e+00
  -3.5083984e+00
  -3.5031035e+00
  -3.1264353e+00
  -2.0081556e+00
  -1.5716971e+00
  -1.7552810e+00
  -2.7880212e+00
  -3.4052262e+00
  -3.4674006e+00
  -3.0799109e+00
  -2.9594791e+00
  -2.8705373e+00
  -2.9358121e+00
  -2.6157732e+00
  -1.1165283e+00
  -6.3333170e-01
  -9.7641015e-01
  -2.1618683e+00
  -2.9057003e+00
  -2.7116804e+00
  -2.6881249e+00
  -2.6588561e+00
  -2.6062028e+00
  -2.5164366e+00
  -2.3976914e+00
  -2.2355189e+00
  -2.0116444e+00
  -1.8185017e+00
  -1.6453972e+00
  -1.5130788e+00
  -1.4791326e+00
  -1.5234628e+00
  -1.7040637e+00
  -1.9784459e+00
  -2.3726468e+00
  -3.0540743e+00
  -3.6157749e+00
  -3.6125107e+00
  -3.1848185e+00
  -2.0911643e+00
  -1.1260568e+00
   3.0058017e-01
   2.4091953e-01
  -6.4601308e-01
  -1.3864677e+00
  -1.4833575e+00
  -1.4698601e+00
  -1.8366199e+00
  -1.7712772e+00
  -1.4668781e+00
  -8.7702024e-01
  -8.7275177e-01
  -9.9950391e-01
  -5.4995286e-01
  -4.6156505e-01
  -2.9412335e-01
   3.1555831e-01
   5.4828441e-01
   9.2608973e-02
  -2.4101233e-01
  -6.7594433e-01
  -8.8130319e-01
  -1.1878676e+00
  -1.5216928e+00
  -1.8850356e+00
  -2.3257737e+00
  -2.6798935e+00
  -3.0338857e+00
  -3.4653692e+00
  -3.7712173e+00
  -4.0097322e+00
  -4.1529250e+00
  -4.1839075e+00
  -4.1091042e+00
  -3.7045333e+00
  -2.6186876e+00
  -1.8607508e+00
  -1.6210010e+00
  -2.2330234e+00
  -3.0732546e+00
  -3.9855664e+00
  -3.5925603e+00
  -3.4332194e+00
  -3.2847853e+00
  -3.2495790e+00
  -2.7808995e+00
  -1.4710767e+00
  -6.7644924e-01
  -1.0259854e+00
  -2.2512438e+00
  -3.1396985e+00
  -3.0210021e+00
  -3.0337813e+00
  -3.0094011e+00
  -2.9519129e+00
  -2.8503993e+00
  -2.7160559e+00
  -2.5443380e+00
  -2.3309057e+00
  -2.1709297e+00
  -2.0598943e+00
  -2.0267951e+00
  -2.0834527e+00
  -2.2296791e+00
  -2.5407791e+00
  -2.9201241e+00
  -3.4017661e+00
  -4.1769123e+00
  -4.6501803e+00
  -4.5262413e+00
  -4.3446193e+00
  -3.1496086e+00
  -2.0606761e+00
  -5.7439202e-01
  -2.4278590e-01
  -1.0284885e+00
  -1.9735762e+00
  -2.1550515e+00
  -2.0900931e+00
  -2.3324900e+00
  -2.2789228e+00
  -1.8560015e+00
  -9.7272732e-01
  -1.2885240e+00
  -1.9627097e+00
  -1.4888389e+00
  -1.5014164e+00
  -1.5016299e+00
  -1.3563099e+00
  -6.1581176e-01
  -4.2832846e-01
  -9.8551964e-01
  -1.4636921e+00
  -1.7498786e+00
  -2.0699888e+00
  -2.3704718e+00
  -2.7054981e+00
  -3.1146309e+00
  -3.4334702e+00
  -3.7479196e+00
  -4.1525133e+00
  -4.4524854e+00
  -4.6931502e+00
  -4.8254724e+00
  -4.8365155e+00
  -4.6907911e+00
  -4.2157868e+00
  -3.7685536e+00
  -3.4275185e+00
  -1.8544133e+00
  -1.6596587e+00
  -1.8711678e+00
  -3.8876476e+00
  -4.1221847e+00
  -3.8750333e+00
  -3.6774276e+00
  -3.0737493e+00
  -1.9520233e+00
  -1.3131946e+00
  -8.0868581e-01
  -1.0750995e+00
  -1.8400283e+00
  -3.0209349e+00
  -3.3913946e+00
  -3.4204952e+00
  -3.3815752e+00
  -3.2999036e+00
  -3.1507229e+00
  -2.9746397e+00
  -2.7885406e+00
  -2.6112513e+00
  -2.5352722e+00
  -2.5497380e+00
  -2.6853750e+00
  -2.8896820e+00
  -3.1872615e+00
  -3.6712271e+00
  -4.1639817e+00
  -4.7059687e+00
  -5.3764713e+00
  -5.1873583e+00
  -4.7239648e+00
  -5.5955001e+00
  -4.4651415e+00
  -3.1612461e+00
  -1.7156555e+00
  -9.0876758e-01
  -1.4304761e+00
  -2.5496429e+00
  -2.8231796e+00
  -2.9043880e+00
  -2.8061620e+00
  -2.5668154e+00
  -2.1125609e+00
  -9.6757287e-01
  -1.3973725e+00
  -2.2755517e+00
  -2.0559169e+00
  -2.1382339e+00
  -2.2412340e+00
  -1.5817216e+00
  -1.7484715e+00
  -1.5088185e+00
  -1.8377123e+00
  -2.1474521e+00
  -2.3858172e+00
  -2.6441509e+00
  -2.8936987e+00
  -3.1730008e+00
  -3.5130782e+00
  -3.7807407e+00
  -4.0438125e+00
  -4.4079015e+00
  -4.7012281e+00
  -4.9194267e+00
  -5.0278700e+00
  -5.0101409e+00
  -4.8424280e+00
  -4.4190495e+00
  -4.0570936e+00
  -3.8439162e+00
  -3.2885472e+00
  -2.6393356e+00
  -1.8469812e+00
  -3.4885416e+00
  -4.4801655e+00
  -3.9815972e+00
  -3.5353610e+00
  -2.3574646e+00
  -1.1382123e+00
  -9.1678279e-01
  -7.4269772e-01
  -9.8809075e-01
  -1.3661760e+00
  -2.8059385e+00
  -3.5572769e+00
  -3.5795076e+00
  -3.5105183e+00
  -3.3979401e+00
  -3.2026519e+00
  -3.0241432e+00
  -2.8939716e+00
  -2.8594190e+00
  -2.9407477e+00
  -3.1156651e+00
  -3.4351785e+00
  -3.7754374e+00
  -4.1810534e+00
  -4.7213452e+00
  -5.1531377e+00
  -5.5101222e+00
  -5.5701469e+00
  -4.7278924e+00
  -5.0003636e+00
  -5.7983669e+00
  -5.1340771e+00
  -3.8168852e+00
  -2.4290928e+00
  -1.2678411e+00
  -1.4704642e+00
  -2.5268380e+00
  -2.7926359e+00
  -2.8156354e+00
  -2.7120754e+00
  -2.2582717e+00
  -1.5963921e+00
  -8.5372831e-01
  -1.3365529e+00
  -2.3447897e+00
  -2.3173763e+00
  -2.4087793e+00
  -2.3958182e+00
  -1.3785678e+00
  -2.0819194e+00
  -2.0301311e+00
  -2.2558167e+00
  -2.4932849e+00
  -2.6922042e+00
  -2.9150306e+00
  -3.1317810e+00
  -3.3703552e+00
  -3.6644907e+00
  -3.9021313e+00
  -4.1355891e+00
  -4.4619531e+00
  -4.7337050e+00
  -4.9258803e+00
  -5.0099529e+00
  -4.9727281e+00
  -4.8028749e+00
  -4.4275817e+00
  -4.1281586e+00
  -3.9677367e+00
  -3.8094251e+00
  -3.0585047e+00
  -1.9513003e+00
  -3.0841056e+00
  -4.2798543e+00
  -3.9426613e+00
  -3.3098708e+00
  -1.8943331e+00
  -7.9392525e-01
  -7.7257231e-01
  -6.9720814e-01
  -9.1978312e-01
  -1.3085047e+00
  -2.7863232e+00
  -3.5744157e+00
  -3.5838533e+00
  -3.5009232e+00
  -3.3854531e+00
  -3.2094427e+00
  -3.0808183e+00
  -3.0284699e+00
  -3.1138817e+00
  -3.3031565e+00
  -3.5756937e+00
  -3.9898663e+00
  -4.3826727e+00
  -4.8086137e+00
  -5.3166474e+00
  -5.6617501e+00
  -5.8774974e+00
  -5.6165817e+00
  -4.6392373e+00
  -5.5755938e+00
  -6.0625994e+00
  -5.4636453e+00
  -4.0800242e+00
  -2.6642484e+00
  -1.2534977e+00
  -1.2554115e+00
  -2.2457716e+00
  -2.4580275e+00
  -2.3987345e+00
  -2.1248219e+00
  -1.7149221e+00
  -1.1732623e+00
  -6.0679072e-01
  -1.1340772e+00
  -2.2991812e+00
  -2.5334892e+00
  -2.6007714e+00
  -2.2679831e+00
  -7.8959434e-01
  -2.0986893e+00
  -2.4927522e+00
  -2.6359441e+00
  -2.8210600e+00
  -2.9635216e+00
  -3.1473678e+00
  -3.3242395e+00
  -3.5085344e+00
  -3.7453591e+00
  -3.9493716e+00
  -4.1502289e+00
  -4.4192900e+00
  -4.6478306e+00
  -4.7970152e+00
  -4.8426236e+00
  -4.7807426e+00
  -4.6200853e+00
  -4.3178327e+00
  -4.1019270e+00
  -3.9766178e+00
  -4.0475235e+00
  -3.3603771e+00
  -2.1958536e+00
  -2.4475847e+00
  -3.6133198e+00
  -3.7897248e+00
  -2.9041229e+00
  -1.3293322e+00
  -5.5176357e-01
  -7.0624590e-01
  -6.3895214e-01
  -8.2466881e-01
  -1.4813229e+00
  -2.8791321e+00
  -3.5072135e+00
  -3.4928807e+00
  -3.3983195e+00
  -3.2960347e+00
  -3.1915381e+00
  -3.1740785e+00
  -3.2574056e+00
  -3.5162284e+00
  -3.8432876e+00
  -4.2289291e+00
  -4.7348916e+00
  -5.1572339e+00
  -5.5595468e+00
  -5.9610782e+00
  -6.1542003e+00
  -6.1765061e+00
  -5.5961944e+00
  -4.7348674e+00
  -6.6650424e+00
  -6.5150543e+00
  -5.7650502e+00
  -4.2438412e+00
  -2.7300276e+00
  -9.9497477e-01
  -7.5750993e-01
  -1.6424889e+00
  -1.7419667e+00
  -1.5386187e+00
  -8.9369416e-01
  -7.1585733e-01
  -5.6966253e-01
  -6.5468830e-01
  -1.2597301e+00
  -2.1692560e+00
  -2.6390538e+00
  -2.5853855e+00
  -2.0190482e+00
  -9.2744106e-01
  -2.2128455e+00
  -2.7471938e+00
  -2.8404388e+00
  -2.9867979e+00
  -3.1149156e+00
  -3.2632945e+00
  -3.3924533e+00
  -3.5247648e+00
  -3.6951530e+00
  -3.8423910e+00
  -3.9807768e+00
  -4.1427550e+00
  -4.2682156e+00
  -4.3351316e+00
  -4.3297400e+00
  -4.2711339e+00
  -4.1516471e+00
  -3.9103951e+00
  -3.7322383e+00
  -3.6092961e+00
  -3.5485644e+00
  -2.4274432e+00
  -1.3448164e+00
  -1.7996500e+00
  -2.9277665e+00
  -3.3718390e+00
  -2.3664203e+00
  -6.6527341e-01
  -1.3136119e-01
  -4.5576096e-01
  -5.9666430e-01
  -1.0322475e+00
  -2.3513286e+00
  -3.2551921e+00
  -3.2855859e+00
  -3.2534716e+00
  -3.2469228e+00
  -3.2818766e+00
  -3.4019370e+00
  -3.5706246e+00
  -3.8006785e+00
  -4.1709585e+00
  -4.5557098e+00
  -4.9620528e+00
  -5.4206271e+00
  -5.7442544e+00
  -6.0102348e+00
  -6.2094045e+00
  -6.1863158e+00
  -5.9468899e+00
  -4.8650403e+00
  -3.5407787e+00
  -5.4081392e+00
  -6.9564576e+00
  -5.7230232e+00
  -3.9192023e+00
  -2.3242722e+00
  -3.8935859e-01
   1.0695424e-01
  -2.2826928e-01
  -2.5112107e-01
  -3.4868243e-01
  -2.6690000e-01
  -2.4745667e-01
  -3.7867856e-01
  -7.3720789e-01
  -1.5051864e+00
  -2.2264135e+00
  -2.7181985e+00
  -2.6768493e+00
  -2.1983759e+00
  -1.4715394e+00
  -2.4597224e+00
  -2.8592939e+00
  -2.9355614e+00
  -3.0685357e+00
  -3.1853280e+00
  -3.3105919e+00
  -3.4151828e+00
  -3.5218537e+00
  -3.6560540e+00
  -3.7670607e+00
  -3.8642046e+00
  -3.9619198e+00
  -4.0220788e+00
  -4.0287447e+00
  -3.9825182e+00
  -3.9139812e+00
  -3.8026869e+00
  -3.5988576e+00
  -3.4362535e+00
  -3.2932341e+00
  -3.1107130e+00
  -1.9123988e+00
  -9.8789507e-01
  -1.5941670e+00
  -2.7221553e+00
  -3.1201911e+00
  -2.0993311e+00
  -3.2823207e-01
   1.5178165e-01
  -3.3316207e-01
  -6.5554653e-01
  -1.3528672e+00
  -2.7594726e+00
  -3.2301001e+00
  -3.1326678e+00
  -3.1553724e+00
  -3.2414910e+00
  -3.3789048e+00
  -3.6092815e+00
  -3.8308058e+00
  -4.0878940e+00
  -4.4795194e+00
  -4.8621548e+00
  -5.2457933e+00
  -5.6512656e+00
  -5.9105591e+00
  -6.0924153e+00
  -6.1635590e+00
  -5.9979771e+00
  -5.5693688e+00
  -4.1817994e+00
  -2.5682787e+00
  -4.0644360e+00
  -6.2979097e+00
  -5.5899199e+00
  -3.5997488e+00
  -1.9596515e+00
   5.1723204e-02
   5.4503614e-01
   2.9011184e-01
   2.2751386e-01
   5.2758753e-02
  -7.9377651e-02
  -1.2790904e-01
  -3.4300604e-01
  -8.9282470e-01
  -1.9757188e+00
  -2.4083679e+00
  -2.8403385e+00
  -2.8804680e+00
  -2.6970818e+00
  -2.5785328e+00
  -2.9385371e+00
  -2.9845820e+00
  -3.0470636e+00
  -3.1688873e+00
  -3.2678550e+00
  -3.3595564e+00
  -3.4330276e+00
  -3.5082160e+00
  -3.5948320e+00
  -3.6537650e+00
  -3.6906578e+00
  -3.6989147e+00
  -3.6655633e+00
  -3.5801164e+00
  -3.4692963e+00
  -3.3779189e+00
  -3.2655174e+00
  -3.1144000e+00
  -2.9680631e+00
  -2.7808093e+00
  -2.3963283e+00
  -1.2294039e+00
  -6.0758570e-01
  -1.4470580e+00
  -2.5918758e+00
  -2.7692321e+00
  -1.7696606e+00
   9.4362906e-02
   5.6930331e-01
  -1.8350535e-01
  -8.0135743e-01
  -1.9477296e+00
  -3.2412728e+00
  -3.0051572e+00
  -2.9047102e+00
  -3.0533483e+00
  -3.2986551e+00
  -3.5939284e+00
  -3.9593493e+00
  -4.2098125e+00
  -4.4582993e+00
  -4.8451336e+00
  -5.1969814e+00
  -5.5224013e+00
  -5.8352672e+00
  -6.0011422e+00
  -6.0641474e+00
  -5.9520884e+00
  -5.5784916e+00
  -4.8622043e+00
  -3.0454719e+00
  -1.0206202e+00
  -1.7473468e+00
  -4.6814858e+00
  -5.3228906e+00
  -3.0606236e+00
  -1.3603131e+00
   7.2455383e-01
   1.0937150e+00
   7.6143041e-01
   5.7854473e-01
   3.7467136e-01
   3.8733905e-02
  -8.3901754e-02
  -3.5316305e-01
  -8.4506214e-01
  -1.9062941e+00
  -2.6818109e+00
  -2.9061656e+00
  -3.0225501e+00
  -3.0191536e+00
  -3.0331168e+00
  -3.1259782e+00
  -3.1513891e+00
  -3.2168245e+00
  -3.3118677e+00
  -3.3791585e+00
  -3.4339690e+00
  -3.4734540e+00
  -3.5103202e+00
  -3.5462246e+00
  -3.5458708e+00
  -3.5107753e+00
  -3.4275014e+00
  -3.3153038e+00
  -3.1443250e+00
  -2.9276319e+00
  -2.7596052e+00
  -2.6126659e+00
  -2.4843919e+00
  -2.3444538e+00
  -2.2071409e+00
  -1.8296642e+00
  -8.6238027e-01
  -2.3937562e-01
  -1.1833593e+00
  -2.4426906e+00
  -2.5363736e+00
  -1.7497522e+00
  -2.2097978e-01
   4.8794171e-01
  -4.4218129e-01
  -1.3938320e+00
  -2.6999903e+00
  -2.9329286e+00
  -2.7452626e+00
  -2.8267713e+00
  -3.2097294e+00
  -3.6141319e+00
  -4.0338025e+00
  -4.4557114e+00
  -4.5769172e+00
  -4.5763674e+00
  -4.7995849e+00
  -5.0343924e+00
  -5.2177410e+00
  -5.3682580e+00
  -5.4116888e+00
  -5.3475537e+00
  -5.0486722e+00
  -4.4900160e+00
  -3.5570607e+00
  -1.7981461e+00
   2.5562569e-02
  -3.2655063e-01
  -2.7811775e+00
  -3.6724248e+00
  -2.1172607e+00
  -4.1490477e-01
   1.5754864e+00
   1.5235242e+00
   1.0021008e+00
   7.0659930e-01
   4.7584587e-01
   9.1181688e-02
  -1.0641637e-01
  -3.8259539e-01
  -8.5770696e-01
  -1.6708610e+00
  -2.3929154e+00
  -2.9657983e+00
  -3.1013157e+00
  -3.1641600e+00
  -3.2225587e+00
  -3.2523253e+00
  -3.2843802e+00
  -3.3552906e+00
  -3.4388497e+00
  -3.4924304e+00
  -3.5274856e+00
  -3.5458746e+00
  -3.5575542e+00
  -3.5575547e+00
  -3.5200088e+00
  -3.4420201e+00
  -3.3029766e+00
  -3.1409960e+00
  -2.9183816e+00
  -2.6318308e+00
  -2.4098110e+00
  -2.2415954e+00
  -2.1330386e+00
  -2.0553961e+00
  -1.9790590e+00
  -1.6080889e+00
  -7.6510882e-01
  -1.6064937e-01
  -1.1381425e+00
  -2.3364851e+00
  -2.3995162e+00
  -1.7977719e+00
  -6.6618109e-01
  -1.1329862e-01
  -1.0416827e+00
  -1.9416674e+00
  -2.9225284e+00
  -2.8026752e+00
  -2.6998959e+00
  -2.8902993e+00
  -3.3653285e+00
  -3.8242002e+00
  -4.2913730e+00
  -4.7620819e+00
  -4.8333602e+00
  -4.6405590e+00
  -4.7419575e+00
  -4.8942633e+00
  -4.9688552e+00
  -4.9825395e+00
  -4.9168200e+00
  -4.7507112e+00
  -4.3408606e+00
  -3.7156229e+00
  -2.7548918e+00
  -1.1741399e+00
   3.5716039e-01
   1.6870321e-01
  -2.0582606e+00
  -2.8596098e+00
  -1.5157159e+00
   1.9972475e-01
   2.0795429e+00
   1.7434580e+00
   1.0978122e+00
   7.5884622e-01
   5.1166663e-01
   1.0631987e-01
  -1.3238329e-01
  -4.1907766e-01
  -9.3277757e-01
  -1.0239307e+00
  -1.3182251e+00
  -3.0918793e+00
  -3.2246732e+00
  -3.3438784e+00
  -3.4308655e+00
  -3.4818957e+00
  -3.5498973e+00
  -3.6348032e+00
  -3.7051289e+00
  -3.7426763e+00
  -3.7477753e+00
  -3.7299419e+00
  -3.6966065e+00
  -3.6293708e+00
  -3.5274674e+00
  -3.3780885e+00
  -3.1445974e+00
  -2.8960733e+00
  -2.5866306e+00
  -2.1749031e+00
  -1.8520768e+00
  -1.6475293e+00
  -1.5798169e+00
  -1.6827275e+00
  -1.7489120e+00
  -1.3918394e+00
  -7.6278669e-01
  -2.1449765e-01
  -1.2099623e+00
  -2.1369568e+00
  -2.1742089e+00
  -1.9564034e+00
  -1.7453771e+00
  -1.8405344e+00
  -2.6248789e+00
  -3.1095575e+00
  -2.9963017e+00
  -2.6561533e+00
  -2.7682925e+00
  -3.1405699e+00
  -3.7063559e+00
  -4.2028874e+00
  -4.7141377e+00
  -5.2859722e+00
  -5.3097569e+00
  -4.7393098e+00
  -4.6059702e+00
  -4.6041819e+00
  -4.4660724e+00
  -4.1993057e+00
  -3.9043427e+00
  -3.5340430e+00
  -2.9399472e+00
  -2.2613045e+00
  -1.3875138e+00
  -2.9218785e-01
   5.2561827e-01
   5.3128386e-01
  -1.3930452e+00
  -1.7309519e+00
  -4.6262880e-01
   1.2901858e+00
   2.9146206e+00
   2.0619945e+00
   1.1944388e+00
   8.1419492e-01
   5.3913590e-01
   1.1033962e-01
  -1.9210086e-01
  -5.0470039e-01
  -1.1648345e+00
  -1.0371917e+00
  -1.2457134e+00
  -3.0588894e+00
  -3.3768268e+00
  -3.5652924e+00
  -3.7167039e+00
  -3.8297100e+00
  -3.9296856e+00
  -4.0302181e+00
  -4.1031890e+00
  -4.1452169e+00
  -4.1454210e+00
  -4.1139612e+00
  -4.0532656e+00
  -3.9342680e+00
  -3.7806718e+00
  -3.5716758e+00
  -3.2500234e+00
  -2.9139137e+00
  -2.5061584e+00
  -1.9507701e+00
  -1.4941444e+00
  -1.1573907e+00
  -7.3677480e-01
  -7.2823817e-01
  -1.4271011e+00
  -1.6739092e+00
  -1.1680722e+00
  -1.1863194e+00
  -2.0944657e+00
  -2.3039865e+00
  -2.0934737e+00
  -2.1094069e+00
  -2.2527044e+00
  -2.5660036e+00
  -3.1032934e+00
  -3.3138731e+00
  -3.1769443e+00
  -3.0945179e+00
  -3.3365879e+00
  -3.7053754e+00
  -4.1720715e+00
  -4.5567994e+00
  -4.9352741e+00
  -5.6129189e+00
  -6.0536671e+00
  -5.1766243e+00
  -4.8727393e+00
  -4.7901850e+00
  -4.5395851e+00
  -4.1104341e+00
  -3.6582203e+00
  -3.1080396e+00
  -2.2973456e+00
  -1.4949276e+00
  -6.3512832e-01
   2.7156758e-01
   8.8589942e-01
   8.1910115e-01
  -1.2026458e+00
  -1.1435840e+00
   3.9679536e-01
   2.1843023e+00
   3.3859611e+00
   2.0390131e+00
   1.1361279e+00
   8.0943346e-01
   5.3089458e-01
   1.0703698e-01
  -2.5781521e-01
  -6.0509956e-01
  -1.3208543e+00
  -1.2004917e+00
  -1.4638134e+00
  -3.0841670e+00
  -3.4904008e+00
  -3.7197776e+00
  -3.9125531e+00
  -4.0616484e+00
  -4.1825056e+00
  -4.2984800e+00
  -4.3783922e+00
  -4.4273772e+00
  -4.4296041e+00
  -4.3932738e+00
  -4.3195920e+00
  -4.1743331e+00
  -3.9936960e+00
  -3.7528481e+00
  -3.3841574e+00
  -3.0009871e+00
  -2.5373852e+00
  -1.8908178e+00
  -1.3314128e+00
  -8.6574864e-01
  -1.8180516e-01
  -1.8981503e-01
  -1.1733048e+00
  -1.7664120e+00
  -1.3824551e+00
  -1.6712705e+00
  -2.4764254e+00
  -2.3774300e+00
  -2.1027334e+00
  -2.2609696e+00
  -2.5793574e+00
  -2.9921277e+00
  -3.4203455e+00
  -3.5301466e+00
  -3.4270561e+00
  -3.4912851e+00
  -3.7867675e+00
  -4.1373711e+00
  -4.5289836e+00
  -4.8161249e+00
  -5.0402632e+00
  -5.5206547e+00
  -6.1318536e+00
  -5.4307489e+00
  -5.1114693e+00
  -4.9875307e+00
  -4.6751652e+00
  -4.1602879e+00
  -3.6290441e+00
  -2.9854951e+00
  -2.0506551e+00
  -1.1560721e+00
  -2.6290071e-01
   5.9242511e-01
   1.1192724e+00
   9.9264121e-01
  -1.1381738e+00
  -8.0547494e-01
   8.5569787e-01
   2.5917306e+00
   3.4345000e+00
   1.9505111e+00
   1.0962845e+00
   7.9902273e-01
   5.1299608e-01
   9.2026271e-02
  -3.0228844e-01
  -6.9743896e-01
  -1.6722221e+00
  -2.1881096e+00
  -3.0264088e+00
  -3.3316360e+00
  -3.7914476e+00
  -4.0902591e+00
  -4.3683549e+00
  -4.5763230e+00
  -4.7417376e+00
  -4.9123111e+00
  -5.0285751e+00
  -5.1090728e+00
  -5.1371859e+00
  -5.1071162e+00
  -5.0259047e+00
  -4.8557948e+00
  -4.6452263e+00
  -4.3656952e+00
  -3.9401951e+00
  -3.4985227e+00
  -2.9503157e+00
  -2.1201223e+00
  -1.2777737e+00
  -3.6109681e-01
   1.0205052e+00
   6.0795200e-01
  -4.5144437e-01
  -1.5847056e+00
  -1.6319700e+00
  -2.0871365e+00
  -2.4825441e+00
  -2.3868174e+00
  -2.3787031e+00
  -2.7978039e+00
  -3.2570255e+00
  -3.7043296e+00
  -4.1158926e+00
  -4.3340159e+00
  -4.5068989e+00
  -4.7945277e+00
  -5.0740053e+00
  -5.3200755e+00
  -5.5086184e+00
  -5.4859769e+00
  -5.1012950e+00
  -4.0598592e+00
  -4.6137087e+00
  -5.8428662e+00
  -5.8874874e+00
  -5.7222108e+00
  -5.3264157e+00
  -4.7126286e+00
  -4.1105836e+00
  -3.3674634e+00
  -2.2392815e+00
  -1.1012158e+00
   3.8869139e-02
   1.0814488e+00
   1.6092879e+00
   1.3032893e+00
  -1.2480923e+00
  -2.7207421e-01
   1.4117245e+00
   2.7315139e+00
   2.4663425e+00
   1.4578968e+00
   1.0039870e+00
   7.4663071e-01
   4.2307077e-01
   6.8679861e-03
  -4.0361465e-01
  -1.0051181e+00
  -2.0521469e+00
  -2.4950066e+00
  -3.2092676e+00
  -3.5098760e+00
  -3.9829774e+00
  -4.3282676e+00
  -4.6639824e+00
  -4.9023619e+00
  -5.0929785e+00
  -5.2846804e+00
  -5.4097080e+00
  -5.4945722e+00
  -5.5260553e+00
  -5.4932079e+00
  -5.4067416e+00
  -5.2330184e+00
  -5.0221386e+00
  -4.7460327e+00
  -4.3288941e+00
  -3.8937511e+00
  -3.3517623e+00
  -2.5087090e+00
  -1.5852989e+00
  -4.3000507e-01
   1.4427032e+00
   9.5931399e-01
  -2.1092844e-01
  -1.4733038e+00
  -1.6886029e+00
  -2.1081491e+00
  -2.3977146e+00
  -2.4104679e+00
  -2.5710621e+00
  -3.0991828e+00
  -3.6046152e+00
  -4.0757823e+00
  -4.5324945e+00
  -4.8204727e+00
  -5.0687299e+00
  -5.3870792e+00
  -5.6532364e+00
  -5.8779731e+00
  -6.0179601e+00
  -5.9241734e+00
  -5.4423375e+00
  -4.3332586e+00
  -5.1025548e+00
  -6.2937341e+00
  -6.2188253e+00
  -6.0282440e+00
  -5.6122003e+00
  -4.9927640e+00
  -4.3957319e+00
  -3.6706994e+00
  -2.5810940e+00
  -1.4528502e+00
  -2.2066763e-01
   1.0928230e+00
   1.7022847e+00
   1.2252899e+00
  -1.2881540e+00
   2.8012503e-02
   1.3683873e+00
   2.6226847e+00
   1.9967973e+00
   1.2322069e+00
   9.2472839e-01
   6.2199146e-01
   2.7312738e-01
  -1.2390487e-01
  -5.1861221e-01
  -1.2259966e+00
  -2.3384089e+00
  -2.7262440e+00
  -3.3470466e+00
  -3.6441746e+00
  -4.1272888e+00
  -4.5075998e+00
  -4.8867288e+00
  -5.1480227e+00
  -5.3576279e+00
  -5.5652490e+00
  -5.6968794e+00
  -5.7850342e+00
  -5.8190570e+00
  -5.7841158e+00
  -5.6936903e+00
  -5.5172458e+00
  -5.3061299e+00
  -5.0326052e+00
  -4.6217670e+00
  -4.1915441e+00
  -3.6542408e+00
  -2.8014975e+00
  -1.8170099e+00
  -4.8192537e-01
   1.7608167e+00
   1.2240545e+00
  -2.9707052e-02
  -1.3893661e+00
  -1.7312741e+00
  -2.1239817e+00
  -2.3337982e+00
  -2.4282880e+00
  -2.7159986e+00
  -3.3262625e+00
  -3.8665128e+00
  -4.3556604e+00
  -4.8463912e+00
  -5.1870031e+00
  -5.4920526e+00
  -5.8335490e+00
  -6.0896697e+00
  -6.2983313e+00
  -6.4017324e+00
  -6.2543411e+00
  -5.6993027e+00
  -4.5392570e+00
  -5.4708862e+00
  -6.6334496e+00
  -6.4684787e+00
  -6.2588310e+00
  -5.8275309e+00
  -5.2038383e+00
  -4.6105824e+00
  -3.8991790e+00
  -2.8386397e+00
  -1.7177961e+00
  -4.1622064e-01
   1.1013932e+00
   1.7723550e+00
   1.1665199e+00
  -1.3183390e+00
   2.5411871e-01
   1.3357341e+00
   2.5406857e+00
   1.6430094e+00
   1.0621569e+00
   8.6500949e-01
   5.2807951e-01
   1.6014966e-01
  -2.2243822e-01
  -6.0525924e-01
  -1.3924217e+00
  -2.2848775e+00
  -2.7793026e+00
  -3.1619761e+00
  -3.5297458e+00
  -3.9703164e+00
  -4.3822222e+00
  -4.8134251e+00
  -5.1112576e+00
  -5.3677354e+00
  -5.6178441e+00
  -5.7740469e+00
  -5.8800211e+00
  -5.9394650e+00
  -5.9270916e+00
  -5.8572226e+00
  -5.7084036e+00
  -5.5255585e+00
  -5.2852240e+00
  -4.9228139e+00
  -4.5431395e+00
  -4.0743895e+00
  -3.3399022e+00
  -2.4926014e+00
  -1.2711779e+00
   1.1090626e+00
   9.7843593e-01
  -1.6466361e-01
  -1.2232814e+00
  -1.5435094e+00
  -1.9144764e+00
  -1.9600475e+00
  -2.0983436e+00
  -2.5265837e+00
  -3.2092328e+00
  -3.7935452e+00
  -4.3195777e+00
  -4.8706894e+00
  -5.2758427e+00
  -5.6360087e+00
  -6.0359235e+00
  -6.3353729e+00
  -6.5849586e+00
  -6.7978377e+00
  -6.9058475e+00
  -6.9885068e+00
  -7.4172497e+00
  -8.1459465e+00
  -7.0537171e+00
  -6.6554937e+00
  -6.4207153e+00
  -6.0434833e+00
  -5.4894567e+00
  -4.9658041e+00
  -4.3598361e+00
  -3.5014439e+00
  -2.6065285e+00
  -1.4438204e+00
   3.0309731e-01
   1.1933870e+00
   1.0963839e+00
  -1.2691830e+00
   5.3698480e-01
   8.5432839e-01
   2.1734514e+00
   2.0214844e+00
   1.0381849e+00
   5.1265728e-01
   1.5127924e-01
  -2.3711212e-01
  -5.7430178e-01
  -1.0057998e+00
  -1.6672261e+00
  -2.3593445e+00
  -2.7487779e+00
  -3.0460916e+00
  -3.3940511e+00
  -3.8061318e+00
  -4.2042074e+00
  -4.6313686e+00
  -4.9377689e+00
  -5.2049699e+00
  -5.4678631e+00
  -5.6388578e+00
  -5.7620645e+00
  -5.8425121e+00
  -5.8495312e+00
  -5.7984505e+00
  -5.6711597e+00
  -5.5056539e+00
  -5.2833605e+00
  -4.9446616e+00
  -4.5928535e+00
  -4.1653228e+00
  -3.5239449e+00
  -2.8329244e+00
  -1.8677804e+00
   2.2353651e-01
   4.7603199e-01
  -3.6293951e-01
  -1.2699759e+00
  -1.4950141e+00
  -1.8902625e+00
  -1.8057569e+00
  -1.8185174e+00
  -2.2048469e+00
  -2.8546398e+00
  -3.4336388e+00
  -3.9649982e+00
  -4.5318594e+00
  -4.9620457e+00
  -5.3536968e+00
  -5.7990341e+00
  -6.1448860e+00
  -6.4443455e+00
  -6.7212720e+00
  -6.8969932e+00
  -7.0746474e+00
  -7.3994617e+00
  -7.6988783e+00
  -6.8486114e+00
  -6.6316752e+00
  -6.4269261e+00
  -6.1105423e+00
  -5.6311574e+00
  -5.1774244e+00
  -4.6562319e+00
  -3.9289773e+00
  -3.1793957e+00
  -2.1681879e+00
  -4.5432290e-01
   8.5219079e-01
   8.1937075e-01
  -1.2891390e+00
   3.9226583e-01
   5.3993565e-01
   1.8013004e+00
   1.9463823e+00
   8.9714855e-01
   2.6329380e-01
  -5.3490072e-02
  -4.0937629e-01
  -7.3482066e-01
  -1.1237634e+00
  -2.0235054e+00
  -2.4581765e+00
  -2.7082663e+00
  -2.8922901e+00
  -3.2139577e+00
  -3.5882271e+00
  -3.9679482e+00
  -4.3897441e+00
  -4.7075161e+00
  -4.9889481e+00
  -5.2688091e+00
  -5.4594353e+00
  -5.6055138e+00
  -5.7138366e+00
  -5.7465946e+00
  -5.7204495e+00
  -5.6217310e+00
  -5.4792368e+00
  -5.2808871e+00
  -4.9736577e+00
  -4.6588340e+00
  -4.2860089e+00
  -3.7682055e+00
  -3.2845991e+00
  -2.6595877e+00
  -9.5172813e-01
  -1.9075523e-01
  -6.2609003e-01
  -1.3319487e+00
  -1.4306516e+00
  -1.8581261e+00
  -1.6009839e+00
  -1.4471341e+00
  -1.7778401e+00
  -2.3840266e+00
  -2.9559735e+00
  -3.4944027e+00
  -4.0821674e+00
  -4.5455773e+00
  -4.9790143e+00
  -5.4846349e+00
  -5.8920739e+00
  -6.2577264e+00
  -6.6196548e+00
  -6.8852430e+00
  -7.1889735e+00
  -7.3758556e+00
  -7.1055335e+00
  -6.5763958e+00
  -6.6000621e+00
  -6.4351687e+00
  -6.1995432e+00
  -5.8192215e+00
  -5.4582859e+00
  -5.0496070e+00
  -4.4963979e+00
  -3.9397017e+00
  -3.1295641e+00
  -1.4595664e+00
   3.9935738e-01
   4.5172056e-01
  -1.3156246e+00
   2.0019580e-01
   1.2267577e-01
   1.3073844e+00
   1.8467076e+00
   7.0996619e-01
  -6.7659849e-02
  -3.2525864e-01
  -6.3800428e-01
  -9.4786021e-01
  -1.2803241e+00
  -2.4963576e+00
  -2.9977174e+00
  -3.0881150e+00
  -3.1524215e+00
  -3.3523853e+00
  -3.6172099e+00
  -3.9090471e+00
  -4.2608795e+00
  -4.5428476e+00
  -4.8011522e+00
  -5.0780821e+00
  -5.2818747e+00
  -5.4477644e+00
  -5.5844460e+00
  -5.6430931e+00
  -5.6486692e+00
  -5.6034174e+00
  -5.5214777e+00
  -5.4024706e+00
  -5.2136850e+00
  -5.0279999e+00
  -4.8221736e+00
  -4.5635061e+00
  -4.3634009e+00
  -4.1191435e+00
  -3.1036472e+00
  -1.7070719e+00
  -1.5545610e+00
  -2.3854766e+00
  -2.2420607e+00
  -2.4436028e+00
  -1.9668896e+00
  -1.5511997e+00
  -1.5003566e+00
  -1.6787817e+00
  -2.0821981e+00
  -2.5926061e+00
  -3.2063763e+00
  -3.6896820e+00
  -4.1402822e+00
  -4.6654348e+00
  -5.1068277e+00
  -5.5395651e+00
  -5.9988928e+00
  -6.3181210e+00
  -6.6082740e+00
  -6.7820468e+00
  -6.6441031e+00
  -6.4817019e+00
  -6.5845861e+00
  -6.5524673e+00
  -6.5035486e+00
  -6.3789120e+00
  -6.2327294e+00
  -6.0323648e+00
  -5.7417145e+00
  -5.4385061e+00
  -4.9064512e+00
  -3.5079155e+00
  -1.3376241e+00
  -8.7004423e-01
  -1.3779895e+00
  -3.6610302e-01
  -7.5189090e-01
  -4.0987509e-01
   4.0833133e-01
   2.6707289e-01
  -5.4503405e-01
  -7.5781906e-01
  -1.0104680e+00
  -1.2458358e+00
  -1.7542398e+00
  -2.8795638e+00
  -3.4333539e+00
  -3.4700196e+00
  -3.4828749e+00
  -3.6119778e+00
  -3.8125336e+00
  -4.0490770e+00
  -4.3522677e+00
  -4.6043663e+00
  -4.8403854e+00
  -5.1033311e+00
  -5.3028350e+00
  -5.4709902e+00
  -5.6207790e+00
  -5.6986494e+00
  -5.7315469e+00
  -5.7290816e+00
  -5.6922674e+00
  -5.6254530e+00
  -5.5066409e+00
  -5.3843017e+00
  -5.2408657e+00
  -5.0450196e+00
  -4.8904438e+00
  -4.7199974e+00
  -4.0442920e+00
  -2.9366825e+00
  -2.5681982e+00
  -3.0689683e+00
  -2.8493395e+00
  -2.5168059e+00
  -2.0821269e+00
  -2.0388119e+00
  -1.7933632e+00
  -1.6630644e+00
  -1.8808014e+00
  -2.3114276e+00
  -2.9282172e+00
  -3.4322731e+00
  -3.8958201e+00
  -4.4073005e+00
  -4.8062706e+00
  -5.2117515e+00
  -5.6918740e+00
  -6.0273933e+00
  -6.3208613e+00
  -6.5245237e+00
  -6.5020995e+00
  -6.5048032e+00
  -6.6736155e+00
  -6.7165875e+00
  -6.7472482e+00
  -6.7115612e+00
  -6.6270437e+00
  -6.4801784e+00
  -6.2487402e+00
  -6.0140295e+00
  -5.6045933e+00
  -4.4297037e+00
  -2.1378236e+00
  -1.4707510e+00
  -1.8354071e+00
  -8.7726182e-01
  -1.1524731e+00
  -1.2395563e+00
  -3.1061026e-01
   1.8906757e-02
  -8.5333598e-01
  -1.0084060e+00
  -1.1993538e+00
  -1.5844408e+00
  -2.4456370e+00
  -3.3543878e+00
  -4.2448695e+00
  -4.2159476e+00
  -4.1537007e+00
  -4.1633750e+00
  -4.2552672e+00
  -4.3959948e+00
  -4.6121748e+00
  -4.8081913e+00
  -5.0010394e+00
  -5.2326047e+00
  -5.4172757e+00
  -5.5833488e+00
  -5.7530633e+00
  -5.8659738e+00
  -5.9505486e+00
  -6.0276133e+00
  -6.0731304e+00
  -6.0980951e+00
  -6.0978590e+00
  -6.0747453e+00
  -6.0142923e+00
  -5.8682990e+00
  -5.7144036e+00
  -5.5742693e+00
  -5.4309490e+00
  -5.2296683e+00
  -4.5775402e+00
  -4.2655068e+00
  -3.9586329e+00
  -2.4698684e+00
  -2.2141164e+00
  -3.1323171e+00
  -2.5764098e+00
  -1.8878310e+00
  -1.7369206e+00
  -1.9927026e+00
  -2.6068683e+00
  -3.1517288e+00
  -3.6389768e+00
  -4.1114772e+00
  -4.3993796e+00
  -4.7167299e+00
  -5.2090490e+00
  -5.5625206e+00
  -5.8687137e+00
  -6.1466249e+00
  -6.3433548e+00
  -6.5935139e+00
  -6.8860393e+00
  -7.0541606e+00
  -7.2004136e+00
  -7.2765150e+00
  -7.2556069e+00
  -7.1557764e+00
  -6.9645402e+00
  -6.7949557e+00
  -6.5671768e+00
  -5.8109490e+00
  -3.3521322e+00
  -2.3757261e+00
  -2.8742596e+00
  -1.8542002e+00
  -1.7584962e+00
  -2.5296159e+00
  -1.4468849e+00
  -3.9317487e-01
  -1.3922574e+00
  -1.4299356e+00
  -1.4998984e+00
  -2.2601727e+00
  -3.8752462e+00
  -4.3147958e+00
  -5.2092870e+00
  -5.1531963e+00
  -5.0438760e+00
  -4.9541610e+00
  -4.9306822e+00
  -4.9518674e+00
  -5.0321301e+00
  -5.1317339e+00
  -5.2536362e+00
  -5.4330610e+00
  -5.5969381e+00
  -5.7625693e+00
  -5.9626411e+00
  -6.1194582e+00
  -6.2557801e+00
  -6.3962721e+00
  -6.4952936e+00
  -6.5687989e+00
  -6.6158909e+00
  -6.6188202e+00
  -6.5853614e+00
  -6.4914745e+00
  -6.3901796e+00
  -6.3062223e+00
  -6.2122492e+00
  -6.0757570e+00
  -5.7797617e+00
  -5.6432694e+00
  -4.3500299e+00
  -2.4849569e+00
  -3.4554636e+00
  -4.6523128e+00
  -3.8270721e+00
  -2.7164532e+00
  -2.1130888e+00
  -2.0188948e+00
  -2.5144013e+00
  -3.1293473e+00
  -3.7367558e+00
  -4.2638347e+00
  -4.3752327e+00
  -4.3689544e+00
  -4.7009862e+00
  -5.0491724e+00
  -5.3955596e+00
  -5.8123430e+00
  -6.1650496e+00
  -6.5278248e+00
  -6.9098210e+00
  -7.1611061e+00
  -7.3571329e+00
  -7.4692492e+00
  -7.4670687e+00
  -7.3952307e+00
  -7.2392892e+00
  -7.1107931e+00
  -6.9931549e+00
  -6.6187796e+00
  -4.5777187e+00
  -3.8227820e+00
  -4.5303305e+00
  -3.0966363e+00
  -2.9526810e+00
  -3.4857404e+00
  -2.4444830e+00
  -1.1463253e+00
  -2.1880368e+00
  -2.7990718e+00
  -2.8356244e+00
  -3.9449880e+00
  -5.2339554e+00
  -5.1765450e+00
  -5.7271338e+00
  -5.6666577e+00
  -5.5478182e+00
  -5.4183397e+00
  -5.3388422e+00
  -5.2962160e+00
  -5.2957292e+00
  -5.3334506e+00
  -5.4068456e+00
  -5.5467916e+00
  -5.6947282e+00
  -5.8583817e+00
  -6.0671101e+00
  -6.2373559e+00
  -6.3923645e+00
  -6.5567245e+00
  -6.6751873e+00
  -6.7678118e+00
  -6.8354712e+00
  -6.8516232e+00
  -6.8344045e+00
  -6.7731061e+00
  -6.7078745e+00
  -6.6581540e+00
  -6.5970259e+00
  -6.5076300e+00
  -6.3792706e+00
  -6.3409305e+00
  -4.7257914e+00
  -2.8473501e+00
  -4.5365915e+00
  -5.4286750e+00
  -4.4651184e+00
  -3.1555479e+00
  -2.3035400e+00
  -1.9998128e+00
  -2.4402032e+00
  -3.0944205e+00
  -3.7780170e+00
  -4.3713980e+00
  -4.4327597e+00
  -4.2721772e+00
  -4.4456329e+00
  -4.7574810e+00
  -5.0948510e+00
  -5.5567083e+00
  -5.9723303e+00
  -6.3853817e+00
  -6.8179379e+00
  -7.1152741e+00
  -7.3448548e+00
  -7.4926996e+00
  -7.5191665e+00
  -7.4798269e+00
  -7.3589821e+00
  -7.2491747e+00
  -7.1618834e+00
  -6.9619036e+00
  -5.4124902e+00
  -4.7694731e+00
  -5.1460843e+00
  -3.5858627e+00
  -3.3385913e+00
  -3.9888783e+00
  -2.9937130e+00
  -1.5455842e+00
  -2.5982671e+00
  -3.9777205e+00
  -4.2180262e+00
  -4.9541259e+00
  -5.8361314e+00
  -5.6628284e+00
  -6.4653597e+00
  -6.4228985e+00
  -6.3279589e+00
  -6.1741444e+00
  -6.0288922e+00
  -5.8961969e+00
  -5.7621208e+00
  -5.6875761e+00
  -5.6670569e+00
  -5.7234136e+00
  -5.8372722e+00
  -5.9939662e+00
  -6.1968589e+00
  -6.3621179e+00
  -6.5221265e+00
  -6.6962813e+00
  -6.8203700e+00
  -6.9237342e+00
  -7.0091921e+00
  -7.0423879e+00
  -7.0524674e+00
  -7.0485895e+00
  -7.0533645e+00
  -7.0621353e+00
  -7.0629222e+00
  -7.0699409e+00
  -7.1244527e+00
  -7.2352970e+00
  -5.6552820e+00
  -4.2065093e+00
  -7.0637393e+00
  -6.4407761e+00
  -5.2950284e+00
  -3.7676263e+00
  -2.5476145e+00
  -1.8937856e+00
  -2.2760506e+00
  -2.9901485e+00
  -3.8101030e+00
  -4.5859813e+00
  -4.6824105e+00
  -4.3481551e+00
  -4.1231108e+00
  -4.3034921e+00
  -4.5552391e+00
  -5.0112112e+00
  -5.4669716e+00
  -5.9274538e+00
  -6.4380740e+00
  -6.8043842e+00
  -7.0980354e+00
  -7.3357861e+00
  -7.4473093e+00
  -7.4958370e+00
  -7.4634137e+00
  -7.3722300e+00
  -7.2597243e+00
  -7.2354873e+00
  -7.0227031e+00
  -6.5225872e+00
  -5.3735204e+00
  -3.8602158e+00
  -3.2815753e+00
  -4.6817463e+00
  -3.8089411e+00
  -2.1025144e+00
  -3.1424949e+00
  -6.7126281e+00
  -7.7706077e+00
  -6.6411684e+00
  -6.3916367e+00
  -6.4121016e+00
  -6.7940588e+00
  -6.7741666e+00
  -6.7049522e+00
  -6.5637488e+00
  -6.4117870e+00
  -6.2596455e+00
  -6.0759673e+00
  -5.9404140e+00
  -5.8509307e+00
  -5.8235998e+00
  -5.8810334e+00
  -5.9989214e+00
  -6.1702399e+00
  -6.3151302e+00
  -6.4561071e+00
  -6.6133056e+00
  -6.7278748e+00
  -6.8277588e+00
  -6.9212847e+00
  -6.9715862e+00
  -7.0019855e+00
  -7.0224743e+00
  -7.0472136e+00
  -7.0794044e+00
  -7.1136422e+00
  -7.1473598e+00
  -7.1861176e+00
  -7.2854824e+00
  -6.9222670e+00
  -6.4839125e+00
  -7.3730574e+00
  -6.7026706e+00
  -5.6121426e+00
  -3.9660091e+00
  -2.3597710e+00
  -1.4299641e+00
  -2.0542517e+00
  -2.6623204e+00
  -3.3900247e+00
  -3.5854073e+00
  -3.3357003e+00
  -4.2646341e+00
  -4.2409406e+00
  -4.2859702e+00
  -4.3675404e+00
  -4.6338797e+00
  -4.9761820e+00
  -5.3800273e+00
  -5.8971844e+00
  -6.3068619e+00
  -6.6634626e+00
  -6.9972334e+00
  -7.1938415e+00
  -7.3257060e+00
  -7.4034667e+00
  -7.4126978e+00
  -7.3932867e+00
  -7.3918967e+00
  -7.3191409e+00
  -6.9465098e+00
  -5.8666024e+00
  -4.3033485e+00
  -3.5927086e+00
  -5.1052094e+00
  -4.2691545e+00
  -2.1120858e+00
  -2.7498512e+00
  -4.9050555e+00
  -7.1207957e+00
  -6.7972741e+00
  -6.6928568e+00
  -6.7308025e+00
  -6.9430428e+00
  -6.9365388e+00
  -6.8831911e+00
  -6.7553515e+00
  -6.6051385e+00
  -6.4461889e+00
  -6.2391095e+00
  -6.0721013e+00
  -5.9438391e+00
  -5.8640718e+00
  -5.8793333e+00
  -5.9615664e+00
  -6.1036572e+00
  -6.2341196e+00
  -6.3633547e+00
  -6.5098162e+00
  -6.6192519e+00
  -6.7167535e+00
  -6.8148928e+00
  -6.8757874e+00
  -6.9189858e+00
  -6.9533405e+00
  -6.9879309e+00
  -7.0327668e+00
  -7.0902734e+00
  -7.1460057e+00
  -7.1913805e+00
  -7.2868910e+00
  -7.4802580e+00
  -7.5295882e+00
  -7.4958296e+00
  -6.8204285e+00
  -5.8116813e+00
  -4.1434441e+00
  -2.2700505e+00
  -1.1023525e+00
  -1.8811500e+00
  -2.4323639e+00
  -3.0449719e+00
  -3.0163450e+00
  -2.6070608e+00
  -4.2265406e+00
  -4.3754172e+00
  -4.3393178e+00
  -4.3153119e+00
  -4.4392266e+00
  -4.6790618e+00
  -5.0139709e+00
  -5.5018516e+00
  -5.9228237e+00
  -6.3124485e+00
  -6.7063990e+00
  -6.9583818e+00
  -7.1441650e+00
  -7.2893481e+00
  -7.3586245e+00
  -7.3960323e+00
  -7.4097033e+00
  -7.3927813e+00
  -7.1247563e+00
  -6.1808596e+00
  -4.8037275e+00
  -4.1320925e+00
  -5.3268666e+00
  -4.5646586e+00
  -2.1299314e+00
  -2.4671171e+00
  -3.7493630e+00
  -6.3371296e+00
  -6.8571668e+00
  -6.8250686e+00
  -6.8725796e+00
  -6.9245186e+00
  -6.9316808e+00
  -6.8967640e+00
  -6.8043740e+00
  -6.6771860e+00
  -6.5288175e+00
  -6.3201860e+00
  -6.1386425e+00
  -5.9787017e+00
  -5.8350763e+00
  -5.7750558e+00
  -5.7740643e+00
  -5.8474116e+00
  -5.9544626e+00
  -6.0700361e+00
  -6.2030274e+00
  -6.3091314e+00
  -6.4030209e+00
  -6.5052275e+00
  -6.5785847e+00
  -6.6376038e+00
  -6.6839280e+00
  -6.7211860e+00
  -6.7743005e+00
  -6.8682471e+00
  -6.9693460e+00
  -7.0806467e+00
  -7.1831857e+00
  -7.3319300e+00
  -7.4647918e+00
  -7.3960125e+00
  -6.8011986e+00
  -6.0576418e+00
  -4.5460167e+00
  -2.2589825e+00
  -5.7353818e-01
  -1.5505576e+00
  -2.0661585e+00
  -2.3375034e+00
  -2.5264426e+00
  -2.1239423e+00
  -4.2301218e+00
  -4.7520486e+00
  -4.6300571e+00
  -4.4811720e+00
  -4.3487876e+00
  -4.3537080e+00
  -4.4872633e+00
  -4.8223615e+00
  -5.2013627e+00
  -5.6086698e+00
  -6.0759606e+00
  -6.4026241e+00
  -6.6600443e+00
  -6.8816643e+00
  -7.0139877e+00
  -7.1152852e+00
  -7.1499137e+00
  -7.0890090e+00
  -7.0351653e+00
  -6.5821888e+00
  -6.1948266e+00
  -5.9978763e+00
  -5.4435176e+00
  -4.9496154e+00
  -2.1932500e+00
  -1.9939348e+00
  -2.2607962e+00
  -4.0612666e+00
  -6.7970109e+00
  -6.7876847e+00
  -6.8419755e+00
  -6.4799683e+00
  -6.5010626e+00
  -6.4857222e+00
  -6.4301793e+00
  -6.3366654e+00
  -6.2120106e+00
  -6.0281002e+00
  -5.8639443e+00
  -5.7136557e+00
  -5.5666740e+00
  -5.4919370e+00
  -5.4612225e+00
  -5.4877151e+00
  -5.5604241e+00
  -5.6558836e+00
  -5.7749517e+00
  -5.8715408e+00
  -5.9561398e+00
  -6.0445301e+00
  -6.1096337e+00
  -6.1654312e+00
  -6.2078564e+00
  -6.2381899e+00
  -6.2812755e+00
  -6.3655669e+00
  -6.4650494e+00
  -6.5809652e+00
  -6.7355639e+00
  -6.8959237e+00
  -7.0290247e+00
  -6.9308759e+00
  -6.4985167e+00
  -6.0463860e+00
  -5.0019444e+00
  -2.7573034e+00
  -5.4107040e-01
  -5.9790199e-01
  -1.0984160e+00
  -1.3610735e+00
  -1.4855644e+00
  -1.3604976e+00
  -2.7317752e+00
  -4.6953062e+00
  -4.6913132e+00
  -4.5564637e+00
  -4.3665723e+00
  -4.2523293e+00
  -4.2338748e+00
  -4.3779625e+00
  -4.6251282e+00
  -4.9449819e+00
  -5.3615201e+00
  -5.6875384e+00
  -5.9683688e+00
  -6.2350433e+00
  -6.4059560e+00
  -6.5391733e+00
  -6.6206185e+00
  -6.5744764e+00
  -6.4723980e+00
  -6.0929606e+00
  -5.5444758e+00
  -5.1288498e+00
  -5.2381185e+00
  -5.0667289e+00
  -2.8531398e+00
  -2.0665185e+00
  -1.8849524e+00
  -3.1270398e+00
  -6.2804505e+00
  -6.2959406e+00
  -6.3878157e+00
  -5.9690393e+00
  -6.0029968e+00
  -6.0035070e+00
  -5.9738802e+00
  -5.9063548e+00
  -5.8061503e+00
  -5.6526950e+00
  -5.5134424e+00
  -5.3836244e+00
  -5.2507790e+00
  -5.1780165e+00
  -5.1387256e+00
  -5.1427310e+00
  -5.1916807e+00
  -5.2683185e+00
  -5.3702248e+00
  -5.4536603e+00
  -5.5268424e+00
  -5.6000656e+00
  -5.6519497e+00
  -5.6965092e+00
  -5.7280506e+00
  -5.7499374e+00
  -5.7839349e+00
  -5.8568710e+00
  -5.9510077e+00
  -6.0676616e+00
  -6.2478594e+00
  -6.4115700e+00
  -6.5363082e+00
  -6.4383868e+00
  -6.1400255e+00
  -5.8914789e+00
  -5.2765706e+00
  -3.3213937e+00
  -6.8445830e-01
  -1.3098625e-01
  -4.7834107e-01
  -6.1683456e-01
  -6.9577334e-01
  -7.8038411e-01
  -1.9017868e+00
  -4.5761164e+00
  -4.6251943e+00
  -4.4981358e+00
  -4.2955625e+00
  -4.1305683e+00
  -4.0273683e+00
  -4.0451787e+00
  -4.1877701e+00
  -4.4215257e+00
  -4.7680281e+00
  -5.0664261e+00
  -5.3419965e+00
  -5.6234792e+00
  -5.8144830e+00
  -5.9655575e+00
  -6.0742563e+00
  -6.0538691e+00
  -5.9596962e+00
  -5.6360773e+00
  -4.9782994e+00
  -4.3876655e+00
  -4.9185985e+00
  -5.0562599e+00
  -3.4763362e+00
  -2.1346029e+00
  -1.8775072e+00
  -2.8349025e+00
  -5.7273058e+00
  -5.7578548e+00
  -5.8687156e+00
  -4.8960634e+00
  -4.9526980e+00
  -4.9773418e+00
  -4.9795257e+00
  -4.9490803e+00
  -4.8963607e+00
  -4.8096802e+00
  -4.7294920e+00
  -4.6555675e+00
  -4.5771743e+00
  -4.5345537e+00
  -4.5124667e+00
  -4.5124166e+00
  -4.5330921e+00
  -4.5761122e+00
  -4.6403844e+00
  -4.6931436e+00
  -4.7413345e+00
  -4.7836844e+00
  -4.8026658e+00
  -4.8132537e+00
  -4.8131312e+00
  -4.8166036e+00
  -4.8348724e+00
  -4.8836059e+00
  -4.9617150e+00
  -5.0736375e+00
  -5.2604775e+00
  -5.4174632e+00
  -5.5127492e+00
  -5.4620780e+00
  -5.3725672e+00
  -5.3707720e+00
  -5.5100787e+00
  -4.4941228e+00
  -1.2342849e+00
  -1.4743792e-02
   1.4647367e-01
   4.2587742e-01
   4.0334965e-01
   2.8670914e-02
  -1.3865562e+00
  -4.2515218e+00
  -4.2984427e+00
  -4.1762710e+00
  -4.0205738e+00
  -3.8676446e+00
  -3.7102902e+00
  -3.5912596e+00
  -3.5788472e+00
  -3.6516340e+00
  -3.8349478e+00
  -4.0383461e+00
  -4.2586034e+00
  -4.5202951e+00
  -4.7201030e+00
  -4.8827672e+00
  -5.0121516e+00
  -5.0579394e+00
  -5.0675532e+00
  -4.8216541e+00
  -4.0387967e+00
  -3.1856773e+00
  -4.1327365e+00
  -4.8346118e+00
  -4.5989688e+00
  -2.2564753e+00
  -2.4461399e+00
  -3.2971019e+00
  -4.6214756e+00
  -4.6651224e+00
  -4.7825318e+00
  -3.2095323e+00
  -3.2829118e+00
  -3.3296041e+00
  -3.3586538e+00
  -3.3682585e+00
  -3.3738770e+00
  -3.3759875e+00
  -3.3824515e+00
  -3.3983488e+00
  -3.4189844e+00
  -3.4404390e+00
  -3.4689925e+00
  -3.5099235e+00
  -3.5378871e+00
  -3.5623217e+00
  -3.5910959e+00
  -3.6054819e+00
  -3.6068125e+00
  -3.5871179e+00
  -3.5537462e+00
  -3.5131321e+00
  -3.4583919e+00
  -3.4221344e+00
  -3.4067438e+00
  -3.4212813e+00
  -3.4701304e+00
  -3.5538349e+00
  -3.7012315e+00
  -3.8285182e+00
  -3.9234817e+00
  -3.9861534e+00
  -4.0568309e+00
  -4.1881771e+00
  -4.6089115e+00
  -4.9681883e+00
  -2.8974590e+00
  -5.7565171e-01
   2.6934481e-01
   5.2732790e-01
   6.0895514e-01
   1.1462118e-01
  -6.8046701e-01
  -2.4432464e+00
  -3.2874546e+00
  -3.3264611e+00
  -3.2524397e+00
  -3.1767163e+00
  -3.0641122e+00
  -2.9273419e+00
  -2.8480268e+00
  -2.8148403e+00
  -2.8445897e+00
  -2.9158850e+00
  -3.0155878e+00
  -3.1573293e+00
  -3.2773976e+00
  -3.3778937e+00
  -3.4606483e+00
  -3.5029078e+00
  -3.5475407e+00
  -3.4060633e+00
  -2.4769859e+00
  -1.0476618e+00
  -1.7345263e+00
  -3.3899827e+00
  -4.3242998e+00
  -2.6803803e+00
  -3.3112991e+00
  -3.2949705e+00
  -2.9487376e+00
  -2.9997804e+00
  -3.0836365e+00
  -1.7607816e+00
  -1.8298050e+00
  -1.8776855e+00
  -1.9133902e+00
  -1.9402279e+00
  -1.9792076e+00
  -2.0425622e+00
  -2.1119449e+00
  -2.1955135e+00
  -2.2995656e+00
  -2.3820228e+00
  -2.4599879e+00
  -2.5460229e+00
  -2.5944070e+00
  -2.6188622e+00
  -2.6305010e+00
  -2.6200701e+00
  -2.5876241e+00
  -2.5207765e+00
  -2.4481074e+00
  -2.3697145e+00
  -2.2758529e+00
  -2.2109368e+00
  -2.1685228e+00
  -2.1586578e+00
  -2.1873126e+00
  -2.2477055e+00
  -2.3604944e+00
  -2.4636318e+00
  -2.5561938e+00
  -2.6784577e+00
  -2.8374008e+00
  -3.0647418e+00
  -3.5968556e+00
  -4.3862714e+00
  -3.6066258e+00
  -1.7502334e+00
  -1.7911849e-02
   4.3455374e-01
   3.5967857e-01
  -1.3048176e-01
  -4.6475160e-01
  -1.5672469e+00
  -2.3728141e+00
  -2.4784491e+00
  -2.4775169e+00
  -2.4487597e+00
  -2.3795576e+00
  -2.2639196e+00
  -2.1679253e+00
  -2.0902405e+00
  -2.0354660e+00
  -2.0206516e+00
  -2.0290968e+00
  -2.0609021e+00
  -2.0952132e+00
  -2.1223292e+00
  -2.1383061e+00
  -2.1491489e+00
  -2.1865134e+00
  -2.1410923e+00
  -1.3799626e+00
  -3.3061469e-01
  -7.0188016e-01
  -2.3485012e+00
  -3.7266290e+00
  -2.6428747e+00
  -2.7299370e+00
  -2.2657456e+00
  -1.6058956e+00
  -1.6150282e+00
  -1.6553799e+00
  -1.2701434e-01
  -1.8129744e-01
  -2.2120702e-01
  -2.5580302e-01
  -2.9307029e-01
  -3.6088535e-01
  -4.8542267e-01
  -6.1972058e-01
  -7.7462608e-01
  -9.7188365e-01
  -1.1262600e+00
  -1.2630453e+00
  -1.4051379e+00
  -1.4839777e+00
  -1.5168387e+00
  -1.5161591e+00
  -1.4820149e+00
  -1.4148755e+00
  -1.2980750e+00
  -1.1840672e+00
  -1.0663240e+00
  -9.3243372e-01
  -8.3806777e-01
  -7.6617062e-01
  -7.3139405e-01
  -7.3986804e-01
  -7.7445668e-01
  -8.4783900e-01
  -9.2445862e-01
  -1.0131965e+00
  -1.1828542e+00
  -1.4154599e+00
  -1.7414165e+00
  -2.3307617e+00
  -3.2112746e+00
  -4.0289993e+00
  -3.4381385e+00
  -5.4786277e-01
   2.3557043e-01
  -1.4479616e-01
  -5.7415438e-01
  -4.2645827e-01
  -9.3460697e-01
  -1.3171437e+00
  -1.4602450e+00
  -1.5432714e+00
  -1.5573291e+00
  -1.5396733e+00
  -1.4669404e+00
  -1.3735318e+00
  -1.2700697e+00
  -1.1448307e+00
  -1.0472643e+00
  -9.5924830e-01
  -8.6345947e-01
  -7.9201031e-01
  -7.2589767e-01
  -6.5255463e-01
  -6.1308110e-01
  -6.2265962e-01
  -6.8889618e-01
  -2.7111852e-01
  -1.0914341e-01
  -7.6209277e-02
  -1.2786289e+00
  -2.8629191e+00
  -2.3899329e+00
  -1.3796633e+00
  -5.6625569e-01
  -1.4089257e-01
  -7.7450939e-02
  -6.1042134e-02
   2.4848453e+00
   2.4892182e+00
   2.4881346e+00
   2.4734036e+00
   2.4393395e+00
   2.3702008e+00
   2.2212154e+00
   2.0436562e+00
   1.8309413e+00
   1.5394432e+00
   1.2936015e+00
   1.0754123e+00
   8.5865122e-01
   7.3069636e-01
   6.5866104e-01
   6.3757353e-01
   6.7020066e-01
   7.5387280e-01
   9.1338909e-01
   1.0676986e+00
   1.2262878e+00
   1.4106409e+00
   1.5441486e+00
   1.6470626e+00
   1.7144524e+00
   1.7251755e+00
   1.7020807e+00
   1.6464484e+00
   1.5899306e+00
   1.5207341e+00
   1.3783942e+00
   1.1610141e+00
   8.2369967e-01
   2.4302595e-01
  -3.4697490e-01
  -9.7264084e-01
  -1.6925851e+00
  -1.2629445e+00
  -4.3828325e-01
  -5.8203312e-01
  -1.1609126e+00
  -9.6975146e-01
   1.2395913e-01
   3.7885331e-01
   1.8316612e-01
   1.0267183e-01
   1.1287229e-01
   1.3119845e-01
   1.6914857e-01
   2.4188049e-01
   3.5828890e-01
   5.3843987e-01
   7.1750877e-01
   9.1626553e-01
   1.1717813e+00
   1.3901844e+00
   1.6083730e+00
   1.8506173e+00
   1.9986555e+00
   2.0887323e+00
   1.9822465e+00
   1.7334506e+00
   1.1643378e+00
   1.5273784e+00
   8.0714089e-01
   2.4900617e-01
   9.0420949e-01
   1.5476570e+00
   1.9945756e+00
   2.2935341e+00
   2.3925437e+00
   2.4514825e+00
   3.7436941e+00
   3.8160434e+00
   3.8694754e+00
   3.9056830e+00
   3.8985362e+00
   3.8492119e+00
   3.7251058e+00
   3.5663929e+00
   3.3683858e+00
   3.0841281e+00
   2.8340809e+00
   2.6000533e+00
   2.3611124e+00
   2.2209282e+00
   2.1356478e+00
   2.1009378e+00
   2.1279626e+00
   2.2099972e+00
   2.3751109e+00
   2.5385232e+00
   2.7062545e+00
   2.9024553e+00
   3.0451579e+00
   3.1551006e+00
   3.2373376e+00
   3.2598546e+00
   3.2429261e+00
   3.1867225e+00
   3.1273813e+00
   3.0542631e+00
   2.9141617e+00
   2.7198467e+00
   2.4317813e+00
   1.9315259e+00
   1.4230887e+00
   8.6621571e-01
   1.6751087e-01
  -1.3368417e-01
  -1.9738591e-01
  -3.2871696e-01
  -2.4801946e-01
   6.2604800e-02
   9.1238433e-01
   1.2244529e+00
   1.1350191e+00
   1.1328958e+00
   1.1889840e+00
   1.2264122e+00
   1.2656825e+00
   1.3426065e+00
   1.4749624e+00
   1.6921302e+00
   1.9087975e+00
   2.1520138e+00
   2.4739697e+00
   2.7556181e+00
   3.0417557e+00
   3.3667986e+00
   3.5807652e+00
   3.7341154e+00
   3.7549846e+00
   3.5417962e+00
   3.0168691e+00
   3.0709069e+00
   3.0012014e+00
   2.7138393e+00
   2.8797789e+00
   3.2063286e+00
   3.4124558e+00
   3.5074272e+00
   3.5411763e+00
   3.6215653e+00
   5.0802932e+00
   5.1915350e+00
   5.2763376e+00
   5.3403268e+00
   5.3466592e+00
   5.3066454e+00
   5.1977844e+00
   5.0551438e+00
   4.8746901e+00
   4.6084099e+00
   4.3669901e+00
   4.1311717e+00
   3.8866160e+00
   3.7414196e+00
   3.6484828e+00
   3.6055679e+00
   3.6270998e+00
   3.7028193e+00
   3.8613122e+00
   4.0224161e+00
   4.1882391e+00
   4.3829198e+00
   4.5254116e+00
   4.6356401e+00
   4.7192173e+00
   4.7431631e+00
   4.7291231e+00
   4.6778898e+00
   4.6194181e+00
   4.5424180e+00
   4.3997269e+00
   4.2211766e+00
   3.9759450e+00
   3.5581930e+00
   3.1324606e+00
   2.6557705e+00
   2.0204799e+00
   1.4152223e+00
   9.3809873e-01
   8.0986547e-01
   1.1200457e+00
   1.4143876e+00
   1.9654753e+00
   2.2263169e+00
   2.2086971e+00
   2.2626848e+00
   2.3427091e+00
   2.3883049e+00
   2.4266624e+00
   2.5013311e+00
   2.6364188e+00
   2.8742681e+00
   3.1175199e+00
   3.3939872e+00
   3.7712781e+00
   4.1071858e+00
   4.4460444e+00
   4.8294468e+00
   5.0929742e+00
   5.2966766e+00
   5.4138613e+00
   5.2752771e+00
   4.8932500e+00
   4.7433634e+00
   4.9245820e+00
   4.8332305e+00
   4.7773871e+00
   4.8770571e+00
   4.9123034e+00
   4.8585148e+00
   4.8368630e+00
   4.9161077e+00
   6.4875641e+00
   6.6013222e+00
   6.6890478e+00
   6.7524581e+00
   6.7559867e+00
   6.7127867e+00
   6.6074047e+00
   6.4768944e+00
   6.3157620e+00
   6.0783262e+00
   5.8594007e+00
   5.6379881e+00
   5.4061251e+00
   5.2630229e+00
   5.1675358e+00
   5.1215024e+00
   5.1375980e+00
   5.2016850e+00
   5.3389530e+00
   5.4830942e+00
   5.6322775e+00
   5.8072019e+00
   5.9363537e+00
   6.0371914e+00
   6.1058955e+00
   6.1188564e+00
   6.1032319e+00
   6.0616570e+00
   6.0071516e+00
   5.9263582e+00
   5.7769189e+00
   5.6060653e+00
   5.3943882e+00
   5.0571218e+00
   4.7128310e+00
   4.3268576e+00
   3.7995481e+00
   3.3467581e+00
   2.9700449e+00
   2.8309617e+00
   2.9205170e+00
   3.0626440e+00
   3.2825143e+00
   3.3848789e+00
   3.3975759e+00
   3.4777362e+00
   3.5559373e+00
   3.5986667e+00
   3.6357374e+00
   3.7025833e+00
   3.8267913e+00
   4.0660758e+00
   4.3223977e+00
   4.6179533e+00
   5.0328860e+00
   5.4071202e+00
   5.7775216e+00
   6.1889358e+00
   6.4805908e+00
   6.7165966e+00
   6.8927393e+00
   6.8632593e+00
   6.7122164e+00
   6.5056343e+00
   6.5225725e+00
   6.5331416e+00
   6.5386887e+00
   6.5229197e+00
   6.4716229e+00
   6.3414145e+00
   6.2826457e+00
   6.3372750e+00
   8.1248348e+00
   8.1970973e+00
   8.2577500e+00
   8.2906439e+00
   8.2750349e+00
   8.2178267e+00
   8.1047449e+00
   7.9807288e+00
   7.8311785e+00
   7.6220384e+00
   7.4302646e+00
   7.2354262e+00
   7.0219149e+00
   6.8741674e+00
   6.7660372e+00
   6.7082340e+00
   6.7168747e+00
   6.7642429e+00
   6.8624941e+00
   6.9641058e+00
   7.0666698e+00
   7.1816881e+00
   7.2665652e+00
   7.3333268e+00
   7.3690916e+00
   7.3575692e+00
   7.3313225e+00
   7.2889731e+00
   7.2305827e+00
   7.1454492e+00
   6.9980699e+00
   6.8358822e+00
   6.6445826e+00
   6.3676539e+00
   6.1019254e+00
   5.8121559e+00
   5.4073223e+00
   5.0629699e+00
   4.7749453e+00
   4.5859920e+00
   4.5773324e+00
   4.6430875e+00
   4.7057599e+00
   4.7130792e+00
   4.7261652e+00
   4.7850477e+00
   4.8434848e+00
   4.8910747e+00
   4.9462242e+00
   5.0172052e+00
   5.1353259e+00
   5.3626733e+00
   5.6210410e+00
   5.9220435e+00
   6.3309462e+00
   6.6947613e+00
   7.0611272e+00
   7.4724049e+00
   7.7651542e+00
   8.0039211e+00
   8.2206788e+00
   8.2519344e+00
   8.2049438e+00
   8.2394184e+00
   8.2450223e+00
   8.2635991e+00
   8.2657774e+00
   8.2318694e+00
   8.1492752e+00
   8.0388484e+00
   8.0054007e+00
   8.0401351e+00
   9.0544834e+00
   9.0752144e+00
   9.0866394e+00
   9.0796194e+00
   9.0442333e+00
   8.9695959e+00
   8.8438606e+00
   8.7217541e+00
   8.5847073e+00
   8.4032345e+00
   8.2484837e+00
   8.1008043e+00
   7.9414539e+00
   7.8253908e+00
   7.7351990e+00
   7.6764493e+00
   7.6749325e+00
   7.7040744e+00
   7.7617803e+00
   7.8183479e+00
   7.8753481e+00
   7.9355316e+00
   7.9753022e+00
   8.0015411e+00
   8.0120850e+00
   7.9983912e+00
   7.9668374e+00
   7.9073753e+00
   7.8390198e+00
   7.7502589e+00
   7.6061997e+00
   7.4608154e+00
   7.2957463e+00
   7.0610557e+00
   6.8448730e+00
   6.6099524e+00
   6.3046541e+00
   6.0546551e+00
   5.8452992e+00
   5.6897116e+00
   5.6486068e+00
   5.6456122e+00
   5.6303301e+00
   5.5995536e+00
   5.5802131e+00
   5.6045175e+00
   5.6499968e+00
   5.7123237e+00
   5.8040066e+00
   5.9004297e+00
   6.0344553e+00
   6.2605247e+00
   6.5049639e+00
   6.7889771e+00
   7.1639109e+00
   7.4879637e+00
   7.8127956e+00
   8.1773710e+00
   8.4378958e+00
   8.6502781e+00
   8.8382864e+00
   8.9021378e+00
   8.9222898e+00
   9.0118742e+00
   9.0744686e+00
   9.1088734e+00
   9.1234007e+00
   9.1208544e+00
   9.0936155e+00
   9.0438786e+00
   9.0217276e+00
   9.0273361e+00
   9.3192806e+00
   9.3049192e+00
   9.2800140e+00
   9.2408419e+00
   9.1900415e+00
   9.1117468e+00
   8.9955149e+00
   8.8947544e+00
   8.7914534e+00
   8.6584349e+00
   8.5477142e+00
   8.4461107e+00
   8.3432703e+00
   8.2727509e+00
   8.2164593e+00
   8.1709404e+00
   8.1612740e+00
   8.1743994e+00
   8.2058916e+00
   8.2342453e+00
   8.2585602e+00
   8.2756653e+00
   8.2765551e+00
   8.2666245e+00
   8.2465553e+00
   8.2177687e+00
   8.1758518e+00
   8.1050205e+00
   8.0263681e+00
   7.9265976e+00
   7.7820091e+00
   7.6518059e+00
   7.5093017e+00
   7.3081822e+00
   7.1272945e+00
   6.9347982e+00
   6.6953402e+00
   6.5056720e+00
   6.3468933e+00
   6.2144661e+00
   6.1522951e+00
   6.1073389e+00
   6.0457406e+00
   5.9952950e+00
   5.9677005e+00
   5.9843893e+00
   6.0289965e+00
   6.1036658e+00
   6.2263136e+00
   6.3480406e+00
   6.5009604e+00
   6.7344794e+00
   6.9667444e+00
   7.2260923e+00
   7.5653243e+00
   7.8483629e+00
   8.1169853e+00
   8.4058628e+00
   8.6138697e+00
   8.7845659e+00
   8.9299250e+00
   8.9949436e+00
   9.0381813e+00
   9.1350670e+00
   9.2151079e+00
   9.2644730e+00
   9.2933416e+00
   9.3042774e+00
   9.3075686e+00
   9.3082390e+00
   9.3122721e+00
   9.3182163e+00
   8.9800606e+00
   8.9415398e+00
   8.8969803e+00
   8.8366022e+00
   8.7725945e+00
   8.6993217e+00
   8.6136303e+00
   8.5487461e+00
   8.4884815e+00
   8.4170618e+00
   8.3599720e+00
   8.3092985e+00
   8.2647486e+00
   8.2411060e+00
   8.2276602e+00
   8.2164526e+00
   8.2139044e+00
   8.2186365e+00
   8.2283039e+00
   8.2296057e+00
   8.2192192e+00
   8.1921139e+00
   8.1578884e+00
   8.1166992e+00
   8.0600033e+00
   8.0049152e+00
   7.9470930e+00
   7.8697758e+00
   7.7865667e+00
   7.6829276e+00
   7.5437989e+00
   7.4279170e+00
   7.3070731e+00
   7.1376352e+00
   6.9863434e+00
   6.8297963e+00
   6.6392069e+00
   6.4926114e+00
   6.3690982e+00
   6.2537684e+00
   6.1779714e+00
   6.1079922e+00
   6.0248461e+00
   5.9699554e+00
   5.9424152e+00
   5.9601588e+00
   6.0140672e+00
   6.1041245e+00
   6.2507758e+00
   6.3943691e+00
   6.5651236e+00
   6.8056469e+00
   7.0275259e+00
   7.2631741e+00
   7.5610366e+00
   7.7986393e+00
   8.0053444e+00
   8.2037439e+00
   8.3351374e+00
   8.4379187e+00
   8.5228777e+00
   8.5669994e+00
   8.6083794e+00
   8.6912489e+00
   8.7629881e+00
   8.8132219e+00
   8.8522234e+00
   8.8808928e+00
   8.9156361e+00
   8.9600687e+00
   8.9879551e+00
   8.9984550e+00
   7.9812922e+00
   7.9356308e+00
   7.8862319e+00
   7.8158607e+00
   7.7511230e+00
   7.6967297e+00
   7.6560450e+00
   7.6296020e+00
   7.6075706e+00
   7.6005764e+00
   7.6065002e+00
   7.6158061e+00
   7.6324787e+00
   7.6536546e+00
   7.6871538e+00
   7.7278399e+00
   7.7489133e+00
   7.7551417e+00
   7.7420597e+00
   7.7131625e+00
   7.6704445e+00
   7.6058164e+00
   7.5429144e+00
   7.4752970e+00
   7.3836560e+00
   7.3022939e+00
   7.2316628e+00
   7.1497993e+00
   7.0682369e+00
   6.9744897e+00
   6.8547230e+00
   6.7528860e+00
   6.6460309e+00
   6.5041127e+00
   6.3796112e+00
   6.2507467e+00
   6.0993981e+00
   5.9911382e+00
   5.8990965e+00
   5.7974710e+00
   5.7143004e+00
   5.6336079e+00
   5.5477633e+00
   5.5014728e+00
   5.4821835e+00
   5.5073285e+00
   5.5722220e+00
   5.6726608e+00
   5.8308573e+00
   5.9877117e+00
   6.1698008e+00
   6.4114075e+00
   6.6193916e+00
   6.8284469e+00
   7.0718441e+00
   7.2509585e+00
   7.3904719e+00
   7.4987473e+00
   7.5451418e+00
   7.5636959e+00
   7.5685315e+00
   7.5713158e+00
   7.5913606e+00
   7.6409512e+00
   7.6850634e+00
   7.7273555e+00
   7.7778273e+00
   7.8324595e+00
   7.8977900e+00
   7.9686251e+00
   8.0058022e+00
   8.0136194e+00
   6.3631992e+00
   6.3259375e+00
   6.2807727e+00
   6.2196484e+00
   6.1775534e+00
   6.1579146e+00
   6.1597347e+00
   6.1636708e+00
   6.1770382e+00
   6.2311749e+00
   6.2981379e+00
   6.3710613e+00
   6.4596119e+00
   6.5300290e+00
   6.6034474e+00
   6.6827183e+00
   6.7225663e+00
   6.7314382e+00
   6.6997609e+00
   6.6440245e+00
   6.5749140e+00
   6.4828310e+00
   6.3956172e+00
   6.3028069e+00
   6.1887627e+00
   6.1011627e+00
   6.0303426e+00
   5.9440498e+00
   5.8665908e+00
   5.7925487e+00
   5.7041841e+00
   5.6171206e+00
   5.5186200e+00
   5.4021902e+00
   5.3053254e+00
   5.2058449e+00
   5.0962992e+00
   5.0203193e+00
   4.9511271e+00
   4.8614635e+00
   4.7862515e+00
   4.7148857e+00
   4.6415143e+00
   4.6088909e+00
   4.6018572e+00
   4.6386509e+00
   4.7101559e+00
   4.8092308e+00
   4.9601250e+00
   5.1161922e+00
   5.2998328e+00
   5.5320563e+00
   5.7149475e+00
   5.8830452e+00
   6.0552030e+00
   6.1604674e+00
   6.2254300e+00
   6.2496023e+00
   6.2265370e+00
   6.1781588e+00
   6.1048555e+00
   6.0559189e+00
   6.0336366e+00
   6.0288835e+00
   6.0439646e+00
   6.0801907e+00
   6.1427674e+00
   6.2147429e+00
   6.2908859e+00
   6.3597212e+00
   6.3901746e+00
   6.3925924e+00
   4.3345098e+00
   4.3057685e+00
   4.2731514e+00
   4.2493520e+00
   4.2449656e+00
   4.2556586e+00
   4.2764378e+00
   4.3032866e+00
   4.3602719e+00
   4.4709744e+00
   4.5820909e+00
   4.7021990e+00
   4.8513865e+00
   4.9642200e+00
   5.0582948e+00
   5.1393013e+00
   5.1742992e+00
   5.1791849e+00
   5.1396832e+00
   5.0693374e+00
   4.9789524e+00
   4.8534656e+00
   4.7421141e+00
   4.6378117e+00
   4.5292091e+00
   4.4526024e+00
   4.3811154e+00
   4.2862720e+00
   4.2127695e+00
   4.1609325e+00
   4.1036983e+00
   4.0351429e+00
   3.9591162e+00
   3.8769169e+00
   3.8127027e+00
   3.7549305e+00
   3.6914470e+00
   3.6340621e+00
   3.5732000e+00
   3.5022554e+00
   3.4545746e+00
   3.4112005e+00
   3.3665974e+00
   3.3519564e+00
   3.3593123e+00
   3.4068184e+00
   3.4760039e+00
   3.5622180e+00
   3.6937978e+00
   3.8374076e+00
   4.0069141e+00
   4.2090130e+00
   4.3575892e+00
   4.4837675e+00
   4.5859022e+00
   4.6174593e+00
   4.6131983e+00
   4.5700998e+00
   4.5059876e+00
   4.4248242e+00
   4.3106508e+00
   4.2235050e+00
   4.1504989e+00
   4.0910912e+00
   4.0856552e+00
   4.1082640e+00
   4.1594481e+00
   4.2205057e+00
   4.2820120e+00
   4.3316584e+00
   4.3488312e+00
   4.3500247e+00
   2.1842926e+00
   2.1668208e+00
   2.1615317e+00
   2.1732368e+00
   2.1819177e+00
   2.1910393e+00
   2.2171779e+00
   2.2733753e+00
   2.3696077e+00
   2.5138302e+00
   2.6386023e+00
   2.7656982e+00
   2.9201102e+00
   3.0406818e+00
   3.1429718e+00
   3.2265198e+00
   3.2575455e+00
   3.2545877e+00
   3.2017822e+00
   3.1241543e+00
   3.0232751e+00
   2.8861768e+00
   2.7871146e+00
   2.7025182e+00
   2.6062620e+00
   2.5282164e+00
   2.4487414e+00
   2.3612006e+00
   2.3092086e+00
   2.2730207e+00
   2.2237141e+00
   2.1810250e+00
   2.1501927e+00
   2.1148889e+00
   2.0889757e+00
   2.0712240e+00
   2.0420656e+00
   2.0089915e+00
   1.9781502e+00
   1.9505637e+00
   1.9342799e+00
   1.9182941e+00
   1.9059082e+00
   1.9116036e+00
   1.9342275e+00
   1.9837172e+00
   2.0416729e+00
   2.1165745e+00
   2.2369339e+00
   2.3655703e+00
   2.5074928e+00
   2.6658127e+00
   2.7820909e+00
   2.8711720e+00
   2.9054174e+00
   2.8798840e+00
   2.8314934e+00
   2.7495718e+00
   2.6594899e+00
   2.5558634e+00
   2.4271801e+00
   2.3262839e+00
   2.2354484e+00
   2.1571109e+00
   2.1256309e+00
   2.1110458e+00
   2.1170497e+00
   2.1464095e+00
   2.1793454e+00
   2.1956732e+00
   2.1955578e+00
   2.1948814e+00
   1.3655193e-01
   1.4309552e-01
   1.6012326e-01
   1.7038161e-01
   1.7157274e-01
   1.8425015e-01
   2.3440187e-01
   3.1433457e-01
   4.2041111e-01
   5.5398405e-01
   6.5671986e-01
   7.5915504e-01
   8.8868451e-01
   9.9282920e-01
   1.0886204e+00
   1.1775711e+00
   1.2095288e+00
   1.2021372e+00
   1.1589524e+00
   1.1051161e+00
   1.0394410e+00
   9.6609455e-01
   9.1563094e-01
   8.5546201e-01
   7.6368231e-01
   6.8930262e-01
   6.2273395e-01
   5.6221062e-01
   5.3180271e-01
   4.9837708e-01
   4.5144469e-01
   4.3370417e-01
   4.3370399e-01
   4.3526843e-01
   4.4169170e-01
   4.5167708e-01
   4.5913938e-01
   4.6883041e-01
   4.8569661e-01
   5.0653225e-01
   5.1905823e-01
   5.2747774e-01
   5.3860724e-01
   5.5676019e-01
   5.8233666e-01
   6.2732631e-01
   6.9102526e-01
   7.7239209e-01
   8.8324565e-01
   9.9318498e-01
   1.1055851e+00
   1.2126887e+00
   1.2655748e+00
   1.2730435e+00
   1.2293394e+00
   1.1734142e+00
   1.1055074e+00
   9.9615461e-01
   8.7970161e-01
   7.5470263e-01
   6.1145067e-01
   5.0828761e-01
   4.2650425e-01
   3.4946415e-01
   2.9402629e-01
   2.4729209e-01
   2.1370035e-01
   2.0523742e-01
   1.9206505e-01
   1.5765080e-01
   1.4168827e-01
   1.3952573e-01
  -1.4003205e+00
  -1.3967725e+00
  -1.3920336e+00
  -1.3949403e+00
  -1.3858000e+00
  -1.3577951e+00
  -1.3019328e+00
  -1.2402850e+00
  -1.1743875e+00
  -1.1079032e+00
  -1.0625894e+00
  -1.0119579e+00
  -9.2786741e-01
  -8.4850496e-01
  -7.7771628e-01
  -7.1886736e-01
  -6.8568915e-01
  -6.5564036e-01
  -6.2850136e-01
  -6.2726647e-01
  -6.3999277e-01
  -6.6415668e-01
  -7.0192838e-01
  -7.5766903e-01
  -8.3338916e-01
  -8.9184499e-01
  -9.3924618e-01
  -9.7519577e-01
  -9.9562621e-01
  -1.0188513e+00
  -1.0401750e+00
  -1.0361310e+00
  -1.0096756e+00
  -9.5969003e-01
  -9.1942322e-01
  -8.8137984e-01
  -8.2320291e-01
  -7.6553237e-01
  -7.1089453e-01
  -6.5284157e-01
  -6.1133504e-01
  -5.7508308e-01
  -5.3101081e-01
  -4.9875095e-01
  -4.7113478e-01
  -4.2259395e-01
  -3.5950208e-01
  -2.9053894e-01
  -2.1058966e-01
  -1.4953949e-01
  -1.0783282e-01
  -9.9407867e-02
  -1.2884142e-01
  -1.7894956e-01
  -2.4591346e-01
  -3.0169719e-01
  -3.6998650e-01
  -4.8122147e-01
  -5.8745158e-01
  -6.9942009e-01
  -8.3109415e-01
  -9.2664492e-01
  -1.0104904e+00
  -1.1078640e+00
  -1.1819255e+00
  -1.2375191e+00
  -1.2779706e+00
  -1.2982032e+00
  -1.3229929e+00
  -1.3612192e+00
  -1.3818645e+00
  -1.3928869e+00
  -2.1580293e+00
  -2.1654119e+00
  -2.1744854e+00
  -2.1881704e+00
  -2.1921902e+00
  -2.1898656e+00
  -2.1861029e+00
  -2.1839929e+00
  -2.1836870e+00
  -2.1869817e+00
  -2.1800246e+00
  -2.1534731e+00
  -2.1006234e+00
  -2.0503356e+00
  -2.0013709e+00
  -1.9485042e+00
  -1.9056700e+00
  -1.8631053e+00
  -1.8239583e+00
  -1.8070874e+00
  -1.7985828e+00
  -1.7998637e+00
  -1.8168075e+00
  -1.8488626e+00
  -1.8934641e+00
  -1.9203112e+00
  -1.9341117e+00
  -1.9425434e+00
  -1.9466811e+00
  -1.9479394e+00
  -1.9391298e+00
  -1.9140683e+00
  -1.8701972e+00
  -1.7946959e+00
  -1.7227575e+00
  -1.6512005e+00
  -1.5698738e+00
  -1.5033627e+00
  -1.4364318e+00
  -1.3581991e+00
  -1.2972487e+00
  -1.2408402e+00
  -1.1797347e+00
  -1.1302000e+00
  -1.0796671e+00
  -1.0266218e+00
  -9.9399602e-01
  -9.7244853e-01
  -9.5771003e-01
  -9.5583957e-01
  -9.7279537e-01
  -1.0166860e+00
  -1.0562415e+00
  -1.0914448e+00
  -1.1357609e+00
  -1.1815690e+00
  -1.2382736e+00
  -1.3231685e+00
  -1.4048849e+00
  -1.4949574e+00
  -1.6062274e+00
  -1.6985754e+00
  -1.7913619e+00
  -1.8915700e+00
  -1.9548750e+00
  -1.9999070e+00
  -2.0426953e+00
  -2.0808270e+00
  -2.1159992e+00
  -2.1377828e+00
  -2.1419587e+00
  -2.1472523e+00
  -2.2231884e+00
  -2.2353759e+00
  -2.2548146e+00
  -2.2841160e+00
  -2.3108685e+00
  -2.3389668e+00
  -2.3734090e+00
  -2.4022784e+00
  -2.4281278e+00
  -2.4471772e+00
  -2.4451444e+00
  -2.4282086e+00
  -2.3999550e+00
  -2.3723674e+00
  -2.3385141e+00
  -2.2909648e+00
  -2.2533088e+00
  -2.2231717e+00
  -2.1981153e+00
  -2.1828036e+00
  -2.1684818e+00
  -2.1527026e+00
  -2.1456740e+00
  -2.1460302e+00
  -2.1515160e+00
  -2.1537256e+00
  -2.1531808e+00
  -2.1533175e+00
  -2.1487851e+00
  -2.1346838e+00
  -2.1000097e+00
  -2.0552227e+00
  -2.0003114e+00
  -1.9294925e+00
  -1.8725103e+00
  -1.8169197e+00
  -1.7460823e+00
  -1.6824918e+00
  -1.6162852e+00
  -1.5386338e+00
  -1.4799693e+00
  -1.4266121e+00
  -1.3647480e+00
  -1.3106461e+00
  -1.2581418e+00
  -1.2111155e+00
  -1.1926664e+00
  -1.1914227e+00
  -1.2095211e+00
  -1.2402564e+00
  -1.2811610e+00
  -1.3321946e+00
  -1.3668045e+00
  -1.3940430e+00
  -1.4218098e+00
  -1.4501393e+00
  -1.4900806e+00
  -1.5558447e+00
  -1.6183293e+00
  -1.6800933e+00
  -1.7525167e+00
  -1.8158352e+00
  -1.8795145e+00
  -1.9499716e+00
  -2.0014706e+00
  -2.0492363e+00
  -2.1034749e+00
  -2.1430914e+00
  -2.1762972e+00
  -2.2035189e+00
  -2.2138255e+00
  -2.2176285e+00
  -1.8776790e+00
  -1.9019039e+00
  -1.9286894e+00
  -1.9624441e+00
  -1.9917984e+00
  -2.0227740e+00
  -2.0592880e+00
  -2.0852888e+00
  -2.1054311e+00
  -2.1216161e+00
  -2.1295314e+00
  -2.1333845e+00
  -2.1324358e+00
  -2.1253633e+00
  -2.1144373e+00
  -2.0988402e+00
  -2.0828238e+00
  -2.0647438e+00
  -2.0399659e+00
  -2.0153422e+00
  -1.9881939e+00
  -1.9520857e+00
  -1.9220504e+00
  -1.8962330e+00
  -1.8738732e+00
  -1.8607708e+00
  -1.8498232e+00
  -1.8341064e+00
  -1.8154920e+00
  -1.7906351e+00
  -1.7520825e+00
  -1.7137889e+00
  -1.6736935e+00
  -1.6256317e+00
  -1.5839199e+00
  -1.5383003e+00
  -1.4779398e+00
  -1.4240773e+00
  -1.3688090e+00
  -1.3024867e+00
  -1.2478615e+00
  -1.1943473e+00
  -1.1333164e+00
  -1.0887932e+00
  -1.0522230e+00
  -1.0226146e+00
  -1.0118577e+00
  -1.0134835e+00
  -1.0312092e+00
  -1.0546219e+00
  -1.0812176e+00
  -1.1131892e+00
  -1.1377983e+00
  -1.1609734e+00
  -1.1909387e+00
  -1.2218788e+00
  -1.2596712e+00
  -1.3102777e+00
  -1.3526301e+00
  -1.3935345e+00
  -1.4438703e+00
  -1.4897299e+00
  -1.5375328e+00
  -1.5967455e+00
  -1.6455472e+00
  -1.6916038e+00
  -1.7395705e+00
  -1.7719252e+00
  -1.7968198e+00
  -1.8194301e+00
  -1.8360714e+00
  -1.8532163e+00
  -1.0239881e+00
  -1.0524962e+00
  -1.0802310e+00
  -1.1116838e+00
  -1.1363494e+00
  -1.1597693e+00
  -1.1855578e+00
  -1.2052496e+00
  -1.2238196e+00
  -1.2437387e+00
  -1.2574911e+00
  -1.2682592e+00
  -1.2768875e+00
  -1.2801572e+00
  -1.2799878e+00
  -1.2747972e+00
  -1.2662881e+00
  -1.2540983e+00
  -1.2344508e+00
  -1.2138856e+00
  -1.1905415e+00
  -1.1602690e+00
  -1.1351515e+00
  -1.1109991e+00
  -1.0836926e+00
  -1.0623484e+00
  -1.0412024e+00
  -1.0141681e+00
  -9.8941529e-01
  -9.6281803e-01
  -9.2963010e-01
  -9.0127648e-01
  -8.7156940e-01
  -8.3294439e-01
  -7.9800775e-01
  -7.6062620e-01
  -7.1364635e-01
  -6.7441294e-01
  -6.3601679e-01
  -5.9164912e-01
  -5.5641722e-01
  -5.2333581e-01
  -4.8713565e-01
  -4.6014083e-01
  -4.3646967e-01
  -4.1417205e-01
  -4.0120415e-01
  -3.9305267e-01
  -3.8986212e-01
  -3.9207406e-01
  -3.9771315e-01
  -4.0838972e-01
  -4.2079649e-01
  -4.3648493e-01
  -4.6028239e-01
  -4.8437989e-01
  -5.1214987e-01
  -5.4915017e-01
  -5.8167957e-01
  -6.1439872e-01
  -6.5362722e-01
  -6.8595979e-01
  -7.1773380e-01
  -7.5459617e-01
  -7.8387007e-01
  -8.1176716e-01
  -8.4421200e-01
  -8.7117620e-01
  -8.9835560e-01
  -9.3208015e-01
  -9.6086795e-01
  -9.8967785e-01
