   0.0000000e+00
   0.0000000e+00
   0.0000000e+00
   0.0000000e+00
   0.0000000e+00
   0.0000000e+00
   0.0000000e+00
   0.0000000e+00
   0.0000000e+00
   0.0000000e+00
   0.0000000e+00
   0.0000000e+00
   0.0000000e+00
   0.0000000e+00
   0.0000000e+00
   0.0000000e+00
   0.0000000e+00
   0.0000000e+00
   0.0000000e+00
   0.0000000e+00
   0.0000000e+00
   0.0000000e+00
   0.0000000e+00
   0.0000000e+00
   0.0000000e+00
   0.0000000e+00
   0.0000000e+00
   0.0000000e+00
   0.0000000e+00
   0.0000000e+00
   0.0000000e+00
   0.0000000e+00
   0.0000000e+00
   0.0000000e+00
   0.0000000e+00
   0.0000000e+00
   0.0000000e+00
   0.0000000e+00
   0.0000000e+00
   0.0000000e+00
   0.0000000e+00
   0.0000000e+00
   0.0000000e+00
   0.0000000e+00
   0.0000000e+00
   0.0000000e+00
   0.0000000e+00
   0.0000000e+00
   0.0000000e+00
   0.0000000e+00
   0.0000000e+00
   0.0000000e+00
   0.0000000e+00
   0.0000000e+00
   0.0000000e+00
   0.0000000e+00
   0.0000000e+00
   0.0000000e+00
   0.0000000e+00
   0.0000000e+00
   0.0000000e+00
   0.0000000e+00
   0.0000000e+00
   0.0000000e+00
   0.0000000e+00
   0.0000000e+00
   0.0000000e+00
   0.0000000e+00
   0.0000000e+00
   0.0000000e+00
   0.0000000e+00
   0.0000000e+00
   0.0000000e+00
   0.0000000e+00
   0.0000000e+00
   0.0000000e+00
   0.0000000e+00
   0.0000000e+00
   0.0000000e+00
   0.0000000e+00
   0.0000000e+00
   0.0000000e+00
   0.0000000e+00
   0.0000000e+00
   0.0000000e+00
   0.0000000e+00
   0.0000000e+00
   0.0000000e+00
   0.0000000e+00
  -0.0000000e+00
  -0.0000000e+00
   4.3658621e-03
   6.8902181e-03
  -5.3056359e-03
  -1.3566591e-02
  -1.7042696e-02
  -1.6773823e-02
  -1.6338408e-02
  -1.6517805e-02
  -1.6542409e-02
  -1.5837718e-02
  -1.5061091e-02
  -1.4753691e-02
  -1.4779725e-02
  -1.4821269e-02
  -1.5125590e-02
  -1.5777306e-02
  -1.6653417e-02
  -1.7294745e-02
  -1.7193537e-02
  -1.6924778e-02
  -1.6805225e-02
  -1.6206487e-02
  -1.4951344e-02
  -1.5900931e-02
  -2.3689149e-02
  -4.0971319e-02
  -6.5446126e-02
  -5.8055389e-02
   0.0000000e+00
   0.0000000e+00
   0.0000000e+00
   0.0000000e+00
   0.0000000e+00
   0.0000000e+00
   0.0000000e+00
   0.0000000e+00
   0.0000000e+00
   0.0000000e+00
   0.0000000e+00
   0.0000000e+00
   0.0000000e+00
   0.0000000e+00
   0.0000000e+00
   0.0000000e+00
   0.0000000e+00
   0.0000000e+00
   0.0000000e+00
   0.0000000e+00
   0.0000000e+00
   0.0000000e+00
   0.0000000e+00
   0.0000000e+00
   0.0000000e+00
   0.0000000e+00
   0.0000000e+00
   0.0000000e+00
   0.0000000e+00
   0.0000000e+00
   0.0000000e+00
   0.0000000e+00
   0.0000000e+00
   0.0000000e+00
   0.0000000e+00
   0.0000000e+00
   0.0000000e+00
   0.0000000e+00
   0.0000000e+00
   0.0000000e+00
   0.0000000e+00
   0.0000000e+00
   0.0000000e+00
   0.0000000e+00
   1.9404621e-02
   5.3008018e-03
  -1.3328144e-02
  -1.9471094e-02
  -2.2048491e-02
  -2.3245371e-02
  -2.3561803e-02
  -2.1918673e-02
  -1.7563224e-02
  -1.4113012e-02
  -1.1567642e-02
  -8.1643420e-03
  -4.8532616e-03
  -2.3018257e-03
  -5.0084156e-04
   8.7840692e-04
   2.0657284e-03
   2.2291066e-03
   1.4943811e-03
   9.9811282e-04
   1.0823114e-03
   9.1723603e-04
  -1.2870482e-04
  -1.5672469e-03
  -1.7941861e-03
  -2.9615568e-03
  -1.4043892e-02
  -3.3752165e-02
  -4.3665403e-02
   0.0000000e+00
   0.0000000e+00
   0.0000000e+00
   0.0000000e+00
   0.0000000e+00
   0.0000000e+00
   0.0000000e+00
   0.0000000e+00
   0.0000000e+00
   0.0000000e+00
   0.0000000e+00
   0.0000000e+00
   0.0000000e+00
   0.0000000e+00
   0.0000000e+00
   0.0000000e+00
   0.0000000e+00
   0.0000000e+00
   0.0000000e+00
   0.0000000e+00
   0.0000000e+00
   0.0000000e+00
   0.0000000e+00
   0.0000000e+00
   0.0000000e+00
   0.0000000e+00
   0.0000000e+00
   0.0000000e+00
   0.0000000e+00
   0.0000000e+00
   0.0000000e+00
   0.0000000e+00
   0.0000000e+00
   0.0000000e+00
   0.0000000e+00
   0.0000000e+00
   0.0000000e+00
   0.0000000e+00
   0.0000000e+00
   0.0000000e+00
   0.0000000e+00
   0.0000000e+00
   0.0000000e+00
   2.9507187e-02
   4.7606874e-03
  -1.1697423e-02
  -2.2824182e-02
  -3.0030749e-02
  -3.1405198e-02
  -3.0278295e-02
  -2.7068007e-02
  -2.1280770e-02
  -1.7184732e-02
  -1.2887188e-02
  -7.3538433e-03
  -3.7834812e-03
  -5.1743127e-04
   2.9078573e-03
   4.3091196e-03
   5.1222471e-03
   5.7047786e-03
   5.1529657e-03
   4.1467194e-03
   3.2549624e-03
   2.2879999e-03
   6.1930288e-04
  -1.3827227e-03
  -2.3554400e-03
  -4.5115611e-03
  -9.0220345e-03
  -1.3604887e-02
  -2.0629053e-02
  -5.3208133e-02
  -5.0829919e-02
   0.0000000e+00
   0.0000000e+00
   0.0000000e+00
   0.0000000e+00
   0.0000000e+00
   0.0000000e+00
   0.0000000e+00
   1.6692190e-02
   0.0000000e+00
   0.0000000e+00
   0.0000000e+00
   0.0000000e+00
   0.0000000e+00
   0.0000000e+00
   0.0000000e+00
   0.0000000e+00
   0.0000000e+00
   0.0000000e+00
   0.0000000e+00
   0.0000000e+00
   0.0000000e+00
   0.0000000e+00
   0.0000000e+00
   0.0000000e+00
   0.0000000e+00
   0.0000000e+00
   0.0000000e+00
   0.0000000e+00
   0.0000000e+00
   0.0000000e+00
   0.0000000e+00
   0.0000000e+00
   0.0000000e+00
   0.0000000e+00
   0.0000000e+00
   0.0000000e+00
   0.0000000e+00
   0.0000000e+00
   0.0000000e+00
   0.0000000e+00
   0.0000000e+00
   8.3930124e-02
   3.7905238e-02
   5.7018696e-03
  -1.1526743e-02
  -1.9262738e-02
  -2.0307514e-02
  -2.0682882e-02
  -1.6679456e-02
  -9.6355082e-03
  -5.4461971e-03
   3.3806793e-04
   5.9822273e-03
   8.6197774e-03
   1.1913526e-02
   1.4007661e-02
   1.4164493e-02
   1.4775376e-02
   1.3878813e-02
   1.2106055e-02
   1.1415469e-02
   9.2640638e-03
   6.7124774e-03
   5.9094956e-03
   2.8532441e-03
  -8.6223375e-04
  -1.8604623e-03
  -5.3187071e-03
  -9.2995488e-03
  -1.0045849e-02
  -2.4355364e-02
  -4.1549796e-02
   0.0000000e+00
   0.0000000e+00
   0.0000000e+00
   0.0000000e+00
   0.0000000e+00
  -1.6267425e-02
   5.5669749e-03
   2.1940730e-02
   0.0000000e+00
   0.0000000e+00
   0.0000000e+00
   0.0000000e+00
   0.0000000e+00
   0.0000000e+00
   0.0000000e+00
   0.0000000e+00
   0.0000000e+00
   0.0000000e+00
   0.0000000e+00
   0.0000000e+00
   0.0000000e+00
   0.0000000e+00
   0.0000000e+00
   0.0000000e+00
   0.0000000e+00
   0.0000000e+00
   0.0000000e+00
   0.0000000e+00
   0.0000000e+00
   0.0000000e+00
   0.0000000e+00
   0.0000000e+00
   0.0000000e+00
   0.0000000e+00
   0.0000000e+00
   0.0000000e+00
   0.0000000e+00
   0.0000000e+00
   0.0000000e+00
   0.0000000e+00
   0.0000000e+00
   1.3968772e-01
   8.2704231e-02
   2.7756440e-02
   1.1476161e-02
   4.3134004e-03
   2.6922269e-03
   2.2838064e-03
   5.1753111e-03
   1.0219846e-02
   1.4963593e-02
   2.0011662e-02
   2.3888291e-02
   2.6385390e-02
   2.7592051e-02
   2.7775338e-02
   2.7503708e-02
   2.6600087e-02
   2.4691747e-02
   2.2698311e-02
   2.0729686e-02
   1.7856678e-02
   1.5923718e-02
   1.3832846e-02
   1.0771051e-02
   8.4886264e-03
   4.9180493e-03
   1.9009072e-03
  -5.9434636e-04
  -4.7660314e-03
  -1.3442267e-02
  -2.4848828e-02
   0.0000000e+00
   0.0000000e+00
   0.0000000e+00
   0.0000000e+00
  -2.9466396e-02
  -1.1785505e-02
   1.9626619e-02
   2.8278878e-02
   0.0000000e+00
   0.0000000e+00
   0.0000000e+00
   0.0000000e+00
   0.0000000e+00
   0.0000000e+00
   0.0000000e+00
   0.0000000e+00
   0.0000000e+00
   0.0000000e+00
   0.0000000e+00
   0.0000000e+00
   0.0000000e+00
   0.0000000e+00
   0.0000000e+00
   0.0000000e+00
   0.0000000e+00
   0.0000000e+00
   0.0000000e+00
   0.0000000e+00
   0.0000000e+00
   0.0000000e+00
   0.0000000e+00
   0.0000000e+00
   0.0000000e+00
   0.0000000e+00
   0.0000000e+00
   0.0000000e+00
   0.0000000e+00
   0.0000000e+00
   0.0000000e+00
   0.0000000e+00
   0.0000000e+00
   1.8156640e-01
   9.9133196e-02
   5.3583819e-02
   4.1477232e-02
   3.3924791e-02
   3.6668853e-02
   3.2509687e-02
   3.6168792e-02
   3.7703503e-02
   3.9735428e-02
   4.4248858e-02
   4.3903499e-02
   4.6180247e-02
   4.5153182e-02
   4.3499644e-02
   4.2893344e-02
   3.9541832e-02
   3.8443177e-02
   3.5077974e-02
   3.2310636e-02
   2.9955376e-02
   2.6439796e-02
   2.5702225e-02
   2.2245480e-02
   2.0293228e-02
   1.8070111e-02
   1.3253122e-02
   1.1682984e-02
   6.7957273e-03
  -5.8677476e-04
  -1.3917639e-02
  -3.9836156e-02
  -7.1286897e-02
  -9.1261803e-02
  -8.3264802e-02
  -3.7601874e-02
  -3.1380882e-03
   2.4974272e-02
   1.7611942e-02
   0.0000000e+00
   0.0000000e+00
   0.0000000e+00
   0.0000000e+00
   0.0000000e+00
   0.0000000e+00
   0.0000000e+00
   0.0000000e+00
   0.0000000e+00
   0.0000000e+00
   0.0000000e+00
   0.0000000e+00
   0.0000000e+00
   0.0000000e+00
   0.0000000e+00
   0.0000000e+00
   0.0000000e+00
   0.0000000e+00
   0.0000000e+00
   0.0000000e+00
   0.0000000e+00
   0.0000000e+00
   0.0000000e+00
   0.0000000e+00
   0.0000000e+00
   0.0000000e+00
   0.0000000e+00
   0.0000000e+00
   0.0000000e+00
   0.0000000e+00
   0.0000000e+00
   0.0000000e+00
   0.0000000e+00
   1.0933799e-01
   8.1940324e-02
   8.1345154e-02
   6.9886977e-02
   6.9899748e-02
   6.8301289e-02
   6.5782005e-02
   6.8227319e-02
   6.6079233e-02
   6.8450136e-02
   6.6021718e-02
   6.6023015e-02
   6.3825145e-02
   6.1687753e-02
   5.9979075e-02
   5.6067410e-02
   5.4685280e-02
   5.0091217e-02
   4.8487327e-02
   4.5299643e-02
   4.2333588e-02
   4.0352808e-02
   3.7873959e-02
   3.6595106e-02
   3.4306442e-02
   3.3136792e-02
   2.9625001e-02
   2.7049443e-02
   2.3809424e-02
   1.8546858e-02
   1.2886148e-02
   4.4778825e-03
  -6.3532187e-03
  -1.3059521e-02
  -1.2221995e-02
   3.8760335e-03
   1.8189230e-02
   2.5433088e-02
   1.9318394e-02
  -2.5159794e-03
  -1.8910419e-02
   0.0000000e+00
   0.0000000e+00
   0.0000000e+00
   0.0000000e+00
   0.0000000e+00
   0.0000000e+00
   0.0000000e+00
   0.0000000e+00
   0.0000000e+00
   0.0000000e+00
   0.0000000e+00
   0.0000000e+00
   0.0000000e+00
   0.0000000e+00
   0.0000000e+00
   0.0000000e+00
   0.0000000e+00
   0.0000000e+00
   0.0000000e+00
   0.0000000e+00
   0.0000000e+00
   0.0000000e+00
   0.0000000e+00
   0.0000000e+00
   0.0000000e+00
   0.0000000e+00
   0.0000000e+00
   0.0000000e+00
   0.0000000e+00
   0.0000000e+00
  -2.4295544e-03
   2.6725498e-02
   7.7330380e-02
   9.6858392e-02
   9.7395820e-02
   9.9178242e-02
   9.5874150e-02
   9.2738764e-02
   9.0552737e-02
   9.0692281e-02
   8.7791489e-02
   8.5096258e-02
   7.8954344e-02
   7.5553435e-02
   7.2376254e-02
   6.8935339e-02
   6.5405450e-02
   6.2511964e-02
   6.0041843e-02
   5.7693425e-02
   5.6097047e-02
   5.3171700e-02
   5.1615369e-02
   4.9773989e-02
   4.8204331e-02
   4.7286936e-02
   4.6030218e-02
   4.4723836e-02
   4.2673651e-02
   4.1253109e-02
   3.8267369e-02
   3.5386294e-02
   3.1853326e-02
   2.6888933e-02
   2.6121002e-02
   2.6287464e-02
   3.2651091e-02
   3.5876472e-02
   3.8438796e-02
   2.6813071e-02
   1.2736929e-02
  -1.7296688e-02
   0.0000000e+00
   0.0000000e+00
   0.0000000e+00
   0.0000000e+00
   0.0000000e+00
   0.0000000e+00
   0.0000000e+00
   0.0000000e+00
   0.0000000e+00
   0.0000000e+00
   0.0000000e+00
   0.0000000e+00
   0.0000000e+00
   0.0000000e+00
   0.0000000e+00
   0.0000000e+00
   0.0000000e+00
   0.0000000e+00
   0.0000000e+00
   0.0000000e+00
   0.0000000e+00
   0.0000000e+00
   0.0000000e+00
   0.0000000e+00
   0.0000000e+00
   0.0000000e+00
   0.0000000e+00
   0.0000000e+00
   0.0000000e+00
   0.0000000e+00
   2.0230336e-03
   2.1029785e-02
   8.5482859e-02
   1.1430689e-01
   1.2034362e-01
   1.2574293e-01
   1.2299540e-01
   1.1560424e-01
   1.1333584e-01
   1.1003656e-01
   1.0527288e-01
   9.6850768e-02
   8.7042196e-02
   8.0380886e-02
   7.7987487e-02
   7.3971254e-02
   6.9983578e-02
   6.6142717e-02
   6.4915413e-02
   6.3521927e-02
   6.3167420e-02
   6.1186083e-02
   6.0232109e-02
   5.8683471e-02
   5.8114514e-02
   5.7274138e-02
   5.7295926e-02
   5.6571239e-02
   5.6587899e-02
   5.5740729e-02
   5.5271079e-02
   5.3673716e-02
   5.2601917e-02
   5.0345317e-02
   5.0758543e-02
   5.1170229e-02
   5.3697472e-02
   5.4152894e-02
   5.2738579e-02
   4.2701955e-02
   3.2287222e-02
   2.1477833e-03
  -3.5679733e-02
   0.0000000e+00
   0.0000000e+00
   0.0000000e+00
   0.0000000e+00
   0.0000000e+00
   0.0000000e+00
   0.0000000e+00
   0.0000000e+00
   0.0000000e+00
   0.0000000e+00
   0.0000000e+00
   0.0000000e+00
   0.0000000e+00
   0.0000000e+00
   0.0000000e+00
   0.0000000e+00
   0.0000000e+00
   0.0000000e+00
   0.0000000e+00
   0.0000000e+00
   0.0000000e+00
   0.0000000e+00
   0.0000000e+00
   0.0000000e+00
   0.0000000e+00
   0.0000000e+00
   0.0000000e+00
   0.0000000e+00
   0.0000000e+00
   2.7423408e-02
   6.8892001e-02
   1.0495956e-01
   1.2692969e-01
   1.3488367e-01
   1.4646634e-01
   1.4306315e-01
   1.3543180e-01
   1.2979227e-01
   1.1896833e-01
   1.0895617e-01
   9.7703476e-02
   8.6298611e-02
   8.0824598e-02
   7.8575616e-02
   7.3007306e-02
   6.8805225e-02
   6.4713878e-02
   6.3074905e-02
   6.4245539e-02
   6.5142007e-02
   6.5389487e-02
   6.4708256e-02
   6.4129071e-02
   6.3627315e-02
   6.4074393e-02
   6.4508229e-02
   6.5602048e-02
   6.6133730e-02
   6.7009992e-02
   6.7369471e-02
   6.7745142e-02
   6.7623201e-02
   6.7862157e-02
   6.8185318e-02
   6.9056602e-02
   6.9734806e-02
   6.9165544e-02
   6.6366221e-02
   5.6801444e-02
   4.1339846e-02
   8.1419344e-03
  -3.5679733e-02
   0.0000000e+00
   0.0000000e+00
   0.0000000e+00
   0.0000000e+00
   0.0000000e+00
   0.0000000e+00
   0.0000000e+00
   0.0000000e+00
   0.0000000e+00
   0.0000000e+00
   0.0000000e+00
   0.0000000e+00
   0.0000000e+00
   0.0000000e+00
   0.0000000e+00
   0.0000000e+00
   0.0000000e+00
   0.0000000e+00
   0.0000000e+00
   0.0000000e+00
   0.0000000e+00
   0.0000000e+00
   0.0000000e+00
   0.0000000e+00
   0.0000000e+00
   0.0000000e+00
   0.0000000e+00
   6.3086545e-02
   6.7715929e-02
   7.7983856e-02
   9.9117994e-02
   1.1924449e-01
   1.2967208e-01
   1.4047297e-01
   1.5387049e-01
   1.5183959e-01
   1.4337449e-01
   1.3344521e-01
   1.1896833e-01
   1.0895617e-01
   9.7703476e-02
   7.2202800e-02
   7.2355246e-02
   7.1924314e-02
   7.3007306e-02
   6.0409138e-02
   5.9247862e-02
   5.8491779e-02
   6.0395784e-02
   6.2851036e-02
   6.4069719e-02
   6.4195720e-02
   6.3192669e-02
   6.3894924e-02
   6.5007115e-02
   6.6832866e-02
   6.8702477e-02
   7.0391061e-02
   7.1796019e-02
   7.3451932e-02
   7.4751070e-02
   7.5870058e-02
   7.7595538e-02
   7.8698996e-02
   8.0113905e-02
   8.0482508e-02
   7.9655531e-02
   7.6181161e-02
   6.8740661e-02
   5.5978908e-02
   4.0029395e-02
   1.9065918e-02
   0.0000000e+00
   0.0000000e+00
   0.0000000e+00
   0.0000000e+00
   0.0000000e+00
   0.0000000e+00
   0.0000000e+00
   0.0000000e+00
   0.0000000e+00
   0.0000000e+00
   0.0000000e+00
   0.0000000e+00
   0.0000000e+00
   0.0000000e+00
   0.0000000e+00
   0.0000000e+00
   0.0000000e+00
   0.0000000e+00
   0.0000000e+00
   0.0000000e+00
   0.0000000e+00
   9.1783552e-02
   1.0088406e-01
   9.1242325e-02
   8.3653457e-02
   8.7840070e-02
   9.8061440e-02
   1.0014875e-01
   9.8470352e-02
   9.7827878e-02
   1.0843529e-01
   1.1904301e-01
   1.2522246e-01
   1.3686811e-01
   1.4795972e-01
   1.4447727e-01
   1.3538807e-01
   1.2275834e-01
   0.0000000e+00
   0.0000000e+00
   0.0000000e+00
   6.8223590e-02
   6.7520090e-02
   6.8176625e-02
   0.0000000e+00
   5.9633411e-02
   5.8995356e-02
   5.1224136e-02
   5.4416737e-02
   5.7176661e-02
   5.9174356e-02
   5.9653461e-02
   5.8066680e-02
   5.9443526e-02
   6.1300330e-02
   6.3652906e-02
   6.6435184e-02
   6.8664822e-02
   7.0740656e-02
   7.2660541e-02
   7.4511984e-02
   7.6428096e-02
   7.8790030e-02
   8.0622614e-02
   8.2008021e-02
   8.3153890e-02
   8.2424635e-02
   7.9940615e-02
   7.3949616e-02
   6.4184655e-02
   5.3181295e-02
   4.0473621e-02
   0.0000000e+00
   0.0000000e+00
   0.0000000e+00
   0.0000000e+00
   0.0000000e+00
   0.0000000e+00
   0.0000000e+00
   0.0000000e+00
   0.0000000e+00
   0.0000000e+00
   0.0000000e+00
   0.0000000e+00
   0.0000000e+00
   0.0000000e+00
   0.0000000e+00
   0.0000000e+00
   0.0000000e+00
   0.0000000e+00
   0.0000000e+00
   0.0000000e+00
   0.0000000e+00
   9.4086612e-02
   1.0847834e-01
   1.0140187e-01
   9.2204738e-02
   9.1857760e-02
   9.8504537e-02
   1.0441104e-01
   1.0535519e-01
   1.0194752e-01
   1.0731237e-01
   1.1265801e-01
   1.1692696e-01
   1.2778207e-01
   1.3406714e-01
   1.2747862e-01
   1.1769743e-01
   1.0492869e-01
   8.5923492e-02
   8.3700452e-02
   7.8905334e-02
   6.8445659e-02
   6.2886408e-02
   6.0155937e-02
   0.0000000e+00
   0.0000000e+00
   0.0000000e+00
   4.3297648e-02
   4.5159634e-02
   4.8023811e-02
   5.2170271e-02
   5.3063068e-02
   5.1189767e-02
   5.2629358e-02
   5.5161150e-02
   5.7591156e-02
   6.0304458e-02
   6.2721863e-02
   6.4923484e-02
   6.6929074e-02
   6.8870173e-02
   7.1025037e-02
   7.3666466e-02
   7.5805358e-02
   7.7504177e-02
   7.9167147e-02
   7.9300169e-02
   7.7883806e-02
   7.3737280e-02
   6.6962602e-02
   5.9455431e-02
   5.2512204e-02
   5.0524468e-02
   0.0000000e+00
   0.0000000e+00
   0.0000000e+00
   0.0000000e+00
   0.0000000e+00
   0.0000000e+00
   0.0000000e+00
   0.0000000e+00
   0.0000000e+00
   0.0000000e+00
   0.0000000e+00
   0.0000000e+00
   0.0000000e+00
   0.0000000e+00
   0.0000000e+00
   0.0000000e+00
   0.0000000e+00
   0.0000000e+00
   0.0000000e+00
   0.0000000e+00
   9.4648266e-02
   1.0782692e-01
   9.9848776e-02
   9.0077987e-02
   8.6392635e-02
   8.9211714e-02
   9.4534145e-02
   9.5945581e-02
   9.4384980e-02
   9.7756456e-02
   1.0074428e-01
   1.0465446e-01
   1.1244440e-01
   1.1332069e-01
   1.0408783e-01
   9.4106345e-02
   8.2994328e-02
   7.4321770e-02
   7.2078622e-02
   6.7763254e-02
   5.9467433e-02
   5.3374725e-02
   4.6996228e-02
   4.1411395e-02
   0.0000000e+00
   0.0000000e+00
   3.5558650e-02
   4.0669681e-02
   4.3563968e-02
   4.3325913e-02
   4.6141309e-02
   4.4114471e-02
   4.5569299e-02
   4.7949927e-02
   4.9852453e-02
   5.1905625e-02
   5.3857634e-02
   5.5746586e-02
   5.7699213e-02
   5.9494582e-02
   6.1583243e-02
   6.4300709e-02
   6.6578057e-02
   6.8647339e-02
   7.0739383e-02
   7.1610806e-02
   7.1100718e-02
   6.8636390e-02
   6.4432801e-02
   5.9959347e-02
   5.5907485e-02
   5.2136876e-02
   0.0000000e+00
   0.0000000e+00
   0.0000000e+00
   0.0000000e+00
   0.0000000e+00
   0.0000000e+00
   0.0000000e+00
   0.0000000e+00
   0.0000000e+00
   0.0000000e+00
   0.0000000e+00
   0.0000000e+00
   0.0000000e+00
   0.0000000e+00
   0.0000000e+00
   0.0000000e+00
   0.0000000e+00
   0.0000000e+00
   0.0000000e+00
   8.3078974e-02
   9.1281848e-02
   9.7238596e-02
   8.5531960e-02
   7.6511914e-02
   7.1759937e-02
   7.1941839e-02
   7.6367655e-02
   7.8463327e-02
   7.9560151e-02
   8.2501296e-02
   8.4739780e-02
   8.8690446e-02
   9.1963929e-02
   8.8188129e-02
   7.7643354e-02
   6.7717036e-02
   5.9145384e-02
   5.3168966e-02
   5.1198648e-02
   4.8043342e-02
   4.3335270e-02
   4.0024902e-02
   4.0629022e-02
   3.8364848e-02
   2.4700511e-02
   2.3168686e-02
   2.7772327e-02
   0.0000000e+00
   0.0000000e+00
   3.5168761e-02
   3.8623262e-02
   3.6835822e-02
   3.8343832e-02
   3.9930778e-02
   4.0932840e-02
   4.2041657e-02
   4.3130682e-02
   4.4488285e-02
   4.6264016e-02
   4.7842982e-02
   4.9729544e-02
   5.2388489e-02
   5.4758795e-02
   5.7121165e-02
   5.9565191e-02
   6.0829328e-02
   6.0993681e-02
   5.9859318e-02
   5.7668347e-02
   5.5753903e-02
   5.4482225e-02
   5.3210077e-02
   5.1366135e-02
   0.0000000e+00
   0.0000000e+00
   0.0000000e+00
   0.0000000e+00
   0.0000000e+00
   0.0000000e+00
   0.0000000e+00
   0.0000000e+00
   0.0000000e+00
   0.0000000e+00
   0.0000000e+00
   0.0000000e+00
   0.0000000e+00
   0.0000000e+00
   0.0000000e+00
   0.0000000e+00
   0.0000000e+00
   0.0000000e+00
   8.3078974e-02
   8.4596260e-02
   7.6240288e-02
   6.2060732e-02
   5.4682579e-02
   5.0205979e-02
   4.9953711e-02
   5.2983007e-02
   5.5059418e-02
   5.7022356e-02
   5.9280440e-02
   6.1064378e-02
   6.3152104e-02
   6.0986104e-02
   5.4758856e-02
   4.5444702e-02
   3.4893705e-02
   2.9352358e-02
   2.5550170e-02
   2.5303084e-02
   2.4922861e-02
   2.3909626e-02
   2.3645093e-02
   2.5003958e-02
   2.5289191e-02
   2.4700511e-02
   2.3168686e-02
   0.0000000e+00
   0.0000000e+00
   0.0000000e+00
   2.5668708e-02
   2.5982807e-02
   2.6061267e-02
   2.7425342e-02
   2.8037840e-02
   2.8029662e-02
   2.7875240e-02
   2.8142876e-02
   2.8910258e-02
   3.0286936e-02
   3.1704888e-02
   3.3319622e-02
   3.5736512e-02
   3.8226866e-02
   4.0754376e-02
   4.3316830e-02
   4.4673960e-02
   4.5222779e-02
   4.5164379e-02
   4.4482883e-02
   4.4509857e-02
   4.5881645e-02
   4.9788348e-02
   5.1366135e-02
   0.0000000e+00
   0.0000000e+00
   0.0000000e+00
   0.0000000e+00
   0.0000000e+00
   0.0000000e+00
   0.0000000e+00
   0.0000000e+00
   0.0000000e+00
   0.0000000e+00
   0.0000000e+00
   0.0000000e+00
   0.0000000e+00
   0.0000000e+00
   6.1707740e-02
   6.1166386e-02
   0.0000000e+00
   0.0000000e+00
   5.3032085e-02
   5.4012826e-02
   4.7965733e-02
   3.9010770e-02
   3.2928156e-02
   2.8757338e-02
   2.8077628e-02
   2.9472284e-02
   3.0413073e-02
   3.0977892e-02
   3.1590002e-02
   3.1928738e-02
   3.1439338e-02
   2.8747527e-02
   2.4080250e-02
   2.0401487e-02
   0.0000000e+00
   5.3586171e-04
  -9.8049779e-04
   8.7504947e-04
   2.7690953e-03
   4.5352070e-03
   5.5409690e-03
   7.2517985e-03
   8.8290656e-03
   9.1406504e-03
   9.7081481e-03
   0.0000000e+00
   0.0000000e+00
   0.0000000e+00
   1.1264813e-02
   1.1662743e-02
   1.2154530e-02
   1.3065006e-02
   1.2977121e-02
   1.2677042e-02
   1.2215019e-02
   1.2210244e-02
   1.2709693e-02
   1.3826204e-02
   1.5072933e-02
   1.6513953e-02
   1.8689264e-02
   2.1020500e-02
   2.3416939e-02
   2.5630078e-02
   2.6710613e-02
   2.7118200e-02
   2.6992231e-02
   2.6845052e-02
   2.7643580e-02
   3.0519031e-02
   3.6322510e-02
   3.9975880e-02
   0.0000000e+00
   0.0000000e+00
   0.0000000e+00
   0.0000000e+00
   0.0000000e+00
   0.0000000e+00
   0.0000000e+00
   0.0000000e+00
   0.0000000e+00
   0.0000000e+00
   0.0000000e+00
   0.0000000e+00
   2.5250490e-02
   2.8330519e-02
   4.4198776e-02
   4.5457030e-02
   0.0000000e+00
   0.0000000e+00
   3.1708323e-02
   3.1184164e-02
   2.6652569e-02
   2.0868796e-02
   1.5982306e-02
   1.2326451e-02
   1.1004100e-02
   1.1018474e-02
   1.0756351e-02
   1.0123424e-02
   9.9608824e-03
   9.6054030e-03
   8.6097083e-03
   6.5264081e-03
   3.1419899e-03
   9.0414023e-04
   0.0000000e+00
  -6.6314145e-03
  -5.9295542e-03
  -1.2419831e-02
  -1.3614336e-02
  -8.9834691e-03
  -7.6591985e-03
  -6.0668000e-03
  -4.0291445e-03
  -2.9100251e-03
  -3.5412127e-04
   0.0000000e+00
   0.0000000e+00
   0.0000000e+00
   1.1668697e-04
   4.0233832e-04
   7.3391614e-04
   1.3884817e-03
   1.0976758e-03
   8.9158348e-04
   5.9439643e-04
   6.0619757e-04
   1.0872735e-03
   2.1977242e-03
   3.4073461e-03
   4.7722738e-03
   6.7422521e-03
   8.7702366e-03
   1.0788219e-02
   1.2386191e-02
   1.2952297e-02
   1.2939405e-02
   1.2425525e-02
   1.2065246e-02
   1.2925082e-02
   1.6299603e-02
   2.3242111e-02
   2.9153914e-02
   0.0000000e+00
   0.0000000e+00
   0.0000000e+00
   0.0000000e+00
   0.0000000e+00
   0.0000000e+00
   0.0000000e+00
   0.0000000e+00
   0.0000000e+00
   0.0000000e+00
   0.0000000e+00
   0.0000000e+00
   1.4279661e-02
   2.4506591e-02
   2.6896469e-02
   2.6237808e-02
   0.0000000e+00
   0.0000000e+00
   1.3756428e-02
   1.1418589e-02
   7.9847259e-03
   4.4311256e-03
   5.9643280e-04
  -2.5860030e-03
  -4.6603875e-03
  -5.8823475e-03
  -7.2806407e-03
  -9.0130926e-03
  -9.7362810e-03
  -1.0624065e-02
  -1.1583375e-02
  -1.2817589e-02
  -1.4949358e-02
  -1.5700289e-02
  -3.0964636e-02
   0.0000000e+00
   0.0000000e+00
  -2.9895935e-02
  -2.5865183e-02
  -2.0986514e-02
  -1.9426817e-02
  -1.8118811e-02
  -1.5838609e-02
  -1.4092161e-02
  -9.7621319e-03
  -1.2622610e-02
   0.0000000e+00
   0.0000000e+00
  -9.9956386e-03
  -9.8554308e-03
  -9.8498417e-03
  -9.3973186e-03
  -9.7415504e-03
  -9.7624206e-03
  -9.7626623e-03
  -9.6266848e-03
  -9.0848985e-03
  -7.9033011e-03
  -6.6904346e-03
  -5.3966177e-03
  -3.6555271e-03
  -2.0019036e-03
  -4.7983959e-04
   3.9511619e-04
   3.5225915e-04
  -1.9439410e-04
  -1.3274127e-03
  -2.2080846e-03
   5.4778649e-04
   4.3006244e-03
   9.8412267e-03
   1.6115730e-02
   3.2525097e-03
   0.0000000e+00
   0.0000000e+00
   0.0000000e+00
   0.0000000e+00
   0.0000000e+00
   0.0000000e+00
   0.0000000e+00
   0.0000000e+00
   0.0000000e+00
   0.0000000e+00
   0.0000000e+00
  -5.2851196e-03
  -2.7709489e-03
  -2.8539052e-03
   1.2005939e-03
   0.0000000e+00
   0.0000000e+00
  -2.1731966e-03
  -7.4276374e-03
  -1.0769240e-02
  -1.4083278e-02
  -1.7223572e-02
  -2.0295470e-02
  -2.3718970e-02
  -2.6089258e-02
  -2.8522582e-02
  -3.1414823e-02
  -3.2801684e-02
  -3.4457580e-02
  -3.4975051e-02
  -3.5192828e-02
  -3.5464292e-02
  -3.3547281e-02
  -3.0964636e-02
   0.0000000e+00
   0.0000000e+00
   0.0000000e+00
   0.0000000e+00
  -3.5955856e-02
  -3.3298481e-02
  -3.2705993e-02
  -3.0260471e-02
  -2.8601548e-02
  -2.3006562e-02
  -1.2622610e-02
   0.0000000e+00
   0.0000000e+00
  -2.1773682e-02
  -2.1758498e-02
  -2.2385478e-02
  -2.2152286e-02
  -2.2362092e-02
  -2.2120562e-02
  -2.1587737e-02
  -2.1046691e-02
  -2.0297299e-02
  -1.8911154e-02
  -1.7638286e-02
  -1.6540087e-02
  -1.5288487e-02
  -1.4353847e-02
  -1.3844100e-02
  -1.4203290e-02
  -1.5288545e-02
  -1.6831229e-02
  -1.9703582e-02
  -2.2065305e-02
  -2.2423150e-02
  -1.4112269e-02
  -1.0363481e-02
  -3.4825708e-03
   3.2525097e-03
   0.0000000e+00
   0.0000000e+00
   0.0000000e+00
   0.0000000e+00
   0.0000000e+00
   0.0000000e+00
   0.0000000e+00
   0.0000000e+00
   0.0000000e+00
   0.0000000e+00
  -3.1750264e-02
  -2.3031213e-02
  -2.2746721e-02
  -2.3255354e-02
  -1.9231149e-02
  -1.9769795e-02
  -2.0936263e-02
  -1.8177768e-02
  -2.0511855e-02
  -2.2417317e-02
  -2.5239268e-02
  -2.8186150e-02
  -3.1583576e-02
  -3.5519591e-02
  -3.8050994e-02
  -4.0645677e-02
  -4.4116982e-02
  -4.5975683e-02
  -4.8029803e-02
  -4.8337652e-02
  -4.8249649e-02
  -4.7682060e-02
  -4.4960547e-02
  -4.6550746e-02
  -4.9524026e-02
   0.0000000e+00
   0.0000000e+00
   0.0000000e+00
  -3.9386819e-02
  -4.1598999e-02
  -4.0958954e-02
  -3.8160358e-02
  -3.5055208e-02
  -2.3006562e-02
  -1.2622610e-02
   0.0000000e+00
   0.0000000e+00
  -0.0000000e+00
  -2.6576979e-02
  -2.8598173e-02
  -2.8516197e-02
  -2.8517546e-02
  -2.8071126e-02
  -2.7170784e-02
  -2.6273456e-02
  -2.5322281e-02
  -2.3950058e-02
  -2.2833924e-02
  -2.1893119e-02
  -2.1080508e-02
  -2.0852043e-02
  -2.1288785e-02
  -2.2884082e-02
  -2.5089944e-02
  -2.8030746e-02
  -3.2449559e-02
  -3.1144912e-02
  -0.0000000e+00
  -0.0000000e+00
  -1.9625325e-02
  -1.8381921e-02
  -1.3909434e-02
  -1.4767327e-02
   0.0000000e+00
   0.0000000e+00
   0.0000000e+00
   0.0000000e+00
   0.0000000e+00
   0.0000000e+00
   0.0000000e+00
   0.0000000e+00
   0.0000000e+00
  -3.6560308e-02
  -3.5385298e-02
  -3.6091775e-02
  -3.6350021e-02
  -2.5361521e-02
  -2.2560282e-02
  -2.4938705e-02
  -2.7588403e-02
  -2.8628929e-02
  -2.9940603e-02
  -3.2548709e-02
  -3.5559122e-02
  -3.9201419e-02
  -4.3299142e-02
  -4.5790278e-02
  -4.8236466e-02
  -5.1914330e-02
  -5.4177857e-02
  -5.6365456e-02
  -5.6702138e-02
  -5.6619998e-02
  -5.5598762e-02
  -5.2069713e-02
  -5.1982059e-02
  -5.2851935e-02
  -5.5449335e-02
  -5.0314602e-02
   0.0000000e+00
  -4.6450901e-02
  -4.6317421e-02
  -4.5684974e-02
  -4.2458134e-02
  -4.0842466e-02
   0.0000000e+00
   0.0000000e+00
   0.0000000e+00
   0.0000000e+00
   0.0000000e+00
  -3.0950843e-02
  -3.1616229e-02
  -3.1642344e-02
  -3.1440973e-02
  -3.0810182e-02
  -2.9622269e-02
  -2.8500388e-02
  -2.7407410e-02
  -2.6136687e-02
  -2.5248792e-02
  -2.4557479e-02
  -2.4250359e-02
  -2.4701129e-02
  -2.5919281e-02
  -2.8541956e-02
  -3.1676802e-02
  -3.5671002e-02
  -4.0365387e-02
  -3.9978104e-02
   0.0000000e+00
   0.0000000e+00
  -3.1338349e-02
  -2.9029381e-02
  -2.4346638e-02
  -1.9998807e-02
   0.0000000e+00
   0.0000000e+00
   0.0000000e+00
   0.0000000e+00
   0.0000000e+00
   0.0000000e+00
   0.0000000e+00
   0.0000000e+00
   0.0000000e+00
  -4.9139930e-02
  -4.9127730e-02
  -5.0093050e-02
  -4.9251096e-02
   0.0000000e+00
  -3.7156104e-02
  -3.5406219e-02
  -3.5454959e-02
  -3.6167905e-02
  -3.7429227e-02
  -3.9992920e-02
  -4.3371844e-02
  -4.7313957e-02
  -5.1298370e-02
  -5.3515630e-02
  -5.5404638e-02
  -5.9016860e-02
  -6.1845458e-02
  -6.3965495e-02
  -6.4596900e-02
  -6.4850024e-02
  -6.3520234e-02
  -5.8720969e-02
  -5.8032931e-02
  -6.1555356e-02
  -5.5449335e-02
  -5.0314602e-02
   0.0000000e+00
  -5.0566778e-02
  -4.9972943e-02
  -4.9410122e-02
  -4.5432714e-02
  -4.2473394e-02
   0.0000000e+00
   0.0000000e+00
   0.0000000e+00
   0.0000000e+00
   0.0000000e+00
  -3.2306983e-02
  -3.3009217e-02
  -3.3159808e-02
  -3.2646370e-02
  -3.1747762e-02
  -3.0192287e-02
  -2.8855898e-02
  -2.7603183e-02
  -2.6583348e-02
  -2.6128375e-02
  -2.5924877e-02
  -2.6480466e-02
  -2.7968788e-02
  -3.0240277e-02
  -3.4256544e-02
  -3.8648505e-02
  -4.3934843e-02
  -4.7731933e-02
  -4.4080175e-02
   0.0000000e+00
   0.0000000e+00
  -4.2590657e-02
  -4.1286932e-02
  -3.8176007e-02
  -3.3680605e-02
   0.0000000e+00
   0.0000000e+00
   0.0000000e+00
   0.0000000e+00
   0.0000000e+00
   0.0000000e+00
   0.0000000e+00
   0.0000000e+00
   0.0000000e+00
  -5.7382532e-02
  -5.7356057e-02
  -5.6419092e-02
  -4.9640236e-02
   0.0000000e+00
  -4.2494781e-02
  -3.9960462e-02
  -3.8604907e-02
  -4.0182544e-02
  -4.1849740e-02
  -4.4839256e-02
  -4.8596034e-02
  -5.2414943e-02
  -5.5820729e-02
  -5.7765771e-02
  -5.9538695e-02
  -6.3007596e-02
  -6.6538085e-02
  -6.8279527e-02
  -6.9064025e-02
  -6.9238194e-02
  -6.7664661e-02
  -6.1553520e-02
  -5.9488838e-02
  -6.1584889e-02
  -5.7789232e-02
  -5.4256649e-02
   0.0000000e+00
  -0.0000000e+00
  -4.8972868e-02
  -4.8750759e-02
  -4.2500187e-02
  -3.7420101e-02
   0.0000000e+00
   0.0000000e+00
   0.0000000e+00
   0.0000000e+00
   0.0000000e+00
  -2.8609781e-02
  -2.8923755e-02
  -2.9258512e-02
  -2.8630148e-02
  -2.7706419e-02
  -2.6227173e-02
  -2.4851172e-02
  -2.3812751e-02
  -2.3621296e-02
  -2.4020504e-02
  -2.4835366e-02
  -2.6769052e-02
  -2.9362049e-02
  -3.2707749e-02
  -3.7961403e-02
  -4.3139341e-02
  -4.8525524e-02
  -4.9839023e-02
  -4.3895832e-02
   0.0000000e+00
   0.0000000e+00
  -5.2131167e-02
  -5.1213008e-02
  -4.7684872e-02
  -4.1763004e-02
   0.0000000e+00
   0.0000000e+00
   0.0000000e+00
   0.0000000e+00
   0.0000000e+00
   0.0000000e+00
   0.0000000e+00
   0.0000000e+00
   0.0000000e+00
  -5.8963710e-02
  -5.8814918e-02
  -5.6181673e-02
  -4.6712481e-02
   0.0000000e+00
  -4.3792716e-02
  -4.1093613e-02
  -3.9528555e-02
  -4.1365348e-02
  -4.3386004e-02
  -4.6793663e-02
  -5.0606631e-02
  -5.4191857e-02
  -5.7261481e-02
  -5.9069168e-02
  -6.0733064e-02
  -6.3919234e-02
  -6.7419469e-02
  -6.8894669e-02
  -6.9571618e-02
  -6.9762465e-02
  -6.7882165e-02
  -6.0771667e-02
  -5.7932481e-02
  -5.9018792e-02
  -5.5760348e-02
  -5.2266922e-02
   0.0000000e+00
   0.0000000e+00
  -4.7009322e-02
  -4.6870020e-02
  -3.9191095e-02
  -3.2977477e-02
   0.0000000e+00
   0.0000000e+00
   0.0000000e+00
   0.0000000e+00
  -2.0973939e-02
  -2.4387966e-02
  -2.5557448e-02
  -2.5906921e-02
  -2.5369699e-02
  -2.4644306e-02
  -2.3535150e-02
  -2.2418897e-02
  -2.1728053e-02
  -2.2173463e-02
  -2.3203411e-02
  -2.4708051e-02
  -2.7422987e-02
  -3.0540622e-02
  -3.4278978e-02
  -3.9700378e-02
  -4.4552207e-02
  -4.8854465e-02
  -4.7322654e-02
  -3.9790303e-02
   0.0000000e+00
   0.0000000e+00
  -5.6003623e-02
  -5.5089559e-02
  -5.0731197e-02
  -4.3718944e-02
   0.0000000e+00
   0.0000000e+00
   0.0000000e+00
   0.0000000e+00
   0.0000000e+00
   0.0000000e+00
   0.0000000e+00
   0.0000000e+00
   0.0000000e+00
  -5.8304166e-02
  -5.7908623e-02
  -5.2667596e-02
  -4.0457187e-02
   0.0000000e+00
  -4.3933173e-02
  -4.1267179e-02
  -3.9938630e-02
  -4.1899611e-02
  -4.4459128e-02
  -4.8530210e-02
  -5.2279164e-02
  -5.5438809e-02
  -5.8087953e-02
  -5.9740932e-02
  -6.1234256e-02
  -6.3902773e-02
  -6.7005003e-02
  -6.8109118e-02
  -6.8489981e-02
  -6.8753117e-02
  -6.6353306e-02
  -5.7797757e-02
  -5.4010587e-02
  -5.3685016e-02
  -5.0436606e-02
  -4.6259023e-02
   0.0000000e+00
   0.0000000e+00
  -4.3894231e-02
  -4.3286112e-02
  -3.3731996e-02
  -2.6181575e-02
   0.0000000e+00
   0.0000000e+00
   0.0000000e+00
   0.0000000e+00
  -2.0973939e-02
  -2.0894993e-02
  -2.0530487e-02
  -2.0822495e-02
  -2.0529113e-02
  -2.0226881e-02
  -1.9848531e-02
  -1.9289671e-02
  -1.9217009e-02
  -2.0586968e-02
  -2.2516441e-02
  -2.4964569e-02
  -2.8640777e-02
  -3.2318321e-02
  -3.6357535e-02
  -4.1535594e-02
  -4.5335928e-02
  -4.7343450e-02
  -4.1099537e-02
  -3.1367361e-02
   0.0000000e+00
   0.0000000e+00
  -5.9474031e-02
  -5.8384275e-02
  -5.2504106e-02
  -4.3912830e-02
   0.0000000e+00
   0.0000000e+00
   0.0000000e+00
   0.0000000e+00
   0.0000000e+00
   0.0000000e+00
   0.0000000e+00
   0.0000000e+00
  -4.5951367e-02
  -4.9591118e-02
  -5.0428477e-02
  -4.5580685e-02
  -3.8269408e-02
  -3.4143280e-02
  -3.9192603e-02
  -3.7837038e-02
  -3.7513692e-02
  -4.0280317e-02
  -4.3645229e-02
  -4.8113860e-02
  -5.1693798e-02
  -5.4583126e-02
  -5.7033407e-02
  -5.8370814e-02
  -5.9123665e-02
  -6.0047146e-02
  -6.1070545e-02
  -6.0392093e-02
  -5.9257778e-02
  -5.9053840e-02
  -5.6446782e-02
  -4.8953486e-02
  -4.5205501e-02
  -4.3221312e-02
  -3.9946979e-02
  -3.6527511e-02
   0.0000000e+00
   0.0000000e+00
  -3.8079509e-02
  -3.6112535e-02
  -2.6092046e-02
  -1.9137996e-02
   0.0000000e+00
   0.0000000e+00
   0.0000000e+00
   0.0000000e+00
  -1.8344932e-02
  -1.7296049e-02
  -1.6391538e-02
  -1.6634855e-02
  -1.6976954e-02
  -1.7621090e-02
  -1.8668967e-02
  -1.9175424e-02
  -2.0273920e-02
  -2.3422989e-02
  -2.6497278e-02
  -2.9694160e-02
  -3.3687333e-02
  -3.7136081e-02
  -4.0340459e-02
  -4.3225472e-02
  -4.3780499e-02
  -4.1444841e-02
  -3.0366383e-02
  -2.0151614e-02
   0.0000000e+00
   0.0000000e+00
  -5.6823672e-02
  -5.5232906e-02
  -4.6996260e-02
  -3.5720034e-02
   0.0000000e+00
   0.0000000e+00
   0.0000000e+00
   0.0000000e+00
   0.0000000e+00
   0.0000000e+00
   0.0000000e+00
   0.0000000e+00
  -4.4940645e-02
  -4.5643717e-02
  -4.5986414e-02
  -4.1880660e-02
  -3.6644084e-02
  -3.4139652e-02
  -3.7058953e-02
  -3.5193674e-02
  -3.5434508e-02
  -3.8511688e-02
  -4.2137875e-02
  -4.6687237e-02
  -5.0202045e-02
  -5.3002588e-02
  -5.5279156e-02
  -5.6318511e-02
  -5.6591043e-02
  -5.6588630e-02
  -5.6553599e-02
  -5.4989297e-02
  -5.2895891e-02
  -5.2166844e-02
  -4.9741709e-02
  -4.3679317e-02
  -4.0793758e-02
  -3.8650001e-02
  -3.5152167e-02
  -3.1041895e-02
  -2.5372813e-02
   0.0000000e+00
  -3.4087172e-02
  -3.1606859e-02
  -2.2489767e-02
  -1.4986454e-02
  -9.0494359e-03
   0.0000000e+00
   0.0000000e+00
  -1.7246317e-02
  -1.7354870e-02
  -1.5577712e-02
  -1.4814374e-02
  -1.5450539e-02
  -1.6410400e-02
  -1.7741881e-02
  -1.9609208e-02
  -2.0489983e-02
  -2.1899199e-02
  -2.5909862e-02
  -2.9425683e-02
  -3.2795348e-02
  -3.6717642e-02
  -3.9801676e-02
  -4.2257773e-02
  -4.3543832e-02
  -4.2265695e-02
  -3.8010353e-02
  -2.6124067e-02
  -1.4397681e-02
  -6.1317395e-03
   0.0000000e+00
  -5.3371756e-02
  -5.1259623e-02
  -4.1704060e-02
  -2.9299308e-02
   0.0000000e+00
   0.0000000e+00
   0.0000000e+00
   0.0000000e+00
   0.0000000e+00
   0.0000000e+00
   0.0000000e+00
   0.0000000e+00
  -4.2487930e-02
  -3.9605062e-02
  -3.9259553e-02
  -3.6741449e-02
  -3.3885235e-02
  -3.4130848e-02
  -3.3165432e-02
  -3.0637452e-02
  -3.1702770e-02
  -3.5097079e-02
  -3.8920944e-02
  -4.3450831e-02
  -4.6899157e-02
  -4.9630701e-02
  -5.1593463e-02
  -5.2080509e-02
  -5.1588635e-02
  -5.0284805e-02
  -4.8807578e-02
  -4.6059365e-02
  -4.2459447e-02
  -4.0709176e-02
  -3.8837798e-02
  -3.5672259e-02
  -3.4858316e-02
  -3.3225962e-02
  -2.9199803e-02
  -2.7022155e-02
  -2.5372813e-02
   0.0000000e+00
  -2.7549347e-02
  -2.4559532e-02
  -1.7887388e-02
  -1.1857262e-02
  -9.0494359e-03
   0.0000000e+00
   0.0000000e+00
  -1.7246317e-02
  -1.5308383e-02
  -1.3357705e-02
  -1.3229522e-02
  -1.4845392e-02
  -1.6960075e-02
  -1.9446802e-02
  -2.2529967e-02
  -2.3741921e-02
  -2.5270637e-02
  -3.0408219e-02
  -3.4375250e-02
  -3.7758539e-02
  -4.1337105e-02
  -4.3660047e-02
  -4.4752598e-02
  -4.3400831e-02
  -3.9432441e-02
  -3.2871708e-02
  -2.1644386e-02
  -1.0454454e-02
  -6.1317395e-03
   0.0000000e+00
  -4.6430942e-02
  -4.3325051e-02
  -3.1845595e-02
  -1.8156936e-02
   0.0000000e+00
   0.0000000e+00
   0.0000000e+00
   0.0000000e+00
   0.0000000e+00
   0.0000000e+00
   0.0000000e+00
   0.0000000e+00
  -4.2487930e-02
  -3.9605062e-02
  -3.1545819e-02
  -3.0250860e-02
  -2.8426828e-02
  -2.7149533e-02
  -2.5403206e-02
  -2.3978159e-02
  -2.5672345e-02
  -2.9031512e-02
  -3.2698760e-02
  -3.6887442e-02
  -4.0044539e-02
  -4.2533298e-02
  -4.4117227e-02
  -4.4187860e-02
  -4.3282975e-02
  -4.1501360e-02
  -3.9634403e-02
  -3.7077480e-02
  -3.3597039e-02
  -3.1630080e-02
  -3.0852823e-02
  -3.1037962e-02
  -3.5011488e-02
  -3.4091306e-02
  -2.6206062e-02
  -2.3800953e-02
  -2.3440374e-02
   0.0000000e+00
  -2.1743455e-02
  -1.9493372e-02
  -1.6461961e-02
  -1.5070407e-02
  -1.6047220e-02
  -1.8511364e-02
  -1.8285057e-02
  -1.6635927e-02
  -1.3967735e-02
  -1.3281914e-02
  -1.4250127e-02
  -1.7096232e-02
  -2.0363159e-02
  -2.3925770e-02
  -2.7967294e-02
  -2.8969925e-02
  -2.9066633e-02
  -3.4350511e-02
  -3.8223280e-02
  -4.1023040e-02
  -4.3467659e-02
  -4.4521694e-02
  -4.4005111e-02
  -4.0543714e-02
  -3.5258347e-02
  -2.8554006e-02
  -2.0197481e-02
  -1.1869175e-02
  -8.0397668e-03
   0.0000000e+00
  -3.7832846e-02
  -3.3789747e-02
  -2.0696116e-02
  -7.6199662e-03
   0.0000000e+00
   0.0000000e+00
   0.0000000e+00
   0.0000000e+00
   0.0000000e+00
   0.0000000e+00
   0.0000000e+00
  -1.1814018e-02
  -1.1814018e-02
   0.0000000e+00
  -2.6725562e-02
  -2.6121542e-02
  -2.4772072e-02
  -2.2948202e-02
  -2.1089482e-02
  -2.0217389e-02
  -2.2091709e-02
  -2.5311317e-02
  -2.8813897e-02
  -3.2760173e-02
  -3.5709044e-02
  -3.8036734e-02
  -3.9452703e-02
  -3.9397684e-02
  -3.8426420e-02
  -3.6624110e-02
  -3.4796073e-02
  -3.2552776e-02
  -2.9458203e-02
  -2.7590444e-02
  -2.7251078e-02
  -2.8300168e-02
  -3.5062183e-02
  -3.4377705e-02
  -2.5780500e-02
  -2.2868107e-02
  -2.4382632e-02
  -2.4597020e-02
  -2.0294739e-02
  -1.8036413e-02
  -1.6782042e-02
  -1.7218562e-02
  -1.7938560e-02
  -1.9637921e-02
  -1.9235385e-02
  -1.7473638e-02
  -1.5035690e-02
  -1.5093176e-02
  -1.6530757e-02
  -1.9691612e-02
  -2.3098420e-02
  -2.6474031e-02
  -3.0359038e-02
  -3.2162804e-02
  -3.2219119e-02
  -3.7278294e-02
  -4.0866450e-02
  -4.3106054e-02
  -4.4634724e-02
  -4.4814252e-02
  -4.3301321e-02
  -3.8663819e-02
  -3.2724875e-02
  -2.6010813e-02
  -1.8921766e-02
  -1.1927182e-02
  -8.4348942e-03
   0.0000000e+00
  -3.2749511e-02
  -2.8323881e-02
  -1.4759609e-02
  -2.5673385e-03
   0.0000000e+00
   0.0000000e+00
   0.0000000e+00
   0.0000000e+00
   0.0000000e+00
   0.0000000e+00
   0.0000000e+00
  -1.1814018e-02
  -1.1814018e-02
   0.0000000e+00
  -1.7596212e-02
  -1.8144274e-02
  -1.7330119e-02
  -1.5334940e-02
  -1.4064344e-02
  -1.3948931e-02
  -1.5710510e-02
  -1.8415001e-02
  -2.1463251e-02
  -2.4888170e-02
  -2.7386713e-02
  -2.9389398e-02
  -3.0633921e-02
  -3.0627892e-02
  -2.9939742e-02
  -2.8690832e-02
  -2.7538878e-02
  -2.6303492e-02
  -2.4603429e-02
  -2.3423871e-02
  -2.3389618e-02
  -2.1836169e-02
   0.0000000e+00
   0.0000000e+00
  -2.8056566e-02
  -2.3404684e-02
  -2.5974967e-02
  -2.4597020e-02
  -2.1246685e-02
  -1.8921308e-02
  -1.9970474e-02
  -2.1586246e-02
  -2.3222762e-02
  -2.4174078e-02
  -2.3061943e-02
  -2.1456818e-02
  -2.1122505e-02
  -2.2487348e-02
  -2.4353757e-02
  -2.7142495e-02
  -2.9576996e-02
  -3.0765861e-02
  -3.2743479e-02
  -3.8052026e-02
  -3.9854070e-02
  -4.3813496e-02
  -4.6381262e-02
  -4.7142999e-02
  -4.6494697e-02
  -4.4843979e-02
  -4.1463605e-02
  -3.4901844e-02
  -2.8086301e-02
  -2.1524480e-02
  -1.5713238e-02
  -1.0275415e-02
  -7.4831612e-03
   0.0000000e+00
  -2.3739405e-02
  -1.9022462e-02
  -5.7142596e-03
   3.7352719e-03
   0.0000000e+00
   0.0000000e+00
   0.0000000e+00
   0.0000000e+00
   0.0000000e+00
   0.0000000e+00
   0.0000000e+00
  -1.0193095e-02
  -9.1670472e-03
  -9.2086968e-03
  -1.3529584e-02
  -1.3912791e-02
  -1.3275643e-02
  -1.1821920e-02
  -1.1106006e-02
  -1.1267126e-02
  -1.2820658e-02
  -1.5092528e-02
  -1.7711055e-02
  -2.0741543e-02
  -2.3001324e-02
  -2.4913808e-02
  -2.6375247e-02
  -2.6829109e-02
  -2.6782478e-02
  -2.6374162e-02
  -2.5867777e-02
  -2.5144825e-02
  -2.3600708e-02
  -2.1624261e-02
  -1.9191775e-02
  -1.3757104e-02
   0.0000000e+00
   0.0000000e+00
  -2.8102699e-02
  -2.7011509e-02
  -2.9544834e-02
  -2.7838540e-02
  -2.5543546e-02
  -2.4835762e-02
  -2.6431157e-02
  -2.7968186e-02
  -2.9346941e-02
  -3.0276578e-02
  -3.0198919e-02
  -3.0252885e-02
  -3.1459398e-02
  -3.3173145e-02
  -3.4820316e-02
  -3.6281184e-02
  -3.6105034e-02
  -3.2536981e-02
  -2.8517711e-02
  -3.8052026e-02
  -4.8048785e-02
  -5.2238112e-02
  -5.3474450e-02
  -5.2613492e-02
  -4.9780793e-02
  -4.6446429e-02
  -4.1687139e-02
  -3.4004682e-02
  -2.6507561e-02
  -1.9282833e-02
  -1.2505664e-02
  -6.9216140e-03
  -4.3258553e-03
   0.0000000e+00
  -1.7473750e-02
  -1.3038364e-02
  -2.7205399e-03
   3.7352719e-03
   0.0000000e+00
   0.0000000e+00
   0.0000000e+00
   0.0000000e+00
   0.0000000e+00
   0.0000000e+00
   0.0000000e+00
  -8.8665222e-03
  -8.4161277e-03
  -9.2265832e-03
  -1.1035040e-02
  -1.1305528e-02
  -1.0805236e-02
  -9.7288057e-03
  -9.3615392e-03
  -9.6817794e-03
  -1.1079448e-02
  -1.3045773e-02
  -1.5357515e-02
  -1.8109719e-02
  -2.0210738e-02
  -2.2072318e-02
  -2.3695994e-02
  -2.4477218e-02
  -2.4875609e-02
  -2.5042641e-02
  -2.4965560e-02
  -2.4566819e-02
  -2.3099150e-02
  -2.0581072e-02
  -1.6537800e-02
  -8.5965016e-03
   0.0000000e+00
   0.0000000e+00
  -2.8544360e-02
  -2.9317799e-02
  -3.1699086e-02
  -2.9821615e-02
  -2.8256821e-02
  -2.8513002e-02
  -3.0385794e-02
  -3.1863617e-02
  -3.3092548e-02
  -3.4037378e-02
  -3.4595629e-02
  -3.5621618e-02
  -3.7686425e-02
  -3.9574793e-02
  -4.1082541e-02
  -4.1753509e-02
  -4.0050153e-02
  -3.3787280e-02
  -2.5748183e-02
   0.0000000e+00
  -5.4767728e-02
  -5.7121142e-02
  -5.7523648e-02
  -5.5690696e-02
  -5.1571704e-02
  -4.7259232e-02
  -4.1720300e-02
  -3.3444331e-02
  -2.5585170e-02
  -1.7951158e-02
  -1.0490202e-02
  -4.7439752e-03
  -2.2499834e-03
  -1.1030059e-02
  -1.3350386e-02
  -9.2982265e-03
  -1.6639982e-04
   0.0000000e+00
   0.0000000e+00
   0.0000000e+00
   0.0000000e+00
   0.0000000e+00
   0.0000000e+00
   0.0000000e+00
   0.0000000e+00
  -7.5264930e-03
  -8.4333601e-03
  -9.4631334e-03
  -8.6119796e-03
  -8.6309134e-03
  -8.6100569e-03
  -8.4534120e-03
  -8.5276746e-03
  -8.8736882e-03
  -9.7738670e-03
  -1.0951195e-02
  -1.2435765e-02
  -1.4472443e-02
  -1.6268505e-02
  -1.8134898e-02
  -2.0273693e-02
  -2.1927440e-02
  -2.3389224e-02
  -2.4846818e-02
  -2.5594789e-02
  -2.5631968e-02
  -2.4003130e-02
  -2.0311879e-02
  -1.2992551e-02
  -1.0747467e-03
   0.0000000e+00
   0.0000000e+00
  -3.2998327e-02
  -3.2707387e-02
  -3.3355751e-02
  -3.1682525e-02
  -3.1842030e-02
  -3.2687826e-02
  -3.4123382e-02
  -3.5410083e-02
  -3.6595096e-02
  -3.7903786e-02
  -3.9096199e-02
  -4.0506426e-02
  -4.2340351e-02
  -4.3915513e-02
  -4.5227321e-02
  -4.5432938e-02
  -4.3155585e-02
  -3.7009672e-02
  -3.1472605e-02
   0.0000000e+00
  -6.1497050e-02
  -5.8374554e-02
  -5.7757456e-02
  -5.5267063e-02
  -5.0556142e-02
  -4.5963522e-02
  -4.0478610e-02
  -3.2777319e-02
  -2.5253340e-02
  -1.7189360e-02
  -7.9458185e-03
  -1.1539241e-03
   1.4711856e-03
  -1.1030059e-02
  -9.6328888e-03
  -4.8150703e-03
   3.6085910e-03
   0.0000000e+00
   0.0000000e+00
   0.0000000e+00
   0.0000000e+00
   0.0000000e+00
   0.0000000e+00
   0.0000000e+00
   0.0000000e+00
  -8.2156685e-03
  -8.8633050e-03
  -9.4604001e-03
  -8.9660056e-03
  -9.3195758e-03
  -9.6591962e-03
  -9.7985903e-03
  -9.9251571e-03
  -1.0166536e-02
  -1.0668628e-02
  -1.1316446e-02
  -1.2231731e-02
  -1.3728660e-02
  -1.5257859e-02
  -1.6968936e-02
  -1.9167090e-02
  -2.1082004e-02
  -2.2876262e-02
  -2.4731990e-02
  -2.5785056e-02
  -2.6133573e-02
  -2.5018001e-02
  -2.1870996e-02
  -1.4863967e-02
  -2.4608561e-03
   0.0000000e+00
   0.0000000e+00
  -3.2506167e-02
  -3.2166081e-02
  -3.2796248e-02
  -3.1207465e-02
  -3.1506368e-02
  -3.2444532e-02
  -3.3920791e-02
  -3.5225320e-02
  -3.6420564e-02
  -3.7819529e-02
  -3.9049114e-02
  -4.0433169e-02
  -4.2245818e-02
  -4.3870123e-02
  -4.5301989e-02
  -4.6111434e-02
  -4.5323903e-02
  -4.2440853e-02
  -4.4219699e-02
  -6.4759168e-02
  -6.2453539e-02
  -5.8446833e-02
  -5.8044311e-02
  -5.5942221e-02
  -5.1641532e-02
  -4.7337810e-02
  -4.2102339e-02
  -3.4775593e-02
  -2.7477874e-02
  -1.9159827e-02
  -8.7359574e-03
  -1.2536837e-03
   1.3550140e-03
  -9.4560671e-03
  -8.2821119e-03
  -5.0598731e-03
   2.6574206e-03
   0.0000000e+00
   0.0000000e+00
   0.0000000e+00
   0.0000000e+00
   0.0000000e+00
   0.0000000e+00
   0.0000000e+00
   0.0000000e+00
  -8.9048439e-03
  -9.2932499e-03
  -9.4576668e-03
  -9.3200316e-03
  -1.0008238e-02
  -1.0708335e-02
  -1.1143769e-02
  -1.1322640e-02
  -1.1459384e-02
  -1.1563389e-02
  -1.1681696e-02
  -1.2027698e-02
  -1.2984876e-02
  -1.4247212e-02
  -1.5802975e-02
  -1.8060487e-02
  -2.0236567e-02
  -2.2363300e-02
  -2.4617162e-02
  -2.5975324e-02
  -2.6635177e-02
  -2.6032872e-02
  -2.3430112e-02
  -1.6735383e-02
  -3.8469656e-03
   0.0000000e+00
   0.0000000e+00
  -3.2014008e-02
  -3.1624776e-02
  -3.2236744e-02
  -3.0732406e-02
  -3.1170706e-02
  -3.2201237e-02
  -3.3718201e-02
  -3.5040557e-02
  -3.6246031e-02
  -3.7735273e-02
  -3.9002030e-02
  -4.0359912e-02
  -4.2151285e-02
  -4.3824734e-02
  -4.5376657e-02
  -4.6789930e-02
  -4.7492221e-02
  -4.7872033e-02
  -5.3780020e-02
  -6.4759168e-02
  -6.3170906e-02
  -5.8519111e-02
  -5.8331167e-02
  -5.6617378e-02
  -5.2726923e-02
  -4.8712098e-02
  -4.3726068e-02
  -3.6773867e-02
  -2.9702409e-02
  -2.1130295e-02
  -9.5260962e-03
  -1.3534434e-03
   1.2388423e-03
  -7.8820753e-03
  -6.9313350e-03
  -5.3046759e-03
   1.7062502e-03
   0.0000000e+00
   0.0000000e+00
   0.0000000e+00
   0.0000000e+00
   0.0000000e+00
   0.0000000e+00
   0.0000000e+00
   0.0000000e+00
  -1.6096973e-02
  -1.6720240e-02
  -1.7181818e-02
  -1.8259054e-02
  -1.9464284e-02
  -2.0552618e-02
  -2.1233104e-02
  -2.1294758e-02
  -2.1056720e-02
  -2.0274540e-02
  -1.9374424e-02
  -1.8504454e-02
  -1.7960626e-02
  -1.8179157e-02
  -1.8917893e-02
  -2.0628822e-02
  -2.2792502e-02
  -2.5198645e-02
  -2.7986341e-02
  -2.9907566e-02
  -3.1295230e-02
  -3.2121544e-02
  -3.1842657e-02
  -2.8715797e-02
  -1.7662853e-02
   0.0000000e+00
   0.0000000e+00
  -2.7614766e-02
  -2.8201983e-02
  -2.9588835e-02
  -2.6677297e-02
  -2.6648037e-02
  -2.8110536e-02
  -3.0108078e-02
  -3.1799089e-02
  -3.3343078e-02
  -3.5150423e-02
  -3.6792403e-02
  -3.8569835e-02
  -4.0953499e-02
  -4.3416041e-02
  -4.6198804e-02
  -4.9335615e-02
  -5.2027759e-02
  -5.5502853e-02
  -5.9448204e-02
  -6.0487455e-02
  -5.9875916e-02
  -6.3790308e-02
  -6.4055681e-02
  -6.3694473e-02
  -6.1385573e-02
  -5.8416947e-02
  -5.4240566e-02
  -4.7792676e-02
  -4.0831197e-02
  -3.1676139e-02
  -1.7589149e-02
  -6.2182495e-03
  -2.5052859e-03
  -1.0711757e-02
  -9.3353478e-03
  -1.0466563e-02
  -5.3539639e-03
  -1.4095468e-03
   0.0000000e+00
   0.0000000e+00
   0.0000000e+00
   0.0000000e+00
   0.0000000e+00
   0.0000000e+00
  -1.8045544e-02
  -2.2527243e-02
  -2.3644582e-02
  -2.4205597e-02
  -2.5498324e-02
  -2.6727292e-02
  -2.7821908e-02
  -2.8484189e-02
  -2.8478969e-02
  -2.8074370e-02
  -2.6952654e-02
  -2.5708218e-02
  -2.4424969e-02
  -2.3291647e-02
  -2.3025209e-02
  -2.3347543e-02
  -2.4584093e-02
  -2.6450469e-02
  -2.8677933e-02
  -3.1366180e-02
  -3.3306961e-02
  -3.4796272e-02
  -3.5910199e-02
  -3.6348542e-02
  -3.4911818e-02
  -2.6133446e-02
   0.0000000e+00
   0.0000000e+00
  -2.9594727e-02
  -2.7969611e-02
  -2.8568811e-02
  -2.4709130e-02
  -2.4183104e-02
  -2.5166128e-02
  -2.6915232e-02
  -2.8660003e-02
  -3.0413381e-02
  -3.2446570e-02
  -3.4258543e-02
  -3.6127774e-02
  -3.8361947e-02
  -4.0369429e-02
  -4.2826241e-02
  -4.5926043e-02
  -4.8656090e-02
  -5.2059486e-02
  -5.5453996e-02
  -5.6113325e-02
  -5.7230980e-02
  -6.2515002e-02
  -6.3784033e-02
  -6.4464988e-02
  -6.3339062e-02
  -6.1308148e-02
  -5.8129093e-02
  -5.2905223e-02
  -4.7257672e-02
  -3.9344522e-02
  -2.5043481e-02
  -1.0862024e-02
  -2.7883922e-03
  -1.4005788e-02
  -1.1709673e-02
  -1.0856871e-02
  -1.1390274e-02
  -6.4571294e-03
   0.0000000e+00
   0.0000000e+00
   0.0000000e+00
   0.0000000e+00
   0.0000000e+00
   0.0000000e+00
  -2.2673341e-02
  -3.2884054e-02
  -3.4839437e-02
  -3.5535871e-02
  -3.7046119e-02
  -3.8248067e-02
  -3.9302086e-02
  -3.9899736e-02
  -3.9792452e-02
  -3.9144657e-02
  -3.7543447e-02
  -3.5828691e-02
  -3.3980072e-02
  -3.2009266e-02
  -3.1028423e-02
  -3.0726818e-02
  -3.1201446e-02
  -3.2546383e-02
  -3.4422303e-02
  -3.6864556e-02
  -3.8764837e-02
  -4.0336163e-02
  -4.1766068e-02
  -4.3157168e-02
  -4.4219466e-02
  -3.9198868e-02
   0.0000000e+00
   0.0000000e+00
  -3.0611945e-02
  -2.8016127e-02
  -2.7126417e-02
  -2.1785751e-02
  -2.0447901e-02
  -2.0529854e-02
  -2.1777910e-02
  -2.3568226e-02
  -2.5644974e-02
  -2.8033203e-02
  -3.0094346e-02
  -3.2069277e-02
  -3.3961633e-02
  -3.5063488e-02
  -3.6783068e-02
  -3.9588460e-02
  -4.2120470e-02
  -4.4985933e-02
  -4.7672377e-02
  -4.8985632e-02
  -5.3015748e-02
  -5.9569922e-02
  -6.2544517e-02
  -6.4879145e-02
  -6.5624178e-02
  -6.5103921e-02
  -6.3571882e-02
  -6.0434500e-02
  -5.7084087e-02
  -5.1433544e-02
  -3.7086198e-02
  -2.5908451e-02
   0.0000000e+00
  -1.9424964e-02
  -1.9424964e-02
   0.0000000e+00
  -2.1306307e-02
  -1.5338014e-02
   0.0000000e+00
   0.0000000e+00
   0.0000000e+00
   0.0000000e+00
   0.0000000e+00
   0.0000000e+00
  -3.0815641e-02
  -5.1428450e-02
  -5.3344705e-02
  -5.3798512e-02
  -5.4850416e-02
  -5.5659994e-02
  -5.6442853e-02
  -5.6940236e-02
  -5.6862538e-02
  -5.6272592e-02
  -5.4773247e-02
  -5.3027757e-02
  -5.1067849e-02
  -4.8739047e-02
  -4.7193342e-02
  -4.6184458e-02
  -4.5653670e-02
  -4.6057707e-02
  -4.7006484e-02
  -4.8400498e-02
  -4.9447469e-02
  -5.0133529e-02
  -5.0112753e-02
  -4.9801201e-02
  -4.9972404e-02
  -4.8421545e-02
  -4.7949088e-02
  -4.3643967e-02
  -3.9881309e-02
  -3.6997126e-02
  -3.1749237e-02
  -2.5818694e-02
  -2.7017820e-02
  -2.4706016e-02
  -2.3134043e-02
  -2.3704350e-02
  -2.5694934e-02
  -2.9459190e-02
  -3.3147551e-02
  -3.6510616e-02
  -3.8436606e-02
  -3.6963861e-02
  -3.5015259e-02
  -3.5205340e-02
  -3.6382994e-02
  -3.8176565e-02
  -4.0904897e-02
  -4.4047402e-02
  -4.9261516e-02
  -5.5742430e-02
  -5.9821586e-02
  -6.3491904e-02
  -6.6422733e-02
  -6.7981076e-02
  -6.8756036e-02
  -6.8847997e-02
  -6.9218250e-02
  -6.8720686e-02
  -5.8843208e-02
  -4.4983337e-02
   0.0000000e+00
  -3.2524273e-02
  -3.2524273e-02
   0.0000000e+00
  -3.5958221e-02
  -2.8563986e-02
  -2.6055318e-02
   0.0000000e+00
   0.0000000e+00
   0.0000000e+00
   0.0000000e+00
  -5.2564644e-02
  -4.8906303e-02
  -6.1548623e-02
  -6.3264576e-02
  -6.3668210e-02
  -6.4461180e-02
  -6.5053234e-02
  -6.5644323e-02
  -6.6076198e-02
  -6.6041174e-02
  -6.5536853e-02
  -6.4197536e-02
  -6.2571208e-02
  -6.0681118e-02
  -5.8293452e-02
  -5.6547613e-02
  -5.5223920e-02
  -5.4226259e-02
  -5.4127652e-02
  -5.4505280e-02
  -5.5240114e-02
  -5.5818913e-02
  -5.6118987e-02
  -5.5691891e-02
  -5.4949224e-02
  -5.4837300e-02
  -5.4089674e-02
  -5.2495127e-02
  -4.9173542e-02
  -4.8588530e-02
  -4.2903372e-02
  -3.6341556e-02
  -3.5849126e-02
  -3.4413976e-02
  -3.0244047e-02
  -2.6215064e-02
  -2.5449045e-02
  -2.6971800e-02
  -3.1168981e-02
  -3.5780922e-02
  -4.0319955e-02
  -4.3397423e-02
  -4.1290841e-02
  -3.7082675e-02
  -3.5378175e-02
  -3.5618840e-02
  -3.6722397e-02
  -3.9268137e-02
  -4.2811039e-02
  -4.8034320e-02
  -5.4227160e-02
  -5.8629532e-02
  -6.2739346e-02
  -6.6505136e-02
  -6.8893821e-02
  -7.0598518e-02
  -7.1977177e-02
  -7.3634173e-02
  -7.5046285e-02
  -6.7735929e-02
  -5.4135645e-02
   0.0000000e+00
  -5.1647926e-02
  -4.1008631e-02
   0.0000000e+00
  -4.4507519e-02
  -3.4536327e-02
  -2.9962741e-02
   0.0000000e+00
   0.0000000e+00
   0.0000000e+00
  -7.0894504e-02
  -5.9850958e-02
  -5.7419712e-02
  -7.8210983e-02
  -7.9351094e-02
  -7.9785195e-02
  -8.0139737e-02
  -8.0368978e-02
  -8.0584111e-02
  -8.0893296e-02
  -8.0965010e-02
  -8.0675993e-02
  -7.9743758e-02
  -7.8500535e-02
  -7.6904906e-02
  -7.4608020e-02
  -7.2681346e-02
  -7.0937196e-02
  -6.9283343e-02
  -6.8372051e-02
  -6.7719679e-02
  -6.7249405e-02
  -6.7053951e-02
  -6.6852067e-02
  -6.6285859e-02
  -6.5518229e-02
  -6.5219511e-02
  -6.6025326e-02
  -6.6230824e-02
  -6.5880958e-02
  -6.7941526e-02
  -6.5116034e-02
   0.0000000e+00
  -5.4050724e-02
  -5.1831250e-02
  -4.3843297e-02
  -3.4506643e-02
  -3.0618433e-02
  -3.0792317e-02
  -3.5265020e-02
  -4.1446488e-02
  -4.8497038e-02
  -5.5028419e-02
  -5.2938653e-02
  -4.4655830e-02
  -3.9189406e-02
  -3.7615279e-02
  -3.7438308e-02
  -3.9400920e-02
  -4.2780971e-02
  -4.7143500e-02
  -5.2520907e-02
  -5.7071021e-02
  -6.1506480e-02
  -6.6154893e-02
  -6.9492685e-02
  -7.2275414e-02
  -7.5118548e-02
  -7.7871468e-02
  -8.1186892e-02
  -7.8278897e-02
  -6.7475567e-02
   0.0000000e+00
  -6.3635916e-02
  -5.6814332e-02
   0.0000000e+00
  -5.9344385e-02
  -4.7619275e-02
  -4.1768882e-02
   0.0000000e+00
   0.0000000e+00
   0.0000000e+00
  -7.0894504e-02
  -7.0858629e-02
  -7.2961493e-02
  -8.8277577e-02
  -8.9557252e-02
  -9.0246773e-02
  -9.0651224e-02
  -9.0884217e-02
  -9.1035761e-02
  -9.1331031e-02
  -9.1469017e-02
  -9.1344198e-02
  -9.0760077e-02
  -8.9916221e-02
  -8.8692717e-02
  -8.6689630e-02
  -8.4892333e-02
  -8.3091302e-02
  -8.1204720e-02
  -7.9976300e-02
  -7.8850185e-02
  -7.7811517e-02
  -7.7276989e-02
  -7.7048563e-02
  -7.7084913e-02
  -7.7286556e-02
  -7.7729557e-02
  -7.9580250e-02
  -8.1831650e-02
  -8.4177136e-02
  -8.6805884e-02
  -8.4238607e-02
   0.0000000e+00
  -8.2009755e-02
  -7.1352019e-02
  -5.9324486e-02
  -4.3236489e-02
  -3.4308487e-02
  -3.1970622e-02
  -3.5809269e-02
  -4.2170846e-02
  -5.0657243e-02
  -6.2133317e-02
  -6.3888209e-02
  -5.6069462e-02
  -4.8036748e-02
  -4.5007760e-02
  -4.3187455e-02
  -4.3190457e-02
  -4.4972852e-02
  -4.7837665e-02
  -5.2188951e-02
  -5.6454412e-02
  -6.0991160e-02
  -6.6277942e-02
  -7.0235710e-02
  -7.3593711e-02
  -7.6773603e-02
  -7.8945404e-02
  -8.0961934e-02
  -8.0964603e-02
  -7.5244847e-02
  -7.5979717e-02
  -7.4263764e-02
  -6.5397645e-02
   0.0000000e+00
  -7.1486132e-02
  -5.9598247e-02
  -5.2252207e-02
   0.0000000e+00
  -9.3328070e-02
  -8.9836895e-02
  -8.2235223e-02
  -7.9915964e-02
  -8.3655393e-02
  -9.3079900e-02
  -9.4494168e-02
  -9.5359878e-02
  -9.5886344e-02
  -9.6200537e-02
  -9.6396986e-02
  -9.6740360e-02
  -9.6920040e-02
  -9.6885319e-02
  -9.6509137e-02
  -9.5897364e-02
  -9.4909984e-02
  -9.3157122e-02
  -9.1513294e-02
  -8.9762300e-02
  -8.7814674e-02
  -8.6457283e-02
  -8.5142475e-02
  -8.3870696e-02
  -8.3201962e-02
  -8.2964005e-02
  -8.3269544e-02
  -8.3918152e-02
  -8.4745395e-02
  -8.7112703e-02
  -9.0271000e-02
  -9.3628017e-02
  -9.6378495e-02
  -9.5755402e-02
  -1.0024138e-01
  -8.8304865e-02
  -8.2349875e-02
  -6.8487008e-02
  -4.8338239e-02
  -3.5829378e-02
  -3.1747365e-02
  -3.5494283e-02
  -4.1462906e-02
  -5.0247938e-02
  -6.3229735e-02
  -6.8400330e-02
  -6.2292152e-02
  -5.4420576e-02
  -5.0704671e-02
  -4.8010647e-02
  -4.6672807e-02
  -4.7229904e-02
  -4.8964680e-02
  -5.2458109e-02
  -5.6388906e-02
  -6.0866677e-02
  -6.6469351e-02
  -7.0838637e-02
  -7.4642561e-02
  -7.8260484e-02
  -8.0486437e-02
  -8.2293455e-02
  -8.4106004e-02
  -8.0349162e-02
  -7.9574975e-02
  -8.0410491e-02
  -6.8934678e-02
   0.0000000e+00
  -7.8335764e-02
  -6.6827490e-02
  -5.8721984e-02
   0.0000000e+00
  -9.3328070e-02
  -8.9460302e-02
  -8.4247445e-02
  -8.4529541e-02
  -8.8884630e-02
  -9.6009425e-02
  -9.7768946e-02
  -9.8952377e-02
  -9.9933224e-02
  -1.0060419e-01
  -1.0111914e-01
  -1.0170366e-01
  -1.0194776e-01
  -1.0201353e-01
  -1.0192619e-01
  -1.0161680e-01
  -1.0100018e-01
  -9.9825808e-02
  -9.8630578e-02
  -9.7208690e-02
  -9.5417197e-02
  -9.4067472e-02
  -9.2781908e-02
  -9.1515114e-02
  -9.0871108e-02
  -9.0639452e-02
  -9.1038534e-02
  -9.1900100e-02
  -9.3079359e-02
  -9.5832041e-02
  -9.9276167e-02
  -1.0218897e-01
  -1.0443598e-01
  -1.0389987e-01
  -1.0024138e-01
  -1.0359961e-01
  -9.5579501e-02
  -8.0952093e-02
  -5.5076174e-02
  -3.5830651e-02
  -2.8572563e-02
  -3.3078918e-02
  -3.6955065e-02
  -4.4427504e-02
  -5.2292643e-02
   0.0000000e+00
  -7.1365639e-02
  -6.6684100e-02
  -6.2576760e-02
  -5.9002471e-02
  -5.5275879e-02
  -5.3293678e-02
  -5.2731369e-02
  -5.4276372e-02
  -5.7233594e-02
  -6.1260254e-02
  -6.7099557e-02
  -7.2167742e-02
  -7.6907169e-02
  -8.1865472e-02
  -8.5406563e-02
  -8.8672575e-02
  -9.3219326e-02
  -9.6041509e-02
  -9.5678211e-02
  -9.0964111e-02
   0.0000000e+00
   0.0000000e+00
  -8.6605067e-02
  -7.7097516e-02
  -6.8350899e-02
   0.0000000e+00
   0.0000000e+00
  -8.7211278e-02
  -8.8027262e-02
  -8.8476486e-02
  -9.2568476e-02
  -9.1414787e-02
  -9.3199156e-02
  -9.4514015e-02
  -9.5855350e-02
  -9.6884065e-02
  -9.7687868e-02
  -9.8460855e-02
  -9.8812932e-02
  -9.8989212e-02
  -9.8996233e-02
  -9.8735603e-02
  -9.8388538e-02
  -9.7796338e-02
  -9.7023145e-02
  -9.6021454e-02
  -9.4713191e-02
  -9.3603417e-02
  -9.2616120e-02
  -9.1707890e-02
  -9.1198134e-02
  -9.0919374e-02
  -9.1003392e-02
  -9.1521478e-02
  -9.2427399e-02
  -9.4730640e-02
  -9.7510556e-02
  -9.9660214e-02
  -1.0110807e-01
  -1.0170974e-01
  -1.0187083e-01
  -1.0373305e-01
  -9.7480571e-02
  -8.5757097e-02
  -6.1066758e-02
  -3.5909334e-02
  -2.7197120e-02
  -3.0848190e-02
  -3.0723060e-02
  -3.6083822e-02
  -4.3335549e-02
   0.0000000e+00
  -7.0530004e-02
  -7.1522373e-02
  -6.8899413e-02
  -6.6091159e-02
  -6.2004144e-02
  -5.8824137e-02
  -5.6703975e-02
  -5.6407450e-02
  -5.8031975e-02
  -6.0940312e-02
  -6.5771599e-02
  -7.0301544e-02
  -7.4708223e-02
  -7.9456269e-02
  -8.2977330e-02
  -8.6351674e-02
  -9.0045204e-02
  -9.2191744e-02
  -9.3460029e-02
  -9.0392051e-02
   0.0000000e+00
  -8.2117160e-02
  -8.6026017e-02
  -8.0809761e-02
  -7.4402441e-02
   0.0000000e+00
   0.0000000e+00
  -8.7211278e-02
  -8.3707217e-02
  -8.5356588e-02
  -8.8322156e-02
  -8.5948242e-02
  -8.7791917e-02
  -8.9177219e-02
  -9.0741966e-02
  -9.1987998e-02
  -9.2984219e-02
  -9.3885120e-02
  -9.4314946e-02
  -9.4558949e-02
  -9.4635683e-02
  -9.4440880e-02
  -9.4278405e-02
  -9.4072526e-02
  -9.3621981e-02
  -9.2965323e-02
  -9.2062430e-02
  -9.1192922e-02
  -9.0458789e-02
  -8.9836192e-02
  -8.9448508e-02
  -8.9188024e-02
  -8.9093280e-02
  -8.9347211e-02
  -9.0012794e-02
  -9.1926748e-02
  -9.4177545e-02
  -9.5860104e-02
  -9.7033867e-02
  -9.8297668e-02
  -1.0026775e-01
  -1.0128697e-01
  -9.6561949e-02
  -8.7626426e-02
  -6.5869940e-02
  -3.8536781e-02
  -2.4543180e-02
  -2.6543963e-02
  -2.7716870e-02
  -3.2059003e-02
  -3.9014832e-02
   0.0000000e+00
  -7.0126911e-02
  -7.2537191e-02
  -7.1519682e-02
  -6.9363259e-02
  -6.5508817e-02
  -6.1883630e-02
  -5.8936296e-02
  -5.7429662e-02
  -5.8065540e-02
  -6.0066522e-02
  -6.3948357e-02
  -6.7831106e-02
  -7.1713057e-02
  -7.5982221e-02
  -7.9197965e-02
  -8.2330979e-02
  -8.5307004e-02
  -8.6862502e-02
  -8.8703326e-02
  -8.5711638e-02
  -6.5665308e-02
  -7.8166655e-02
  -8.3294830e-02
  -8.1558289e-02
  -7.7056779e-02
   0.0000000e+00
   0.0000000e+00
   0.0000000e+00
  -7.8994532e-02
  -8.0884608e-02
  -8.3131111e-02
  -7.1843256e-02
  -7.3892289e-02
  -7.5308160e-02
  -7.7087813e-02
  -7.8528040e-02
  -7.9754617e-02
  -8.0816086e-02
  -8.1357303e-02
  -8.1663856e-02
  -8.1845586e-02
  -8.1834385e-02
  -8.1908685e-02
  -8.2160625e-02
  -8.2226803e-02
  -8.2187857e-02
  -8.2032573e-02
  -8.1703442e-02
  -8.1443586e-02
  -8.1309943e-02
  -8.1170981e-02
  -8.1088416e-02
  -8.0877446e-02
  -8.0704059e-02
  -8.0898837e-02
  -8.2064248e-02
  -8.3409260e-02
  -8.4662301e-02
  -8.6319522e-02
  -8.8074982e-02
  -8.9899666e-02
  -9.0392254e-02
  -8.8595658e-02
  -8.5680032e-02
  -7.4173824e-02
  -6.1012263e-02
   0.0000000e+00
   0.0000000e+00
   0.0000000e+00
   0.0000000e+00
   0.0000000e+00
   0.0000000e+00
   0.0000000e+00
  -6.6812783e-02
  -6.9655121e-02
  -6.8723857e-02
  -6.6633233e-02
  -6.3583571e-02
  -6.0307732e-02
  -5.7404600e-02
  -5.6539870e-02
  -5.6944262e-02
  -5.8815897e-02
  -6.1016738e-02
  -6.3318080e-02
  -6.5949168e-02
  -6.7881845e-02
  -6.9740769e-02
  -7.1389136e-02
  -7.1794058e-02
  -7.2703997e-02
  -7.1375948e-02
  -6.5665308e-02
  -6.5308512e-02
  -7.2654356e-02
  -7.7035486e-02
  -7.5907613e-02
   0.0000000e+00
   0.0000000e+00
   0.0000000e+00
  -6.7586276e-02
  -6.8008559e-02
  -6.9492557e-02
  -5.3332207e-02
  -5.5391804e-02
  -5.6831733e-02
  -5.8473359e-02
  -5.9881077e-02
  -6.1162117e-02
  -6.2275790e-02
  -6.2908128e-02
  -6.3288320e-02
  -6.3593150e-02
  -6.3805030e-02
  -6.4013101e-02
  -6.4420404e-02
  -6.4872512e-02
  -6.5364622e-02
  -6.5879997e-02
  -6.6139508e-02
  -6.6368877e-02
  -6.6727509e-02
  -6.7003172e-02
  -6.7265728e-02
  -6.7278283e-02
  -6.7082343e-02
  -6.7056806e-02
  -6.7723091e-02
  -6.8547929e-02
  -6.9327940e-02
  -7.0510737e-02
  -7.1720126e-02
  -7.2770571e-02
  -7.3239122e-02
  -7.3407567e-02
  -7.4298131e-02
  -7.4921604e-02
  -7.1949940e-02
   0.0000000e+00
   0.0000000e+00
   0.0000000e+00
   0.0000000e+00
   0.0000000e+00
   0.0000000e+00
   0.0000000e+00
  -5.5373411e-02
  -6.0247117e-02
  -5.9779121e-02
  -5.9271889e-02
  -5.7588828e-02
  -5.5324974e-02
  -5.2696236e-02
  -5.1223968e-02
  -5.0602612e-02
  -5.0816385e-02
  -5.1329623e-02
  -5.1841862e-02
  -5.2579347e-02
  -5.3202784e-02
  -5.3802658e-02
  -5.4313713e-02
  -5.4672504e-02
  -5.5885114e-02
  -5.5009744e-02
  -4.9442829e-02
  -4.5327517e-02
  -5.3424671e-02
  -6.2026808e-02
  -6.2476322e-02
   0.0000000e+00
   0.0000000e+00
   0.0000000e+00
  -5.2863028e-02
  -5.0580226e-02
  -5.1093329e-02
  -3.7682966e-02
  -3.9687142e-02
  -4.1071392e-02
  -4.2574614e-02
  -4.3920778e-02
  -4.5198198e-02
  -4.6325054e-02
  -4.7010793e-02
  -4.7446574e-02
  -4.7808219e-02
  -4.8130689e-02
  -4.8436621e-02
  -4.8939903e-02
  -4.9597903e-02
  -5.0425552e-02
  -5.1417898e-02
  -5.2109520e-02
  -5.2750938e-02
  -5.3524355e-02
  -5.4137229e-02
  -5.4689965e-02
  -5.4962358e-02
  -5.4862398e-02
  -5.4761597e-02
  -5.5090996e-02
  -5.5528542e-02
  -5.5925569e-02
  -5.6607034e-02
  -5.7317888e-02
  -5.7872733e-02
  -5.8341611e-02
  -5.9495511e-02
  -6.2237618e-02
  -6.9119275e-02
  -7.1049751e-02
  -6.6102958e-02
   0.0000000e+00
   0.0000000e+00
   0.0000000e+00
   0.0000000e+00
   0.0000000e+00
   0.0000000e+00
  -4.9409801e-02
  -5.0553973e-02
  -5.0750210e-02
  -5.0990011e-02
  -5.0234605e-02
  -4.8852232e-02
  -4.6773769e-02
  -4.5128164e-02
  -4.3962401e-02
  -4.3175068e-02
  -4.2608457e-02
  -4.1915084e-02
  -4.1238190e-02
  -4.0855386e-02
  -4.0550644e-02
  -4.0251070e-02
  -4.0429913e-02
  -4.1607212e-02
  -4.1029636e-02
  -3.5091498e-02
  -3.5180179e-02
  -4.6071857e-02
  -5.6287971e-02
  -5.7340627e-02
   0.0000000e+00
  -3.2498133e-02
  -2.2941106e-02
  -3.8314284e-02
  -3.6047547e-02
  -3.5791005e-02
  -1.6257912e-02
  -1.8113456e-02
  -1.9335534e-02
  -2.0624719e-02
  -2.1848090e-02
  -2.3064404e-02
  -2.4174319e-02
  -2.4906451e-02
  -2.5410801e-02
  -2.5796803e-02
  -2.6182499e-02
  -2.6605188e-02
  -2.7199889e-02
  -2.8003683e-02
  -2.9162488e-02
  -3.0706089e-02
  -3.1915221e-02
  -3.3119024e-02
  -3.4458749e-02
  -3.5518239e-02
  -3.6466464e-02
  -3.7174719e-02
  -3.7336233e-02
  -3.7257875e-02
  -3.7222231e-02
  -3.7188858e-02
  -3.7080673e-02
  -3.6962427e-02
  -3.6949047e-02
  -3.7005070e-02
  -3.7497742e-02
  -3.9236776e-02
  -4.2969190e-02
  -5.3900745e-02
  -6.4697626e-02
  -6.6102958e-02
   0.0000000e+00
   0.0000000e+00
   0.0000000e+00
   0.0000000e+00
   0.0000000e+00
   0.0000000e+00
  -3.3516387e-02
  -3.5316525e-02
  -3.6730327e-02
  -3.7324064e-02
  -3.7581292e-02
  -3.7435076e-02
  -3.6469849e-02
  -3.4971637e-02
  -3.3425445e-02
  -3.1720255e-02
  -3.0067387e-02
  -2.8070402e-02
  -2.5667933e-02
  -2.4021228e-02
  -2.2658642e-02
  -2.1419809e-02
  -2.1192934e-02
  -2.1992676e-02
  -2.1726820e-02
  -1.4723382e-02
  -1.0111184e-02
   0.0000000e+00
   0.0000000e+00
   0.0000000e+00
   0.0000000e+00
  -3.2498133e-02
  -2.2941106e-02
  -1.6019757e-02
  -1.6378664e-02
  -1.5126244e-02
   1.0944200e-02
   1.0297079e-02
   9.8737082e-03
   9.1685058e-03
   8.0575165e-03
   6.8351188e-03
   5.6750446e-03
   4.9320274e-03
   4.3770230e-03
   3.9672416e-03
   3.6324686e-03
   3.1535877e-03
   2.3940095e-03
   1.4716221e-03
   6.1685799e-05
  -2.0646649e-03
  -3.8980954e-03
  -5.8072612e-03
  -7.9132755e-03
  -9.3538142e-03
  -1.0602919e-02
  -1.1770369e-02
  -1.2198297e-02
  -1.2198976e-02
  -1.2019789e-02
  -1.1628405e-02
  -1.1093466e-02
  -1.0476928e-02
  -1.0065639e-02
  -9.7602653e-03
  -9.9780185e-03
  -1.1423737e-02
  -1.4861340e-02
  -2.3866837e-02
  -3.6864945e-02
  -4.4544573e-02
  -4.0317476e-02
   0.0000000e+00
   0.0000000e+00
   0.0000000e+00
   0.0000000e+00
   0.0000000e+00
  -1.2662098e-02
  -1.4361836e-02
  -1.6343844e-02
  -1.6397544e-02
  -1.6694217e-02
  -1.7254164e-02
  -1.7578085e-02
  -1.6949903e-02
  -1.5646675e-02
  -1.3513964e-02
  -1.1176882e-02
  -8.2733630e-03
  -4.3611231e-03
  -1.2594267e-03
   1.4300439e-03
   3.8395834e-03
   4.8413605e-03
   4.8712436e-03
   4.6715386e-03
   4.2198683e-03
  -1.0111184e-02
   0.0000000e+00
   0.0000000e+00
  -1.3358146e-02
  -1.4274926e-02
  -1.1605058e-02
  -2.6341764e-03
   7.6928628e-03
   5.8497681e-03
   8.7243941e-03
   3.2154143e-02
   3.1667335e-02
   3.1690963e-02
   3.1555317e-02
   3.0632539e-02
   2.9485516e-02
   2.8333113e-02
   2.7580672e-02
   2.6982160e-02
   2.6456791e-02
   2.6066094e-02
   2.5560792e-02
   2.4635100e-02
   2.3507779e-02
   2.1871743e-02
   1.9350889e-02
   1.7121613e-02
   1.4784553e-02
   1.2188267e-02
   1.0446996e-02
   9.0488660e-03
   7.7975214e-03
   7.3232972e-03
   7.2519662e-03
   7.4242409e-03
   7.9450961e-03
   8.6599083e-03
   9.5029502e-03
   1.0135675e-02
   1.0614112e-02
   1.0547584e-02
   9.3236659e-03
   6.1985991e-03
  -1.4249637e-03
  -1.2126572e-02
  -2.2599818e-02
  -2.3606232e-02
  -1.1714783e-02
   0.0000000e+00
   0.0000000e+00
  -6.0072844e-03
  -1.4154042e-03
   6.8847055e-03
   8.4773599e-04
  -1.4529554e-03
  -9.3073615e-04
  -6.0132011e-04
  -9.6514939e-04
  -1.6225674e-03
  -1.4728922e-03
  -4.5756200e-04
   1.7916255e-03
   4.5517019e-03
   8.0065300e-03
   1.2737712e-02
   1.6736120e-02
   2.0444133e-02
   2.3998736e-02
   2.5695052e-02
   2.6222764e-02
   2.5522275e-02
   2.5519050e-02
   0.0000000e+00
   0.0000000e+00
   0.0000000e+00
   3.5736069e-03
   2.7900830e-03
   5.1542200e-03
   1.4804922e-02
   3.1119205e-02
   2.7324554e-02
   2.8601918e-02
   5.5499835e-02
   5.5011652e-02
   5.5329464e-02
   5.5742831e-02
   5.5030875e-02
   5.3997805e-02
   5.2892428e-02
   5.2144147e-02
   5.1513433e-02
   5.0853768e-02
   5.0359900e-02
   4.9772232e-02
   4.8617715e-02
   4.7217810e-02
   4.5306865e-02
   4.2378222e-02
   3.9746337e-02
   3.7002106e-02
   3.3956629e-02
   3.1912506e-02
   3.0386293e-02
   2.9153045e-02
   2.8680341e-02
   2.8532467e-02
   2.8702256e-02
   2.9326480e-02
   3.0155474e-02
   3.1173792e-02
   3.2028407e-02
   3.2663621e-02
   3.2707948e-02
   3.1688276e-02
   2.8925083e-02
   2.2612042e-02
   1.4812264e-02
   5.1383554e-03
  -4.5397382e-03
  -2.4098067e-03
   1.6601654e-02
   1.4180585e-02
   3.2614461e-04
   2.4578195e-03
   1.4732240e-02
   1.7259653e-02
   1.5128315e-02
   1.6236977e-02
   1.7259623e-02
   1.7245036e-02
   1.6461375e-02
   1.6227931e-02
   1.6949150e-02
   1.9256108e-02
   2.2413032e-02
   2.6402048e-02
   3.1917763e-02
   3.6811138e-02
   4.1585835e-02
   4.6461915e-02
   4.9078978e-02
   5.0275859e-02
   4.9244717e-02
   5.2360584e-02
   7.2135444e-02
   6.8400142e-02
   6.7104406e-02
   2.9999244e-02
   2.6044483e-02
   2.5689554e-02
   3.4853461e-02
   5.9182120e-02
   5.3008145e-02
   5.1029228e-02
   8.7391506e-02
   8.6944684e-02
   8.7043522e-02
   8.7785625e-02
   8.7279342e-02
   8.6448506e-02
   8.5516404e-02
   8.4832763e-02
   8.4224584e-02
   8.3446760e-02
   8.2737885e-02
   8.1808074e-02
   8.0193481e-02
   7.8341789e-02
   7.5980460e-02
   7.2542669e-02
   6.9405356e-02
   6.6242136e-02
   6.2841018e-02
   6.0499176e-02
   5.8859116e-02
   5.7827530e-02
   5.7410949e-02
   5.7172094e-02
   5.7473487e-02
   5.8226828e-02
   5.9024373e-02
   6.0142538e-02
   6.1298624e-02
   6.2118118e-02
   6.2152634e-02
   6.1259281e-02
   5.8982130e-02
   5.3733703e-02
   4.7524724e-02
   4.0245734e-02
   3.0482383e-02
   2.2531032e-02
   1.6601654e-02
   1.4180585e-02
   1.7302118e-02
   2.3221214e-02
   3.4522547e-02
   3.9452618e-02
   3.9510521e-02
   4.1081435e-02
   4.2434367e-02
   4.2709959e-02
   4.2068541e-02
   4.1692609e-02
   4.2197932e-02
   4.4511466e-02
   4.8042412e-02
   5.2620910e-02
   5.9086761e-02
   6.5064209e-02
   7.1094144e-02
   7.7795715e-02
   8.2207772e-02
   8.4946633e-02
   8.4477646e-02
   8.1452066e-02
   7.2135444e-02
   6.8400142e-02
   6.7104406e-02
   6.8170017e-02
   5.9224277e-02
   5.3782656e-02
   6.4102726e-02
   1.0185772e-01
   9.2275222e-02
   8.2621812e-02
   1.1834374e-01
   1.1850744e-01
   1.1785438e-01
   1.1799332e-01
   1.1738357e-01
   1.1665353e-01
   1.1591785e-01
   1.1529603e-01
   1.1466390e-01
   1.1367383e-01
   1.1268879e-01
   1.1135643e-01
   1.0923264e-01
   1.0695985e-01
   1.0425005e-01
   1.0058563e-01
   9.7216130e-02
   9.3914962e-02
   9.0543922e-02
   8.8324487e-02
   8.6779874e-02
   8.5920264e-02
   8.5660885e-02
   8.5555930e-02
   8.5962362e-02
   8.6772456e-02
   8.7558667e-02
   8.8678712e-02
   8.9812472e-02
   9.0609184e-02
   9.0603297e-02
   8.9771293e-02
   8.7956500e-02
   8.3899396e-02
   7.8897665e-02
   7.3014342e-02
   6.4817726e-02
   5.8612877e-02
   5.3816890e-02
   5.2784766e-02
   5.5163306e-02
   5.9059994e-02
   6.4851889e-02
   6.7474974e-02
   6.8114874e-02
   6.9400438e-02
   7.0319404e-02
   7.0400619e-02
   6.9927855e-02
   6.9922644e-02
   7.0597494e-02
   7.2778712e-02
   7.6310024e-02
   8.1195552e-02
   8.8178880e-02
   9.4733922e-02
   1.0143411e-01
   1.0860543e-01
   1.1409499e-01
   1.1823122e-01
   1.1888521e-01
   1.1719724e-01
   1.0941095e-01
   1.0494021e-01
   1.0475287e-01
   1.0584443e-01
   9.4785304e-02
   8.2684504e-02
   9.2350574e-02
   1.4232371e-01
   1.3137055e-01
   1.1469721e-01
   1.4094418e-01
   1.4123268e-01
   1.4003968e-01
   1.3947922e-01
   1.3876198e-01
   1.3796433e-01
   1.3707149e-01
   1.3635006e-01
   1.3556792e-01
   1.3416793e-01
   1.3277858e-01
   1.3098397e-01
   1.2827674e-01
   1.2572607e-01
   1.2287210e-01
   1.1918995e-01
   1.1606923e-01
   1.1302253e-01
   1.0981364e-01
   1.0790916e-01
   1.0667555e-01
   1.0596577e-01
   1.0593436e-01
   1.0608120e-01
   1.0655997e-01
   1.0724684e-01
   1.0792989e-01
   1.0890199e-01
   1.0982921e-01
   1.1044363e-01
   1.1048004e-01
   1.0988776e-01
   1.0846166e-01
   1.0544314e-01
   1.0171415e-01
   9.7252439e-02
   9.0896147e-02
   8.6060024e-02
   8.2466394e-02
   8.1868967e-02
   8.3571883e-02
   8.6246336e-02
   8.9494564e-02
   9.0833828e-02
   9.1458060e-02
   9.2442010e-02
   9.2836858e-02
   9.2710796e-02
   9.2588198e-02
   9.2884434e-02
   9.3854156e-02
   9.6336583e-02
   9.9840156e-02
   1.0477497e-01
   1.1170552e-01
   1.1795808e-01
   1.2433857e-01
   1.3098456e-01
   1.3613799e-01
   1.4020643e-01
   1.4149787e-01
   1.4068397e-01
   1.3526252e-01
   1.3284379e-01
   1.3360120e-01
   1.3472088e-01
   1.2306767e-01
   1.0877697e-01
   1.1766276e-01
   1.7104810e-01
   1.6082834e-01
   1.3995543e-01
   1.5827797e-01
   1.5838743e-01
   1.5681213e-01
   1.5565268e-01
   1.5477871e-01
   1.5366379e-01
   1.5248613e-01
   1.5145867e-01
   1.5040653e-01
   1.4858964e-01
   1.4669861e-01
   1.4444222e-01
   1.4113024e-01
   1.3835283e-01
   1.3547712e-01
   1.3206658e-01
   1.2953937e-01
   1.2701261e-01
   1.2432050e-01
   1.2281370e-01
   1.2198648e-01
   1.2161101e-01
   1.2169114e-01
   1.2198215e-01
   1.2246641e-01
   1.2302385e-01
   1.2364990e-01
   1.2437190e-01
   1.2500254e-01
   1.2541329e-01
   1.2560538e-01
   1.2534976e-01
   1.2439117e-01
   1.2251181e-01
   1.2013593e-01
   1.1733212e-01
   1.1319597e-01
   1.0991310e-01
   1.0766033e-01
   1.0728386e-01
   1.0849449e-01
   1.1023425e-01
   1.1174296e-01
   1.1212983e-01
   1.1233427e-01
   1.1278154e-01
   1.1269791e-01
   1.1245440e-01
   1.1282768e-01
   1.1356022e-01
   1.1499053e-01
   1.1784600e-01
   1.2142235e-01
   1.2620669e-01
   1.3242598e-01
   1.3788908e-01
   1.4326396e-01
   1.4884134e-01
   1.5299274e-01
   1.5619819e-01
   1.5785595e-01
   1.5744449e-01
   1.5479377e-01
   1.5489957e-01
   1.5652720e-01
   1.5822751e-01
   1.4757244e-01
   1.3615717e-01
   1.4530616e-01
   1.9400027e-01
   1.8438856e-01
   1.6094723e-01
   1.6638052e-01
   1.6607006e-01
   1.6434696e-01
   1.6293577e-01
   1.6176703e-01
   1.6019092e-01
   1.5858987e-01
   1.5717620e-01
   1.5580753e-01
   1.5374430e-01
   1.5144462e-01
   1.4885991e-01
   1.4521332e-01
   1.4231305e-01
   1.3958112e-01
   1.3672846e-01
   1.3503326e-01
   1.3327210e-01
   1.3154751e-01
   1.3051409e-01
   1.3010822e-01
   1.3023175e-01
   1.3027639e-01
   1.3050237e-01
   1.3088448e-01
   1.3141649e-01
   1.3206215e-01
   1.3255139e-01
   1.3289154e-01
   1.3317864e-01
   1.3361603e-01
   1.3373497e-01
   1.3337390e-01
   1.3264811e-01
   1.3160412e-01
   1.3052437e-01
   1.2876969e-01
   1.2720682e-01
   1.2629186e-01
   1.2619259e-01
   1.2716343e-01
   1.2821619e-01
   1.2849491e-01
   1.2821977e-01
   1.2769994e-01
   1.2742190e-01
   1.2704082e-01
   1.2690489e-01
   1.2783310e-01
   1.2918032e-01
   1.3121003e-01
   1.3443182e-01
   1.3813216e-01
   1.4241123e-01
   1.4732650e-01
   1.5153278e-01
   1.5535627e-01
   1.5926787e-01
   1.6199736e-01
   1.6384790e-01
   1.6541728e-01
   1.6512266e-01
   1.6504626e-01
   1.6723168e-01
   1.6933298e-01
   1.7204212e-01
   1.6525259e-01
   1.6147312e-01
   1.7163192e-01
   2.0805403e-01
   1.9696716e-01
   1.7283153e-01
   1.6113894e-01
   1.6044925e-01
   1.5879754e-01
   1.5759263e-01
   1.5576608e-01
   1.5410981e-01
   1.5178616e-01
   1.5047504e-01
   1.4902290e-01
   1.4708856e-01
   1.4496253e-01
   1.4241050e-01
   1.3932727e-01
   1.3657012e-01
   1.3421689e-01
   1.3187481e-01
   1.3084428e-01
   1.3000979e-01
   1.2945993e-01
   1.2909296e-01
   1.2902411e-01
   1.2940183e-01
   1.2954028e-01
   1.2962240e-01
   1.2981891e-01
   1.3052352e-01
   1.3114012e-01
   1.3174727e-01
   1.3202110e-01
   1.3238899e-01
   1.3298230e-01
   1.3341363e-01
   1.3378561e-01
   1.3390235e-01
   1.3411055e-01
   1.3426408e-01
   1.3444287e-01
   1.3430594e-01
   1.3445019e-01
   1.3494870e-01
   1.3567258e-01
   1.3615482e-01
   1.3583088e-01
   1.3516735e-01
   1.3406598e-01
   1.3337385e-01
   1.3296100e-01
   1.3329011e-01
   1.3459887e-01
   1.3658841e-01
   1.3916244e-01
   1.4291353e-01
   1.4642056e-01
   1.4958257e-01
   1.5346733e-01
   1.5601475e-01
   1.5835688e-01
   1.5980743e-01
   1.6109395e-01
   1.6192251e-01
   1.6260876e-01
   1.6328534e-01
   1.6454101e-01
   1.6824704e-01
   1.6972969e-01
   1.7245134e-01
   1.7406350e-01
   1.7579371e-01
   1.8448026e-01
   2.1008327e-01
   1.9282923e-01
   1.6929547e-01
   1.4801071e-01
   1.4688974e-01
   1.4519318e-01
   1.4216823e-01
   1.3891516e-01
   1.3593108e-01
   1.3373618e-01
   1.3275460e-01
   1.3151223e-01
   1.2995957e-01
   1.2820217e-01
   1.2655112e-01
   1.2407172e-01
   1.2218906e-01
   1.2036156e-01
   1.1893326e-01
   1.1823469e-01
   1.1833222e-01
   1.1875935e-01
   1.1921975e-01
   1.1946887e-01
   1.1984752e-01
   1.2006952e-01
   1.2029215e-01
   1.2080904e-01
   1.2161273e-01
   1.2229142e-01
   1.2296735e-01
   1.2368027e-01
   1.2446286e-01
   1.2539209e-01
   1.2613477e-01
   1.2699198e-01
   1.2784934e-01
   1.2870304e-01
   1.2946982e-01
   1.3067414e-01
   1.3156472e-01
   1.3265113e-01
   1.3348808e-01
   1.3421927e-01
   1.3448844e-01
   1.3434606e-01
   1.3328665e-01
   1.3206021e-01
   1.3118353e-01
   1.3134511e-01
   1.3205250e-01
   1.3386558e-01
   1.3610614e-01
   1.3903322e-01
   1.4305615e-01
   1.4643413e-01
   1.4957071e-01
   1.5290821e-01
   1.5550932e-01
   1.5696929e-01
   1.5801722e-01
   1.5803325e-01
   1.5793015e-01
   1.5763868e-01
   1.5840478e-01
   1.5918415e-01
   1.6163885e-01
   1.6221186e-01
   1.6472161e-01
   1.6879450e-01
   1.6869900e-01
   1.7549471e-01
   1.9596946e-01
   1.7717308e-01
   1.5499178e-01
   1.2820616e-01
   1.2593171e-01
   1.2354919e-01
   1.2014553e-01
   1.1722630e-01
   1.1473605e-01
   1.1362394e-01
   1.1278514e-01
   1.1183705e-01
   1.1031783e-01
   1.0897645e-01
   1.0727491e-01
   1.0538029e-01
   1.0402995e-01
   1.0316487e-01
   1.0258517e-01
   1.0268640e-01
   1.0320973e-01
   1.0412255e-01
   1.0480347e-01
   1.0555823e-01
   1.0620120e-01
   1.0697256e-01
   1.0776611e-01
   1.0879054e-01
   1.0943248e-01
   1.1023370e-01
   1.1146942e-01
   1.1260265e-01
   1.1344778e-01
   1.1427282e-01
   1.1503569e-01
   1.1597349e-01
   1.1699360e-01
   1.1829927e-01
   1.1995727e-01
   1.2245522e-01
   1.2445220e-01
   1.2624372e-01
   1.2774514e-01
   1.2846579e-01
   1.2863471e-01
   1.2855391e-01
   1.2784116e-01
   1.2674965e-01
   1.2575572e-01
   1.2574046e-01
   1.2640690e-01
   1.2811393e-01
   1.3021336e-01
   1.3291300e-01
   1.3644010e-01
   1.3940136e-01
   1.4189131e-01
   1.4412534e-01
   1.4527635e-01
   1.4575066e-01
   1.4550900e-01
   1.4463170e-01
   1.4343593e-01
   1.4248986e-01
   1.4205763e-01
   1.4151752e-01
   1.4138776e-01
   1.4107500e-01
   1.4235617e-01
   1.4316560e-01
   1.4254761e-01
   1.4796286e-01
   1.6398291e-01
   1.5248126e-01
   1.3479351e-01
   1.0211600e-01
   9.8600173e-02
   9.5974022e-02
   9.3472717e-02
   9.1786007e-02
   9.0569008e-02
   8.9570673e-02
   8.8613118e-02
   8.7776990e-02
   8.6997648e-02
   8.6398099e-02
   8.5467034e-02
   8.3913928e-02
   8.2910002e-02
   8.2593921e-02
   8.2908217e-02
   8.3728350e-02
   8.4873922e-02
   8.6191936e-02
   8.7159056e-02
   8.8215980e-02
   8.9478723e-02
   9.0234500e-02
   9.0861772e-02
   9.1804872e-02
   9.2585746e-02
   9.3562222e-02
   9.4915054e-02
   9.5842648e-02
   9.6267067e-02
   9.6808781e-02
   9.7542502e-02
   9.8453483e-02
   9.9718824e-02
   1.0158327e-01
   1.0409276e-01
   1.0742030e-01
   1.0986297e-01
   1.1197050e-01
   1.1374293e-01
   1.1447155e-01
   1.1476527e-01
   1.1473169e-01
   1.1447430e-01
   1.1369493e-01
   1.1244318e-01
   1.1181940e-01
   1.1199333e-01
   1.1300715e-01
   1.1448939e-01
   1.1644918e-01
   1.1962916e-01
   1.2224316e-01
   1.2400195e-01
   1.2478818e-01
   1.2449376e-01
   1.2351883e-01
   1.2169874e-01
   1.1995915e-01
   1.1814677e-01
   1.1587599e-01
   1.1383913e-01
   1.1216701e-01
   1.1060490e-01
   1.0959866e-01
   1.0911303e-01
   1.0848287e-01
   1.0990645e-01
   1.1511276e-01
   1.2497949e-01
   1.1948193e-01
   1.0867515e-01
   7.0034115e-02
   6.6747297e-02
   6.4553971e-02
   6.2902021e-02
   6.2079801e-02
   6.1598934e-02
   6.0609846e-02
   5.9841985e-02
   5.9427585e-02
   5.9223299e-02
   5.9149495e-02
   5.8874508e-02
   5.8217887e-02
   5.7930144e-02
   5.7966418e-02
   5.8740445e-02
   5.9993865e-02
   6.1440225e-02
   6.3062007e-02
   6.4410936e-02
   6.5836234e-02
   6.7235035e-02
   6.8080915e-02
   6.8890904e-02
   6.9986186e-02
   7.0882408e-02
   7.1666767e-02
   7.2301502e-02
   7.2397345e-02
   7.2375636e-02
   7.2836739e-02
   7.3432096e-02
   7.4324836e-02
   7.6078132e-02
   7.8178369e-02
   8.0689411e-02
   8.3802050e-02
   8.5983631e-02
   8.7957828e-02
   8.9604376e-02
   9.0446931e-02
   9.1070024e-02
   9.1367003e-02
   9.1185047e-02
   9.0417522e-02
   8.9370571e-02
   8.8727105e-02
   8.8499101e-02
   8.8820475e-02
   8.9541981e-02
   9.0592721e-02
   9.2489782e-02
   9.4357119e-02
   9.5476536e-02
   9.5536860e-02
   9.4573305e-02
   9.2862054e-02
   9.0534268e-02
   8.8568204e-02
   8.6524526e-02
   8.3732698e-02
   8.1293175e-02
   7.9190391e-02
   7.7057256e-02
   7.5536905e-02
   7.4305066e-02
   7.3698355e-02
   7.6294182e-02
   8.1701582e-02
   8.5640851e-02
   8.2260331e-02
   7.5853355e-02
   3.5951251e-02
   3.3804373e-02
   3.2493529e-02
   3.1810613e-02
   3.1382265e-02
   3.0687137e-02
   2.9749980e-02
   2.9317906e-02
   2.9182405e-02
   2.9330073e-02
   2.9492900e-02
   2.9786764e-02
   3.0188494e-02
   3.0265621e-02
   3.0710187e-02
   3.1701557e-02
   3.2846999e-02
   3.4250801e-02
   3.5954096e-02
   3.7497025e-02
   3.8910321e-02
   4.0116494e-02
   4.1251126e-02
   4.2646864e-02
   4.3916792e-02
   4.4433213e-02
   4.4859250e-02
   4.5207301e-02
   4.5050966e-02
   4.5183923e-02
   4.5828348e-02
   4.6489285e-02
   4.7150645e-02
   4.8538884e-02
   5.0372320e-02
   5.2193604e-02
   5.4083725e-02
   5.5392117e-02
   5.6974461e-02
   5.9101890e-02
   6.0488208e-02
   6.1272186e-02
   6.1465096e-02
   6.1125169e-02
   6.0650716e-02
   6.0401129e-02
   6.0190589e-02
   6.0074187e-02
   6.0111685e-02
   6.0279414e-02
   6.0778977e-02
   6.1483436e-02
   6.1742254e-02
   6.1659449e-02
   6.0759040e-02
   5.9547803e-02
   5.8125894e-02
   5.6189600e-02
   5.4264573e-02
   5.1979749e-02
   4.9119730e-02
   4.7079621e-02
   4.5283053e-02
   4.3107148e-02
   4.1655840e-02
   4.0542445e-02
   4.0485165e-02
   4.2179499e-02
   4.5978161e-02
   4.7255226e-02
   4.3638475e-02
   3.9664603e-02
   1.2245551e-02
   1.1359349e-02
   1.0837642e-02
   1.0083692e-02
   9.1613181e-03
   8.2768802e-03
   7.3175898e-03
   6.9429662e-03
   6.9645166e-03
   7.1070775e-03
   7.6909608e-03
   8.7165792e-03
   9.5606390e-03
   9.8944672e-03
   1.0271710e-02
   1.0988694e-02
   1.1848942e-02
   1.2785356e-02
   1.4324123e-02
   1.5780086e-02
   1.7052242e-02
   1.8196823e-02
   1.9383718e-02
   2.0769258e-02
   2.2219822e-02
   2.3062593e-02
   2.3625593e-02
   2.3858766e-02
   2.3733601e-02
   2.3663287e-02
   2.3898209e-02
   2.4318547e-02
   2.4823853e-02
   2.5902927e-02
   2.7258072e-02
   2.8204575e-02
   2.8807082e-02
   2.9239495e-02
   3.0178902e-02
   3.1992494e-02
   3.3396054e-02
   3.4412996e-02
   3.4862229e-02
   3.4972277e-02
   3.5108897e-02
   3.5226265e-02
   3.5338852e-02
   3.5375941e-02
   3.5405850e-02
   3.5612593e-02
   3.5850420e-02
   3.5980928e-02
   3.5599329e-02
   3.4902501e-02
   3.3681580e-02
   3.2469802e-02
   3.1069153e-02
   2.9269582e-02
   2.7339081e-02
   2.5325522e-02
   2.2960484e-02
   2.1203098e-02
   1.9712852e-02
   1.8132841e-02
   1.7584922e-02
   1.7638088e-02
   1.7735004e-02
   1.7694237e-02
   1.7753275e-02
   1.7456324e-02
   1.5338294e-02
   1.3675783e-02
   5.8578644e-04
   5.7031801e-04
   1.9079499e-04
  -1.1560509e-03
  -2.3541636e-03
  -3.1106472e-03
  -3.8024354e-03
  -3.8523463e-03
  -3.5331560e-03
  -3.1353330e-03
  -2.3446210e-03
  -1.4663868e-03
  -9.2086111e-04
  -4.7230032e-04
  -7.4591507e-05
   5.8471516e-04
   1.3102209e-03
   2.2849932e-03
   3.7543442e-03
   4.8096195e-03
   5.6623910e-03
   6.5216913e-03
   7.3782807e-03
   8.3045679e-03
   9.3730598e-03
   1.0114352e-02
   1.0361186e-02
   1.0295381e-02
   1.0138382e-02
   9.9219750e-03
   9.5686630e-03
   9.4196844e-03
   9.5683326e-03
   9.9008508e-03
   1.0493461e-02
   1.1124577e-02
   1.1458975e-02
   1.1730902e-02
   1.2425650e-02
   1.3627375e-02
   1.4486789e-02
   1.5173047e-02
   1.5901575e-02
   1.6267897e-02
   1.6496676e-02
   1.6828101e-02
   1.7396867e-02
   1.8011041e-02
   1.8586276e-02
   1.8918646e-02
   1.9001310e-02
   1.8795293e-02
   1.8436533e-02
   1.7882940e-02
   1.7068737e-02
   1.6259911e-02
   1.5216655e-02
   1.3592137e-02
   1.1740317e-02
   9.8427927e-03
   7.9293764e-03
   6.3830118e-03
   4.9581490e-03
   3.8819603e-03
   3.7292475e-03
   3.8552360e-03
   3.9705121e-03
   3.5973499e-03
   1.5328376e-03
  -5.8158937e-04
  -5.1433815e-04
   1.8720707e-04
  -4.5735451e-03
  -4.4568452e-03
  -4.5592032e-03
  -5.0506095e-03
  -5.4816602e-03
  -5.6843594e-03
  -5.7229877e-03
  -5.4808394e-03
  -5.0902908e-03
  -4.7513453e-03
  -4.5311869e-03
  -4.3159577e-03
  -4.0562763e-03
  -3.7305457e-03
  -3.1947345e-03
  -2.2449953e-03
  -1.4298646e-03
  -5.2547884e-04
   4.6727600e-04
   1.0788849e-03
   1.5886460e-03
   2.2424798e-03
   2.8756082e-03
   3.4409430e-03
   3.8888793e-03
   4.0846662e-03
   3.9742366e-03
   3.5756069e-03
   3.1563024e-03
   2.7704426e-03
   2.4058274e-03
   2.1797388e-03
   2.0308462e-03
   1.8747909e-03
   1.9020555e-03
   1.9506223e-03
   1.9269300e-03
   1.9973560e-03
   2.1496768e-03
   2.4284084e-03
   2.7254975e-03
   3.1807359e-03
   3.9424325e-03
   4.4825144e-03
   5.0138307e-03
   5.8843352e-03
   6.5782316e-03
   7.1180781e-03
   7.5587413e-03
   7.7565340e-03
   7.8389084e-03
   7.7515412e-03
   7.5842826e-03
   7.3319403e-03
   6.9895724e-03
   6.3740905e-03
   5.3511602e-03
   3.6998198e-03
   2.2489553e-03
   9.9590040e-04
  -3.5921211e-04
  -1.6219535e-03
  -2.8587553e-03
  -3.8348387e-03
  -4.3298945e-03
  -4.6574464e-03
  -4.7804437e-03
  -4.7191521e-03
  -5.2203857e-03
  -6.6724512e-03
  -6.2652594e-03
  -5.1919577e-03
  -7.3414935e-03
  -7.2091719e-03
  -7.1658077e-03
  -7.1163490e-03
  -6.9680390e-03
  -6.7703344e-03
  -6.4487491e-03
  -6.1828882e-03
  -6.0191138e-03
  -5.9333047e-03
  -5.8564768e-03
  -5.7364669e-03
  -5.4724390e-03
  -5.0970568e-03
  -4.5148736e-03
  -3.6476692e-03
  -2.8207336e-03
  -2.0284850e-03
  -1.3759398e-03
  -1.0021320e-03
  -6.6470227e-04
  -2.8776593e-04
  -7.0668654e-06
   2.2858272e-04
   3.6669408e-04
   3.2234747e-04
   1.3984232e-04
  -1.7680596e-04
  -4.4917014e-04
  -6.9093643e-04
  -9.3142894e-04
  -1.1445237e-03
  -1.4517725e-03
  -1.9316430e-03
  -2.3384753e-03
  -2.7341020e-03
  -3.0632892e-03
  -3.1365210e-03
  -3.1307834e-03
  -3.1212950e-03
  -2.9682313e-03
  -2.7046163e-03
  -2.3737848e-03
  -2.0769782e-03
  -1.7250705e-03
  -1.3503085e-03
  -1.1307991e-03
  -9.8870957e-04
  -8.8489126e-04
  -8.1687607e-04
  -7.2589518e-04
  -5.7457545e-04
  -5.4276825e-04
  -7.1076453e-04
  -1.1802498e-03
  -1.8085348e-03
  -2.5343540e-03
  -3.3302710e-03
  -3.8794039e-03
  -4.4169318e-03
  -5.2176393e-03
  -6.0161678e-03
  -6.7725365e-03
  -7.5305231e-03
  -8.0264835e-03
  -8.3473840e-03
  -8.5857598e-03
  -8.5730258e-03
  -8.3993713e-03
  -8.4218820e-03
  -8.2228251e-03
  -7.7539132e-03
  -6.4154745e-03
  -6.2547978e-03
  -6.1549633e-03
  -5.9998082e-03
  -5.7986368e-03
  -5.5679643e-03
  -5.2596320e-03
  -4.9892969e-03
  -4.7225589e-03
  -4.3922657e-03
  -4.1034450e-03
  -3.8119033e-03
  -3.4779025e-03
  -3.1531863e-03
  -2.7964736e-03
  -2.4015232e-03
  -2.1039421e-03
  -1.8476888e-03
  -1.6110475e-03
  -1.4650258e-03
  -1.3714304e-03
  -1.3165134e-03
  -1.2942712e-03
  -1.3225492e-03
  -1.4148743e-03
  -1.5102794e-03
  -1.6189082e-03
  -1.7907631e-03
  -1.9657914e-03
  -2.1858570e-03
  -2.5200059e-03
  -2.8538810e-03
  -3.1897237e-03
  -3.6060546e-03
  -3.9275907e-03
  -4.2219788e-03
  -4.5645216e-03
  -4.8174154e-03
  -4.9807517e-03
  -5.1208090e-03
  -5.2234505e-03
  -5.3077424e-03
  -5.3546745e-03
  -5.3545460e-03
  -5.3242637e-03
  -5.2688939e-03
  -5.2195609e-03
  -5.1755473e-03
  -5.1046292e-03
  -5.0538429e-03
  -4.9902320e-03
  -4.8792210e-03
  -4.8581362e-03
  -4.9077017e-03
  -4.9961846e-03
  -5.0886697e-03
  -5.1847982e-03
  -5.2865571e-03
  -5.3939717e-03
  -5.5682268e-03
  -5.8883934e-03
  -6.2004625e-03
  -6.5033033e-03
  -6.7909459e-03
  -6.9672581e-03
  -7.1372787e-03
  -7.2966190e-03
  -7.2956800e-03
  -7.2238551e-03
  -7.1014641e-03
  -6.9533963e-03
  -6.7087116e-03
