   8.5406862e-01   8.6700230e-01   8.1043600e-01   8.2760049e-01   1.0001321e+00   1.0552512e+00   1.0414752e+00   9.1153469e-01   8.2646164e-01   7.6157163e-01   7.0681749e-01   7.0195048e-01   7.1257831e-01   7.0736117e-01   6.9674235e-01   6.6780029e-01   6.8856861e-01   7.3512909e-01   7.8578915e-01   8.1864441e-01   8.1695762e-01   7.9591267e-01   7.5966260e-01   7.6079509e-01   8.1021731e-01   8.8760723e-01   9.3545641e-01   9.9823967e-01   1.1267141e+00   9.9186674e-01   7.8765718e-01   5.2506343e-01   4.8851468e-01   0.0000000e+00   0.0000000e+00   0.0000000e+00   0.0000000e+00   0.0000000e+00   0.0000000e+00   0.0000000e+00   0.0000000e+00   0.0000000e+00   0.0000000e+00   0.0000000e+00   0.0000000e+00   0.0000000e+00   0.0000000e+00   0.0000000e+00   0.0000000e+00   1.0242690e+00   1.3470883e+00   1.2449965e+00   9.1216500e-01   9.0823243e-01   1.0364242e+00   0.0000000e+00   0.0000000e+00   0.0000000e+00   0.0000000e+00   0.0000000e+00   0.0000000e+00   0.0000000e+00   0.0000000e+00   0.0000000e+00   0.0000000e+00   0.0000000e+00   0.0000000e+00   0.0000000e+00   0.0000000e+00   0.0000000e+00   0.0000000e+00   0.0000000e+00
   0.0000000e+00   0.0000000e+00   0.0000000e+00   0.0000000e+00   0.0000000e+00   0.0000000e+00   0.0000000e+00   0.0000000e+00   0.0000000e+00   0.0000000e+00   0.0000000e+00   0.0000000e+00   0.0000000e+00   0.0000000e+00   0.0000000e+00   1.8079474e+00   2.4751324e+00   2.5917292e+00   2.9015517e+00   3.2250465e+00   3.4431668e+00   3.4668383e+00   3.1668324e+00   2.6962843e+00   2.1681745e+00   1.5646373e+00   1.2006894e+00   0.0000000e+00   0.0000000e+00   0.0000000e+00   0.0000000e+00   0.0000000e+00   0.0000000e+00   0.0000000e+00   0.0000000e+00   0.0000000e+00   0.0000000e+00   0.0000000e+00   0.0000000e+00   7.4253411e-01   7.8192744e-01   0.0000000e+00   0.0000000e+00   0.0000000e+00   0.0000000e+00   0.0000000e+00   0.0000000e+00   0.0000000e+00   0.0000000e+00   2.1519951e+00   1.8664112e+00   1.6210089e+00   1.6097530e+00   1.6853093e+00   1.4211618e+00   0.0000000e+00   0.0000000e+00   0.0000000e+00   0.0000000e+00   0.0000000e+00   0.0000000e+00   0.0000000e+00   0.0000000e+00   0.0000000e+00   0.0000000e+00   0.0000000e+00   0.0000000e+00   0.0000000e+00   0.0000000e+00   0.0000000e+00   0.0000000e+00   0.0000000e+00
   0.0000000e+00   0.0000000e+00   0.0000000e+00   0.0000000e+00   0.0000000e+00   0.0000000e+00   0.0000000e+00   0.0000000e+00   0.0000000e+00   0.0000000e+00   0.0000000e+00   0.0000000e+00   0.0000000e+00   0.0000000e+00   0.0000000e+00   0.0000000e+00   0.0000000e+00   2.3828237e+00   2.9393012e+00   0.0000000e+00   0.0000000e+00   0.0000000e+00   0.0000000e+00   0.0000000e+00   0.0000000e+00   0.0000000e+00   0.0000000e+00   0.0000000e+00   0.0000000e+00   0.0000000e+00   0.0000000e+00   0.0000000e+00   0.0000000e+00   0.0000000e+00   0.0000000e+00   0.0000000e+00   0.0000000e+00   0.0000000e+00   0.0000000e+00   1.2869173e+00   1.2557033e+00   0.0000000e+00   0.0000000e+00   0.0000000e+00   0.0000000e+00   0.0000000e+00   3.6746368e+00   0.0000000e+00   2.7458233e+00   2.0158445e+00   1.7151567e+00   1.8168634e+00   1.7193242e+00   1.1161868e+00   8.9518009e-01   0.0000000e+00   0.0000000e+00   0.0000000e+00   0.0000000e+00   0.0000000e+00   0.0000000e+00   0.0000000e+00   0.0000000e+00   0.0000000e+00   0.0000000e+00   0.0000000e+00   0.0000000e+00   0.0000000e+00   0.0000000e+00   0.0000000e+00   0.0000000e+00   0.0000000e+00
   0.0000000e+00   0.0000000e+00   0.0000000e+00   0.0000000e+00   0.0000000e+00   0.0000000e+00   0.0000000e+00   0.0000000e+00   0.0000000e+00   0.0000000e+00   0.0000000e+00   0.0000000e+00   0.0000000e+00   0.0000000e+00   0.0000000e+00   0.0000000e+00   5.7704027e+00   0.0000000e+00   0.0000000e+00   0.0000000e+00   0.0000000e+00   0.0000000e+00   0.0000000e+00   0.0000000e+00   0.0000000e+00   0.0000000e+00   0.0000000e+00   0.0000000e+00   0.0000000e+00   0.0000000e+00   0.0000000e+00   0.0000000e+00   0.0000000e+00   0.0000000e+00   0.0000000e+00   0.0000000e+00   0.0000000e+00   0.0000000e+00   0.0000000e+00   0.0000000e+00   1.4586361e+00   5.9615762e-01   0.0000000e+00   0.0000000e+00   0.0000000e+00   2.9966910e+00   2.9227047e+00   0.0000000e+00   0.0000000e+00   1.4648689e+00   1.5048718e+00   1.5041572e+00   7.7014679e-01   3.6126070e-01   0.0000000e+00   0.0000000e+00   0.0000000e+00   0.0000000e+00   0.0000000e+00   0.0000000e+00   0.0000000e+00   0.0000000e+00   0.0000000e+00   0.0000000e+00   0.0000000e+00   0.0000000e+00   0.0000000e+00   0.0000000e+00   0.0000000e+00   0.0000000e+00   0.0000000e+00   0.0000000e+00
   0.0000000e+00   0.0000000e+00   0.0000000e+00   0.0000000e+00   0.0000000e+00   0.0000000e+00   0.0000000e+00   0.0000000e+00   0.0000000e+00   0.0000000e+00   0.0000000e+00   0.0000000e+00   0.0000000e+00   4.0634241e+00   4.8238585e+00   4.4554805e+00   4.1956256e+00   3.2268639e+00   2.4517465e+00   0.0000000e+00   0.0000000e+00   0.0000000e+00   3.3599978e+00   3.8560290e+00   0.0000000e+00   0.0000000e+00   0.0000000e+00   0.0000000e+00   0.0000000e+00   0.0000000e+00   0.0000000e+00   0.0000000e+00   0.0000000e+00   0.0000000e+00   0.0000000e+00   0.0000000e+00   0.0000000e+00   0.0000000e+00   0.0000000e+00   0.0000000e+00   1.2655778e+00   1.2126855e+00   1.4950476e+00   1.2331716e+00   2.2141327e+00   2.3073132e+00   1.8038430e+00   1.6155390e+00   1.5669478e+00   1.3314536e+00   9.8168202e-01   4.3743244e-01   7.9979690e-01   0.0000000e+00   0.0000000e+00   0.0000000e+00   0.0000000e+00   0.0000000e+00   0.0000000e+00   0.0000000e+00   0.0000000e+00   0.0000000e+00   0.0000000e+00   0.0000000e+00   0.0000000e+00   0.0000000e+00   0.0000000e+00   0.0000000e+00   0.0000000e+00   0.0000000e+00   0.0000000e+00   0.0000000e+00
   0.0000000e+00   0.0000000e+00   0.0000000e+00   0.0000000e+00   0.0000000e+00   0.0000000e+00   0.0000000e+00   0.0000000e+00   1.8982679e+00   2.1706187e+00   2.4033555e+00   0.0000000e+00   0.0000000e+00   3.7466350e+00   4.1700468e+00   3.7132587e+00   2.7127180e+00   1.8176254e+00   1.8156161e+00   1.9587284e+00   0.0000000e+00   1.3204714e+00   2.8691976e+00   3.1939189e+00   2.7740324e+00   0.0000000e+00   0.0000000e+00   0.0000000e+00   0.0000000e+00   0.0000000e+00   0.0000000e+00   0.0000000e+00   0.0000000e+00   0.0000000e+00   0.0000000e+00   0.0000000e+00   0.0000000e+00   0.0000000e+00   0.0000000e+00   0.0000000e+00   1.5119292e+00   1.7158606e+00   1.6163903e+00   1.4044416e+00   1.4607970e+00   1.4109980e+00   9.6357054e-01   9.1474432e-01   9.2937005e-01   1.1518604e+00   0.0000000e+00   0.0000000e+00   8.7919782e-01   1.6473048e+00   0.0000000e+00   0.0000000e+00   0.0000000e+00   0.0000000e+00   0.0000000e+00   0.0000000e+00   0.0000000e+00   0.0000000e+00   0.0000000e+00   0.0000000e+00   0.0000000e+00   0.0000000e+00   0.0000000e+00   0.0000000e+00   0.0000000e+00   0.0000000e+00   0.0000000e+00   0.0000000e+00
   0.0000000e+00   0.0000000e+00   0.0000000e+00   0.0000000e+00   0.0000000e+00   0.0000000e+00   0.0000000e+00   0.0000000e+00   1.5417932e+00   1.4082536e+00   1.7017927e+00   0.0000000e+00   2.3288579e+00   2.4772418e+00   2.1689124e+00   1.8252566e+00   1.1816325e+00   8.3232993e-01   9.6116173e-01   1.2139779e+00   9.8229295e-01   1.4584732e+00   2.1007333e+00   2.5461247e+00   2.3927806e+00   0.0000000e+00   0.0000000e+00   0.0000000e+00   0.0000000e+00   0.0000000e+00   0.0000000e+00   0.0000000e+00   0.0000000e+00   0.0000000e+00   0.0000000e+00   0.0000000e+00   0.0000000e+00   0.0000000e+00   0.0000000e+00   0.0000000e+00   1.7834050e+00   1.8499834e+00   1.8521165e+00   1.9567720e+00   2.2181487e+00   2.5037563e+00   2.6275182e+00   2.7006614e+00   2.7055969e+00   2.4550279e+00   0.0000000e+00   0.0000000e+00   1.8895350e+00   1.9069791e+00   0.0000000e+00   0.0000000e+00   0.0000000e+00   0.0000000e+00   0.0000000e+00   0.0000000e+00   0.0000000e+00   0.0000000e+00   0.0000000e+00   0.0000000e+00   0.0000000e+00   0.0000000e+00   0.0000000e+00   0.0000000e+00   0.0000000e+00   0.0000000e+00   0.0000000e+00   0.0000000e+00
   0.0000000e+00   0.0000000e+00   0.0000000e+00   0.0000000e+00   0.0000000e+00   0.0000000e+00   0.0000000e+00   0.0000000e+00   1.6029854e+00   1.0789292e+00   6.9882838e-01   0.0000000e+00   1.5674291e+00   1.4623103e+00   1.1654210e+00   1.1728290e+00   1.0932678e+00   1.0398543e+00   1.1674656e+00   1.3774028e+00   1.6901190e+00   2.0929995e+00   2.5735090e+00   2.7249675e+00   2.4028389e+00   1.9054914e+00   0.0000000e+00   0.0000000e+00   0.0000000e+00   0.0000000e+00   0.0000000e+00   0.0000000e+00   0.0000000e+00   0.0000000e+00   0.0000000e+00   0.0000000e+00   0.0000000e+00   0.0000000e+00   0.0000000e+00   0.0000000e+00   0.0000000e+00   1.8881721e+00   1.8955053e+00   2.4036856e+00   2.9414008e+00   3.3941565e+00   3.7037613e+00   3.7657213e+00   3.7109270e+00   3.3614572e+00   0.0000000e+00   0.0000000e+00   2.1778217e+00   2.1778217e+00   0.0000000e+00   0.0000000e+00   0.0000000e+00   0.0000000e+00   0.0000000e+00   0.0000000e+00   0.0000000e+00   0.0000000e+00   0.0000000e+00   0.0000000e+00   0.0000000e+00   0.0000000e+00   0.0000000e+00   0.0000000e+00   0.0000000e+00   0.0000000e+00   0.0000000e+00   0.0000000e+00
   0.0000000e+00   0.0000000e+00   0.0000000e+00   0.0000000e+00   0.0000000e+00   0.0000000e+00   0.0000000e+00   0.0000000e+00   2.1160271e+00   1.7739552e+00   1.2985293e+00   1.6441980e+00   1.5791724e+00   1.9097250e+00   1.9073093e+00   2.0938690e+00   2.2727141e+00   2.4195439e+00   2.5953729e+00   2.7185969e+00   2.8714403e+00   3.0586755e+00   3.1987941e+00   3.1585525e+00   2.7263095e+00   2.0749570e+00   1.6141090e+00   0.0000000e+00   0.0000000e+00   0.0000000e+00   0.0000000e+00   0.0000000e+00   0.0000000e+00   0.0000000e+00   0.0000000e+00   0.0000000e+00   0.0000000e+00   0.0000000e+00   0.0000000e+00   0.0000000e+00   0.0000000e+00   0.0000000e+00   2.1341985e+00   2.8494370e+00   3.5333124e+00   4.0378418e+00   4.3967276e+00   4.4289817e+00   4.3199139e+00   4.0888376e+00   4.1585315e+00   4.0017568e+00   0.0000000e+00   0.0000000e+00   0.0000000e+00   0.0000000e+00   0.0000000e+00   0.0000000e+00   0.0000000e+00   0.0000000e+00   0.0000000e+00   0.0000000e+00   0.0000000e+00   0.0000000e+00   0.0000000e+00   0.0000000e+00   0.0000000e+00   0.0000000e+00   0.0000000e+00   0.0000000e+00   0.0000000e+00   0.0000000e+00
   0.0000000e+00   0.0000000e+00   0.0000000e+00   0.0000000e+00   0.0000000e+00   0.0000000e+00   0.0000000e+00   2.4538679e+00   2.4224727e+00   2.4180658e+00   2.2339015e+00   2.1606061e+00   2.4146478e+00   2.9239893e+00   3.1409906e+00   3.2974093e+00   3.4816115e+00   3.6134963e+00   3.7011957e+00   3.7551985e+00   3.7701648e+00   3.8240647e+00   3.7377758e+00   3.5162392e+00   3.0883183e+00   2.3284461e+00   1.8172993e+00   0.0000000e+00   0.0000000e+00   0.0000000e+00   0.0000000e+00   0.0000000e+00   0.0000000e+00   0.0000000e+00   0.0000000e+00   0.0000000e+00   0.0000000e+00   0.0000000e+00   0.0000000e+00   0.0000000e+00   0.0000000e+00   0.0000000e+00   2.7750750e+00   3.4624422e+00   4.0167985e+00   4.4371328e+00   4.6835084e+00   4.6259550e+00   4.3638120e+00   4.0997348e+00   4.0512061e+00   3.9715629e+00   0.0000000e+00   0.0000000e+00   0.0000000e+00   0.0000000e+00   0.0000000e+00   0.0000000e+00   0.0000000e+00   0.0000000e+00   0.0000000e+00   0.0000000e+00   0.0000000e+00   0.0000000e+00   0.0000000e+00   0.0000000e+00   0.0000000e+00   0.0000000e+00   0.0000000e+00   0.0000000e+00   0.0000000e+00   0.0000000e+00
   0.0000000e+00   0.0000000e+00   0.0000000e+00   0.0000000e+00   0.0000000e+00   0.0000000e+00   0.0000000e+00   2.5971360e+00   2.6211724e+00   2.9508626e+00   2.9906025e+00   3.0151200e+00   3.1387446e+00   3.6290164e+00   3.9057379e+00   4.1380811e+00   4.3051195e+00   4.4130831e+00   4.4493933e+00   4.3909369e+00   4.3422461e+00   4.2482390e+00   4.0535583e+00   3.6797507e+00   3.2602942e+00   2.4330494e+00   1.9873214e+00   0.0000000e+00   0.0000000e+00   0.0000000e+00   0.0000000e+00   0.0000000e+00   0.0000000e+00   0.0000000e+00   0.0000000e+00   0.0000000e+00   0.0000000e+00   0.0000000e+00   0.0000000e+00   0.0000000e+00   4.1056627e+00   4.0586295e+00   3.5673600e+00   3.9312408e+00   4.2754178e+00   4.5198979e+00   4.6282597e+00   4.4648242e+00   4.0154724e+00   3.6335186e+00   3.9605092e+00   3.9460474e+00   0.0000000e+00   0.0000000e+00   0.0000000e+00   0.0000000e+00   0.0000000e+00   0.0000000e+00   0.0000000e+00   0.0000000e+00   0.0000000e+00   0.0000000e+00   0.0000000e+00   0.0000000e+00   0.0000000e+00   0.0000000e+00   0.0000000e+00   0.0000000e+00   0.0000000e+00   0.0000000e+00   0.0000000e+00   0.0000000e+00
   0.0000000e+00   0.0000000e+00   0.0000000e+00   0.0000000e+00   0.0000000e+00   0.0000000e+00   2.1460474e+00   2.7137397e+00   2.8345389e+00   3.0044506e+00   3.1793625e+00   3.3770251e+00   3.4548926e+00   3.8784354e+00   4.1727543e+00   4.4716587e+00   4.6447234e+00   4.7342777e+00   4.7483077e+00   4.6457591e+00   4.5596027e+00   4.3652868e+00   4.0625772e+00   3.6302769e+00   3.1795993e+00   2.3877580e+00   2.0666757e+00   0.0000000e+00   0.0000000e+00   0.0000000e+00   0.0000000e+00   0.0000000e+00   0.0000000e+00   0.0000000e+00   0.0000000e+00   0.0000000e+00   0.0000000e+00   0.0000000e+00   0.0000000e+00   4.4791248e+00   4.5319224e+00   4.1982946e+00   4.0083075e+00   4.1019025e+00   4.2577190e+00   4.3361769e+00   4.2909994e+00   4.0001831e+00   3.4637191e+00   2.9275297e+00   0.0000000e+00   0.0000000e+00   2.4231612e+00   2.4231612e+00   0.0000000e+00   0.0000000e+00   0.0000000e+00   0.0000000e+00   0.0000000e+00   0.0000000e+00   0.0000000e+00   0.0000000e+00   0.0000000e+00   0.0000000e+00   0.0000000e+00   0.0000000e+00   0.0000000e+00   0.0000000e+00   0.0000000e+00   0.0000000e+00   0.0000000e+00   0.0000000e+00
   0.0000000e+00   0.0000000e+00   0.0000000e+00   0.0000000e+00   0.0000000e+00   0.0000000e+00   2.1344630e+00   2.7649918e+00   3.0537422e+00   2.6723816e+00   2.6836257e+00   3.0290842e+00   3.3036127e+00   3.6716182e+00   4.0370245e+00   4.3390646e+00   4.5675735e+00   4.6229086e+00   4.6318693e+00   4.5328622e+00   4.4374943e+00   4.2345905e+00   3.8345833e+00   3.4184937e+00   2.9064155e+00   2.3686383e+00   2.4017147e+00   3.0852402e+00   0.0000000e+00   0.0000000e+00   0.0000000e+00   0.0000000e+00   0.0000000e+00   0.0000000e+00   0.0000000e+00   0.0000000e+00   0.0000000e+00   3.6052826e+00   3.8013049e+00   4.4134342e+00   4.6880274e+00   4.4548717e+00   4.1817389e+00   4.0574446e+00   4.0026865e+00   3.9593740e+00   3.7008905e+00   3.3279586e+00   2.9155045e+00   2.7371756e+00   0.0000000e+00   0.0000000e+00   2.3579550e+00   2.3927411e+00   2.8172137e+00   3.0000549e+00   0.0000000e+00   0.0000000e+00   0.0000000e+00   0.0000000e+00   0.0000000e+00   0.0000000e+00   0.0000000e+00   0.0000000e+00   0.0000000e+00   0.0000000e+00   0.0000000e+00   0.0000000e+00   0.0000000e+00   0.0000000e+00   0.0000000e+00   0.0000000e+00
   0.0000000e+00   0.0000000e+00   0.0000000e+00   0.0000000e+00   0.0000000e+00   0.0000000e+00   2.0635105e+00   3.2549687e+00   3.5341319e+00   2.9183445e+00   2.4985658e+00   2.6736232e+00   2.9200596e+00   3.1411235e+00   3.4215236e+00   3.7167847e+00   3.9499653e+00   4.0681644e+00   4.0995024e+00   4.0567968e+00   3.9657101e+00   3.7609630e+00   3.3473215e+00   2.9161360e+00   2.4776369e+00   2.3577466e+00   2.9012450e+00   3.0852402e+00   0.0000000e+00   0.0000000e+00   0.0000000e+00   0.0000000e+00   0.0000000e+00   0.0000000e+00   0.0000000e+00   0.0000000e+00   0.0000000e+00   3.6052829e+00   3.8013047e+00   4.1116750e+00   4.2650792e+00   4.2189480e+00   3.9981183e+00   3.6839234e+00   3.4443211e+00   3.1716102e+00   2.8028635e+00   2.4092297e+00   2.4076733e+00   3.1952188e+00   0.0000000e+00   0.0000000e+00   1.9585726e+00   2.2995802e+00   2.8172137e+00   3.0000549e+00   0.0000000e+00   0.0000000e+00   0.0000000e+00   0.0000000e+00   0.0000000e+00   0.0000000e+00   0.0000000e+00   0.0000000e+00   0.0000000e+00   0.0000000e+00   0.0000000e+00   0.0000000e+00   0.0000000e+00   0.0000000e+00   0.0000000e+00   0.0000000e+00
   0.0000000e+00   0.0000000e+00   0.0000000e+00   0.0000000e+00   0.0000000e+00   0.0000000e+00   2.0635106e+00   3.1939789e+00   3.1959069e+00   2.9492238e+00   2.6275187e+00   2.5901070e+00   2.6479712e+00   2.7182522e+00   2.8046103e+00   2.9598203e+00   3.1218903e+00   3.1891050e+00   3.2306228e+00   3.2264428e+00   3.1255369e+00   2.9254460e+00   2.5736232e+00   2.1888242e+00   1.8434557e+00   2.0965767e+00   2.9567080e+00   3.2601573e+00   0.0000000e+00   0.0000000e+00   0.0000000e+00   0.0000000e+00   0.0000000e+00   0.0000000e+00   0.0000000e+00   0.0000000e+00   0.0000000e+00   3.2368265e+00   3.5161154e+00   3.5709569e+00   3.5235810e+00   3.3724000e+00   3.1363339e+00   2.7166460e+00   2.2768090e+00   1.8728516e+00   1.6249197e+00   1.8568276e+00   2.8490305e+00   3.8825445e+00   0.0000000e+00   0.0000000e+00   1.9585729e+00   2.2995802e+00   1.8638294e+00   2.3550119e+00   0.0000000e+00   0.0000000e+00   0.0000000e+00   0.0000000e+00   0.0000000e+00   0.0000000e+00   0.0000000e+00   0.0000000e+00   0.0000000e+00   0.0000000e+00   0.0000000e+00   0.0000000e+00   0.0000000e+00   0.0000000e+00   0.0000000e+00   0.0000000e+00
   0.0000000e+00   0.0000000e+00   0.0000000e+00   0.0000000e+00   0.0000000e+00   0.0000000e+00   0.0000000e+00   2.4043550e+00   2.4381754e+00   2.3521662e+00   2.1660845e+00   2.0823917e+00   2.0609684e+00   2.0739789e+00   2.1290627e+00   2.2212498e+00   2.3020625e+00   2.3386290e+00   2.3681533e+00   2.3486664e+00   2.2471890e+00   2.0762212e+00   1.7852958e+00   1.4547220e+00   1.1997610e+00   1.6937289e+00   2.8080399e+00   3.6070657e+00   0.0000000e+00   0.0000000e+00   0.0000000e+00   0.0000000e+00   0.0000000e+00   0.0000000e+00   0.0000000e+00   0.0000000e+00   0.0000000e+00   2.8900454e+00   2.8722024e+00   2.7459998e+00   2.5321088e+00   2.2966838e+00   2.0008755e+00   1.5097306e+00   1.0601919e+00   1.0085628e+00   1.5875738e+00   2.5106969e+00   3.8535793e+00   4.8933865e+00   0.0000000e+00   0.0000000e+00   0.0000000e+00   0.0000000e+00   1.7463662e+00   1.8907143e+00   2.3376268e+00   2.9841505e+00   2.8119263e+00   0.0000000e+00   0.0000000e+00   0.0000000e+00   0.0000000e+00   0.0000000e+00   0.0000000e+00   0.0000000e+00   0.0000000e+00   0.0000000e+00   0.0000000e+00   0.0000000e+00   0.0000000e+00   0.0000000e+00
   0.0000000e+00   0.0000000e+00   0.0000000e+00   0.0000000e+00   0.0000000e+00   0.0000000e+00   0.0000000e+00   1.3815749e+00   1.7055283e+00   1.5724514e+00   1.4250063e+00   1.3290195e+00   1.2901831e+00   1.3022344e+00   1.3517132e+00   1.3797548e+00   1.3838079e+00   1.4072297e+00   1.4311210e+00   1.4060227e+00   1.3188143e+00   1.1955312e+00   9.9464226e-01   7.9360002e-01   7.4378943e-01   1.3818057e+00   2.5683284e+00   3.5364823e+00   3.9912609e+00   0.0000000e+00   0.0000000e+00   0.0000000e+00   0.0000000e+00   0.0000000e+00   0.0000000e+00   0.0000000e+00   1.7693842e+00   2.3004966e+00   2.1497579e+00   1.9301318e+00   1.6103427e+00   1.3722488e+00   1.1718771e+00   9.4690013e-01   8.2399929e-01   1.1579480e+00   2.2412081e+00   3.5097704e+00   4.8833361e+00   5.8364817e+00   0.0000000e+00   0.0000000e+00   0.0000000e+00   0.0000000e+00   0.0000000e+00   1.7263826e+00   2.3376269e+00   2.9841507e+00   2.8119264e+00   0.0000000e+00   0.0000000e+00   0.0000000e+00   0.0000000e+00   0.0000000e+00   0.0000000e+00   0.0000000e+00   0.0000000e+00   0.0000000e+00   0.0000000e+00   0.0000000e+00   0.0000000e+00   0.0000000e+00
   0.0000000e+00   0.0000000e+00   0.0000000e+00   0.0000000e+00   0.0000000e+00   0.0000000e+00   0.0000000e+00   1.0904062e+00   1.0549669e+00   7.0026673e-01   4.9552220e-01   4.0362647e-01   3.9562081e-01   4.5081851e-01   5.0340329e-01   4.6044715e-01   3.9486038e-01   4.2000326e-01   4.4652145e-01   4.3024884e-01   3.7004959e-01   3.0840675e-01   2.2285635e-01   2.1832179e-01   4.7692513e-01   1.1768893e+00   2.2683826e+00   3.3153231e+00   3.9912611e+00   0.0000000e+00   0.0000000e+00   0.0000000e+00   0.0000000e+00   0.0000000e+00   0.0000000e+00   0.0000000e+00   1.7693844e+00   1.5213148e+00   1.4056966e+00   1.1703749e+00   8.0114203e-01   6.3530397e-01   6.7846344e-01   1.0278573e+00   1.5220727e+00   2.2169540e+00   3.4201767e+00   4.6935256e+00   5.8572187e+00   6.6612717e+00   0.0000000e+00   0.0000000e+00   0.0000000e+00   0.0000000e+00   0.0000000e+00   0.0000000e+00   0.0000000e+00   0.0000000e+00   0.0000000e+00   0.0000000e+00   0.0000000e+00   0.0000000e+00   0.0000000e+00   0.0000000e+00   0.0000000e+00   0.0000000e+00   0.0000000e+00   0.0000000e+00   0.0000000e+00   0.0000000e+00   0.0000000e+00   0.0000000e+00
   0.0000000e+00   0.0000000e+00   0.0000000e+00   0.0000000e+00   2.2424967e+00   2.1183181e+00   1.9956555e+00   1.7332824e+00   1.4566593e+00   1.3246362e+00   1.2869464e+00   1.3006674e+00   1.3173107e+00   1.2971873e+00   1.3240952e+00   1.3603473e+00   1.3541312e+00   1.3054633e+00   1.2650907e+00   1.2503582e+00   1.2825263e+00   1.3561548e+00   1.5066884e+00   1.6417711e+00   1.7561295e+00   1.9089086e+00   2.2706163e+00   3.0254259e+00   3.8130423e+00   0.0000000e+00   0.0000000e+00   0.0000000e+00   0.0000000e+00   0.0000000e+00   0.0000000e+00   0.0000000e+00   8.8834373e-01   1.2987719e+00   1.5705543e+00   1.6609366e+00   1.8109386e+00   2.0152955e+00   2.2856846e+00   2.7345924e+00   3.2976456e+00   4.0789709e+00   5.2682939e+00   6.3052416e+00   7.0638428e+00   0.0000000e+00   0.0000000e+00   0.0000000e+00   0.0000000e+00   0.0000000e+00   0.0000000e+00   0.0000000e+00   0.0000000e+00   0.0000000e+00   0.0000000e+00   0.0000000e+00   0.0000000e+00   0.0000000e+00   0.0000000e+00   0.0000000e+00   0.0000000e+00   0.0000000e+00   0.0000000e+00   0.0000000e+00   0.0000000e+00   0.0000000e+00   0.0000000e+00   0.0000000e+00
   0.0000000e+00   0.0000000e+00   0.0000000e+00   0.0000000e+00   3.0212671e+00   2.8992430e+00   2.6379282e+00   2.4004130e+00   2.2646987e+00   2.2164924e+00   2.2004578e+00   2.2058012e+00   2.2235944e+00   2.2373385e+00   2.2988474e+00   2.3725154e+00   2.4052663e+00   2.3698346e+00   2.3353529e+00   2.3189235e+00   2.3296108e+00   2.3759077e+00   2.4863520e+00   2.5838362e+00   2.6539731e+00   2.6771948e+00   2.7584154e+00   3.1028652e+00   3.8038078e+00   4.2707422e+00   0.0000000e+00   0.0000000e+00   0.0000000e+00   3.5183874e+00   2.4633749e+00   2.1302481e+00   1.7735580e+00   2.1003900e+00   2.3241512e+00   2.4402432e+00   2.6074998e+00   2.8216855e+00   3.1243327e+00   3.6566648e+00   4.2843127e+00   5.0725245e+00   6.1416016e+00   6.9391466e+00   7.3308082e+00   0.0000000e+00   0.0000000e+00   0.0000000e+00   0.0000000e+00   0.0000000e+00   0.0000000e+00   0.0000000e+00   0.0000000e+00   0.0000000e+00   0.0000000e+00   0.0000000e+00   0.0000000e+00   0.0000000e+00   0.0000000e+00   0.0000000e+00   0.0000000e+00   0.0000000e+00   0.0000000e+00   0.0000000e+00   0.0000000e+00   0.0000000e+00   0.0000000e+00   0.0000000e+00
   0.0000000e+00   0.0000000e+00   0.0000000e+00   0.0000000e+00   3.6436162e+00   3.4302649e+00   3.1235018e+00   2.9721491e+00   2.9409940e+00   2.9390330e+00   2.9406886e+00   2.9568267e+00   2.9958875e+00   3.0601132e+00   3.1606917e+00   3.2686012e+00   3.3377385e+00   3.3209739e+00   3.2990658e+00   3.2851703e+00   3.2840528e+00   3.3158145e+00   3.4013801e+00   3.4678814e+00   3.4974494e+00   3.4206610e+00   3.2959549e+00   3.3092275e+00   3.7897229e+00   4.1626449e+00   0.0000000e+00   0.0000000e+00   0.0000000e+00   3.6640714e+00   2.7439797e+00   2.4237607e+00   2.4865429e+00   2.8717990e+00   3.0413613e+00   3.1553073e+00   3.3298292e+00   3.5658810e+00   3.9100790e+00   4.5052514e+00   5.1574464e+00   5.9106874e+00   6.8377523e+00   7.4598651e+00   7.5338339e+00   0.0000000e+00   0.0000000e+00   0.0000000e+00   0.0000000e+00   0.0000000e+00   0.0000000e+00   0.0000000e+00   0.0000000e+00   0.0000000e+00   0.0000000e+00   0.0000000e+00   0.0000000e+00   0.0000000e+00   0.0000000e+00   0.0000000e+00   0.0000000e+00   0.0000000e+00   0.0000000e+00   0.0000000e+00   0.0000000e+00   0.0000000e+00   0.0000000e+00   0.0000000e+00
   0.0000000e+00   0.0000000e+00   0.0000000e+00   0.0000000e+00   3.7820427e+00   3.6442669e+00   3.4785977e+00   3.5880500e+00   3.6275666e+00   3.6091566e+00   3.6276209e+00   3.7019383e+00   3.8164424e+00   3.9906243e+00   4.1576767e+00   4.3081088e+00   4.4241900e+00   4.4465027e+00   4.4576308e+00   4.4567944e+00   4.4600654e+00   4.4991908e+00   4.5825032e+00   4.6188379e+00   4.5977869e+00   4.4418096e+00   4.1845027e+00   3.8941259e+00   3.7534448e+00   3.7662223e+00   0.0000000e+00   0.0000000e+00   0.0000000e+00   4.1983343e+00   3.7730335e+00   3.5001520e+00   3.6275881e+00   3.9214355e+00   3.9988255e+00   4.0478364e+00   4.2107032e+00   4.5051272e+00   4.9300985e+00   5.5705514e+00   6.1693807e+00   6.7790974e+00   7.4522697e+00   7.9624172e+00   8.1417421e+00   0.0000000e+00   0.0000000e+00   0.0000000e+00   0.0000000e+00   0.0000000e+00   0.0000000e+00   0.0000000e+00   0.0000000e+00   0.0000000e+00   0.0000000e+00   0.0000000e+00   0.0000000e+00   0.0000000e+00   0.0000000e+00   0.0000000e+00   0.0000000e+00   0.0000000e+00   0.0000000e+00   0.0000000e+00   0.0000000e+00   0.0000000e+00   0.0000000e+00   0.0000000e+00
   0.0000000e+00   0.0000000e+00   0.0000000e+00   3.9062258e+00   3.8155670e+00   3.6988082e+00   3.6705303e+00   3.7663922e+00   3.7846877e+00   3.7793698e+00   3.8619811e+00   4.0352795e+00   4.2622864e+00   4.5691855e+00   4.8149341e+00   5.0044320e+00   5.1608494e+00   5.2388800e+00   5.2884630e+00   5.3181413e+00   5.3629602e+00   5.4518927e+00   5.5550564e+00   5.5841683e+00   5.5428227e+00   5.3578804e+00   5.0541032e+00   4.6011227e+00   3.9131648e+00   3.1500196e+00   2.5988821e+00   0.0000000e+00   0.0000000e+00   4.6863194e+00   4.8274472e+00   4.3741868e+00   4.7550123e+00   5.0686191e+00   5.0348700e+00   5.0216778e+00   5.2003325e+00   5.5003632e+00   5.8937668e+00   6.4241861e+00   6.8722195e+00   7.3146586e+00   7.8046069e+00   8.0744634e+00   8.0794568e+00   0.0000000e+00   0.0000000e+00   0.0000000e+00   0.0000000e+00   0.0000000e+00   0.0000000e+00   0.0000000e+00   0.0000000e+00   0.0000000e+00   0.0000000e+00   0.0000000e+00   0.0000000e+00   0.0000000e+00   0.0000000e+00   0.0000000e+00   3.6672351e+00   4.2110297e+00   0.0000000e+00   0.0000000e+00   0.0000000e+00   0.0000000e+00   0.0000000e+00   0.0000000e+00
   0.0000000e+00   0.0000000e+00   2.8420535e+00   3.6417474e+00   3.6999398e+00   3.6430307e+00   3.6757439e+00   3.7458587e+00   3.7582479e+00   3.7939825e+00   3.9516347e+00   4.1949892e+00   4.4927167e+00   4.8733014e+00   5.1609143e+00   5.3775814e+00   5.5601681e+00   5.6679600e+00   5.7460373e+00   5.8040745e+00   5.8761213e+00   5.9928429e+00   6.1105664e+00   6.1475022e+00   6.1112034e+00   5.9243844e+00   5.6029160e+00   5.0816029e+00   4.1401934e+00   3.0851604e+00   1.9749442e+00   0.0000000e+00   0.0000000e+00   4.8266914e+00   5.2040788e+00   5.0683254e+00   5.6279777e+00   6.0048621e+00   5.8512318e+00   5.7176788e+00   5.8667185e+00   6.1465847e+00   6.4931652e+00   6.9310662e+00   7.2844115e+00   7.6260624e+00   7.9764738e+00   8.0633364e+00   7.9587135e+00   0.0000000e+00   0.0000000e+00   0.0000000e+00   0.0000000e+00   0.0000000e+00   0.0000000e+00   0.0000000e+00   0.0000000e+00   0.0000000e+00   0.0000000e+00   0.0000000e+00   0.0000000e+00   0.0000000e+00   0.0000000e+00   0.0000000e+00   3.6584454e+00   4.0778365e+00   0.0000000e+00   0.0000000e+00   0.0000000e+00   0.0000000e+00   0.0000000e+00   0.0000000e+00
   0.0000000e+00   0.0000000e+00   2.8420533e+00   3.2058141e+00   3.4246317e+00   3.4859685e+00   3.5658653e+00   3.5879857e+00   3.6008113e+00   3.7184910e+00   4.0005088e+00   4.3352519e+00   4.7172794e+00   5.1759005e+00   5.5057700e+00   5.7574482e+00   5.9720460e+00   6.1100252e+00   6.2264104e+00   6.3274824e+00   6.4331010e+00   6.5794068e+00   6.7165812e+00   6.7752774e+00   6.7628977e+00   6.5902659e+00   6.2592951e+00   5.6906036e+00   4.5381624e+00   3.1373960e+00   1.6321367e+00   0.0000000e+00   0.0000000e+00   0.0000000e+00   5.8486393e+00   6.0412842e+00   6.8337551e+00   7.3372150e+00   6.9903809e+00   6.6316348e+00   6.7056109e+00   6.9376168e+00   7.2012484e+00   7.5053824e+00   7.7459646e+00   7.9718650e+00   8.1314454e+00   7.9680508e+00   7.7327321e+00   0.0000000e+00   0.0000000e+00   0.0000000e+00   0.0000000e+00   0.0000000e+00   0.0000000e+00   0.0000000e+00   0.0000000e+00   0.0000000e+00   0.0000000e+00   0.0000000e+00   0.0000000e+00   0.0000000e+00   0.0000000e+00   0.0000000e+00   3.6391287e+00   3.7851181e+00   0.0000000e+00   0.0000000e+00   0.0000000e+00   0.0000000e+00   0.0000000e+00   0.0000000e+00
   0.0000000e+00   2.3789935e+00   2.4092361e+00   2.7242188e+00   3.0576253e+00   3.1931134e+00   3.2589686e+00   3.2727280e+00   3.3515659e+00   3.5704417e+00   3.9719191e+00   4.3698272e+00   4.7975345e+00   5.2958546e+00   5.6465695e+00   5.9194942e+00   6.1517987e+00   6.3141763e+00   6.4691820e+00   6.6425524e+00   6.8083645e+00   6.9836450e+00   7.1429491e+00   7.2300364e+00   7.2484293e+00   7.1044497e+00   6.7855512e+00   6.2360926e+00   5.1772184e+00   3.9599369e+00   2.6892829e+00   2.4206973e+00   0.0000000e+00   0.0000000e+00   5.8486392e+00   7.1865838e+00   8.4308720e+00   9.0799303e+00   8.0436592e+00   7.3090959e+00   7.3541512e+00   7.5357619e+00   7.7272854e+00   7.8749533e+00   7.9327936e+00   7.9434905e+00   7.7666049e+00   7.2264486e+00   6.8400213e+00   0.0000000e+00   0.0000000e+00   0.0000000e+00   0.0000000e+00   0.0000000e+00   0.0000000e+00   0.0000000e+00   0.0000000e+00   0.0000000e+00   0.0000000e+00   0.0000000e+00   0.0000000e+00   0.0000000e+00   0.0000000e+00   2.5031790e+00   2.7616570e+00   3.4429438e+00   3.7447498e+00   0.0000000e+00   0.0000000e+00   4.4954657e+00   3.3365484e+00   0.0000000e+00
   0.0000000e+00   2.3789937e+00   2.3251796e+00   2.4686100e+00   2.8187208e+00   2.9779301e+00   3.0353026e+00   3.0764129e+00   3.2090738e+00   3.4763906e+00   3.9191172e+00   4.3409967e+00   4.7825408e+00   5.2836590e+00   5.6342721e+00   5.9093533e+00   6.1483569e+00   6.3258944e+00   6.5055976e+00   6.7222395e+00   6.9159489e+00   7.1026077e+00   7.2746429e+00   7.3728218e+00   7.4027348e+00   7.2716618e+00   6.9644279e+00   6.4501233e+00   5.5144787e+00   4.5076518e+00   3.5011704e+00   3.3682739e+00   4.9510867e+00   4.5460623e+00   0.0000000e+00   8.0753942e+00   9.2052336e+00   1.0157626e+01   8.8315763e+00   7.5885372e+00   7.7107258e+00   7.7329330e+00   7.8909388e+00   7.9291096e+00   7.8606853e+00   7.7286272e+00   7.3704357e+00   6.6839457e+00   6.2534055e+00   0.0000000e+00   0.0000000e+00   0.0000000e+00   0.0000000e+00   0.0000000e+00   0.0000000e+00   0.0000000e+00   0.0000000e+00   0.0000000e+00   0.0000000e+00   0.0000000e+00   0.0000000e+00   0.0000000e+00   1.6638279e+00   2.0624002e+00   2.3385096e+00   3.2427478e+00   3.5633301e+00   0.0000000e+00   3.1127863e+00   4.0190681e+00   3.0112000e+00   0.0000000e+00
   0.0000000e+00   0.0000000e+00   2.1605889e+00   2.1381056e+00   2.4720213e+00   2.6485071e+00   2.6940293e+00   2.7977384e+00   3.0160881e+00   3.3415259e+00   3.8186083e+00   4.2632976e+00   4.7138143e+00   5.2028966e+00   5.5438109e+00   5.8138697e+00   6.0592240e+00   6.2582539e+00   6.4734893e+00   6.7502802e+00   6.9765891e+00   7.1745345e+00   7.3638776e+00   7.4729872e+00   7.5136753e+00   7.3973204e+00   7.1096714e+00   6.6621951e+00   5.9489140e+00   5.3110773e+00   4.7658222e+00   4.8960631e+00   4.9510865e+00   4.5460616e+00   0.0000000e+00   8.9445337e+00   1.0143679e+01   1.1681960e+01   1.0046457e+01   7.8812142e+00   8.1823704e+00   7.8848141e+00   8.0035547e+00   7.8774865e+00   7.6207164e+00   7.2796273e+00   6.6846725e+00   5.8549187e+00   5.3982580e+00   0.0000000e+00   0.0000000e+00   0.0000000e+00   0.0000000e+00   0.0000000e+00   0.0000000e+00   0.0000000e+00   0.0000000e+00   0.0000000e+00   0.0000000e+00   0.0000000e+00   0.0000000e+00   0.0000000e+00   1.6638275e+00   1.3517277e+00   1.8278520e+00   2.8901729e+00   3.1733225e+00   0.0000000e+00   3.1127859e+00   3.2509664e+00   2.3117833e+00   0.0000000e+00
   0.0000000e+00   0.0000000e+00   1.5491492e+00   1.6376789e+00   2.0366302e+00   2.2061631e+00   2.2906804e+00   2.5118072e+00   2.7914197e+00   3.1336849e+00   3.6169240e+00   4.0553145e+00   4.4805107e+00   4.9201689e+00   5.2246464e+00   5.4695778e+00   5.7129297e+00   5.9168031e+00   6.1340642e+00   6.4027390e+00   6.6020262e+00   6.7870092e+00   6.9981508e+00   7.1469070e+00   7.2282043e+00   7.1831036e+00   7.0004050e+00   6.7209797e+00   6.3221865e+00   6.0333850e+00   5.8416891e+00   5.7594242e+00   5.5324386e+00   5.4076014e+00   0.0000000e+00   0.0000000e+00   0.0000000e+00   0.0000000e+00   1.0046458e+01   7.8812131e+00   8.1921234e+00   7.8536892e+00   7.9103088e+00   7.6051741e+00   7.1606165e+00   6.5907922e+00   5.7882686e+00   4.8281583e+00   4.3183236e+00   0.0000000e+00   0.0000000e+00   0.0000000e+00   0.0000000e+00   0.0000000e+00   0.0000000e+00   0.0000000e+00   0.0000000e+00   0.0000000e+00   0.0000000e+00   0.0000000e+00   0.0000000e+00   0.0000000e+00   1.0271887e+00   9.4860089e-01   1.6421529e+00   2.7962035e+00   3.1526401e+00   0.0000000e+00   3.1559811e+00   2.9582098e+00   1.9691191e+00   0.0000000e+00
   8.5295944e-01   1.6902493e+00   1.5035201e+00   1.5160420e+00   1.8000022e+00   1.9617667e+00   2.0947384e+00   2.3842780e+00   2.6768136e+00   3.0041434e+00   3.4716599e+00   3.8946171e+00   4.2996195e+00   4.7079885e+00   4.9829092e+00   5.2023752e+00   5.4236511e+00   5.6090288e+00   5.8040508e+00   6.0472373e+00   6.2281685e+00   6.4103621e+00   6.6406225e+00   6.8177371e+00   6.9388089e+00   6.9724955e+00   6.8878565e+00   6.7353682e+00   6.5160479e+00   6.3770447e+00   6.3101796e+00   6.1964353e+00   5.9766798e+00   5.9150637e+00   8.1141008e+00   8.2463023e+00   8.1812525e+00   0.0000000e+00   0.0000000e+00   0.0000000e+00   8.1383270e+00   7.7868047e+00   7.8588791e+00   7.4948497e+00   6.9495363e+00   6.2590846e+00   5.3246983e+00   4.3593783e+00   3.6670769e+00   0.0000000e+00   0.0000000e+00   0.0000000e+00   0.0000000e+00   0.0000000e+00   0.0000000e+00   0.0000000e+00   0.0000000e+00   0.0000000e+00   0.0000000e+00   0.0000000e+00   0.0000000e+00   0.0000000e+00   8.6816347e-01   8.0547940e-01   1.5828268e+00   2.6265559e+00   2.9443820e+00   0.0000000e+00   3.0638545e+00   2.6673435e+00   1.5219899e+00   7.2562254e-01
   8.5295947e-01   1.6902494e+00   1.6749786e+00   1.5456119e+00   1.4361102e+00   1.5801790e+00   1.8269474e+00   2.2283190e+00   2.5113734e+00   2.7810356e+00   3.1968965e+00   3.5788130e+00   3.9434919e+00   4.2973681e+00   4.5127788e+00   4.6760656e+00   4.8331482e+00   4.9596394e+00   5.0868341e+00   5.2604528e+00   5.4078656e+00   5.5919025e+00   5.8620424e+00   6.0925791e+00   6.3003324e+00   6.5129049e+00   6.6381720e+00   6.7321940e+00   6.8011970e+00   6.8350644e+00   6.8631613e+00   6.8220662e+00   6.8446968e+00   7.2580004e+00   8.1141020e+00   7.2164390e+00   5.9277560e+00   0.0000000e+00   0.0000000e+00   0.0000000e+00   7.4667924e+00   7.6119462e+00   7.7787060e+00   7.3794729e+00   6.6810950e+00   5.8104528e+00   4.6458292e+00   3.7670757e+00   3.3935311e+00   0.0000000e+00   0.0000000e+00   0.0000000e+00   0.0000000e+00   0.0000000e+00   0.0000000e+00   0.0000000e+00   0.0000000e+00   0.0000000e+00   0.0000000e+00   0.0000000e+00   0.0000000e+00   0.0000000e+00   8.9303446e-01   6.9485372e-01   1.5515343e+00   2.1948067e+00   2.3402291e+00   0.0000000e+00   2.7556057e+00   2.0301875e+00   7.2433370e-01   7.2562252e-01
   8.5295944e-01   1.8753648e+00   1.9639535e+00   1.5456120e+00   1.1395204e+00   1.2942882e+00   1.7136014e+00   2.2676609e+00   2.5231009e+00   2.6661994e+00   2.9815402e+00   3.3233395e+00   3.6683908e+00   3.9991057e+00   4.1818638e+00   4.3113637e+00   4.4465137e+00   4.5730662e+00   4.7143860e+00   4.9303474e+00   5.1361537e+00   5.3772016e+00   5.7059150e+00   5.9841113e+00   6.2550540e+00   6.5635748e+00   6.7796550e+00   6.9631600e+00   7.1122065e+00   7.1606817e+00   7.1415267e+00   7.0416675e+00   7.0310068e+00   7.2789960e+00   7.3918171e+00   6.2586355e+00   5.3691840e+00   0.0000000e+00   0.0000000e+00   0.0000000e+00   7.4667916e+00   7.4925414e+00   7.3206348e+00   6.7614355e+00   5.8923593e+00   4.9565434e+00   3.9103827e+00   3.2885854e+00   3.1599529e+00   0.0000000e+00   0.0000000e+00   0.0000000e+00   0.0000000e+00   0.0000000e+00   0.0000000e+00   0.0000000e+00   0.0000000e+00   0.0000000e+00   0.0000000e+00   0.0000000e+00   0.0000000e+00   0.0000000e+00   6.6692197e-01   5.9965301e-01   1.1913855e+00   1.7248911e+00   2.3458990e+00   2.3910783e+00   1.9046464e+00   1.3027930e+00   4.8322454e-01   7.9082662e-01
   0.0000000e+00   1.8138500e+00   2.2128947e+00   0.0000000e+00   9.6410608e-01   1.1332951e+00   1.6678159e+00   2.3395705e+00   2.6035619e+00   2.6667423e+00   2.9081755e+00   3.2304316e+00   3.5706005e+00   3.8992059e+00   4.0782490e+00   4.2068858e+00   4.3558288e+00   4.5019608e+00   4.6670613e+00   4.9171753e+00   5.1564722e+00   5.4242663e+00   5.7736812e+00   6.0642228e+00   6.3496184e+00   6.6782570e+00   6.9133263e+00   7.1128120e+00   7.2660279e+00   7.2946444e+00   7.2326670e+00   7.0880270e+00   7.0349054e+00   7.1440611e+00   6.8641624e+00   5.6537161e+00   4.9679742e+00   0.0000000e+00   0.0000000e+00   0.0000000e+00   0.0000000e+00   7.3896781e+00   7.0332367e+00   6.3189793e+00   5.3255668e+00   4.3110790e+00   3.3645687e+00   2.9446499e+00   3.0047874e+00   4.2141345e+00   0.0000000e+00   0.0000000e+00   0.0000000e+00   0.0000000e+00   0.0000000e+00   0.0000000e+00   0.0000000e+00   0.0000000e+00   0.0000000e+00   0.0000000e+00   0.0000000e+00   8.0485961e-01   5.7164462e-01   5.2365208e-01   9.7149241e-01   1.4570377e+00   2.2269742e+00   2.2897084e+00   1.6818709e+00   9.8348796e-01   3.8180180e-01   8.4699751e-01
   0.0000000e+00   1.1332552e+00   0.0000000e+00   0.0000000e+00   6.6539284e-01   8.9608038e-01   1.6868450e+00   2.6840378e+00   3.0761611e+00   2.9801357e+00   3.0297331e+00   3.3378046e+00   3.7003568e+00   4.0782625e+00   4.3221691e+00   4.5366027e+00   4.8311898e+00   5.0998615e+00   5.3758723e+00   5.7257269e+00   6.0172748e+00   6.2987959e+00   6.6198354e+00   6.8590938e+00   7.0644855e+00   7.2602063e+00   7.3691290e+00   7.4272163e+00   7.3904959e+00   7.2552189e+00   7.0524246e+00   6.7857726e+00   6.5564019e+00   6.2417332e+00   5.5070583e+00   4.4481638e+00   3.9613821e+00   0.0000000e+00   0.0000000e+00   0.0000000e+00   0.0000000e+00   0.0000000e+00   6.2804077e+00   5.2144146e+00   3.9025668e+00   2.5709613e+00   1.9291873e+00   2.0808304e+00   2.6628791e+00   4.2141348e+00   0.0000000e+00   0.0000000e+00   4.4574967e+00   0.0000000e+00   0.0000000e+00   0.0000000e+00   0.0000000e+00   0.0000000e+00   0.0000000e+00   0.0000000e+00   0.0000000e+00   8.0485959e-01   5.7827678e-01   3.0433475e-01   5.6559893e-01   1.0468814e+00   1.4778330e+00   1.6544113e+00   1.4342697e+00   9.4592662e-01   4.0211197e-01   0.0000000e+00
   0.0000000e+00   8.0852413e-01   0.0000000e+00   0.0000000e+00   5.5834955e-01   7.6133490e-01   1.6697538e+00   2.8750706e+00   3.4707863e+00   3.3529069e+00   3.2329550e+00   3.5297093e+00   3.8960352e+00   4.2912025e+00   4.5678377e+00   4.8194418e+00   5.1571798e+00   5.4449301e+00   5.7221761e+00   6.0542650e+00   6.3186994e+00   6.5640693e+00   6.8324990e+00   7.0219851e+00   7.1710291e+00   7.2871671e+00   7.3227725e+00   7.3000441e+00   7.1659689e+00   6.9612389e+00   6.7138777e+00   6.4053702e+00   6.1253309e+00   5.7327523e+00   5.0553360e+00   4.6191663e+00   3.9613821e+00   0.0000000e+00   0.0000000e+00   0.0000000e+00   0.0000000e+00   0.0000000e+00   6.0942434e+00   4.9634938e+00   3.5418634e+00   1.9755006e+00   1.0250190e+00   1.5658882e+00   2.3521519e+00   3.5299032e+00   4.0479021e+00   4.2740829e+00   4.0512016e+00   3.5213710e+00   0.0000000e+00   0.0000000e+00   0.0000000e+00   0.0000000e+00   0.0000000e+00   0.0000000e+00   0.0000000e+00   7.7537537e-01   5.9086776e-01   5.1704335e-01   7.9105401e-01   1.1480513e+00   1.4475429e+00   1.6016802e+00   1.4895079e+00   1.1202705e+00   8.6218850e-01   0.0000000e+00
   0.0000000e+00   5.6384937e-01   0.0000000e+00   0.0000000e+00   4.7769576e-01   6.5980840e-01   1.6568760e+00   3.0190077e+00   3.7681241e+00   3.6337786e+00   3.3860769e+00   3.6743038e+00   4.0434728e+00   4.4516468e+00   4.7529416e+00   5.0325527e+00   5.4028034e+00   5.7049294e+00   5.9831057e+00   6.3018093e+00   6.5458145e+00   6.7639441e+00   6.9927359e+00   7.1447191e+00   7.2513075e+00   7.3074818e+00   7.2878451e+00   7.2042227e+00   6.9967957e+00   6.7397356e+00   6.4587927e+00   6.1187496e+00   5.8005323e+00   5.3492513e+00   4.7149773e+00   4.8768568e+00   0.0000000e+00   0.0000000e+00   0.0000000e+00   0.0000000e+00   0.0000000e+00   0.0000000e+00   5.9539744e+00   4.7744336e+00   3.2700849e+00   1.5268390e+00   3.4375572e-01   1.1778948e+00   2.1180286e+00   3.1432424e+00   4.0479026e+00   4.2740831e+00   3.8216038e+00   3.5213714e+00   0.0000000e+00   0.0000000e+00   0.0000000e+00   0.0000000e+00   0.0000000e+00   0.0000000e+00   0.0000000e+00   7.5315988e-01   6.0035479e-01   6.7731285e-01   9.6092761e-01   1.2242799e+00   1.4247204e+00   1.5619490e+00   1.5311282e+00   1.2516332e+00   1.2088423e+00   0.0000000e+00
   0.0000000e+00   2.8208290e-01   0.0000000e+00   0.0000000e+00   2.4657123e-01   6.2079722e-01   1.3388767e+00   3.2837172e+00   4.1486311e+00   3.9437022e+00   3.4443109e+00   3.7331047e+00   4.1374693e+00   4.5541105e+00   4.8679037e+00   5.1557469e+00   5.5207863e+00   5.8073387e+00   6.0658326e+00   6.3722281e+00   6.6262302e+00   6.8654933e+00   7.1260948e+00   7.3139510e+00   7.4506111e+00   7.5176148e+00   7.4783278e+00   7.3459597e+00   7.0409636e+00   6.6905618e+00   6.3048940e+00   5.8000717e+00   5.3216972e+00   4.7445827e+00   4.3123269e+00   4.4257722e+00   0.0000000e+00   0.0000000e+00   0.0000000e+00   0.0000000e+00   0.0000000e+00   0.0000000e+00   0.0000000e+00   3.9975302e+00   3.3855743e+00   1.9166926e+00   1.1420890e+00   1.7167830e+00   2.3288376e+00   2.6995864e+00   3.0394514e+00   3.3528070e+00   3.2430768e+00   2.9849746e+00   0.0000000e+00   0.0000000e+00   0.0000000e+00   0.0000000e+00   0.0000000e+00   0.0000000e+00   0.0000000e+00   2.2619293e+00   1.2620158e+00   1.4033046e+00   1.6723478e+00   1.7820015e+00   1.8680739e+00   1.9406686e+00   1.9064921e+00   1.6784425e+00   1.4371454e+00   1.7704746e+00
   0.0000000e+00   5.5965829e-01   0.0000000e+00   0.0000000e+00   7.0658755e-01   9.2563045e-01   1.3395759e+00   3.2837170e+00   4.2500066e+00   3.9689775e+00   3.3261809e+00   3.5535779e+00   3.9575675e+00   4.3857117e+00   4.7083416e+00   5.0041423e+00   5.3641276e+00   5.6478877e+00   5.9054179e+00   6.2089434e+00   6.4640899e+00   6.7066088e+00   6.9662905e+00   7.1474485e+00   7.2712541e+00   7.3076229e+00   7.2213745e+00   7.0189180e+00   6.5999284e+00   6.1430335e+00   5.6457434e+00   5.0043106e+00   4.4212484e+00   3.8288155e+00   3.7282064e+00   4.0230212e+00   0.0000000e+00   0.0000000e+00   0.0000000e+00   0.0000000e+00   0.0000000e+00   0.0000000e+00   0.0000000e+00   3.9975297e+00   3.3855739e+00   2.2066665e+00   1.6591644e+00   2.1505451e+00   2.5886619e+00   2.8154655e+00   3.0193791e+00   3.2308207e+00   3.0797040e+00   2.8764749e+00   0.0000000e+00   0.0000000e+00   0.0000000e+00   0.0000000e+00   0.0000000e+00   0.0000000e+00   3.6022777e+00   2.4560969e+00   1.5977986e+00   1.7606080e+00   2.0450954e+00   2.1347973e+00   2.1903629e+00   2.2247005e+00   2.1640687e+00   1.9322917e+00   1.6395975e+00   1.8458362e+00
   0.0000000e+00   9.2805459e-01   0.0000000e+00   0.0000000e+00   1.3171184e+00   1.3302033e+00   1.3432884e+00   0.0000000e+00   4.5190976e+00   4.0025230e+00   3.1693989e+00   3.3153111e+00   3.7188035e+00   4.1622144e+00   4.4965706e+00   4.8029348e+00   5.1562111e+00   5.4362663e+00   5.6925180e+00   5.9922333e+00   6.2488967e+00   6.4957381e+00   6.7541993e+00   6.9264679e+00   7.0332130e+00   7.0289233e+00   6.8803486e+00   6.5848705e+00   6.0145894e+00   5.4163585e+00   4.7709243e+00   3.9481824e+00   3.2261787e+00   2.6134149e+00   2.9529656e+00   3.4884930e+00   0.0000000e+00   0.0000000e+00   0.0000000e+00   0.0000000e+00   0.0000000e+00   0.0000000e+00   0.0000000e+00   0.0000000e+00   0.0000000e+00   2.7198023e+00   2.3454238e+00   2.7262317e+00   2.9334993e+00   2.9692602e+00   2.9927394e+00   3.0689219e+00   2.8628768e+00   2.7324747e+00   0.0000000e+00   0.0000000e+00   0.0000000e+00   0.0000000e+00   0.0000000e+00   0.0000000e+00   3.6022780e+00   2.7137950e+00   2.0434475e+00   2.2348190e+00   2.5398043e+00   2.6030254e+00   2.6181025e+00   2.6016663e+00   2.5059225e+00   2.2691988e+00   1.9082907e+00   1.9458559e+00
   1.5201761e+00   9.1856421e-01   1.3309704e+00   1.5130449e+00   1.8721041e+00   2.0851288e+00   2.2449760e+00   0.0000000e+00   4.5190976e+00   3.8517735e+00   3.1441517e+00   2.7147768e+00   2.8310814e+00   3.1795063e+00   3.4931681e+00   3.7742867e+00   4.0755091e+00   4.3101835e+00   4.5174041e+00   4.7562280e+00   4.9465232e+00   5.1171832e+00   5.2678304e+00   5.3219442e+00   5.3017292e+00   5.1565204e+00   4.9298377e+00   4.6064243e+00   4.1037264e+00   3.6409912e+00   3.1851547e+00   2.6182981e+00   2.0594049e+00   1.4989841e+00   1.5752240e+00   1.8200221e+00   0.0000000e+00   0.0000000e+00   0.0000000e+00   0.0000000e+00   0.0000000e+00   0.0000000e+00   0.0000000e+00   0.0000000e+00   0.0000000e+00   3.6953068e+00   3.4907005e+00   3.8334928e+00   3.8664763e+00   3.6746871e+00   3.4282620e+00   3.1579378e+00   2.5976739e+00   2.3608980e+00   0.0000000e+00   0.0000000e+00   0.0000000e+00   0.0000000e+00   0.0000000e+00   0.0000000e+00   3.2067000e+00   3.1627035e+00   2.9971850e+00   3.1586201e+00   3.3997490e+00   3.4749417e+00   3.4719360e+00   3.3762355e+00   3.2201285e+00   2.9401629e+00   2.3597593e+00   1.8963125e+00
   1.7572892e+00   1.1117096e+00   1.3705908e+00   1.5990496e+00   2.1444368e+00   2.5736337e+00   3.1333456e+00   5.2118063e+00   0.0000000e+00   3.8197009e+00   3.1477687e+00   2.6884220e+00   2.5899930e+00   2.7192488e+00   2.9190061e+00   3.1281338e+00   3.3714409e+00   3.5713122e+00   3.7439349e+00   3.9404776e+00   4.0906458e+00   4.2243209e+00   4.3432684e+00   4.3785295e+00   4.3658109e+00   4.3085499e+00   4.2464767e+00   4.1621943e+00   4.0137467e+00   3.8501487e+00   3.6570325e+00   3.3196321e+00   2.8654714e+00   2.3241894e+00   2.1308386e+00   2.1886437e+00   0.0000000e+00   0.0000000e+00   0.0000000e+00   0.0000000e+00   0.0000000e+00   0.0000000e+00   0.0000000e+00   0.0000000e+00   0.0000000e+00   4.0701005e+00   4.0120144e+00   4.3625889e+00   4.3713565e+00   4.1375303e+00   3.8114371e+00   3.4063621e+00   2.6487372e+00   2.1521850e+00   1.7505678e+00   0.0000000e+00   0.0000000e+00   0.0000000e+00   0.0000000e+00   0.0000000e+00   3.2106425e+00   3.3591340e+00   3.3962860e+00   3.5319562e+00   3.7751734e+00   3.8930936e+00   3.9129765e+00   3.8138573e+00   3.6594419e+00   3.3911595e+00   2.7939086e+00   2.2104170e+00
   2.3077785e+00   1.5627594e+00   1.4625746e+00   1.7987205e+00   2.7252948e+00   3.4281017e+00   3.5654560e+00   5.2118065e+00   0.0000000e+00   0.0000000e+00   3.1655182e+00   2.8497033e+00   2.3591289e+00   2.0147423e+00   1.9577214e+00   2.0090647e+00   2.1371967e+00   2.2730805e+00   2.3835429e+00   2.5044818e+00   2.5860759e+00   2.6621063e+00   2.7473974e+00   2.7826582e+00   2.8343779e+00   3.0335031e+00   3.3825270e+00   3.8637673e+00   4.5127221e+00   4.9934161e+00   5.3400045e+00   5.4405248e+00   5.1690898e+00   4.6528511e+00   3.9311528e+00   3.6625287e+00   0.0000000e+00   0.0000000e+00   0.0000000e+00   0.0000000e+00   0.0000000e+00   0.0000000e+00   0.0000000e+00   0.0000000e+00   0.0000000e+00   4.5788591e+00   4.7980482e+00   5.1807736e+00   5.1978821e+00   4.9507577e+00   4.5396914e+00   3.9501363e+00   2.8655305e+00   1.9787328e+00   1.7505679e+00   0.0000000e+00   0.0000000e+00   0.0000000e+00   0.0000000e+00   0.0000000e+00   3.3663362e+00   3.6488752e+00   3.9695416e+00   4.0564838e+00   4.3282061e+00   4.5408900e+00   4.6206112e+00   4.5429170e+00   4.4147915e+00   4.1896512e+00   3.6345981e+00   2.9488284e+00
   3.2008061e+00   2.2719737e+00   1.8519213e+00   2.0312682e+00   2.8321947e+00   3.4789534e+00   3.8848703e+00   5.3898344e+00   6.3556036e+00   0.0000000e+00   3.8044703e+00   3.3870306e+00   3.0559742e+00   2.5688249e+00   2.2746437e+00   2.0753917e+00   1.9411544e+00   1.8796662e+00   1.8168363e+00   1.7393526e+00   1.6620505e+00   1.6319192e+00   1.7584782e+00   1.9758208e+00   2.3452066e+00   3.1049780e+00   3.9544411e+00   4.8312691e+00   5.7124108e+00   6.2070541e+00   6.4733066e+00   6.4733218e+00   6.2357268e+00   5.8748339e+00   5.1985806e+00   4.6642251e+00   4.7183076e+00   0.0000000e+00   0.0000000e+00   0.0000000e+00   0.0000000e+00   0.0000000e+00   0.0000000e+00   0.0000000e+00   0.0000000e+00   4.9583960e+00   5.3940524e+00   5.7640724e+00   5.8396515e+00   5.6839527e+00   5.3367105e+00   4.7556303e+00   3.5811753e+00   2.0550740e+00   1.3584731e+00   0.0000000e+00   0.0000000e+00   0.0000000e+00   0.0000000e+00   0.0000000e+00   3.1158106e+00   3.5253417e+00   4.2745185e+00   4.4197672e+00   4.8143828e+00   5.1284633e+00   5.3146637e+00   5.3526452e+00   5.3014612e+00   5.1511648e+00   4.6729162e+00   3.9782662e+00
   3.7486291e+00   2.7059507e+00   2.0891769e+00   2.1033611e+00   2.6510217e+00   3.3117554e+00   3.9921010e+00   5.4346588e+00   6.3556043e+00   5.5347011e+00   4.0732541e+00   3.7387490e+00   3.4578316e+00   2.9609663e+00   2.6095064e+00   2.3395712e+00   2.1215422e+00   1.9912708e+00   1.8680403e+00   1.7119052e+00   1.5649465e+00   1.4655180e+00   1.5506390e+00   1.8169956e+00   2.3107791e+00   3.2749588e+00   4.2818069e+00   5.2584591e+00   6.1658072e+00   6.6258287e+00   6.8403392e+00   6.8161831e+00   6.6358147e+00   6.3980689e+00   5.8664489e+00   5.1489792e+00   5.0059729e+00   0.0000000e+00   0.0000000e+00   0.0000000e+00   0.0000000e+00   0.0000000e+00   0.0000000e+00   0.0000000e+00   5.3278335e+00   5.1002624e+00   5.6323395e+00   6.0055408e+00   6.1297793e+00   6.0481129e+00   5.7670784e+00   5.2367034e+00   4.0899210e+00   2.2771640e+00   1.3404959e+00   0.0000000e+00   0.0000000e+00   0.0000000e+00   0.0000000e+00   0.0000000e+00   2.7291565e+00   3.4838702e+00   4.4035402e+00   4.6172357e+00   5.0992455e+00   5.4650068e+00   5.7100224e+00   5.8135834e+00   5.8043699e+00   5.6950059e+00   5.2689061e+00   4.5853872e+00
   4.6920343e+00   3.4510411e+00   2.4944505e+00   2.0806324e+00   1.8253931e+00   1.9099487e+00   0.0000000e+00   0.0000000e+00   0.0000000e+00   5.5347015e+00   4.2797225e+00   4.3904392e+00   4.0965422e+00   3.7450201e+00   3.4785277e+00   3.2597303e+00   3.0580112e+00   2.9181408e+00   2.7864494e+00   2.5845234e+00   2.3755121e+00   2.1480609e+00   2.0228688e+00   2.2431510e+00   2.8044650e+00   3.8302416e+00   4.7967018e+00   5.6479155e+00   6.3584575e+00   6.6689753e+00   6.7892601e+00   6.8015054e+00   6.7955932e+00   6.8278962e+00   6.7883810e+00   6.3532748e+00   6.1001553e+00   0.0000000e+00   0.0000000e+00   0.0000000e+00   0.0000000e+00   0.0000000e+00   0.0000000e+00   0.0000000e+00   5.3278333e+00   5.1414892e+00   5.7776493e+00   6.1791749e+00   6.4138340e+00   6.4970210e+00   6.3863166e+00   6.0379892e+00   5.1111955e+00   3.0244390e+00   1.7727948e+00   0.0000000e+00   0.0000000e+00   0.0000000e+00   0.0000000e+00   0.0000000e+00   1.5783505e+00   0.0000000e+00   4.6061799e+00   4.9044510e+00   5.5619547e+00   5.9948156e+00   6.3275794e+00   6.5328751e+00   6.5850542e+00   6.5358113e+00   6.2099988e+00   5.5801557e+00
   5.3135514e+00   3.9502585e+00   2.7116350e+00   1.8270698e+00   1.8253931e+00   1.9099490e+00   0.0000000e+00   0.0000000e+00   0.0000000e+00   5.4175886e+00   4.7341104e+00   4.6542275e+00   4.4433780e+00   4.1896963e+00   4.0031116e+00   3.8419647e+00   3.6906669e+00   3.5968723e+00   3.5324056e+00   3.4327211e+00   3.3062250e+00   3.1389151e+00   2.9664130e+00   3.0163290e+00   3.3418424e+00   4.0810595e+00   4.8145960e+00   5.4727697e+00   6.0566468e+00   6.3530702e+00   6.5279250e+00   6.6582384e+00   6.7476558e+00   6.8376880e+00   6.8998356e+00   6.8302850e+00   6.7960724e+00   0.0000000e+00   0.0000000e+00   0.0000000e+00   0.0000000e+00   0.0000000e+00   0.0000000e+00   0.0000000e+00   4.7798055e+00   4.8370209e+00   5.5476446e+00   5.9950675e+00   6.3524098e+00   6.6138330e+00   6.6897110e+00   6.5885730e+00   6.0694585e+00   4.5631300e+00   1.7727950e+00   0.0000000e+00   0.0000000e+00   0.0000000e+00   0.0000000e+00   0.0000000e+00   1.5783505e+00   0.0000000e+00   4.9299124e+00   5.0911469e+00   5.7952375e+00   6.2442635e+00   6.6093283e+00   6.8745751e+00   6.9606656e+00   6.9420762e+00   6.6941996e+00   6.1618217e+00
   5.7164688e+00   4.2810006e+00   2.8252017e+00   1.6865871e+00   0.0000000e+00   0.0000000e+00   0.0000000e+00   0.0000000e+00   0.0000000e+00   5.3446484e+00   4.9533029e+00   4.7828430e+00   4.6278253e+00   4.4422474e+00   4.3084688e+00   4.1875067e+00   4.0751929e+00   4.0154128e+00   3.9938226e+00   3.9617651e+00   3.8883710e+00   3.7606766e+00   3.5725932e+00   3.5201974e+00   3.6829743e+00   4.2062039e+00   4.7711162e+00   5.2949719e+00   5.7912278e+00   6.0802529e+00   6.2961116e+00   6.5087967e+00   6.6635677e+00   6.7931619e+00   6.8934612e+00   6.9376360e+00   6.2324169e+00   0.0000000e+00   0.0000000e+00   0.0000000e+00   0.0000000e+00   0.0000000e+00   0.0000000e+00   0.0000000e+00   4.4312739e+00   4.5913124e+00   5.3200407e+00   5.7959578e+00   6.2345619e+00   6.6227436e+00   6.8313567e+00   6.9035964e+00   6.6670518e+00   6.2411225e+00   0.0000000e+00   0.0000000e+00   0.0000000e+00   0.0000000e+00   0.0000000e+00   0.0000000e+00   0.0000000e+00   0.0000000e+00   5.0495204e+00   5.1750078e+00   5.8968310e+00   6.3554251e+00   6.7360601e+00   7.0372610e+00   7.1512796e+00   7.1611586e+00   6.9729214e+00   6.5157215e+00
   6.2545015e+00   4.7467729e+00   2.8844828e+00   1.5800594e+00   0.0000000e+00   0.0000000e+00   0.0000000e+00   0.0000000e+00   0.0000000e+00   5.2573592e+00   4.9902909e+00   4.8107824e+00   4.7370805e+00   4.6583044e+00   4.5984487e+00   4.5406800e+00   4.5017833e+00   4.5014842e+00   4.5347616e+00   4.5975734e+00   4.5937672e+00   4.5210952e+00   4.3633920e+00   4.2019681e+00   4.1139440e+00   4.2462518e+00   4.5262110e+00   4.8395785e+00   5.2001473e+00   5.4851994e+00   5.7748922e+00   6.1173524e+00   6.3714551e+00   6.5611177e+00   6.6182190e+00   6.3961329e+00   5.1836172e+00   0.0000000e+00   0.0000000e+00   0.0000000e+00   0.0000000e+00   0.0000000e+00   0.0000000e+00   0.0000000e+00   3.9887437e+00   4.0992631e+00   4.7498249e+00   5.2595194e+00   5.8125014e+00   6.4079799e+00   6.8337980e+00   7.1820883e+00   7.3848903e+00   7.4064230e+00   0.0000000e+00   0.0000000e+00   0.0000000e+00   0.0000000e+00   0.0000000e+00   0.0000000e+00   0.0000000e+00   0.0000000e+00   4.9030481e+00   5.1608971e+00   5.8640968e+00   6.3323825e+00   6.7155903e+00   7.0549272e+00   7.2264089e+00   7.3034591e+00   7.2257831e+00   6.9096598e+00
   6.5370242e+00   5.0943349e+00   3.4121380e+00   1.5800592e+00   0.0000000e+00   0.0000000e+00   0.0000000e+00   0.0000000e+00   0.0000000e+00   5.2573591e+00   4.5444135e+00   4.5848192e+00   4.5423474e+00   4.5246033e+00   4.5023789e+00   4.4891090e+00   4.5082831e+00   4.5386247e+00   4.5889916e+00   4.6929988e+00   4.7467469e+00   4.7200364e+00   4.5897426e+00   4.4180874e+00   4.2391653e+00   4.1426315e+00   4.2096114e+00   4.3441143e+00   4.5583643e+00   4.7921547e+00   5.0757736e+00   5.4693454e+00   5.8031872e+00   6.0952461e+00   6.2979734e+00   6.2103917e+00   5.2407320e+00   2.9207653e+00   0.0000000e+00   0.0000000e+00   0.0000000e+00   0.0000000e+00   0.0000000e+00   0.0000000e+00   3.6556957e+00   3.7087593e+00   4.1690435e+00   4.6259193e+00   5.1886147e+00   5.9152830e+00   6.5135648e+00   7.0634996e+00   7.4360648e+00   7.1175709e+00   6.7470886e+00   0.0000000e+00   0.0000000e+00   0.0000000e+00   0.0000000e+00   3.1970458e+00   3.1970458e+00   4.5487385e+00   4.5861539e+00   4.9973215e+00   5.6455629e+00   6.0859511e+00   6.4437911e+00   6.7822463e+00   6.9750434e+00   7.0964419e+00   7.1224071e+00   6.9699246e+00
   6.6651367e+00   5.4220893e+00   3.8923263e+00   0.0000000e+00   0.0000000e+00   0.0000000e+00   0.0000000e+00   0.0000000e+00   0.0000000e+00   0.0000000e+00   4.2821608e+00   4.2773151e+00   4.2967026e+00   4.3270157e+00   4.3349357e+00   4.3550127e+00   4.4140213e+00   4.4653692e+00   4.5286959e+00   4.6549895e+00   4.7429962e+00   4.7534993e+00   4.6519211e+00   4.4870462e+00   4.2670853e+00   4.0316160e+00   3.9516659e+00   3.9581664e+00   4.0645020e+00   4.2488899e+00   4.5061796e+00   4.9105309e+00   5.2926083e+00   5.6654209e+00   6.0082134e+00   6.0675497e+00   5.3637384e+00   2.8135830e+00   0.0000000e+00   0.0000000e+00   0.0000000e+00   0.0000000e+00   0.0000000e+00   3.9771275e+00   3.5077849e+00   3.3989443e+00   3.7014248e+00   4.0992494e+00   4.6402357e+00   5.4243167e+00   6.1326246e+00   6.8322114e+00   7.4259452e+00   7.1746035e+00   6.9110317e+00   0.0000000e+00   0.0000000e+00   0.0000000e+00   0.0000000e+00   3.1511559e+00   3.1511559e+00   4.3516190e+00   4.3701301e+00   4.8171776e+00   5.4126643e+00   5.8202066e+00   6.1507906e+00   6.4789523e+00   6.6797123e+00   6.8257579e+00   6.9259867e+00   6.9007139e+00
   6.6635997e+00   6.2082395e+00   0.0000000e+00   0.0000000e+00   0.0000000e+00   0.0000000e+00   0.0000000e+00   0.0000000e+00   0.0000000e+00   0.0000000e+00   3.4565897e+00   3.5657517e+00   3.7507845e+00   3.8516188e+00   3.9048033e+00   3.9704198e+00   4.0760481e+00   4.1519554e+00   4.2333016e+00   4.3719115e+00   4.4879696e+00   4.5551385e+00   4.5100285e+00   4.3849108e+00   4.1660693e+00   3.8095917e+00   3.5557558e+00   3.4002038e+00   3.3628366e+00   3.4565729e+00   3.6319370e+00   3.9929129e+00   4.4165457e+00   4.9081123e+00   5.5074703e+00   5.8647890e+00   5.7010103e+00   2.4409796e+00   0.0000000e+00   0.0000000e+00   0.0000000e+00   0.0000000e+00   0.0000000e+00   3.9771273e+00   3.5140984e+00   2.9396177e+00   2.9944997e+00   3.2705933e+00   3.7207446e+00   4.4968915e+00   5.3148844e+00   6.2157519e+00   7.3098165e+00   7.6013263e+00   7.4809584e+00   0.0000000e+00   0.0000000e+00   0.0000000e+00   0.0000000e+00   2.9916258e+00   2.9916258e+00   3.6663582e+00   3.8697873e+00   4.4496787e+00   4.9487012e+00   5.2861923e+00   5.5621524e+00   5.8559199e+00   6.0506466e+00   6.2122200e+00   6.4066802e+00   6.5647845e+00
   6.1535935e+00   6.2503567e+00   0.0000000e+00   0.0000000e+00   0.0000000e+00   0.0000000e+00   0.0000000e+00   0.0000000e+00   0.0000000e+00   0.0000000e+00   2.5662363e+00   2.6779156e+00   2.9362965e+00   3.1188085e+00   3.2311406e+00   3.3448203e+00   3.4933019e+00   3.6027093e+00   3.7124798e+00   3.8564055e+00   3.9675000e+00   4.0523272e+00   4.0661607e+00   3.9743333e+00   3.7864325e+00   3.4371564e+00   3.1173551e+00   2.8641455e+00   2.7337716e+00   2.7536721e+00   2.8351266e+00   3.0570149e+00   3.4038966e+00   3.9154291e+00   4.7610860e+00   5.6372747e+00   6.3194718e+00   2.4409797e+00   0.0000000e+00   0.0000000e+00   0.0000000e+00   0.0000000e+00   0.0000000e+00   3.3748225e+00   2.8798892e+00   2.3953488e+00   2.2461896e+00   2.3566201e+00   2.6558754e+00   3.2747428e+00   4.0376620e+00   4.9997668e+00   6.4129610e+00   7.4195142e+00   7.6770334e+00   0.0000000e+00   0.0000000e+00   0.0000000e+00   2.7064699e+00   2.9466493e+00   3.1353683e+00   3.3416574e+00   3.5172610e+00   3.8913178e+00   4.2352819e+00   4.4678655e+00   4.6532092e+00   4.8755956e+00   5.0540490e+00   5.2249870e+00   5.4838848e+00   5.7761469e+00
   5.5587893e+00   5.9768651e+00   0.0000000e+00   0.0000000e+00   0.0000000e+00   0.0000000e+00   0.0000000e+00   0.0000000e+00   0.0000000e+00   0.0000000e+00   1.9109070e+00   2.0076458e+00   2.2856531e+00   2.5129559e+00   2.6561846e+00   2.8024089e+00   2.9868283e+00   3.1207100e+00   3.2493868e+00   3.3974316e+00   3.5048662e+00   3.5988050e+00   3.6480107e+00   3.5807076e+00   3.4109793e+00   3.0863147e+00   2.7532741e+00   2.4534659e+00   2.2613521e+00   2.2301120e+00   2.2570255e+00   2.3796043e+00   2.6395411e+00   3.1183519e+00   4.1022210e+00   5.3013314e+00   6.5077629e+00   0.0000000e+00   0.0000000e+00   0.0000000e+00   0.0000000e+00   0.0000000e+00   2.8847351e+00   2.9485502e+00   2.4058287e+00   1.9821211e+00   1.7211777e+00   1.7019835e+00   1.8515493e+00   2.2919774e+00   2.9622599e+00   3.9197893e+00   5.4863148e+00   6.8783442e+00   7.3562685e+00   0.0000000e+00   0.0000000e+00   0.0000000e+00   2.4718878e+00   2.7205192e+00   2.9213402e+00   3.0305217e+00   3.1904543e+00   3.4116509e+00   3.5879483e+00   3.7218452e+00   3.8235323e+00   3.9729707e+00   4.1312432e+00   4.3163471e+00   4.6393857e+00   5.0329632e+00
   4.8058400e+00   5.5060361e+00   0.0000000e+00   0.0000000e+00   0.0000000e+00   0.0000000e+00   0.0000000e+00   0.0000000e+00   0.0000000e+00   0.0000000e+00   1.2293135e+00   1.3002341e+00   1.5776215e+00   1.8421291e+00   2.0097573e+00   2.1880972e+00   2.4125862e+00   2.5718119e+00   2.7189181e+00   2.8713739e+00   2.9749982e+00   3.0760345e+00   3.1571264e+00   3.1153443e+00   2.9617000e+00   2.6744542e+00   2.3492589e+00   2.0164580e+00   1.7642398e+00   1.6817718e+00   1.6608820e+00   1.6820468e+00   1.8329141e+00   2.2486675e+00   3.3499236e+00   4.8487968e+00   6.5402222e+00   0.0000000e+00   0.0000000e+00   0.0000000e+00   0.0000000e+00   0.0000000e+00   2.8847351e+00   2.3121140e+00   1.9083233e+00   1.5446022e+00   1.1908966e+00   1.0321749e+00   1.0024097e+00   1.2188830e+00   1.7609274e+00   2.6833081e+00   4.3593874e+00   6.0661516e+00   6.7379770e+00   0.0000000e+00   0.0000000e+00   0.0000000e+00   2.0843186e+00   2.3570461e+00   2.8167481e+00   2.9385803e+00   2.8093352e+00   2.8707113e+00   2.8398523e+00   2.8579650e+00   2.8622618e+00   2.9233360e+00   3.0555985e+00   3.2598872e+00   3.6598661e+00   4.1603966e+00
   3.4391323e+00   4.1958308e+00   4.4502518e+00   0.0000000e+00   0.0000000e+00   0.0000000e+00   0.0000000e+00   0.0000000e+00   0.0000000e+00   0.0000000e+00   2.8825567e-01   3.2753807e-01   5.2226399e-01   7.6901320e-01   9.4461357e-01   1.1455981e+00   1.4331338e+00   1.6488818e+00   1.7997800e+00   1.9292702e+00   2.0158022e+00   2.1182110e+00   2.2134489e+00   2.2079220e+00   2.1089571e+00   1.8898848e+00   1.6227268e+00   1.2840319e+00   9.4445614e-01   8.1336914e-01   7.7296858e-01   6.9393595e-01   6.2607359e-01   8.5401298e-01   2.1287451e+00   4.0260984e+00   6.1039783e+00   0.0000000e+00   0.0000000e+00   0.0000000e+00   0.0000000e+00   0.0000000e+00   1.6108592e+00   1.4423770e+00   1.1769965e+00   9.3808196e-01   8.6094464e-01   8.5171783e-01   8.0196380e-01   5.9411537e-01   3.7737784e-01   7.6632797e-01   2.2601030e+00   4.1000814e+00   6.0943218e+00   0.0000000e+00   0.0000000e+00   0.0000000e+00   1.6152091e+00   1.6796028e+00   1.7968957e+00   1.8505033e+00   1.9428908e+00   1.8209669e+00   1.4596054e+00   1.2108981e+00   9.9436913e-01   9.0994387e-01   1.0852332e+00   1.4182755e+00   1.9905721e+00   2.6570956e+00
   3.0661066e+00   3.6073465e+00   3.8934536e+00   0.0000000e+00   0.0000000e+00   0.0000000e+00   0.0000000e+00   0.0000000e+00   0.0000000e+00   0.0000000e+00   5.2745521e-01   4.8617476e-01   4.1591886e-01   4.1844440e-01   4.0820894e-01   4.8922169e-01   7.7094483e-01   9.9250293e-01   1.1513257e+00   1.2642775e+00   1.3300810e+00   1.4036803e+00   1.4774079e+00   1.4854496e+00   1.4203990e+00   1.2383786e+00   1.0211275e+00   7.3111999e-01   4.0054151e-01   5.3007042e-01   7.1333534e-01   7.9523468e-01   7.4568552e-01   7.2772706e-01   1.6597834e+00   3.4623823e+00   5.5191150e+00   0.0000000e+00   0.0000000e+00   0.0000000e+00   0.0000000e+00   1.5392033e+00   1.2124210e+00   1.0442353e+00   9.9710065e-01   1.0860041e+00   1.3499700e+00   1.5355678e+00   1.6466061e+00   1.6451907e+00   1.5357215e+00   1.5332817e+00   1.8709400e+00   2.9572837e+00   4.7924085e+00   0.0000000e+00   0.0000000e+00   0.0000000e+00   1.3022763e+00   1.1713501e+00   1.1512353e+00   1.1677479e+00   1.2960433e+00   1.2781439e+00   1.1222352e+00   1.0603267e+00   1.0534750e+00   1.2018309e+00   1.4573922e+00   1.7580601e+00   2.1438546e+00   2.5392313e+00
   3.2865524e+00   3.4705813e+00   3.6660893e+00   0.0000000e+00   1.6217958e+00   1.6112161e+00   1.6006364e+00   0.0000000e+00   0.0000000e+00   0.0000000e+00   9.3415487e-01   8.3823782e-01   6.1486167e-01   5.1455408e-01   4.5496094e-01   4.4928205e-01   5.6402606e-01   6.2652075e-01   6.4978468e-01   6.6682863e-01   6.8217278e-01   7.1020019e-01   7.9184568e-01   8.4051514e-01   8.4837168e-01   7.9949737e-01   7.2276819e-01   6.0354441e-01   4.7559068e-01   7.3933864e-01   1.0314652e+00   1.2236722e+00   1.2293153e+00   1.1195469e+00   1.6023378e+00   3.0300837e+00   4.8163543e+00   0.0000000e+00   0.0000000e+00   0.0000000e+00   0.0000000e+00   1.3036916e+00   1.0067916e+00   9.5329893e-01   1.1519336e+00   1.4953980e+00   1.9886770e+00   2.3220859e+00   2.5659986e+00   2.7350144e+00   2.7365661e+00   2.5822964e+00   2.2801704e+00   2.5244169e+00   3.4496593e+00   1.5180296e+00   9.2344136e-01   1.0433440e+00   1.2129843e+00   9.7116202e-01   9.0647686e-01   8.9195186e-01   1.0490656e+00   1.1936258e+00   1.3462982e+00   1.5274204e+00   1.7316304e+00   2.0559902e+00   2.3642406e+00   2.6422462e+00   2.8947780e+00   3.0620284e+00
   4.2104521e+00   3.9347312e+00   3.9801855e+00   4.3208655e+00   2.2723436e+00   1.7969944e+00   2.0875266e+00   3.3558725e+00   0.0000000e+00   0.0000000e+00   1.5096722e+00   1.3908932e+00   1.1415622e+00   1.0908380e+00   1.1256192e+00   1.0837708e+00   9.0529716e-01   6.7237628e-01   4.3970704e-01   2.9691988e-01   2.3894292e-01   2.1240278e-01   3.3003277e-01   4.4186831e-01   5.5533785e-01   7.2333294e-01   8.6187911e-01   1.0129333e+00   1.2502729e+00   1.5055768e+00   1.7758783e+00   2.0184250e+00   2.1104317e+00   2.0714078e+00   2.0457811e+00   2.8033977e+00   3.9498649e+00   0.0000000e+00   0.0000000e+00   0.0000000e+00   0.0000000e+00   9.3637612e-01   9.8526335e-01   1.2530611e+00   1.6958231e+00   2.1960866e+00   2.7926972e+00   3.2149019e+00   3.5552852e+00   3.8525155e+00   3.9637938e+00   3.9145722e+00   3.5597701e+00   2.9827209e+00   2.3628383e+00   1.6193380e+00   1.0143683e+00   1.1112565e+00   1.2148443e+00   1.1842730e+00   1.1683416e+00   1.1460977e+00   1.3259323e+00   1.6703646e+00   2.2015929e+00   2.6620035e+00   3.0668890e+00   3.5016899e+00   3.8314881e+00   4.1013422e+00   4.2925444e+00   4.3024797e+00
   5.9136608e+00   5.5562850e+00   5.0496421e+00   4.3208657e+00   4.0323893e+00   3.8074753e+00   3.4048004e+00   3.3558724e+00   0.0000000e+00   0.0000000e+00   2.1024796e+00   1.9884742e+00   1.7563254e+00   1.7515195e+00   1.8567861e+00   1.9055692e+00   1.8309048e+00   1.6409534e+00   1.4307605e+00   1.3028791e+00   1.2439135e+00   1.2373929e+00   1.3619328e+00   1.4867322e+00   1.6394332e+00   1.8793281e+00   2.0591011e+00   2.2290332e+00   2.4632826e+00   2.6614253e+00   2.8513828e+00   3.1116281e+00   3.2259948e+00   3.2241035e+00   3.1038669e+00   3.1141182e+00   2.5222135e+00   0.0000000e+00   0.0000000e+00   0.0000000e+00   1.1379905e+00   1.3025508e+00   1.7470415e+00   2.1639684e+00   2.6114922e+00   3.1380413e+00   3.8254794e+00   4.2852809e+00   4.6900575e+00   5.1203547e+00   5.3183080e+00   5.3603467e+00   5.1706616e+00   4.6806251e+00   3.8674435e+00   2.7156904e+00   1.9983727e+00   1.8462006e+00   2.2041393e+00   2.1932328e+00   2.1632725e+00   2.2911441e+00   2.5151962e+00   2.8598664e+00   3.4617753e+00   4.0343495e+00   4.5781661e+00   5.1169883e+00   5.4636866e+00   5.7607843e+00   6.0076103e+00   6.0481140e+00
   7.2883253e+00   7.0173297e+00   6.6387491e+00   6.1336770e+00   5.7226996e+00   5.4373713e+00   5.0524311e+00   4.6450952e+00   0.0000000e+00   0.0000000e+00   3.3372205e+00   2.8400574e+00   2.4652638e+00   2.4846206e+00   2.8116961e+00   2.6889989e+00   2.5454476e+00   2.4513571e+00   2.3292468e+00   2.2196462e+00   2.1913083e+00   2.2255580e+00   2.3824716e+00   2.5417867e+00   2.7240858e+00   2.9969504e+00   3.1727409e+00   3.3892775e+00   3.5846384e+00   3.7990565e+00   4.0003920e+00   4.1559520e+00   4.2792029e+00   4.2295990e+00   4.1324859e+00   3.8084571e+00   2.4119892e+00   0.0000000e+00   0.0000000e+00   0.0000000e+00   1.4796576e+00   1.9882112e+00   2.4592562e+00   2.9875026e+00   3.3983967e+00   3.9985664e+00   4.6857758e+00   5.1687732e+00   5.6193776e+00   6.0371661e+00   6.3246670e+00   6.4321527e+00   6.3626204e+00   6.0859351e+00   5.5757551e+00   4.8211899e+00   4.1936231e+00   3.8067174e+00   3.5862918e+00   3.3901362e+00   3.3411644e+00   3.4692948e+00   3.7324917e+00   4.0788522e+00   4.6242843e+00   5.1910100e+00   5.7640958e+00   6.3486090e+00   6.6763802e+00   6.9610233e+00   7.2671170e+00   7.3404474e+00
   8.1387768e+00   8.0009089e+00   7.7541256e+00   7.4179845e+00   7.0071583e+00   6.7125254e+00   6.2910409e+00   5.9577268e+00   6.0798264e+00   0.0000000e+00   4.1926842e+00   3.6524322e+00   3.3335631e+00   3.1239635e+00   2.9676023e+00   3.2040059e+00   3.0500040e+00   3.0863113e+00   3.0405550e+00   3.0892498e+00   3.0817440e+00   3.1881378e+00   3.3251615e+00   3.5174849e+00   3.7338812e+00   3.9745727e+00   4.1914587e+00   4.3517704e+00   4.6437330e+00   4.7851539e+00   5.0136719e+00   5.0593853e+00   5.2000804e+00   5.1474800e+00   5.0280418e+00   4.6427779e+00   3.5563107e+00   0.0000000e+00   0.0000000e+00   1.7356654e+00   2.3443131e+00   2.8458622e+00   3.4289045e+00   3.9320371e+00   4.4045963e+00   4.9499288e+00   5.5451655e+00   5.9890842e+00   6.3338156e+00   6.7579546e+00   7.0087595e+00   7.1857276e+00   7.1752048e+00   7.0556793e+00   6.7768669e+00   6.3329282e+00   5.8888016e+00   5.4474535e+00   4.9843755e+00   4.6889529e+00   4.6450071e+00   4.7514462e+00   5.0037279e+00   5.2919049e+00   5.7792153e+00   6.2367167e+00   6.7500906e+00   7.3114147e+00   7.5968714e+00   7.8201671e+00   8.0557566e+00   8.1460075e+00
   8.6043673e+00   8.5612965e+00   8.4443836e+00   8.2415819e+00   7.9258528e+00   7.6342707e+00   7.2773442e+00   6.8237715e+00   6.6904505e+00   6.4917311e+00   5.2424698e+00   4.6108470e+00   4.2994990e+00   3.9713612e+00   0.0000000e+00   3.3387807e+00   3.4028320e+00   3.5681210e+00   3.6620357e+00   3.8317025e+00   3.9403613e+00   4.0836954e+00   4.2650018e+00   4.4733496e+00   4.7086992e+00   4.9451580e+00   5.1524725e+00   5.3082733e+00   5.5617881e+00   5.6981778e+00   5.8482103e+00   5.9279184e+00   5.9964747e+00   6.0202751e+00   5.8087864e+00   5.5435429e+00   4.5177140e+00   0.0000000e+00   0.0000000e+00   2.6038011e+00   3.4887152e+00   3.8796062e+00   4.4916983e+00   4.9005342e+00   5.3659196e+00   5.7774634e+00   6.2890382e+00   6.6197996e+00   6.8707705e+00   7.1944175e+00   7.4215260e+00   7.6235991e+00   7.6946034e+00   7.7030506e+00   7.6069112e+00   7.4410262e+00   7.2052526e+00   6.8833609e+00   6.3770199e+00   6.0991316e+00   6.0237470e+00   6.1137114e+00   6.2827854e+00   6.5260496e+00   6.8771391e+00   7.2038217e+00   7.5554643e+00   8.0841312e+00   8.2979555e+00   8.4197807e+00   8.5222359e+00   8.5903435e+00
   8.6204853e+00   8.6077499e+00   8.5774583e+00   8.4948273e+00   8.3192978e+00   8.0909634e+00   7.8433986e+00   7.4427333e+00   7.1370860e+00   6.7198715e+00   6.1074615e+00   5.5860832e+00   5.2080307e+00   4.9696790e+00   5.2663444e+00   4.0924329e+00   4.0207872e+00   4.1387882e+00   4.3092241e+00   4.5273290e+00   4.7291359e+00   4.9000368e+00   5.1188149e+00   5.3468889e+00   5.5726128e+00   5.8346624e+00   5.9817174e+00   6.1556573e+00   6.2961535e+00   6.4623186e+00   6.5047073e+00   6.6468024e+00   6.6274273e+00   6.7171292e+00   6.4626436e+00   6.3782436e+00   6.2125485e+00   0.0000000e+00   0.0000000e+00   3.9266078e+00   4.6322269e+00   4.9452137e+00   5.4660664e+00   5.7504768e+00   6.1318943e+00   6.3760185e+00   6.7885857e+00   6.9889981e+00   7.2006478e+00   7.3720450e+00   7.5801983e+00   7.7358932e+00   7.8953104e+00   7.9763064e+00   8.0399561e+00   8.0561810e+00   8.0290041e+00   7.8758764e+00   7.5127001e+00   7.2901746e+00   7.1976867e+00   7.2225208e+00   7.3179684e+00   7.4986081e+00   7.7162714e+00   7.8745337e+00   8.0377922e+00   8.4614153e+00   8.6331739e+00   8.6430149e+00   8.6142893e+00   8.6138982e+00
   8.1740398e+00   8.1406717e+00   8.1318407e+00   8.1406288e+00   8.0919056e+00   7.9968023e+00   7.8554320e+00   7.6460843e+00   7.3810769e+00   7.0688252e+00   6.6334243e+00   6.3122322e+00   5.9562659e+00   5.6746221e+00   5.4292753e+00   5.1019602e+00   4.9166198e+00   4.9208855e+00   5.0645094e+00   5.2746935e+00   5.4635432e+00   5.6284614e+00   5.8453121e+00   6.0517394e+00   6.2592344e+00   6.4959245e+00   6.6146566e+00   6.7482471e+00   6.8432999e+00   6.9836975e+00   6.9894533e+00   7.0841494e+00   7.0362416e+00   7.1231585e+00   6.9571500e+00   7.0221873e+00   6.9221374e+00   0.0000000e+00   7.0120700e+00   5.5943127e+00   5.6227212e+00   5.8511579e+00   6.1383262e+00   6.3416395e+00   6.5822918e+00   6.7187910e+00   6.9515910e+00   7.0828677e+00   7.2246194e+00   7.3186464e+00   7.4506093e+00   7.5583010e+00   7.7263064e+00   7.8534012e+00   8.0139408e+00   8.1398125e+00   8.2672090e+00   8.2538080e+00   8.1000290e+00   7.9389219e+00   7.8781281e+00   7.8333707e+00   7.9034720e+00   8.0077686e+00   8.1381035e+00   8.1318064e+00   8.1453314e+00   8.3649588e+00   8.5088262e+00   8.4439220e+00   8.3137760e+00   8.2270250e+00
   7.3155303e+00   7.2172165e+00   7.1937046e+00   7.2183151e+00   7.2566237e+00   7.2729397e+00   7.2707591e+00   7.2325401e+00   7.1450648e+00   6.9963326e+00   6.7530789e+00   6.5574312e+00   6.3528228e+00   6.0497994e+00   5.8153930e+00   5.6825886e+00   5.6256890e+00   5.6529446e+00   5.7681818e+00   5.9340515e+00   6.0791998e+00   6.1901469e+00   6.3931861e+00   6.5239182e+00   6.6925340e+00   6.8507915e+00   6.9672008e+00   7.0403585e+00   7.1135297e+00   7.1862526e+00   7.1767335e+00   7.1956887e+00   7.1438675e+00   7.2030511e+00   7.1816034e+00   7.3256736e+00   7.7530136e+00   0.0000000e+00   7.0120702e+00   6.6235186e+00   6.2908921e+00   6.3033371e+00   6.3620529e+00   6.4877224e+00   6.6206965e+00   6.6956978e+00   6.7478189e+00   6.8020287e+00   6.8307772e+00   6.8840876e+00   6.9236465e+00   7.0237336e+00   7.1562128e+00   7.3425956e+00   7.5186887e+00   7.7313123e+00   7.9116459e+00   8.0062685e+00   7.9912453e+00   7.9339800e+00   7.9277020e+00   7.9048944e+00   7.9352980e+00   7.9801669e+00   8.0124855e+00   7.9447336e+00   7.8572702e+00   7.8660431e+00   7.9161973e+00   7.8318882e+00   7.6281548e+00   7.4679546e+00
   6.0547562e+00   5.8721790e+00   5.8294487e+00   5.8212729e+00   5.9046555e+00   5.9922638e+00   6.1019073e+00   6.2151275e+00   6.2748165e+00   6.3182244e+00   6.2742958e+00   6.2263017e+00   6.1529503e+00   6.0070114e+00   5.9376750e+00   5.9338436e+00   5.9872108e+00   6.0513310e+00   6.1373782e+00   6.2865858e+00   6.3754768e+00   6.4769425e+00   6.6089168e+00   6.6976323e+00   6.8188434e+00   6.8927188e+00   6.9643416e+00   6.9763088e+00   6.9657927e+00   6.9794612e+00   6.9146237e+00   6.9405713e+00   6.8903570e+00   6.9244113e+00   7.0124240e+00   7.0837607e+00   7.5874286e+00   7.5569895e+00   0.0000000e+00   6.6090380e+00   6.3820152e+00   6.0748487e+00   6.0885601e+00   6.0848751e+00   6.1777463e+00   6.1883230e+00   6.1001339e+00   6.0893373e+00   6.0326290e+00   6.0239511e+00   6.0340095e+00   6.0773830e+00   6.2410364e+00   6.4138389e+00   6.6135035e+00   6.8328886e+00   6.9966917e+00   7.1244035e+00   7.1890969e+00   7.2408638e+00   7.2905059e+00   7.3051844e+00   7.2965364e+00   7.2500849e+00   7.1858439e+00   7.0741205e+00   6.9338331e+00   6.8197575e+00   6.7825127e+00   6.7168837e+00   6.4857540e+00   6.2750845e+00
   4.1889200e+00   3.9886422e+00   3.9303267e+00   3.9314861e+00   4.0533667e+00   4.2120280e+00   4.4008603e+00   4.6433663e+00   4.8232517e+00   5.0127692e+00   5.1987171e+00   5.3102150e+00   5.3763328e+00   5.3896837e+00   5.4645128e+00   5.6033020e+00   5.8098888e+00   5.9634218e+00   6.0787015e+00   6.2015929e+00   6.2629347e+00   6.3237724e+00   6.3993196e+00   6.4684687e+00   6.5360808e+00   6.5526085e+00   6.5504942e+00   6.4778948e+00   6.3716393e+00   6.3071408e+00   6.2227936e+00   6.2067990e+00   6.1845737e+00   6.2022123e+00   6.2837543e+00   6.3244839e+00   6.5343060e+00   6.6865759e+00   6.2868909e+00   5.9916536e+00   5.5241036e+00   5.2491751e+00   5.1651373e+00   5.1465731e+00   5.1946011e+00   5.1576681e+00   5.0229678e+00   4.9611607e+00   4.8608160e+00   4.8198957e+00   4.8003445e+00   4.7977939e+00   4.8866568e+00   4.9890718e+00   5.1656566e+00   5.3845677e+00   5.5388737e+00   5.6697311e+00   5.7873378e+00   5.8982925e+00   5.9586258e+00   5.9301734e+00   5.8462696e+00   5.7060127e+00   5.5174055e+00   5.3548303e+00   5.2092519e+00   5.1049538e+00   5.0698724e+00   4.9960775e+00   4.7279477e+00   4.4453926e+00
   1.8214998e+00   1.6122136e+00   1.4594844e+00   1.4247538e+00   1.6149299e+00   1.8471750e+00   2.0751524e+00   2.3753612e+00   2.6008136e+00   2.8099422e+00   3.1648381e+00   3.5286151e+00   3.8223608e+00   4.1025429e+00   4.3504748e+00   4.6590433e+00   5.0398560e+00   5.2790821e+00   5.4386120e+00   5.5536809e+00   5.6133631e+00   5.6487198e+00   5.6802330e+00   5.7217834e+00   5.7542434e+00   5.7185001e+00   5.6266463e+00   5.4760885e+00   5.2407370e+00   5.0963181e+00   5.0037389e+00   4.8989344e+00   4.8719868e+00   4.9078641e+00   4.9198689e+00   4.8927139e+00   4.8681121e+00   4.7802491e+00   4.6469515e+00   4.3083054e+00   3.7353790e+00   3.8018248e+00   3.8778903e+00   3.8981900e+00   3.9058309e+00   3.8681576e+00   3.7274833e+00   3.6113825e+00   3.5361872e+00   3.4332576e+00   3.3311792e+00   3.2423716e+00   3.1828523e+00   3.1993509e+00   3.2835391e+00   3.4680333e+00   3.6273659e+00   3.7594590e+00   3.8842020e+00   3.9000957e+00   3.8270683e+00   3.6184411e+00   3.3155022e+00   2.9766450e+00   2.7796948e+00   2.8064550e+00   2.8890140e+00   2.9528167e+00   2.9064552e+00   2.7468755e+00   2.3866110e+00   2.0546548e+00
   3.9861302e+00   3.9896634e+00   3.5041168e+00   2.9038669e+00   2.7192079e+00   2.8230611e+00   2.8458328e+00   2.7615346e+00   2.1479811e+00   1.7267531e+00   9.5455027e-01   1.0772587e+00   1.4006548e+00   1.8599237e+00   2.3481789e+00   2.9473181e+00   3.4584987e+00   3.8263316e+00   4.1539230e+00   4.2153749e+00   4.2732778e+00   4.4836555e+00   4.4981365e+00   4.4314909e+00   4.5130882e+00   4.3878436e+00   4.0752211e+00   3.8578689e+00   3.6029084e+00   3.3249555e+00   3.1478283e+00   3.1235723e+00   3.1360133e+00   3.0871043e+00   2.9563060e+00   2.9912555e+00   3.0325751e+00   2.7076804e+00   1.8668362e+00   0.0000000e+00   1.9897834e+00   1.7638485e+00   1.8360021e+00   2.1801636e+00   2.1339235e+00   2.2689676e+00   2.4509852e+00   2.3545051e+00   2.3338413e+00   2.1000772e+00   1.6724020e+00   1.4155509e+00   1.1806791e+00   1.0940114e+00   1.2353861e+00   1.2948616e+00   1.3907436e+00   1.6878786e+00   1.6715468e+00   1.5713334e+00   1.4208914e+00   1.2649641e+00   1.6705823e+00   2.1728656e+00   2.9414748e+00   3.8002646e+00   3.1475487e+00   2.1302834e+00   1.3710671e+00   1.5781776e+00   2.6153614e+00   3.4737895e+00
   0.0000000e+00   0.0000000e+00   0.0000000e+00   0.0000000e+00   0.0000000e+00   0.0000000e+00   0.0000000e+00   0.0000000e+00   0.0000000e+00   3.3558889e+00   1.8672864e+00   1.0490502e+00   2.2609585e+00   2.2952949e+00   2.4179599e+00   2.4932098e+00   2.6296630e+00   2.7294551e+00   2.8846271e+00   3.2210660e+00   3.3325642e+00   3.2712493e+00   3.2829037e+00   3.3453973e+00   3.1720874e+00   2.5978062e+00   2.2274677e+00   2.0863373e+00   1.6896002e+00   1.3802026e+00   1.5108844e+00   1.3954316e+00   1.3959180e+00   1.2946325e+00   1.1948402e+00   1.6201131e+00   2.0100442e+00   2.6323032e+00   0.0000000e+00   0.0000000e+00   1.4956027e+00   6.9365690e-01   5.0014025e-01   9.4313288e-01   1.1411183e+00   1.4740705e+00   1.8726978e+00   1.8493103e+00   1.5976295e+00   1.5002259e+00   1.7090128e+00   2.3339428e+00   3.1113195e+00   3.4355736e+00   3.8143300e+00   4.4358433e+00   3.9192217e+00   1.6831590e+00   1.4200284e+00   1.5007532e+00   0.0000000e+00   0.0000000e+00   0.0000000e+00   0.0000000e+00   0.0000000e+00   5.9661044e+00   4.2778408e+00   2.6228131e+00   0.0000000e+00   0.0000000e+00   0.0000000e+00   0.0000000e+00
   0.0000000e+00   0.0000000e+00   0.0000000e+00   0.0000000e+00   0.0000000e+00   0.0000000e+00   0.0000000e+00   0.0000000e+00   0.0000000e+00   0.0000000e+00   0.0000000e+00   0.0000000e+00   0.0000000e+00   5.4673380e+00   4.8257647e+00   4.2781849e+00   3.4788599e+00   3.3240221e+00   3.2879665e+00   3.0130672e+00   2.7512547e+00   2.3163152e+00   1.6873972e+00   1.9224074e+00   1.8981733e+00   9.9658899e-01   7.0162217e-01   1.3279491e+00   1.5742937e+00   1.7988926e+00   2.7161877e+00   0.0000000e+00   0.0000000e+00   0.0000000e+00   1.1335977e+00   1.1723426e+00   0.0000000e+00   0.0000000e+00   0.0000000e+00   0.0000000e+00   1.6831160e+00   1.4105269e+00   1.1088880e+00   7.8752917e-01   1.1312410e+00   1.4122737e+00   1.8703899e+00   1.4162515e+00   0.0000000e+00   0.0000000e+00   0.0000000e+00   0.0000000e+00   0.0000000e+00   0.0000000e+00   0.0000000e+00   0.0000000e+00   0.0000000e+00   0.0000000e+00   0.0000000e+00   0.0000000e+00   0.0000000e+00   0.0000000e+00   0.0000000e+00   0.0000000e+00   0.0000000e+00   0.0000000e+00   0.0000000e+00   0.0000000e+00   0.0000000e+00   0.0000000e+00   0.0000000e+00   0.0000000e+00
   0.0000000e+00   0.0000000e+00   0.0000000e+00   0.0000000e+00   0.0000000e+00   0.0000000e+00   0.0000000e+00   0.0000000e+00   0.0000000e+00   0.0000000e+00   0.0000000e+00   0.0000000e+00   0.0000000e+00   0.0000000e+00   0.0000000e+00   0.0000000e+00   0.0000000e+00   0.0000000e+00   0.0000000e+00   0.0000000e+00   0.0000000e+00   0.0000000e+00   0.0000000e+00   0.0000000e+00   0.0000000e+00   0.0000000e+00   0.0000000e+00   0.0000000e+00   0.0000000e+00   0.0000000e+00   0.0000000e+00   0.0000000e+00   0.0000000e+00   0.0000000e+00   0.0000000e+00   0.0000000e+00   0.0000000e+00   0.0000000e+00   0.0000000e+00   0.0000000e+00   0.0000000e+00   0.0000000e+00   0.0000000e+00   0.0000000e+00   0.0000000e+00   0.0000000e+00   0.0000000e+00   0.0000000e+00   0.0000000e+00   0.0000000e+00   0.0000000e+00   0.0000000e+00   0.0000000e+00   0.0000000e+00   0.0000000e+00   0.0000000e+00   0.0000000e+00   0.0000000e+00   0.0000000e+00   0.0000000e+00   0.0000000e+00   0.0000000e+00   0.0000000e+00   0.0000000e+00   0.0000000e+00   0.0000000e+00   0.0000000e+00   0.0000000e+00   0.0000000e+00   0.0000000e+00   0.0000000e+00   0.0000000e+00
