   0.0000000e+00
   0.0000000e+00
   0.0000000e+00
   0.0000000e+00
   0.0000000e+00
   0.0000000e+00
   0.0000000e+00
   0.0000000e+00
   0.0000000e+00
   0.0000000e+00
   0.0000000e+00
   0.0000000e+00
   0.0000000e+00
   0.0000000e+00
   0.0000000e+00
   0.0000000e+00
   0.0000000e+00
   0.0000000e+00
   0.0000000e+00
   0.0000000e+00
   0.0000000e+00
   0.0000000e+00
   0.0000000e+00
   0.0000000e+00
   0.0000000e+00
   0.0000000e+00
   0.0000000e+00
   0.0000000e+00
   0.0000000e+00
   0.0000000e+00
   0.0000000e+00
   0.0000000e+00
   0.0000000e+00
   0.0000000e+00
   0.0000000e+00
   0.0000000e+00
   0.0000000e+00
   0.0000000e+00
   0.0000000e+00
   0.0000000e+00
   0.0000000e+00
   0.0000000e+00
   0.0000000e+00
   0.0000000e+00
   0.0000000e+00
   0.0000000e+00
   0.0000000e+00
   0.0000000e+00
   0.0000000e+00
   0.0000000e+00
   0.0000000e+00
   0.0000000e+00
   0.0000000e+00
   0.0000000e+00
   0.0000000e+00
   0.0000000e+00
   0.0000000e+00
   0.0000000e+00
   0.0000000e+00
   0.0000000e+00
   0.0000000e+00
   0.0000000e+00
   0.0000000e+00
   0.0000000e+00
   0.0000000e+00
   0.0000000e+00
   0.0000000e+00
   0.0000000e+00
   0.0000000e+00
   0.0000000e+00
   0.0000000e+00
   0.0000000e+00
  -1.6824100e-02
  -2.8655509e-02
  -3.7497028e-02
  -4.1706969e-02
  -4.5444441e-02
  -5.2571426e-02
  -5.9614121e-02
  -3.2496399e-02
  -4.4811407e-02
  -6.1007136e-02
   0.0000000e+00
   0.0000000e+00
   0.0000000e+00
   0.0000000e+00
   0.0000000e+00
  -0.0000000e+00
  -0.0000000e+00
  -0.0000000e+00
  -1.8701512e-02
  -1.9919692e-02
  -2.8805253e-02
  -4.5097574e-02
  -5.5041800e-02
   0.0000000e+00
   0.0000000e+00
   0.0000000e+00
   0.0000000e+00
   0.0000000e+00
   0.0000000e+00
   0.0000000e+00
   0.0000000e+00
   0.0000000e+00
   0.0000000e+00
   0.0000000e+00
   0.0000000e+00
   0.0000000e+00
   0.0000000e+00
   0.0000000e+00
   0.0000000e+00
   0.0000000e+00
   0.0000000e+00
   0.0000000e+00
   0.0000000e+00
   0.0000000e+00
   0.0000000e+00
   0.0000000e+00
   0.0000000e+00
   0.0000000e+00
   0.0000000e+00
   0.0000000e+00
   0.0000000e+00
   0.0000000e+00
   0.0000000e+00
   0.0000000e+00
   0.0000000e+00
   0.0000000e+00
   0.0000000e+00
   0.0000000e+00
   0.0000000e+00
   0.0000000e+00
   0.0000000e+00
   0.0000000e+00
   0.0000000e+00
   0.0000000e+00
   0.0000000e+00
   0.0000000e+00
   0.0000000e+00
   0.0000000e+00
   0.0000000e+00
   0.0000000e+00
   0.0000000e+00
   0.0000000e+00
  -1.6918183e-03
   3.4913484e-04
   2.4341103e-03
   5.9381803e-03
   8.3614811e-03
   9.4490526e-03
   9.7646347e-03
   9.4238289e-03
   7.4633981e-03
   4.7598015e-03
   8.4482574e-03
  -4.0519073e-04
   1.5983279e-02
   7.5668044e-03
   0.0000000e+00
   0.0000000e+00
   0.0000000e+00
   0.0000000e+00
  -0.0000000e+00
  -0.0000000e+00
  -9.1647042e-03
  -1.1837004e-02
  -1.5747947e-02
  -1.7279096e-02
   0.0000000e+00
   0.0000000e+00
   0.0000000e+00
   0.0000000e+00
   0.0000000e+00
   0.0000000e+00
   0.0000000e+00
   0.0000000e+00
   0.0000000e+00
   0.0000000e+00
   0.0000000e+00
   0.0000000e+00
   0.0000000e+00
   0.0000000e+00
   0.0000000e+00
   0.0000000e+00
   0.0000000e+00
   0.0000000e+00
   0.0000000e+00
   0.0000000e+00
   0.0000000e+00
   0.0000000e+00
   0.0000000e+00
   0.0000000e+00
   0.0000000e+00
   0.0000000e+00
   0.0000000e+00
   0.0000000e+00
   0.0000000e+00
   0.0000000e+00
   0.0000000e+00
   0.0000000e+00
   0.0000000e+00
   0.0000000e+00
   0.0000000e+00
   0.0000000e+00
   0.0000000e+00
   0.0000000e+00
   0.0000000e+00
   0.0000000e+00
   0.0000000e+00
   0.0000000e+00
   0.0000000e+00
   0.0000000e+00
   0.0000000e+00
   0.0000000e+00
   0.0000000e+00
   0.0000000e+00
   1.7724324e-02
   2.4476042e-02
   2.8647599e-02
   3.1743299e-02
   3.4711541e-02
   3.8118932e-02
   4.2453970e-02
   4.6020690e-02
   4.9288245e-02
   5.2656733e-02
   5.3726772e-02
   5.1849965e-02
   4.4517837e-02
   3.9832487e-02
   3.1324650e-02
   8.6564281e-03
   2.4076321e-02
   0.0000000e+00
   0.0000000e+00
   0.0000000e+00
  -0.0000000e+00
  -1.3131933e-03
   3.5287591e-03
   2.9057067e-03
  -2.6293670e-03
   2.5854495e-03
   0.0000000e+00
   0.0000000e+00
   0.0000000e+00
   0.0000000e+00
   0.0000000e+00
   0.0000000e+00
   0.0000000e+00
   0.0000000e+00
   0.0000000e+00
   0.0000000e+00
   0.0000000e+00
   0.0000000e+00
   0.0000000e+00
   0.0000000e+00
   0.0000000e+00
   0.0000000e+00
   0.0000000e+00
   0.0000000e+00
   0.0000000e+00
   0.0000000e+00
   0.0000000e+00
   0.0000000e+00
   0.0000000e+00
   0.0000000e+00
   0.0000000e+00
   0.0000000e+00
   0.0000000e+00
   0.0000000e+00
   0.0000000e+00
   0.0000000e+00
   0.0000000e+00
   0.0000000e+00
   0.0000000e+00
   0.0000000e+00
   0.0000000e+00
   0.0000000e+00
   0.0000000e+00
   0.0000000e+00
   0.0000000e+00
   0.0000000e+00
   0.0000000e+00
   0.0000000e+00
   0.0000000e+00
   0.0000000e+00
   0.0000000e+00
   2.8412374e-02
   3.9107581e-02
   4.4226126e-02
   4.7978257e-02
   5.2716820e-02
   5.5533257e-02
   5.8716067e-02
   6.2487088e-02
   6.5270159e-02
   6.8493172e-02
   7.1830295e-02
   7.4074841e-02
   7.6240507e-02
   7.5920924e-02
   7.1172880e-02
   6.3653990e-02
   4.9508646e-02
   3.8111491e-02
   3.8259310e-02
   0.0000000e+00
   0.0000000e+00
   0.0000000e+00
   0.0000000e+00
   1.1463668e-02
   1.4735472e-02
   1.6187707e-02
   1.3756767e-02
   1.7619505e-02
   0.0000000e+00
   0.0000000e+00
   0.0000000e+00
   0.0000000e+00
   0.0000000e+00
   0.0000000e+00
   0.0000000e+00
   0.0000000e+00
   0.0000000e+00
   0.0000000e+00
   0.0000000e+00
   0.0000000e+00
   0.0000000e+00
   0.0000000e+00
   0.0000000e+00
   0.0000000e+00
   0.0000000e+00
   0.0000000e+00
   0.0000000e+00
   0.0000000e+00
   0.0000000e+00
   0.0000000e+00
   0.0000000e+00
   0.0000000e+00
   0.0000000e+00
   0.0000000e+00
   0.0000000e+00
   0.0000000e+00
   0.0000000e+00
   0.0000000e+00
   0.0000000e+00
   0.0000000e+00
   0.0000000e+00
   0.0000000e+00
   0.0000000e+00
   0.0000000e+00
   0.0000000e+00
   0.0000000e+00
   0.0000000e+00
   0.0000000e+00
   0.0000000e+00
   0.0000000e+00
   0.0000000e+00
   0.0000000e+00
   3.3029242e-02
   5.0058762e-02
   5.5953675e-02
   6.2664860e-02
   6.8031319e-02
   7.2221440e-02
   7.5730135e-02
   7.8624679e-02
   8.1302589e-02
   8.2956097e-02
   8.4673001e-02
   8.5680735e-02
   8.6572038e-02
   8.7123679e-02
   8.5071459e-02
   8.1043895e-02
   7.1735238e-02
   6.0944521e-02
   5.0934623e-02
   0.0000000e+00
   0.0000000e+00
   0.0000000e+00
   0.0000000e+00
   0.0000000e+00
   1.6801162e-02
   2.4762377e-02
   2.9809942e-02
   3.0860311e-02
   0.0000000e+00
   0.0000000e+00
   0.0000000e+00
   0.0000000e+00
   0.0000000e+00
   0.0000000e+00
   0.0000000e+00
   0.0000000e+00
   0.0000000e+00
   0.0000000e+00
   0.0000000e+00
   0.0000000e+00
   0.0000000e+00
   0.0000000e+00
   0.0000000e+00
   0.0000000e+00
   0.0000000e+00
   0.0000000e+00
   0.0000000e+00
   0.0000000e+00
   0.0000000e+00
   0.0000000e+00
   0.0000000e+00
   0.0000000e+00
   0.0000000e+00
   0.0000000e+00
   0.0000000e+00
   0.0000000e+00
   0.0000000e+00
   0.0000000e+00
   0.0000000e+00
   0.0000000e+00
   0.0000000e+00
   0.0000000e+00
   0.0000000e+00
   0.0000000e+00
   0.0000000e+00
   0.0000000e+00
   0.0000000e+00
   0.0000000e+00
   0.0000000e+00
   0.0000000e+00
   0.0000000e+00
   3.6744537e-02
   4.2299161e-02
   5.5431432e-02
   6.5385295e-02
   7.2410131e-02
   7.9897060e-02
   8.4056161e-02
   8.7406624e-02
   9.0895985e-02
   9.2136839e-02
   9.3774661e-02
   9.3865714e-02
   9.4527481e-02
   9.4413180e-02
   9.3969341e-02
   9.2750111e-02
   8.8697446e-02
   8.4304730e-02
   7.7167000e-02
   6.8643013e-02
   5.4638595e-02
   0.0000000e+00
   0.0000000e+00
   0.0000000e+00
   0.0000000e+00
   0.0000000e+00
   0.0000000e+00
   3.6509931e-02
   3.9978758e-02
   3.6145771e-02
   0.0000000e+00
   0.0000000e+00
   0.0000000e+00
   0.0000000e+00
   0.0000000e+00
   0.0000000e+00
   0.0000000e+00
   0.0000000e+00
   0.0000000e+00
   0.0000000e+00
   0.0000000e+00
   0.0000000e+00
   0.0000000e+00
   0.0000000e+00
   0.0000000e+00
   0.0000000e+00
   0.0000000e+00
   0.0000000e+00
   0.0000000e+00
   0.0000000e+00
   0.0000000e+00
   0.0000000e+00
   0.0000000e+00
   0.0000000e+00
   0.0000000e+00
   0.0000000e+00
   0.0000000e+00
   0.0000000e+00
   0.0000000e+00
   0.0000000e+00
   0.0000000e+00
   0.0000000e+00
   0.0000000e+00
   0.0000000e+00
   0.0000000e+00
   0.0000000e+00
   0.0000000e+00
   0.0000000e+00
   0.0000000e+00
   0.0000000e+00
   0.0000000e+00
   0.0000000e+00
   3.6213659e-02
   4.3640333e-02
   5.9192381e-02
   6.9529726e-02
   7.7256341e-02
   8.4699858e-02
   8.8467770e-02
   9.2212872e-02
   9.4220269e-02
   9.5848533e-02
   9.6325905e-02
   9.6718870e-02
   9.6691565e-02
   9.6530022e-02
   9.5881274e-02
   9.4847531e-02
   9.3151239e-02
   8.8516121e-02
   8.5161736e-02
   7.9433099e-02
   7.2158311e-02
   6.3722828e-02
   6.7485519e-02
   0.0000000e+00
   0.0000000e+00
   0.0000000e+00
   0.0000000e+00
   0.0000000e+00
   0.0000000e+00
   0.0000000e+00
   0.0000000e+00
   0.0000000e+00
   0.0000000e+00
   0.0000000e+00
   0.0000000e+00
   0.0000000e+00
   0.0000000e+00
   0.0000000e+00
   0.0000000e+00
   0.0000000e+00
   0.0000000e+00
   0.0000000e+00
   0.0000000e+00
   0.0000000e+00
   0.0000000e+00
   0.0000000e+00
   0.0000000e+00
   0.0000000e+00
   0.0000000e+00
   0.0000000e+00
   0.0000000e+00
   0.0000000e+00
   0.0000000e+00
   7.5437223e-02
   6.3251470e-02
   6.2624126e-02
   9.0403978e-02
   9.2218954e-02
   0.0000000e+00
   0.0000000e+00
   0.0000000e+00
   0.0000000e+00
   0.0000000e+00
   0.0000000e+00
   0.0000000e+00
   0.0000000e+00
   0.0000000e+00
   0.0000000e+00
   0.0000000e+00
   0.0000000e+00
   0.0000000e+00
   2.9521171e-02
   3.5026527e-02
   4.6009282e-02
   5.9481057e-02
   6.8463875e-02
   7.5169411e-02
   8.1666432e-02
   8.5091916e-02
   8.8130772e-02
   8.9699107e-02
   9.1014073e-02
   9.1450537e-02
   9.2012235e-02
   9.2303370e-02
   9.2678616e-02
   9.3217230e-02
   9.2816989e-02
   9.2383637e-02
   8.9076307e-02
   8.6714317e-02
   8.3602296e-02
   7.9732314e-02
   7.3294159e-02
   6.9897902e-02
   0.0000000e+00
   0.0000000e+00
   0.0000000e+00
   0.0000000e+00
   0.0000000e+00
   0.0000000e+00
   0.0000000e+00
   0.0000000e+00
   0.0000000e+00
   0.0000000e+00
   0.0000000e+00
   0.0000000e+00
   0.0000000e+00
   0.0000000e+00
   0.0000000e+00
   0.0000000e+00
   0.0000000e+00
   0.0000000e+00
   0.0000000e+00
   0.0000000e+00
   0.0000000e+00
   0.0000000e+00
   0.0000000e+00
   0.0000000e+00
   0.0000000e+00
   0.0000000e+00
   0.0000000e+00
   0.0000000e+00
   9.2829072e-02
   9.0613432e-02
   7.4103484e-02
   6.2894314e-02
   6.2433071e-02
   8.8037014e-02
   8.9672206e-02
   9.3703557e-02
   0.0000000e+00
   0.0000000e+00
   0.0000000e+00
   0.0000000e+00
   0.0000000e+00
   0.0000000e+00
   0.0000000e+00
   0.0000000e+00
   0.0000000e+00
   0.0000000e+00
   0.0000000e+00
   5.9724324e-02
   3.3464951e-02
   3.7674865e-02
   4.7005552e-02
   5.6744870e-02
   6.3654537e-02
   6.9141943e-02
   7.3932739e-02
   7.6927079e-02
   7.9102693e-02
   8.0906120e-02
   8.1963510e-02
   8.2890841e-02
   8.4167226e-02
   8.5218127e-02
   8.6597998e-02
   8.7824460e-02
   8.8226401e-02
   8.7680714e-02
   8.6220380e-02
   8.4481402e-02
   8.2784874e-02
   8.1247522e-02
   7.9395222e-02
   7.7108938e-02
   7.5156277e-02
   0.0000000e+00
   0.0000000e+00
   0.0000000e+00
   0.0000000e+00
   0.0000000e+00
   0.0000000e+00
   0.0000000e+00
   0.0000000e+00
   0.0000000e+00
   0.0000000e+00
   0.0000000e+00
   0.0000000e+00
   0.0000000e+00
   0.0000000e+00
   0.0000000e+00
   0.0000000e+00
   0.0000000e+00
   0.0000000e+00
   0.0000000e+00
   0.0000000e+00
   0.0000000e+00
   0.0000000e+00
   0.0000000e+00
   0.0000000e+00
   0.0000000e+00
   0.0000000e+00
   9.9711577e-02
   9.3012341e-02
   8.9676336e-02
   5.8317907e-02
   5.8482760e-02
   5.9815805e-02
   5.9554624e-02
   7.3600577e-02
   9.1951742e-02
   5.6817832e-02
   5.8882061e-02
   8.1099805e-02
   0.0000000e+00
   0.0000000e+00
   0.0000000e+00
   0.0000000e+00
   0.0000000e+00
   0.0000000e+00
   0.0000000e+00
   0.0000000e+00
   5.8754567e-02
   3.3679793e-02
   3.9702031e-02
   4.6853889e-02
   5.0803266e-02
   5.5872324e-02
   6.0258002e-02
   6.4046749e-02
   6.6583649e-02
   6.8131665e-02
   6.9770353e-02
   7.0740136e-02
   7.2176045e-02
   7.3930571e-02
   7.5792584e-02
   7.7763784e-02
   7.9781817e-02
   8.0524281e-02
   8.0378925e-02
   7.9732869e-02
   7.8706197e-02
   7.8118808e-02
   7.7412223e-02
   7.7747365e-02
   7.8073596e-02
   7.5156277e-02
   0.0000000e+00
   0.0000000e+00
   0.0000000e+00
   0.0000000e+00
   0.0000000e+00
   0.0000000e+00
   0.0000000e+00
   0.0000000e+00
   0.0000000e+00
   0.0000000e+00
   0.0000000e+00
   0.0000000e+00
   0.0000000e+00
   0.0000000e+00
   0.0000000e+00
   0.0000000e+00
   0.0000000e+00
   0.0000000e+00
   0.0000000e+00
   0.0000000e+00
   0.0000000e+00
   0.0000000e+00
   0.0000000e+00
   0.0000000e+00
   0.0000000e+00
   0.0000000e+00
   9.9711577e-02
   9.5103307e-02
   6.8293175e-02
   5.9870514e-02
   5.4690609e-02
   5.1914453e-02
   5.1631496e-02
   5.2253186e-02
   5.1977914e-02
   5.6817832e-02
   5.8882061e-02
   8.1099805e-02
   0.0000000e+00
   0.0000000e+00
   0.0000000e+00
   0.0000000e+00
   0.0000000e+00
   0.0000000e+00
   0.0000000e+00
   0.0000000e+00
   3.6626159e-02
   3.9273554e-02
   3.9834035e-02
   4.4068058e-02
   4.3224813e-02
   4.5918716e-02
   4.8233209e-02
   5.0908479e-02
   5.2546178e-02
   5.4183654e-02
   5.5451890e-02
   5.6845698e-02
   5.8505530e-02
   6.0926079e-02
   6.3124012e-02
   6.5257745e-02
   6.7902435e-02
   6.9052335e-02
   6.9873113e-02
   6.9421543e-02
   6.9329885e-02
   6.9087597e-02
   6.9714150e-02
   7.0642725e-02
   7.0950867e-02
   7.0021430e-02
   6.4806382e-02
   0.0000000e+00
   0.0000000e+00
   0.0000000e+00
   0.0000000e+00
   0.0000000e+00
   0.0000000e+00
   0.0000000e+00
   0.0000000e+00
   0.0000000e+00
   0.0000000e+00
   0.0000000e+00
   0.0000000e+00
   0.0000000e+00
   0.0000000e+00
   0.0000000e+00
   0.0000000e+00
   0.0000000e+00
   0.0000000e+00
   0.0000000e+00
   0.0000000e+00
   0.0000000e+00
   0.0000000e+00
   0.0000000e+00
   0.0000000e+00
   0.0000000e+00
   1.0655081e-01
   8.0908217e-02
   6.2598029e-02
   5.6780407e-02
   5.2359680e-02
   4.8014826e-02
   4.4316950e-02
   4.3855877e-02
   4.3797381e-02
   4.6007350e-02
   4.7803237e-02
   6.8436462e-02
   0.0000000e+00
   0.0000000e+00
   0.0000000e+00
   0.0000000e+00
   0.0000000e+00
   0.0000000e+00
   9.1985507e-02
   6.5320658e-02
   4.1082929e-02
   3.9656993e-02
   3.8891808e-02
   4.0157258e-02
   3.5047616e-02
   3.5167682e-02
   3.5667190e-02
   3.6767514e-02
   3.7920518e-02
   3.9434254e-02
   4.0900478e-02
   4.2613919e-02
   4.4621690e-02
   4.7233489e-02
   4.9717942e-02
   5.1830174e-02
   5.4439237e-02
   5.5838458e-02
   5.6700200e-02
   5.7414836e-02
   5.7382708e-02
   5.8052534e-02
   5.9112571e-02
   6.0597369e-02
   6.2734416e-02
   6.1521832e-02
   5.9104455e-02
   5.5155610e-02
   0.0000000e+00
   0.0000000e+00
   0.0000000e+00
   0.0000000e+00
   0.0000000e+00
   0.0000000e+00
   0.0000000e+00
   0.0000000e+00
   0.0000000e+00
   0.0000000e+00
   0.0000000e+00
   0.0000000e+00
   0.0000000e+00
   0.0000000e+00
   0.0000000e+00
   0.0000000e+00
   0.0000000e+00
   0.0000000e+00
   0.0000000e+00
   0.0000000e+00
   0.0000000e+00
   0.0000000e+00
   0.0000000e+00
   0.0000000e+00
   8.9608133e-02
   6.4219287e-02
   5.8018927e-02
   5.0482760e-02
   4.7125864e-02
   4.2934094e-02
   3.8345060e-02
   3.6399340e-02
   3.5381919e-02
   3.5785255e-02
   3.6962175e-02
   4.2712041e-02
   7.2685075e-02
   0.0000000e+00
   0.0000000e+00
   0.0000000e+00
   0.0000000e+00
   0.0000000e+00
   4.3354624e-02
   4.9081252e-02
   4.2307160e-02
   3.8947640e-02
   3.6720899e-02
   3.5279501e-02
   2.6253540e-02
   2.4553155e-02
   2.3593135e-02
   2.3402033e-02
   2.4043630e-02
   2.5270730e-02
   2.6873222e-02
   2.8670792e-02
   3.0878708e-02
   3.3581351e-02
   3.6070630e-02
   3.8183774e-02
   4.0083036e-02
   4.1519395e-02
   4.2673843e-02
   4.3549953e-02
   4.4227118e-02
   4.5525780e-02
   4.7182010e-02
   4.9324760e-02
   5.1899991e-02
   5.2485020e-02
   5.1653472e-02
   4.9136429e-02
   0.0000000e+00
   0.0000000e+00
   0.0000000e+00
   0.0000000e+00
   0.0000000e+00
   0.0000000e+00
   7.0063821e-02
   8.1485124e-02
   0.0000000e+00
   0.0000000e+00
   0.0000000e+00
   0.0000000e+00
   0.0000000e+00
   0.0000000e+00
   0.0000000e+00
   0.0000000e+00
   0.0000000e+00
   0.0000000e+00
   0.0000000e+00
   0.0000000e+00
   0.0000000e+00
   0.0000000e+00
   0.0000000e+00
   8.3354515e-02
   6.5598207e-02
   5.6126040e-02
   5.1283424e-02
   4.4111093e-02
   4.0468875e-02
   3.6027170e-02
   3.1383023e-02
   2.8787478e-02
   2.7270072e-02
   2.6438633e-02
   2.6969587e-02
   3.0807968e-02
   4.6248252e-02
   0.0000000e+00
   0.0000000e+00
   0.0000000e+00
   0.0000000e+00
   3.8843895e-02
   4.4475044e-02
   4.4784761e-02
   4.1706401e-02
   3.7124985e-02
   3.2920110e-02
   2.9184679e-02
   1.7371357e-02
   1.4607481e-02
   1.2673594e-02
   1.1534411e-02
   1.1659322e-02
   1.2520557e-02
   1.4095588e-02
   1.5759837e-02
   1.7851824e-02
   2.0461551e-02
   2.2611522e-02
   2.4426134e-02
   2.5842278e-02
   2.7064743e-02
   2.8254874e-02
   2.9403313e-02
   3.0709483e-02
   3.2427934e-02
   3.4843843e-02
   3.7543170e-02
   4.0436634e-02
   4.2953217e-02
   4.2666216e-02
   4.0972943e-02
   4.6981765e-02
   4.8373541e-02
   5.6204897e-02
   6.2961739e-02
   6.8295409e-02
   7.4477339e-02
   6.8736447e-02
   7.6052862e-02
   0.0000000e+00
   0.0000000e+00
   0.0000000e+00
   0.0000000e+00
   0.0000000e+00
   0.0000000e+00
   0.0000000e+00
   0.0000000e+00
   0.0000000e+00
   0.0000000e+00
   0.0000000e+00
   0.0000000e+00
   0.0000000e+00
   0.0000000e+00
   3.5759474e-02
   6.3108070e-02
   5.0432834e-02
   4.8980941e-02
   4.3828956e-02
   3.7335311e-02
   3.3300346e-02
   2.8666640e-02
   2.4017205e-02
   2.1205684e-02
   1.9450664e-02
   1.7950812e-02
   1.7911407e-02
   2.1921698e-02
   2.6413319e-02
   0.0000000e+00
   0.0000000e+00
   0.0000000e+00
   3.0689926e-02
   3.8255784e-02
   4.3829730e-02
   4.1003459e-02
   3.7687845e-02
   3.2374030e-02
   2.7010748e-02
   2.1983307e-02
   8.7645151e-03
   5.5016806e-03
   3.0173294e-03
   1.2193976e-03
   8.4878870e-04
   1.3067121e-03
   2.6818501e-03
   4.0678843e-03
   5.7817572e-03
   8.0129222e-03
   9.5826334e-03
   1.0868075e-02
   1.2077419e-02
   1.2986857e-02
   1.4000592e-02
   1.5665229e-02
   1.7404018e-02
   1.9470833e-02
   2.2650482e-02
   2.5825206e-02
   2.9264953e-02
   3.3131953e-02
   3.3607313e-02
   3.2632511e-02
   4.4167454e-02
   4.5697611e-02
   5.3078718e-02
   5.9344795e-02
   6.4058763e-02
   6.9498715e-02
   6.8269460e-02
   6.0763738e-02
   0.0000000e+00
   0.0000000e+00
   0.0000000e+00
   0.0000000e+00
   0.0000000e+00
   0.0000000e+00
   0.0000000e+00
   0.0000000e+00
   0.0000000e+00
   0.0000000e+00
   0.0000000e+00
   0.0000000e+00
   0.0000000e+00
   4.0590222e-02
   3.5392801e-02
   4.0003031e-02
   4.3018830e-02
   4.0564188e-02
   3.6111645e-02
   3.0125329e-02
   2.5925599e-02
   2.1255258e-02
   1.6507110e-02
   1.3637777e-02
   1.1746398e-02
   9.9835619e-03
   9.4963606e-03
   1.2527235e-02
   1.7095437e-02
   2.5346609e-02
   3.8657189e-02
   1.9810476e-02
   2.8426658e-02
   3.6023622e-02
   3.7975633e-02
   3.4412182e-02
   3.0863767e-02
   2.5197485e-02
   1.9559178e-02
   1.4123971e-02
  -1.0291221e-03
  -4.3908038e-03
  -7.0913312e-03
  -9.3651813e-03
  -1.0287305e-02
  -1.0361566e-02
  -9.5046149e-03
  -8.5519095e-03
  -7.4953554e-03
  -6.4293804e-03
  -5.6927468e-03
  -4.9987212e-03
  -4.2290062e-03
  -3.4473269e-03
  -2.4028966e-03
  -3.8626832e-04
   1.9547615e-03
   4.5964500e-03
   8.3593013e-03
   1.2227620e-02
   1.6411316e-02
   2.1009166e-02
   2.3248794e-02
   2.3420857e-02
   2.8062243e-02
   3.0384304e-02
   3.5188808e-02
   3.8646429e-02
   3.9814081e-02
   4.1007981e-02
   0.0000000e+00
   0.0000000e+00
   0.0000000e+00
   0.0000000e+00
   0.0000000e+00
   0.0000000e+00
   0.0000000e+00
   0.0000000e+00
   0.0000000e+00
   0.0000000e+00
   0.0000000e+00
   0.0000000e+00
   0.0000000e+00
   0.0000000e+00
   0.0000000e+00
   4.0590222e-02
   3.4343640e-02
   3.0067709e-02
   3.0882090e-02
   2.9117729e-02
   2.5765106e-02
   2.0672389e-02
   1.6389368e-02
   1.1703115e-02
   6.9053877e-03
   3.9177108e-03
   1.8520290e-03
   4.1211303e-05
  -7.3988711e-04
   1.2362549e-03
   7.2246009e-03
   2.5346609e-02
   3.8657189e-02
   1.9810476e-02
   2.1950754e-02
   2.6801938e-02
   2.6708150e-02
   2.3698578e-02
   2.0403882e-02
   1.4861090e-02
   9.4093172e-03
   4.1993809e-03
  -9.9156303e-03
  -1.3205521e-02
  -1.6040291e-02
  -1.8704364e-02
  -2.0170707e-02
  -2.1025911e-02
  -2.0954141e-02
  -2.0576414e-02
  -2.0248329e-02
  -2.0125129e-02
  -2.0034694e-02
  -1.9793089e-02
  -1.9287924e-02
  -1.8488357e-02
  -1.7139049e-02
  -1.4652156e-02
  -1.1929623e-02
  -8.7288952e-03
  -4.1867853e-03
   9.9493337e-06
   4.2229235e-03
   9.0120228e-03
   1.2910282e-02
   5.2652845e-02
   4.8842169e-02
   2.1182130e-02
   1.9562137e-02
   2.0808471e-02
   2.4659802e-02
   0.0000000e+00
   0.0000000e+00
   0.0000000e+00
   0.0000000e+00
   0.0000000e+00
   0.0000000e+00
   0.0000000e+00
   0.0000000e+00
   0.0000000e+00
   0.0000000e+00
   0.0000000e+00
   0.0000000e+00
   0.0000000e+00
   0.0000000e+00
   0.0000000e+00
   0.0000000e+00
   1.8543865e-02
   1.8219881e-02
   1.8351761e-02
   1.8390641e-02
   1.6995429e-02
   1.4145654e-02
   9.4396337e-03
   5.1705018e-03
   8.0037398e-04
  -3.6378756e-03
  -6.6200026e-03
  -8.9941106e-03
  -1.1001669e-02
  -1.1924566e-02
  -1.0561060e-02
  -5.6999076e-03
   3.0611828e-03
   6.3164131e-03
   8.2705189e-03
   1.1684565e-02
   1.4936204e-02
   1.4546014e-02
   1.1617514e-02
   8.4379882e-03
   3.5174869e-03
  -1.0443081e-03
  -5.3452247e-03
  -1.6348707e-02
  -1.9650464e-02
  -2.2694557e-02
  -2.5732787e-02
  -2.7616706e-02
  -2.8998869e-02
  -2.9579937e-02
  -2.9650975e-02
  -2.9711523e-02
  -2.9965655e-02
  -3.0126903e-02
  -3.0029847e-02
  -2.9460326e-02
  -2.8477576e-02
  -2.6837475e-02
  -2.3937569e-02
  -2.0947452e-02
  -1.7479526e-02
  -1.2702664e-02
  -8.5617315e-03
  -4.5730682e-03
  -4.3216050e-05
   4.7067399e-03
   3.5623781e-02
   3.1639187e-02
   9.7963264e-03
   1.2632624e-02
   1.7480961e-02
   1.9006014e-02
   0.0000000e+00
   0.0000000e+00
   0.0000000e+00
   0.0000000e+00
   0.0000000e+00
   0.0000000e+00
   0.0000000e+00
   0.0000000e+00
   0.0000000e+00
   0.0000000e+00
  -2.7437567e-03
  -3.6506031e-03
  -2.9623374e-03
   2.0593393e-03
   0.0000000e+00
   0.0000000e+00
   7.6086105e-03
   7.4044084e-03
   8.4365358e-03
   8.5299107e-03
   7.1231857e-03
   4.3985688e-03
   1.9654745e-06
  -3.9797239e-03
  -7.9276763e-03
  -1.2028487e-02
  -1.5080582e-02
  -1.7825997e-02
  -2.0302535e-02
  -2.1473619e-02
  -2.0470643e-02
  -1.6310487e-02
  -9.9387498e-03
  -4.2682008e-03
  -7.4390777e-04
   1.8489120e-03
   4.7971612e-03
   4.3368687e-03
   1.8748716e-03
  -8.4844477e-04
  -4.8732465e-03
  -8.5905049e-03
  -1.2219978e-02
  -2.2202943e-02
  -2.5529738e-02
  -2.8790514e-02
  -3.2179623e-02
  -3.4408022e-02
  -3.6197318e-02
  -3.7360393e-02
  -3.7832384e-02
  -3.8159450e-02
  -3.8585901e-02
  -3.8841335e-02
  -3.8769580e-02
  -3.8034453e-02
  -3.6807457e-02
  -3.4864638e-02
  -3.1578315e-02
  -2.8357733e-02
  -2.4739674e-02
  -1.9952191e-02
  -1.6031924e-02
  -1.2405990e-02
  -8.3410897e-03
  -3.1712128e-03
   1.4466382e-02
   1.1169069e-02
   1.2710503e-04
  -3.4253744e-03
   0.0000000e+00
   0.0000000e+00
   0.0000000e+00
   0.0000000e+00
   0.0000000e+00
   0.0000000e+00
   0.0000000e+00
   0.0000000e+00
   0.0000000e+00
   0.0000000e+00
   0.0000000e+00
   0.0000000e+00
  -4.6606709e-03
  -5.5025392e-03
  -4.8606389e-03
  -6.7906355e-04
  -1.4490363e-02
  -1.6461981e-02
  -4.2101545e-03
  -2.2289399e-03
  -1.0574856e-03
  -8.4198405e-04
  -2.3264242e-03
  -4.9620446e-03
  -9.0176039e-03
  -1.2631063e-02
  -1.6156174e-02
  -1.9938278e-02
  -2.3089902e-02
  -2.6267212e-02
  -2.9356227e-02
  -3.0892655e-02
  -3.0158624e-02
  -2.6504812e-02
  -2.0744880e-02
  -1.5224399e-02
  -1.0931833e-02
  -7.6729525e-03
  -4.8742982e-03
  -5.3555251e-03
  -7.2202836e-03
  -9.3629536e-03
  -1.2446349e-02
  -1.5377512e-02
  -1.8432750e-02
  -2.9898843e-02
  -3.3224076e-02
  -3.6715985e-02
  -4.0458288e-02
  -4.2889447e-02
  -4.4863146e-02
  -4.6565777e-02
  -4.7461805e-02
  -4.7887143e-02
  -4.8105674e-02
  -4.8097494e-02
  -4.7777126e-02
  -4.6671776e-02
  -4.4985385e-02
  -4.2551803e-02
  -3.8829435e-02
  -3.5365982e-02
  -3.1839095e-02
  -2.7613504e-02
  -2.4432253e-02
  -2.1754750e-02
  -1.8902729e-02
  -1.4605791e-02
  -5.2580873e-03
  -1.0688170e-02
   0.0000000e+00
   0.0000000e+00
   0.0000000e+00
   0.0000000e+00
   0.0000000e+00
   0.0000000e+00
   0.0000000e+00
   0.0000000e+00
   0.0000000e+00
   0.0000000e+00
   0.0000000e+00
   0.0000000e+00
   0.0000000e+00
   0.0000000e+00
  -1.8334754e-02
  -1.8713108e-02
  -1.8401949e-02
  -1.5329620e-02
  -1.4490363e-02
  -1.6461981e-02
  -1.7846668e-02
  -1.5251762e-02
  -1.3642913e-02
  -1.3976910e-02
  -1.5442373e-02
  -1.7666831e-02
  -2.0982214e-02
  -2.4000901e-02
  -2.7100602e-02
  -3.0537982e-02
  -3.3893101e-02
  -3.7913008e-02
  -4.2287454e-02
  -4.4848286e-02
  -4.4276161e-02
  -4.0733739e-02
  -3.4750156e-02
  -2.8633760e-02
  -2.3141811e-02
  -1.9095469e-02
  -1.7328198e-02
  -1.7853109e-02
  -1.8677397e-02
  -1.9779157e-02
  -2.1708447e-02
  -2.3872224e-02
  -2.6411282e-02
  -3.4837276e-02
  -3.7985823e-02
  -4.1284322e-02
  -4.4925243e-02
  -4.7313354e-02
  -4.9178677e-02
  -5.0786246e-02
  -5.1608195e-02
  -5.1924333e-02
  -5.1827055e-02
  -5.1473838e-02
  -5.0837251e-02
  -4.9331939e-02
  -4.7201081e-02
  -4.4414050e-02
  -4.0596432e-02
  -3.7278381e-02
  -3.4152040e-02
  -3.0863164e-02
  -2.8793246e-02
  -2.7349191e-02
  -2.5981851e-02
  -2.3579846e-02
  -1.8028839e-02
  -2.4373402e-02
   0.0000000e+00
   0.0000000e+00
   0.0000000e+00
   0.0000000e+00
   0.0000000e+00
   0.0000000e+00
   0.0000000e+00
   0.0000000e+00
   0.0000000e+00
   0.0000000e+00
   0.0000000e+00
   0.0000000e+00
   0.0000000e+00
   0.0000000e+00
  -3.1117736e-02
  -2.7976637e-02
  -2.7007830e-02
  -2.2697488e-02
  -2.1414375e-02
  -2.0552015e-02
  -2.1939512e-02
  -2.2467228e-02
  -2.2579671e-02
  -2.3463241e-02
  -2.4716126e-02
  -2.6414110e-02
  -2.9044687e-02
  -3.1728249e-02
  -3.4748900e-02
  -3.7852208e-02
  -4.0843985e-02
  -4.5373583e-02
  -5.0504584e-02
  -5.4230644e-02
  -5.4437432e-02
  -4.9406775e-02
  -4.3083781e-02
  -3.6345115e-02
  -3.0602953e-02
  -2.7328057e-02
  -2.5779908e-02
  -2.5348884e-02
  -2.5295450e-02
  -2.5772183e-02
  -2.7232140e-02
  -2.9091737e-02
  -3.1451016e-02
  -3.7768423e-02
  -4.0726616e-02
  -4.3782410e-02
  -4.7181951e-02
  -4.9441594e-02
  -5.1163988e-02
  -5.2579562e-02
  -5.3230341e-02
  -5.3378538e-02
  -5.2960257e-02
  -5.2276385e-02
  -5.1317766e-02
  -4.9449521e-02
  -4.7053812e-02
  -4.4136230e-02
  -4.0446926e-02
  -3.7456771e-02
  -3.4847936e-02
  -3.2526928e-02
  -3.1457139e-02
  -3.1048711e-02
  -3.0829189e-02
  -2.9702610e-02
  -2.6626534e-02
  -3.0933343e-02
   0.0000000e+00
   0.0000000e+00
   0.0000000e+00
   0.0000000e+00
   0.0000000e+00
   0.0000000e+00
   0.0000000e+00
   0.0000000e+00
   0.0000000e+00
   0.0000000e+00
   0.0000000e+00
   0.0000000e+00
   0.0000000e+00
   0.0000000e+00
  -3.4426797e-02
  -3.3716509e-02
  -3.2394615e-02
  -2.7144161e-02
  -2.5136540e-02
  -2.3315528e-02
  -2.5234390e-02
  -2.7725325e-02
  -2.8936729e-02
  -3.0146217e-02
  -3.1257326e-02
  -3.2551912e-02
  -3.4575944e-02
  -3.6965918e-02
  -4.0272697e-02
  -4.3147314e-02
  -4.5251262e-02
  -4.9833373e-02
  -5.5125202e-02
  -5.9563117e-02
  -6.1134796e-02
  -5.4705853e-02
  -4.8353588e-02
  -4.1336272e-02
  -3.5642393e-02
  -3.2744415e-02
  -3.1037643e-02
  -2.9883323e-02
  -2.9311719e-02
  -2.9442183e-02
  -3.0636652e-02
  -3.2313485e-02
  -3.4528477e-02
  -4.0267324e-02
  -4.2912547e-02
  -4.5535955e-02
  -4.8410292e-02
  -5.0378995e-02
  -5.1840977e-02
  -5.2853890e-02
  -5.3134517e-02
  -5.2957752e-02
  -5.2030373e-02
  -5.0842746e-02
  -4.9372769e-02
  -4.6973812e-02
  -4.4350474e-02
  -4.1461262e-02
  -3.8207190e-02
  -3.5922451e-02
  -3.4247964e-02
  -3.3478155e-02
  -3.3861250e-02
  -3.4870770e-02
  -3.6099760e-02
  -3.6326190e-02
  -3.5750434e-02
  -3.3771156e-02
   0.0000000e+00
   0.0000000e+00
   0.0000000e+00
   0.0000000e+00
   0.0000000e+00
   0.0000000e+00
   0.0000000e+00
   0.0000000e+00
   0.0000000e+00
   0.0000000e+00
   0.0000000e+00
   0.0000000e+00
   0.0000000e+00
   0.0000000e+00
  -3.9737352e-02
  -3.9035854e-02
  -3.7478608e-02
  -3.1064777e-02
  -2.7626750e-02
  -2.6263663e-02
  -2.9569256e-02
  -3.3927495e-02
  -3.6212078e-02
  -3.7698936e-02
  -3.8661673e-02
  -3.9452087e-02
  -4.0606319e-02
  -4.2579099e-02
  -4.6716894e-02
  -4.9342944e-02
  -4.9505119e-02
  -5.3691299e-02
  -5.8612185e-02
  -6.3692674e-02
  -6.8018983e-02
  -5.9490204e-02
  -5.3416502e-02
  -4.6321492e-02
  -4.1015673e-02
  -3.8296312e-02
  -3.5945434e-02
  -3.3899644e-02
  -3.2891207e-02
  -3.2770015e-02
  -3.3761206e-02
  -3.5278310e-02
  -3.7304045e-02
  -4.0338797e-02
  -4.2383858e-02
  -4.4367717e-02
  -4.6483860e-02
  -4.7889502e-02
  -4.8825380e-02
  -4.9220668e-02
  -4.8860244e-02
  -4.7966121e-02
  -4.6147650e-02
  -4.4216125e-02
  -4.2103196e-02
  -3.9271084e-02
  -3.6805921e-02
  -3.4607891e-02
  -3.2782495e-02
  -3.2136831e-02
  -3.2358848e-02
  -3.3861124e-02
  -3.5793170e-02
  -3.7940313e-02
  -3.9941281e-02
  -4.0380819e-02
  -3.8577587e-02
  -3.9372972e-02
   0.0000000e+00
   0.0000000e+00
   0.0000000e+00
   0.0000000e+00
   0.0000000e+00
   0.0000000e+00
   0.0000000e+00
   0.0000000e+00
   0.0000000e+00
   0.0000000e+00
   0.0000000e+00
   0.0000000e+00
   0.0000000e+00
   0.0000000e+00
  -4.1014139e-02
  -4.2683413e-02
  -4.1537289e-02
  -3.5515757e-02
  -3.1858356e-02
  -3.1135680e-02
  -3.4664336e-02
  -3.8598147e-02
  -4.1455008e-02
  -4.3538293e-02
  -4.4316401e-02
  -4.4276304e-02
  -4.3859702e-02
  -4.5063935e-02
  -4.8651029e-02
  -7.4657086e-02
  -6.6226830e-02
  -5.7026039e-02
  -5.9400516e-02
  -6.3668875e-02
  -7.0444116e-02
  -6.1256070e-02
  -5.6335259e-02
  -4.9573302e-02
  -4.4351439e-02
  -4.0975393e-02
  -3.7935558e-02
  -3.5562927e-02
  -3.4538181e-02
  -3.4420557e-02
  -3.5277399e-02
  -3.6471614e-02
  -3.8030377e-02
  -3.9369396e-02
  -4.0968874e-02
  -4.2544344e-02
  -4.4208192e-02
  -4.5208446e-02
  -4.5724768e-02
  -4.5625788e-02
  -4.4835081e-02
  -4.3470091e-02
  -4.1097207e-02
  -3.8761499e-02
  -3.6383672e-02
  -3.3653826e-02
  -3.1754929e-02
  -3.0470219e-02
  -3.0017363e-02
  -3.0625814e-02
  -3.2094177e-02
  -3.4865451e-02
  -3.7485453e-02
  -3.9904570e-02
  -4.1557867e-02
  -4.0905329e-02
  -3.6331578e-02
  -3.2108608e-02
   0.0000000e+00
   0.0000000e+00
   0.0000000e+00
   0.0000000e+00
   0.0000000e+00
   0.0000000e+00
   0.0000000e+00
   0.0000000e+00
   0.0000000e+00
   0.0000000e+00
   0.0000000e+00
   0.0000000e+00
   0.0000000e+00
   0.0000000e+00
  -4.1761855e-02
  -4.3465774e-02
  -4.3078216e-02
  -3.7829745e-02
  -3.4548040e-02
  -3.3898123e-02
  -3.6929400e-02
  -4.0549447e-02
  -4.3653138e-02
  -4.6024497e-02
  -4.6641185e-02
  -4.6076580e-02
  -4.4794477e-02
  -4.5410073e-02
  -4.7431689e-02
  -8.0490180e-02
  -6.7303022e-02
  -6.4097298e-02
  -5.9582169e-02
  -6.4703386e-02
  -7.0605985e-02
  -6.1465012e-02
  -5.7175286e-02
  -5.0667320e-02
  -4.5226442e-02
  -4.1475855e-02
  -3.8198939e-02
  -3.5807237e-02
  -3.4878016e-02
  -3.4812269e-02
  -3.5517869e-02
  -3.6434400e-02
  -3.7606827e-02
  -3.7325630e-02
  -3.8288078e-02
  -3.9322442e-02
  -4.0410839e-02
  -4.0839671e-02
  -4.0737544e-02
  -3.9908951e-02
  -3.8532467e-02
  -3.6534018e-02
  -3.3437472e-02
  -3.0619222e-02
  -2.7999377e-02
  -2.5688450e-02
  -2.4887897e-02
  -2.5166381e-02
  -2.6876412e-02
  -2.9301746e-02
  -3.2447912e-02
  -3.6764538e-02
  -4.0070793e-02
  -4.2510294e-02
  -4.3074084e-02
  -4.0055810e-02
  -3.0324964e-02
  -1.4373223e-02
   0.0000000e+00
   0.0000000e+00
   0.0000000e+00
   0.0000000e+00
   0.0000000e+00
   0.0000000e+00
   0.0000000e+00
   0.0000000e+00
   0.0000000e+00
   0.0000000e+00
   0.0000000e+00
   0.0000000e+00
   0.0000000e+00
   0.0000000e+00
  -4.0872275e-02
  -4.3345248e-02
  -4.4333850e-02
  -4.0500584e-02
  -3.8102512e-02
  -3.7297508e-02
  -3.9191133e-02
  -4.2363477e-02
  -4.5705486e-02
  -4.8389133e-02
  -4.8759382e-02
  -4.7504171e-02
  -4.5178209e-02
  -4.4940652e-02
  -4.3980008e-02
   0.0000000e+00
  -5.5789414e-02
  -7.7163449e-02
   0.0000000e+00
  -6.9015325e-02
  -6.9783084e-02
  -6.1054622e-02
  -5.7522447e-02
  -5.1381920e-02
  -4.5446909e-02
  -4.1233568e-02
  -3.7794279e-02
  -3.5519173e-02
  -3.4795767e-02
  -3.4835861e-02
  -3.5292107e-02
  -3.5787223e-02
  -3.6381821e-02
  -3.1620928e-02
  -3.1840591e-02
  -3.2128053e-02
  -3.2276484e-02
  -3.1918667e-02
  -3.1063316e-02
  -2.9450242e-02
  -2.7579661e-02
  -2.5242656e-02
  -2.2118857e-02
  -1.9795828e-02
  -1.8306093e-02
  -1.8352351e-02
  -2.0067057e-02
  -2.2998576e-02
  -2.7588633e-02
  -3.1897529e-02
  -3.6336443e-02
  -4.1277233e-02
  -4.4371800e-02
  -4.5717714e-02
  -4.3400993e-02
  -3.6546844e-02
  -2.2580797e-02
   4.1526221e-04
   0.0000000e+00
   0.0000000e+00
   0.0000000e+00
   0.0000000e+00
   0.0000000e+00
   0.0000000e+00
   0.0000000e+00
   0.0000000e+00
   0.0000000e+00
   0.0000000e+00
   0.0000000e+00
   0.0000000e+00
   0.0000000e+00
   0.0000000e+00
  -3.6573848e-02
  -3.9067553e-02
  -4.0640997e-02
  -3.8485780e-02
  -3.7614309e-02
  -3.7164057e-02
  -3.8751879e-02
  -4.1741255e-02
  -4.5127774e-02
  -4.8051889e-02
  -4.8493676e-02
  -4.7141488e-02
  -4.4426768e-02
  -4.2351159e-02
  -3.7747930e-02
   0.0000000e+00
  -5.5789414e-02
  -0.0000000e+00
   0.0000000e+00
  -6.4664342e-02
  -6.4452592e-02
  -5.6918704e-02
  -5.3305508e-02
  -4.7271007e-02
  -4.1091040e-02
  -3.6666515e-02
  -3.3401266e-02
  -3.1572558e-02
  -3.1159287e-02
  -3.1267696e-02
  -3.1449429e-02
  -3.1521266e-02
  -3.1540280e-02
  -2.7387102e-02
  -2.7229655e-02
  -2.7104906e-02
  -2.6756869e-02
  -2.6050989e-02
  -2.4941727e-02
  -2.3168927e-02
  -2.1321989e-02
  -1.9180062e-02
  -1.6600195e-02
  -1.5009431e-02
  -1.4481887e-02
  -1.5934226e-02
  -1.8889695e-02
  -2.3023448e-02
  -2.8846762e-02
  -3.3860453e-02
  -3.8636988e-02
  -4.3518014e-02
  -4.6231948e-02
  -4.6816193e-02
  -4.2946066e-02
  -3.4397395e-02
  -1.9249205e-02
   5.2264392e-03
   2.4042414e-02
   2.8683697e-02
   2.1000229e-02
   1.4595030e-02
   8.9702454e-03
   0.0000000e+00
   0.0000000e+00
   0.0000000e+00
   0.0000000e+00
   0.0000000e+00
   0.0000000e+00
   0.0000000e+00
   0.0000000e+00
   0.0000000e+00
  -3.3969252e-02
  -3.6033184e-02
  -3.6750196e-02
  -3.5204814e-02
  -3.5149334e-02
  -3.5043890e-02
  -3.6745013e-02
  -3.9769001e-02
  -4.3237743e-02
  -4.6402415e-02
  -4.7146217e-02
  -4.6076090e-02
  -4.3404819e-02
  -4.0754323e-02
  -3.6010873e-02
  -3.8476961e-02
  -5.1352792e-02
   0.0000000e+00
   0.0000000e+00
  -6.0203993e-02
  -5.9530450e-02
  -5.2482516e-02
  -4.8667529e-02
  -4.2720085e-02
  -3.6640735e-02
  -3.2437564e-02
  -2.9524068e-02
  -2.8050007e-02
  -2.7799138e-02
  -2.7925069e-02
  -2.7991838e-02
  -2.7892367e-02
  -2.7681087e-02
  -2.0203645e-02
  -1.9533504e-02
  -1.8813110e-02
  -1.7769560e-02
  -1.6645236e-02
  -1.5327897e-02
  -1.3592518e-02
  -1.2070655e-02
  -1.0585548e-02
  -9.3404057e-03
  -9.2583222e-03
  -1.0453439e-02
  -1.4040808e-02
  -1.8644486e-02
  -2.4258308e-02
  -3.1513988e-02
  -3.7217502e-02
  -4.2112941e-02
  -4.6510770e-02
  -4.8415715e-02
  -4.7744117e-02
  -4.1664980e-02
  -3.1082460e-02
  -1.5360165e-02
   7.9736811e-03
   2.4042414e-02
   2.8683697e-02
   2.1000229e-02
   1.4595030e-02
   8.9702454e-03
   0.0000000e+00
   0.0000000e+00
   0.0000000e+00
   0.0000000e+00
   0.0000000e+00
   0.0000000e+00
   0.0000000e+00
   0.0000000e+00
   0.0000000e+00
  -2.9977537e-02
  -3.0987307e-02
  -2.9309153e-02
  -2.8334505e-02
  -2.9432086e-02
  -2.9971185e-02
  -3.2112939e-02
  -3.5320052e-02
  -3.8964208e-02
  -4.2582358e-02
  -4.4020299e-02
  -4.3687190e-02
  -4.1331980e-02
  -3.8282249e-02
  -3.5172051e-02
  -3.8476961e-02
  -5.1352792e-02
   0.0000000e+00
   0.0000000e+00
  -5.1737401e-02
  -5.0473916e-02
  -4.3958033e-02
  -3.9697257e-02
  -3.3903633e-02
  -2.8201162e-02
  -2.4649570e-02
  -2.2495380e-02
  -2.1640085e-02
  -2.1615286e-02
  -2.1746726e-02
  -2.1683242e-02
  -2.1397386e-02
  -2.0939099e-02
  -1.5261731e-02
  -1.4689573e-02
  -1.4118441e-02
  -1.3428537e-02
  -1.2830504e-02
  -1.2228738e-02
  -1.1599945e-02
  -1.1226300e-02
  -1.1074825e-02
  -1.1490295e-02
  -1.2585818e-02
  -1.4571812e-02
  -1.8557840e-02
  -2.3144309e-02
  -2.8482855e-02
  -3.5118625e-02
  -4.0053226e-02
  -4.3998392e-02
  -4.7006349e-02
  -4.7573519e-02
  -4.5510034e-02
  -3.8058314e-02
  -2.7358347e-02
  -1.3384245e-02
   4.2001665e-03
   1.3855235e-02
   1.6112677e-02
   1.3276921e-02
   1.1624472e-02
   8.9702454e-03
   0.0000000e+00
   0.0000000e+00
   0.0000000e+00
   0.0000000e+00
   0.0000000e+00
   0.0000000e+00
   0.0000000e+00
   0.0000000e+00
   0.0000000e+00
  -3.6202322e-02
  -3.0932702e-02
  -2.0677885e-02
  -1.9034845e-02
  -2.0272225e-02
  -2.0811227e-02
  -2.3034784e-02
  -2.6249350e-02
  -3.0095036e-02
  -3.4503521e-02
  -3.7023618e-02
  -3.7717897e-02
  -3.6019120e-02
  -3.3511097e-02
  -3.0115378e-02
  -3.3848645e-02
  -5.1352792e-02
   0.0000000e+00
  -4.6290463e-02
  -4.2015551e-02
  -3.6892455e-02
  -3.1518909e-02
  -2.7675301e-02
  -2.3153777e-02
  -1.9121434e-02
  -1.7020672e-02
  -1.5983395e-02
  -1.5803606e-02
  -1.5997416e-02
  -1.6230945e-02
  -1.6301914e-02
  -1.6144868e-02
  -1.5833725e-02
  -1.4806294e-02
  -1.4495449e-02
  -1.4217332e-02
  -1.3941089e-02
  -1.3782067e-02
  -1.3693666e-02
  -1.3765985e-02
  -1.4049959e-02
  -1.4602257e-02
  -1.5813576e-02
  -1.7399325e-02
  -1.9623730e-02
  -2.3537500e-02
  -2.7810003e-02
  -3.2646814e-02
  -3.8491922e-02
  -4.2654364e-02
  -4.5761926e-02
  -4.7683337e-02
  -4.7313534e-02
  -4.4402339e-02
  -3.6308255e-02
  -2.5778922e-02
  -1.2922723e-02
   1.9160367e-03
   9.0443429e-03
   1.0758119e-02
   1.0753507e-02
   9.6581690e-03
   0.0000000e+00
   0.0000000e+00
   0.0000000e+00
   0.0000000e+00
   0.0000000e+00
   0.0000000e+00
   0.0000000e+00
   0.0000000e+00
   0.0000000e+00
   0.0000000e+00
  -3.8262510e-02
  -2.9982729e-02
  -1.6201644e-02
  -1.3812426e-02
  -1.4890427e-02
  -1.5251555e-02
  -1.7347093e-02
  -2.0444692e-02
  -2.4347837e-02
  -2.9180939e-02
  -3.2296930e-02
  -3.3601753e-02
  -3.2353315e-02
  -3.0069840e-02
  -2.6235453e-02
  -3.1806228e-02
   0.0000000e+00
   0.0000000e+00
  -4.0305982e-02
  -3.5717507e-02
  -2.9203107e-02
  -2.4916686e-02
  -2.1743242e-02
  -1.8258490e-02
  -1.5410430e-02
  -1.4195184e-02
  -1.3810756e-02
  -1.4063521e-02
  -1.4453279e-02
  -1.4837201e-02
  -1.5116421e-02
  -1.5166235e-02
  -1.5085474e-02
  -1.9558306e-02
  -2.0169082e-02
  -2.0871892e-02
  -2.1789995e-02
  -2.2697314e-02
  -2.3722404e-02
  -2.5143104e-02
  -2.6544842e-02
  -2.8153663e-02
  -3.0356497e-02
  -3.2346835e-02
  -3.4477252e-02
  -3.7568798e-02
  -4.0600026e-02
  -4.3783414e-02
  -4.7270993e-02
  -4.9348980e-02
  -5.0350259e-02
  -4.9748843e-02
  -4.7389043e-02
  -4.2919388e-02
  -3.4067963e-02
  -2.4382213e-02
  -1.3697592e-02
  -2.2523764e-03
   3.2489453e-03
   5.9504485e-03
   1.0929246e-02
   0.0000000e+00
   0.0000000e+00
   0.0000000e+00
   0.0000000e+00
   0.0000000e+00
   0.0000000e+00
   0.0000000e+00
   0.0000000e+00
   0.0000000e+00
   0.0000000e+00
   0.0000000e+00
   0.0000000e+00
  -2.2478010e-02
  -9.6802508e-03
  -5.1772326e-03
  -5.4271837e-03
  -5.0722159e-03
  -6.5432635e-03
  -9.1599528e-03
  -1.3025888e-02
  -1.8515502e-02
  -2.2588758e-02
  -2.4982828e-02
  -2.4672904e-02
  -2.2571685e-02
  -1.7351469e-02
   0.0000000e+00
   0.0000000e+00
   0.0000000e+00
  -1.6209070e-02
  -1.6835938e-02
  -1.6340817e-02
  -1.4909436e-02
  -1.3878515e-02
  -1.2873124e-02
  -1.2567956e-02
  -1.2984846e-02
  -1.3740704e-02
  -1.4834956e-02
  -1.5722388e-02
  -1.6575827e-02
  -1.7514401e-02
  -1.8225488e-02
  -1.8876288e-02
  -2.7708457e-02
  -2.8784789e-02
  -2.9901690e-02
  -3.1229692e-02
  -3.2438814e-02
  -3.3753325e-02
  -3.5508209e-02
  -3.7221201e-02
  -3.9159357e-02
  -4.1789290e-02
  -4.4158080e-02
  -4.6659247e-02
  -4.9942374e-02
  -5.2687070e-02
  -5.5194662e-02
  -5.7449099e-02
  -5.8244237e-02
  -5.7772738e-02
  -5.5214008e-02
  -5.1215677e-02
  -4.5492354e-02
  -3.6190909e-02
  -2.7009309e-02
  -1.7247092e-02
  -6.2292951e-03
   5.6020989e-04
   5.5026596e-03
   1.3040003e-02
   0.0000000e+00
   0.0000000e+00
   0.0000000e+00
   0.0000000e+00
   0.0000000e+00
   0.0000000e+00
   0.0000000e+00
   0.0000000e+00
   0.0000000e+00
   0.0000000e+00
   0.0000000e+00
   0.0000000e+00
  -2.2478010e-02
  -4.2803180e-03
  -4.0823969e-04
   3.2111721e-04
   1.5090022e-03
   6.7052587e-04
  -1.3087374e-03
  -4.8488462e-03
  -1.0418197e-02
  -1.4941398e-02
  -1.8131567e-02
  -1.8838325e-02
  -1.6885033e-02
  -1.1243862e-02
   0.0000000e+00
   0.0000000e+00
   0.0000000e+00
  -6.4289091e-03
  -1.0376605e-02
  -1.1434962e-02
  -1.2964946e-02
  -1.4116813e-02
  -1.4997578e-02
  -1.6269238e-02
  -1.7540993e-02
  -1.8894398e-02
  -2.0510383e-02
  -2.1773885e-02
  -2.2996873e-02
  -2.4371542e-02
  -2.5445469e-02
  -2.6489117e-02
  -3.2565397e-02
  -3.3890278e-02
  -3.5223810e-02
  -3.6758063e-02
  -3.8113544e-02
  -3.9567676e-02
  -4.1480358e-02
  -4.3342429e-02
  -4.5437569e-02
  -4.8273774e-02
  -5.0832306e-02
  -5.3524796e-02
  -5.6898196e-02
  -5.9467182e-02
  -6.1581441e-02
  -6.3120875e-02
  -6.3167082e-02
  -6.1838670e-02
  -5.8164418e-02
  -5.3258973e-02
  -4.6884211e-02
  -3.7472585e-02
  -2.8735292e-02
  -1.9648821e-02
  -8.9681428e-03
  -1.3741965e-03
   5.0029815e-03
   1.4266150e-02
   0.0000000e+00
   0.0000000e+00
   0.0000000e+00
   0.0000000e+00
   0.0000000e+00
   0.0000000e+00
   0.0000000e+00
   0.0000000e+00
   0.0000000e+00
   0.0000000e+00
   0.0000000e+00
   0.0000000e+00
   0.0000000e+00
  -4.2901677e-05
   2.6937860e-03
   4.0127447e-03
   5.7600239e-03
   5.3676074e-03
   3.8317658e-03
   5.2750721e-04
  -5.0711924e-03
  -9.8688796e-03
  -1.3573658e-02
  -1.5023825e-02
  -1.3300655e-02
  -7.4930881e-03
   0.0000000e+00
   0.0000000e+00
   1.3423888e-03
  -4.6188277e-03
  -6.3953886e-03
  -8.5272873e-03
  -1.1951031e-02
  -1.4474178e-02
  -1.6505397e-02
  -1.8703730e-02
  -2.0459563e-02
  -2.2143003e-02
  -2.4040049e-02
  -2.5505632e-02
  -2.6929009e-02
  -2.8537481e-02
  -2.9804570e-02
  -3.1058122e-02
  -3.5536837e-02
  -3.6649355e-02
  -3.7735278e-02
  -3.8916135e-02
  -3.9938669e-02
  -4.1063815e-02
  -4.2551424e-02
  -4.4045490e-02
  -4.5741262e-02
  -4.8095060e-02
  -5.0318231e-02
  -5.2754192e-02
  -5.5881389e-02
  -5.8280367e-02
  -6.0272511e-02
  -6.1625082e-02
  -6.1409375e-02
  -5.9818604e-02
  -5.6103978e-02
  -5.1518162e-02
  -4.5951485e-02
  -3.8465363e-02
  -3.1814561e-02
  -2.4731495e-02
  -1.5296475e-02
  -6.7465731e-03
   1.7605590e-03
   1.4616170e-02
   0.0000000e+00
   0.0000000e+00
   0.0000000e+00
   0.0000000e+00
   0.0000000e+00
   0.0000000e+00
   0.0000000e+00
   0.0000000e+00
   0.0000000e+00
   0.0000000e+00
   0.0000000e+00
   0.0000000e+00
   0.0000000e+00
   1.8779253e-03
   7.8714096e-03
   9.6267655e-03
   1.2511321e-02
   1.3263259e-02
   1.2800391e-02
   1.0166147e-02
   4.7786596e-03
  -2.6703308e-04
  -4.7935663e-03
  -8.4333226e-03
  -8.6416122e-03
  -3.7976615e-03
   0.0000000e+00
   0.0000000e+00
   1.3423888e-03
   9.4111882e-04
  -2.2961396e-03
  -6.9487386e-03
  -1.3158022e-02
  -1.7409177e-02
  -2.0477623e-02
  -2.3078797e-02
  -2.4810853e-02
  -2.6367462e-02
  -2.8059870e-02
  -2.9371193e-02
  -3.0666953e-02
  -3.2089502e-02
  -3.3183836e-02
  -3.4260472e-02
  -3.5244457e-02
  -3.6372165e-02
  -3.7486005e-02
  -3.8690067e-02
  -3.9723164e-02
  -4.0888682e-02
  -4.2440647e-02
  -4.3981216e-02
  -4.5739686e-02
  -4.8188920e-02
  -5.0486059e-02
  -5.2964644e-02
  -5.6086176e-02
  -5.8477814e-02
  -6.0479630e-02
  -6.1851273e-02
  -6.1690217e-02
  -6.0249684e-02
  -5.6850600e-02
  -5.2597098e-02
  -4.7328216e-02
  -4.0155438e-02
  -3.3791023e-02
  -2.7146642e-02
  -1.8535441e-02
  -1.0486889e-02
  -1.7837131e-03
   1.0695952e-02
   0.0000000e+00
   0.0000000e+00
   0.0000000e+00
   0.0000000e+00
   0.0000000e+00
   0.0000000e+00
   0.0000000e+00
   0.0000000e+00
   0.0000000e+00
   0.0000000e+00
   0.0000000e+00
   0.0000000e+00
   0.0000000e+00
   1.8779253e-03
   7.8714096e-03
   1.0718962e-02
   1.4023762e-02
   1.6184872e-02
   1.6334994e-02
   1.4332554e-02
   9.2021924e-03
   4.4348432e-03
  -2.3174040e-04
  -4.9579607e-03
  -6.7367657e-03
  -4.1085109e-03
   0.0000000e+00
  -3.1345918e-03
   1.2543801e-03
   1.8071629e-03
  -1.4324776e-03
  -6.3275957e-03
  -1.2848621e-02
  -1.7233281e-02
  -2.0298680e-02
  -2.2794544e-02
  -2.4445637e-02
  -2.5956769e-02
  -2.7638746e-02
  -2.8954161e-02
  -3.0265125e-02
  -3.1722041e-02
  -3.2842590e-02
  -3.3942194e-02
  -3.4952076e-02
  -3.6094975e-02
  -3.7236732e-02
  -3.8464000e-02
  -3.9507659e-02
  -4.0713549e-02
  -4.2329870e-02
  -4.3916942e-02
  -4.5738111e-02
  -4.8282779e-02
  -5.0653888e-02
  -5.3175097e-02
  -5.6290962e-02
  -5.8675261e-02
  -6.0686749e-02
  -6.2077464e-02
  -6.1971058e-02
  -6.0680764e-02
  -5.7597222e-02
  -5.3676033e-02
  -4.8704948e-02
  -4.1845512e-02
  -3.5767485e-02
  -2.9561788e-02
  -2.1774408e-02
  -1.4227204e-02
  -5.3279851e-03
   6.7757353e-03
   0.0000000e+00
   0.0000000e+00
   0.0000000e+00
   0.0000000e+00
   0.0000000e+00
   0.0000000e+00
   0.0000000e+00
   0.0000000e+00
   0.0000000e+00
   0.0000000e+00
   0.0000000e+00
   0.0000000e+00
   0.0000000e+00
   0.0000000e+00
   0.0000000e+00
   1.2903354e-02
   1.5536202e-02
   1.9106484e-02
   1.9869597e-02
   1.8498961e-02
   1.3625725e-02
   9.1367195e-03
   4.3300855e-03
  -1.4825988e-03
  -4.8319191e-03
  -4.4193604e-03
   0.0000000e+00
  -3.1345918e-03
   1.1883735e-03
   2.6732070e-03
  -5.6881559e-04
  -5.7064528e-03
  -1.2539220e-02
  -1.7057384e-02
  -2.0119738e-02
  -2.2510291e-02
  -2.4080420e-02
  -2.5546077e-02
  -2.7217622e-02
  -2.8537130e-02
  -2.9863297e-02
  -3.1354580e-02
  -3.2501343e-02
  -3.3623916e-02
  -3.1489194e-02
  -3.2832840e-02
  -3.4137783e-02
  -3.5544660e-02
  -3.6734648e-02
  -3.8121672e-02
  -4.0003018e-02
  -4.1854659e-02
  -4.4050066e-02
  -4.7230171e-02
  -5.0255165e-02
  -5.3464941e-02
  -5.7286788e-02
  -6.0088442e-02
  -6.2357140e-02
  -6.4136751e-02
  -6.4668742e-02
  -6.4412405e-02
  -6.3307614e-02
  -6.1678376e-02
  -5.9198874e-02
  -5.4707109e-02
  -4.9401478e-02
  -4.2819521e-02
  -3.3378694e-02
  -2.4502831e-02
  -1.5344930e-02
  -3.9897656e-03
   0.0000000e+00
   0.0000000e+00
   0.0000000e+00
   0.0000000e+00
   0.0000000e+00
   0.0000000e+00
   0.0000000e+00
   0.0000000e+00
   0.0000000e+00
   0.0000000e+00
   0.0000000e+00
   0.0000000e+00
   0.0000000e+00
   0.0000000e+00
   0.0000000e+00
   1.5980076e-02
   1.8357477e-02
   2.2271532e-02
   2.3623569e-02
   2.4285847e-02
   2.0570286e-02
   1.7469931e-02
   1.4104453e-02
  -0.0000000e+00
  -0.0000000e+00
  -0.0000000e+00
  -8.2568063e-03
  -6.5322938e-03
  -2.2956460e-03
  -5.0329799e-04
  -2.1592491e-03
  -6.0638513e-03
  -1.1471562e-02
  -1.4945032e-02
  -1.7199163e-02
  -1.8893829e-02
  -2.0081008e-02
  -2.1307994e-02
  -2.2854212e-02
  -2.4162617e-02
  -2.5541159e-02
  -2.7187853e-02
  -2.8520844e-02
  -2.9880920e-02
  -2.7346751e-02
  -2.8591857e-02
  -2.9796309e-02
  -3.1094651e-02
  -3.2175729e-02
  -3.3422788e-02
  -3.5121860e-02
  -3.6796258e-02
  -3.8805169e-02
  -4.1776994e-02
  -4.4686705e-02
  -4.7861646e-02
  -5.1828323e-02
  -5.5020667e-02
  -5.7957252e-02
  -6.0883333e-02
  -6.2592524e-02
  -6.3637831e-02
  -6.4325911e-02
  -6.4383727e-02
  -6.3598422e-02
  -6.0850063e-02
  -5.6587589e-02
  -5.0657370e-02
  -4.1467905e-02
  -3.2380682e-02
  -2.2319146e-02
  -9.6388149e-03
   6.0662990e-04
   7.5960466e-03
   0.0000000e+00
   0.0000000e+00
   0.0000000e+00
   0.0000000e+00
   0.0000000e+00
   0.0000000e+00
   0.0000000e+00
   0.0000000e+00
   0.0000000e+00
   0.0000000e+00
   0.0000000e+00
   0.0000000e+00
   0.0000000e+00
   1.7945187e-02
   2.0407107e-02
   2.2510852e-02
   2.3692435e-02
   2.8021007e-02
   2.5961718e-02
   1.9852906e-02
   1.7636895e-02
   0.0000000e+00
   0.0000000e+00
   0.0000000e+00
  -8.2568063e-03
  -8.6778886e-03
  -6.7968391e-03
  -4.8963631e-03
  -5.8133423e-03
  -8.9472253e-03
  -1.3281649e-02
  -1.5870759e-02
  -1.7344224e-02
  -1.8228698e-02
  -1.8813947e-02
  -1.9474059e-02
  -2.0400298e-02
  -2.1272426e-02
  -2.2268543e-02
  -2.3558549e-02
  -2.4680315e-02
  -2.5879430e-02
  -2.0519089e-02
  -2.1564115e-02
  -2.2570051e-02
  -2.3653539e-02
  -2.4523527e-02
  -2.5500230e-02
  -2.6843345e-02
  -2.8170700e-02
  -2.9801693e-02
  -3.2322529e-02
  -3.4942416e-02
  -3.7964463e-02
  -4.2092038e-02
  -4.5916249e-02
  -4.9993718e-02
  -5.4885199e-02
  -5.8580666e-02
  -6.1778573e-02
  -6.5357843e-02
  -6.8079006e-02
  -6.9943057e-02
  -6.9947117e-02
  -6.7417250e-02
  -6.2683774e-02
  -5.4156536e-02
  -4.4874199e-02
  -3.3257191e-02
  -1.6019003e-02
   6.0662990e-04
   7.5960466e-03
   0.0000000e+00
   0.0000000e+00
   0.0000000e+00
   0.0000000e+00
   0.0000000e+00
   0.0000000e+00
   0.0000000e+00
   0.0000000e+00
   0.0000000e+00
   0.0000000e+00
   0.0000000e+00
   0.0000000e+00
   0.0000000e+00
   2.0993353e-02
   2.3637959e-02
   0.0000000e+00
   2.2935937e-02
   3.3822904e-02
   3.4523701e-02
   2.2936966e-02
   1.8650591e-02
   0.0000000e+00
   0.0000000e+00
   0.0000000e+00
   0.0000000e+00
  -1.5775931e-02
  -1.4252885e-02
  -1.2203076e-02
  -1.2030889e-02
  -1.3972782e-02
  -1.6608414e-02
  -1.7780535e-02
  -1.7987993e-02
  -1.7539569e-02
  -1.7116706e-02
  -1.6811193e-02
  -1.6663293e-02
  -1.6769300e-02
  -1.7085595e-02
  -1.7727359e-02
  -1.8452713e-02
  -1.9337033e-02
  -1.7463597e-02
  -1.7847153e-02
  -1.8360334e-02
  -1.9003002e-02
  -1.9523360e-02
  -2.0070627e-02
  -2.0859180e-02
  -2.1741594e-02
  -2.2964226e-02
  -2.5071223e-02
  -2.7437202e-02
  -3.0372821e-02
  -3.4797027e-02
  -3.9315842e-02
  -4.4466174e-02
  -5.1213522e-02
  -5.6950186e-02
  -6.2512200e-02
  -6.8916408e-02
  -7.3670865e-02
  -7.7272952e-02
  -7.9292778e-02
  -7.8736549e-02
  -7.6051687e-02
  -6.9874711e-02
  -6.2015057e-02
  -5.0138303e-02
  -2.9441106e-02
  -9.2366666e-03
  -8.2899645e-04
   0.0000000e+00
   0.0000000e+00
   0.0000000e+00
   0.0000000e+00
   0.0000000e+00
   0.0000000e+00
   0.0000000e+00
   0.0000000e+00
   0.0000000e+00
   0.0000000e+00
   0.0000000e+00
   0.0000000e+00
   5.6754898e-03
   2.1275656e-02
   2.6833179e-02
   0.0000000e+00
   1.8134112e-02
   1.8884942e-02
   1.8249599e-02
   1.8769229e-02
   0.0000000e+00
   0.0000000e+00
   0.0000000e+00
   0.0000000e+00
   0.0000000e+00
  -2.8108154e-02
  -2.8304269e-02
  -2.6550245e-02
  -2.5793456e-02
  -2.6892365e-02
  -2.8202981e-02
  -2.8287985e-02
  -2.7516048e-02
  -2.5948263e-02
  -2.4499955e-02
  -2.3020093e-02
  -2.1267081e-02
  -1.9923780e-02
  -1.8788161e-02
  -1.7835366e-02
  -1.7420714e-02
  -1.7289018e-02
  -1.9010444e-02
  -1.9004843e-02
  -1.9213043e-02
  -1.9578213e-02
  -1.9872012e-02
  -2.0143443e-02
  -2.0556887e-02
  -2.1145074e-02
  -2.2117148e-02
  -2.4002570e-02
  -2.6247974e-02
  -2.9131120e-02
  -3.3628236e-02
  -3.8335441e-02
  -4.3756465e-02
  -5.0951651e-02
  -5.7183470e-02
  -6.3331505e-02
  -7.0398975e-02
  -7.5607530e-02
  -7.9645418e-02
  -8.2363227e-02
  -8.2697707e-02
  -8.1154515e-02
  -7.6599015e-02
  -7.0086342e-02
  -5.8997581e-02
  -3.7579893e-02
  -1.5634396e-02
  -6.4250116e-03
   0.0000000e+00
   0.0000000e+00
   0.0000000e+00
   0.0000000e+00
   0.0000000e+00
   0.0000000e+00
   0.0000000e+00
   0.0000000e+00
   0.0000000e+00
   0.0000000e+00
   0.0000000e+00
  -1.8382011e-02
   5.1014788e-03
   2.1535769e-02
   2.7793992e-02
   1.2047591e-02
   1.5724611e-02
   1.5175091e-02
   1.4207918e-02
   1.6699110e-02
   0.0000000e+00
   0.0000000e+00
   0.0000000e+00
   0.0000000e+00
   0.0000000e+00
  -3.7058755e-02
  -3.6688672e-02
  -3.4789679e-02
  -3.3947860e-02
  -3.4748929e-02
  -3.5612582e-02
  -3.5384384e-02
  -3.4393996e-02
  -3.2584161e-02
  -3.0845750e-02
  -2.8975261e-02
  -2.6598198e-02
  -2.4617019e-02
  -2.2807757e-02
  -2.1075164e-02
  -2.0072331e-02
  -1.9397349e-02
  -2.5976976e-02
  -2.5291906e-02
  -2.4948371e-02
  -2.4805876e-02
  -2.4677486e-02
  -2.4437734e-02
  -2.4133932e-02
  -2.4166996e-02
  -2.4688449e-02
  -2.6214921e-02
  -2.8286547e-02
  -3.1076000e-02
  -3.5570820e-02
  -4.0326020e-02
  -4.5759877e-02
  -5.2915578e-02
  -5.9111813e-02
  -6.5256506e-02
  -7.2208215e-02
  -7.7263064e-02
  -8.1313517e-02
  -8.4627661e-02
  -8.6172405e-02
  -8.6541485e-02
  -8.5121622e-02
  -8.1611251e-02
  -7.3098292e-02
  -5.2099245e-02
  -2.7578675e-02
  -1.7011172e-02
   0.0000000e+00
   0.0000000e+00
   0.0000000e+00
   0.0000000e+00
   0.0000000e+00
   0.0000000e+00
   0.0000000e+00
   0.0000000e+00
   0.0000000e+00
   0.0000000e+00
   0.0000000e+00
  -1.8382011e-02
   3.3671248e-03
   2.2215775e-02
   2.9815702e-02
   1.2047591e-02
   1.2047591e-02
   0.0000000e+00
   0.0000000e+00
   0.0000000e+00
   0.0000000e+00
   0.0000000e+00
   0.0000000e+00
   0.0000000e+00
   0.0000000e+00
  -5.4848797e-02
  -5.1477943e-02
  -4.8918976e-02
  -4.8258922e-02
  -4.8792633e-02
  -4.9300072e-02
  -4.8941301e-02
  -4.8025791e-02
  -4.6324562e-02
  -4.4479088e-02
  -4.2309544e-02
  -3.9251377e-02
  -3.6430410e-02
  -3.3675250e-02
  -3.0783053e-02
  -2.8858492e-02
  -2.7304391e-02
  -3.8249447e-02
  -3.7251640e-02
  -3.6596183e-02
  -3.6114342e-02
  -3.5655512e-02
  -3.4965109e-02
  -3.3909678e-02
  -3.3161708e-02
  -3.2808024e-02
  -3.3187311e-02
  -3.4320640e-02
  -3.6193786e-02
  -3.9533066e-02
  -4.3281911e-02
  -4.7686654e-02
  -5.3536298e-02
  -5.8590618e-02
  -6.3596273e-02
  -6.9252014e-02
  -7.3460073e-02
  -7.7088057e-02
  -8.0579481e-02
  -8.2804778e-02
  -8.4414497e-02
  -8.5396177e-02
  -8.4828406e-02
  -8.0431837e-02
  -6.4007135e-02
  -3.9006187e-02
  -2.7298476e-02
   0.0000000e+00
   0.0000000e+00
   0.0000000e+00
   0.0000000e+00
   0.0000000e+00
   0.0000000e+00
   0.0000000e+00
   0.0000000e+00
   0.0000000e+00
   0.0000000e+00
   0.0000000e+00
  -2.2776506e-02
  -1.8674215e-03
   1.4361499e-02
   0.0000000e+00
   0.0000000e+00
   0.0000000e+00
   0.0000000e+00
   0.0000000e+00
   0.0000000e+00
   0.0000000e+00
   0.0000000e+00
  -6.3091416e-02
  -6.4147206e-02
  -6.6568574e-02
  -6.6902059e-02
  -6.1364362e-02
  -5.9197621e-02
  -5.8947557e-02
  -5.9435959e-02
  -5.9795565e-02
  -5.9609507e-02
  -5.9201882e-02
  -5.8256001e-02
  -5.6949628e-02
  -5.5191028e-02
  -5.2404509e-02
  -4.9617835e-02
  -4.6782923e-02
  -4.3724247e-02
  -4.1604371e-02
  -3.9864947e-02
  -4.6518781e-02
  -4.5448363e-02
  -4.4705426e-02
  -4.4126790e-02
  -4.3552400e-02
  -4.2694795e-02
  -4.1290799e-02
  -4.0087951e-02
  -3.9153950e-02
  -3.8713641e-02
  -3.9101439e-02
  -4.0207450e-02
  -4.2567532e-02
  -4.5438145e-02
  -4.8943879e-02
  -5.3688334e-02
  -5.7820196e-02
  -6.1942748e-02
  -6.6638724e-02
  -7.0227347e-02
  -7.3492610e-02
  -7.6950085e-02
  -7.9467777e-02
  -8.1694304e-02
  -8.3949941e-02
  -8.5050116e-02
  -8.3243163e-02
  -7.0567275e-02
  -4.6151583e-02
  -3.3830281e-02
   0.0000000e+00
   0.0000000e+00
   0.0000000e+00
   0.0000000e+00
   0.0000000e+00
   0.0000000e+00
   0.0000000e+00
   0.0000000e+00
   0.0000000e+00
   0.0000000e+00
   0.0000000e+00
  -2.5723031e-02
  -4.9201079e-03
   7.3202591e-03
   0.0000000e+00
   0.0000000e+00
   0.0000000e+00
   0.0000000e+00
   0.0000000e+00
   0.0000000e+00
  -7.0089947e-02
  -7.2341807e-02
  -6.4700613e-02
  -6.3628478e-02
  -6.5899157e-02
  -6.8803847e-02
  -6.6101362e-02
  -6.4645969e-02
  -6.4668980e-02
  -6.5158100e-02
  -6.5473727e-02
  -6.5430550e-02
  -6.5386658e-02
  -6.5021605e-02
  -6.4175999e-02
  -6.2798522e-02
  -6.0332500e-02
  -5.7698442e-02
  -5.4945509e-02
  -5.1948955e-02
  -4.9853388e-02
  -4.8144465e-02
  -6.0905672e-02
  -6.0087262e-02
  -5.9528218e-02
  -5.9142376e-02
  -5.8660290e-02
  -5.7885569e-02
  -5.6307639e-02
  -5.4508961e-02
  -5.2590972e-02
  -5.0597067e-02
  -4.9377448e-02
  -4.8738706e-02
  -4.8845748e-02
  -4.9640195e-02
  -5.1018714e-02
  -5.3223627e-02
  -5.5331444e-02
  -5.7600913e-02
  -6.0390081e-02
  -6.2767181e-02
  -6.5187571e-02
  -6.8165779e-02
  -7.0736998e-02
  -7.3436339e-02
  -7.6965466e-02
  -8.0105172e-02
  -8.2299435e-02
  -7.7971571e-02
  -5.7063899e-02
  -4.4098823e-02
   0.0000000e+00
   0.0000000e+00
   0.0000000e+00
   0.0000000e+00
   0.0000000e+00
   0.0000000e+00
   0.0000000e+00
   0.0000000e+00
   0.0000000e+00
   0.0000000e+00
   0.0000000e+00
  -3.0809546e-02
  -8.9316136e-03
   4.7760865e-03
   0.0000000e+00
   0.0000000e+00
   0.0000000e+00
   0.0000000e+00
   0.0000000e+00
   0.0000000e+00
  -7.0089947e-02
  -7.2341807e-02
  -6.8304427e-02
  -6.1305086e-02
  -6.2900822e-02
  -6.6198485e-02
  -6.9070859e-02
  -7.0077670e-02
  -7.0567055e-02
  -7.1143022e-02
  -7.1534524e-02
  -7.1812534e-02
  -7.2460398e-02
  -7.3302717e-02
  -7.3525859e-02
  -7.3096953e-02
  -7.1565054e-02
  -6.9551272e-02
  -6.7312721e-02
  -6.4901692e-02
  -6.3275497e-02
  -6.2045249e-02
  -6.8880782e-02
  -6.8401654e-02
  -6.8182277e-02
  -6.8201017e-02
  -6.8185041e-02
  -6.7937170e-02
  -6.6856687e-02
  -6.5268932e-02
  -6.3283855e-02
  -6.0729884e-02
  -5.8703411e-02
  -5.6979088e-02
  -5.5404705e-02
  -5.4493391e-02
  -5.3997076e-02
  -5.3955359e-02
  -5.4310443e-02
  -5.4984203e-02
  -5.6101275e-02
  -5.7270292e-02
  -5.8635313e-02
  -6.0552671e-02
  -6.2388868e-02
  -6.4549514e-02
  -6.7806560e-02
  -7.1206398e-02
  -7.4865026e-02
  -7.6150118e-02
  -6.1837058e-02
  -5.0982059e-02
   0.0000000e+00
   0.0000000e+00
   0.0000000e+00
   0.0000000e+00
   0.0000000e+00
   0.0000000e+00
   0.0000000e+00
   0.0000000e+00
   0.0000000e+00
   0.0000000e+00
   0.0000000e+00
  -3.4514726e-02
  -1.5741874e-02
   4.7760865e-03
   0.0000000e+00
   0.0000000e+00
   0.0000000e+00
   0.0000000e+00
   0.0000000e+00
  -6.0716364e-02
  -6.4968028e-02
  -6.0810334e-02
  -5.8753791e-02
  -5.7081536e-02
  -6.0434279e-02
  -6.3818060e-02
  -6.6641911e-02
  -6.8423998e-02
  -6.9488413e-02
  -7.0478611e-02
  -7.1446958e-02
  -7.2250063e-02
  -7.3497631e-02
  -7.5351636e-02
  -7.6552711e-02
  -7.7033323e-02
  -7.6475435e-02
  -7.5222248e-02
  -7.3622647e-02
  -7.1783834e-02
  -7.0537926e-02
  -6.9666275e-02
  -7.3417855e-02
  -7.3138730e-02
  -7.3115554e-02
  -7.3380452e-02
  -7.3661870e-02
  -7.3739815e-02
  -7.3012881e-02
  -7.1650452e-02
  -6.9765581e-02
  -6.7083861e-02
  -6.4725430e-02
  -6.2445202e-02
  -5.9882303e-02
  -5.7902793e-02
  -5.6189307e-02
  -5.4634895e-02
  -5.3774243e-02
  -5.3306639e-02
  -5.3193182e-02
  -5.3433306e-02
  -5.3951012e-02
  -5.4969014e-02
  -5.6148198e-02
  -5.7760688e-02
  -6.0552692e-02
  -6.3853677e-02
  -6.8148157e-02
  -7.2833405e-02
  -6.3670330e-02
  -5.4861254e-02
   0.0000000e+00
   0.0000000e+00
   0.0000000e+00
   0.0000000e+00
   0.0000000e+00
   0.0000000e+00
   0.0000000e+00
   0.0000000e+00
   0.0000000e+00
  -4.9776952e-02
  -4.5112061e-02
  -3.7028278e-02
  -2.2644713e-02
   0.0000000e+00
   0.0000000e+00
   0.0000000e+00
   0.0000000e+00
   0.0000000e+00
  -3.4383472e-02
  -5.2616605e-02
  -5.8006250e-02
  -5.1953982e-02
  -5.1312659e-02
  -5.2495431e-02
  -5.6796290e-02
  -6.0323607e-02
  -6.3243741e-02
  -6.5621843e-02
  -6.7188823e-02
  -6.8614097e-02
  -7.0158107e-02
  -7.1451783e-02
  -7.3180589e-02
  -7.5715696e-02
  -7.7569785e-02
  -7.8699463e-02
  -7.8865989e-02
  -7.8182237e-02
  -7.7073158e-02
  -7.5638547e-02
  -7.4639515e-02
  -7.3983128e-02
  -7.6412476e-02
  -7.6291065e-02
  -7.6408288e-02
  -7.6894497e-02
  -7.7490774e-02
  -7.7879767e-02
  -7.7645792e-02
  -7.6819669e-02
  -7.5510112e-02
  -7.3446437e-02
  -7.1336461e-02
  -6.8916307e-02
  -6.5583397e-02
  -6.2539037e-02
  -5.9468119e-02
  -5.6052094e-02
  -5.3584637e-02
  -5.1504269e-02
  -4.9551003e-02
  -4.8288970e-02
  -4.7338857e-02
  -4.6674670e-02
  -4.6541279e-02
  -4.6902615e-02
  -4.8246033e-02
  -5.0573465e-02
  -5.4561869e-02
  -6.2252748e-02
  -6.1634116e-02
  -5.7286582e-02
   0.0000000e+00
   0.0000000e+00
   0.0000000e+00
   0.0000000e+00
   0.0000000e+00
   0.0000000e+00
   0.0000000e+00
   0.0000000e+00
   0.0000000e+00
  -4.9776952e-02
  -4.5112061e-02
  -3.9392083e-02
  -3.3592456e-02
   0.0000000e+00
   0.0000000e+00
   0.0000000e+00
   0.0000000e+00
   0.0000000e+00
  -3.4383472e-02
  -3.5041159e-02
  -3.5835587e-02
  -3.7659688e-02
  -3.9013370e-02
  -4.1434493e-02
  -4.6171811e-02
  -5.0141760e-02
  -5.3581316e-02
  -5.6923002e-02
  -5.9467220e-02
  -6.1913459e-02
  -6.4748133e-02
  -6.7071531e-02
  -6.9633361e-02
  -7.3006408e-02
  -7.5647207e-02
  -7.7689674e-02
  -7.8960979e-02
  -7.9156195e-02
  -7.8838279e-02
  -7.7959924e-02
  -7.7236176e-02
  -7.6763294e-02
  -7.2398099e-02
  -7.2365651e-02
  -7.2531404e-02
  -7.3012860e-02
  -7.3489211e-02
  -7.3754254e-02
  -7.3652146e-02
  -7.3218660e-02
  -7.2502055e-02
  -7.1247468e-02
  -6.9736796e-02
  -6.7679829e-02
  -6.4564935e-02
  -6.1638071e-02
  -5.8517908e-02
  -5.4660344e-02
  -5.1528756e-02
  -4.8607564e-02
  -4.5443774e-02
  -4.3063995e-02
  -4.0989656e-02
  -3.9047474e-02
  -3.7847427e-02
  -3.7096790e-02
  -3.7082858e-02
  -3.8253704e-02
  -4.1011301e-02
  -4.7833781e-02
  -5.2976659e-02
  -5.3468522e-02
   0.0000000e+00
   0.0000000e+00
   0.0000000e+00
   0.0000000e+00
   0.0000000e+00
   0.0000000e+00
   0.0000000e+00
   0.0000000e+00
  -5.0354746e-02
  -4.7666246e-02
  -3.8928889e-02
  -3.5246072e-02
  -3.7613859e-02
   0.0000000e+00
   0.0000000e+00
   0.0000000e+00
   0.0000000e+00
   0.0000000e+00
  -1.9485780e-02
  -1.9782708e-02
  -2.0641912e-02
  -2.2118860e-02
  -2.4163137e-02
  -2.7164726e-02
  -3.2068954e-02
  -3.6268485e-02
  -4.0087859e-02
  -4.4192074e-02
  -4.7650156e-02
  -5.1212957e-02
  -5.5419244e-02
  -5.8787531e-02
  -6.2121812e-02
  -6.5917610e-02
  -6.8868320e-02
  -7.1363019e-02
  -7.3263221e-02
  -7.3966317e-02
  -7.4148238e-02
  -7.3700896e-02
  -7.3150655e-02
  -7.2717374e-02
  -6.6826471e-02
  -6.6821150e-02
  -6.6999396e-02
  -6.7440616e-02
  -6.7800329e-02
  -6.7983343e-02
  -6.7957851e-02
  -6.7747463e-02
  -6.7407650e-02
  -6.6691916e-02
  -6.5587047e-02
  -6.3862770e-02
  -6.1085660e-02
  -5.8402046e-02
  -5.5470355e-02
  -5.1611760e-02
  -4.8248762e-02
  -4.4946929e-02
  -4.1106160e-02
  -3.8027151e-02
  -3.5233027e-02
  -3.2449060e-02
  -3.0529125e-02
  -2.9020555e-02
  -2.8095660e-02
  -2.8501801e-02
  -3.0425165e-02
  -3.6174992e-02
  -4.3448279e-02
  -4.2717684e-02
   0.0000000e+00
   0.0000000e+00
   0.0000000e+00
   0.0000000e+00
   0.0000000e+00
   0.0000000e+00
   0.0000000e+00
   0.0000000e+00
  -4.4689447e-02
  -4.1979967e-02
  -3.2108285e-02
  -3.2272710e-02
  -3.9151515e-02
   0.0000000e+00
   0.0000000e+00
   0.0000000e+00
   0.0000000e+00
   0.0000000e+00
  -7.1385921e-03
  -7.0814792e-03
  -7.9287242e-03
  -9.4492013e-03
  -1.1824557e-02
  -1.5054865e-02
  -1.9932905e-02
  -2.4184634e-02
  -2.8183477e-02
  -3.2806297e-02
  -3.6924839e-02
  -4.1293055e-02
  -4.6517138e-02
  -5.0659773e-02
  -5.4549242e-02
  -5.8640653e-02
  -6.1727504e-02
  -6.4422050e-02
  -6.6651952e-02
  -6.7641833e-02
  -6.8105379e-02
  -6.7931578e-02
  -6.7509459e-02
  -6.7122914e-02
  -5.6736221e-02
  -5.6713680e-02
  -5.6876767e-02
  -5.7221956e-02
  -5.7404741e-02
  -5.7501176e-02
  -5.7541163e-02
  -5.7513164e-02
  -5.7548465e-02
  -5.7406361e-02
  -5.6743054e-02
  -5.5503253e-02
  -5.3362113e-02
  -5.1174237e-02
  -4.8760727e-02
  -4.5321573e-02
  -4.2014899e-02
  -3.8565245e-02
  -3.4189264e-02
  -3.0430752e-02
  -2.6911934e-02
  -2.3245290e-02
  -2.0545380e-02
  -1.8205050e-02
  -1.6300401e-02
  -1.5900492e-02
  -1.6914955e-02
  -2.0813524e-02
  -2.7905320e-02
  -3.6911654e-02
   0.0000000e+00
   0.0000000e+00
   0.0000000e+00
   0.0000000e+00
   0.0000000e+00
   0.0000000e+00
   0.0000000e+00
   0.0000000e+00
  -3.0528161e-02
  -2.8270585e-02
  -2.0968936e-02
  -1.8394027e-02
   0.0000000e+00
   0.0000000e+00
   0.0000000e+00
   0.0000000e+00
   0.0000000e+00
   0.0000000e+00
   9.4860767e-03
   1.0083360e-02
   9.3279209e-03
   7.3668285e-03
   4.8239551e-03
   1.5767285e-03
  -3.0763213e-03
  -7.2390912e-03
  -1.1323524e-02
  -1.6513858e-02
  -2.1409860e-02
  -2.6724141e-02
  -3.3181390e-02
  -3.8260935e-02
  -4.2799883e-02
  -4.7226163e-02
  -5.0357109e-02
  -5.3118968e-02
  -5.5571916e-02
  -5.6793232e-02
  -5.7483006e-02
  -5.7581007e-02
  -5.7313312e-02
  -5.7005741e-02
  -3.8130386e-02
  -3.8127604e-02
  -3.8337040e-02
  -3.8657135e-02
  -3.8805232e-02
  -3.8909734e-02
  -3.8931989e-02
  -3.8932102e-02
  -3.9085702e-02
  -3.9324519e-02
  -3.9002390e-02
  -3.8192057e-02
  -3.6808412e-02
  -3.5377957e-02
  -3.3693926e-02
  -3.1114410e-02
  -2.8429347e-02
  -2.5250903e-02
  -2.0824990e-02
  -1.6904532e-02
  -1.3052916e-02
  -8.8029112e-03
  -5.5998388e-03
  -2.7720392e-03
  -2.6904580e-04
   6.9435218e-04
   3.3258334e-04
  -2.2677524e-03
  -6.9653507e-03
  -1.3848434e-02
  -1.6817688e-02
  -1.7730245e-02
   0.0000000e+00
   0.0000000e+00
  -1.4892035e-02
  -1.8426851e-02
   0.0000000e+00
   0.0000000e+00
  -1.7715088e-02
  -1.3835361e-02
  -7.8652163e-03
  -5.7639164e-03
   0.0000000e+00
   0.0000000e+00
   0.0000000e+00
   0.0000000e+00
   0.0000000e+00
   0.0000000e+00
   2.2175785e-02
   2.4581118e-02
   2.5954590e-02
   2.5965058e-02
   2.5489799e-02
   2.3846966e-02
   2.0619178e-02
   1.7183563e-02
   1.3326124e-02
   7.4021861e-03
   1.4239417e-03
  -5.0111251e-03
  -1.2753951e-02
  -1.8766026e-02
  -2.3948012e-02
  -2.8712420e-02
  -3.1805587e-02
  -3.4364890e-02
  -3.6653254e-02
  -3.7899265e-02
  -3.8605276e-02
  -3.8751767e-02
  -3.8627818e-02
  -3.8395837e-02
  -2.2634782e-02
  -2.2673139e-02
  -2.2865978e-02
  -2.3154853e-02
  -2.3308156e-02
  -2.3388615e-02
  -2.3389899e-02
  -2.3405827e-02
  -2.3585693e-02
  -2.3958302e-02
  -2.3809609e-02
  -2.3241214e-02
  -2.2242429e-02
  -2.1237901e-02
  -2.0021048e-02
  -1.8025866e-02
  -1.5770119e-02
  -1.2884600e-02
  -8.6464699e-03
  -4.8299604e-03
  -1.0227588e-03
   3.3238186e-03
   6.6490378e-03
   9.5067332e-03
   1.2090610e-02
   1.3253926e-02
   1.3162033e-02
   1.1082954e-02
   7.3218629e-03
   1.8465786e-03
  -4.1869818e-03
  -1.7182714e-03
   6.2144565e-03
   5.0267210e-03
  -2.4353785e-03
  -9.8745872e-03
  -6.3239418e-03
   0.0000000e+00
  -9.9505000e-03
  -4.7847437e-03
   1.8534595e-03
   4.3583171e-03
   1.2824549e-02
   1.4554749e-02
   1.6284950e-02
   0.0000000e+00
   0.0000000e+00
   0.0000000e+00
   2.7622488e-02
   3.0556186e-02
   3.3028667e-02
   3.5176710e-02
   3.6808858e-02
   3.7004594e-02
   3.5758078e-02
   3.4234292e-02
   3.1372621e-02
   2.5137702e-02
   1.8364143e-02
   1.1352683e-02
   3.1245767e-03
  -3.2079437e-03
  -8.6640065e-03
  -1.3671502e-02
  -1.6788415e-02
  -1.9208521e-02
  -2.1258112e-02
  -2.2381094e-02
  -2.2970696e-02
  -2.3053978e-02
  -2.2989038e-02
  -2.2824589e-02
  -5.2400602e-03
  -5.3058789e-03
  -5.4570388e-03
  -5.7018766e-03
  -5.8673504e-03
  -5.9348845e-03
  -5.9252100e-03
  -5.9619184e-03
  -6.1446544e-03
  -6.5723135e-03
  -6.5656773e-03
  -6.2421100e-03
  -5.6177134e-03
  -5.0011037e-03
  -4.2098394e-03
  -2.7566287e-03
  -9.1461302e-04
   1.6379899e-03
   5.5818219e-03
   9.1910464e-03
   1.2822233e-02
   1.7099680e-02
   2.0420001e-02
   2.3183478e-02
   2.5671553e-02
   2.6888028e-02
   2.6949629e-02
   2.5224138e-02
   2.2138948e-02
   1.7878476e-02
   1.2079438e-02
   9.6977838e-03
   1.4620320e-02
   1.2858589e-02
   6.3326351e-03
   1.1801616e-03
  -3.9469459e-03
   0.0000000e+00
  -1.7527945e-03
   4.1946778e-03
   1.1743584e-02
   2.0452032e-02
   2.0625624e-02
   1.4554749e-02
   1.6284950e-02
   0.0000000e+00
   0.0000000e+00
   0.0000000e+00
   3.1206674e-02
   3.3854993e-02
   3.6646428e-02
   4.1434322e-02
   4.5392369e-02
   4.7779012e-02
   4.9000853e-02
   5.0298691e-02
   4.9330245e-02
   4.3014468e-02
   3.5504296e-02
   2.8156893e-02
   1.9812799e-02
   1.3484430e-02
   8.0268300e-03
   2.9439513e-03
  -1.4364517e-04
  -2.3825981e-03
  -4.1043000e-03
  -5.0149446e-03
  -5.4377418e-03
  -5.4339768e-03
  -5.4138700e-03
  -5.3339491e-03
   1.8922959e-02
   1.8915624e-02
   1.8864080e-02
   1.8706819e-02
   1.8530080e-02
   1.8396872e-02
   1.8366201e-02
   1.8281754e-02
   1.8135537e-02
   1.7843727e-02
   1.7762182e-02
   1.7747514e-02
   1.7858792e-02
   1.8109945e-02
   1.8575957e-02
   1.9610241e-02
   2.1068665e-02
   2.3203066e-02
   2.6613423e-02
   2.9790388e-02
   3.2966191e-02
   3.6793748e-02
   3.9811141e-02
   4.2275604e-02
   4.4266166e-02
   4.5119366e-02
   4.5047581e-02
   4.3398883e-02
   4.0715893e-02
   3.7016493e-02
   3.1569599e-02
   2.7978316e-02
   2.5885758e-02
   2.3354765e-02
   1.9947260e-02
   1.4595364e-02
   8.7955409e-03
   0.0000000e+00
   1.0198094e-02
   1.4661118e-02
   2.2510150e-02
   3.0827829e-02
   3.4565502e-02
   0.0000000e+00
   0.0000000e+00
   0.0000000e+00
   0.0000000e+00
   0.0000000e+00
   3.0758525e-02
   3.0403324e-02
   3.0612950e-02
   3.9575064e-02
   4.6258201e-02
   5.1739344e-02
   5.6643414e-02
   6.3364897e-02
   6.7378082e-02
   6.1744629e-02
   5.3735839e-02
   4.6835151e-02
   3.9504633e-02
   3.4215554e-02
   2.9735728e-02
   2.5297769e-02
   2.2523018e-02
   2.0661192e-02
   1.9540916e-02
   1.9090470e-02
   1.8925630e-02
   1.9020749e-02
   1.9008821e-02
   1.8940820e-02
   4.4540228e-02
   4.4694246e-02
   4.4823485e-02
   4.4835965e-02
   4.4688861e-02
   4.4535133e-02
   4.4364719e-02
   4.4176847e-02
   4.3938835e-02
   4.3728503e-02
   4.3656267e-02
   4.3396134e-02
   4.2967340e-02
   4.2901093e-02
   4.3171897e-02
   4.3993080e-02
   4.5308305e-02
   4.7097993e-02
   4.9849038e-02
   5.2458200e-02
   5.5033539e-02
   5.8078543e-02
   6.0378165e-02
   6.2096245e-02
   6.3146548e-02
   6.3165382e-02
   6.2433506e-02
   6.0349694e-02
   5.7579037e-02
   5.3881593e-02
   4.8373017e-02
   4.4151576e-02
   4.0849033e-02
   3.7140246e-02
   3.2425003e-02
   2.6563276e-02
   2.0486181e-02
   0.0000000e+00
   2.2896649e-02
   2.8709245e-02
   3.1104545e-02
   0.0000000e+00
   0.0000000e+00
   0.0000000e+00
   0.0000000e+00
   0.0000000e+00
   0.0000000e+00
   0.0000000e+00
   2.8791851e-02
   2.6925986e-02
   2.6266169e-02
   3.6223870e-02
   4.2462207e-02
   4.7531674e-02
   5.3650548e-02
   6.3470892e-02
   6.9766669e-02
   6.5600300e-02
   6.0337840e-02
   5.6489587e-02
   5.2745504e-02
   5.0088356e-02
   4.7763768e-02
   4.5330044e-02
   4.3916155e-02
   4.3269967e-02
   4.3366786e-02
   4.3692668e-02
   4.4111249e-02
   4.4492010e-02
   4.4566969e-02
   4.4503603e-02
   6.5561751e-02
   6.5843811e-02
   6.6167463e-02
   6.6392570e-02
   6.6431106e-02
   6.6394216e-02
   6.6231324e-02
   6.6002931e-02
   6.5681650e-02
   6.5392064e-02
   6.5171929e-02
   6.4692462e-02
   6.3917286e-02
   6.3626037e-02
   6.3701117e-02
   6.4313826e-02
   6.5489993e-02
   6.7065635e-02
   6.9308024e-02
   7.1367495e-02
   7.3341064e-02
   7.5484354e-02
   7.6855661e-02
   7.7600124e-02
   7.7583868e-02
   7.6742671e-02
   7.5265497e-02
   7.2517536e-02
   6.9401227e-02
   6.5466622e-02
   5.9898197e-02
   5.5370667e-02
   5.1335615e-02
   4.6652663e-02
   4.1184301e-02
   3.4757229e-02
   2.8777666e-02
   3.0946673e-02
   3.2185258e-02
   3.1164090e-02
   0.0000000e+00
   0.0000000e+00
   0.0000000e+00
   0.0000000e+00
   0.0000000e+00
   0.0000000e+00
   0.0000000e+00
   0.0000000e+00
   2.2986867e-02
   2.1869864e-02
   2.3620181e-02
   3.5638265e-02
   4.1798875e-02
   4.6900713e-02
   5.1742091e-02
   6.3181194e-02
   6.9372913e-02
   6.5723660e-02
   6.3123519e-02
   6.1690197e-02
   6.0628171e-02
   6.0176046e-02
   5.9913325e-02
   5.9701572e-02
   5.9874947e-02
   6.0542312e-02
   6.1886274e-02
   6.3022954e-02
   6.4024946e-02
   6.4882740e-02
   6.5229949e-02
   6.5389703e-02
   8.5125873e-02
   8.5595756e-02
   8.6143983e-02
   8.6675174e-02
   8.6984076e-02
   8.7158947e-02
   8.7187210e-02
   8.6976718e-02
   8.6608757e-02
   8.6153533e-02
   8.5704761e-02
   8.5025456e-02
   8.4097276e-02
   8.3621166e-02
   8.3418780e-02
   8.3735328e-02
   8.4660796e-02
   8.5948571e-02
   8.7726163e-02
   8.9216992e-02
   9.0456479e-02
   9.1495595e-02
   9.1749453e-02
   9.1411556e-02
   9.0146339e-02
   8.8340306e-02
   8.6016628e-02
   8.2411697e-02
   7.8820826e-02
   7.4571130e-02
   6.8944897e-02
   6.4296967e-02
   5.9812521e-02
   5.4393817e-02
   4.8429684e-02
   4.1609783e-02
   3.4889894e-02
   3.2877126e-02
   3.7032390e-02
   0.0000000e+00
   0.0000000e+00
   0.0000000e+00
   0.0000000e+00
   0.0000000e+00
   0.0000000e+00
   0.0000000e+00
   0.0000000e+00
   0.0000000e+00
   1.1610302e-02
   1.5110502e-02
   1.9163387e-02
   0.0000000e+00
   0.0000000e+00
   4.6999544e-02
   5.0757570e-02
   6.3277839e-02
   6.3650066e-02
   6.1351725e-02
   6.2709698e-02
   6.4340200e-02
   6.6147120e-02
   6.7932570e-02
   6.9820220e-02
   7.2052452e-02
   7.3965985e-02
   7.6031963e-02
   7.8683878e-02
   8.0597392e-02
   8.2159638e-02
   8.3513551e-02
   8.4201821e-02
   8.4691929e-02
   1.0101470e-01
   1.0174711e-01
   1.0258886e-01
   1.0349381e-01
   1.0415167e-01
   1.0462132e-01
   1.0500112e-01
   1.0491337e-01
   1.0457947e-01
   1.0393741e-01
   1.0321208e-01
   1.0241944e-01
   1.0155930e-01
   1.0098064e-01
   1.0045353e-01
   1.0036971e-01
   1.0088991e-01
   1.0172497e-01
   1.0302614e-01
   1.0391852e-01
   1.0432954e-01
   1.0410511e-01
   1.0320105e-01
   1.0178181e-01
   9.9202093e-02
   9.6375250e-02
   9.3148339e-02
   8.8641928e-02
   8.4534090e-02
   8.0054064e-02
   7.4434727e-02
   6.9922819e-02
   6.5313891e-02
   5.9547415e-02
   5.3358222e-02
   4.6551685e-02
   4.0437026e-02
   3.6948857e-02
   3.8916907e-02
   0.0000000e+00
   0.0000000e+00
   0.0000000e+00
   0.0000000e+00
   0.0000000e+00
   0.0000000e+00
   0.0000000e+00
   0.0000000e+00
   0.0000000e+00
   5.7702809e-03
   7.2179162e-03
   1.2493623e-02
   4.7044800e-02
   0.0000000e+00
   0.0000000e+00
   0.0000000e+00
   6.4401938e-02
   5.4134193e-02
   5.3537067e-02
   5.9846595e-02
   6.4935527e-02
   6.9356434e-02
   7.3135161e-02
   7.6895186e-02
   8.1408823e-02
   8.4852117e-02
   8.8154880e-02
   9.1902556e-02
   9.4407805e-02
   9.6438660e-02
   9.8190098e-02
   9.9269620e-02
   1.0011553e-01
   1.1011636e-01
   1.1112021e-01
   1.1242590e-01
   1.1362854e-01
   1.1473389e-01
   1.1554172e-01
   1.1616727e-01
   1.1638045e-01
   1.1620342e-01
   1.1552849e-01
   1.1454014e-01
   1.1384311e-01
   1.1307985e-01
   1.1256020e-01
   1.1186611e-01
   1.1136435e-01
   1.1138649e-01
   1.1158174e-01
   1.1215426e-01
   1.1229368e-01
   1.1197104e-01
   1.1049852e-01
   1.0870930e-01
   1.0624056e-01
   1.0255287e-01
   9.8758192e-02
   9.4636799e-02
   8.9562970e-02
   8.5055328e-02
   8.0726769e-02
   7.5383263e-02
   7.1365906e-02
   6.6875093e-02
   6.1062714e-02
   5.4879722e-02
   4.8600552e-02
   4.3181085e-02
   3.9896211e-02
   3.8231372e-02
   0.0000000e+00
   0.0000000e+00
   0.0000000e+00
   0.0000000e+00
   0.0000000e+00
   0.0000000e+00
   0.0000000e+00
   0.0000000e+00
   0.0000000e+00
  -5.8506740e-03
   3.9034719e-04
   7.3991202e-03
   4.5480264e-02
   2.6332716e-02
   0.0000000e+00
   0.0000000e+00
   0.0000000e+00
   5.2192436e-02
   5.0119117e-02
   5.9506293e-02
   6.6338807e-02
   7.1272474e-02
   7.6020408e-02
   8.0595278e-02
   8.6443920e-02
   9.0542254e-02
   9.4480512e-02
   9.8581048e-02
   1.0136389e-01
   1.0376592e-01
   1.0578519e-01
   1.0738182e-01
   1.0847615e-01
   1.0941590e-01
   1.1088207e-01
   1.1231801e-01
   1.1397060e-01
   1.1522494e-01
   1.1638186e-01
   1.1719633e-01
   1.1771032e-01
   1.1773544e-01
   1.1736348e-01
   1.1651534e-01
   1.1597485e-01
   1.1515827e-01
   1.1471421e-01
   1.1390278e-01
   1.1327576e-01
   1.1277770e-01
   1.1252559e-01
   1.1190947e-01
   1.1125679e-01
   1.0997637e-01
   1.0788323e-01
   1.0524559e-01
   1.0204060e-01
   9.7468918e-02
   9.3268249e-02
   8.8984904e-02
   8.3536626e-02
   7.9320781e-02
   7.5268258e-02
   7.1147915e-02
   6.7647501e-02
   6.4083152e-02
   5.8262494e-02
   5.2817876e-02
   4.6992589e-02
   4.3533697e-02
   4.1285165e-02
   0.0000000e+00
   0.0000000e+00
   0.0000000e+00
   0.0000000e+00
   0.0000000e+00
   0.0000000e+00
   0.0000000e+00
   0.0000000e+00
   0.0000000e+00
   0.0000000e+00
  -8.4315886e-03
   3.6658517e-04
   8.6206522e-03
   2.0079596e-02
   2.6332716e-02
   0.0000000e+00
   0.0000000e+00
   0.0000000e+00
   5.6912523e-02
   4.8410151e-02
   5.8246896e-02
   6.4647819e-02
   7.0109475e-02
   7.4234028e-02
   7.8957800e-02
   8.4062275e-02
   8.8537922e-02
   9.2336160e-02
   9.6539055e-02
   9.9086599e-02
   1.0154413e-01
   1.0393200e-01
   1.0585873e-01
   1.0746959e-01
   9.9446873e-02
   1.0113621e-01
   1.0230740e-01
   1.0390184e-01
   1.0490753e-01
   1.0611481e-01
   1.0703032e-01
   1.0785731e-01
   1.0805512e-01
   1.0815188e-01
   1.0779745e-01
   1.0766975e-01
   1.0678712e-01
   1.0623985e-01
   1.0542832e-01
   1.0483346e-01
   1.0411019e-01
   1.0352779e-01
   1.0203125e-01
   1.0045825e-01
   9.8417180e-02
   9.5660569e-02
   9.2485974e-02
   8.8941238e-02
   8.4277068e-02
   8.0488229e-02
   7.6553523e-02
   7.1851027e-02
   6.8219931e-02
   6.5144375e-02
   6.1965494e-02
   5.9606937e-02
   5.6779605e-02
   5.2224615e-02
   4.7619774e-02
   4.3450581e-02
   4.0575982e-02
   3.8521684e-02
   0.0000000e+00
   0.0000000e+00
   0.0000000e+00
   0.0000000e+00
   0.0000000e+00
   0.0000000e+00
   0.0000000e+00
   0.0000000e+00
   0.0000000e+00
   9.8571891e-03
  -6.2769569e-03
   6.1181381e-03
   1.7359961e-02
   2.7954913e-02
   3.3770919e-02
   4.0055339e-02
   4.9266465e-02
   5.2707439e-02
   5.1202479e-02
   5.0160453e-02
   5.4850181e-02
   6.0117571e-02
   6.3927674e-02
   6.7785883e-02
   7.1404060e-02
   7.6138536e-02
   7.9636230e-02
   8.3362101e-02
   8.6793404e-02
   8.9298673e-02
   9.1234115e-02
   9.3789940e-02
   9.5488143e-02
   9.7493907e-02
   8.4274429e-02
   8.5721914e-02
   8.6625346e-02
   8.7929325e-02
   8.8814041e-02
   8.9799132e-02
   9.0584205e-02
   9.1344767e-02
   9.1735303e-02
   9.1952024e-02
   9.1838836e-02
   9.1565068e-02
   9.0840796e-02
   9.0221637e-02
   8.9790933e-02
   8.9152012e-02
   8.8542510e-02
   8.7344668e-02
   8.5708528e-02
   8.3409374e-02
   8.1228799e-02
   7.7642127e-02
   7.4220713e-02
   7.0484709e-02
   6.6280529e-02
   6.3075859e-02
   5.9885309e-02
   5.6485194e-02
   5.3809611e-02
   5.1798586e-02
   4.9749254e-02
   4.8879312e-02
   4.6749550e-02
   4.3701978e-02
   4.0255612e-02
   3.8347222e-02
   3.5947745e-02
   3.4986641e-02
   3.4629393e-02
   0.0000000e+00
   0.0000000e+00
   0.0000000e+00
   0.0000000e+00
   0.0000000e+00
   0.0000000e+00
   0.0000000e+00
   0.0000000e+00
   4.8134891e-03
   2.6326060e-03
   1.5632743e-02
   2.6602023e-02
   3.6387663e-02
   4.1448026e-02
   4.5025401e-02
   4.8290044e-02
   4.8700883e-02
   4.7256677e-02
   4.5896125e-02
   4.8665494e-02
   5.1425676e-02
   5.4690351e-02
   5.7488567e-02
   6.0576831e-02
   6.3715110e-02
   6.6348035e-02
   6.9007133e-02
   7.1835817e-02
   7.3936077e-02
   7.5978052e-02
   7.8680347e-02
   8.0449958e-02
   8.2300812e-02
   6.4622891e-02
   6.5636445e-02
   6.6595758e-02
   6.7890891e-02
   6.8629301e-02
   6.9647483e-02
   7.0161980e-02
   7.0996704e-02
   7.1264166e-02
   7.1440949e-02
   7.1340287e-02
   7.0913387e-02
   7.0524358e-02
   7.0055167e-02
   7.0013825e-02
   6.9103772e-02
   6.8358394e-02
   6.6889624e-02
   6.4785974e-02
   6.2618978e-02
   5.9905223e-02
   5.6343981e-02
   5.2673794e-02
   4.9760459e-02
   4.5846395e-02
   4.3323720e-02
   4.0861338e-02
   3.8643636e-02
   3.7514539e-02
   3.6255924e-02
   3.6538066e-02
   3.6323995e-02
   3.6108257e-02
   3.3474237e-02
   3.1916959e-02
   3.0998683e-02
   3.0271907e-02
   3.1930686e-02
   3.1969298e-02
   0.0000000e+00
   0.0000000e+00
   0.0000000e+00
   0.0000000e+00
   0.0000000e+00
   0.0000000e+00
   1.1181143e-02
   8.2107221e-03
   4.1007717e-03
   1.4567818e-02
   2.6787562e-02
   3.4736197e-02
   3.9590963e-02
   4.1461545e-02
   4.1739646e-02
   4.2150470e-02
   4.0802374e-02
   3.9116678e-02
   3.6643401e-02
   3.6829269e-02
   3.8011268e-02
   4.0015266e-02
   4.2523166e-02
   4.4485507e-02
   4.7690414e-02
   4.9780268e-02
   5.2176123e-02
   5.4333235e-02
   5.5991247e-02
   5.8016724e-02
   5.9773851e-02
   6.1637132e-02
   6.2882471e-02
   3.8717276e-02
   3.9398847e-02
   4.0608658e-02
   4.1224062e-02
   4.2296062e-02
   4.3213040e-02
   4.3937532e-02
   4.4703488e-02
   4.4609608e-02
   4.5049439e-02
   4.4850106e-02
   4.4655650e-02
   4.5184885e-02
   4.5024726e-02
   4.5322645e-02
   4.4491023e-02
   4.3628781e-02
   4.2660768e-02
   4.0383963e-02
   3.9010398e-02
   3.6612569e-02
   3.3586869e-02
   3.1042482e-02
   2.8154149e-02
   2.5623145e-02
   2.2993604e-02
   2.1427618e-02
   2.0166119e-02
   1.9616322e-02
   2.0353084e-02
   2.0778735e-02
   2.2884064e-02
   2.3410509e-02
   2.2435281e-02
   2.2660818e-02
   2.1655067e-02
   2.4516253e-02
   2.5741998e-02
   2.5188426e-02
   0.0000000e+00
   0.0000000e+00
   0.0000000e+00
   0.0000000e+00
   0.0000000e+00
   0.0000000e+00
   1.1578302e-02
   9.8443403e-03
   1.5805068e-02
   2.8636453e-02
   3.5688685e-02
   3.8300242e-02
   3.6694026e-02
   3.5397595e-02
   3.2495079e-02
   2.9972894e-02
   2.7338096e-02
   2.3941502e-02
   2.1535781e-02
   1.9806340e-02
   2.0140424e-02
   2.1255855e-02
   2.2611788e-02
   2.4817191e-02
   2.7137744e-02
   3.0102027e-02
   3.1907630e-02
   3.3614231e-02
   3.4949201e-02
   3.5399926e-02
   3.6381743e-02
   3.6729280e-02
   3.7668306e-02
   1.4272710e-02
   1.4539052e-02
   1.4648847e-02
   1.5428107e-02
   1.5751088e-02
   1.6370517e-02
   1.7067433e-02
   1.7385790e-02
   1.7940234e-02
   1.7727883e-02
   1.7775937e-02
   1.8180033e-02
   1.8651364e-02
   1.9585550e-02
   1.9997639e-02
   2.0296452e-02
   2.0056582e-02
   1.9176522e-02
   1.8328156e-02
   1.7229703e-02
   1.6066656e-02
   1.4182413e-02
   1.2178945e-02
   1.0715753e-02
   8.6287130e-03
   7.3915857e-03
   6.5946759e-03
   5.8953107e-03
   6.7331145e-03
   7.2437577e-03
   8.8118085e-03
   1.1157686e-02
   1.2164304e-02
   1.3207431e-02
   1.3300852e-02
   1.4704275e-02
   1.8244247e-02
   2.0172132e-02
   2.1055540e-02
   3.0591779e-02
   0.0000000e+00
   0.0000000e+00
   4.2443027e-02
   3.1903296e-02
   1.3769210e-02
   1.4419143e-02
   1.8848029e-02
   2.9371790e-02
   3.6296582e-02
   3.6778991e-02
   3.4537226e-02
   2.8992553e-02
   2.4824889e-02
   2.0155308e-02
   1.5010980e-02
   1.1428152e-02
   7.7632972e-03
   5.2779723e-03
   3.7969085e-03
   3.3382213e-03
   4.2226073e-03
   5.0753801e-03
   7.0178998e-03
   9.3896578e-03
   1.1195041e-02
   1.2836729e-02
   1.3519475e-02
   1.4045869e-02
   1.4161361e-02
   1.4111808e-02
   1.4315013e-02
   1.4016710e-02
  -6.0508150e-03
  -6.7824396e-03
  -7.2580835e-03
  -7.4486068e-03
  -7.5600427e-03
  -7.4837625e-03
  -7.2782793e-03
  -7.0126807e-03
  -6.7008858e-03
  -6.7967721e-03
  -6.6595403e-03
  -6.1346017e-03
  -5.3503623e-03
  -4.4162455e-03
  -3.6725529e-03
  -3.2083307e-03
  -2.9812566e-03
  -3.0522465e-03
  -3.0004347e-03
  -3.0778339e-03
  -3.6761902e-03
  -4.5391725e-03
  -5.3114942e-03
  -6.0354261e-03
  -6.5405647e-03
  -6.8784049e-03
  -6.8813770e-03
  -6.0298334e-03
  -4.8877004e-03
  -3.2894834e-03
  -7.0592382e-04
   1.5869245e-03
   3.5822471e-03
   4.8259911e-03
   6.5308813e-03
   9.9630978e-03
   1.4034289e-02
   1.7476030e-02
   1.9465612e-02
   2.2797615e-02
   2.3259767e-02
   3.0284025e-02
   3.0097737e-02
   2.6750374e-02
   1.9417580e-02
   2.5361799e-02
   3.1928505e-02
   3.5764603e-02
   3.5626849e-02
   3.2041804e-02
   2.6897261e-02
   1.9373216e-02
   1.3043213e-02
   7.1700177e-03
   7.7731445e-04
  -3.3635434e-03
  -6.3180911e-03
  -8.6103981e-03
  -9.6750132e-03
  -1.0189252e-02
  -9.7780973e-03
  -8.7344283e-03
  -7.5519329e-03
  -5.8496894e-03
  -4.5964349e-03
  -3.8748541e-03
  -3.5551366e-03
  -3.6807321e-03
  -3.8689961e-03
  -4.1151390e-03
  -4.5696738e-03
  -5.2323012e-03
  -2.1152765e-02
  -2.2364456e-02
  -2.3583693e-02
  -2.4910779e-02
  -2.5724826e-02
  -2.6234716e-02
  -2.6598103e-02
  -2.6935593e-02
  -2.7251418e-02
  -2.7274894e-02
  -2.6840156e-02
  -2.6106858e-02
  -2.5264431e-02
  -2.4658698e-02
  -2.4160499e-02
  -2.3619099e-02
  -2.3132097e-02
  -2.2536213e-02
  -2.1685330e-02
  -2.1282063e-02
  -2.1193963e-02
  -2.1106800e-02
  -2.1107614e-02
  -2.1128486e-02
  -2.1050793e-02
  -2.0577495e-02
  -1.9580434e-02
  -1.7769384e-02
  -1.5784548e-02
  -1.3512988e-02
  -1.0426723e-02
  -7.7049743e-03
  -5.1277929e-03
  -2.1998824e-03
   7.3675810e-04
   4.4564514e-03
   9.3295440e-03
   1.2913732e-02
   1.5091111e-02
   1.5083865e-02
   1.5713788e-02
   1.7500608e-02
   1.9936848e-02
   2.3115583e-02
   2.7015212e-02
   3.0812879e-02
   3.1670386e-02
   3.0433086e-02
   2.6408890e-02
   2.1422925e-02
   1.5502326e-02
   7.7246285e-03
   1.3405412e-03
  -4.4801900e-03
  -1.0237184e-02
  -1.3776175e-02
  -1.6257868e-02
  -1.8057774e-02
  -1.8828769e-02
  -1.9010581e-02
  -1.8617254e-02
  -1.7922054e-02
  -1.7070276e-02
  -1.6090235e-02
  -1.5485776e-02
  -1.5251690e-02
  -1.5434784e-02
  -1.5835478e-02
  -1.6479683e-02
  -1.7464778e-02
  -1.8441866e-02
  -1.9661803e-02
  -2.2496218e-02
  -2.3817305e-02
  -2.5189059e-02
  -2.6663475e-02
  -2.7743484e-02
  -2.8754467e-02
  -2.9847156e-02
  -3.0685398e-02
  -3.1330437e-02
  -3.1650273e-02
  -3.1520084e-02
  -3.1153438e-02
  -3.0625064e-02
  -3.0194984e-02
  -2.9670909e-02
  -2.8961303e-02
  -2.8409591e-02
  -2.7940635e-02
  -2.7480217e-02
  -2.7122064e-02
  -2.6702204e-02
  -2.6071275e-02
  -2.5504548e-02
  -2.4963941e-02
  -2.4168078e-02
  -2.3160127e-02
  -2.1788424e-02
  -1.9818100e-02
  -1.7958920e-02
  -1.5936897e-02
  -1.3176901e-02
  -1.0734914e-02
  -8.3528228e-03
  -5.6102321e-03
  -3.1993607e-03
  -6.5735911e-04
   2.2615535e-03
   4.5085643e-03
   5.8447836e-03
   6.8279312e-03
   8.3541807e-03
   1.0896645e-02
   1.4635369e-02
   1.7585919e-02
   1.9699119e-02
   2.0600311e-02
   1.9891893e-02
   1.7930152e-02
   1.4012742e-02
   9.8102669e-03
   5.1588874e-03
  -5.4079134e-04
  -5.0255204e-03
  -9.0315173e-03
  -1.2892847e-02
  -1.5273541e-02
  -1.6955682e-02
  -1.8054505e-02
  -1.8329966e-02
  -1.8299451e-02
  -1.8007801e-02
  -1.7647054e-02
  -1.7186596e-02
  -1.6707930e-02
  -1.6533771e-02
  -1.6515813e-02
  -1.6817658e-02
  -1.7338901e-02
  -1.7961900e-02
  -1.8898488e-02
  -1.9892145e-02
  -2.1036046e-02
  -1.6180118e-02
  -1.6969705e-02
  -1.7723206e-02
  -1.8596717e-02
  -1.9314780e-02
  -2.0031732e-02
  -2.0813042e-02
  -2.1350132e-02
  -2.1767712e-02
  -2.2096079e-02
  -2.2164357e-02
  -2.2077448e-02
  -2.1910972e-02
  -2.1779528e-02
  -2.1603774e-02
  -2.1289889e-02
  -2.0970869e-02
  -2.0628417e-02
  -2.0120794e-02
  -1.9567275e-02
  -1.8965759e-02
  -1.8211840e-02
  -1.7543032e-02
  -1.6837493e-02
  -1.5825184e-02
  -1.4830097e-02
  -1.3783194e-02
  -1.2500444e-02
  -1.1391900e-02
  -1.0193179e-02
  -8.6134503e-03
  -7.2289849e-03
  -5.7746023e-03
  -4.0540874e-03
  -2.6740143e-03
  -1.3935749e-03
  -1.5592848e-04
   6.2857890e-04
   1.2516181e-03
   2.3076220e-03
   3.5452221e-03
   4.8336234e-03
   5.9866281e-03
   6.5901063e-03
   6.9359122e-03
   6.8055163e-03
   6.0928554e-03
   4.8891192e-03
   2.8775871e-03
   8.8018123e-04
  -1.2359549e-03
  -3.7435764e-03
  -5.6770125e-03
  -7.4428175e-03
  -9.2509850e-03
  -1.0436211e-02
  -1.1335591e-02
  -1.2018972e-02
  -1.2331449e-02
  -1.2485699e-02
  -1.2523556e-02
  -1.2493839e-02
  -1.2424095e-02
  -1.2326310e-02
  -1.2270828e-02
  -1.2291484e-02
  -1.2498494e-02
  -1.2813143e-02
  -1.3239612e-02
  -1.3911741e-02
  -1.4555006e-02
  -1.5255276e-02
