   0.0000000e+00
   0.0000000e+00
   0.0000000e+00
   0.0000000e+00
   0.0000000e+00
   0.0000000e+00
   0.0000000e+00
   0.0000000e+00
   0.0000000e+00
   0.0000000e+00
   0.0000000e+00
   0.0000000e+00
   0.0000000e+00
   0.0000000e+00
   0.0000000e+00
   0.0000000e+00
   0.0000000e+00
   0.0000000e+00
   0.0000000e+00
   0.0000000e+00
   0.0000000e+00
   0.0000000e+00
   0.0000000e+00
   0.0000000e+00
   0.0000000e+00
   0.0000000e+00
   0.0000000e+00
   0.0000000e+00
   0.0000000e+00
   0.0000000e+00
   0.0000000e+00
   0.0000000e+00
   0.0000000e+00
   0.0000000e+00
   0.0000000e+00
   0.0000000e+00
   0.0000000e+00
   0.0000000e+00
   0.0000000e+00
   0.0000000e+00
   0.0000000e+00
   0.0000000e+00
   0.0000000e+00
  -0.0000000e+00
   0.0000000e+00
   0.0000000e+00
   0.0000000e+00
   0.0000000e+00
   0.0000000e+00
   0.0000000e+00
   0.0000000e+00
   0.0000000e+00
   0.0000000e+00
   0.0000000e+00
   0.0000000e+00
   0.0000000e+00
   0.0000000e+00
   0.0000000e+00
   0.0000000e+00
   0.0000000e+00
   0.0000000e+00
   0.0000000e+00
   0.0000000e+00
   0.0000000e+00
   0.0000000e+00
   0.0000000e+00
   0.0000000e+00
   0.0000000e+00
   0.0000000e+00
   0.0000000e+00
   0.0000000e+00
   0.0000000e+00
   0.0000000e+00
   0.0000000e+00
   0.0000000e+00
   0.0000000e+00
   0.0000000e+00
   0.0000000e+00
   0.0000000e+00
   0.0000000e+00
   0.0000000e+00
   0.0000000e+00
   0.0000000e+00
   0.0000000e+00
   0.0000000e+00
   0.0000000e+00
   1.3016330e-01
   1.0446532e-01
   7.1067326e-02
   4.9787953e-02
   4.1288543e-02
   3.8350573e-02
   3.0261566e-02
   2.0497250e-02
   9.9799114e-03
   8.8899538e-03
  -2.0206495e-03
  -6.1826599e-03
  -8.6470849e-04
   4.2707952e-03
   2.8761938e-03
  -5.9114653e-03
  -8.8374694e-03
   0.0000000e+00
   0.0000000e+00
   0.0000000e+00
  -5.2919109e-04
   0.0000000e+00
   0.0000000e+00
   0.0000000e+00
   0.0000000e+00
   0.0000000e+00
   4.3520849e-02
   2.8940566e-02
   1.5120519e-02
   1.2053077e-02
   1.9337427e-02
   9.2529316e-03
   3.5669710e-03
  -6.5528602e-03
   0.0000000e+00
   0.0000000e+00
   0.0000000e+00
   0.0000000e+00
   0.0000000e+00
   0.0000000e+00
   0.0000000e+00
   0.0000000e+00
   0.0000000e+00
   0.0000000e+00
   0.0000000e+00
   0.0000000e+00
   0.0000000e+00
   0.0000000e+00
   0.0000000e+00
   0.0000000e+00
   0.0000000e+00
   0.0000000e+00
   0.0000000e+00
   0.0000000e+00
   0.0000000e+00
   0.0000000e+00
   0.0000000e+00
   0.0000000e+00
   0.0000000e+00
   0.0000000e+00
   0.0000000e+00
   0.0000000e+00
   0.0000000e+00
   0.0000000e+00
   0.0000000e+00
   0.0000000e+00
   0.0000000e+00
   0.0000000e+00
   2.1552425e-02
   1.1348681e-02
   4.1164126e-02
   5.2043844e-02
   6.3351519e-02
   5.1257701e-02
   3.7072770e-02
   2.7952172e-02
   2.8125629e-02
   2.9089738e-02
   2.5644151e-02
   2.2414214e-02
   2.1749135e-02
   1.7867580e-02
   8.8482666e-03
   1.9549585e-03
   2.0630248e-03
   1.6127380e-03
  -2.8150924e-03
  -5.8406936e-03
  -5.0687379e-03
  -9.1465092e-03
  -1.6233149e-02
  -9.2842396e-03
  -8.5110748e-03
  -2.8451340e-02
  -3.8295439e-02
  -4.1323256e-02
   0.0000000e+00
   4.5363816e-02
   3.6068134e-02
   1.4193892e-02
   1.1412277e-02
   1.6718162e-02
   2.1994613e-02
   2.4114751e-02
   2.2385951e-02
   1.5289296e-02
   1.2586399e-02
   1.0247924e-02
   7.0125506e-03
   3.6709749e-03
   5.2154137e-03
   1.2604198e-02
   1.5043059e-02
   1.3083864e-02
   1.1834434e-02
   1.4126657e-03
  -3.7439724e-03
  -1.7627584e-02
   0.0000000e+00
   0.0000000e+00
   0.0000000e+00
   0.0000000e+00
   0.0000000e+00
   7.7269027e-02
   4.1033335e-02
   2.5500417e-02
   0.0000000e+00
   0.0000000e+00
   0.0000000e+00
   0.0000000e+00
   3.2510078e-02
   3.2558705e-02
   2.2852664e-02
   1.2436614e-02
   5.7664624e-03
   5.7740483e-03
   7.2976472e-03
   9.0965618e-03
   1.1277692e-02
   1.3190607e-02
   5.8590635e-03
  -6.3259748e-04
   3.4032995e-04
   2.0212987e-03
   6.0307574e-03
   7.6966584e-03
   8.4547289e-03
   1.1760876e-02
   1.3637509e-02
   1.4123332e-02
   1.5945151e-02
   1.6785990e-02
   1.6241297e-02
   1.4837286e-02
   1.1600047e-02
   7.5755040e-03
   3.5678588e-03
  -3.0687850e-04
  -3.3868491e-03
  -7.3427241e-03
  -1.2002421e-02
  -1.4117692e-02
  -1.6717518e-02
  -2.2008285e-02
  -2.2140333e-02
  -2.1639524e-02
  -3.0729063e-02
  -2.8635577e-02
   0.0000000e+00
   2.0579923e-02
   1.2873968e-02
   2.1370680e-03
   5.7121813e-03
   9.4432440e-03
   1.4182647e-02
   1.8283820e-02
   1.8720534e-02
   1.8321633e-02
   1.7458891e-02
   1.4118680e-02
   1.0812541e-02
   7.9776887e-03
   4.4277566e-03
   4.2491895e-03
   5.3328909e-03
   3.3529496e-03
  -5.3225918e-04
  -3.5233067e-03
  -8.3075436e-03
  -1.5953803e-02
  -1.9163284e-02
  -1.9252776e-02
  -1.1282303e-03
   2.2533986e-02
   5.5934101e-02
   5.7198562e-02
   3.9799936e-02
   2.6489490e-02
   1.6771951e-02
   1.6334972e-02
   1.8000154e-02
   2.5063048e-02
   1.4440600e-02
   1.0836878e-02
   4.4822325e-03
  -2.1593813e-03
  -9.2003578e-03
  -1.4555943e-02
  -1.7997538e-02
  -2.1858605e-02
  -2.4671245e-02
  -2.6292682e-02
  -2.7386311e-02
  -2.5754694e-02
  -2.3491436e-02
  -2.0803405e-02
  -1.6301543e-02
  -1.2842346e-02
  -9.6633723e-03
  -4.6632118e-03
  -3.8521683e-04
   3.0663272e-03
   6.7642899e-03
   9.0215857e-03
   1.0091280e-02
   9.6682133e-03
   7.9770544e-03
   5.4186038e-03
   1.2786835e-03
  -3.5391918e-03
  -8.6783404e-03
  -1.4216882e-02
  -1.9003788e-02
  -2.2870557e-02
  -2.5793308e-02
  -2.7802576e-02
  -2.9236594e-02
  -2.8078919e-02
  -2.5206548e-02
  -2.0573653e-02
  -1.0453847e-02
  -2.1872896e-03
  -2.8934673e-04
  -7.0499297e-04
   2.6723611e-03
   5.5691716e-03
   9.1691762e-03
   1.1434241e-02
   1.1547887e-02
   1.0835033e-02
   9.8052591e-03
   7.3744375e-03
   4.1269497e-03
   8.4003243e-04
  -3.3541254e-03
  -7.2384449e-03
  -9.9780389e-03
  -1.3639804e-02
  -1.7401600e-02
  -1.9871909e-02
  -2.2182666e-02
  -2.2118306e-02
  -2.0305043e-02
  -1.7642150e-02
  -9.2077097e-03
   2.0127452e-03
   1.2261318e-02
   1.9160012e-02
   2.0750753e-02
   2.0591542e-02
   2.0221936e-02
   1.9406894e-02
   1.7734779e-02
   1.6012099e-02
   1.8152414e-03
  -4.9036616e-03
  -1.3279820e-02
  -2.0438317e-02
  -2.7393313e-02
  -3.4280356e-02
  -3.9437529e-02
  -4.4005416e-02
  -4.6899956e-02
  -4.7388688e-02
  -4.6059810e-02
  -4.1294161e-02
  -3.7438389e-02
  -3.3868399e-02
  -2.9459622e-02
  -2.5471218e-02
  -2.1133030e-02
  -1.4567075e-02
  -8.5797915e-03
  -3.6377981e-03
   4.6661703e-04
   2.7304329e-03
   4.2210137e-03
   4.8336387e-03
   3.8012092e-03
   1.3663128e-03
  -3.3455668e-03
  -9.0087084e-03
  -1.4878019e-02
  -2.1733735e-02
  -2.6085766e-02
  -2.9788906e-02
  -3.4013838e-02
  -3.5433814e-02
  -3.8080115e-02
  -3.9572835e-02
  -3.5824269e-02
  -2.7156797e-02
  -1.2890569e-02
  -5.3719077e-03
  -1.7352315e-03
   7.6605160e-05
   3.3052394e-03
   5.1333122e-03
   6.5274914e-03
   6.4309076e-03
   5.3941016e-03
   3.9059680e-03
   1.8033240e-03
  -1.0224765e-03
  -5.2337376e-03
  -8.8075772e-03
  -1.3224982e-02
  -1.8973442e-02
  -2.3313414e-02
  -2.8034521e-02
  -3.2272846e-02
  -3.4100350e-02
  -3.4457158e-02
  -3.2443501e-02
  -2.9496454e-02
  -2.4882121e-02
  -1.7303081e-02
  -1.0109017e-02
  -3.5605871e-03
   1.4499588e-03
   4.0196469e-03
   6.9379085e-03
   1.1780983e-02
   1.3924051e-02
   1.2384563e-02
   7.4439929e-03
  -6.0225995e-03
  -1.4586529e-02
  -2.4935678e-02
  -3.2795295e-02
  -3.9856359e-02
  -4.6814162e-02
  -5.1956125e-02
  -5.5910856e-02
  -5.7950020e-02
  -5.7087012e-02
  -5.4738894e-02
  -4.9486026e-02
  -4.5408629e-02
  -4.2216368e-02
  -3.7162848e-02
  -3.1540215e-02
  -2.5083998e-02
  -1.7383909e-02
  -1.1334723e-02
  -6.7656953e-03
  -3.9175530e-03
  -1.8021096e-03
  -3.6024736e-04
   6.3158403e-04
  -8.6885330e-04
  -3.7561753e-03
  -8.9931488e-03
  -1.5442840e-02
  -2.0991778e-02
  -2.7770111e-02
  -3.1864747e-02
  -3.5880171e-02
  -3.9977774e-02
  -4.2648241e-02
  -4.7065161e-02
  -5.3132892e-02
  -5.1122634e-02
  -4.1652281e-02
  -0.0000000e+00
  -4.2357454e-03
  -2.8773183e-03
  -4.2560184e-03
  -1.2047809e-03
   1.1264005e-03
   1.7586380e-03
   1.0098234e-03
  -1.0864352e-03
  -3.3295562e-03
  -6.6059059e-03
  -1.0398225e-02
  -1.5535396e-02
  -1.9717570e-02
  -2.4282714e-02
  -3.0742649e-02
  -3.5560310e-02
  -4.0750589e-02
  -4.4050027e-02
  -4.4579677e-02
  -4.3445483e-02
  -4.0259622e-02
  -3.7172586e-02
  -3.2325458e-02
  -2.4960993e-02
  -1.8211322e-02
  -1.2906277e-02
  -9.0513034e-03
  -6.1140251e-03
  -1.3509172e-03
   6.8552820e-03
   9.7455829e-03
   7.6938155e-03
   1.2744246e-03
  -1.1894406e-02
  -2.2170736e-02
  -3.2957703e-02
  -4.1014738e-02
  -4.8430353e-02
  -5.5363029e-02
  -5.9645135e-02
  -6.2158141e-02
  -6.1817322e-02
  -5.9240721e-02
  -5.5971261e-02
  -5.1163346e-02
  -4.7547404e-02
  -4.3702051e-02
  -3.6301449e-02
  -2.8101809e-02
  -2.1013362e-02
  -1.4545353e-02
  -1.0945689e-02
  -8.0635101e-03
  -6.3994480e-03
  -4.6922667e-03
  -3.7626687e-03
  -3.7830402e-03
  -5.7128081e-03
  -8.9679249e-03
  -1.4229503e-02
  -2.0708676e-02
  -2.5203845e-02
  -3.2140970e-02
  -3.5180815e-02
  -4.0473275e-02
  -4.3064546e-02
  -4.7533453e-02
  -5.0715536e-02
  -6.0342926e-02
  -6.6985553e-02
   0.0000000e+00
   6.9129525e-03
  -1.2005736e-03
  -5.5111535e-03
  -9.1038868e-03
  -5.9835082e-03
  -3.2387944e-03
  -2.4763411e-03
  -4.1041728e-03
  -6.3547688e-03
  -1.0186195e-02
  -1.4283699e-02
  -1.9371184e-02
  -2.4992995e-02
  -2.9858137e-02
  -3.4691691e-02
  -4.0606167e-02
  -4.5274623e-02
  -4.9156226e-02
  -5.0985441e-02
  -4.9560186e-02
  -4.7333919e-02
  -4.3987557e-02
  -4.1426729e-02
  -3.6973827e-02
  -3.0265702e-02
  -2.3784500e-02
  -1.9327383e-02
  -1.5437129e-02
  -1.0470834e-02
  -1.8216601e-03
   8.6263735e-03
   9.8343408e-03
   6.0135890e-03
  -3.0883085e-03
  -1.7597265e-02
  -2.8393388e-02
  -3.8483255e-02
  -4.5986863e-02
  -5.2557744e-02
  -5.8724396e-02
  -6.1485332e-02
  -6.2086377e-02
  -5.9057862e-02
  -5.4747273e-02
  -5.0377969e-02
  -4.5908857e-02
  -4.3499897e-02
  -4.0140174e-02
  -2.7075799e-02
  -1.7312221e-02
  -1.2074595e-02
  -1.0434071e-02
  -9.6684552e-03
  -8.7267924e-03
  -7.4083311e-03
  -6.9596945e-03
  -6.3391086e-03
  -7.6662069e-03
  -9.1733121e-03
  -1.2705121e-02
  -1.7264601e-02
  -2.3139329e-02
  -2.6860209e-02
  -3.3466376e-02
  -3.6225940e-02
  -4.1352320e-02
  -4.3560166e-02
  -4.7452597e-02
  -4.8627641e-02
  -5.4455216e-02
   0.0000000e+00
   0.0000000e+00
   6.6507885e-03
  -1.8059728e-03
  -8.6638015e-03
  -1.0963234e-02
  -7.7499026e-03
  -5.4050707e-03
  -5.2332431e-03
  -7.6959618e-03
  -9.9456869e-03
  -1.5195036e-02
  -2.0470477e-02
  -2.6197251e-02
  -3.2233454e-02
  -3.7187956e-02
  -4.1762702e-02
  -4.6208572e-02
  -4.9520624e-02
  -5.1368937e-02
  -5.0790150e-02
  -4.7770241e-02
  -4.5105226e-02
  -4.2817008e-02
  -4.0829687e-02
  -3.7343014e-02
  -3.1349171e-02
  -2.5941430e-02
  -2.1316506e-02
  -1.6702339e-02
  -8.9144361e-03
   3.1035047e-03
   1.2940618e-02
   1.1064099e-02
   4.6393136e-03
  -7.3940437e-03
  -2.2404810e-02
  -3.1962223e-02
  -3.9974313e-02
  -4.6069851e-02
  -5.0937422e-02
  -5.6099851e-02
  -5.7252486e-02
  -5.6615431e-02
  -5.1598776e-02
  -4.5321061e-02
  -3.9274879e-02
  -3.6270030e-02
  -3.3647235e-02
  -3.6356456e-02
  -1.6947702e-02
  -6.7691837e-03
  -7.1294615e-03
  -9.4781443e-03
  -1.0727950e-02
  -1.0254429e-02
  -9.2718210e-03
  -8.9924576e-03
  -8.4792664e-03
  -9.4573228e-03
  -1.0890331e-02
  -1.3777805e-02
  -1.8141864e-02
  -2.2446749e-02
  -2.6542701e-02
  -3.1684071e-02
  -3.5299200e-02
  -3.8596049e-02
  -4.1801043e-02
  -4.2827243e-02
  -4.3296315e-02
  -3.8712248e-02
   0.0000000e+00
   0.0000000e+00
  -0.0000000e+00
  -6.5408015e-03
  -1.1034088e-02
  -1.0471913e-02
  -7.0637056e-03
  -5.1569161e-03
  -6.2294216e-03
  -8.6910649e-03
  -1.1685384e-02
  -1.8008446e-02
  -2.4647043e-02
  -3.0304689e-02
  -3.6362562e-02
  -4.0469925e-02
  -4.4241421e-02
  -4.6481259e-02
  -4.7704497e-02
  -4.6842430e-02
  -4.3665275e-02
  -3.9668503e-02
  -3.7491545e-02
  -3.6414910e-02
  -3.5391584e-02
  -3.2989427e-02
  -2.8533041e-02
  -2.4181071e-02
  -1.9803155e-02
  -1.4002135e-02
  -4.1666170e-03
   8.8584572e-03
   1.4982937e-02
   9.6299451e-03
   7.8363909e-04
  -1.2405702e-02
  -2.4161920e-02
  -3.1101458e-02
  -3.6104072e-02
  -4.0816590e-02
  -4.4695642e-02
  -4.8799518e-02
  -4.8455946e-02
  -4.7004838e-02
  -4.7183159e-02
  -3.4830655e-02
  -2.7021958e-02
  -2.4461510e-02
  -2.2130497e-02
  -2.4239397e-02
  -0.0000000e+00
  -6.9758333e-03
  -9.8645436e-03
  -1.3304154e-02
  -1.3827296e-02
  -1.2787098e-02
  -1.1181837e-02
  -1.0265491e-02
  -9.3254335e-03
  -9.5001841e-03
  -1.0833345e-02
  -1.2973850e-02
  -1.6991893e-02
  -2.0014133e-02
  -2.4398077e-02
  -2.8328056e-02
  -3.2403845e-02
  -3.4195427e-02
  -3.7827522e-02
  -3.5987258e-02
  -3.5354089e-02
  -2.2683646e-02
  -2.5729826e-02
   0.0000000e+00
  -0.0000000e+00
  -9.3393344e-03
  -1.1773120e-02
  -8.2340576e-03
  -3.9937324e-03
  -2.8903829e-03
  -5.1645841e-03
  -7.9985084e-03
  -1.2399825e-02
  -2.0189092e-02
  -2.7341304e-02
  -3.2596320e-02
  -3.7404943e-02
  -4.0306292e-02
  -4.2335711e-02
  -4.2109773e-02
  -4.0579922e-02
  -3.7260916e-02
  -3.2050516e-02
  -2.7892241e-02
  -2.6335575e-02
  -2.6361078e-02
  -2.6546188e-02
  -2.5157163e-02
  -2.2671489e-02
  -1.9290823e-02
  -1.5847217e-02
  -8.8246204e-03
   1.3996796e-03
   1.2474067e-02
   1.2894461e-02
   5.2535404e-03
  -4.3408722e-03
  -1.5805705e-02
  -2.1660924e-02
  -2.4838038e-02
  -2.7231622e-02
  -3.1755287e-02
  -3.6056630e-02
  -3.8791224e-02
  -3.7001256e-02
  -3.8114725e-02
   0.0000000e+00
  -0.0000000e+00
  -1.5989533e-02
  -1.2921090e-02
  -1.1926654e-02
  -8.9050137e-03
  -8.7745029e-03
  -1.2252430e-02
  -1.4933941e-02
  -1.7016863e-02
  -1.5485791e-02
  -1.3891499e-02
  -1.1297822e-02
  -9.8326160e-03
  -8.3378674e-03
  -8.3599081e-03
  -9.3216868e-03
  -1.1092283e-02
  -1.4111474e-02
  -1.6740637e-02
  -2.0616047e-02
  -2.4451725e-02
  -2.8106645e-02
  -2.9696262e-02
  -3.2096878e-02
  -2.8637208e-02
  -2.5968341e-02
  -1.2154413e-02
  -2.0419296e-02
   0.0000000e+00
  -0.0000000e+00
  -9.4946825e-03
  -1.1530253e-02
  -4.8051695e-03
   5.8847381e-04
   5.3846755e-04
  -3.4146514e-03
  -7.3692896e-03
  -1.3270144e-02
  -2.2295602e-02
  -2.8810253e-02
  -3.3139713e-02
  -3.5912685e-02
  -3.7292074e-02
  -3.6754571e-02
  -3.3750731e-02
  -2.9528864e-02
  -2.4749044e-02
  -1.8653318e-02
  -1.5451896e-02
  -1.4467928e-02
  -1.6085051e-02
  -1.7263317e-02
  -1.6862819e-02
  -1.5850833e-02
  -1.3752020e-02
  -1.1158952e-02
  -4.0462175e-03
   4.5548300e-03
   1.1354871e-02
   7.5419368e-03
  -3.4475524e-06
  -7.8283018e-03
  -1.5765414e-02
  -1.4991127e-02
  -1.3810240e-02
  -1.5093931e-02
  -2.1370446e-02
  -2.6662998e-02
  -2.7943414e-02
  -2.4583569e-02
  -2.1460665e-02
   0.0000000e+00
  -0.0000000e+00
  -6.2590876e-03
  -4.0442036e-03
  -3.7523210e-03
  -4.0032538e-03
  -7.2096786e-03
  -1.1966947e-02
  -1.6915724e-02
  -1.5863340e-02
  -1.3927730e-02
  -1.1854088e-02
  -9.4789946e-03
  -7.3892456e-03
  -6.1259619e-03
  -6.1907205e-03
  -6.9622211e-03
  -8.2300939e-03
  -1.0247266e-02
  -1.2856912e-02
  -1.5980119e-02
  -2.0264832e-02
  -2.3416169e-02
  -2.5486616e-02
  -2.5687831e-02
  -2.1578139e-02
  -1.6611611e-02
  -1.1575626e-03
  -6.4561269e-03
   0.0000000e+00
   0.0000000e+00
  -1.0801468e-02
  -1.1152334e-02
  -2.2526754e-03
   4.3359515e-03
   2.4946367e-03
  -3.0286158e-03
  -8.3342027e-03
  -1.4870373e-02
  -2.3764124e-02
  -2.8715193e-02
  -3.1410873e-02
  -3.2358836e-02
  -3.1480122e-02
  -2.8411707e-02
  -2.2067208e-02
  -1.6272984e-02
  -1.0630792e-02
  -6.1234916e-03
  -4.9461927e-03
  -5.1434641e-03
  -8.4990589e-03
  -1.0572152e-02
  -1.0894946e-02
  -1.0945057e-02
  -1.0314716e-02
  -8.2913144e-03
  -2.6265751e-03
   2.8245100e-03
   5.0131092e-03
   1.0900341e-03
  -4.0105553e-03
  -8.2153706e-03
  -1.2404535e-02
  -2.8795264e-03
   2.2236615e-03
  -1.0945113e-03
  -1.1235992e-02
  -1.6947428e-02
  -1.6230003e-02
  -1.1663678e-02
  -8.3472590e-03
   0.0000000e+00
   0.0000000e+00
   3.8476701e-03
   1.9301050e-03
   4.2715848e-04
  -3.5415308e-04
  -5.1046351e-03
  -1.1073322e-02
  -1.3762551e-02
  -1.1657627e-02
  -9.7906178e-03
  -8.3106020e-03
  -5.8453876e-03
  -3.9122131e-03
  -3.1366021e-03
  -3.2821744e-03
  -3.7099902e-03
  -4.2631644e-03
  -5.7474325e-03
  -8.2590393e-03
  -1.1314174e-02
  -1.5411290e-02
  -1.8920899e-02
  -2.0904761e-02
  -1.9578957e-02
  -1.4704737e-02
  -7.6356211e-03
   1.1742690e-02
   1.0342301e-02
   0.0000000e+00
   0.0000000e+00
   0.0000000e+00
  -1.0485593e-02
  -3.0096649e-03
   1.9194502e-03
  -2.4957331e-03
  -8.4457834e-03
  -1.3357930e-02
  -1.8940013e-02
  -2.4353113e-02
  -2.6813203e-02
  -2.7531282e-02
  -2.5698213e-02
  -2.2264326e-02
  -1.6484008e-02
  -7.6166793e-03
  -7.8363524e-04
   4.9065767e-03
   3.1454153e-03
   1.2627969e-05
  -1.4949668e-03
  -5.7807132e-03
  -8.0294549e-03
  -8.6349838e-03
  -1.0381282e-02
  -1.1587910e-02
  -1.0491645e-02
  -6.7473662e-03
  -4.2769333e-03
  -3.2183333e-03
  -3.2794552e-03
  -3.9119498e-03
  -4.2732066e-03
  -4.4367554e-03
   1.4364699e-02
   2.1369392e-02
  -1.0945113e-03
  -1.1235993e-02
  -7.2755156e-03
  -3.1345845e-03
  -1.1663678e-02
  -8.3472594e-03
   0.0000000e+00
   0.0000000e+00
   6.8504841e-03
   4.3772063e-03
   1.9902177e-03
   4.3552462e-04
  -3.8441368e-03
  -7.5503169e-03
  -8.5402187e-03
  -6.3723982e-03
  -4.7884434e-03
  -3.4790155e-03
  -1.5157273e-03
  -3.5672238e-05
   4.4432157e-04
   2.6956893e-04
   5.2626868e-04
   4.1015778e-04
  -1.0680495e-03
  -3.6620984e-03
  -7.0712101e-03
  -1.1771924e-02
  -1.5152249e-02
  -1.6755521e-02
  -1.4570801e-02
  -8.3255041e-03
   1.7743633e-03
   2.5273412e-02
   2.7965672e-02
   0.0000000e+00
   0.0000000e+00
   0.0000000e+00
  -0.0000000e+00
  -4.1513140e-03
  -1.4162693e-03
  -6.1569326e-03
  -1.1729004e-02
  -1.5008089e-02
  -1.8092901e-02
  -2.0807030e-02
  -2.1513842e-02
  -2.0567395e-02
  -1.6908202e-02
  -1.1234288e-02
  -3.5733772e-03
   8.8972338e-03
   1.2840372e-02
   1.0142677e-02
   7.4475340e-04
   1.1533536e-03
   1.3476188e-04
  -4.9258517e-03
  -5.6249406e-03
  -6.9590556e-03
  -1.2039710e-02
  -1.4364667e-02
  -1.3487597e-02
  -1.0450952e-02
  -7.5544529e-03
  -4.3114950e-03
  -3.1204347e-04
   2.3276033e-03
   4.7092666e-03
   8.6068939e-03
   2.8411370e-02
   3.4006424e-02
   0.0000000e+00
   0.0000000e+00
  -6.0838718e-03
  -1.5211433e-03
   0.0000000e+00
   0.0000000e+00
   0.0000000e+00
   0.0000000e+00
   9.1298670e-03
   5.2513573e-03
   3.2097932e-03
   1.5296174e-03
  -1.5921699e-03
  -3.6994165e-03
  -3.9218995e-03
  -1.9153304e-03
  -4.7703224e-04
   6.9021911e-04
   2.2087698e-03
   3.5067732e-03
   3.8299365e-03
   3.7278121e-03
   4.0273685e-03
   3.7708138e-03
   1.9688269e-03
  -1.0047704e-03
  -4.8664822e-03
  -9.7178100e-03
  -1.2866614e-02
  -1.4068105e-02
  -1.0927713e-02
  -3.4715354e-03
   9.1314930e-03
   3.5114780e-02
   3.8719606e-02
   0.0000000e+00
   0.0000000e+00
   0.0000000e+00
   0.0000000e+00
  -3.3623393e-03
  -2.1239435e-03
  -6.2208562e-03
  -1.0571719e-02
  -1.2705576e-02
  -1.4491740e-02
  -1.6166102e-02
  -1.6226983e-02
  -1.4685559e-02
  -1.0015138e-02
  -2.9869548e-03
   7.0769228e-03
   2.7202042e-02
   3.0417384e-02
   1.0626518e-02
   5.2292045e-04
   2.0961100e-03
   9.6401910e-04
  -1.9298729e-03
  -2.6163615e-03
  -6.0583409e-03
  -1.3464148e-02
  -1.5147559e-02
  -1.3256734e-02
  -9.0596313e-03
  -4.9571386e-03
  -2.5943559e-04
   5.4817740e-03
   9.3922801e-03
   1.3398609e-02
   2.0434089e-02
   4.0318836e-02
   4.4184987e-02
   0.0000000e+00
   0.0000000e+00
   0.0000000e+00
   0.0000000e+00
   0.0000000e+00
   0.0000000e+00
   0.0000000e+00
   0.0000000e+00
   1.0589557e-02
   6.4210878e-03
   5.0027301e-03
   3.4159387e-03
   1.2444954e-03
   1.7679873e-04
   3.4431351e-04
   2.1420685e-03
   3.4745289e-03
   4.4853506e-03
   5.7060528e-03
   6.8527525e-03
   7.1021728e-03
   7.0047872e-03
   7.1676937e-03
   6.6169691e-03
   4.3150261e-03
   8.7276066e-04
  -3.3938552e-03
  -8.2388446e-03
  -1.1126400e-02
  -1.1795625e-02
  -7.5970567e-03
   1.0845467e-03
   1.5878813e-02
   4.3100219e-02
   4.7273755e-02
   0.0000000e+00
   0.0000000e+00
   0.0000000e+00
   0.0000000e+00
  -0.0000000e+00
  -1.9763862e-03
  -5.3129252e-03
  -8.3728703e-03
  -9.6254637e-03
  -1.0583152e-02
  -1.1641971e-02
  -1.1366807e-02
  -9.4698332e-03
  -3.7898023e-03
   4.7370363e-03
   1.7753558e-02
   4.3341253e-02
   5.4771572e-02
   0.0000000e+00
   0.0000000e+00
   0.0000000e+00
   1.3666486e-03
   6.9590542e-04
  -5.7871983e-04
  -5.9662629e-03
  -1.3992685e-02
  -1.4107540e-02
  -1.0973504e-02
  -5.5881613e-03
  -5.3692784e-04
   5.0254655e-03
   1.1624536e-02
   1.6389860e-02
   2.1783775e-02
   3.1143481e-02
   5.0221591e-02
   5.2418638e-02
   0.0000000e+00
   0.0000000e+00
   0.0000000e+00
   0.0000000e+00
   0.0000000e+00
   0.0000000e+00
   0.0000000e+00
   0.0000000e+00
   1.1310095e-02
   7.9910909e-03
   7.3242191e-03
   5.9725448e-03
   4.4663967e-03
   3.9490450e-03
   4.2306747e-03
   5.8014966e-03
   7.0550858e-03
   7.8972131e-03
   8.9603731e-03
   9.9624998e-03
   1.0204973e-02
   1.0038486e-02
   9.9605694e-03
   9.0335531e-03
   6.1097423e-03
   2.1549969e-03
  -2.4520614e-03
  -7.1864512e-03
  -9.8010543e-03
  -9.8303433e-03
  -4.5126113e-03
   5.3930186e-03
   2.2080784e-02
   4.9492494e-02
   5.4201683e-02
   0.0000000e+00
   0.0000000e+00
   0.0000000e+00
   0.0000000e+00
  -0.0000000e+00
  -1.2788443e-03
  -3.8570102e-03
  -5.6733313e-03
  -6.2684691e-03
  -6.7462704e-03
  -7.4453689e-03
  -7.0282511e-03
  -4.9075419e-03
   1.8336413e-03
   1.2042868e-02
   2.8406386e-02
   5.6867186e-02
   6.7587139e-02
   0.0000000e+00
   0.0000000e+00
   0.0000000e+00
   1.4566006e-03
   2.7022526e-03
   4.3557718e-04
  -6.5639542e-03
  -1.3686477e-02
  -1.1567216e-02
  -7.1229604e-03
  -7.3193957e-04
   4.9272740e-03
   1.0846940e-02
   1.7672220e-02
   2.3071115e-02
   2.9702024e-02
   4.0650200e-02
   6.2065654e-02
   6.6197366e-02
   0.0000000e+00
   0.0000000e+00
   0.0000000e+00
   0.0000000e+00
   0.0000000e+00
   0.0000000e+00
   0.0000000e+00
   0.0000000e+00
   1.3972666e-02
   1.2065582e-02
   1.2192914e-02
   1.0482350e-02
   9.1178296e-03
   8.7114554e-03
   8.9237187e-03
   1.0189670e-02
   1.1179782e-02
   1.1724626e-02
   1.2720350e-02
   1.3854193e-02
   1.4227726e-02
   1.4163006e-02
   1.3684503e-02
   1.1877170e-02
   7.6293517e-03
   2.8923303e-03
  -1.8390350e-03
  -6.5358477e-03
  -8.4946742e-03
  -7.0613120e-03
   5.5146462e-04
   1.2118461e-02
   2.9853690e-02
   5.6731872e-02
   6.0202587e-02
   0.0000000e+00
   0.0000000e+00
   0.0000000e+00
   0.0000000e+00
   0.0000000e+00
  -8.9228817e-04
  -3.5715210e-03
  -3.1435301e-03
  -2.7309726e-03
  -2.7306657e-03
  -3.0991132e-03
  -2.3406455e-03
   8.6593640e-04
   1.0159329e-02
   2.3671208e-02
   4.5554768e-02
   7.0349336e-02
   0.0000000e+00
   0.0000000e+00
   0.0000000e+00
   0.0000000e+00
   5.1230950e-03
   7.6645156e-03
   1.8620107e-03
  -7.4106846e-03
  -9.4487853e-03
  -4.7793337e-03
  -7.0151873e-07
   6.7411838e-03
   1.2702942e-02
   1.8508296e-02
   2.5448684e-02
   3.1657077e-02
   3.9242186e-02
   5.0978169e-02
   6.4659320e-02
   6.7148558e-02
   0.0000000e+00
   0.0000000e+00
   0.0000000e+00
   0.0000000e+00
   0.0000000e+00
   0.0000000e+00
   0.0000000e+00
   0.0000000e+00
   1.6626656e-02
   1.5042565e-02
   1.4791453e-02
   1.2822825e-02
   1.1413344e-02
   1.1031495e-02
   1.1234201e-02
   1.2333617e-02
   1.3166860e-02
   1.3781983e-02
   1.5080763e-02
   1.6309930e-02
   1.6704634e-02
   1.6514216e-02
   1.5402203e-02
   1.2742247e-02
   7.5221695e-03
   2.3472411e-03
  -2.4827020e-03
  -6.8128183e-03
  -7.8064017e-03
  -4.9567819e-03
   4.1114772e-03
   1.6295835e-02
   3.3517856e-02
   5.5057824e-02
   4.0233782e-02
   1.7231908e-02
   0.0000000e+00
   0.0000000e+00
   0.0000000e+00
   0.0000000e+00
  -1.6115645e-03
  -4.6381266e-03
  -2.6894258e-03
  -1.5787909e-03
  -1.3554337e-03
  -1.4744719e-03
   1.8892917e-05
   4.5006266e-03
   1.5878364e-02
   3.1755540e-02
   5.6307346e-02
   7.7311158e-02
   0.0000000e+00
   0.0000000e+00
   0.0000000e+00
   0.0000000e+00
   9.8048064e-03
   1.0014880e-02
   1.8620104e-03
  -7.3615729e-03
  -6.3118488e-03
  -1.1707014e-03
   3.4879923e-03
   1.0311823e-02
   1.6340146e-02
   2.2074893e-02
   2.9154308e-02
   3.5669360e-02
   4.3453213e-02
   5.5327162e-02
   6.5981515e-02
   5.8895285e-02
   0.0000000e+00
   0.0000000e+00
   0.0000000e+00
   0.0000000e+00
   0.0000000e+00
   0.0000000e+00
   0.0000000e+00
   0.0000000e+00
   1.9359695e-02
   1.7708018e-02
   1.7045502e-02
   1.4893614e-02
   1.3453362e-02
   1.3087084e-02
   1.3270942e-02
   1.4234573e-02
   1.5010881e-02
   1.5768416e-02
   1.7341210e-02
   1.8600050e-02
   1.8948566e-02
   1.8442025e-02
   1.6620498e-02
   1.3112429e-02
   6.9738403e-03
   1.3971059e-03
  -3.4045228e-03
  -7.0725908e-03
  -6.9241812e-03
  -2.7362981e-03
   7.5144237e-03
   1.9988528e-02
   3.6255080e-02
   5.2915238e-02
   3.4013078e-02
   1.8131157e-02
   0.0000000e+00
   0.0000000e+00
   0.0000000e+00
   0.0000000e+00
  -0.0000000e+00
  -5.4006256e-03
  -2.5920728e-03
  -7.7042676e-04
  -3.6657587e-04
  -7.9235397e-05
   2.3504996e-03
   8.2439035e-03
   2.1734120e-02
   3.9734516e-02
   6.5669008e-02
   8.0994442e-02
   0.0000000e+00
   0.0000000e+00
   0.0000000e+00
   0.0000000e+00
   1.2638487e-02
   1.1335863e-02
   0.0000000e+00
  -6.9649816e-03
  -3.3275099e-03
   1.8553674e-03
   6.4211646e-03
   1.3362713e-02
   1.9461520e-02
   2.5217263e-02
   3.2514594e-02
   3.9304707e-02
   4.7183275e-02
   5.8704954e-02
   6.5073206e-02
   5.0800672e-02
   0.0000000e+00
   0.0000000e+00
   0.0000000e+00
   0.0000000e+00
   0.0000000e+00
   0.0000000e+00
   0.0000000e+00
   0.0000000e+00
   2.3491518e-02
   2.0875028e-02
   1.9543789e-02
   1.7292680e-02
   1.5839368e-02
   1.5475743e-02
   1.5611715e-02
   1.6447045e-02
   1.7362746e-02
   1.8486547e-02
   2.0391532e-02
   2.1547603e-02
   2.1679755e-02
   2.0292916e-02
   1.7275579e-02
   1.2549784e-02
   5.2008795e-03
  -8.7738022e-04
  -5.3563607e-03
  -7.4104653e-03
  -5.2165763e-03
   7.3544719e-04
   1.2091887e-02
   2.4258229e-02
   3.8159996e-02
   4.8773664e-02
   3.3362201e-02
   2.1428955e-02
   0.0000000e+00
   0.0000000e+00
   0.0000000e+00
   0.0000000e+00
   0.0000000e+00
  -5.9723249e-03
  -3.2430186e-03
  -3.6340459e-04
   2.0726525e-04
   1.4313006e-03
   5.6637282e-03
   1.3903693e-02
   3.0514378e-02
   5.1050996e-02
   7.6133554e-02
   7.9049116e-02
   0.0000000e+00
   0.0000000e+00
   0.0000000e+00
   0.0000000e+00
   0.0000000e+00
   9.2242022e-03
   0.0000000e+00
  -5.6559252e-03
   6.5389168e-04
   4.9427951e-03
   9.4341409e-03
   1.6625502e-02
   2.2835042e-02
   2.8824510e-02
   3.6612408e-02
   4.3730549e-02
   5.1515336e-02
   6.1438890e-02
   6.1778009e-02
   4.7152567e-02
   0.0000000e+00
   0.0000000e+00
   0.0000000e+00
   0.0000000e+00
   0.0000000e+00
   0.0000000e+00
   0.0000000e+00
   0.0000000e+00
   2.6000817e-02
   2.3019481e-02
   2.1441430e-02
   1.9329866e-02
   1.7761392e-02
   1.7311685e-02
   1.7486609e-02
   1.8241883e-02
   1.9353416e-02
   2.0667331e-02
   2.2503765e-02
   2.3242565e-02
   2.2599499e-02
   1.9475912e-02
   1.5095308e-02
   9.3743136e-03
   1.5441875e-03
  -3.8318546e-03
  -6.7136343e-03
  -6.1581404e-03
  -2.0118211e-03
   5.0789647e-03
   1.6724642e-02
   2.8334031e-02
   4.0492306e-02
   4.6699024e-02
   3.0398330e-02
   2.0768210e-02
   0.0000000e+00
   0.0000000e+00
   0.0000000e+00
   0.0000000e+00
   0.0000000e+00
  -5.9723248e-03
  -3.1497166e-03
  -6.0490036e-04
   5.1431076e-04
   3.7828528e-03
   1.0415937e-02
   2.0938873e-02
   3.9401735e-02
   5.9344254e-02
   7.6706027e-02
   6.8885585e-02
   0.0000000e+00
   0.0000000e+00
   0.0000000e+00
   0.0000000e+00
   0.0000000e+00
   5.7571783e-03
   0.0000000e+00
  -1.4732683e-03
   3.0036049e-03
   7.4149594e-03
   1.2164110e-02
   1.9713084e-02
   2.6336251e-02
   3.2832516e-02
   4.0882139e-02
   4.7850478e-02
   5.4959483e-02
   6.2035587e-02
   5.8897738e-02
   4.4004308e-02
   1.3302595e-02
   3.5188169e-03
   0.0000000e+00
   0.0000000e+00
   0.0000000e+00
   0.0000000e+00
   0.0000000e+00
   2.6194427e-02
   2.7053684e-02
   2.4238524e-02
   2.2507838e-02
   2.0400309e-02
   1.8671706e-02
   1.8180823e-02
   1.8340503e-02
   1.9045310e-02
   2.0230099e-02
   2.1561937e-02
   2.3009016e-02
   2.3138651e-02
   2.1676821e-02
   1.7404971e-02
   1.2373512e-02
   6.4150278e-03
  -1.0404187e-03
  -5.3661259e-03
  -6.7562010e-03
  -4.3196994e-03
   9.7264419e-04
   8.6307990e-03
   2.0329730e-02
   3.1533930e-02
   4.2783531e-02
   4.4880083e-02
   2.9553391e-02
   2.0578143e-02
   0.0000000e+00
   0.0000000e+00
   0.0000000e+00
   0.0000000e+00
   0.0000000e+00
   0.0000000e+00
  -2.9385051e-03
  -4.1608796e-04
   1.3260276e-03
   6.2978744e-03
   1.4380060e-02
   2.5917128e-02
   4.4628641e-02
   6.3174434e-02
   7.6306617e-02
   6.5961978e-02
   0.0000000e+00
   0.0000000e+00
   0.0000000e+00
   0.0000000e+00
   0.0000000e+00
   4.7598653e-03
   0.0000000e+00
  -2.7009814e-04
   5.2908071e-03
   9.2279686e-03
   1.4268531e-02
   2.2010681e-02
   2.8916993e-02
   3.5622004e-02
   4.3613455e-02
   5.0307044e-02
   5.6692236e-02
   6.1606243e-02
   5.4650920e-02
   3.9391660e-02
   1.3302597e-02
   3.5188166e-03
   0.0000000e+00
   0.0000000e+00
   0.0000000e+00
   0.0000000e+00
   0.0000000e+00
   2.7997952e-02
   2.8177812e-02
   2.5561939e-02
   2.3651823e-02
   2.1464953e-02
   1.9457239e-02
   1.8930280e-02
   1.9031836e-02
   1.9676342e-02
   2.0898315e-02
   2.2149363e-02
   2.2784091e-02
   2.1838746e-02
   1.9067613e-02
   1.3370163e-02
   7.7701446e-03
   1.9188807e-03
  -4.4089131e-03
  -6.8702254e-03
  -5.9917050e-03
  -1.0710529e-03
   5.5056163e-03
   1.3690774e-02
   2.5323892e-02
   3.5989692e-02
   4.6344538e-02
   4.2194154e-02
   2.9586964e-02
   0.0000000e+00
   0.0000000e+00
   0.0000000e+00
   0.0000000e+00
   0.0000000e+00
   0.0000000e+00
   0.0000000e+00
  -2.5333098e-03
   1.5153551e-04
   2.9158315e-03
   1.0338532e-02
   2.0087756e-02
   3.2410328e-02
   5.0497384e-02
   6.6349163e-02
   7.5066937e-02
   0.0000000e+00
   0.0000000e+00
   0.0000000e+00
   0.0000000e+00
   0.0000000e+00
   0.0000000e+00
   0.0000000e+00
   0.0000000e+00
   0.0000000e+00
   8.8319452e-03
   1.1649559e-02
   1.7167584e-02
   2.5108206e-02
   3.2375290e-02
   3.9218685e-02
   4.6916833e-02
   5.3101288e-02
   5.8322999e-02
   6.0285461e-02
   4.7272803e-02
   3.3294871e-02
   1.2554223e-02
   3.3769450e-03
   0.0000000e+00
   0.0000000e+00
   0.0000000e+00
   0.0000000e+00
   0.0000000e+00
   2.9662406e-02
   2.7982632e-02
   2.5985958e-02
   2.3656600e-02
   2.1142773e-02
   1.8728118e-02
   1.7977714e-02
   1.7933013e-02
   1.8396672e-02
   1.9161397e-02
   1.9462811e-02
   1.8355053e-02
   1.5920306e-02
   1.2122195e-02
   6.4936560e-03
   1.7766430e-03
  -2.6546004e-03
  -6.3115507e-03
  -6.0944913e-03
  -2.9547461e-03
   3.9150501e-03
   1.1307154e-02
   1.9783659e-02
   3.1239182e-02
   4.1387479e-02
   5.1584747e-02
   5.1769910e-02
   2.9586965e-02
   0.0000000e+00
   0.0000000e+00
   0.0000000e+00
   0.0000000e+00
   0.0000000e+00
   0.0000000e+00
   0.0000000e+00
  -5.7684432e-05
   2.9808631e-03
   7.6721171e-03
   1.7109249e-02
   2.7246558e-02
   3.8689379e-02
   5.3320922e-02
   6.3988797e-02
   6.4830132e-02
   0.0000000e+00
   0.0000000e+00
   0.0000000e+00
   0.0000000e+00
   0.0000000e+00
   0.0000000e+00
   0.0000000e+00
   0.0000000e+00
   0.0000000e+00
   1.2413338e-02
   1.5552766e-02
   2.0688716e-02
   2.8456304e-02
   3.5434219e-02
   4.1772913e-02
   4.8693161e-02
   5.3812460e-02
   5.7004746e-02
   5.5224728e-02
   4.1950240e-02
   2.9301884e-02
   1.1894998e-02
   3.0997720e-03
  -1.2223693e-03
   0.0000000e+00
   0.0000000e+00
   0.0000000e+00
   0.0000000e+00
   2.8579045e-02
   2.7728632e-02
   2.5840122e-02
   2.3036854e-02
   2.0021195e-02
   1.7122827e-02
   1.6097154e-02
   1.5825413e-02
   1.6011588e-02
   1.6330772e-02
   1.5983967e-02
   1.4133151e-02
   1.1329048e-02
   7.5949510e-03
   2.7099373e-03
  -1.1065662e-03
  -4.3538627e-03
  -6.1317883e-03
  -4.5243486e-03
  -4.5000913e-04
   7.0028249e-03
   1.4472947e-02
   2.2812953e-02
   3.3900235e-02
   4.3424754e-02
   5.2373547e-02
   5.0281102e-02
   0.0000000e+00
   0.0000000e+00
   0.0000000e+00
   0.0000000e+00
   0.0000000e+00
   0.0000000e+00
   0.0000000e+00
   0.0000000e+00
   1.8130392e-03
   5.1988748e-03
   1.0909764e-02
   2.0849681e-02
   3.0625854e-02
   4.0945519e-02
   5.2869692e-02
   6.0145367e-02
   5.6747094e-02
   0.0000000e+00
   0.0000000e+00
   0.0000000e+00
   0.0000000e+00
   0.0000000e+00
   0.0000000e+00
  -0.0000000e+00
  -5.4393203e-03
   0.0000000e+00
   1.4872571e-02
   1.7760188e-02
   2.2535190e-02
   2.9940629e-02
   3.6511461e-02
   4.2415604e-02
   4.8669387e-02
   5.2877928e-02
   5.4623846e-02
   5.0706435e-02
   3.3863019e-02
   2.3490290e-02
   1.0818130e-02
   2.8341005e-03
  -1.2223694e-03
   0.0000000e+00
   0.0000000e+00
   0.0000000e+00
   2.5188221e-02
   2.5493223e-02
   2.7271361e-02
   2.5333795e-02
   2.1702380e-02
   1.7756583e-02
   1.4003404e-02
   1.2487564e-02
   1.1794255e-02
   1.1466147e-02
   1.1035437e-02
   9.7269520e-03
   7.0710886e-03
   4.1502142e-03
   1.0207164e-03
  -2.2972368e-03
  -4.5793901e-03
  -5.9272061e-03
  -4.8801816e-03
  -1.5016750e-03
   3.5535877e-03
   1.1373498e-02
   1.8640542e-02
   2.6554634e-02
   3.6931046e-02
   4.5349903e-02
   5.1686475e-02
   4.1274851e-02
   0.0000000e+00
   0.0000000e+00
   0.0000000e+00
   0.0000000e+00
   0.0000000e+00
   0.0000000e+00
   0.0000000e+00
   0.0000000e+00
   4.7089153e-03
   8.6804968e-03
   1.5707125e-02
   2.5811906e-02
   3.4635250e-02
   4.2940464e-02
   5.0615765e-02
   5.2956237e-02
   4.4025466e-02
   0.0000000e+00
   0.0000000e+00
   0.0000000e+00
   0.0000000e+00
   0.0000000e+00
   0.0000000e+00
  -0.0000000e+00
  -5.4393199e-03
   0.0000000e+00
   1.8530792e-02
   2.0730728e-02
   2.4903524e-02
   3.1609110e-02
   3.7436296e-02
   4.2635772e-02
   4.7810565e-02
   5.0545522e-02
   5.0104951e-02
   4.3294447e-02
   2.4462502e-02
   1.7620545e-02
   1.1048424e-02
   6.9356989e-03
   6.7555318e-03
   1.4267097e-02
   2.0896296e-02
   2.8390250e-02
   2.5188225e-02
   2.6903754e-02
   2.4876527e-02
   2.1081138e-02
   1.5671365e-02
   1.0354674e-02
   5.8216997e-03
   3.8691976e-03
   2.8202573e-03
   1.9693119e-03
   9.0185029e-04
  -6.5779395e-04
  -2.7259283e-03
  -4.3349010e-03
  -5.6026471e-03
  -6.6882549e-03
  -6.9597447e-03
  -6.0457727e-03
  -2.3577909e-03
   2.6958170e-03
   8.7150959e-03
   1.6425604e-02
   2.2690129e-02
   2.8786773e-02
   3.6127333e-02
   4.1769244e-02
   4.2294420e-02
   3.4081566e-02
   0.0000000e+00
   0.0000000e+00
   0.0000000e+00
   0.0000000e+00
   0.0000000e+00
   0.0000000e+00
   0.0000000e+00
   0.0000000e+00
   8.4337583e-03
   1.3179215e-02
   1.9790463e-02
   2.8476404e-02
   3.5225350e-02
   4.0883489e-02
   4.4459179e-02
   4.2540532e-02
   3.0815301e-02
   3.5519652e-03
   0.0000000e+00
   0.0000000e+00
   0.0000000e+00
   0.0000000e+00
   0.0000000e+00
  -0.0000000e+00
   2.4576029e-03
   1.4990443e-02
   2.3794405e-02
   2.3636181e-02
   2.7155871e-02
   3.2643568e-02
   3.7263259e-02
   4.1210134e-02
   4.4294856e-02
   4.4686511e-02
   4.1571930e-02
   3.2908972e-02
   2.1746501e-02
   1.6077371e-02
   1.1239493e-02
   8.8245403e-03
   1.0293343e-02
   1.5179356e-02
   2.0772195e-02
   2.8390249e-02
   0.0000000e+00
   0.0000000e+00
   2.2858452e-02
   1.6663208e-02
   1.0512002e-02
   4.8724337e-03
   2.8834622e-04
  -1.6801816e-03
  -2.7856335e-03
  -3.7926810e-03
  -4.9714977e-03
  -6.4301378e-03
  -8.0512236e-03
  -9.0152090e-03
  -9.5238282e-03
  -9.6469294e-03
  -9.0375580e-03
  -7.1716774e-03
  -2.3987323e-03
   3.3605448e-03
   9.8462120e-03
   1.7639340e-02
   2.3467984e-02
   2.8581712e-02
   3.4073694e-02
   3.8008839e-02
   3.7011667e-02
   3.2190430e-02
   0.0000000e+00
   0.0000000e+00
   0.0000000e+00
   0.0000000e+00
   0.0000000e+00
   0.0000000e+00
   0.0000000e+00
   0.0000000e+00
   0.0000000e+00
   1.5114029e-02
   2.1430721e-02
   2.9164081e-02
   3.4678534e-02
   3.8921087e-02
   4.0547720e-02
   3.6741186e-02
   2.4164507e-02
   3.0660585e-03
   0.0000000e+00
   0.0000000e+00
   0.0000000e+00
   0.0000000e+00
   0.0000000e+00
   0.0000000e+00
   4.5473101e-03
   1.6038495e-02
   2.5395503e-02
   2.4872644e-02
   2.8058680e-02
   3.2792719e-02
   3.6745850e-02
   3.9944852e-02
   4.1837956e-02
   4.1058075e-02
   3.6792966e-02
   2.8355358e-02
   2.0289455e-02
   0.0000000e+00
   1.1628293e-02
   1.1238889e-02
   1.4583938e-02
   1.7896761e-02
   2.0032864e-02
   0.0000000e+00
   0.0000000e+00
   2.3249139e-02
   1.8722535e-02
   6.8336139e-03
  -1.3347079e-04
  -5.6612307e-03
  -9.7868918e-03
  -1.1461193e-02
  -1.2456478e-02
  -1.3519070e-02
  -1.4530929e-02
  -1.5492012e-02
  -1.6241713e-02
  -1.6311821e-02
  -1.6017168e-02
  -1.5021401e-02
  -1.3362754e-02
  -1.0432629e-02
  -4.4960379e-03
   2.0534472e-03
   9.1734267e-03
   1.7298338e-02
   2.2613702e-02
   2.6222843e-02
   2.8585810e-02
   2.9611614e-02
   2.8630754e-02
   0.0000000e+00
   0.0000000e+00
   0.0000000e+00
   0.0000000e+00
   0.0000000e+00
   0.0000000e+00
   0.0000000e+00
   0.0000000e+00
   0.0000000e+00
   0.0000000e+00
   1.7354329e-02
   2.3118905e-02
   2.9125871e-02
   3.2587600e-02
   3.4686433e-02
   3.3717802e-02
   2.7623145e-02
   1.4698600e-02
   1.6186591e-03
   0.0000000e+00
   0.0000000e+00
   0.0000000e+00
   0.0000000e+00
   0.0000000e+00
   0.0000000e+00
   7.6799076e-03
   1.9160392e-02
   2.6042719e-02
   2.6280459e-02
   2.8984069e-02
   3.2426900e-02
   3.5340145e-02
   3.7292353e-02
   3.7272658e-02
   3.4838186e-02
   2.9240006e-02
   2.2924362e-02
   1.4771837e-02
   0.0000000e+00
   9.2542525e-03
   9.7792502e-03
   1.1806035e-02
   1.4768156e-02
   2.0032862e-02
   0.0000000e+00
   0.0000000e+00
   1.9537791e-02
   9.7957533e-03
  -4.0048724e-03
  -9.9176522e-03
  -1.4399290e-02
  -1.7605979e-02
  -1.8937070e-02
  -1.9859906e-02
  -2.0909838e-02
  -2.1827277e-02
  -2.2744320e-02
  -2.3701252e-02
  -2.4276938e-02
  -2.4544135e-02
  -2.4051551e-02
  -2.2711078e-02
  -2.0191619e-02
  -1.4972283e-02
  -9.1810552e-03
  -2.7670213e-03
   4.9074152e-03
   1.0303135e-02
   1.4239858e-02
   1.6488573e-02
   1.7602177e-02
   1.6952027e-02
   0.0000000e+00
   0.0000000e+00
   0.0000000e+00
   0.0000000e+00
   0.0000000e+00
   0.0000000e+00
   0.0000000e+00
   0.0000000e+00
   0.0000000e+00
   0.0000000e+00
   1.8359356e-02
   2.2392796e-02
   2.7066417e-02
   2.9151378e-02
   2.9872149e-02
   2.7455103e-02
   2.0729858e-02
   9.4790179e-03
   1.6186592e-03
   0.0000000e+00
   0.0000000e+00
   0.0000000e+00
   0.0000000e+00
   0.0000000e+00
   0.0000000e+00
   7.2937589e-03
   1.5363336e-02
   2.2207201e-02
   2.4312701e-02
   2.6894860e-02
   2.9613046e-02
   3.1854458e-02
   3.2922626e-02
   3.1767670e-02
   2.8371375e-02
   2.2414695e-02
   1.7328404e-02
   1.1452020e-02
   5.5408707e-03
   8.2316793e-03
   9.1505379e-03
   1.0276945e-02
   1.1619134e-02
   0.0000000e+00
   0.0000000e+00
   1.5215112e-02
   1.7598631e-02
   4.3612649e-03
  -9.5209377e-03
  -1.4615158e-02
  -1.8301815e-02
  -2.0844065e-02
  -2.1929335e-02
  -2.2789517e-02
  -2.3840707e-02
  -2.4745630e-02
  -2.5677957e-02
  -2.6797116e-02
  -2.7686518e-02
  -2.8328480e-02
  -2.8295996e-02
  -2.7370663e-02
  -2.5386639e-02
  -2.1036441e-02
  -1.6082820e-02
  -1.0458863e-02
  -3.4797234e-03
   1.6749608e-03
   5.6736772e-03
   8.1422795e-03
   9.6078711e-03
   9.3865097e-03
   0.0000000e+00
   0.0000000e+00
   0.0000000e+00
   0.0000000e+00
   0.0000000e+00
   0.0000000e+00
   0.0000000e+00
   0.0000000e+00
   0.0000000e+00
   0.0000000e+00
   1.8125596e-02
   2.1304250e-02
   2.5420379e-02
   2.6884224e-02
   2.6894094e-02
   2.3741702e-02
   1.6886175e-02
   6.7070113e-03
   0.0000000e+00
   0.0000000e+00
   0.0000000e+00
   0.0000000e+00
   0.0000000e+00
   0.0000000e+00
   0.0000000e+00
   7.3372354e-03
   1.2104996e-02
   1.9139878e-02
   2.2409191e-02
   2.5006831e-02
   2.7414763e-02
   2.9310666e-02
   2.9935485e-02
   2.8252959e-02
   2.4450375e-02
   1.8616429e-02
   1.4918051e-02
   5.5408705e-03
   5.5408705e-03
   0.0000000e+00
   0.0000000e+00
   7.4980277e-03
   3.1445388e-03
   0.0000000e+00
   0.0000000e+00
   1.2042605e-02
   1.0454988e-02
  -5.5999322e-03
  -1.4832859e-02
  -1.7643106e-02
  -1.9171487e-02
  -2.0030318e-02
  -2.0501498e-02
  -2.1164599e-02
  -2.2257841e-02
  -2.3339194e-02
  -2.4486191e-02
  -2.6062625e-02
  -2.7553337e-02
  -2.9027347e-02
  -3.0520029e-02
  -3.1337519e-02
  -3.1600559e-02
  -3.0761147e-02
  -2.9010025e-02
  -2.6431908e-02
  -2.2594234e-02
  -1.9167054e-02
  -1.5664112e-02
  -1.1509028e-02
  -8.0745290e-03
  -6.5013408e-03
   0.0000000e+00
   0.0000000e+00
   0.0000000e+00
   0.0000000e+00
   0.0000000e+00
   0.0000000e+00
   0.0000000e+00
   0.0000000e+00
   0.0000000e+00
   0.0000000e+00
   1.3947585e-02
   1.6442309e-02
   2.0663820e-02
   2.1951608e-02
   2.1226162e-02
   1.7375200e-02
   1.1405418e-02
   3.4245025e-03
   0.0000000e+00
   0.0000000e+00
   0.0000000e+00
   0.0000000e+00
   0.0000000e+00
   0.0000000e+00
   0.0000000e+00
   8.6520834e-03
   1.9345777e-03
   1.0270393e-02
   1.5791531e-02
   1.8814043e-02
   2.1233702e-02
   2.2777863e-02
   2.3010561e-02
   2.1086290e-02
   1.7333807e-02
   1.3236826e-02
   0.0000000e+00
   0.0000000e+00
   3.5078898e-03
   0.0000000e+00
   0.0000000e+00
   3.7458421e-03
   5.6873869e-04
  -3.5015409e-03
   3.5158794e-03
   1.1655264e-02
   7.1157007e-03
  -5.1663541e-03
  -1.1520626e-02
  -1.3095032e-02
  -1.3751705e-02
  -1.3931502e-02
  -1.3951902e-02
  -1.4140365e-02
  -1.4660494e-02
  -1.5308998e-02
  -1.6078653e-02
  -1.7265199e-02
  -1.8451240e-02
  -1.9676764e-02
  -2.1046720e-02
  -2.2028670e-02
  -2.2802604e-02
  -2.3323642e-02
  -2.3357091e-02
  -2.3031803e-02
  -2.2340473e-02
  -2.1675047e-02
  -2.0923354e-02
  -1.9156411e-02
  -1.6477566e-02
  -1.4005364e-02
   0.0000000e+00
   0.0000000e+00
   0.0000000e+00
   0.0000000e+00
   0.0000000e+00
   0.0000000e+00
   0.0000000e+00
   0.0000000e+00
  -1.1170487e-02
   2.0662492e-03
   8.8849403e-03
   1.1982531e-02
   1.6604187e-02
   1.7987475e-02
   1.7265772e-02
   1.4474964e-02
   9.6059442e-03
   2.3913581e-03
   0.0000000e+00
   0.0000000e+00
   0.0000000e+00
   0.0000000e+00
   0.0000000e+00
   0.0000000e+00
   0.0000000e+00
   3.5738823e-03
  -2.9309723e-03
   5.9915567e-03
   1.1982432e-02
   1.4865535e-02
   1.7115504e-02
   1.8517658e-02
   1.8906314e-02
   1.7340679e-02
   1.3634737e-02
   9.5617827e-03
   0.0000000e+00
   0.0000000e+00
   1.9761012e-03
   0.0000000e+00
   0.0000000e+00
   9.1868437e-04
  -8.8685134e-04
  -3.5015414e-03
   3.5158794e-03
   1.1363415e-02
   4.5996490e-03
  -4.8396667e-03
  -9.0249600e-03
  -9.6681975e-03
  -9.6680652e-03
  -9.3362313e-03
  -9.0169813e-03
  -8.8478178e-03
  -8.9361258e-03
  -9.2584882e-03
  -9.7438321e-03
  -1.0636605e-02
  -1.1593085e-02
  -1.2631385e-02
  -1.3908869e-02
  -1.5014738e-02
  -1.6173614e-02
  -1.7719708e-02
  -1.9097779e-02
  -2.0469930e-02
  -2.2149270e-02
  -2.3564745e-02
  -2.4886036e-02
  -2.4918480e-02
  -2.2808999e-02
  -1.9659415e-02
   0.0000000e+00
   0.0000000e+00
   0.0000000e+00
   0.0000000e+00
   0.0000000e+00
   0.0000000e+00
   0.0000000e+00
   0.0000000e+00
  -1.1170487e-02
  -1.8069381e-04
   5.0703911e-03
   8.6222235e-03
   1.3545378e-02
   1.5000617e-02
   1.4281744e-02
   1.2289727e-02
   8.2500940e-03
   1.6129154e-03
   0.0000000e+00
   0.0000000e+00
   0.0000000e+00
   0.0000000e+00
   0.0000000e+00
   0.0000000e+00
   0.0000000e+00
  -4.0786578e-03
  -6.5970155e-03
   2.7675845e-03
   9.1123916e-03
   1.1890457e-02
   1.4012568e-02
   1.5307723e-02
   1.5813891e-02
   1.4518475e-02
   1.0847596e-02
   6.7927483e-03
   0.0000000e+00
  -0.0000000e+00
  -2.1434212e-03
   0.0000000e+00
   0.0000000e+00
   2.5660200e-03
  -9.9278591e-04
  -9.3394308e-05
   5.4457206e-03
   8.8244919e-03
   3.8704711e-03
  -1.1326144e-03
  -2.9008801e-03
  -3.0453564e-03
  -2.8367755e-03
  -2.1958626e-03
  -1.3500522e-03
  -4.3215702e-04
   4.9262203e-04
   9.6823153e-04
   1.1656312e-03
   1.0401407e-03
   6.6577434e-04
   1.1316936e-04
  -7.5596769e-04
  -1.6602266e-03
  -2.7482482e-03
  -4.4530230e-03
  -6.3048620e-03
  -8.5771065e-03
  -1.2086496e-02
  -1.5800830e-02
  -2.0124460e-02
  -2.4820397e-02
  -2.5913198e-02
  -2.5959458e-02
   0.0000000e+00
   0.0000000e+00
   0.0000000e+00
   0.0000000e+00
   0.0000000e+00
   0.0000000e+00
  -0.0000000e+00
  -2.9722366e-02
  -1.7535025e-02
  -8.8285683e-03
  -5.1324787e-03
  -1.8734988e-03
   3.3915290e-03
   5.4850965e-03
   7.2233710e-03
   1.0176691e-02
   8.2192253e-03
   3.5684523e-03
   0.0000000e+00
   0.0000000e+00
   0.0000000e+00
   0.0000000e+00
   0.0000000e+00
   0.0000000e+00
   0.0000000e+00
   0.0000000e+00
  -1.1339209e-02
  -2.2087535e-03
   3.9443094e-03
   5.9968359e-03
   7.2657699e-03
   8.4651196e-03
   9.8544154e-03
   9.9202301e-03
   7.4457638e-03
   6.3416939e-03
   0.0000000e+00
  -0.0000000e+00
  -5.4827575e-03
   0.0000000e+00
   0.0000000e+00
   2.7754584e-03
  -6.5948535e-04
   1.1894593e-04
   4.4624181e-03
   6.3056313e-03
   1.8359995e-03
  -2.1868167e-03
  -3.6307308e-03
  -3.8126828e-03
  -3.6707995e-03
  -3.0169238e-03
  -2.0044066e-03
  -7.3695084e-04
   8.4280444e-04
   1.9460516e-03
   2.7572969e-03
   3.3122369e-03
   3.4418725e-03
   3.2990447e-03
   2.8249319e-03
   2.1686801e-03
   1.2159003e-03
  -5.4462621e-04
  -2.7049514e-03
  -5.5611781e-03
  -9.9856099e-03
  -1.4426665e-02
  -1.9339383e-02
  -2.4946800e-02
  -2.7889825e-02
  -2.8197318e-02
  -2.4978111e-02
   0.0000000e+00
   0.0000000e+00
   0.0000000e+00
   0.0000000e+00
   0.0000000e+00
  -0.0000000e+00
  -3.4759559e-02
  -2.4346057e-02
  -1.6091017e-02
  -1.1786357e-02
  -7.3787807e-03
  -6.4204872e-04
   2.7614892e-03
   6.2912131e-03
   1.0176691e-02
   9.1540511e-03
   4.8471456e-03
   0.0000000e+00
   0.0000000e+00
   0.0000000e+00
   0.0000000e+00
   0.0000000e+00
   0.0000000e+00
   0.0000000e+00
   0.0000000e+00
  -1.0578175e-02
  -3.6998452e-03
   1.5754445e-03
   3.0527685e-03
   4.5220791e-03
   6.4159143e-03
   8.2981903e-03
   8.6879404e-03
   5.6083328e-03
   3.8785471e-03
   0.0000000e+00
  -0.0000000e+00
  -9.9147050e-03
   0.0000000e+00
   0.0000000e+00
   3.0534239e-03
  -2.1713084e-04
   4.0076245e-04
   3.1573854e-03
   2.9626171e-03
  -8.6413867e-04
  -3.5859473e-03
  -4.5993849e-03
  -4.8310732e-03
  -4.7777119e-03
  -4.1066312e-03
  -2.8728619e-03
  -1.1414714e-03
   1.3075643e-03
   3.2438084e-03
   4.8697462e-03
   6.3277497e-03
   7.1262924e-03
   7.5273188e-03
   7.5774801e-03
   7.2503810e-03
   6.4770938e-03
   4.6425747e-03
   2.0728275e-03
  -1.5584575e-03
  -7.1973249e-03
  -1.2602884e-02
  -1.8297438e-02
  -2.5114564e-02
  -3.0513198e-02
  -3.1167392e-02
  -2.4978110e-02
   0.0000000e+00
   0.0000000e+00
   0.0000000e+00
   0.0000000e+00
   0.0000000e+00
  -4.5385606e-02
  -4.1444890e-02
  -3.3385619e-02
  -2.5729693e-02
  -2.0617343e-02
  -1.4685359e-02
  -5.9953876e-03
  -8.5326451e-04
   1.3425980e-03
   0.0000000e+00
   1.1635441e-02
   1.1635441e-02
   0.0000000e+00
   0.0000000e+00
   0.0000000e+00
   0.0000000e+00
   0.0000000e+00
   0.0000000e+00
   0.0000000e+00
   0.0000000e+00
  -9.5681387e-03
  -5.6788126e-03
  -1.5684982e-03
  -8.5457989e-04
   8.8066902e-04
   3.6962223e-03
   6.2327763e-03
   7.0524558e-03
   3.1697066e-03
   6.0947477e-04
   0.0000000e+00
  -0.0000000e+00
  -1.4172874e-02
   0.0000000e+00
   0.0000000e+00
   1.7712079e-03
   1.7804021e-05
  -4.4088927e-04
  -2.1164157e-04
  -3.1388858e-03
  -7.2174035e-03
  -1.0027053e-02
  -1.1883956e-02
  -1.3085522e-02
  -1.4154160e-02
  -1.4817781e-02
  -1.4537403e-02
  -1.3513578e-02
  -1.1315244e-02
  -8.9641130e-03
  -6.5135392e-03
  -3.8410430e-03
  -1.9448510e-03
  -4.2190033e-04
   1.0039519e-03
   1.8413179e-03
   2.1955138e-03
   1.6197294e-03
   1.1877983e-04
  -2.4066123e-03
  -6.7373244e-03
  -1.1318436e-02
  -1.6850807e-02
  -2.5807308e-02
  -3.6216598e-02
  -4.4799935e-02
  -3.5702916e-02
   0.0000000e+00
   0.0000000e+00
   0.0000000e+00
   0.0000000e+00
   0.0000000e+00
  -5.3836074e-02
  -5.1198870e-02
  -4.6755131e-02
  -4.0359154e-02
  -3.4273975e-02
  -2.5801301e-02
  -1.2399134e-02
  -4.9164585e-03
   1.3425980e-03
   0.0000000e+00
   0.0000000e+00
   0.0000000e+00
   0.0000000e+00
   0.0000000e+00
   0.0000000e+00
   0.0000000e+00
   0.0000000e+00
   0.0000000e+00
   0.0000000e+00
   0.0000000e+00
  -9.5681385e-03
  -6.3262167e-03
  -7.7803400e-03
  -7.9432782e-03
  -4.0471796e-03
   4.0449384e-03
   1.0194226e-02
   9.6924389e-03
   4.9533667e-03
  -2.5509253e-03
   0.0000000e+00
  -1.7310306e-02
  -1.4517589e-02
  -5.7209062e-03
  -2.0345256e-04
   1.3537157e-03
   2.7016833e-04
  -4.5160341e-04
  -1.0549249e-03
  -4.9096788e-03
  -9.3050627e-03
  -1.2488348e-02
  -1.5075286e-02
  -1.7019281e-02
  -1.8922338e-02
  -2.0620091e-02
  -2.1216996e-02
  -2.1060016e-02
  -1.9781601e-02
  -1.7957537e-02
  -1.5728941e-02
  -1.3015440e-02
  -1.0938955e-02
  -9.1345776e-03
  -7.2047175e-03
  -5.6985151e-03
  -4.3935189e-03
  -3.4877202e-03
  -3.5850867e-03
  -4.6932935e-03
  -7.5553139e-03
  -1.1280049e-02
  -1.6185552e-02
  -2.4629833e-02
  -3.7157618e-02
  -5.2294388e-02
  -4.2876343e-02
   0.0000000e+00
   0.0000000e+00
   0.0000000e+00
   0.0000000e+00
  -5.1029604e-02
  -5.4280177e-02
  -5.4085746e-02
  -5.0995670e-02
  -4.5583688e-02
  -3.9833844e-02
  -3.1269956e-02
  -1.5745290e-02
  -6.9840411e-03
   0.0000000e+00
   0.0000000e+00
   0.0000000e+00
   0.0000000e+00
   0.0000000e+00
   0.0000000e+00
   0.0000000e+00
   0.0000000e+00
   0.0000000e+00
   0.0000000e+00
   0.0000000e+00
   0.0000000e+00
   0.0000000e+00
  -3.0836491e-03
  -8.7452810e-03
  -1.1297967e-02
  -7.0596872e-03
   4.1005811e-03
   1.0826329e-02
   1.5467159e-02
   8.5059069e-03
  -8.2019251e-04
  -7.1949579e-03
   0.0000000e+00
  -1.5058846e-02
  -5.7209060e-03
  -9.7568560e-04
   8.5944675e-04
   7.6903419e-04
  -1.6468963e-04
  -1.7646700e-03
  -6.7605201e-03
  -1.1798289e-02
  -1.5816479e-02
  -1.9785824e-02
  -2.3094179e-02
  -2.6518813e-02
  -3.0122998e-02
  -3.2403440e-02
  -3.3996846e-02
  -3.4761272e-02
  -3.4314559e-02
  -3.2906799e-02
  -3.0548010e-02
  -2.8459569e-02
  -2.6417437e-02
  -2.3827080e-02
  -2.1199457e-02
  -1.8104730e-02
  -1.4225532e-02
  -1.1460228e-02
  -9.6879290e-03
  -9.6247883e-03
  -1.1666748e-02
  -1.5176968e-02
  -2.1639552e-02
  -3.7229517e-02
  -6.4643599e-02
  -5.5557423e-02
   0.0000000e+00
   0.0000000e+00
   0.0000000e+00
   0.0000000e+00
  -5.1029596e-02
  -5.4528599e-02
  -5.7174685e-02
  -5.5887940e-02
  -5.2293668e-02
  -4.7682752e-02
  -3.9848281e-02
  -2.1141576e-02
  -8.7738031e-03
   0.0000000e+00
   0.0000000e+00
   0.0000000e+00
   0.0000000e+00
   0.0000000e+00
   0.0000000e+00
   0.0000000e+00
   0.0000000e+00
   0.0000000e+00
   0.0000000e+00
   0.0000000e+00
   0.0000000e+00
   0.0000000e+00
   4.6842292e-03
  -8.6843550e-03
  -1.6460330e-02
  -1.3950917e-02
   0.0000000e+00
   0.0000000e+00
   2.7895955e-02
   1.6092846e-02
   3.4906234e-03
  -7.1949575e-03
   0.0000000e+00
  -1.5058846e-02
  -6.8105920e-03
  -1.2854394e-03
   6.2430840e-04
   1.5635743e-03
   1.3156682e-03
  -1.4880327e-04
  -5.1807965e-03
  -1.0438800e-02
  -1.4912987e-02
  -1.9892446e-02
  -2.4284609e-02
  -2.8874203e-02
  -3.3862988e-02
  -3.7348997e-02
  -4.0223605e-02
  -4.2770131e-02
  -4.3987110e-02
  -4.4161896e-02
  -4.3065953e-02
  -4.1447300e-02
  -3.9721722e-02
  -3.7556993e-02
  -3.5157152e-02
  -3.1703265e-02
  -2.5806764e-02
  -2.0144230e-02
  -1.5043753e-02
  -1.1395336e-02
  -1.1326990e-02
  -1.4905394e-02
  -1.7300502e-02
  -2.1377172e-02
  -6.4643601e-02
  -7.1035262e-02
   0.0000000e+00
   0.0000000e+00
   0.0000000e+00
  -0.0000000e+00
  -4.3068081e-02
  -5.0925299e-02
  -5.4436266e-02
  -5.5689476e-02
  -5.5691115e-02
  -5.4488406e-02
  -5.0274669e-02
  -3.3377036e-02
  -8.7738023e-03
   0.0000000e+00
   0.0000000e+00
   0.0000000e+00
   0.0000000e+00
   0.0000000e+00
   0.0000000e+00
   0.0000000e+00
   0.0000000e+00
   0.0000000e+00
   0.0000000e+00
   0.0000000e+00
   0.0000000e+00
   0.0000000e+00
   1.1705753e-02
  -9.1431476e-04
  -1.6365492e-02
  -2.1833161e-02
   0.0000000e+00
   0.0000000e+00
   3.1947477e-02
   2.4755973e-02
   1.1148707e-02
  -7.1949580e-03
   0.0000000e+00
   0.0000000e+00
  -8.9918505e-03
  -2.5231372e-03
  -2.7138650e-04
   1.4492508e-03
   1.8488945e-03
   7.4900489e-04
  -3.9250706e-03
  -9.0622491e-03
  -1.3601391e-02
  -1.8937510e-02
  -2.3800109e-02
  -2.8940754e-02
  -3.4607325e-02
  -3.8667507e-02
  -4.2135272e-02
  -4.5489524e-02
  -4.7476476e-02
  -4.8427135e-02
  -4.8113085e-02
  -4.6904059e-02
  -4.5433410e-02
  -4.3565162e-02
  -4.1464789e-02
  -3.8174205e-02
  -3.1694107e-02
  -2.4733704e-02
  -1.7864611e-02
  -1.1967764e-02
  -1.0457859e-02
  -1.4504299e-02
  -1.6770163e-02
  -1.0733594e-02
   0.0000000e+00
  -0.0000000e+00
  -0.0000000e+00
  -0.0000000e+00
  -1.5176751e-02
  -3.1112079e-02
  -3.9491471e-02
  -4.8263840e-02
  -5.2691107e-02
  -5.5644289e-02
  -5.8036059e-02
  -5.8996410e-02
  -5.7088118e-02
  -4.3613101e-02
   0.0000000e+00
   0.0000000e+00
   0.0000000e+00
   0.0000000e+00
   0.0000000e+00
   0.0000000e+00
   0.0000000e+00
   0.0000000e+00
   0.0000000e+00
   0.0000000e+00
   0.0000000e+00
   0.0000000e+00
   0.0000000e+00
   0.0000000e+00
   1.6599666e-02
   3.3716728e-03
  -1.5079223e-02
  -2.4060048e-02
   0.0000000e+00
   0.0000000e+00
   3.2105282e-02
   2.8331822e-02
   2.2513639e-02
   0.0000000e+00
   0.0000000e+00
   0.0000000e+00
  -1.5897201e-02
  -6.8354108e-03
  -3.3780676e-03
  -1.7544164e-07
   1.9867997e-03
   2.1006266e-03
  -1.1658942e-03
  -5.5622664e-03
  -9.7661953e-03
  -1.5169077e-02
  -2.0437133e-02
  -2.6186232e-02
  -3.2662798e-02
  -3.7367548e-02
  -4.1455495e-02
  -4.5606465e-02
  -4.8397727e-02
  -5.0278721e-02
  -5.1326179e-02
  -5.1075386e-02
  -5.0170157e-02
  -4.8886130e-02
  -4.7633995e-02
  -4.5423175e-02
  -3.9299184e-02
  -3.1101709e-02
  -2.1755215e-02
  -1.1884227e-02
  -7.5858093e-03
  -1.3325440e-02
  -2.1468062e-02
   0.0000000e+00
   0.0000000e+00
  -4.2669717e-02
  -1.9187927e-02
  -5.3140488e-03
  -1.5176751e-02
  -2.4996792e-02
  -3.3511943e-02
  -4.2741669e-02
  -4.9549852e-02
  -5.5725836e-02
  -6.2617160e-02
  -6.7453057e-02
  -6.9690491e-02
  -6.1716016e-02
   0.0000000e+00
   0.0000000e+00
   0.0000000e+00
   0.0000000e+00
   0.0000000e+00
   0.0000000e+00
   0.0000000e+00
   0.0000000e+00
   0.0000000e+00
   0.0000000e+00
   0.0000000e+00
   0.0000000e+00
   0.0000000e+00
   0.0000000e+00
   2.6248532e-02
   9.7523836e-03
  -1.0307749e-02
  -2.2465322e-02
   0.0000000e+00
   0.0000000e+00
   2.7531986e-02
   3.0870984e-02
   2.6626758e-02
   0.0000000e+00
   0.0000000e+00
  -2.9992287e-02
  -2.2073776e-02
  -1.3612693e-02
  -8.5934680e-03
  -4.5268233e-03
  -1.3621300e-03
   4.3469082e-04
  -3.7835448e-04
  -3.2958903e-03
  -6.5853316e-03
  -1.1298503e-02
  -1.6443707e-02
  -2.2270527e-02
  -2.9048659e-02
  -3.4075357e-02
  -3.8432378e-02
  -4.2880569e-02
  -4.5860093e-02
  -4.7899723e-02
  -4.9403384e-02
  -4.9745813e-02
  -4.9413353e-02
  -4.8605032e-02
  -4.7749866e-02
  -4.6336886e-02
  -4.1488502e-02
  -3.3841334e-02
  -2.3785116e-02
  -1.1801483e-02
  -5.2282782e-03
  -9.3355841e-03
  -2.1468064e-02
   0.0000000e+00
   0.0000000e+00
  -2.5380943e-02
  -8.4547494e-03
  -1.1040504e-03
  -8.8860979e-03
  -1.8204063e-02
  -2.6255656e-02
  -3.5883490e-02
  -4.4219740e-02
  -5.2794922e-02
  -6.3902527e-02
  -7.3052503e-02
  -8.0020040e-02
  -7.5835471e-02
   0.0000000e+00
   0.0000000e+00
   0.0000000e+00
   0.0000000e+00
   0.0000000e+00
   0.0000000e+00
   0.0000000e+00
   0.0000000e+00
   0.0000000e+00
   0.0000000e+00
   0.0000000e+00
   0.0000000e+00
   0.0000000e+00
   0.0000000e+00
   2.9771253e-02
   1.9866027e-02
  -4.1043628e-03
  -1.8406242e-02
   0.0000000e+00
   0.0000000e+00
   3.1480822e-02
   3.4993247e-02
   2.6626760e-02
   0.0000000e+00
   0.0000000e+00
  -2.9992290e-02
  -2.6140641e-02
  -1.8844919e-02
  -1.2590999e-02
  -8.0193272e-03
  -4.3341843e-03
  -1.5485864e-03
  -5.9970620e-04
  -2.2468445e-03
  -4.6987915e-03
  -8.7758675e-03
  -1.3705462e-02
  -1.9457761e-02
  -2.6364034e-02
  -3.1585462e-02
  -3.6095906e-02
  -4.0704027e-02
  -4.3744987e-02
  -4.5813248e-02
  -4.7430117e-02
  -4.8030773e-02
  -4.8030686e-02
  -4.7523540e-02
  -4.6890305e-02
  -4.5950662e-02
  -4.2128220e-02
  -3.5259760e-02
  -2.5271917e-02
  -1.2024468e-02
  -4.3188504e-03
  -1.9117335e-03
   0.0000000e+00
   0.0000000e+00
  -3.9551837e-03
  -1.4812344e-02
  -2.2198681e-03
   1.6667540e-03
  -4.7228015e-03
  -1.3329692e-02
  -2.0951457e-02
  -3.0613087e-02
  -3.9653300e-02
  -4.9540952e-02
  -6.3268051e-02
  -7.5394517e-02
  -8.5994124e-02
  -8.5138063e-02
   0.0000000e+00
   0.0000000e+00
   0.0000000e+00
   0.0000000e+00
   0.0000000e+00
   0.0000000e+00
   0.0000000e+00
   0.0000000e+00
   0.0000000e+00
   0.0000000e+00
   0.0000000e+00
   0.0000000e+00
   0.0000000e+00
   0.0000000e+00
   0.0000000e+00
   2.5227969e-02
   1.8142506e-03
  -1.6518077e-02
   0.0000000e+00
   0.0000000e+00
   0.0000000e+00
   0.0000000e+00
   0.0000000e+00
   0.0000000e+00
   0.0000000e+00
   0.0000000e+00
  -3.1784058e-02
  -2.8676701e-02
  -2.0020407e-02
  -1.4575827e-02
  -1.1020178e-02
  -7.2611665e-03
  -3.3781108e-03
  -2.2714549e-03
  -2.7751263e-03
  -5.3617540e-03
  -9.5421802e-03
  -1.4771253e-02
  -2.1620122e-02
  -2.7054182e-02
  -3.1698200e-02
  -3.6408780e-02
  -3.9326194e-02
  -4.1180883e-02
  -4.2329720e-02
  -4.2846590e-02
  -4.3158250e-02
  -4.3028730e-02
  -4.2571757e-02
  -4.2115310e-02
  -4.0337882e-02
  -3.5940675e-02
  -2.7836900e-02
  -1.3260631e-02
  -6.0891331e-03
   0.0000000e+00
   0.0000000e+00
   0.0000000e+00
  -3.9551836e-03
  -2.8685205e-03
   3.6524626e-03
   5.5076764e-03
   1.1256428e-03
  -5.2236793e-03
  -1.1832794e-02
  -2.0778698e-02
  -2.9786559e-02
  -4.0602843e-02
  -5.7441756e-02
  -7.4152623e-02
  -9.1521065e-02
  -9.8066476e-02
   0.0000000e+00
   0.0000000e+00
   0.0000000e+00
   0.0000000e+00
   0.0000000e+00
   0.0000000e+00
   0.0000000e+00
   0.0000000e+00
   0.0000000e+00
   0.0000000e+00
   0.0000000e+00
   0.0000000e+00
   0.0000000e+00
   0.0000000e+00
   0.0000000e+00
   3.1443625e-02
   1.6153136e-02
   0.0000000e+00
   0.0000000e+00
   0.0000000e+00
   0.0000000e+00
   0.0000000e+00
   0.0000000e+00
   0.0000000e+00
   0.0000000e+00
   0.0000000e+00
  -3.4454612e-02
  -3.5296406e-02
  -2.6359071e-02
  -1.8577758e-02
  -1.5510780e-02
  -1.2250292e-02
  -7.6427609e-03
  -4.6907555e-03
  -2.9069973e-03
  -3.4448947e-03
  -6.5544724e-03
  -1.1008774e-02
  -1.7382175e-02
  -2.2874572e-02
  -2.7718693e-02
  -3.2567501e-02
  -3.5330049e-02
  -3.7047501e-02
  -3.7747751e-02
  -3.7639621e-02
  -3.7437937e-02
  -3.7229906e-02
  -3.7373345e-02
  -3.7978011e-02
  -3.8291681e-02
  -3.6486599e-02
  -3.0908322e-02
  -1.5129441e-02
  -6.0891328e-03
   0.0000000e+00
   0.0000000e+00
   0.0000000e+00
  -5.1170695e-03
  -2.1345217e-03
   3.5686875e-03
   5.8016440e-03
   3.3880908e-03
  -1.0285210e-03
  -6.4099056e-03
  -1.4303042e-02
  -2.2531548e-02
  -3.2792240e-02
  -4.9489481e-02
  -6.7296124e-02
  -8.7738854e-02
  -1.0071643e-01
   0.0000000e+00
   0.0000000e+00
   0.0000000e+00
   0.0000000e+00
   0.0000000e+00
   0.0000000e+00
   0.0000000e+00
   0.0000000e+00
   0.0000000e+00
   0.0000000e+00
   0.0000000e+00
   0.0000000e+00
   0.0000000e+00
   0.0000000e+00
   0.0000000e+00
   0.0000000e+00
   2.0936351e-02
   0.0000000e+00
   0.0000000e+00
   0.0000000e+00
   0.0000000e+00
   0.0000000e+00
   0.0000000e+00
   0.0000000e+00
   0.0000000e+00
   0.0000000e+00
  -0.0000000e+00
  -3.8747027e-02
  -3.0784441e-02
  -2.1129855e-02
  -1.8116639e-02
  -1.5227616e-02
  -1.0510462e-02
  -6.6225775e-03
  -3.3830644e-03
  -2.2561412e-03
  -4.3126282e-03
  -8.0128270e-03
  -1.3834040e-02
  -1.9201610e-02
  -2.4138823e-02
  -2.9125120e-02
  -3.1835167e-02
  -3.3495559e-02
  -3.4024911e-02
  -3.3574628e-02
  -3.3050886e-02
  -3.2895586e-02
  -3.3623813e-02
  -3.5171191e-02
  -3.7099915e-02
  -3.7205709e-02
  -3.2955742e-02
  -1.6263237e-02
   0.0000000e+00
   0.0000000e+00
   0.0000000e+00
   6.2484742e-03
  -4.7174599e-03
  -2.1758814e-03
   2.8719748e-03
   5.3659392e-03
   4.0975309e-03
   1.0931737e-03
  -3.1933274e-03
  -1.0142042e-02
  -1.7713263e-02
  -2.7420567e-02
  -4.3716050e-02
  -6.1941002e-02
  -8.3924991e-02
  -1.0159365e-01
   0.0000000e+00
   0.0000000e+00
   0.0000000e+00
   0.0000000e+00
   0.0000000e+00
   0.0000000e+00
   0.0000000e+00
   0.0000000e+00
   0.0000000e+00
   0.0000000e+00
   0.0000000e+00
   0.0000000e+00
   0.0000000e+00
   0.0000000e+00
   0.0000000e+00
   0.0000000e+00
   2.1491136e-02
   0.0000000e+00
   0.0000000e+00
   0.0000000e+00
   0.0000000e+00
   0.0000000e+00
   0.0000000e+00
   0.0000000e+00
   0.0000000e+00
   0.0000000e+00
   0.0000000e+00
  -4.1795928e-02
  -3.6142023e-02
  -2.3671557e-02
  -2.0072235e-02
  -1.7685991e-02
  -1.3733743e-02
  -9.5113989e-03
  -4.8294507e-03
  -1.1557217e-03
  -1.2451698e-03
  -3.5493789e-03
  -8.2030899e-03
  -1.3044422e-02
  -1.7988756e-02
  -2.3234358e-02
  -2.6006855e-02
  -2.7685973e-02
  -2.8330794e-02
  -2.7679705e-02
  -2.6848410e-02
  -2.7000560e-02
  -2.8812012e-02
  -3.1958089e-02
  -3.6193631e-02
  -3.8842032e-02
  -3.5214872e-02
   0.0000000e+00
   0.0000000e+00
   0.0000000e+00
   0.0000000e+00
   6.2484741e-03
  -2.2971492e-03
  -3.4807141e-03
   5.8246479e-04
   3.3862681e-03
   2.9850230e-03
   1.8329841e-03
  -5.8934875e-04
  -5.9201906e-03
  -1.2439243e-02
  -2.1101633e-02
  -3.6224541e-02
  -5.4170369e-02
  -7.6649369e-02
  -1.0045142e-01
   0.0000000e+00
   0.0000000e+00
   0.0000000e+00
   0.0000000e+00
   0.0000000e+00
   0.0000000e+00
   0.0000000e+00
   0.0000000e+00
   0.0000000e+00
   0.0000000e+00
   0.0000000e+00
   0.0000000e+00
   0.0000000e+00
   0.0000000e+00
   0.0000000e+00
  -1.0589949e-03
  -1.0589949e-03
   0.0000000e+00
   0.0000000e+00
   0.0000000e+00
   0.0000000e+00
   0.0000000e+00
   0.0000000e+00
   0.0000000e+00
   0.0000000e+00
   0.0000000e+00
   0.0000000e+00
  -0.0000000e+00
  -4.0530376e-02
  -2.8823342e-02
  -2.3098540e-02
  -1.7919231e-02
  -1.3400621e-02
  -9.5317261e-03
  -4.9236440e-03
  -1.8512542e-04
   1.4025748e-03
   6.2864379e-04
  -2.3432679e-03
  -6.3380343e-03
  -1.0875789e-02
  -1.6006561e-02
  -1.8990666e-02
  -2.0840775e-02
  -2.1708397e-02
  -2.1478048e-02
  -2.1061078e-02
  -2.2036053e-02
  -2.4962494e-02
  -2.9734345e-02
  -3.6381561e-02
  -3.9971665e-02
  -3.7980078e-02
   0.0000000e+00
   0.0000000e+00
   0.0000000e+00
   0.0000000e+00
   1.0048103e-02
  -6.3236931e-04
  -2.7557986e-03
   5.3616043e-04
   3.5958069e-03
   2.5020326e-03
   1.1415908e-03
  -4.6673240e-04
  -4.3012672e-03
  -9.2810513e-03
  -1.6285721e-02
  -2.9640526e-02
  -4.6508957e-02
  -6.8444915e-02
  -9.3205819e-02
  -9.8338171e-02
   0.0000000e+00
   0.0000000e+00
   0.0000000e+00
   0.0000000e+00
   0.0000000e+00
   0.0000000e+00
   0.0000000e+00
   0.0000000e+00
   0.0000000e+00
   0.0000000e+00
   0.0000000e+00
   0.0000000e+00
   0.0000000e+00
   0.0000000e+00
  -1.0589950e-03
  -1.0589950e-03
   0.0000000e+00
   0.0000000e+00
   0.0000000e+00
   0.0000000e+00
   0.0000000e+00
   0.0000000e+00
   0.0000000e+00
   0.0000000e+00
   0.0000000e+00
   0.0000000e+00
  -0.0000000e+00
  -4.0426631e-02
  -2.9817857e-02
  -2.5320100e-02
  -1.8939625e-02
  -1.2296572e-02
  -8.0541996e-03
  -3.4792367e-03
   1.4794171e-03
   3.7335162e-03
   3.6873622e-03
   1.6529456e-03
  -1.8335607e-03
  -6.1063347e-03
  -1.1028418e-02
  -1.4055194e-02
  -1.5935862e-02
  -1.6791925e-02
  -1.6798211e-02
  -1.6706448e-02
  -1.8319903e-02
  -2.2136708e-02
  -2.8328843e-02
  -3.6987897e-02
  -4.0403160e-02
  -4.0385908e-02
   0.0000000e+00
   0.0000000e+00
   0.0000000e+00
   0.0000000e+00
   1.1084194e-02
  -1.7841389e-04
  -2.1444862e-03
   1.3167007e-03
   4.9510659e-03
   3.8116227e-03
   1.7686778e-03
   3.5186240e-05
  -3.2832923e-03
  -7.5237044e-03
  -1.3351248e-02
  -2.4943788e-02
  -4.0349114e-02
  -6.1335504e-02
  -8.8089600e-02
  -9.6892293e-02
   0.0000000e+00
   0.0000000e+00
   0.0000000e+00
   0.0000000e+00
   0.0000000e+00
   0.0000000e+00
   0.0000000e+00
   0.0000000e+00
   0.0000000e+00
   0.0000000e+00
   0.0000000e+00
   0.0000000e+00
   0.0000000e+00
   0.0000000e+00
   0.0000000e+00
   0.0000000e+00
   0.0000000e+00
   0.0000000e+00
   0.0000000e+00
   0.0000000e+00
   0.0000000e+00
   0.0000000e+00
   0.0000000e+00
   0.0000000e+00
   0.0000000e+00
   0.0000000e+00
   0.0000000e+00
  -3.7562055e-02
  -2.9139990e-02
  -2.7627092e-02
  -2.0520398e-02
  -1.0622572e-02
  -5.6039225e-03
  -1.0504011e-03
   3.7922475e-03
   6.3917665e-03
   6.8586059e-03
   5.6154099e-03
   2.5872421e-03
  -1.4309061e-03
  -6.0599325e-03
  -9.0618804e-03
  -1.0915997e-02
  -1.1652586e-02
  -1.1860289e-02
  -1.2119163e-02
  -1.4416793e-02
  -1.9202314e-02
  -2.7008541e-02
  -3.7904982e-02
  -4.0607147e-02
  -3.9377674e-02
   0.0000000e+00
   0.0000000e+00
   0.0000000e+00
   0.0000000e+00
   0.0000000e+00
   0.0000000e+00
   5.8912963e-04
   2.6271429e-03
   7.0957760e-03
   6.1928760e-03
   3.1162133e-03
   8.0919813e-04
  -2.3307800e-03
  -6.0430942e-03
  -1.0672648e-02
  -2.0150198e-02
  -3.3623621e-02
  -5.3285792e-02
  -8.2084924e-02
  -9.4503462e-02
   0.0000000e+00
   0.0000000e+00
   0.0000000e+00
   0.0000000e+00
   0.0000000e+00
   0.0000000e+00
   0.0000000e+00
   0.0000000e+00
   0.0000000e+00
   0.0000000e+00
   0.0000000e+00
   0.0000000e+00
   0.0000000e+00
   0.0000000e+00
   0.0000000e+00
   0.0000000e+00
   0.0000000e+00
   0.0000000e+00
   0.0000000e+00
   0.0000000e+00
   0.0000000e+00
   0.0000000e+00
   0.0000000e+00
   0.0000000e+00
   0.0000000e+00
   0.0000000e+00
   0.0000000e+00
  -2.5491650e-02
   0.0000000e+00
  -2.5396238e-02
  -2.5593813e-02
  -1.1365650e-02
  -1.2532378e-03
   5.2769111e-03
   1.0379045e-02
   1.2527117e-02
   1.2954362e-02
   1.1886771e-02
   8.9219194e-03
   4.6553337e-03
   3.6151932e-04
  -2.3258255e-03
  -3.8099620e-03
  -3.9140113e-03
  -3.9045844e-03
  -4.1602125e-03
  -7.2788374e-03
  -1.4066499e-02
  -2.5310913e-02
  -3.9655665e-02
  -4.2726888e-02
   0.0000000e+00
   0.0000000e+00
   0.0000000e+00
   0.0000000e+00
   0.0000000e+00
   0.0000000e+00
   0.0000000e+00
   0.0000000e+00
   6.5774153e-03
   1.0555443e-02
   1.2021602e-02
   9.0531982e-03
   5.8573583e-03
   2.2701392e-03
  -1.7416943e-03
  -6.2479917e-03
  -1.3608867e-02
  -2.3848873e-02
  -3.9216890e-02
  -6.5884074e-02
  -8.1207538e-02
  -8.2417288e-02
   0.0000000e+00
   0.0000000e+00
   0.0000000e+00
   0.0000000e+00
   0.0000000e+00
   0.0000000e+00
   0.0000000e+00
   0.0000000e+00
   0.0000000e+00
   0.0000000e+00
   0.0000000e+00
   0.0000000e+00
   0.0000000e+00
   0.0000000e+00
   0.0000000e+00
   0.0000000e+00
   0.0000000e+00
   0.0000000e+00
   0.0000000e+00
   0.0000000e+00
   0.0000000e+00
   0.0000000e+00
   0.0000000e+00
   0.0000000e+00
   0.0000000e+00
   0.0000000e+00
  -2.5491647e-02
   0.0000000e+00
  -0.0000000e+00
  -2.8787291e-02
  -1.4785178e-02
  -6.4289547e-04
   8.4687266e-03
   1.4236733e-02
   1.5988544e-02
   1.6209116e-02
   1.5307739e-02
   1.2490891e-02
   8.0410307e-03
   3.7711337e-03
   1.5984012e-03
   7.3270407e-04
   1.4092758e-03
   1.8344152e-03
   1.6663326e-03
  -1.9771920e-03
  -1.0318805e-02
  -2.4010636e-02
  -3.9096039e-02
  -3.9276011e-02
   0.0000000e+00
   0.0000000e+00
   0.0000000e+00
   0.0000000e+00
   0.0000000e+00
   0.0000000e+00
   0.0000000e+00
   0.0000000e+00
   7.7784309e-03
   1.1255780e-02
   1.3748224e-02
   1.2452150e-02
   1.0037594e-02
   6.7461235e-03
   2.9410506e-03
  -1.7487241e-03
  -8.9217713e-03
  -1.8092237e-02
  -3.1199167e-02
  -5.4202918e-02
  -6.9732651e-02
  -7.1684837e-02
   0.0000000e+00
   0.0000000e+00
   0.0000000e+00
   0.0000000e+00
  -0.0000000e+00
  -1.8434722e-02
  -2.0839210e-02
  -2.1304253e-02
  -1.7643897e-02
   0.0000000e+00
   0.0000000e+00
   0.0000000e+00
   0.0000000e+00
   0.0000000e+00
   0.0000000e+00
   0.0000000e+00
   0.0000000e+00
   0.0000000e+00
   0.0000000e+00
   0.0000000e+00
   0.0000000e+00
   0.0000000e+00
   0.0000000e+00
   0.0000000e+00
   0.0000000e+00
   0.0000000e+00
   0.0000000e+00
   0.0000000e+00
   0.0000000e+00
  -3.3442517e-02
  -1.8584121e-02
  -1.0692038e-03
   1.0124892e-02
   1.6648412e-02
   1.8192679e-02
   1.8142601e-02
   1.7324703e-02
   1.4954630e-02
   1.0807960e-02
   7.1017323e-03
   5.7541616e-03
   5.7276767e-03
   7.3051797e-03
   8.1811035e-03
   8.1051486e-03
   4.0626219e-03
  -5.8906958e-03
  -2.2468483e-02
  -3.7845271e-02
  -3.7476117e-02
   0.0000000e+00
   0.0000000e+00
   0.0000000e+00
   0.0000000e+00
   0.0000000e+00
   0.0000000e+00
   0.0000000e+00
   0.0000000e+00
   0.0000000e+00
   1.1577505e-02
   1.4703201e-02
   1.4904866e-02
   1.3778939e-02
   1.1321487e-02
   7.9817334e-03
   3.4659505e-03
  -3.5521595e-03
  -1.1964505e-02
  -2.3190789e-02
  -4.2384803e-02
  -5.7311807e-02
  -5.9894592e-02
   0.0000000e+00
   0.0000000e+00
   0.0000000e+00
  -0.0000000e+00
  -1.8689774e-02
  -1.8258412e-02
  -2.0839209e-02
  -2.1304252e-02
  -1.7643898e-02
   0.0000000e+00
   0.0000000e+00
   0.0000000e+00
   0.0000000e+00
   0.0000000e+00
   0.0000000e+00
   0.0000000e+00
   0.0000000e+00
   0.0000000e+00
   0.0000000e+00
   0.0000000e+00
   0.0000000e+00
   0.0000000e+00
   0.0000000e+00
   0.0000000e+00
   0.0000000e+00
   0.0000000e+00
   0.0000000e+00
  -0.0000000e+00
  -3.3870567e-02
  -3.8601895e-02
  -2.2927623e-02
  -3.0353572e-03
   9.5124599e-03
   1.6833251e-02
   1.8436724e-02
   1.8183926e-02
   1.7553635e-02
   1.6070554e-02
   1.2913122e-02
   1.0465696e-02
   1.0249643e-02
   1.1245465e-02
   1.3846796e-02
   1.5207605e-02
   1.5225670e-02
   1.0972047e-02
  -5.7401304e-04
  -2.0344952e-02
  -3.4473896e-02
   0.0000000e+00
   0.0000000e+00
   0.0000000e+00
   0.0000000e+00
   0.0000000e+00
   0.0000000e+00
   0.0000000e+00
   0.0000000e+00
   0.0000000e+00
   0.0000000e+00
   1.1437108e-02
   1.4599651e-02
   1.6104342e-02
   1.6789826e-02
   1.5737364e-02
   1.3139896e-02
   9.2477631e-03
   2.5166764e-03
  -5.4394687e-03
  -1.5290027e-02
  -3.0626453e-02
  -4.4197012e-02
  -4.7364548e-02
   0.0000000e+00
   0.0000000e+00
  -1.5193895e-02
  -1.7627450e-02
  -1.8130498e-02
  -1.6663093e-02
   0.0000000e+00
   0.0000000e+00
   0.0000000e+00
   0.0000000e+00
   0.0000000e+00
   0.0000000e+00
   0.0000000e+00
   0.0000000e+00
   0.0000000e+00
   0.0000000e+00
   0.0000000e+00
   0.0000000e+00
   0.0000000e+00
   0.0000000e+00
   0.0000000e+00
   0.0000000e+00
   0.0000000e+00
   0.0000000e+00
   0.0000000e+00
   0.0000000e+00
   0.0000000e+00
  -2.9236894e-02
  -3.3870564e-02
  -4.3983981e-02
  -2.9648836e-02
  -9.4288800e-03
   3.0568438e-03
   1.0846367e-02
   1.3107826e-02
   1.3916278e-02
   1.5380596e-02
   1.6109245e-02
   1.5686386e-02
   1.5844366e-02
   1.6745118e-02
   1.8477472e-02
   2.2288969e-02
   2.4220786e-02
   2.4327593e-02
   2.0292524e-02
   7.5243374e-03
  -1.4633134e-02
  -2.3543958e-02
   0.0000000e+00
   0.0000000e+00
   0.0000000e+00
   0.0000000e+00
   0.0000000e+00
   0.0000000e+00
   0.0000000e+00
   0.0000000e+00
   0.0000000e+00
   0.0000000e+00
   1.0572061e-02
   1.2391452e-02
   1.5495125e-02
   1.8171418e-02
   1.8736567e-02
   1.7026793e-02
   1.4493175e-02
   9.7295390e-03
   2.7072069e-03
  -6.2731162e-03
  -1.7819900e-02
  -3.0908959e-02
  -3.5540174e-02
   0.0000000e+00
   0.0000000e+00
  -1.5193894e-02
  -1.0028751e-02
  -1.2011034e-02
  -1.3494907e-02
   0.0000000e+00
   0.0000000e+00
   0.0000000e+00
   0.0000000e+00
   0.0000000e+00
   0.0000000e+00
   0.0000000e+00
   0.0000000e+00
   0.0000000e+00
   0.0000000e+00
   0.0000000e+00
   0.0000000e+00
   0.0000000e+00
   0.0000000e+00
   0.0000000e+00
   0.0000000e+00
   0.0000000e+00
   0.0000000e+00
   0.0000000e+00
   0.0000000e+00
   0.0000000e+00
  -2.9236893e-02
  -3.9668809e-02
  -4.9313702e-02
  -3.9929844e-02
  -2.1073917e-02
  -6.0835662e-03
   4.9019502e-03
   9.5826983e-03
   1.3252693e-02
   1.7005282e-02
   1.9486319e-02
   2.0754896e-02
   2.0994816e-02
   2.2986934e-02
   2.5247065e-02
   2.9224601e-02
   3.1928785e-02
   3.2479130e-02
   2.9102407e-02
   1.6850876e-02
  -4.6838699e-03
  -2.3543959e-02
   0.0000000e+00
   0.0000000e+00
   0.0000000e+00
   0.0000000e+00
   0.0000000e+00
   0.0000000e+00
   0.0000000e+00
   0.0000000e+00
   0.0000000e+00
   0.0000000e+00
   1.0572061e-02
   1.2297608e-02
   1.3955589e-02
   1.7786838e-02
   1.9598907e-02
   1.8329538e-02
   1.6573982e-02
   1.3565785e-02
   8.9371884e-03
   8.9617487e-04
  -6.7817187e-03
  -1.6878782e-02
  -1.9344384e-02
   0.0000000e+00
   0.0000000e+00
  -1.6786804e-02
  -1.0028751e-02
  -1.2011034e-02
  -1.3494907e-02
   0.0000000e+00
   0.0000000e+00
   0.0000000e+00
   0.0000000e+00
   0.0000000e+00
   0.0000000e+00
   0.0000000e+00
   0.0000000e+00
   0.0000000e+00
   0.0000000e+00
   0.0000000e+00
   0.0000000e+00
   0.0000000e+00
   0.0000000e+00
   0.0000000e+00
   0.0000000e+00
   0.0000000e+00
   0.0000000e+00
   0.0000000e+00
   0.0000000e+00
   0.0000000e+00
   0.0000000e+00
  -0.0000000e+00
  -4.6410830e-02
  -3.6724456e-02
  -2.0058498e-02
  -3.9542057e-03
   7.8125140e-03
   1.2901021e-02
   1.6397063e-02
   2.0232273e-02
   2.2763710e-02
   2.4110857e-02
   2.4487998e-02
   2.6685741e-02
   2.9527327e-02
   3.4259163e-02
   3.7489265e-02
   3.9203346e-02
   3.6184546e-02
   2.6196204e-02
   8.5998829e-03
   0.0000000e+00
   0.0000000e+00
   0.0000000e+00
   0.0000000e+00
   0.0000000e+00
   0.0000000e+00
   0.0000000e+00
   0.0000000e+00
   0.0000000e+00
   0.0000000e+00
   0.0000000e+00
   0.0000000e+00
   0.0000000e+00
   1.3704232e-02
   1.6157749e-02
   1.7105429e-02
   1.7786415e-02
   1.7652329e-02
   1.5555102e-02
   1.3014471e-02
   6.7869080e-03
   1.9189760e-03
  -4.6557710e-03
  -5.4462724e-03
   0.0000000e+00
   0.0000000e+00
  -1.7046875e-02
   0.0000000e+00
   0.0000000e+00
   0.0000000e+00
   0.0000000e+00
  -0.0000000e+00
  -0.0000000e+00
   0.0000000e+00
   0.0000000e+00
   0.0000000e+00
   0.0000000e+00
   0.0000000e+00
   0.0000000e+00
   0.0000000e+00
   0.0000000e+00
   0.0000000e+00
   0.0000000e+00
   0.0000000e+00
   0.0000000e+00
   0.0000000e+00
   0.0000000e+00
   0.0000000e+00
   0.0000000e+00
   0.0000000e+00
   0.0000000e+00
   0.0000000e+00
   0.0000000e+00
  -3.9278723e-02
  -2.5445653e-02
  -1.2753240e-02
   1.2330053e-03
   1.0137864e-02
   1.4776480e-02
   1.6956614e-02
   2.1395022e-02
   2.3250308e-02
   2.4714619e-02
   2.5009772e-02
   2.7789908e-02
   3.1286508e-02
   3.7515365e-02
   4.1502029e-02
   4.4460222e-02
   4.2511474e-02
   3.4352906e-02
   2.0807477e-02
   0.0000000e+00
   0.0000000e+00
   0.0000000e+00
   0.0000000e+00
   0.0000000e+00
   0.0000000e+00
   0.0000000e+00
   0.0000000e+00
   0.0000000e+00
   0.0000000e+00
   0.0000000e+00
   0.0000000e+00
   0.0000000e+00
   0.0000000e+00
   1.5169339e-02
   1.5800724e-02
   1.7599244e-02
   1.9006208e-02
   1.8133249e-02
   1.6498210e-02
   1.2612403e-02
   9.5979944e-03
   6.7449193e-03
   8.8616737e-03
   5.4244127e-03
   0.0000000e+00
   0.0000000e+00
   0.0000000e+00
   0.0000000e+00
   0.0000000e+00
   0.0000000e+00
  -0.0000000e+00
  -0.0000000e+00
   0.0000000e+00
   0.0000000e+00
   0.0000000e+00
   0.0000000e+00
   0.0000000e+00
   0.0000000e+00
   0.0000000e+00
   0.0000000e+00
   0.0000000e+00
   0.0000000e+00
   0.0000000e+00
   0.0000000e+00
   0.0000000e+00
   0.0000000e+00
   0.0000000e+00
   0.0000000e+00
   0.0000000e+00
   0.0000000e+00
   0.0000000e+00
   0.0000000e+00
  -3.5298664e-02
  -2.2848837e-02
  -9.4971906e-03
   2.5267028e-03
   8.0924816e-03
   1.0371134e-02
   1.2760516e-02
   1.7347530e-02
   1.9415834e-02
   2.0998497e-02
   2.2428382e-02
   2.5775264e-02
   3.0563876e-02
   3.8143106e-02
   4.3738978e-02
   4.7681570e-02
   4.7757987e-02
   4.0704823e-02
   3.0158697e-02
   0.0000000e+00
   0.0000000e+00
   0.0000000e+00
   0.0000000e+00
   0.0000000e+00
   0.0000000e+00
   0.0000000e+00
   0.0000000e+00
   0.0000000e+00
   0.0000000e+00
   0.0000000e+00
   0.0000000e+00
   0.0000000e+00
   0.0000000e+00
   0.0000000e+00
   0.0000000e+00
   1.3434780e-02
   1.8710881e-02
   2.0461049e-02
   1.9827181e-02
   1.7886918e-02
   1.6219042e-02
   1.5502853e-02
   1.2614677e-02
   8.1089040e-03
   0.0000000e+00
   0.0000000e+00
   0.0000000e+00
   0.0000000e+00
   0.0000000e+00
   0.0000000e+00
   0.0000000e+00
   0.0000000e+00
   0.0000000e+00
   0.0000000e+00
   0.0000000e+00
   0.0000000e+00
   0.0000000e+00
   0.0000000e+00
   0.0000000e+00
   0.0000000e+00
   0.0000000e+00
   0.0000000e+00
   0.0000000e+00
   0.0000000e+00
   0.0000000e+00
   0.0000000e+00
   0.0000000e+00
   0.0000000e+00
   0.0000000e+00
   0.0000000e+00
   0.0000000e+00
   0.0000000e+00
   0.0000000e+00
  -3.0293766e-02
  -1.1681539e-02
   9.0524821e-05
   2.1495655e-03
  -2.5213556e-03
   2.6689600e-03
   7.3438990e-03
   1.0228211e-02
   1.2755474e-02
   1.6244495e-02
   2.0920155e-02
   2.6665758e-02
   3.6249708e-02
   4.3617430e-02
   4.9654208e-02
   5.1689830e-02
   4.6270849e-02
   3.6540800e-02
   0.0000000e+00
   0.0000000e+00
   0.0000000e+00
   0.0000000e+00
   0.0000000e+00
   0.0000000e+00
   0.0000000e+00
   0.0000000e+00
   0.0000000e+00
   0.0000000e+00
   0.0000000e+00
   0.0000000e+00
   0.0000000e+00
   0.0000000e+00
   0.0000000e+00
  -0.0000000e+00
   3.5930723e-03
   1.3571052e-02
   2.0143285e-02
   2.1941797e-02
   2.1947477e-02
   2.1136701e-02
   2.0888674e-02
   1.6162960e-02
   1.1285541e-02
   0.0000000e+00
   0.0000000e+00
   0.0000000e+00
   0.0000000e+00
   0.0000000e+00
   0.0000000e+00
   0.0000000e+00
   0.0000000e+00
   0.0000000e+00
   0.0000000e+00
   0.0000000e+00
   0.0000000e+00
   0.0000000e+00
   0.0000000e+00
   0.0000000e+00
   0.0000000e+00
   0.0000000e+00
   0.0000000e+00
   0.0000000e+00
   0.0000000e+00
   0.0000000e+00
   0.0000000e+00
   0.0000000e+00
   0.0000000e+00
   0.0000000e+00
   0.0000000e+00
   0.0000000e+00
   0.0000000e+00
   0.0000000e+00
  -3.1990815e-02
  -1.0600649e-02
  -1.0409319e-03
  -0.0000000e+00
  -2.5520075e-02
  -1.4600611e-02
  -8.7195765e-03
  -4.4349516e-03
  -2.6123016e-04
   6.0914401e-03
   1.3078792e-02
   1.9699674e-02
   3.1282209e-02
   4.0686835e-02
   4.9959753e-02
   5.4628432e-02
   5.1358273e-02
   4.7193509e-02
   0.0000000e+00
   0.0000000e+00
   0.0000000e+00
   0.0000000e+00
   0.0000000e+00
   0.0000000e+00
   0.0000000e+00
   0.0000000e+00
   0.0000000e+00
   0.0000000e+00
   0.0000000e+00
   0.0000000e+00
   0.0000000e+00
   0.0000000e+00
   0.0000000e+00
  -2.4146624e-02
  -7.6294728e-03
   4.0117744e-03
   1.5018504e-02
   2.1100814e-02
   2.3707787e-02
   2.3813630e-02
   2.3536924e-02
   2.4107624e-02
   0.0000000e+00
   0.0000000e+00
   1.4488485e-02
   0.0000000e+00
   0.0000000e+00
   0.0000000e+00
   0.0000000e+00
   0.0000000e+00
   0.0000000e+00
   0.0000000e+00
   0.0000000e+00
   0.0000000e+00
   0.0000000e+00
   0.0000000e+00
   0.0000000e+00
   0.0000000e+00
   0.0000000e+00
   0.0000000e+00
   0.0000000e+00
   0.0000000e+00
   0.0000000e+00
   0.0000000e+00
   0.0000000e+00
   0.0000000e+00
   0.0000000e+00
   0.0000000e+00
   0.0000000e+00
   0.0000000e+00
   0.0000000e+00
  -3.8893954e-02
  -2.8892951e-02
  -1.2089232e-02
  -2.1598195e-03
  -0.0000000e+00
  -5.0172443e-02
  -3.8969986e-02
  -3.4218758e-02
  -2.7324796e-02
  -1.8425407e-02
  -6.3741473e-03
   5.9582316e-03
   1.4102045e-02
   2.5927314e-02
   3.3058554e-02
   4.7028031e-02
   5.5342060e-02
   5.5740352e-02
   0.0000000e+00
   0.0000000e+00
   0.0000000e+00
   0.0000000e+00
   0.0000000e+00
   0.0000000e+00
   0.0000000e+00
   0.0000000e+00
   0.0000000e+00
   0.0000000e+00
   0.0000000e+00
   0.0000000e+00
   0.0000000e+00
   0.0000000e+00
   0.0000000e+00
  -3.8848698e-02
  -3.1725489e-02
  -1.8640626e-02
  -7.4115163e-03
   5.3459639e-03
   1.5426954e-02
   2.1179555e-02
   2.3350168e-02
   2.3566004e-02
   2.4899736e-02
   0.0000000e+00
   0.0000000e+00
   1.4575741e-02
   0.0000000e+00
   0.0000000e+00
   0.0000000e+00
   0.0000000e+00
   0.0000000e+00
   0.0000000e+00
   0.0000000e+00
   0.0000000e+00
   0.0000000e+00
   0.0000000e+00
   0.0000000e+00
   0.0000000e+00
   0.0000000e+00
   0.0000000e+00
   0.0000000e+00
   0.0000000e+00
   0.0000000e+00
   0.0000000e+00
   0.0000000e+00
   0.0000000e+00
   0.0000000e+00
   0.0000000e+00
   0.0000000e+00
   0.0000000e+00
   0.0000000e+00
   0.0000000e+00
  -3.8893953e-02
  -2.6571512e-02
  -1.5113917e-02
  -5.3568873e-03
   0.0000000e+00
  -0.0000000e+00
  -6.5768675e-02
  -7.1562998e-02
  -6.9162205e-02
  -4.6147995e-02
  -1.6949374e-02
   1.8419760e-03
   8.0680411e-03
   0.0000000e+00
   2.7977252e-02
   3.9032279e-02
   5.4465811e-02
   0.0000000e+00
   0.0000000e+00
   0.0000000e+00
   0.0000000e+00
   0.0000000e+00
   0.0000000e+00
   0.0000000e+00
   0.0000000e+00
   0.0000000e+00
   0.0000000e+00
   0.0000000e+00
   0.0000000e+00
   0.0000000e+00
   0.0000000e+00
   0.0000000e+00
  -0.0000000e+00
  -3.9508562e-02
  -3.3236295e-02
  -2.8306654e-02
  -2.3062382e-02
  -1.1890807e-02
   1.1287171e-03
   1.3782275e-02
   1.4600298e-02
   1.7932532e-02
   2.1888662e-02
   0.0000000e+00
   2.4590565e-02
   1.9517476e-02
   0.0000000e+00
   0.0000000e+00
   0.0000000e+00
   0.0000000e+00
   0.0000000e+00
   0.0000000e+00
   0.0000000e+00
   0.0000000e+00
   0.0000000e+00
   0.0000000e+00
   0.0000000e+00
   0.0000000e+00
   0.0000000e+00
   0.0000000e+00
   0.0000000e+00
   0.0000000e+00
   0.0000000e+00
   0.0000000e+00
   0.0000000e+00
   0.0000000e+00
   0.0000000e+00
   0.0000000e+00
   0.0000000e+00
   0.0000000e+00
   0.0000000e+00
   0.0000000e+00
   0.0000000e+00
   0.0000000e+00
   0.0000000e+00
   0.0000000e+00
   0.0000000e+00
   0.0000000e+00
  -0.0000000e+00
  -8.4864245e-02
  -1.0095026e-01
  -8.9929425e-02
  -4.3762609e-02
  -9.7130093e-04
   0.0000000e+00
   0.0000000e+00
   0.0000000e+00
   0.0000000e+00
   0.0000000e+00
   0.0000000e+00
   0.0000000e+00
   0.0000000e+00
   0.0000000e+00
   0.0000000e+00
   0.0000000e+00
   0.0000000e+00
   0.0000000e+00
   0.0000000e+00
   0.0000000e+00
   0.0000000e+00
   0.0000000e+00
   0.0000000e+00
   0.0000000e+00
  -0.0000000e+00
  -3.5521495e-02
  -2.8687891e-02
  -3.2634122e-02
  -3.1089781e-02
  -2.8765275e-02
  -4.3129236e-02
  -2.4887323e-02
  -9.0096174e-03
  -3.1472456e-03
   5.8349362e-03
   8.3312453e-03
   1.0466094e-03
   2.9617062e-02
   4.4771399e-02
   0.0000000e+00
   0.0000000e+00
   0.0000000e+00
   0.0000000e+00
   0.0000000e+00
   0.0000000e+00
   0.0000000e+00
   0.0000000e+00
   0.0000000e+00
   0.0000000e+00
   0.0000000e+00
   0.0000000e+00
   0.0000000e+00
   0.0000000e+00
   0.0000000e+00
   0.0000000e+00
   0.0000000e+00
   0.0000000e+00
   0.0000000e+00
   0.0000000e+00
   0.0000000e+00
   0.0000000e+00
   0.0000000e+00
   0.0000000e+00
   0.0000000e+00
   0.0000000e+00
   0.0000000e+00
   0.0000000e+00
   0.0000000e+00
   0.0000000e+00
   0.0000000e+00
   0.0000000e+00
   0.0000000e+00
   0.0000000e+00
  -0.0000000e+00
  -1.3165370e-01
   0.0000000e+00
   0.0000000e+00
   0.0000000e+00
   0.0000000e+00
   0.0000000e+00
   0.0000000e+00
   0.0000000e+00
   0.0000000e+00
   0.0000000e+00
   0.0000000e+00
   0.0000000e+00
   0.0000000e+00
   0.0000000e+00
   0.0000000e+00
   0.0000000e+00
   0.0000000e+00
   0.0000000e+00
   0.0000000e+00
   0.0000000e+00
   0.0000000e+00
   0.0000000e+00
  -0.0000000e+00
  -4.0158644e-02
  -1.9661743e-02
   0.0000000e+00
   0.0000000e+00
   0.0000000e+00
  -6.2972147e-02
  -5.3730048e-02
  -4.0408202e-02
   0.0000000e+00
   0.0000000e+00
  -1.0251774e-02
  -1.2231667e-02
   4.3935142e-03
   1.9783907e-02
   0.0000000e+00
   0.0000000e+00
   0.0000000e+00
   0.0000000e+00
   0.0000000e+00
   0.0000000e+00
   0.0000000e+00
   0.0000000e+00
   0.0000000e+00
   0.0000000e+00
   0.0000000e+00
   0.0000000e+00
   0.0000000e+00
   0.0000000e+00
   0.0000000e+00
   0.0000000e+00
   0.0000000e+00
   0.0000000e+00
   0.0000000e+00
   0.0000000e+00
   0.0000000e+00
   0.0000000e+00
   0.0000000e+00
   0.0000000e+00
   0.0000000e+00
   0.0000000e+00
   0.0000000e+00
   0.0000000e+00
   0.0000000e+00
   0.0000000e+00
   0.0000000e+00
   0.0000000e+00
   0.0000000e+00
  -0.0000000e+00
  -0.0000000e+00
  -0.0000000e+00
  -1.1458396e-01
  -8.6421046e-02
   0.0000000e+00
   0.0000000e+00
   0.0000000e+00
   0.0000000e+00
   0.0000000e+00
   0.0000000e+00
   0.0000000e+00
   0.0000000e+00
   0.0000000e+00
   0.0000000e+00
   0.0000000e+00
   0.0000000e+00
   0.0000000e+00
   0.0000000e+00
   0.0000000e+00
   0.0000000e+00
   0.0000000e+00
   0.0000000e+00
   0.0000000e+00
  -0.0000000e+00
  -2.7083594e-02
  -1.4592837e-02
   0.0000000e+00
   0.0000000e+00
   0.0000000e+00
   0.0000000e+00
  -0.0000000e+00
  -6.2726957e-02
  -6.9244669e-02
  -5.7420082e-02
  -2.6551917e-02
  -1.8822325e-02
  -1.8940698e-02
  -3.8941512e-03
   1.4321959e-02
   6.8320796e-03
   0.0000000e+00
   0.0000000e+00
   0.0000000e+00
   0.0000000e+00
   0.0000000e+00
   0.0000000e+00
   0.0000000e+00
   0.0000000e+00
   0.0000000e+00
   0.0000000e+00
   0.0000000e+00
   0.0000000e+00
   0.0000000e+00
   0.0000000e+00
   0.0000000e+00
   0.0000000e+00
   0.0000000e+00
   0.0000000e+00
   0.0000000e+00
  -0.0000000e+00
  -0.0000000e+00
  -0.0000000e+00
   0.0000000e+00
   0.0000000e+00
   0.0000000e+00
  -0.0000000e+00
  -0.0000000e+00
  -1.1209210e-02
  -1.5380911e-02
  -1.9262379e-02
  -2.3971185e-02
  -2.8642729e-02
  -3.4315877e-02
  -4.5866195e-02
  -5.6355648e-02
  -5.5065456e-02
  -4.3796399e-02
  -2.8712340e-02
  -1.5788080e-02
  -7.7463237e-03
  -3.2698922e-03
  -5.6349446e-05
   3.8633036e-03
   5.8824578e-03
   3.3786821e-03
   0.0000000e+00
   0.0000000e+00
   0.0000000e+00
   0.0000000e+00
   0.0000000e+00
   0.0000000e+00
   0.0000000e+00
   0.0000000e+00
   0.0000000e+00
  -0.0000000e+00
  -0.0000000e+00
  -1.1815154e-02
  -7.5634488e-03
   0.0000000e+00
   0.0000000e+00
   0.0000000e+00
   0.0000000e+00
   0.0000000e+00
   0.0000000e+00
  -0.0000000e+00
  -6.3624774e-02
  -5.1566344e-02
  -3.2454722e-02
  -2.0229593e-02
  -1.0475459e-02
  -7.6757127e-04
   2.0641883e-03
   0.0000000e+00
   0.0000000e+00
   0.0000000e+00
   0.0000000e+00
   0.0000000e+00
   0.0000000e+00
   0.0000000e+00
   0.0000000e+00
   0.0000000e+00
   0.0000000e+00
   0.0000000e+00
   0.0000000e+00
   0.0000000e+00
   0.0000000e+00
   0.0000000e+00
   0.0000000e+00
   0.0000000e+00
   1.2103690e-02
   1.2846234e-02
   1.0575943e-02
   9.2269672e-03
   1.0012372e-02
   9.4903026e-03
   8.1268869e-03
   6.8385693e-03
   5.9514646e-03
   5.3692832e-03
   4.2335695e-03
   1.5054169e-03
  -1.4536807e-03
  -4.3407481e-03
  -6.6781741e-03
  -7.4042292e-03
  -7.5053661e-03
  -7.2455873e-03
  -6.9442140e-03
  -6.5518587e-03
  -5.6551432e-03
  -4.7423218e-03
  -4.2131313e-03
  -4.5238999e-03
  -5.6364326e-03
  -7.3034203e-03
  -9.6449231e-03
  -1.2993078e-02
  -1.5283829e-02
  -1.2801387e-02
  -9.4122903e-03
  -6.2942116e-03
  -9.9359107e-03
  -0.0000000e+00
  -0.0000000e+00
  -0.0000000e+00
  -0.0000000e+00
  -0.0000000e+00
  -0.0000000e+00
  -0.0000000e+00
  -0.0000000e+00
  -0.0000000e+00
  -0.0000000e+00
  -0.0000000e+00
  -0.0000000e+00
  -0.0000000e+00
  -0.0000000e+00
  -0.0000000e+00
  -1.5783294e-02
  -2.4057849e-02
  -2.4931111e-02
  -1.4664304e-02
  -3.4105848e-04
   8.3606047e-03
  -7.7855238e-03
  -0.0000000e+00
  -0.0000000e+00
  -0.0000000e+00
  -0.0000000e+00
  -0.0000000e+00
   0.0000000e+00
   0.0000000e+00
   0.0000000e+00
   0.0000000e+00
   0.0000000e+00
   0.0000000e+00
   0.0000000e+00
   0.0000000e+00
   0.0000000e+00
   0.0000000e+00
   0.0000000e+00
   0.0000000e+00
