   0.0000000e+00
   0.0000000e+00
   0.0000000e+00
   0.0000000e+00
   0.0000000e+00
   0.0000000e+00
   0.0000000e+00
   0.0000000e+00
   0.0000000e+00
   0.0000000e+00
   0.0000000e+00
   0.0000000e+00
   0.0000000e+00
   0.0000000e+00
   0.0000000e+00
   0.0000000e+00
   0.0000000e+00
   0.0000000e+00
   0.0000000e+00
   0.0000000e+00
   0.0000000e+00
   0.0000000e+00
   0.0000000e+00
   0.0000000e+00
   0.0000000e+00
   0.0000000e+00
   0.0000000e+00
   0.0000000e+00
   0.0000000e+00
   0.0000000e+00
   0.0000000e+00
   0.0000000e+00
   0.0000000e+00
   0.0000000e+00
   0.0000000e+00
   0.0000000e+00
   0.0000000e+00
   0.0000000e+00
   0.0000000e+00
   0.0000000e+00
   0.0000000e+00
   0.0000000e+00
   0.0000000e+00
   0.0000000e+00
   0.0000000e+00
   0.0000000e+00
   0.0000000e+00
   0.0000000e+00
   0.0000000e+00
   0.0000000e+00
   0.0000000e+00
   0.0000000e+00
   0.0000000e+00
   0.0000000e+00
   0.0000000e+00
   0.0000000e+00
   0.0000000e+00
   0.0000000e+00
   0.0000000e+00
   0.0000000e+00
   0.0000000e+00
   0.0000000e+00
   0.0000000e+00
   0.0000000e+00
   0.0000000e+00
   0.0000000e+00
   0.0000000e+00
   0.0000000e+00
   0.0000000e+00
   0.0000000e+00
   0.0000000e+00
   0.0000000e+00
   1.9200043e-02
   1.7073338e-02
   1.6210688e-02
   1.5384205e-02
   1.4132941e-02
   1.2708258e-02
   1.1705713e-02
   1.1626245e-02
   1.1876406e-02
   1.2051392e-02
   1.1677371e-02
   1.0937073e-02
   9.9508032e-03
   9.1256434e-03
   8.2610870e-03
   6.5255448e-03
   4.7118807e-03
   3.3323525e-03
   8.9682504e-04
  -4.3516785e-03
  -1.2691808e-02
  -2.2376923e-02
  -2.5658360e-02
  -0.0000000e+00
   0.0000000e+00
   0.0000000e+00
  -0.0000000e+00
  -0.0000000e+00
  -0.0000000e+00
  -2.5180696e-02
  -2.0422047e-02
  -1.3617391e-02
  -7.1707484e-03
  -2.4636928e-03
  -2.0419791e-03
   1.0128469e-02
   0.0000000e+00
   0.0000000e+00
   0.0000000e+00
   0.0000000e+00
   0.0000000e+00
   0.0000000e+00
   0.0000000e+00
   0.0000000e+00
  -0.0000000e+00
  -0.0000000e+00
  -0.0000000e+00
   0.0000000e+00
   0.0000000e+00
   0.0000000e+00
   0.0000000e+00
   0.0000000e+00
   0.0000000e+00
   0.0000000e+00
   0.0000000e+00
   0.0000000e+00
   0.0000000e+00
   0.0000000e+00
   0.0000000e+00
   0.0000000e+00
   0.0000000e+00
   0.0000000e+00
   0.0000000e+00
   0.0000000e+00
   0.0000000e+00
   0.0000000e+00
   0.0000000e+00
   0.0000000e+00
   6.2030736e-02
   5.5915619e-02
   4.0044170e-02
   2.6759801e-02
   1.1464954e-02
   9.5635196e-03
   7.7044051e-03
   6.1129546e-03
   5.6839171e-03
   5.2654641e-03
   4.3621603e-03
   3.9163190e-03
   4.0366859e-03
   4.3300483e-03
   3.9257179e-03
   3.2906565e-03
   2.6304645e-03
   2.3621682e-03
   2.2422764e-03
   1.4684834e-03
  -4.6656016e-04
  -3.1189467e-03
  -6.5184473e-03
  -9.9827349e-03
  -1.5661223e-02
  -2.5094589e-02
  -3.1081650e-02
  -3.5692621e-02
   0.0000000e+00
   0.0000000e+00
   0.0000000e+00
  -0.0000000e+00
  -0.0000000e+00
  -2.1364974e-02
  -1.9679256e-02
  -1.5015167e-02
  -1.2077005e-02
  -1.2752175e-02
  -0.0000000e+00
  -0.0000000e+00
   0.0000000e+00
   0.0000000e+00
   0.0000000e+00
   0.0000000e+00
   0.0000000e+00
   0.0000000e+00
   0.0000000e+00
   0.0000000e+00
   0.0000000e+00
   0.0000000e+00
   0.0000000e+00
   0.0000000e+00
   0.0000000e+00
   0.0000000e+00
   0.0000000e+00
   0.0000000e+00
   0.0000000e+00
   0.0000000e+00
   0.0000000e+00
   0.0000000e+00
   0.0000000e+00
   0.0000000e+00
   0.0000000e+00
   0.0000000e+00
   0.0000000e+00
   0.0000000e+00
   0.0000000e+00
   0.0000000e+00
   0.0000000e+00
   0.0000000e+00
   0.0000000e+00
   0.0000000e+00
   4.3490916e-02
   3.1083394e-02
   1.9721413e-02
   1.4122279e-02
   8.2642084e-04
  -1.2274373e-03
  -2.8511181e-03
  -4.1937428e-03
  -3.8819551e-03
  -3.5424079e-03
  -3.1565225e-03
  -2.2010601e-03
  -1.2792788e-03
  -7.0674100e-04
  -3.6051322e-04
   7.2602532e-05
   3.6517746e-04
  -4.1310568e-04
  -1.8754244e-03
  -3.4358129e-03
  -5.3018183e-03
  -8.5031092e-03
  -1.2242148e-02
  -1.4907315e-02
  -1.9151459e-02
  -2.6252452e-02
  -3.2590937e-02
  -3.5276737e-02
   0.0000000e+00
   0.0000000e+00
   0.0000000e+00
   0.0000000e+00
   0.0000000e+00
  -1.7283159e-02
  -1.2590682e-02
  -8.5331164e-03
  -1.1506861e-02
  -0.0000000e+00
   0.0000000e+00
   0.0000000e+00
   0.0000000e+00
   0.0000000e+00
   0.0000000e+00
   0.0000000e+00
   0.0000000e+00
   0.0000000e+00
   0.0000000e+00
   0.0000000e+00
   0.0000000e+00
   0.0000000e+00
   0.0000000e+00
   0.0000000e+00
   0.0000000e+00
   0.0000000e+00
   0.0000000e+00
   0.0000000e+00
   0.0000000e+00
   0.0000000e+00
   0.0000000e+00
   0.0000000e+00
   0.0000000e+00
   0.0000000e+00
   0.0000000e+00
   0.0000000e+00
   0.0000000e+00
   0.0000000e+00
   0.0000000e+00
   0.0000000e+00
   0.0000000e+00
   0.0000000e+00
   0.0000000e+00
   0.0000000e+00
   2.6796112e-02
   1.6251663e-02
   9.2881750e-03
   5.0719464e-03
  -1.1902466e-02
  -1.3957160e-02
  -1.4834400e-02
  -1.4796484e-02
  -1.3734641e-02
  -1.2072125e-02
  -1.0679184e-02
  -8.4037929e-03
  -6.2510432e-03
  -5.3967698e-03
  -3.2387845e-03
  -2.0895116e-03
  -3.0877911e-03
  -3.0229933e-03
  -4.9603642e-03
  -8.3626835e-03
  -9.7326178e-03
  -1.3114807e-02
  -1.7266914e-02
  -2.0088832e-02
  -2.4712294e-02
  -2.8885759e-02
  -3.3020466e-02
  -3.8225183e-02
   0.0000000e+00
   0.0000000e+00
   0.0000000e+00
   0.0000000e+00
   0.0000000e+00
   0.0000000e+00
   1.1971083e-03
  -4.9655582e-05
  -0.0000000e+00
   0.0000000e+00
   0.0000000e+00
   0.0000000e+00
   0.0000000e+00
   0.0000000e+00
   0.0000000e+00
   0.0000000e+00
   0.0000000e+00
   0.0000000e+00
   0.0000000e+00
   0.0000000e+00
   0.0000000e+00
   0.0000000e+00
   0.0000000e+00
   0.0000000e+00
   0.0000000e+00
   0.0000000e+00
   0.0000000e+00
   0.0000000e+00
   0.0000000e+00
   0.0000000e+00
   0.0000000e+00
   0.0000000e+00
   0.0000000e+00
   0.0000000e+00
   0.0000000e+00
   0.0000000e+00
   0.0000000e+00
   0.0000000e+00
   0.0000000e+00
   0.0000000e+00
   0.0000000e+00
   0.0000000e+00
   0.0000000e+00
   2.3108022e-02
   1.5477769e-02
   3.4158425e-03
  -1.6062468e-03
  -6.8628192e-03
  -2.1226918e-02
  -2.3066653e-02
  -2.3203909e-02
  -2.1432736e-02
  -2.0127021e-02
  -1.7435649e-02
  -1.4270256e-02
  -1.2244446e-02
  -8.6065517e-03
  -6.5423669e-03
  -5.0202189e-03
  -2.8391859e-03
  -4.3761058e-03
  -5.1826807e-03
  -6.8187066e-03
  -1.0721604e-02
  -1.2604042e-02
  -1.6820359e-02
  -2.0974060e-02
  -2.4131665e-02
  -2.9261373e-02
  -3.2295803e-02
  -3.5862230e-02
  -3.9112906e-02
   0.0000000e+00
   0.0000000e+00
   0.0000000e+00
   0.0000000e+00
   0.0000000e+00
   0.0000000e+00
   0.0000000e+00
   0.0000000e+00
   0.0000000e+00
   0.0000000e+00
   0.0000000e+00
   0.0000000e+00
   0.0000000e+00
   0.0000000e+00
   0.0000000e+00
   0.0000000e+00
   0.0000000e+00
   0.0000000e+00
   0.0000000e+00
   0.0000000e+00
   0.0000000e+00
   0.0000000e+00
   0.0000000e+00
   0.0000000e+00
   0.0000000e+00
   0.0000000e+00
   0.0000000e+00
   0.0000000e+00
   0.0000000e+00
   0.0000000e+00
   0.0000000e+00
   0.0000000e+00
   0.0000000e+00
   0.0000000e+00
   0.0000000e+00
   0.0000000e+00
   0.0000000e+00
   0.0000000e+00
   0.0000000e+00
   0.0000000e+00
   0.0000000e+00
   0.0000000e+00
   0.0000000e+00
   7.6121734e-03
   1.2248043e-03
  -6.3565442e-03
  -1.3045968e-02
  -1.7956513e-02
  -2.7571434e-02
  -2.7905490e-02
  -2.7234562e-02
  -2.4451131e-02
  -2.1826573e-02
  -1.8301399e-02
  -1.4782441e-02
  -1.1449134e-02
  -7.9697194e-03
  -5.4403716e-03
  -3.4495103e-03
  -2.6261716e-03
  -3.5003857e-03
  -5.2597784e-03
  -7.8720143e-03
  -1.1456422e-02
  -1.5393736e-02
  -1.9495569e-02
  -2.4172410e-02
  -2.8279915e-02
  -3.1538002e-02
  -3.5235669e-02
  -3.7090503e-02
  -3.7778877e-02
  -4.5431983e-02
   0.0000000e+00
   0.0000000e+00
   0.0000000e+00
   0.0000000e+00
   0.0000000e+00
   0.0000000e+00
   0.0000000e+00
   0.0000000e+00
   0.0000000e+00
   0.0000000e+00
   0.0000000e+00
   0.0000000e+00
   0.0000000e+00
   0.0000000e+00
   0.0000000e+00
   0.0000000e+00
   0.0000000e+00
   0.0000000e+00
   0.0000000e+00
   0.0000000e+00
   0.0000000e+00
   0.0000000e+00
   0.0000000e+00
   0.0000000e+00
   2.8761023e-03
  -6.6555559e-04
   0.0000000e+00
   0.0000000e+00
   0.0000000e+00
   0.0000000e+00
   0.0000000e+00
   0.0000000e+00
   0.0000000e+00
   0.0000000e+00
   0.0000000e+00
   0.0000000e+00
   0.0000000e+00
   0.0000000e+00
   0.0000000e+00
   0.0000000e+00
   0.0000000e+00
   5.6668156e-04
  -2.2821900e-03
  -9.2625450e-03
  -1.6924309e-02
  -2.1746311e-02
  -2.5903817e-02
  -2.9396897e-02
  -2.8602343e-02
  -2.5834588e-02
  -2.2806725e-02
  -1.9215772e-02
  -1.6201623e-02
  -1.1841971e-02
  -8.2084257e-03
  -5.1194746e-03
  -1.7299711e-03
  -7.8067995e-04
  -2.1733579e-04
  -2.2601536e-03
  -4.3974653e-03
  -7.7759121e-03
  -1.3162116e-02
  -1.7183170e-02
  -2.2912830e-02
  -2.6716255e-02
  -3.1237189e-02
  -3.3550680e-02
  -3.5089202e-02
  -3.7385295e-02
  -3.4242570e-02
  -4.1610596e-02
   0.0000000e+00
   0.0000000e+00
   0.0000000e+00
   0.0000000e+00
   0.0000000e+00
   0.0000000e+00
   0.0000000e+00
   0.0000000e+00
   0.0000000e+00
   0.0000000e+00
   0.0000000e+00
   0.0000000e+00
   0.0000000e+00
   0.0000000e+00
   0.0000000e+00
   0.0000000e+00
   0.0000000e+00
   0.0000000e+00
   0.0000000e+00
   0.0000000e+00
   0.0000000e+00
   0.0000000e+00
   0.0000000e+00
   5.5108875e-03
   1.8754022e-03
  -4.3264045e-06
  -2.0050668e-03
  -4.2461945e-03
  -1.1297310e-02
   0.0000000e+00
  -1.2503372e-02
  -1.5445698e-02
  -0.0000000e+00
   0.0000000e+00
   0.0000000e+00
   0.0000000e+00
   0.0000000e+00
   0.0000000e+00
   0.0000000e+00
   1.9799434e-02
   1.5245295e-02
   4.7481462e-03
  -4.8988810e-03
  -1.4709468e-02
  -2.1299370e-02
  -2.6230708e-02
  -2.9142547e-02
  -2.6281327e-02
  -2.5398414e-02
  -2.3557508e-02
  -2.1824419e-02
  -1.8847323e-02
  -1.6541791e-02
  -1.1361243e-02
  -8.4273531e-03
  -4.2875104e-03
  -2.1655149e-03
  -5.6994547e-04
  -1.6038726e-03
  -2.8029677e-03
  -6.3815046e-03
  -9.8118825e-03
  -1.5522288e-02
  -2.0392380e-02
  -2.4438785e-02
  -3.0313216e-02
  -3.1405656e-02
  -3.5465012e-02
  -3.2499293e-02
  -3.5589723e-02
  -2.9324824e-02
  -3.1322452e-02
   0.0000000e+00
   0.0000000e+00
   0.0000000e+00
   0.0000000e+00
   0.0000000e+00
   0.0000000e+00
   0.0000000e+00
   0.0000000e+00
   0.0000000e+00
   0.0000000e+00
   0.0000000e+00
   0.0000000e+00
   0.0000000e+00
   0.0000000e+00
   0.0000000e+00
   0.0000000e+00
   0.0000000e+00
   0.0000000e+00
   0.0000000e+00
   0.0000000e+00
   0.0000000e+00
   0.0000000e+00
   4.8775726e-03
   3.3384075e-03
   1.9453327e-03
   1.9438856e-03
  -1.8028691e-03
  -7.7042445e-03
  -1.1983151e-02
  -1.7564742e-02
  -1.3112217e-02
  -1.5514430e-02
   0.0000000e+00
   0.0000000e+00
   0.0000000e+00
   0.0000000e+00
   0.0000000e+00
   0.0000000e+00
   1.6459306e-02
   1.9766883e-02
   2.0307447e-02
   1.0446907e-02
  -2.6508091e-04
  -1.0895470e-02
  -1.8353804e-02
  -2.3294072e-02
  -2.5870489e-02
  -2.2294592e-02
  -2.2288234e-02
  -2.1838024e-02
  -2.0514897e-02
  -1.8616085e-02
  -1.5906689e-02
  -1.1736197e-02
  -8.3035291e-03
  -5.4428054e-03
  -2.8461420e-03
  -2.5889037e-03
  -2.8808950e-03
  -5.7613294e-03
  -8.4408378e-03
  -1.2993756e-02
  -1.7508830e-02
  -2.2883091e-02
  -2.5828827e-02
  -3.0862320e-02
  -3.1523971e-02
  -3.3243196e-02
  -3.1008145e-02
  -3.0483441e-02
  -2.6292955e-02
  -1.8486032e-02
  -1.4768508e-02
   0.0000000e+00
   0.0000000e+00
   0.0000000e+00
   0.0000000e+00
   0.0000000e+00
   0.0000000e+00
   0.0000000e+00
   0.0000000e+00
   0.0000000e+00
   0.0000000e+00
   0.0000000e+00
   0.0000000e+00
   0.0000000e+00
   0.0000000e+00
   0.0000000e+00
   0.0000000e+00
   0.0000000e+00
   0.0000000e+00
   0.0000000e+00
   0.0000000e+00
   0.0000000e+00
   4.9265102e-03
   5.0741470e-03
   4.4873820e-03
   1.1346007e-05
  -5.9299794e-03
  -1.3125049e-02
  -1.4199885e-02
  -1.7623286e-02
  -1.6764005e-02
  -1.6167193e-02
  -3.0114276e-03
  -8.7843358e-04
   0.0000000e+00
   0.0000000e+00
   0.0000000e+00
   0.0000000e+00
   1.6305295e-02
   1.9382422e-02
   1.9362810e-02
   9.8235250e-03
  -5.0968587e-04
  -8.7905466e-03
  -1.5749934e-02
  -1.9267931e-02
  -2.1412912e-02
  -2.2234228e-02
  -2.1485815e-02
  -2.0384021e-02
  -1.8118204e-02
  -1.6190576e-02
  -1.3320059e-02
  -9.5490213e-03
  -6.6124246e-03
  -4.2980846e-03
  -2.6372915e-03
  -2.3308956e-03
  -3.6057492e-03
  -6.2562190e-03
  -9.6988872e-03
  -1.2964768e-02
  -1.8645700e-02
  -2.2022417e-02
  -2.5977040e-02
  -2.7562626e-02
  -2.9412120e-02
  -2.7955916e-02
  -2.8195633e-02
  -2.4522674e-02
  -2.2942825e-02
  -1.0830041e-02
  -1.4768507e-02
   0.0000000e+00
   0.0000000e+00
   0.0000000e+00
   0.0000000e+00
   0.0000000e+00
   0.0000000e+00
   0.0000000e+00
   0.0000000e+00
   0.0000000e+00
   0.0000000e+00
   0.0000000e+00
   0.0000000e+00
   0.0000000e+00
   0.0000000e+00
   0.0000000e+00
   0.0000000e+00
   0.0000000e+00
   0.0000000e+00
   0.0000000e+00
   0.0000000e+00
   0.0000000e+00
   6.0431983e-03
   9.0260220e-03
   5.1178336e-03
  -2.0917260e-03
  -1.0165360e-02
  -1.6700588e-02
  -1.8276443e-02
  -1.8959173e-02
  -1.7522226e-02
  -1.2419934e-02
  -3.0114277e-03
  -8.7843354e-04
   0.0000000e+00
   0.0000000e+00
   0.0000000e+00
   0.0000000e+00
   1.2790977e-02
   1.5023819e-02
   1.4506883e-02
   2.7173747e-03
  -8.2220723e-03
  -1.5959832e-02
  -2.0316447e-02
  -2.1852053e-02
  -2.2178201e-02
  -2.1393744e-02
  -1.9818015e-02
  -1.7799661e-02
  -1.5403012e-02
  -1.3285801e-02
  -1.0239442e-02
  -7.0517436e-03
  -4.0884065e-03
  -2.5032440e-03
  -6.9560600e-04
  -9.8175695e-04
  -2.2599376e-03
  -5.5266614e-03
  -8.3666919e-03
  -1.1321746e-02
  -1.5826114e-02
  -1.8616494e-02
  -2.1653563e-02
  -2.2548169e-02
  -2.3852177e-02
  -2.2775473e-02
  -2.2647835e-02
  -1.9382732e-02
  -1.6327498e-02
  -7.0575313e-03
  -5.0314586e-03
   0.0000000e+00
   0.0000000e+00
   0.0000000e+00
   0.0000000e+00
   0.0000000e+00
   0.0000000e+00
  -0.0000000e+00
   0.0000000e+00
   0.0000000e+00
   0.0000000e+00
   0.0000000e+00
   0.0000000e+00
   0.0000000e+00
   0.0000000e+00
   0.0000000e+00
   0.0000000e+00
   0.0000000e+00
   0.0000000e+00
   0.0000000e+00
   0.0000000e+00
   0.0000000e+00
   8.0557838e-03
   9.4083035e-03
   1.3098610e-04
  -8.2762763e-03
  -1.5606541e-02
  -1.9345388e-02
  -2.0588184e-02
  -1.8318661e-02
  -1.4857788e-02
  -8.9944191e-03
   6.9129688e-05
   4.1799993e-03
   6.8768598e-03
   7.9605162e-03
   0.0000000e+00
   0.0000000e+00
   1.0387297e-02
   1.3385903e-02
   1.2140205e-02
  -9.3566882e-04
  -1.2512695e-02
  -1.9676557e-02
  -2.3134474e-02
  -2.3047261e-02
  -2.2674829e-02
  -1.7261591e-02
  -1.5188152e-02
  -1.3312282e-02
  -1.1384919e-02
  -9.5099015e-03
  -7.1036993e-03
  -4.1302824e-03
  -1.8217536e-03
  -2.4165912e-04
   9.7795157e-04
   6.9424673e-04
  -5.1718089e-04
  -3.5449560e-03
  -5.6782980e-03
  -8.1025762e-03
  -1.1281593e-02
  -1.3745730e-02
  -1.6024148e-02
  -1.7089471e-02
  -1.8096529e-02
  -1.7895941e-02
  -1.7094521e-02
  -1.4517386e-02
  -1.0577198e-02
  -3.3294326e-03
   2.7916898e-03
   2.1626380e-03
   0.0000000e+00
   0.0000000e+00
   0.0000000e+00
   0.0000000e+00
   0.0000000e+00
  -0.0000000e+00
   0.0000000e+00
   0.0000000e+00
   0.0000000e+00
   0.0000000e+00
   0.0000000e+00
   0.0000000e+00
   0.0000000e+00
   0.0000000e+00
   0.0000000e+00
   0.0000000e+00
   0.0000000e+00
   0.0000000e+00
  -1.9768096e-03
  -7.4914494e-04
   5.5451500e-03
   1.6925154e-03
  -9.1095651e-03
  -1.6249480e-02
  -1.9470837e-02
  -2.0191384e-02
  -1.8838143e-02
  -1.4757388e-02
  -9.6383542e-03
  -2.9348582e-03
   4.6424475e-03
   8.7751858e-03
   1.2492955e-02
   1.4505298e-02
   1.4576077e-02
   1.3161669e-02
   1.3768938e-02
   1.6084885e-02
   9.8569822e-03
  -4.0189987e-03
  -1.3873041e-02
  -1.9116879e-02
  -2.0684663e-02
  -1.9961569e-02
  -1.8942948e-02
  -1.1183307e-02
  -9.2765344e-03
  -7.8474265e-03
  -6.7570182e-03
  -5.4215798e-03
  -3.5758803e-03
  -1.3132608e-03
   5.1423803e-04
   1.9901195e-03
   2.8067641e-03
   2.5182082e-03
   1.4236518e-03
  -9.1958558e-04
  -2.3872799e-03
  -4.1079577e-03
  -6.7354217e-03
  -8.8574011e-03
  -1.0647651e-02
  -1.2206500e-02
  -1.3214054e-02
  -1.3252371e-02
  -1.2481567e-02
  -1.0178416e-02
  -6.3241688e-03
   3.6356004e-04
   7.7636447e-03
   8.8703847e-03
   0.0000000e+00
   0.0000000e+00
   0.0000000e+00
   0.0000000e+00
   0.0000000e+00
   0.0000000e+00
   0.0000000e+00
   0.0000000e+00
   0.0000000e+00
   0.0000000e+00
   0.0000000e+00
   0.0000000e+00
   0.0000000e+00
   0.0000000e+00
   0.0000000e+00
   0.0000000e+00
   0.0000000e+00
   0.0000000e+00
  -0.0000000e+00
  -1.2515537e-03
   3.6366200e-03
  -2.7846154e-03
  -1.3161393e-02
  -1.7974690e-02
  -1.8324528e-02
  -1.6840614e-02
  -1.3908506e-02
  -8.7889526e-03
  -3.0349200e-03
   3.5008073e-03
   9.9670915e-03
   1.3825979e-02
   1.7702626e-02
   1.8712757e-02
   1.6911611e-02
   1.5397329e-02
   1.6554182e-02
   1.5850376e-02
   6.8330495e-03
  -5.4030120e-03
  -1.2214184e-02
  -1.5138760e-02
  -1.5288271e-02
  -1.4248971e-02
  -1.3017561e-02
  -4.8600114e-03
  -3.5234976e-03
  -2.7377387e-03
  -2.5081700e-03
  -1.7506608e-03
  -3.7989835e-04
   1.3150723e-03
   2.7617351e-03
   4.0024854e-03
   4.6237777e-03
   4.3101828e-03
   3.4854899e-03
   1.9597739e-03
   9.5753744e-04
  -3.4943069e-04
  -2.6760360e-03
  -4.5814146e-03
  -6.2635010e-03
  -8.3069568e-03
  -9.4206324e-03
  -9.5162895e-03
  -8.8797500e-03
  -6.7768982e-03
  -3.0838065e-03
   4.0530041e-03
   1.3061532e-02
   1.6321899e-02
   0.0000000e+00
   0.0000000e+00
   0.0000000e+00
   0.0000000e+00
   0.0000000e+00
   0.0000000e+00
   0.0000000e+00
   0.0000000e+00
   0.0000000e+00
   0.0000000e+00
   0.0000000e+00
   0.0000000e+00
   0.0000000e+00
   0.0000000e+00
   0.0000000e+00
   0.0000000e+00
   0.0000000e+00
   0.0000000e+00
   0.0000000e+00
  -1.8158988e-03
   2.9198966e-03
  -5.2823247e-03
  -1.3757312e-02
  -1.6102901e-02
  -1.4602481e-02
  -1.1681646e-02
  -7.8502009e-03
  -2.1846718e-03
   3.3893839e-03
   8.9953262e-03
   1.4384288e-02
   1.7483972e-02
   2.0443143e-02
   1.9980591e-02
   1.7165886e-02
   1.5998224e-02
   1.7019302e-02
   1.3441866e-02
   4.6785008e-03
  -4.1499506e-03
  -7.9362215e-03
  -9.0128807e-03
  -8.4450152e-03
  -7.4858200e-03
  -6.4308872e-03
   8.3517493e-04
   1.4285897e-03
   1.5253464e-03
   1.0709267e-03
   1.3547586e-03
   2.3810342e-03
   3.7800570e-03
   4.8617669e-03
   5.7784286e-03
   6.3277278e-03
   6.0574976e-03
   5.6265728e-03
   4.8151980e-03
   4.0508308e-03
   2.8374158e-03
   7.2302943e-04
  -1.1351324e-03
  -3.0358797e-03
  -5.4526180e-03
  -6.6450210e-03
  -6.8088793e-03
  -6.2350193e-03
  -4.2426176e-03
  -4.5645706e-04
   7.5887451e-03
   1.8194709e-02
   2.5305260e-02
   0.0000000e+00
   0.0000000e+00
   0.0000000e+00
   0.0000000e+00
   0.0000000e+00
   0.0000000e+00
   0.0000000e+00
   0.0000000e+00
   0.0000000e+00
   0.0000000e+00
   0.0000000e+00
   0.0000000e+00
   0.0000000e+00
   0.0000000e+00
   0.0000000e+00
   0.0000000e+00
   0.0000000e+00
   0.0000000e+00
  -0.0000000e+00
   0.0000000e+00
   2.3234723e-03
  -6.7821792e-03
  -1.2296015e-02
  -1.2394136e-02
  -9.6846055e-03
  -5.9849406e-03
  -1.8040361e-03
   3.9650779e-03
   8.7622935e-03
   1.3006121e-02
   1.7194787e-02
   1.9064888e-02
   2.0607956e-02
   1.8723140e-02
   1.5007824e-02
   1.4584966e-02
   1.5220172e-02
   1.0733593e-02
   4.3424200e-03
  -5.6112709e-04
  -2.0064930e-03
  -1.9845071e-03
  -1.3388428e-03
  -7.7405351e-04
  -1.3562750e-04
   5.9660962e-03
   5.6932490e-03
   5.1893628e-03
   4.4356700e-03
   4.4695398e-03
   5.4522678e-03
   6.6985827e-03
   7.2289147e-03
   7.6849586e-03
   8.1584564e-03
   8.2867304e-03
   8.3986661e-03
   7.9244341e-03
   7.1152965e-03
   5.7795353e-03
   3.7001149e-03
   1.6208996e-03
  -8.9939525e-04
  -3.5823860e-03
  -4.6404703e-03
  -4.9681360e-03
  -4.4568379e-03
  -2.0639181e-03
   2.3598079e-03
   1.1315356e-02
   2.3763715e-02
   3.0739983e-02
   0.0000000e+00
   0.0000000e+00
   0.0000000e+00
   0.0000000e+00
   0.0000000e+00
   0.0000000e+00
   0.0000000e+00
   0.0000000e+00
   0.0000000e+00
   0.0000000e+00
   0.0000000e+00
   0.0000000e+00
   0.0000000e+00
   0.0000000e+00
   0.0000000e+00
   0.0000000e+00
   0.0000000e+00
   0.0000000e+00
  -0.0000000e+00
   0.0000000e+00
  -2.3401946e-03
  -7.8873163e-03
  -8.5905182e-03
  -6.4790510e-03
  -2.7741448e-03
   9.3713114e-04
   4.4758992e-03
   9.4905681e-03
   1.2623308e-02
   1.5008712e-02
   1.7426769e-02
   1.7089198e-02
   1.7515571e-02
   1.5514963e-02
   1.1173904e-02
   1.1770175e-02
   1.2916744e-02
   1.0839055e-02
   8.2330554e-03
   6.4946818e-03
   6.1229861e-03
   6.1763408e-03
   6.0849559e-03
   5.9158117e-03
   5.9499630e-03
   9.3227504e-03
   8.7396186e-03
   8.1281234e-03
   7.5371061e-03
   7.6307394e-03
   8.6030867e-03
   9.5058642e-03
   9.6261185e-03
   9.8360162e-03
   1.0470760e-02
   1.0868864e-02
   1.0960766e-02
   1.0297037e-02
   9.2572719e-03
   7.6036286e-03
   5.0961291e-03
   2.3829681e-03
  -4.5935478e-04
  -3.0501615e-03
  -4.1295374e-03
  -4.5589679e-03
  -3.3867268e-03
  -3.7551799e-05
   5.4006567e-03
   1.5564733e-02
   2.8038181e-02
   3.7869241e-02
   0.0000000e+00
   0.0000000e+00
   0.0000000e+00
   0.0000000e+00
   0.0000000e+00
   0.0000000e+00
   0.0000000e+00
   0.0000000e+00
   0.0000000e+00
   0.0000000e+00
   0.0000000e+00
   0.0000000e+00
   0.0000000e+00
   0.0000000e+00
   0.0000000e+00
   0.0000000e+00
   0.0000000e+00
   0.0000000e+00
  -6.6700317e-03
   0.0000000e+00
  -6.7572443e-04
  -4.2087669e-03
  -2.4889261e-03
   4.5485183e-04
   3.9729974e-03
   6.8091941e-03
   9.7116344e-03
   1.4750910e-02
   1.5159955e-02
   1.4960599e-02
   1.5542816e-02
   1.4277992e-02
   1.5773416e-02
   1.4456180e-02
   1.0528182e-02
   1.3266233e-02
   1.5673777e-02
   1.5185166e-02
   1.4121572e-02
   1.2877267e-02
   1.2184832e-02
   1.1697495e-02
   1.1007508e-02
   1.0400219e-02
   9.8851928e-03
   1.1357319e-02
   1.0721420e-02
   1.0169427e-02
   9.8347720e-03
   1.0096451e-02
   1.0998498e-02
   1.1635085e-02
   1.1610347e-02
   1.1758214e-02
   1.2441834e-02
   1.2701824e-02
   1.2474325e-02
   1.1456038e-02
   1.0000492e-02
   7.8886067e-03
   4.7895904e-03
   1.7156251e-03
  -1.1357971e-03
  -3.5460633e-03
  -4.4732913e-03
  -4.5318282e-03
  -2.3522493e-03
   1.9367104e-03
   8.3030220e-03
   1.9353431e-02
   3.0898701e-02
   3.9193809e-02
   0.0000000e+00
   0.0000000e+00
   0.0000000e+00
   0.0000000e+00
   0.0000000e+00
   0.0000000e+00
   0.0000000e+00
   0.0000000e+00
   0.0000000e+00
   0.0000000e+00
   0.0000000e+00
   0.0000000e+00
   0.0000000e+00
   0.0000000e+00
   0.0000000e+00
   0.0000000e+00
   0.0000000e+00
  -2.2531633e-03
  -1.7427315e-03
   4.1281190e-03
   2.2463596e-03
   8.4372936e-05
   2.6694539e-03
   5.7421215e-03
   9.0798996e-03
   1.1634506e-02
   1.5430315e-02
   1.5732171e-02
   1.5633143e-02
   1.4951624e-02
   1.5191386e-02
   1.3290337e-02
   1.4637455e-02
   1.4672542e-02
   1.2287204e-02
   1.6182225e-02
   1.8726118e-02
   1.8752180e-02
   1.8042851e-02
   1.6655309e-02
   1.5661299e-02
   1.4810454e-02
   1.3824498e-02
   1.2995315e-02
   1.2157247e-02
   1.3007189e-02
   1.2419587e-02
   1.1996864e-02
   1.1955057e-02
   1.2387105e-02
   1.3182714e-02
   1.3591226e-02
   1.3479772e-02
   1.3582372e-02
   1.4202442e-02
   1.4162228e-02
   1.3488278e-02
   1.1983647e-02
   1.0022810e-02
   7.4050054e-03
   3.7102432e-03
   4.2521270e-04
  -2.2803808e-03
  -4.3710269e-03
  -4.9876229e-03
  -4.4463630e-03
  -1.1135923e-03
   4.1435882e-03
   1.1471076e-02
   2.3522411e-02
   3.4425802e-02
   3.9522055e-02
   4.0729347e-02
   4.0729347e-02
   0.0000000e+00
   0.0000000e+00
   0.0000000e+00
   0.0000000e+00
   0.0000000e+00
   0.0000000e+00
   0.0000000e+00
   0.0000000e+00
   0.0000000e+00
   0.0000000e+00
   0.0000000e+00
   0.0000000e+00
   0.0000000e+00
   0.0000000e+00
   0.0000000e+00
  -2.2531632e-03
   2.1472175e-03
   4.6688881e-03
   4.7558429e-03
   4.5393961e-03
   7.5506457e-03
   1.0667480e-02
   1.4223265e-02
   1.6195282e-02
   2.0172323e-02
   0.0000000e+00
   0.0000000e+00
   0.0000000e+00
   0.0000000e+00
   1.2363830e-02
   1.3903116e-02
   1.5393471e-02
   1.4839240e-02
   1.9458841e-02
   2.1819369e-02
   2.2039888e-02
   2.1348617e-02
   1.9657973e-02
   1.8357617e-02
   1.7193496e-02
   1.5996871e-02
   1.4992516e-02
   1.3907240e-02
   1.4729562e-02
   1.4450022e-02
   1.4381794e-02
   1.4816707e-02
   1.5344845e-02
   1.5868858e-02
   1.6092139e-02
   1.5850724e-02
   1.5745361e-02
   1.5778024e-02
   1.4940591e-02
   1.3333703e-02
   1.0636814e-02
   7.7305818e-03
   4.3496681e-03
   5.5113950e-05
  -3.0053392e-03
  -5.0342820e-03
  -6.0101526e-03
  -5.5245555e-03
  -3.4858373e-03
   1.7668599e-03
   8.4993503e-03
   1.7412695e-02
   3.1889675e-02
   4.4868753e-02
   4.9039851e-02
   4.0729347e-02
   4.0729347e-02
   0.0000000e+00
   0.0000000e+00
   0.0000000e+00
   0.0000000e+00
   0.0000000e+00
   0.0000000e+00
   0.0000000e+00
   0.0000000e+00
   0.0000000e+00
   0.0000000e+00
   0.0000000e+00
   0.0000000e+00
   0.0000000e+00
   0.0000000e+00
   0.0000000e+00
   0.0000000e+00
   7.0628808e-03
   8.5264275e-03
   8.6848445e-03
   1.0589097e-02
   1.3692529e-02
   1.7312525e-02
   2.3461567e-02
   2.8048686e-02
   0.0000000e+00
   0.0000000e+00
   0.0000000e+00
   0.0000000e+00
   0.0000000e+00
   0.0000000e+00
   1.4632050e-02
   1.7583889e-02
   1.9636902e-02
   2.4022085e-02
   2.5779894e-02
   2.5830714e-02
   2.4793579e-02
   2.2619976e-02
   2.0858793e-02
   1.9333507e-02
   1.7948839e-02
   1.6694761e-02
   1.5419636e-02
   1.5861027e-02
   1.5911788e-02
   1.6114714e-02
   1.6653324e-02
   1.6974602e-02
   1.7191252e-02
   1.7198393e-02
   1.6617615e-02
   1.5921915e-02
   1.4910156e-02
   1.3071352e-02
   1.0459103e-02
   6.8453122e-03
   3.4335176e-03
  -1.2549995e-04
  -3.9560506e-03
  -6.0279677e-03
  -6.9146403e-03
  -6.4704665e-03
  -4.6951342e-03
  -1.3066549e-03
   5.4278076e-03
   1.3389513e-02
   2.3834260e-02
   4.0908553e-02
   5.4329410e-02
   5.7701945e-02
   5.8452558e-02
   5.8452558e-02
   0.0000000e+00
   0.0000000e+00
   0.0000000e+00
   0.0000000e+00
   0.0000000e+00
   0.0000000e+00
   0.0000000e+00
   0.0000000e+00
   0.0000000e+00
   0.0000000e+00
   0.0000000e+00
   0.0000000e+00
   0.0000000e+00
   0.0000000e+00
   0.0000000e+00
   0.0000000e+00
   1.0141610e-02
   1.1089036e-02
   1.1567536e-02
   1.4195074e-02
   1.7642045e-02
   2.3618370e-02
   3.3378081e-02
   2.8048687e-02
   0.0000000e+00
   0.0000000e+00
   0.0000000e+00
   0.0000000e+00
   0.0000000e+00
   0.0000000e+00
   1.5470292e-02
   1.9564306e-02
   2.3393728e-02
   2.6914887e-02
   2.8257117e-02
   2.7986076e-02
   2.6637606e-02
   2.4063256e-02
   2.1875674e-02
   2.0125668e-02
   1.8614287e-02
   1.7310061e-02
   1.6214021e-02
   1.6617350e-02
   1.6830446e-02
   1.7121801e-02
   1.7561281e-02
   1.7621538e-02
   1.7527096e-02
   1.7161243e-02
   1.6182169e-02
   1.4929716e-02
   1.3042539e-02
   1.0504297e-02
   7.3204595e-03
   3.2318248e-03
  -3.0667352e-04
  -3.6310698e-03
  -6.6858586e-03
  -7.8476164e-03
  -7.7963588e-03
  -6.2032496e-03
  -3.4189536e-03
   9.6960086e-04
   8.8128671e-03
   1.7745135e-02
   2.9328307e-02
   4.7886327e-02
   5.9967425e-02
   6.1709817e-02
   6.9870204e-02
   6.9870204e-02
   0.0000000e+00
   0.0000000e+00
   0.0000000e+00
   0.0000000e+00
   0.0000000e+00
   0.0000000e+00
   0.0000000e+00
   0.0000000e+00
   0.0000000e+00
   0.0000000e+00
   0.0000000e+00
   0.0000000e+00
   0.0000000e+00
   0.0000000e+00
   0.0000000e+00
   1.1794428e-02
   1.2344988e-02
   1.2753678e-02
   1.3468402e-02
   1.6699731e-02
   2.0964805e-02
   2.9317312e-02
   3.8667613e-02
   0.0000000e+00
   0.0000000e+00
   2.2347705e-02
   2.2347705e-02
   0.0000000e+00
   0.0000000e+00
   0.0000000e+00
   1.5805637e-02
   2.2302050e-02
   2.6239028e-02
   2.8843811e-02
   2.9920990e-02
   2.9383160e-02
   2.7746465e-02
   2.4815131e-02
   2.2351952e-02
   2.0485390e-02
   1.8940063e-02
   1.7683549e-02
   1.6754098e-02
   1.7411550e-02
   1.7703612e-02
   1.7942537e-02
   1.8014273e-02
   1.7608312e-02
   1.7021864e-02
   1.5906659e-02
   1.4240998e-02
   1.2150131e-02
   9.0662255e-03
   5.7464498e-03
   2.1196098e-03
  -2.2515577e-03
  -5.5924755e-03
  -8.1169318e-03
  -9.6283597e-03
  -9.4440594e-03
  -8.1349635e-03
  -5.0228006e-03
  -9.4917890e-04
   4.6426536e-03
   1.3835442e-02
   2.4019926e-02
   3.6978152e-02
   5.6699078e-02
   6.4814129e-02
   6.3128746e-02
   8.1187486e-02
   8.1187486e-02
   0.0000000e+00
   0.0000000e+00
   0.0000000e+00
   0.0000000e+00
   0.0000000e+00
   0.0000000e+00
   0.0000000e+00
   0.0000000e+00
   0.0000000e+00
   0.0000000e+00
   0.0000000e+00
   0.0000000e+00
   0.0000000e+00
   0.0000000e+00
   0.0000000e+00
   1.1794429e-02
   1.4886295e-02
   1.4426030e-02
   1.5423669e-02
   1.9477331e-02
   2.5522537e-02
   3.7624091e-02
   0.0000000e+00
   0.0000000e+00
   0.0000000e+00
   2.2347704e-02
   2.2347704e-02
   0.0000000e+00
   0.0000000e+00
   0.0000000e+00
   0.0000000e+00
   2.7389970e-02
   2.9749684e-02
   3.0861868e-02
   3.1680661e-02
   3.0781861e-02
   2.8717106e-02
   2.5271460e-02
   2.2533638e-02
   2.0597359e-02
   1.9095836e-02
   1.8016569e-02
   1.7335421e-02
   1.7022779e-02
   1.6845172e-02
   1.6399948e-02
   1.5444712e-02
   1.4192699e-02
   1.2786509e-02
   1.0748599e-02
   8.5350907e-03
   5.9963125e-03
   2.7873502e-03
  -5.0543532e-05
  -2.9774790e-03
  -6.2681763e-03
  -8.3161014e-03
  -9.3545038e-03
  -9.1678668e-03
  -7.7399183e-03
  -5.2599865e-03
  -7.4103847e-04
   4.4231261e-03
   1.1033537e-02
   2.1361757e-02
   3.2441594e-02
   4.5864914e-02
   6.3707791e-02
   6.6735289e-02
   6.2783897e-02
   8.1187489e-02
   0.0000000e+00
   0.0000000e+00
   0.0000000e+00
   0.0000000e+00
   0.0000000e+00
   0.0000000e+00
   0.0000000e+00
   0.0000000e+00
   0.0000000e+00
   0.0000000e+00
   0.0000000e+00
   0.0000000e+00
   0.0000000e+00
   0.0000000e+00
   0.0000000e+00
   0.0000000e+00
   1.4655470e-02
   1.5803007e-02
   1.6314894e-02
   1.8257447e-02
   2.3455108e-02
   3.0832999e-02
   4.0502831e-02
   0.0000000e+00
   0.0000000e+00
   2.1193069e-02
   2.4525116e-02
   2.0957307e-02
   1.8179022e-02
   0.0000000e+00
   0.0000000e+00
   0.0000000e+00
   2.9694367e-02
   3.2302998e-02
   3.2159328e-02
   3.2937881e-02
   3.1552255e-02
   2.8878555e-02
   2.4939872e-02
   2.2193329e-02
   2.0399854e-02
   1.8978696e-02
   1.7970470e-02
   1.7270055e-02
   1.5659061e-02
   1.4984393e-02
   1.3954737e-02
   1.2281928e-02
   1.0567258e-02
   8.8262302e-03
   6.6186422e-03
   4.5003987e-03
   2.2243661e-03
  -3.7880253e-04
  -2.4913961e-03
  -4.6052013e-03
  -6.8233543e-03
  -7.9198838e-03
  -8.0766441e-03
  -6.9819595e-03
  -4.9355843e-03
  -1.9137745e-03
   3.1272906e-03
   8.6094286e-03
   1.5425560e-02
   2.5833610e-02
   3.6735701e-02
   4.9458000e-02
   6.4648714e-02
   6.3985255e-02
   5.8715578e-02
   0.0000000e+00
   0.0000000e+00
   0.0000000e+00
   0.0000000e+00
   0.0000000e+00
   0.0000000e+00
   0.0000000e+00
   0.0000000e+00
   0.0000000e+00
   0.0000000e+00
   0.0000000e+00
   0.0000000e+00
   0.0000000e+00
   0.0000000e+00
   0.0000000e+00
   1.2609667e-02
   1.4675745e-02
   1.6629678e-02
   1.7006281e-02
   1.8238724e-02
   2.0782794e-02
   2.6342328e-02
   3.3246631e-02
   3.9514645e-02
   0.0000000e+00
   1.6848530e-02
   2.2096160e-02
   2.4114957e-02
   2.0915719e-02
   1.8179024e-02
   0.0000000e+00
   0.0000000e+00
   0.0000000e+00
   3.1943830e-02
   3.3166202e-02
   3.2421721e-02
   3.3232017e-02
   3.1471593e-02
   2.8418386e-02
   2.4255603e-02
   2.1530168e-02
   1.9780065e-02
   1.8307259e-02
   1.7216018e-02
   1.6344865e-02
   1.3017710e-02
   1.1536954e-02
   9.6225564e-03
   6.9527545e-03
   4.6831131e-03
   2.6395391e-03
   5.2096943e-04
  -1.1380895e-03
  -2.6554659e-03
  -3.9430477e-03
  -4.7822437e-03
  -5.5447205e-03
  -6.0555559e-03
  -5.7974413e-03
  -4.8363816e-03
  -2.6704165e-03
   6.3912253e-05
   3.6497656e-03
   9.1011988e-03
   1.4721570e-02
   2.1477610e-02
   3.1508758e-02
   4.1614669e-02
   5.2661545e-02
   6.3251296e-02
   5.7366523e-02
   5.0446433e-02
   0.0000000e+00
   0.0000000e+00
   0.0000000e+00
   0.0000000e+00
   0.0000000e+00
   0.0000000e+00
   0.0000000e+00
   0.0000000e+00
   0.0000000e+00
   0.0000000e+00
   0.0000000e+00
   0.0000000e+00
   0.0000000e+00
   0.0000000e+00
   0.0000000e+00
   1.2609667e-02
   1.4675745e-02
   1.8674138e-02
   1.9062834e-02
   2.1324643e-02
   2.4664314e-02
   3.0427547e-02
   3.5713448e-02
   3.6090905e-02
   0.0000000e+00
   1.6848531e-02
   2.3500284e-02
   2.3004631e-02
   2.1407466e-02
   0.0000000e+00
   0.0000000e+00
   0.0000000e+00
   0.0000000e+00
   3.5506304e-02
   3.3735977e-02
   3.2345881e-02
   3.3241211e-02
   3.0936371e-02
   2.7387314e-02
   2.2995468e-02
   2.0317954e-02
   1.8589559e-02
   1.6971293e-02
   1.5674014e-02
   1.4458114e-02
   6.1816392e-03
   3.9912271e-03
   1.6118928e-03
  -1.1113208e-03
  -3.0528315e-03
  -4.5434907e-03
  -5.7036462e-03
  -6.3252767e-03
  -6.5689767e-03
  -6.1172652e-03
  -5.4634319e-03
  -4.6710484e-03
  -3.2088009e-03
  -1.4217061e-03
   7.9819286e-04
   3.9946241e-03
   7.2113155e-03
   1.0948727e-02
   1.6170898e-02
   2.1225502e-02
   2.7004484e-02
   3.4997694e-02
   4.2253437e-02
   4.9267661e-02
   5.3628638e-02
   4.7467263e-02
   3.6113530e-02
   4.0977604e-02
   0.0000000e+00
   0.0000000e+00
   0.0000000e+00
   0.0000000e+00
   0.0000000e+00
   0.0000000e+00
   0.0000000e+00
   0.0000000e+00
   0.0000000e+00
   0.0000000e+00
   0.0000000e+00
   0.0000000e+00
   0.0000000e+00
   8.6090388e-03
   1.7623027e-02
   1.9904756e-02
   2.1135276e-02
   2.3156809e-02
   2.5762622e-02
   2.8815866e-02
   3.2779336e-02
   3.3985972e-02
   3.0846823e-02
   1.8530454e-02
   1.8959078e-02
   2.3058603e-02
   2.0781402e-02
   2.0483814e-02
   0.0000000e+00
   0.0000000e+00
   0.0000000e+00
   0.0000000e+00
   3.4749094e-02
   3.1742807e-02
   3.0586181e-02
   3.0523207e-02
   2.7387001e-02
   2.3188526e-02
   1.8423045e-02
   1.5642362e-02
   1.3736815e-02
   1.1792433e-02
   1.0144846e-02
   8.4412405e-03
   1.5841314e-03
  -7.0987956e-04
  -3.0337121e-03
  -5.5144944e-03
  -7.1462803e-03
  -8.2817748e-03
  -8.9487460e-03
  -9.0728728e-03
  -8.7650380e-03
  -7.6646065e-03
  -6.4472668e-03
  -5.0136217e-03
  -2.7185109e-03
  -2.4814004e-04
   2.5727955e-03
   6.2945263e-03
   9.7493930e-03
   1.3545889e-02
   1.8623700e-02
   2.3356361e-02
   2.8569348e-02
   3.5383347e-02
   4.1074988e-02
   4.5964135e-02
   4.7711270e-02
   4.2103466e-02
   3.4259051e-02
   3.8722736e-02
   0.0000000e+00
   0.0000000e+00
   0.0000000e+00
   0.0000000e+00
   0.0000000e+00
   0.0000000e+00
   0.0000000e+00
   0.0000000e+00
   0.0000000e+00
   0.0000000e+00
   0.0000000e+00
   0.0000000e+00
   0.0000000e+00
   1.0814026e-02
   1.8302181e-02
   2.1247339e-02
   2.2589098e-02
   2.5298406e-02
   2.7722906e-02
   3.0294513e-02
   3.2968122e-02
   3.2345146e-02
   2.8170716e-02
   1.8939564e-02
   1.9418513e-02
   2.2564107e-02
   2.0592985e-02
   2.0277596e-02
   0.0000000e+00
   0.0000000e+00
   0.0000000e+00
   3.0026267e-02
   3.3301741e-02
   2.9997271e-02
   2.8736370e-02
   2.7619336e-02
   2.3891944e-02
   1.9336229e-02
   1.4449876e-02
   1.1656560e-02
   9.7007963e-03
   7.6587564e-03
   5.9054107e-03
   4.0543922e-03
  -5.8688930e-03
  -8.0298213e-03
  -9.9670716e-03
  -1.1830608e-02
  -1.2888563e-02
  -1.3461747e-02
  -1.3451174e-02
  -1.2930076e-02
  -1.1973907e-02
  -1.0241563e-02
  -8.4656736e-03
  -6.3182931e-03
  -3.0710757e-03
   2.2901048e-04
   3.8264493e-03
   8.2646268e-03
   1.2036127e-02
   1.5893898e-02
   2.0745608e-02
   2.5003531e-02
   2.9372392e-02
   3.4428940e-02
   3.7869161e-02
   3.9786261e-02
   3.8565115e-02
   3.4450487e-02
   3.1700180e-02
   3.3250854e-02
   0.0000000e+00
   0.0000000e+00
   0.0000000e+00
   0.0000000e+00
   0.0000000e+00
   0.0000000e+00
   0.0000000e+00
   0.0000000e+00
   0.0000000e+00
   0.0000000e+00
   0.0000000e+00
   0.0000000e+00
   0.0000000e+00
   1.6164859e-02
   1.9271239e-02
   2.1672337e-02
   2.4783664e-02
   2.8277351e-02
   3.0075459e-02
   3.1633472e-02
   3.2152091e-02
   2.9299288e-02
   2.4517831e-02
   1.9932357e-02
   1.9961682e-02
   2.1603426e-02
   2.1589392e-02
   0.0000000e+00
   0.0000000e+00
   0.0000000e+00
   0.0000000e+00
   3.0026265e-02
   3.0199721e-02
   2.6841263e-02
   2.5200836e-02
   2.2045139e-02
   1.7333524e-02
   1.2262750e-02
   7.2855072e-03
   4.5174239e-03
   2.5357845e-03
   4.3344980e-04
  -1.3867518e-03
  -3.3312575e-03
  -1.4270134e-02
  -1.6115390e-02
  -1.7709341e-02
  -1.9202936e-02
  -2.0033466e-02
  -2.0464133e-02
  -2.0430423e-02
  -2.0020746e-02
  -1.9257579e-02
  -1.7757455e-02
  -1.5954876e-02
  -1.3559794e-02
  -9.7825984e-03
  -5.9909192e-03
  -1.9466748e-03
   3.0264899e-03
   7.1944804e-03
   1.1353034e-02
   1.6308554e-02
   2.0367758e-02
   2.4318745e-02
   2.8478621e-02
   3.0862596e-02
   3.1683084e-02
   2.9905330e-02
   2.6912805e-02
   2.5107389e-02
   3.3250852e-02
   0.0000000e+00
   0.0000000e+00
   0.0000000e+00
   0.0000000e+00
   0.0000000e+00
   0.0000000e+00
   0.0000000e+00
   0.0000000e+00
   0.0000000e+00
   0.0000000e+00
   0.0000000e+00
   0.0000000e+00
   9.7168688e-03
   1.4002101e-02
   1.7526764e-02
   2.1423744e-02
   2.5206817e-02
   2.8166205e-02
   2.9240562e-02
   3.0009823e-02
   2.9266976e-02
   2.5941109e-02
   2.1961778e-02
   1.8901886e-02
   1.8832952e-02
   1.9923858e-02
   1.7384137e-02
   0.0000000e+00
   0.0000000e+00
   0.0000000e+00
   0.0000000e+00
   2.8434709e-02
   2.4380103e-02
   2.1717578e-02
   1.9066798e-02
   1.4272055e-02
   9.1507407e-03
   4.1220705e-03
  -5.9904531e-04
  -3.3788243e-03
  -5.5169133e-03
  -7.8851804e-03
  -9.9102454e-03
  -1.1908031e-02
  -1.8235775e-02
  -1.9847292e-02
  -2.1223331e-02
  -2.2548063e-02
  -2.3363766e-02
  -2.3919150e-02
  -2.4253819e-02
  -2.4293498e-02
  -2.4024097e-02
  -2.3037393e-02
  -2.1491896e-02
  -1.9219946e-02
  -1.5447837e-02
  -1.1576132e-02
  -7.3714238e-03
  -2.0875814e-03
   2.3702254e-03
   6.7746523e-03
   1.1867314e-02
   1.5857011e-02
   1.9592553e-02
   2.3314057e-02
   2.5280173e-02
   2.5832074e-02
   2.4375891e-02
   2.2273620e-02
   2.0804716e-02
   0.0000000e+00
   0.0000000e+00
   0.0000000e+00
   0.0000000e+00
   0.0000000e+00
   0.0000000e+00
   0.0000000e+00
   0.0000000e+00
   0.0000000e+00
   0.0000000e+00
   0.0000000e+00
   0.0000000e+00
   0.0000000e+00
   8.8162048e-03
   1.2223794e-02
   1.6032444e-02
   2.0557345e-02
   2.4473935e-02
   2.7127793e-02
   2.7919650e-02
   2.8324423e-02
   2.7046794e-02
   2.3685218e-02
   2.0234263e-02
   1.7908707e-02
   1.7752561e-02
   1.8067097e-02
   1.5341890e-02
   0.0000000e+00
   0.0000000e+00
   0.0000000e+00
   1.6001795e-02
   2.5659373e-02
   2.0878818e-02
   1.8421037e-02
   1.5356553e-02
   1.0040873e-02
   4.9057523e-03
   2.2720051e-05
  -4.5295004e-03
  -7.3216102e-03
  -9.5421243e-03
  -1.2026317e-02
  -1.4109260e-02
  -1.6066169e-02
  -2.3007733e-02
  -2.4098790e-02
  -2.5054872e-02
  -2.6192666e-02
  -2.7251760e-02
  -2.8499238e-02
  -3.0348057e-02
  -3.2048594e-02
  -3.3510161e-02
  -3.4281310e-02
  -3.3806543e-02
  -3.2360491e-02
  -2.9315143e-02
  -2.5776335e-02
  -2.1520941e-02
  -1.5699086e-02
  -1.0602700e-02
  -5.6090810e-03
  -1.0257297e-04
   3.8720843e-03
   7.2970020e-03
   1.0448317e-02
   1.2139523e-02
   1.3071336e-02
   1.3651749e-02
   1.3638766e-02
   1.2265627e-02
   0.0000000e+00
   0.0000000e+00
   0.0000000e+00
   0.0000000e+00
   0.0000000e+00
   0.0000000e+00
   0.0000000e+00
   0.0000000e+00
   0.0000000e+00
   0.0000000e+00
   0.0000000e+00
   0.0000000e+00
   0.0000000e+00
   5.1896326e-03
   7.2249843e-03
   1.2340251e-02
   1.7400030e-02
   2.0959014e-02
   2.3094669e-02
   2.3713545e-02
   2.3701805e-02
   2.1951949e-02
   1.9077006e-02
   1.6684641e-02
   1.5282868e-02
   1.4906503e-02
   1.2829008e-02
   1.2722799e-02
   0.0000000e+00
   0.0000000e+00
   0.0000000e+00
   1.6001795e-02
   1.8868827e-02
   1.4536190e-02
   1.1975401e-02
   8.5915593e-03
   3.3625720e-03
  -1.2821494e-03
  -5.6348732e-03
  -9.8483531e-03
  -1.2674530e-02
  -1.5018438e-02
  -1.7615017e-02
  -1.9657996e-02
  -2.1379305e-02
  -1.7633995e-02
  -1.8467162e-02
  -1.9353891e-02
  -2.0536140e-02
  -2.1693580e-02
  -2.3078980e-02
  -2.5126260e-02
  -2.7080726e-02
  -2.9010307e-02
  -3.0899908e-02
  -3.1865243e-02
  -3.2195706e-02
  -3.1549830e-02
  -2.9927865e-02
  -2.7200434e-02
  -2.2584474e-02
  -1.8169032e-02
  -1.3787780e-02
  -8.9446492e-03
  -5.4468247e-03
  -2.5745090e-03
  -1.3372314e-04
   1.1605078e-03
   2.2054831e-03
   4.2290050e-03
   6.3431654e-03
   7.1496489e-03
   0.0000000e+00
   0.0000000e+00
   0.0000000e+00
   0.0000000e+00
   0.0000000e+00
   0.0000000e+00
   0.0000000e+00
   0.0000000e+00
   0.0000000e+00
   0.0000000e+00
   0.0000000e+00
   0.0000000e+00
   0.0000000e+00
   9.7709452e-04
   1.7902898e-03
   7.4137291e-03
   1.2420285e-02
   1.5683701e-02
   1.7905287e-02
   1.8711198e-02
   1.8633557e-02
   1.6906319e-02
   1.4572875e-02
   1.2752395e-02
   1.1551882e-02
   1.0716174e-02
   9.5830821e-03
   1.2722800e-02
   0.0000000e+00
   0.0000000e+00
   0.0000000e+00
   1.4362328e-02
   1.4901303e-02
   1.0160454e-02
   7.7404408e-03
   5.1086629e-03
   1.0263833e-03
  -2.6763594e-03
  -6.0911831e-03
  -9.2943599e-03
  -1.1302286e-02
  -1.2854769e-02
  -1.4467661e-02
  -1.5684476e-02
  -1.6664829e-02
  -1.3697507e-02
  -1.4337162e-02
  -1.5132115e-02
  -1.6271690e-02
  -1.7428089e-02
  -1.8835807e-02
  -2.0928059e-02
  -2.2973184e-02
  -2.5128288e-02
  -2.7633237e-02
  -2.9428517e-02
  -3.0803597e-02
  -3.1597082e-02
  -3.1168262e-02
  -2.9465558e-02
  -2.5786394e-02
  -2.1982946e-02
  -1.8158164e-02
  -1.3911522e-02
  -1.0847739e-02
  -8.4317746e-03
  -6.5390049e-03
  -5.5731260e-03
  -4.5603253e-03
  -1.8240624e-03
   1.4960943e-03
   3.7435151e-03
  -2.2586602e-03
   0.0000000e+00
   0.0000000e+00
   0.0000000e+00
   0.0000000e+00
   0.0000000e+00
   0.0000000e+00
   0.0000000e+00
   0.0000000e+00
   0.0000000e+00
   0.0000000e+00
   0.0000000e+00
   0.0000000e+00
  -2.2039039e-03
  -1.8914728e-03
   4.0792325e-03
   9.0073803e-03
   1.2099802e-02
   1.4387991e-02
   1.5307675e-02
   1.5190255e-02
   1.3494873e-02
   1.1510500e-02
   1.0042170e-02
   8.9418404e-03
   7.8250142e-03
   7.1117757e-03
   0.0000000e+00
   0.0000000e+00
   0.0000000e+00
   0.0000000e+00
   1.3273204e-02
   1.2365317e-02
   7.3113008e-03
   5.0444468e-03
   2.9755007e-03
  -2.7622588e-04
  -3.2921589e-03
  -6.0317642e-03
  -8.5102497e-03
  -9.9480636e-03
  -1.0967232e-02
  -1.1942835e-02
  -1.2637131e-02
  -1.3152299e-02
  -2.0297141e-03
  -2.0486337e-03
  -2.1511295e-03
  -2.3922262e-03
  -2.7956209e-03
  -3.4618052e-03
  -4.6569995e-03
  -5.9923883e-03
  -7.6121816e-03
  -9.8480835e-03
  -1.1794712e-02
  -1.3631366e-02
  -1.5424491e-02
  -1.6366822e-02
  -1.6730978e-02
  -1.6376752e-02
  -1.5548577e-02
  -1.4480193e-02
  -1.3135773e-02
  -1.2228044e-02
  -1.1693653e-02
  -1.1707638e-02
  -1.2100295e-02
  -1.2363637e-02
  -1.1048710e-02
  -7.7681880e-03
  -2.8477674e-03
  -2.2586602e-03
   0.0000000e+00
   0.0000000e+00
   0.0000000e+00
   0.0000000e+00
   0.0000000e+00
   0.0000000e+00
   0.0000000e+00
   0.0000000e+00
   0.0000000e+00
   0.0000000e+00
   0.0000000e+00
   0.0000000e+00
  -1.2608642e-02
  -9.7322795e-03
  -2.9887183e-03
   1.3025457e-03
   4.3552277e-03
   6.8783099e-03
   7.8967840e-03
   7.7486520e-03
   6.3045513e-03
   4.8664242e-03
   3.7566296e-03
   2.4684173e-03
   1.0865079e-03
  -1.1729357e-03
   0.0000000e+00
   0.0000000e+00
   0.0000000e+00
   0.0000000e+00
   1.1192811e-02
   8.6492930e-03
   2.5219900e-03
   1.2225270e-03
   9.4405415e-04
   5.7040598e-05
  -9.5632018e-04
  -1.8159758e-03
  -2.3044882e-03
  -2.3530642e-03
  -2.2679331e-03
  -2.2094159e-03
  -2.2033278e-03
  -2.1359347e-03
   3.7355903e-03
   3.9015752e-03
   3.9791279e-03
   3.9160387e-03
   3.6393125e-03
   3.0810116e-03
   2.0113860e-03
   7.9395855e-04
  -7.0259720e-04
  -2.7669272e-03
  -4.5762504e-03
  -6.3413382e-03
  -8.2392134e-03
  -9.4930474e-03
  -1.0373985e-02
  -1.0895495e-02
  -1.0950416e-02
  -1.0843637e-02
  -1.0664410e-02
  -1.0650854e-02
  -1.0935652e-02
  -1.1839619e-02
  -1.2898442e-02
  -1.3915457e-02
  -1.4054322e-02
  -1.2030670e-02
  -7.6295566e-03
  -5.6221336e-03
  -4.5967475e-03
  -4.5450632e-03
   0.0000000e+00
   0.0000000e+00
   0.0000000e+00
   0.0000000e+00
   0.0000000e+00
   0.0000000e+00
   0.0000000e+00
   0.0000000e+00
   0.0000000e+00
  -1.6673233e-02
  -1.6379548e-02
  -1.3058797e-02
  -5.7911281e-03
  -2.0071084e-03
   8.6486986e-04
   3.3893457e-03
   4.3991050e-03
   4.2283293e-03
   2.8341278e-03
   1.4871160e-03
   4.7209807e-04
  -7.5628632e-04
  -2.1405467e-03
  -4.1333465e-03
   0.0000000e+00
   0.0000000e+00
   0.0000000e+00
   0.0000000e+00
   8.9203045e-03
   6.4598434e-03
   4.0081915e-04
  -3.7944032e-04
   3.4384942e-04
   8.7461894e-04
   9.4752212e-04
   1.0253377e-03
   1.4708741e-03
   2.0222010e-03
   2.5640293e-03
   3.0035023e-03
   3.2308295e-03
   3.4539974e-03
   9.5008956e-03
   9.8517830e-03
   1.0109385e-02
   1.0224303e-02
   1.0074245e-02
   9.6238268e-03
   8.6797709e-03
   7.5803044e-03
   6.2069862e-03
   4.3142292e-03
   2.6422109e-03
   9.4869074e-04
  -1.0539353e-03
  -2.6192709e-03
  -4.0169917e-03
  -5.4142367e-03
  -6.3522549e-03
  -7.2070808e-03
  -8.1930457e-03
  -9.0736638e-03
  -1.0177650e-02
  -1.1971600e-02
  -1.3696587e-02
  -1.5467272e-02
  -1.7059931e-02
  -1.6293153e-02
  -1.2411345e-02
  -8.1447371e-03
  -4.5967474e-03
  -4.5450632e-03
   0.0000000e+00
   0.0000000e+00
   0.0000000e+00
   0.0000000e+00
   0.0000000e+00
   0.0000000e+00
   0.0000000e+00
   0.0000000e+00
   0.0000000e+00
  -1.6673232e-02
  -1.8265000e-02
  -1.6385316e-02
  -8.5935368e-03
  -5.3167625e-03
  -2.6254880e-03
  -9.9618848e-05
   9.0142436e-04
   7.0800521e-04
  -6.3629671e-04
  -1.8921924e-03
  -2.8124338e-03
  -3.9809896e-03
  -5.3676010e-03
  -7.0937567e-03
   0.0000000e+00
   0.0000000e+00
   0.0000000e+00
   0.0000000e+00
   6.6477963e-03
   4.2703929e-03
  -1.7203514e-03
  -1.9814077e-03
  -2.5635541e-04
   1.6921972e-03
   2.8513642e-03
   3.8666513e-03
   5.2462358e-03
   6.3974655e-03
   7.3959913e-03
   8.2164210e-03
   8.6649867e-03
   9.0439294e-03
   1.8724626e-02
   1.9548625e-02
   2.0193428e-02
   2.0537421e-02
   2.0412780e-02
   1.9879660e-02
   1.8632546e-02
   1.7088760e-02
   1.5144734e-02
   1.2488784e-02
   1.0126851e-02
   7.6370556e-03
   4.4908584e-03
   1.7062556e-03
  -1.1875400e-03
  -4.5787720e-03
  -7.1729003e-03
  -9.5870420e-03
  -1.2286985e-02
  -1.4459353e-02
  -1.6664796e-02
  -1.9419162e-02
  -2.1707974e-02
  -2.3714812e-02
  -2.5731359e-02
  -2.5954835e-02
  -2.2454854e-02
  -1.3645361e-02
  -0.0000000e+00
  -0.0000000e+00
   0.0000000e+00
   0.0000000e+00
   0.0000000e+00
   0.0000000e+00
   0.0000000e+00
   0.0000000e+00
   0.0000000e+00
   0.0000000e+00
   0.0000000e+00
  -0.0000000e+00
  -2.1843570e-02
  -2.4378404e-02
  -1.7466323e-02
  -1.5012577e-02
  -1.2136571e-02
  -8.4386608e-03
  -6.6059753e-03
  -6.4169047e-03
  -7.6608770e-03
  -8.9250263e-03
  -9.7599467e-03
  -1.0415305e-02
  -1.1043198e-02
  -1.1636891e-02
  -1.6216645e-02
   0.0000000e+00
   0.0000000e+00
   0.0000000e+00
  -2.5673941e-04
  -2.2279045e-03
  -7.8858603e-03
  -6.9242232e-03
  -3.2664896e-03
   1.1905478e-03
   4.0190918e-03
   6.3924864e-03
   9.2359772e-03
   1.1523531e-02
   1.3554992e-02
   1.5506433e-02
   1.6717359e-02
   1.7688677e-02
   1.9007865e-02
   1.9819174e-02
   2.0424901e-02
   2.0663962e-02
   2.0405006e-02
   1.9688912e-02
   1.8128265e-02
   1.6257089e-02
   1.3968087e-02
   1.0875302e-02
   8.1225010e-03
   5.2161859e-03
   1.5574540e-03
  -1.6209331e-03
  -4.8451992e-03
  -8.5654277e-03
  -1.1412090e-02
  -1.4068654e-02
  -1.7102987e-02
  -1.9594343e-02
  -2.2103371e-02
  -2.5116228e-02
  -2.7421048e-02
  -2.9272024e-02
  -3.1002862e-02
  -3.1431362e-02
  -2.7959455e-02
  -1.7551171e-02
   0.0000000e+00
   0.0000000e+00
   0.0000000e+00
   0.0000000e+00
   0.0000000e+00
   0.0000000e+00
   0.0000000e+00
   0.0000000e+00
   0.0000000e+00
   0.0000000e+00
   0.0000000e+00
   0.0000000e+00
  -2.2384745e-02
  -2.6417102e-02
  -2.1245027e-02
  -1.9613232e-02
  -1.7081670e-02
  -1.2626793e-02
  -9.9132219e-03
  -9.2446450e-03
  -1.0364879e-02
  -1.1728376e-02
  -1.2669452e-02
  -1.3282151e-02
  -1.3621693e-02
  -1.3704092e-02
  -1.7199330e-02
  -2.1015873e-02
   0.0000000e+00
   0.0000000e+00
  -4.9273456e-03
  -6.7167189e-03
  -1.2086743e-02
  -1.0421215e-02
  -5.9218705e-03
  -5.9011398e-04
   2.7913973e-03
   5.4935347e-03
   8.5771894e-03
   1.1085996e-02
   1.3334766e-02
   1.5521233e-02
   1.6876303e-02
   1.7937284e-02
   1.8279105e-02
   1.9005156e-02
   1.9490610e-02
   1.9514573e-02
   1.9015921e-02
   1.7988908e-02
   1.5916937e-02
   1.3528843e-02
   1.0708805e-02
   6.9489774e-03
   3.6002524e-03
   6.7033303e-05
  -4.3413310e-03
  -8.0503469e-03
  -1.1657022e-02
  -1.5690823e-02
  -1.8761476e-02
  -2.1637117e-02
  -2.5031764e-02
  -2.7912514e-02
  -3.0809141e-02
  -3.4149027e-02
  -3.6407004e-02
  -3.7952335e-02
  -3.9124095e-02
  -3.9781583e-02
  -3.6308259e-02
  -2.3447464e-02
   0.0000000e+00
   0.0000000e+00
   0.0000000e+00
   0.0000000e+00
   0.0000000e+00
   0.0000000e+00
   0.0000000e+00
   0.0000000e+00
   0.0000000e+00
   0.0000000e+00
   0.0000000e+00
   0.0000000e+00
   0.0000000e+00
  -2.9781869e-02
  -2.6712992e-02
  -2.6417870e-02
  -2.4516918e-02
  -1.8886128e-02
  -1.4733337e-02
  -1.3271983e-02
  -1.4187860e-02
  -1.5725056e-02
  -1.6864252e-02
  -1.7470170e-02
  -1.7403318e-02
  -1.6736787e-02
  -1.8496055e-02
  -2.1015873e-02
   0.0000000e+00
   0.0000000e+00
  -1.2226402e-02
  -1.3749969e-02
  -1.8657671e-02
  -1.5916355e-02
  -1.0193374e-02
  -3.6563295e-03
   4.7600221e-04
   3.5758615e-03
   6.8873131e-03
   9.6342294e-03
   1.2127915e-02
   1.4577435e-02
   1.6084691e-02
   1.7224619e-02
   1.0226986e-02
   1.0729792e-02
   1.0977985e-02
   1.0756807e-02
   1.0089271e-02
   8.8558113e-03
   6.4335661e-03
   3.7301930e-03
   6.5818144e-04
  -3.3487228e-03
  -6.7942059e-03
  -1.0234782e-02
  -1.4271926e-02
  -1.7509077e-02
  -2.0619838e-02
  -2.4185233e-02
  -2.6961429e-02
  -2.9550014e-02
  -3.2637138e-02
  -3.5301805e-02
  -3.7943050e-02
  -4.0818997e-02
  -4.2800445e-02
  -4.4488337e-02
  -4.7102064e-02
  -5.0329026e-02
  -5.1688373e-02
  -4.0743763e-02
   0.0000000e+00
   0.0000000e+00
   0.0000000e+00
   0.0000000e+00
   0.0000000e+00
   0.0000000e+00
   0.0000000e+00
   0.0000000e+00
   0.0000000e+00
   0.0000000e+00
   0.0000000e+00
   0.0000000e+00
   0.0000000e+00
  -2.3061931e-02
  -2.6923127e-02
  -3.0236151e-02
  -3.2271814e-02
  -2.7488083e-02
  -2.0879447e-02
  -1.7274929e-02
  -1.7115390e-02
  -1.8787365e-02
  -2.0314362e-02
  -2.1189906e-02
  -2.1177497e-02
  -2.0422239e-02
  -1.9001020e-02
  -1.6952104e-02
  -1.3997846e-02
  -1.4497355e-02
  -1.5533125e-02
  -1.9328430e-02
  -2.6617555e-02
  -2.4347698e-02
  -1.7816570e-02
  -1.0965171e-02
  -6.3474001e-03
  -2.9897746e-03
   2.5332911e-04
   2.7906818e-03
   5.0651715e-03
   7.1908724e-03
   8.4316572e-03
   9.3569998e-03
   5.9716152e-03
   6.5775169e-03
   6.9383197e-03
   6.8543828e-03
   6.2865005e-03
   5.1265517e-03
   2.7668057e-03
   1.0581681e-04
  -2.8930551e-03
  -6.7537627e-03
  -1.0015625e-02
  -1.3197057e-02
  -1.6812682e-02
  -1.9646762e-02
  -2.2364536e-02
  -2.5553413e-02
  -2.8118065e-02
  -3.0565372e-02
  -3.3556189e-02
  -3.6199231e-02
  -3.8885970e-02
  -4.1966040e-02
  -4.4345412e-02
  -4.6748444e-02
  -5.0690547e-02
  -5.5395402e-02
  -5.9490141e-02
  -5.0767769e-02
   0.0000000e+00
   0.0000000e+00
   0.0000000e+00
   0.0000000e+00
   0.0000000e+00
   0.0000000e+00
   0.0000000e+00
   0.0000000e+00
   0.0000000e+00
   0.0000000e+00
   0.0000000e+00
   0.0000000e+00
   0.0000000e+00
  -2.1393027e-02
  -2.3975343e-02
  -2.9033652e-02
  -3.3824347e-02
  -3.1479526e-02
  -2.4159759e-02
  -1.9328218e-02
  -1.8336425e-02
  -1.9950004e-02
  -2.1671239e-02
  -2.2719281e-02
  -2.2830168e-02
  -2.2253454e-02
  -2.0133888e-02
  -1.7079119e-02
  -1.4100438e-02
  -1.4099872e-02
  -1.5091656e-02
  -1.9658053e-02
  -2.8897496e-02
  -2.8028613e-02
  -2.1684935e-02
  -1.5190394e-02
  -1.0626234e-02
  -7.2103669e-03
  -4.0019508e-03
  -1.5186302e-03
   7.1273389e-04
   2.7818661e-03
   4.0206187e-03
   4.9876478e-03
  -8.4366439e-04
   2.4126359e-04
   1.1203520e-03
   1.6350279e-03
   1.4949761e-03
   7.1205133e-04
  -1.1960167e-03
  -3.4923620e-03
  -6.0811681e-03
  -9.3147478e-03
  -1.1949200e-02
  -1.4417154e-02
  -1.7037744e-02
  -1.9008033e-02
  -2.0910535e-02
  -2.3313254e-02
  -2.5459700e-02
  -2.7695532e-02
  -3.0626132e-02
  -3.3365983e-02
  -3.6381796e-02
  -4.0426772e-02
  -4.4215973e-02
  -4.8672760e-02
  -5.5546499e-02
  -6.2788657e-02
  -7.1521933e-02
  -6.8076085e-02
   0.0000000e+00
   0.0000000e+00
   0.0000000e+00
   0.0000000e+00
   0.0000000e+00
   0.0000000e+00
   0.0000000e+00
   0.0000000e+00
   0.0000000e+00
   0.0000000e+00
   0.0000000e+00
   0.0000000e+00
   0.0000000e+00
   0.0000000e+00
  -1.4911024e-02
  -2.2535180e-02
  -3.2696139e-02
  -3.7084772e-02
  -2.9459177e-02
  -2.2528423e-02
  -1.9828975e-02
  -2.1164968e-02
  -2.3182091e-02
  -2.4549006e-02
  -2.4991583e-02
  -2.5020905e-02
  -2.3177889e-02
  -1.8987586e-02
  -1.4410425e-02
  -1.2898893e-02
  -1.2517114e-02
  -1.6468021e-02
  -2.9813296e-02
  -3.2823633e-02
  -2.7652752e-02
  -2.2472321e-02
  -1.8434418e-02
  -1.5035996e-02
  -1.1881098e-02
  -9.4037818e-03
  -7.1382349e-03
  -4.9970363e-03
  -3.5644687e-03
  -2.3104609e-03
  -6.2035685e-03
  -4.4215447e-03
  -2.6833522e-03
  -9.3187601e-04
   5.3846161e-06
   2.7076586e-04
  -3.5586924e-04
  -1.6395913e-03
  -3.2985094e-03
  -5.4430058e-03
  -7.2101699e-03
  -8.8723954e-03
  -1.0635140e-02
  -1.1972373e-02
  -1.3350729e-02
  -1.5348984e-02
  -1.7444674e-02
  -1.9947710e-02
  -2.3600899e-02
  -2.7244098e-02
  -3.1384755e-02
  -3.7043165e-02
  -4.2464092e-02
  -4.8771277e-02
  -5.7605606e-02
  -6.5733626e-02
  -7.4956045e-02
  -7.7174697e-02
   0.0000000e+00
   0.0000000e+00
  -4.0613338e-02
   0.0000000e+00
   0.0000000e+00
   0.0000000e+00
   0.0000000e+00
   0.0000000e+00
   0.0000000e+00
   0.0000000e+00
   0.0000000e+00
   0.0000000e+00
   0.0000000e+00
   0.0000000e+00
  -1.4911023e-02
  -2.2535180e-02
  -3.2696139e-02
  -3.4309849e-02
  -3.1390078e-02
  -2.4635475e-02
  -2.0909246e-02
  -2.1751540e-02
  -2.3781894e-02
  -2.5510330e-02
  -2.6173521e-02
  -2.6441874e-02
  -2.4644986e-02
  -2.0458438e-02
  -1.4991203e-02
  -1.0847669e-02
  -9.8706953e-03
  -1.6468021e-02
  -2.9813295e-02
  -3.3114784e-02
  -3.0050000e-02
  -2.6575439e-02
  -2.3773011e-02
  -2.0847537e-02
  -1.8065561e-02
  -1.5830059e-02
  -1.3609609e-02
  -1.1409512e-02
  -9.8166857e-03
  -8.2640145e-03
  -9.8234145e-03
  -7.6811854e-03
  -5.4334011e-03
  -2.8615443e-03
  -1.1384960e-03
  -6.7822883e-05
   2.7594384e-04
  -2.6423708e-04
  -1.2683593e-03
  -2.6899842e-03
  -3.9136042e-03
  -5.0950982e-03
  -6.3734101e-03
  -7.3709530e-03
  -8.4792562e-03
  -1.0282562e-02
  -1.2368875e-02
  -1.5026675e-02
  -1.9074263e-02
  -2.3208256e-02
  -2.7967496e-02
  -3.4542330e-02
  -4.0891665e-02
  -4.8225973e-02
  -5.8212340e-02
  -6.6963441e-02
  -7.5953774e-02
  -7.8563679e-02
  -6.7426475e-02
  -5.8728712e-02
  -4.0613341e-02
   0.0000000e+00
   0.0000000e+00
   0.0000000e+00
   0.0000000e+00
   0.0000000e+00
   0.0000000e+00
   0.0000000e+00
   0.0000000e+00
   0.0000000e+00
   0.0000000e+00
   0.0000000e+00
   0.0000000e+00
   0.0000000e+00
   0.0000000e+00
  -3.3166350e-02
  -3.2038171e-02
  -2.5395630e-02
  -2.1361358e-02
  -2.2075589e-02
  -2.4038821e-02
  -2.5964106e-02
  -2.6838579e-02
  -2.7360473e-02
  -2.5715150e-02
  -2.1439922e-02
  -1.4990803e-02
  -1.0002394e-02
  -7.6896077e-03
   0.0000000e+00
   0.0000000e+00
  -3.3579137e-02
  -3.1246515e-02
  -2.8606927e-02
  -2.6554794e-02
  -2.3989920e-02
  -2.1493539e-02
  -1.9507892e-02
  -1.7443573e-02
  -1.5318487e-02
  -1.3728575e-02
  -1.2105442e-02
  -1.6143850e-02
  -1.3674905e-02
  -1.0730319e-02
  -6.7667591e-03
  -3.5125789e-03
  -7.6987543e-04
   1.5551633e-03
   2.4762903e-03
   2.6886933e-03
   2.4946710e-03
   2.1048140e-03
   1.5893804e-03
   8.9749421e-04
   2.5297732e-04
  -6.1317713e-04
  -2.2898326e-03
  -4.4278493e-03
  -7.2856479e-03
  -1.1766041e-02
  -1.6430992e-02
  -2.1884700e-02
  -2.9586227e-02
  -3.7082260e-02
  -4.5601732e-02
  -5.7129345e-02
  -6.7036212e-02
  -7.4084202e-02
  -7.0634447e-02
  -6.7426476e-02
  -5.8728708e-02
   0.0000000e+00
   0.0000000e+00
   0.0000000e+00
   0.0000000e+00
   0.0000000e+00
   0.0000000e+00
   0.0000000e+00
   0.0000000e+00
   0.0000000e+00
   0.0000000e+00
   0.0000000e+00
   0.0000000e+00
   0.0000000e+00
   0.0000000e+00
   0.0000000e+00
   0.0000000e+00
  -3.0715996e-02
  -2.4911333e-02
  -2.1392508e-02
  -2.2444371e-02
  -2.4082530e-02
  -2.6222237e-02
  -2.7635876e-02
  -2.8852191e-02
  -2.7800584e-02
  -2.3121225e-02
  -1.3917055e-02
   0.0000000e+00
   0.0000000e+00
   0.0000000e+00
   0.0000000e+00
  -3.4584228e-02
  -3.2181042e-02
  -3.0132762e-02
  -2.9160883e-02
  -2.7338180e-02
  -2.5432677e-02
  -2.4119833e-02
  -2.2671582e-02
  -2.0991184e-02
  -1.9710118e-02
  -1.8322621e-02
  -2.0324075e-02
  -1.8245770e-02
  -1.5499785e-02
  -1.1440463e-02
  -7.6066852e-03
  -3.8968748e-03
  -1.1450703e-04
   1.9904363e-03
   3.1462155e-03
   3.7920959e-03
   3.9400626e-03
   3.8172798e-03
   3.4583623e-03
   3.0610440e-03
   2.5013018e-03
   1.2519714e-03
  -4.7303288e-04
  -2.8871998e-03
  -6.8704411e-03
  -1.1189617e-02
  -1.6386421e-02
  -2.3905931e-02
  -3.1342302e-02
  -3.9893380e-02
  -5.1868636e-02
  -6.3098244e-02
  -7.4050185e-02
  -8.1269217e-02
  -8.3136320e-02
  -7.4579795e-02
   0.0000000e+00
   0.0000000e+00
   0.0000000e+00
   0.0000000e+00
   0.0000000e+00
   0.0000000e+00
   0.0000000e+00
   0.0000000e+00
   0.0000000e+00
   0.0000000e+00
   0.0000000e+00
   0.0000000e+00
   0.0000000e+00
   0.0000000e+00
   0.0000000e+00
   0.0000000e+00
  -3.0171068e-02
  -2.1268805e-02
  -1.7493765e-02
  -2.0487849e-02
  -2.3045731e-02
  -2.5446238e-02
  -2.6964672e-02
  -2.9209854e-02
  -2.9320013e-02
  -2.6003209e-02
  -1.3917055e-02
   0.0000000e+00
   0.0000000e+00
   0.0000000e+00
  -3.2685252e-02
  -3.2922756e-02
  -3.1746438e-02
  -2.9849367e-02
  -2.9113714e-02
  -2.7811596e-02
  -2.6259878e-02
  -2.5380345e-02
  -2.4467954e-02
  -2.3388493e-02
  -2.2604499e-02
  -2.1822551e-02
  -2.2801476e-02
  -2.1065154e-02
  -1.8574400e-02
  -1.4680916e-02
  -1.0714670e-02
  -6.5875505e-03
  -2.0048067e-03
   8.7432890e-04
   2.7178454e-03
   4.0016873e-03
   4.5692659e-03
   4.7639394e-03
   4.6614618e-03
   4.4529894e-03
   4.1215816e-03
   3.2179584e-03
   1.8521930e-03
  -1.3810048e-04
  -3.6016286e-03
  -7.5249332e-03
  -1.2376767e-02
  -1.9579934e-02
  -2.6831536e-02
  -3.5239607e-02
  -4.7192182e-02
  -5.8871594e-02
  -7.1702421e-02
  -8.5170895e-02
  -9.1012556e-02
  -8.3507881e-02
   0.0000000e+00
   0.0000000e+00
   0.0000000e+00
   0.0000000e+00
   0.0000000e+00
   0.0000000e+00
   0.0000000e+00
   0.0000000e+00
   0.0000000e+00
   0.0000000e+00
   0.0000000e+00
   0.0000000e+00
   0.0000000e+00
   0.0000000e+00
   0.0000000e+00
   0.0000000e+00
  -2.9908207e-02
  -1.9511729e-02
  -1.5613095e-02
  -1.8309138e-02
  -2.1129601e-02
  -2.4382006e-02
  -2.5948587e-02
  -2.8988220e-02
  -3.0013895e-02
  -2.8959282e-02
   0.0000000e+00
   0.0000000e+00
   0.0000000e+00
   0.0000000e+00
  -2.7985912e-02
  -3.1776264e-02
  -3.0914450e-02
  -2.9427182e-02
  -2.8662185e-02
  -2.7705617e-02
  -2.6372423e-02
  -2.5773191e-02
  -2.5221925e-02
  -2.4559785e-02
  -2.4110603e-02
  -2.3757093e-02
  -2.4801875e-02
  -2.3731911e-02
  -2.1933029e-02
  -1.8959701e-02
  -1.5631910e-02
  -1.1718314e-02
  -6.7129159e-03
  -2.9521904e-03
  -9.8938256e-05
   2.1952361e-03
   3.4579396e-03
   4.2083175e-03
   4.5216861e-03
   4.6152701e-03
   4.6333282e-03
   4.3354224e-03
   3.6640618e-03
   2.5845664e-03
   3.3571915e-04
  -2.5934544e-03
  -6.4860121e-03
  -1.2697354e-02
  -1.9272031e-02
  -2.6993268e-02
  -3.7910351e-02
  -4.8772771e-02
  -6.1584949e-02
  -7.9840329e-02
  -9.2306422e-02
  -8.9070729e-02
   0.0000000e+00
   0.0000000e+00
   0.0000000e+00
   0.0000000e+00
   0.0000000e+00
   0.0000000e+00
   0.0000000e+00
   0.0000000e+00
   0.0000000e+00
   0.0000000e+00
   0.0000000e+00
   0.0000000e+00
   0.0000000e+00
   0.0000000e+00
   0.0000000e+00
   0.0000000e+00
   0.0000000e+00
   0.0000000e+00
   0.0000000e+00
  -7.5906568e-03
  -1.4984544e-02
  -2.1388007e-02
  -2.2944131e-02
  -2.7277664e-02
  -2.9844403e-02
  -2.9721598e-02
   0.0000000e+00
   0.0000000e+00
   0.0000000e+00
   0.0000000e+00
  -2.2887452e-02
  -2.8539865e-02
  -2.8213647e-02
  -2.8188270e-02
  -2.6801418e-02
  -2.6254648e-02
  -2.5129183e-02
  -2.4839281e-02
  -2.4733441e-02
  -2.4624364e-02
  -2.4587608e-02
  -2.4825742e-02
  -2.4021911e-02
  -2.3535158e-02
  -2.2229815e-02
  -2.0009682e-02
  -1.7500013e-02
  -1.4448775e-02
  -1.0176458e-02
  -6.6237669e-03
  -3.5271544e-03
  -7.5309013e-04
   9.6216769e-04
   2.1869254e-03
   2.9401020e-03
   3.3688336e-03
   3.7191147e-03
   3.8459250e-03
   3.5825761e-03
   3.0666024e-03
   1.7799591e-03
  -2.1551584e-04
  -3.1428491e-03
  -8.2018487e-03
  -1.3877502e-02
  -2.0822059e-02
  -3.0903682e-02
  -4.1069873e-02
  -5.3318314e-02
  -7.1777277e-02
  -8.6739793e-02
  -8.6367019e-02
   0.0000000e+00
   0.0000000e+00
   0.0000000e+00
   0.0000000e+00
   0.0000000e+00
   0.0000000e+00
   0.0000000e+00
   0.0000000e+00
   0.0000000e+00
   0.0000000e+00
   0.0000000e+00
   0.0000000e+00
   0.0000000e+00
   0.0000000e+00
   0.0000000e+00
  -5.4919158e-02
  -5.4919158e-02
   0.0000000e+00
   0.0000000e+00
  -0.0000000e+00
  -1.4984542e-02
  -1.2837889e-02
  -1.7190306e-02
  -2.2938218e-02
  -2.5814965e-02
  -0.0000000e+00
   0.0000000e+00
   0.0000000e+00
   0.0000000e+00
   0.0000000e+00
  -1.9712072e-02
  -2.5883027e-02
  -2.8213647e-02
  -2.5512643e-02
  -2.3956738e-02
  -2.3506641e-02
  -2.2482852e-02
  -2.2151958e-02
  -2.2256048e-02
  -2.2512032e-02
  -2.2799950e-02
  -2.3351332e-02
  -2.2650160e-02
  -2.2632066e-02
  -2.1717697e-02
  -1.9993281e-02
  -1.8022161e-02
  -1.5585719e-02
  -1.1951036e-02
  -8.7390263e-03
  -5.6991260e-03
  -2.8014085e-03
  -9.3726412e-04
   5.1898987e-04
   1.5663010e-03
   2.2092429e-03
   2.7871821e-03
   3.2247009e-03
   3.2639909e-03
   3.1126067e-03
   2.4713811e-03
   1.1425227e-03
  -1.0668440e-03
  -5.2278214e-03
  -1.0136387e-02
  -1.6339729e-02
  -2.5535913e-02
  -3.4905966e-02
  -4.6366055e-02
  -6.4383984e-02
  -8.0707967e-02
  -8.2916446e-02
   0.0000000e+00
   0.0000000e+00
   0.0000000e+00
   0.0000000e+00
   0.0000000e+00
   0.0000000e+00
   0.0000000e+00
   0.0000000e+00
   0.0000000e+00
   0.0000000e+00
   0.0000000e+00
   0.0000000e+00
   0.0000000e+00
   0.0000000e+00
   0.0000000e+00
  -4.9742758e-02
  -5.3284749e-02
   0.0000000e+00
   0.0000000e+00
   0.0000000e+00
   0.0000000e+00
  -9.5685818e-03
  -1.4990216e-02
  -2.1278948e-02
  -2.3760654e-02
   0.0000000e+00
   0.0000000e+00
   0.0000000e+00
   0.0000000e+00
   0.0000000e+00
  -1.8497902e-02
  -2.3851236e-02
   0.0000000e+00
  -2.2613348e-02
  -2.1079186e-02
  -2.0620827e-02
  -1.9796999e-02
  -1.9501343e-02
  -1.9750798e-02
  -2.0225752e-02
  -2.0755254e-02
  -2.1529498e-02
  -1.9966743e-02
  -2.0562710e-02
  -2.0153907e-02
  -1.8948717e-02
  -1.7541826e-02
  -1.5817931e-02
  -1.3076449e-02
  -1.0517185e-02
  -7.8516476e-03
  -5.1035126e-03
  -3.2997515e-03
  -1.7182451e-03
  -3.5606421e-04
   5.0199875e-04
   1.3314706e-03
   2.1397111e-03
   2.5455208e-03
   2.7668760e-03
   2.8193049e-03
   2.2643373e-03
   9.2708705e-04
  -2.0905442e-03
  -5.9409355e-03
  -1.1033838e-02
  -1.8815254e-02
  -2.6860685e-02
  -3.6888977e-02
  -5.3609897e-02
  -7.0951041e-02
  -7.6875397e-02
   0.0000000e+00
   0.0000000e+00
   0.0000000e+00
   0.0000000e+00
   0.0000000e+00
   0.0000000e+00
   0.0000000e+00
   0.0000000e+00
   0.0000000e+00
   0.0000000e+00
   0.0000000e+00
   0.0000000e+00
   0.0000000e+00
   0.0000000e+00
   0.0000000e+00
  -4.6507948e-02
  -4.9199282e-02
   0.0000000e+00
   0.0000000e+00
   0.0000000e+00
   0.0000000e+00
   0.0000000e+00
   0.0000000e+00
   0.0000000e+00
   0.0000000e+00
   0.0000000e+00
   0.0000000e+00
   0.0000000e+00
   0.0000000e+00
   0.0000000e+00
   0.0000000e+00
   0.0000000e+00
   0.0000000e+00
  -1.7923452e-02
  -1.6605211e-02
  -1.6033803e-02
  -1.5612635e-02
  -1.5444235e-02
  -1.5856403e-02
  -1.6529795e-02
  -1.7352840e-02
  -1.8384771e-02
  -1.5457042e-02
  -1.6512109e-02
  -1.6714623e-02
  -1.6017314e-02
  -1.5059803e-02
  -1.3870925e-02
  -1.1943578e-02
  -1.0155468e-02
  -8.1932572e-03
  -5.9037942e-03
  -4.4579659e-03
  -3.1573056e-03
  -1.9094741e-03
  -1.0342889e-03
  -2.3588564e-04
   7.8745875e-04
   1.6038405e-03
   2.2538150e-03
   2.8579774e-03
   3.0128009e-03
   2.5342760e-03
   6.8089730e-04
  -2.1432601e-03
  -6.0363605e-03
  -1.2105845e-02
  -1.8397931e-02
  -2.6290097e-02
  -3.9657625e-02
  -5.5139855e-02
  -6.5104283e-02
   0.0000000e+00
   0.0000000e+00
   0.0000000e+00
   0.0000000e+00
   0.0000000e+00
   0.0000000e+00
   0.0000000e+00
   0.0000000e+00
   0.0000000e+00
   0.0000000e+00
   0.0000000e+00
   0.0000000e+00
   0.0000000e+00
   0.0000000e+00
   0.0000000e+00
  -3.8914542e-02
  -3.9033487e-02
   0.0000000e+00
   0.0000000e+00
   0.0000000e+00
   0.0000000e+00
   0.0000000e+00
   0.0000000e+00
   0.0000000e+00
   0.0000000e+00
   0.0000000e+00
   0.0000000e+00
   0.0000000e+00
   0.0000000e+00
   0.0000000e+00
   0.0000000e+00
   0.0000000e+00
   0.0000000e+00
  -1.3675899e-02
  -8.5798548e-03
  -7.1163434e-03
  -7.5997357e-03
  -8.3064855e-03
  -9.4315519e-03
  -1.0670657e-02
  -1.1965052e-02
  -1.3479013e-02
  -1.1761958e-02
  -1.3038442e-02
  -1.3595260e-02
  -1.3327324e-02
  -1.2615924e-02
  -1.1665640e-02
  -1.0240726e-02
  -8.8557880e-03
  -7.1969982e-03
  -5.2196677e-03
  -4.0059341e-03
  -2.9559415e-03
  -1.9199100e-03
  -1.1758774e-03
  -4.7887309e-04
   4.0078093e-04
   1.2770502e-03
   2.1338991e-03
   3.0201869e-03
   3.4937616e-03
   3.4725051e-03
   2.3418905e-03
   1.2335449e-04
  -3.1346481e-03
  -8.1925048e-03
  -1.3383461e-02
  -1.9929133e-02
  -3.0979617e-02
  -4.4091005e-02
  -5.4911785e-02
   0.0000000e+00
   0.0000000e+00
   0.0000000e+00
   0.0000000e+00
   0.0000000e+00
   0.0000000e+00
   0.0000000e+00
   0.0000000e+00
   0.0000000e+00
   0.0000000e+00
   0.0000000e+00
   0.0000000e+00
   0.0000000e+00
   0.0000000e+00
  -2.0707251e-02
  -3.3310060e-02
  -3.7608393e-02
   0.0000000e+00
   0.0000000e+00
   0.0000000e+00
   0.0000000e+00
   0.0000000e+00
   0.0000000e+00
   0.0000000e+00
   0.0000000e+00
   0.0000000e+00
   0.0000000e+00
   0.0000000e+00
   0.0000000e+00
   0.0000000e+00
   0.0000000e+00
   0.0000000e+00
  -1.6327467e-02
  -1.0795785e-02
  -3.1814838e-03
  -2.2716034e-04
  -6.3080655e-04
  -2.0088560e-03
  -3.7697433e-03
  -5.6616347e-03
  -7.4238642e-03
  -9.3922801e-03
  -7.5624986e-03
  -9.0496438e-03
  -9.9417949e-03
  -1.0141816e-02
  -9.6899886e-03
  -8.9307455e-03
  -7.9559134e-03
  -6.9751483e-03
  -5.5857850e-03
  -3.8984963e-03
  -2.9032102e-03
  -2.1178869e-03
  -1.3453576e-03
  -7.8963209e-04
  -2.1706881e-04
   4.5969922e-04
   1.2692208e-03
   2.2475228e-03
   3.3805850e-03
   4.1067586e-03
   4.4622524e-03
   4.0056380e-03
   2.3899975e-03
  -2.5880890e-04
  -4.3503880e-03
  -8.4649045e-03
  -1.3686325e-02
  -2.2447417e-02
  -3.2876182e-02
  -4.3612145e-02
   0.0000000e+00
   0.0000000e+00
   0.0000000e+00
   0.0000000e+00
   0.0000000e+00
   0.0000000e+00
   0.0000000e+00
   0.0000000e+00
   0.0000000e+00
   0.0000000e+00
   0.0000000e+00
   0.0000000e+00
   0.0000000e+00
  -1.0934489e-02
  -1.9449395e-02
  -2.5979126e-02
   0.0000000e+00
   0.0000000e+00
   0.0000000e+00
   0.0000000e+00
   0.0000000e+00
   0.0000000e+00
   0.0000000e+00
   0.0000000e+00
   0.0000000e+00
   0.0000000e+00
   0.0000000e+00
   0.0000000e+00
   0.0000000e+00
   0.0000000e+00
   0.0000000e+00
  -1.6536879e-02
  -1.6279820e-02
  -8.1283208e-03
   1.8512468e-03
   6.4503220e-03
   6.5550311e-03
   4.7236839e-03
   2.4464880e-03
  -8.8443747e-05
  -2.3604808e-03
  -4.8063844e-03
  -1.4696090e-03
  -3.2441107e-03
  -4.4939565e-03
  -5.2824956e-03
  -5.2405451e-03
  -4.6284348e-03
  -3.9847908e-03
  -3.5889231e-03
  -2.5458668e-03
  -1.0848511e-03
  -2.8539586e-04
   2.1381570e-04
   6.2324700e-04
   8.8544641e-04
   1.3111384e-03
   1.8322235e-03
   2.2714270e-03
   3.1139108e-03
   4.4720963e-03
   5.3770541e-03
   5.9462405e-03
   6.1031562e-03
   5.2441174e-03
   3.3581152e-03
   3.0995375e-04
  -2.6192970e-03
  -6.3546429e-03
  -1.2743889e-02
  -2.0104275e-02
  -2.8831013e-02
   0.0000000e+00
   0.0000000e+00
   0.0000000e+00
   0.0000000e+00
   0.0000000e+00
   0.0000000e+00
   0.0000000e+00
   0.0000000e+00
   0.0000000e+00
   0.0000000e+00
   0.0000000e+00
   0.0000000e+00
   0.0000000e+00
  -1.0934490e-02
  -1.4392069e-02
  -1.9130207e-02
   0.0000000e+00
   0.0000000e+00
   0.0000000e+00
   0.0000000e+00
   0.0000000e+00
   0.0000000e+00
   0.0000000e+00
   0.0000000e+00
   0.0000000e+00
   0.0000000e+00
   0.0000000e+00
   0.0000000e+00
   0.0000000e+00
   0.0000000e+00
   0.0000000e+00
  -1.6536879e-02
  -1.6088248e-02
  -6.0762468e-03
   5.9222075e-03
   1.2016938e-02
   1.3739552e-02
   1.2419193e-02
   1.0246921e-02
   7.3391040e-03
   4.4878297e-03
   1.5562167e-03
   3.6196015e-03
   1.9152377e-03
   7.2650984e-04
  -1.8211098e-04
  -2.7555163e-04
   1.6387565e-04
   8.6357538e-04
   1.0544290e-03
   1.5563311e-03
   2.7624767e-03
   3.3743787e-03
   3.5369908e-03
   3.5596280e-03
   3.5139062e-03
   3.6424028e-03
   4.3162177e-03
   4.7822203e-03
   5.3446200e-03
   6.7190439e-03
   7.7264914e-03
   8.3959373e-03
   8.9235650e-03
   8.7301135e-03
   7.7201151e-03
   5.7239644e-03
   3.8186163e-03
   1.3754799e-03
  -3.1271232e-03
  -8.5623162e-03
  -1.4718775e-02
  -2.1757492e-02
   0.0000000e+00
   0.0000000e+00
   0.0000000e+00
   0.0000000e+00
   0.0000000e+00
   0.0000000e+00
   0.0000000e+00
   0.0000000e+00
   0.0000000e+00
   0.0000000e+00
   0.0000000e+00
  -5.4457947e-03
  -7.6043202e-03
  -1.0967847e-02
  -1.9130208e-02
   0.0000000e+00
   0.0000000e+00
   0.0000000e+00
   0.0000000e+00
   0.0000000e+00
   0.0000000e+00
   0.0000000e+00
   0.0000000e+00
   0.0000000e+00
   0.0000000e+00
   0.0000000e+00
  -1.4363399e-02
  -1.4630813e-02
  -1.7414233e-02
  -1.9202686e-02
  -2.0571519e-02
  -1.8699227e-02
  -7.2742538e-03
   4.8447987e-03
   1.1771535e-02
   1.5033052e-02
   1.5302926e-02
   1.4431491e-02
   1.2269977e-02
   9.5305629e-03
   6.5230601e-03
   6.3505489e-03
   4.9338541e-03
   3.9629661e-03
   3.2266527e-03
   3.2352232e-03
   3.7135612e-03
   4.6053701e-03
   4.9825301e-03
   5.3111487e-03
   6.4065089e-03
   6.9969827e-03
   6.9893114e-03
   6.7765340e-03
   6.4262953e-03
   6.2275515e-03
   6.8757287e-03
   7.4451137e-03
   8.0091543e-03
   9.4839130e-03
   1.0574236e-02
   1.1230316e-02
   1.2120266e-02
   1.2341257e-02
   1.2080032e-02
   1.1022029e-02
   9.8580001e-03
   8.4220348e-03
   5.3161588e-03
   1.3242081e-03
  -3.7310510e-03
  -1.2934210e-02
   0.0000000e+00
   0.0000000e+00
   0.0000000e+00
   0.0000000e+00
   0.0000000e+00
   0.0000000e+00
   0.0000000e+00
   0.0000000e+00
  -7.5907075e-03
  -7.5907075e-03
   0.0000000e+00
  -5.6399060e-03
  -7.1464982e-03
  -9.8251699e-03
   0.0000000e+00
   0.0000000e+00
   0.0000000e+00
   0.0000000e+00
   0.0000000e+00
   0.0000000e+00
   0.0000000e+00
   0.0000000e+00
   0.0000000e+00
   0.0000000e+00
   0.0000000e+00
   0.0000000e+00
  -1.3815218e-02
  -1.5074192e-02
  -1.8947899e-02
  -2.2636615e-02
  -2.3812458e-02
  -2.0752532e-02
  -9.9224253e-03
   1.6956637e-03
   9.1165006e-03
   1.3165291e-02
   1.4825635e-02
   1.5338202e-02
   1.4168754e-02
   1.1916873e-02
   9.1549866e-03
   8.1570456e-03
   7.1021719e-03
   6.4007994e-03
   5.9681176e-03
   6.2398012e-03
   6.8766871e-03
   8.0500077e-03
   8.7448228e-03
   9.2263529e-03
   1.0230416e-02
   1.0856812e-02
   1.0869383e-02
   1.0444334e-02
   9.8692533e-03
   9.4309300e-03
   9.8541705e-03
   1.0521852e-02
   1.1219800e-02
   1.2681410e-02
   1.3958111e-02
   1.4643662e-02
   1.5785914e-02
   1.6340869e-02
   1.6772810e-02
   1.6535077e-02
   1.6164862e-02
   1.5719635e-02
   1.3892896e-02
   1.1407386e-02
   7.4470034e-03
  -2.6944870e-04
   0.0000000e+00
   0.0000000e+00
   0.0000000e+00
   0.0000000e+00
   0.0000000e+00
   0.0000000e+00
   0.0000000e+00
   0.0000000e+00
  -5.6185056e-03
  -4.9087538e-03
  -4.1533320e-03
  -4.9958589e-03
  -6.7912348e-03
  -0.0000000e+00
   0.0000000e+00
   0.0000000e+00
   0.0000000e+00
   0.0000000e+00
   0.0000000e+00
   0.0000000e+00
   0.0000000e+00
   0.0000000e+00
   0.0000000e+00
  -4.5505367e-04
  -3.7635774e-03
  -6.9866749e-03
  -1.1459877e-02
  -1.5395531e-02
  -2.0181639e-02
  -2.5539340e-02
  -2.7100965e-02
  -2.3225766e-02
  -1.2946778e-02
  -2.0397261e-03
   5.6606969e-03
   1.0469624e-02
   1.3166320e-02
   1.4725554e-02
   1.4659839e-02
   1.2951730e-02
   1.0691911e-02
   9.3517574e-03
   8.6952411e-03
   8.2684755e-03
   8.1755612e-03
   8.7776007e-03
   9.6264957e-03
   1.1125263e-02
   1.2123545e-02
   1.3063803e-02
   1.3977912e-02
   1.4670392e-02
   1.4818136e-02
   1.4240120e-02
   1.3541610e-02
   1.2982744e-02
   1.3060723e-02
   1.3728523e-02
   1.4633805e-02
   1.5866950e-02
   1.7414093e-02
   1.8227212e-02
   1.9456415e-02
   2.0230971e-02
   2.1222282e-02
   2.1675855e-02
   2.2170147e-02
   2.2762001e-02
   2.2070751e-02
   2.1179756e-02
   1.8552855e-02
   1.4060531e-02
   0.0000000e+00
   0.0000000e+00
   0.0000000e+00
   0.0000000e+00
   0.0000000e+00
   3.8893857e-03
   6.5258803e-03
   7.7183384e-03
   2.9477276e-03
  -1.3451080e-03
  -3.5175155e-03
  -4.3606297e-03
  -5.2482453e-03
   0.0000000e+00
   0.0000000e+00
   0.0000000e+00
   0.0000000e+00
   0.0000000e+00
   0.0000000e+00
   0.0000000e+00
   0.0000000e+00
   1.5150894e-04
   1.6414757e-03
  -2.6341627e-04
  -3.4196230e-03
  -6.2879915e-03
  -1.0029080e-02
  -1.4885917e-02
  -1.9927870e-02
  -2.5622293e-02
  -2.8518002e-02
  -2.4964312e-02
  -1.4842486e-02
  -4.9180696e-03
   2.7330772e-03
   8.2285684e-03
   1.1432956e-02
   1.3354891e-02
   1.4256644e-02
   1.2977140e-02
   1.1393568e-02
   1.0883022e-02
   1.0694856e-02
   1.0542815e-02
   1.0639827e-02
   1.1327740e-02
   1.2245192e-02
   1.3976363e-02
   1.5065485e-02
   1.6400406e-02
   1.7260985e-02
   1.8015733e-02
   1.7959125e-02
   1.7430853e-02
   1.6542438e-02
   1.5785098e-02
   1.5789576e-02
   1.6233888e-02
   1.7282149e-02
   1.8157141e-02
   1.9775836e-02
   2.0763839e-02
   2.2059992e-02
   2.2855667e-02
   2.4237582e-02
   2.5581250e-02
   2.6874965e-02
   2.8691009e-02
   2.9060364e-02
   2.9608911e-02
   2.8067259e-02
   2.8119182e-02
   3.3201150e-02
   2.4434898e-02
   0.0000000e+00
   0.0000000e+00
   0.0000000e+00
   3.9599390e-03
   6.7326045e-03
   7.8789303e-03
   8.9655621e-03
   4.1924478e-03
  -3.7610746e-04
  -3.0413919e-03
  -2.0317309e-03
   0.0000000e+00
   0.0000000e+00
   0.0000000e+00
   0.0000000e+00
   0.0000000e+00
   0.0000000e+00
   0.0000000e+00
   0.0000000e+00
  -1.8463060e-04
   1.6262048e-03
   6.6456333e-04
  -1.7626240e-03
  -3.1020194e-03
  -7.4260500e-03
  -1.2349633e-02
  -1.7284444e-02
  -2.1825805e-02
  -2.4453180e-02
  -2.1587914e-02
  -1.2671718e-02
  -4.5681847e-03
   2.5138983e-03
   7.9475520e-03
   1.1460657e-02
   1.3228970e-02
   1.4524133e-02
   1.3495475e-02
   1.2396514e-02
   1.3366120e-02
   1.3112926e-02
   1.3254918e-02
   1.3116446e-02
   1.3586254e-02
   1.4284911e-02
   1.5588546e-02
   1.6761471e-02
   1.8000011e-02
   1.8817259e-02
   1.9280945e-02
   1.8967936e-02
   1.8258810e-02
   1.7267246e-02
   1.6420641e-02
   1.5924562e-02
   1.6505772e-02
   1.7375701e-02
   1.8622291e-02
   1.9722526e-02
   2.0913739e-02
   2.2248853e-02
   2.3283936e-02
   2.5276618e-02
   2.7470124e-02
   2.9890007e-02
   3.2182053e-02
   3.4820045e-02
   3.5432659e-02
   3.6592929e-02
   3.6784763e-02
   3.3201150e-02
   2.4434896e-02
   0.0000000e+00
   0.0000000e+00
   0.0000000e+00
   1.0068953e-02
   1.1207529e-02
   1.1355209e-02
   1.3557745e-02
   7.1047129e-03
   4.3925914e-03
   0.0000000e+00
   0.0000000e+00
   0.0000000e+00
   0.0000000e+00
   0.0000000e+00
   0.0000000e+00
   0.0000000e+00
   0.0000000e+00
   0.0000000e+00
   0.0000000e+00
  -7.4609810e-03
   1.2956353e-03
   1.6937767e-03
  -1.0059494e-04
  -3.6208675e-03
  -6.3506611e-03
  -9.2396850e-03
  -1.0782235e-02
  -1.3300552e-02
  -1.4395486e-02
  -1.2588016e-02
  -5.8073052e-03
   3.8581079e-04
   5.6793132e-03
   1.0870153e-02
   1.4090234e-02
   1.6254259e-02
   1.6870192e-02
   1.6047290e-02
   1.4513071e-02
   1.2634965e-02
   1.2671303e-02
   1.2504628e-02
   1.2551282e-02
   1.2266705e-02
   1.3260676e-02
   1.3596021e-02
   1.5647734e-02
   1.6235623e-02
   1.7709592e-02
   1.6953306e-02
   1.6848187e-02
   1.5344183e-02
   1.4927993e-02
   1.3619871e-02
   1.3638766e-02
   1.3790067e-02
   1.4997653e-02
   1.6096924e-02
   1.7511537e-02
   1.8519563e-02
   2.0430428e-02
   2.1669269e-02
   2.4094287e-02
   2.7109835e-02
   3.0588657e-02
   3.3566574e-02
   3.7586840e-02
   3.8804185e-02
   4.1133511e-02
   4.2058143e-02
   4.1647933e-02
   3.6281342e-02
   3.5455619e-02
   0.0000000e+00
   0.0000000e+00
   1.0924827e-02
   1.2361897e-02
   1.3502617e-02
   1.4890368e-02
   7.9845088e-03
   8.2464111e-03
   0.0000000e+00
   0.0000000e+00
   0.0000000e+00
   0.0000000e+00
   0.0000000e+00
   0.0000000e+00
   0.0000000e+00
   0.0000000e+00
   0.0000000e+00
   0.0000000e+00
  -1.8100935e-02
  -5.4578817e-03
  -5.6106275e-04
  -2.1089686e-03
  -5.3653143e-03
  -7.9051103e-03
  -8.6382227e-03
  -8.3123199e-03
  -7.8803250e-03
  -6.8200268e-03
  -4.0550886e-03
   4.3698999e-04
   4.9069826e-03
   8.4564700e-03
   1.2791044e-02
   1.5219674e-02
   1.7308022e-02
   1.7615634e-02
   1.6196694e-02
   1.4343524e-02
   1.1103435e-02
   1.0178592e-02
   1.0951905e-02
   9.7229226e-03
   1.0094568e-02
   1.0359055e-02
   1.0964459e-02
   1.2828220e-02
   1.3483572e-02
   1.5097456e-02
   1.3572390e-02
   1.3515160e-02
   1.1501420e-02
   1.1383953e-02
   1.0007703e-02
   1.0063914e-02
   1.0380886e-02
   1.1472988e-02
   1.3087774e-02
   1.4079954e-02
   1.5758947e-02
   1.7333374e-02
   1.9640932e-02
   2.1552691e-02
   2.5536859e-02
   2.9015610e-02
   3.3539822e-02
   3.7634967e-02
   4.0551484e-02
   4.2503222e-02
   4.5737068e-02
   4.5146078e-02
   4.4694881e-02
   4.1830174e-02
   4.1019578e-02
   0.0000000e+00
   1.7510439e-02
   1.6755410e-02
   1.6227583e-02
   1.8035930e-02
   0.0000000e+00
   0.0000000e+00
   0.0000000e+00
   0.0000000e+00
   0.0000000e+00
   0.0000000e+00
   0.0000000e+00
   0.0000000e+00
   0.0000000e+00
   0.0000000e+00
   0.0000000e+00
   0.0000000e+00
  -2.9239405e-02
  -1.1116063e-02
  -5.0865052e-03
  -5.6957086e-03
  -8.8922908e-03
  -1.0441422e-02
  -1.0311777e-02
  -8.4332195e-03
  -6.3991923e-03
  -3.9404007e-03
  -7.9265341e-04
   2.9515258e-03
   6.5637701e-03
   9.1153379e-03
   1.2490176e-02
   1.4157785e-02
   1.6143975e-02
   1.6077447e-02
   1.5006013e-02
   1.2245920e-02
   7.5934287e-03
   7.4495054e-03
   7.8234458e-03
   6.2040803e-03
   7.1953544e-03
   6.2734922e-03
   8.0353525e-03
   8.4338831e-03
   9.7818905e-03
   1.0869238e-02
   9.3294876e-03
   9.4228312e-03
   6.8338434e-03
   6.8414495e-03
   5.5308836e-03
   5.4822355e-03
   6.2323026e-03
   6.7896768e-03
   9.0799630e-03
   9.6325437e-03
   1.1880837e-02
   1.3649380e-02
   1.6386589e-02
   1.8714648e-02
   2.2074839e-02
   2.5926406e-02
   3.0574607e-02
   3.6396887e-02
   3.9375886e-02
   4.3195929e-02
   4.5247518e-02
   4.7256097e-02
   4.6720006e-02
   4.5708343e-02
   4.3577768e-02
   3.5538234e-02
   2.6669518e-02
   2.0905662e-02
   2.2488518e-02
   0.0000000e+00
   0.0000000e+00
   0.0000000e+00
   0.0000000e+00
   0.0000000e+00
   0.0000000e+00
   0.0000000e+00
   0.0000000e+00
   0.0000000e+00
   0.0000000e+00
   0.0000000e+00
   0.0000000e+00
   0.0000000e+00
  -3.6313906e-02
  -1.5540143e-02
  -6.7472896e-03
  -1.0577545e-02
  -1.1525752e-02
  -1.4462943e-02
  -1.3071862e-02
  -1.1158422e-02
  -7.6195346e-03
  -4.7173812e-03
  -8.6100271e-04
   2.5422757e-03
   5.9283222e-03
   7.3826434e-03
   9.8903375e-03
   1.1492978e-02
   1.2414359e-02
   1.3990559e-02
   1.1480525e-02
   1.0484091e-02
   4.1407980e-03
   3.9824969e-03
   3.3511179e-03
   2.3085431e-03
   2.5178562e-03
   2.0257633e-03
   2.9769156e-03
   3.3370350e-03
   4.1731782e-03
   4.9925949e-03
   4.3056547e-03
   3.9803777e-03
   2.3969540e-03
   1.6125225e-03
   8.9302438e-04
   4.3004312e-04
   1.0917392e-03
   1.5669800e-03
   3.2526546e-03
   4.2074067e-03
   6.1037792e-03
   8.9227585e-03
   1.1249405e-02
   1.4644229e-02
   1.7176891e-02
   2.1089068e-02
   2.5503272e-02
   3.0808290e-02
   3.5562173e-02
   3.8312346e-02
   4.2701095e-02
   4.4495992e-02
   4.5690101e-02
   4.6762593e-02
   4.3156512e-02
   3.9969288e-02
   3.2791417e-02
   2.8928071e-02
   2.7561627e-02
   2.4969190e-02
   0.0000000e+00
   0.0000000e+00
   0.0000000e+00
   0.0000000e+00
   0.0000000e+00
   0.0000000e+00
   0.0000000e+00
   0.0000000e+00
   0.0000000e+00
   0.0000000e+00
   0.0000000e+00
   0.0000000e+00
  -3.4958694e-02
  -1.6622284e-02
  -5.9361784e-03
  -1.4881626e-02
  -1.3961480e-02
  -1.7982205e-02
  -1.6393896e-02
  -1.3296630e-02
  -1.1460353e-02
  -6.1743166e-03
  -4.2495471e-03
   2.5544161e-04
   2.6590317e-03
   3.3130457e-03
   6.3833059e-03
   6.4312518e-03
   8.5919667e-03
   9.3904091e-03
   7.8390446e-03
   6.9718175e-03
   1.8045407e-03
   6.4016609e-04
  -2.9084533e-04
  -2.0173135e-03
  -2.2971545e-03
  -2.7291539e-03
  -2.7451640e-03
  -2.1294541e-03
  -1.9727532e-03
  -1.0112404e-03
  -1.5025895e-03
  -2.2837044e-03
  -2.5498307e-03
  -3.8349971e-03
  -3.9809139e-03
  -4.2449234e-03
  -4.5250205e-03
  -3.3001168e-03
  -2.5399985e-03
  -1.2023836e-03
   4.8292216e-04
   2.6912081e-03
   5.9360730e-03
   8.5048951e-03
   1.2131865e-02
   1.5587380e-02
   1.8772747e-02
   2.4464806e-02
   2.8241243e-02
   3.2009432e-02
   3.6776072e-02
   3.9113099e-02
   4.2294378e-02
   4.3693441e-02
   4.2442060e-02
   4.0255054e-02
   3.5402017e-02
   3.3082223e-02
   2.9375583e-02
   2.5285892e-02
   2.1402529e-02
   2.0611371e-02
   0.0000000e+00
   0.0000000e+00
   0.0000000e+00
   0.0000000e+00
   0.0000000e+00
   0.0000000e+00
   0.0000000e+00
   0.0000000e+00
   0.0000000e+00
   0.0000000e+00
  -2.0690301e-02
  -1.0261842e-02
  -6.0810422e-03
  -1.4673325e-02
  -1.6856204e-02
  -1.9086455e-02
  -1.8391422e-02
  -1.5268375e-02
  -1.2670242e-02
  -8.5094474e-03
  -5.8171413e-03
  -2.7769729e-03
  -2.7404133e-04
   6.4528213e-04
   2.6023059e-03
   3.2193611e-03
   4.0242446e-03
   5.2525418e-03
   4.2303975e-03
   3.2935608e-03
  -1.9505580e-03
  -3.1889510e-03
  -4.8206490e-03
  -5.9663644e-03
  -7.1552755e-03
  -7.7965604e-03
  -7.8592487e-03
  -7.8984797e-03
  -7.1987724e-03
  -6.8099368e-03
  -7.5539649e-03
  -7.5137401e-03
  -8.2195541e-03
  -9.4337350e-03
  -9.1452524e-03
  -9.3591632e-03
  -1.0005844e-02
  -8.7334486e-03
  -7.2600194e-03
  -6.7423360e-03
  -4.9565313e-03
  -2.3039063e-03
  -3.4401911e-04
   2.7592129e-03
   6.7134295e-03
   9.4313443e-03
   1.2967154e-02
   1.7667223e-02
   2.1123036e-02
   2.4998942e-02
   2.9431410e-02
   3.2808047e-02
   3.6400270e-02
   3.8698543e-02
   3.8980133e-02
   3.8704421e-02
   3.4957677e-02
   3.1946003e-02
   3.0518230e-02
   2.3406183e-02
   1.9723152e-02
   2.4741057e-02
   0.0000000e+00
   0.0000000e+00
   0.0000000e+00
   0.0000000e+00
   0.0000000e+00
   0.0000000e+00
   0.0000000e+00
   0.0000000e+00
   0.0000000e+00
   0.0000000e+00
  -6.6868534e-03
  -2.8275889e-03
  -5.0569056e-03
  -1.2472216e-02
  -1.6710881e-02
  -1.8356293e-02
  -1.8802203e-02
  -1.6496507e-02
  -1.2151921e-02
  -1.0456767e-02
  -8.4916595e-03
  -4.9745035e-03
  -3.8868561e-03
  -2.5270313e-03
   5.0809504e-05
   3.1259833e-04
   8.0859492e-05
   1.0289925e-03
   7.2626898e-05
  -1.5281092e-03
  -7.6464252e-03
  -8.2824817e-03
  -9.4410926e-03
  -1.0253238e-02
  -1.0994193e-02
  -1.2228046e-02
  -1.3059273e-02
  -1.2689094e-02
  -1.2539151e-02
  -1.2831530e-02
  -1.2431896e-02
  -1.2182293e-02
  -1.3317612e-02
  -1.3976008e-02
  -1.3778017e-02
  -1.4662945e-02
  -1.5368583e-02
  -1.4069282e-02
  -1.2408284e-02
  -1.1937633e-02
  -1.0101840e-02
  -7.3049660e-03
  -5.9272535e-03
  -3.7501527e-03
   8.3278952e-04
   3.8713149e-03
   6.3346429e-03
   1.0800063e-02
   1.4642967e-02
   1.7229024e-02
   2.1029836e-02
   2.5578747e-02
   2.8743770e-02
   3.0687289e-02
   3.3249211e-02
   3.4380231e-02
   3.1084683e-02
   2.9129099e-02
   2.7796358e-02
   2.0514576e-02
   1.6813384e-02
   2.2895902e-02
   1.7129708e-02
   0.0000000e+00
   0.0000000e+00
   0.0000000e+00
   0.0000000e+00
   0.0000000e+00
   0.0000000e+00
   0.0000000e+00
   0.0000000e+00
  -8.7517260e-03
  -3.0171566e-03
   3.4706572e-03
  -2.6721777e-03
  -8.6831944e-03
  -1.1516386e-02
  -1.5054300e-02
  -1.6592858e-02
  -1.4200963e-02
  -1.1041470e-02
  -1.0920208e-02
  -9.7461659e-03
  -6.9327340e-03
  -6.5884073e-03
  -6.0359761e-03
  -3.8322636e-03
  -3.4703636e-03
  -4.3189768e-03
  -4.6186913e-03
  -5.3287623e-03
  -6.7829522e-03
  -1.1002459e-02
  -1.1622300e-02
  -1.1931138e-02
  -1.2388261e-02
  -1.3308128e-02
  -1.4207995e-02
  -1.4917269e-02
  -1.5511411e-02
  -1.6098157e-02
  -1.6189411e-02
  -1.5869485e-02
  -1.5894027e-02
  -1.6142720e-02
  -1.6198767e-02
  -1.6629623e-02
  -1.7813811e-02
  -1.8853025e-02
  -1.9132389e-02
  -1.8608853e-02
  -1.7342089e-02
  -1.5514399e-02
  -1.3223184e-02
  -1.1309702e-02
  -9.0408809e-03
  -5.4613557e-03
  -2.3198318e-03
   6.9620425e-04
   4.5633256e-03
   7.9100709e-03
   1.1010524e-02
   1.4740388e-02
   1.8172428e-02
   2.1321116e-02
   2.4097301e-02
   2.6122893e-02
   2.7955292e-02
   2.8344272e-02
   2.6645454e-02
   2.4121456e-02
   2.0559857e-02
   1.6897781e-02
   1.3654307e-02
   1.2769277e-02
   1.1612929e-02
   1.4669666e-02
   1.1840204e-02
   0.0000000e+00
   0.0000000e+00
   0.0000000e+00
   0.0000000e+00
   0.0000000e+00
   1.6318935e-04
   2.0935193e-03
   5.6208326e-03
   3.3564873e-03
  -1.7187434e-03
  -5.8761192e-03
  -9.1042351e-03
  -1.0194453e-02
  -9.8888548e-03
  -9.0400185e-03
  -8.8564398e-03
  -8.7549044e-03
  -8.0684787e-03
  -7.7563147e-03
  -7.6318714e-03
  -7.1932557e-03
  -7.0378539e-03
  -7.4931663e-03
  -8.4184706e-03
  -9.1328433e-03
  -9.8971082e-03
  -1.0596151e-02
  -1.1111881e-02
  -1.1679078e-02
  -1.2410523e-02
  -1.3162641e-02
  -1.3990466e-02
  -1.4941256e-02
  -1.5683105e-02
  -1.6261401e-02
  -1.6837366e-02
  -1.7209897e-02
  -1.7446460e-02
  -1.7683029e-02
  -1.7950367e-02
  -1.8481078e-02
  -1.9573538e-02
  -2.0646321e-02
  -2.1660894e-02
  -2.2411350e-02
  -2.2010891e-02
  -2.1060888e-02
  -1.9154020e-02
  -1.6996514e-02
  -1.4620794e-02
  -1.1510281e-02
  -8.8017015e-03
  -5.9780679e-03
  -2.3728006e-03
   7.3444028e-04
   3.8208819e-03
   7.4049025e-03
   1.0239718e-02
   1.2919707e-02
   1.5815279e-02
   1.7964156e-02
   1.9873418e-02
   2.1380611e-02
   2.1753220e-02
   2.1410150e-02
   2.0185232e-02
   1.8507253e-02
   1.6324405e-02
   1.4157295e-02
   1.2577599e-02
   1.1974284e-02
   1.1586137e-02
   1.0415064e-02
   9.7410017e-03
   1.0304523e-02
   1.1424263e-02
   1.2573968e-02
   1.3860582e-02
   1.2859533e-02
   1.1255500e-02
   8.4627811e-03
   5.5344836e-03
   2.7892471e-03
   3.8936218e-05
  -1.6149892e-03
  -2.7926255e-03
  -3.8061521e-03
  -4.4509266e-03
  -5.0735837e-03
  -5.8374987e-03
  -6.4564422e-03
  -6.9493796e-03
  -7.4213920e-03
  -7.8485729e-03
  -8.3386134e-03
  -8.9421067e-03
  -9.4968891e-03
  -1.0037535e-02
