   0.0000000e+00
   0.0000000e+00
   0.0000000e+00
   0.0000000e+00
   0.0000000e+00
   0.0000000e+00
   0.0000000e+00
   0.0000000e+00
   0.0000000e+00
   0.0000000e+00
   0.0000000e+00
   0.0000000e+00
   0.0000000e+00
   2.5080436e-02
   2.0277940e-02
   1.3375127e-02
   6.7619332e-03
   1.7239278e-03
  -2.5913923e-03
  -6.0302519e-03
  -0.0000000e+00
   0.0000000e+00
   0.0000000e+00
   0.0000000e+00
   0.0000000e+00
   0.0000000e+00
   0.0000000e+00
   0.0000000e+00
   0.0000000e+00
   0.0000000e+00
   0.0000000e+00
   0.0000000e+00
   0.0000000e+00
   0.0000000e+00
   0.0000000e+00
   0.0000000e+00
   0.0000000e+00
   0.0000000e+00
   0.0000000e+00
   0.0000000e+00
   0.0000000e+00
   0.0000000e+00
   0.0000000e+00
   0.0000000e+00
   0.0000000e+00
   0.0000000e+00
   0.0000000e+00
   0.0000000e+00
   0.0000000e+00
   0.0000000e+00
   0.0000000e+00
   0.0000000e+00
   0.0000000e+00
   0.0000000e+00
   0.0000000e+00
   0.0000000e+00
   0.0000000e+00
   0.0000000e+00
   0.0000000e+00
   0.0000000e+00
   0.0000000e+00
   0.0000000e+00
   0.0000000e+00
   0.0000000e+00
   0.0000000e+00
   0.0000000e+00
   0.0000000e+00
   0.0000000e+00
   0.0000000e+00
   0.0000000e+00
   0.0000000e+00
   0.0000000e+00
   6.4230235e-02
   4.6554986e-02
   3.5977645e-02
   2.8518200e-02
   1.9907471e-02
   1.1155958e-02
   2.8528229e-03
  -4.7267145e-03
  -8.7017869e-03
   0.0000000e+00
   0.0000000e+00
   0.0000000e+00
   0.0000000e+00
   0.0000000e+00
   0.0000000e+00
   0.0000000e+00
   0.0000000e+00
   7.4970638e-03
   5.0532797e-03
   1.2830623e-03
  -2.4902258e-03
  -5.6118617e-03
  -2.1203817e-02
   0.0000000e+00
   0.0000000e+00
   0.0000000e+00
   0.0000000e+00
   0.0000000e+00
   0.0000000e+00
   0.0000000e+00
   0.0000000e+00
   0.0000000e+00
   0.0000000e+00
   0.0000000e+00
   0.0000000e+00
   0.0000000e+00
   0.0000000e+00
   0.0000000e+00
   0.0000000e+00
   0.0000000e+00
   0.0000000e+00
   0.0000000e+00
   0.0000000e+00
   0.0000000e+00
   0.0000000e+00
   0.0000000e+00
   0.0000000e+00
   0.0000000e+00
   0.0000000e+00
   0.0000000e+00
   0.0000000e+00
   0.0000000e+00
   0.0000000e+00
   0.0000000e+00
   0.0000000e+00
   0.0000000e+00
   0.0000000e+00
   0.0000000e+00
   0.0000000e+00
   0.0000000e+00
   0.0000000e+00
   0.0000000e+00
   0.0000000e+00
   0.0000000e+00
   0.0000000e+00
   0.0000000e+00
   0.0000000e+00
   0.0000000e+00
   0.0000000e+00
   0.0000000e+00
   0.0000000e+00
   0.0000000e+00
   3.8459671e-02
   2.8585868e-02
   2.2454763e-02
   1.7397913e-02
   1.1898799e-02
   6.8569635e-03
   2.5005185e-03
  -6.8822421e-04
  -3.7128268e-03
  -9.6701264e-03
  -1.5554082e-02
  -1.4975120e-02
  -3.1615890e-02
   0.0000000e+00
   0.0000000e+00
   0.0000000e+00
   0.0000000e+00
   0.0000000e+00
   0.0000000e+00
   2.6344572e-03
   2.3778143e-03
   2.9140628e-04
  -7.6819862e-03
  -9.8330293e-03
  -1.6686343e-02
   0.0000000e+00
   0.0000000e+00
   0.0000000e+00
   0.0000000e+00
   0.0000000e+00
   0.0000000e+00
   0.0000000e+00
   0.0000000e+00
   0.0000000e+00
   0.0000000e+00
   0.0000000e+00
   0.0000000e+00
   0.0000000e+00
   0.0000000e+00
   0.0000000e+00
   0.0000000e+00
   0.0000000e+00
   0.0000000e+00
   0.0000000e+00
   0.0000000e+00
   0.0000000e+00
   0.0000000e+00
   0.0000000e+00
   0.0000000e+00
   0.0000000e+00
   0.0000000e+00
   0.0000000e+00
   0.0000000e+00
   0.0000000e+00
   0.0000000e+00
   0.0000000e+00
   0.0000000e+00
   0.0000000e+00
   0.0000000e+00
   0.0000000e+00
   0.0000000e+00
   0.0000000e+00
   0.0000000e+00
   0.0000000e+00
   0.0000000e+00
   0.0000000e+00
   0.0000000e+00
   0.0000000e+00
   0.0000000e+00
   0.0000000e+00
   0.0000000e+00
   4.0754814e-02
   1.5231218e-02
   1.0153136e-02
   5.9206834e-03
   1.7894837e-03
  -1.5332320e-03
  -3.1515418e-03
  -4.5568440e-03
  -5.7216468e-03
  -5.9751416e-03
  -6.8197286e-03
  -9.4755829e-03
  -1.2025100e-02
  -1.9882389e-02
  -2.5769435e-02
  -4.4005568e-02
   0.0000000e+00
   0.0000000e+00
   0.0000000e+00
   0.0000000e+00
   0.0000000e+00
   7.3738365e-04
  -1.7538303e-03
  -1.8951958e-03
  -4.5037517e-03
  -8.9517689e-03
  -1.0709710e-02
  -1.9857663e-02
   0.0000000e+00
   0.0000000e+00
   0.0000000e+00
   0.0000000e+00
   0.0000000e+00
   0.0000000e+00
   0.0000000e+00
   0.0000000e+00
   0.0000000e+00
   0.0000000e+00
   0.0000000e+00
   0.0000000e+00
   0.0000000e+00
   0.0000000e+00
   0.0000000e+00
   0.0000000e+00
   0.0000000e+00
   0.0000000e+00
   0.0000000e+00
   0.0000000e+00
   0.0000000e+00
   0.0000000e+00
   0.0000000e+00
   0.0000000e+00
   0.0000000e+00
   0.0000000e+00
   0.0000000e+00
   0.0000000e+00
   0.0000000e+00
   0.0000000e+00
   0.0000000e+00
   0.0000000e+00
   0.0000000e+00
   0.0000000e+00
   0.0000000e+00
   0.0000000e+00
   0.0000000e+00
   0.0000000e+00
   0.0000000e+00
   0.0000000e+00
   0.0000000e+00
   0.0000000e+00
   0.0000000e+00
   2.6387843e-02
   2.0928145e-02
   5.7952078e-03
  -8.4743935e-04
  -4.7912111e-03
  -7.6731658e-03
  -1.0166257e-02
  -1.0222945e-02
  -9.8998387e-03
  -9.8536468e-03
  -9.2223600e-03
  -9.1197854e-03
  -9.6641948e-03
  -9.5966544e-03
  -1.0509458e-02
  -1.4212470e-02
  -1.8928300e-02
  -1.9991629e-02
  -2.7494019e-02
   0.0000000e+00
   0.0000000e+00
   0.0000000e+00
   0.0000000e+00
  -0.0000000e+00
  -4.8197206e-03
  -5.3673014e-03
  -4.2894816e-03
  -1.0339377e-03
  -6.9549677e-03
  -1.2484631e-02
   0.0000000e+00
   0.0000000e+00
   0.0000000e+00
   0.0000000e+00
   0.0000000e+00
   0.0000000e+00
   0.0000000e+00
   0.0000000e+00
   0.0000000e+00
   0.0000000e+00
   0.0000000e+00
   0.0000000e+00
   0.0000000e+00
   0.0000000e+00
   0.0000000e+00
   0.0000000e+00
   0.0000000e+00
   0.0000000e+00
   0.0000000e+00
   0.0000000e+00
   0.0000000e+00
   0.0000000e+00
   0.0000000e+00
   0.0000000e+00
   0.0000000e+00
   0.0000000e+00
   0.0000000e+00
   0.0000000e+00
   0.0000000e+00
   0.0000000e+00
   0.0000000e+00
   0.0000000e+00
   0.0000000e+00
   0.0000000e+00
   0.0000000e+00
   0.0000000e+00
   0.0000000e+00
   0.0000000e+00
   0.0000000e+00
   0.0000000e+00
   0.0000000e+00
   0.0000000e+00
   1.9203369e-02
   1.1431403e-02
  -1.2482801e-03
  -6.4962686e-03
  -1.0748218e-02
  -1.2754318e-02
  -1.3165383e-02
  -1.3073454e-02
  -1.1468669e-02
  -1.0412880e-02
  -9.4028986e-03
  -8.1579834e-03
  -7.8776195e-03
  -7.8131317e-03
  -8.3393098e-03
  -1.0578900e-02
  -1.2872610e-02
  -1.6821534e-02
  -2.3207817e-02
  -2.5702115e-02
  -3.1611140e-02
   0.0000000e+00
   0.0000000e+00
   0.0000000e+00
  -9.1621262e-03
  -4.1510254e-03
  -5.4169549e-03
   2.5102026e-03
   5.9102191e-03
  -2.0424537e-03
   0.0000000e+00
   0.0000000e+00
   0.0000000e+00
   0.0000000e+00
   0.0000000e+00
   0.0000000e+00
   0.0000000e+00
   0.0000000e+00
   0.0000000e+00
   0.0000000e+00
   0.0000000e+00
   0.0000000e+00
   0.0000000e+00
   0.0000000e+00
   0.0000000e+00
   0.0000000e+00
   0.0000000e+00
   0.0000000e+00
   0.0000000e+00
   0.0000000e+00
   0.0000000e+00
   0.0000000e+00
   0.0000000e+00
   0.0000000e+00
   0.0000000e+00
   0.0000000e+00
  -0.0000000e+00
   0.0000000e+00
   0.0000000e+00
   0.0000000e+00
   0.0000000e+00
   0.0000000e+00
   0.0000000e+00
   0.0000000e+00
   0.0000000e+00
   0.0000000e+00
   0.0000000e+00
   0.0000000e+00
   0.0000000e+00
   0.0000000e+00
   0.0000000e+00
   2.8180102e-02
   1.3568042e-02
   5.9156459e-03
  -5.4789329e-03
  -1.0181402e-02
  -1.4018662e-02
  -1.4866591e-02
  -1.4550305e-02
  -1.3627109e-02
  -1.1425651e-02
  -9.8246810e-03
  -7.7935618e-03
  -6.2266562e-03
  -5.2084291e-03
  -4.9856902e-03
  -5.7739893e-03
  -8.2855354e-03
  -1.0974222e-02
  -1.4538875e-02
  -1.7038376e-02
  -2.1649121e-02
  -2.3931752e-02
   0.0000000e+00
   0.0000000e+00
   0.0000000e+00
  -0.0000000e+00
   2.7486020e-03
  -2.0809905e-03
   2.2594973e-03
   1.3686132e-02
   0.0000000e+00
   0.0000000e+00
   0.0000000e+00
   0.0000000e+00
   0.0000000e+00
   0.0000000e+00
   0.0000000e+00
   0.0000000e+00
   0.0000000e+00
   0.0000000e+00
   0.0000000e+00
   0.0000000e+00
   0.0000000e+00
   0.0000000e+00
   0.0000000e+00
   0.0000000e+00
   0.0000000e+00
   0.0000000e+00
   0.0000000e+00
   0.0000000e+00
   0.0000000e+00
   0.0000000e+00
   0.0000000e+00
   0.0000000e+00
   0.0000000e+00
  -0.0000000e+00
  -1.3889736e-02
  -2.1196817e-02
   0.0000000e+00
   0.0000000e+00
   0.0000000e+00
   0.0000000e+00
   0.0000000e+00
   0.0000000e+00
   0.0000000e+00
   0.0000000e+00
   0.0000000e+00
   0.0000000e+00
   0.0000000e+00
   0.0000000e+00
   0.0000000e+00
   0.0000000e+00
   2.5369010e-02
   9.4418860e-03
   1.6527496e-03
  -6.5839361e-03
  -1.1803284e-02
  -1.4635301e-02
  -1.4734316e-02
  -1.4061183e-02
  -1.1924294e-02
  -9.9504193e-03
  -6.7489661e-03
  -4.7016264e-03
  -2.6810076e-03
  -1.4757518e-03
  -2.1697528e-03
  -3.3963250e-03
  -7.0982913e-03
  -1.0610434e-02
  -1.4277502e-02
  -1.6636243e-02
  -1.7210366e-02
  -1.8542871e-02
  -1.7350433e-02
   0.0000000e+00
   0.0000000e+00
   0.0000000e+00
   9.2112469e-03
   1.1501596e-02
   0.0000000e+00
   0.0000000e+00
   0.0000000e+00
   0.0000000e+00
   0.0000000e+00
   0.0000000e+00
   0.0000000e+00
   0.0000000e+00
   0.0000000e+00
   0.0000000e+00
   0.0000000e+00
   0.0000000e+00
   0.0000000e+00
   0.0000000e+00
   0.0000000e+00
   0.0000000e+00
   0.0000000e+00
   0.0000000e+00
   0.0000000e+00
   0.0000000e+00
   0.0000000e+00
   0.0000000e+00
   0.0000000e+00
   0.0000000e+00
   0.0000000e+00
   0.0000000e+00
  -6.6533529e-03
  -1.2387768e-02
  -1.5112147e-02
  -1.9079582e-02
  -3.0218317e-02
   0.0000000e+00
   0.0000000e+00
   0.0000000e+00
   0.0000000e+00
   0.0000000e+00
   0.0000000e+00
   0.0000000e+00
   0.0000000e+00
   0.0000000e+00
   0.0000000e+00
   0.0000000e+00
   0.0000000e+00
   3.7185898e-02
   2.1698314e-02
   8.4575056e-03
   4.4509332e-04
  -7.8391184e-03
  -1.2578562e-02
  -1.3970756e-02
  -1.3588561e-02
  -1.1953796e-02
  -9.5411726e-03
  -6.7811253e-03
  -3.4119088e-03
  -1.1257029e-03
   8.0855438e-04
   1.2781031e-03
  -9.6277588e-05
  -2.6329450e-03
  -6.9563074e-03
  -1.0974371e-02
  -1.4438060e-02
  -1.6447355e-02
  -1.6377719e-02
  -1.4625007e-02
  -1.2926796e-02
  -1.0862728e-02
   0.0000000e+00
   0.0000000e+00
   0.0000000e+00
   1.4772495e-02
   0.0000000e+00
   0.0000000e+00
   0.0000000e+00
   0.0000000e+00
   0.0000000e+00
   0.0000000e+00
   0.0000000e+00
   0.0000000e+00
   0.0000000e+00
   0.0000000e+00
   0.0000000e+00
   0.0000000e+00
   0.0000000e+00
   0.0000000e+00
   0.0000000e+00
   0.0000000e+00
   0.0000000e+00
   0.0000000e+00
   0.0000000e+00
   0.0000000e+00
   0.0000000e+00
   0.0000000e+00
   0.0000000e+00
   0.0000000e+00
   0.0000000e+00
  -0.0000000e+00
  -7.0987491e-03
  -1.3410646e-02
  -1.5960269e-02
  -1.8315106e-02
  -2.3918384e-02
   0.0000000e+00
   0.0000000e+00
   0.0000000e+00
   0.0000000e+00
   0.0000000e+00
   0.0000000e+00
   0.0000000e+00
   0.0000000e+00
   0.0000000e+00
   0.0000000e+00
   0.0000000e+00
   0.0000000e+00
   2.9502822e-02
   1.7627254e-02
   6.7015225e-03
  -1.6328354e-03
  -1.2779712e-02
  -1.5158996e-02
  -1.4683470e-02
  -1.3414796e-02
  -1.0498099e-02
  -7.4720098e-03
  -3.8793081e-03
  -5.1525195e-04
   1.8674260e-03
   3.1752818e-03
   2.9512870e-03
   6.5958871e-04
  -2.4299625e-03
  -7.5782588e-03
  -1.1159576e-02
  -1.4438064e-02
  -1.5193449e-02
  -1.4813943e-02
  -1.1876779e-02
  -9.2777629e-03
  -7.4986562e-03
  -6.9835596e-03
   0.0000000e+00
   0.0000000e+00
   1.5818922e-02
   0.0000000e+00
   0.0000000e+00
   0.0000000e+00
   0.0000000e+00
   0.0000000e+00
  -6.6917639e-03
  -1.9870630e-02
   0.0000000e+00
   0.0000000e+00
   0.0000000e+00
   0.0000000e+00
   0.0000000e+00
   0.0000000e+00
   0.0000000e+00
   0.0000000e+00
   0.0000000e+00
   0.0000000e+00
   0.0000000e+00
   0.0000000e+00
   0.0000000e+00
   0.0000000e+00
   0.0000000e+00
   0.0000000e+00
   0.0000000e+00
  -0.0000000e+00
  -3.5992992e-03
  -8.0360151e-03
  -1.3955250e-02
  -1.5378295e-02
  -1.6586826e-02
  -1.4966403e-02
   0.0000000e+00
   0.0000000e+00
   0.0000000e+00
   0.0000000e+00
   0.0000000e+00
   0.0000000e+00
   0.0000000e+00
   0.0000000e+00
   0.0000000e+00
   0.0000000e+00
   0.0000000e+00
   0.0000000e+00
   1.8241591e-02
   9.0052420e-03
  -1.5728140e-03
  -8.7771507e-03
  -1.8071437e-02
  -1.7481335e-02
  -1.5816670e-02
  -1.3369096e-02
  -9.6148928e-03
  -5.6870486e-03
  -1.7074207e-03
   1.8171224e-03
   3.9287850e-03
   4.6121972e-03
   3.7018899e-03
   8.4858080e-04
  -2.6942500e-03
  -7.7031040e-03
  -1.0797089e-02
  -1.3071448e-02
  -1.3149354e-02
  -1.2136090e-02
  -9.1398164e-03
  -6.3204366e-03
  -3.1854866e-03
  -1.2680753e-02
   0.0000000e+00
   0.0000000e+00
   0.0000000e+00
   0.0000000e+00
   0.0000000e+00
   0.0000000e+00
   0.0000000e+00
  -0.0000000e+00
  -9.5887581e-03
  -1.9870630e-02
   0.0000000e+00
   0.0000000e+00
   0.0000000e+00
   0.0000000e+00
   0.0000000e+00
   0.0000000e+00
   0.0000000e+00
   0.0000000e+00
  -1.9710878e-02
   0.0000000e+00
   0.0000000e+00
   0.0000000e+00
   0.0000000e+00
   0.0000000e+00
   0.0000000e+00
   0.0000000e+00
   0.0000000e+00
  -2.1826746e-03
  -4.8359296e-03
  -9.0159294e-03
  -1.3642338e-02
  -1.4676755e-02
  -1.4814638e-02
  -1.0463017e-02
   0.0000000e+00
   0.0000000e+00
   0.0000000e+00
   0.0000000e+00
   0.0000000e+00
   0.0000000e+00
   0.0000000e+00
   0.0000000e+00
   0.0000000e+00
   0.0000000e+00
   0.0000000e+00
   1.5773120e-02
   1.0160775e-02
  -1.2355856e-03
  -1.1668620e-02
  -1.6345411e-02
  -1.9665995e-02
  -1.7565436e-02
  -1.5084305e-02
  -1.2045275e-02
  -7.8708350e-03
  -3.6226027e-03
   2.1035148e-04
   3.7033041e-03
   5.2019852e-03
   5.2659895e-03
   3.9753599e-03
   8.8451416e-04
  -2.6186270e-03
  -6.9800767e-03
  -9.3791001e-03
  -1.0204622e-02
  -1.0484530e-02
  -8.6528361e-03
  -6.6906781e-03
  -2.7372442e-03
   1.8898550e-03
  -1.0698839e-02
   0.0000000e+00
   0.0000000e+00
   1.1186151e-02
   2.9343989e-03
  -6.6055786e-04
  -1.4855392e-03
  -4.1422165e-03
  -1.1537968e-02
  -1.1871464e-02
   0.0000000e+00
   0.0000000e+00
   0.0000000e+00
   0.0000000e+00
   0.0000000e+00
   0.0000000e+00
   0.0000000e+00
   0.0000000e+00
  -1.1230963e-02
  -1.5881246e-02
   0.0000000e+00
   0.0000000e+00
   0.0000000e+00
   0.0000000e+00
   0.0000000e+00
   0.0000000e+00
   0.0000000e+00
  -2.0191905e-03
  -2.7643970e-03
  -6.5326199e-03
  -9.8116997e-03
  -1.3346146e-02
  -1.4250487e-02
  -1.3603439e-02
  -8.5993290e-03
  -1.8919239e-03
  -5.8669910e-04
   0.0000000e+00
   0.0000000e+00
   0.0000000e+00
   0.0000000e+00
   0.0000000e+00
   0.0000000e+00
   0.0000000e+00
   0.0000000e+00
   1.7663652e-02
   1.5126319e-02
   3.4099164e-03
  -9.1726869e-03
  -1.7925909e-02
  -1.9987829e-02
  -1.7551610e-02
  -1.5559084e-02
  -1.2424196e-02
  -9.3671095e-03
  -5.1382754e-03
  -1.0942369e-03
   2.0711662e-03
   5.4036658e-03
   6.0129742e-03
   5.6315137e-03
   4.2250018e-03
   1.2650721e-03
  -1.5378326e-03
  -5.3396009e-03
  -6.6947101e-03
  -6.7756097e-03
  -7.1253520e-03
  -5.2760769e-03
  -4.1181994e-03
   4.4085905e-04
   5.8163754e-03
  -1.5509979e-03
   0.0000000e+00
   0.0000000e+00
   1.0696145e-02
   2.8918980e-03
  -5.1776761e-04
  -1.3078975e-03
  -4.1422165e-03
  -7.1395612e-03
  -9.2433102e-03
   0.0000000e+00
   0.0000000e+00
   0.0000000e+00
   0.0000000e+00
   0.0000000e+00
   0.0000000e+00
   0.0000000e+00
  -0.0000000e+00
  -1.1700358e-02
  -7.7677674e-03
   0.0000000e+00
   0.0000000e+00
   0.0000000e+00
   0.0000000e+00
   0.0000000e+00
   0.0000000e+00
  -0.0000000e+00
  -1.9482345e-03
  -3.7755227e-03
  -7.2146113e-03
  -1.0404367e-02
  -1.3061931e-02
  -1.3748928e-02
  -1.2337322e-02
  -6.9857076e-03
  -1.6019661e-03
   1.5019572e-03
   4.9496339e-03
   0.0000000e+00
   0.0000000e+00
   0.0000000e+00
   0.0000000e+00
   0.0000000e+00
   0.0000000e+00
   0.0000000e+00
   1.8123995e-02
   1.3497240e-02
  -1.6210943e-03
  -1.3118418e-02
  -1.9226249e-02
  -1.9491288e-02
  -1.3730283e-02
  -1.1400675e-02
  -8.5737472e-03
  -5.6631009e-03
  -1.8711645e-03
   1.6492604e-03
   4.4941241e-03
   6.6308884e-03
   6.9428267e-03
   6.4220579e-03
   5.1342876e-03
   2.9243050e-03
   4.8057513e-04
  -1.7158588e-03
  -2.7581014e-03
  -3.2704401e-03
  -3.0847026e-03
  -2.3498430e-03
  -1.5776231e-03
   3.2582473e-03
   8.8574244e-03
   6.8275872e-03
   0.0000000e+00
   0.0000000e+00
   7.6949339e-03
   2.6315869e-03
   3.5680043e-04
  -2.1986959e-04
   0.0000000e+00
   0.0000000e+00
   0.0000000e+00
   0.0000000e+00
   0.0000000e+00
   0.0000000e+00
   0.0000000e+00
   0.0000000e+00
   0.0000000e+00
   0.0000000e+00
  -0.0000000e+00
  -1.3856584e-02
  -7.6331172e-03
   0.0000000e+00
   0.0000000e+00
   0.0000000e+00
   0.0000000e+00
   0.0000000e+00
   0.0000000e+00
  -1.9149179e-03
  -1.6222885e-03
  -4.1533524e-03
  -7.0664176e-03
  -9.8274721e-03
  -1.2042653e-02
  -1.1907575e-02
  -9.8933950e-03
  -5.5549644e-03
   1.7398032e-04
   4.7001309e-03
   4.9496339e-03
   0.0000000e+00
   0.0000000e+00
   0.0000000e+00
   0.0000000e+00
   0.0000000e+00
   0.0000000e+00
   2.1589369e-02
   2.0238642e-02
   6.5638597e-03
  -7.5190265e-03
  -1.5065117e-02
  -1.7493164e-02
  -1.5976834e-02
  -8.3711974e-03
  -6.2331854e-03
  -4.1330371e-03
  -1.8162338e-03
   1.4752120e-03
   4.3602344e-03
   6.6528632e-03
   8.1950665e-03
   8.5382211e-03
   8.3798162e-03
   7.5827595e-03
   6.0669224e-03
   4.2860831e-03
   2.5144863e-03
   1.2935922e-03
   2.6663693e-04
  -4.9177549e-04
  -2.6448536e-04
   7.4606506e-04
   5.2135128e-03
   1.2033671e-02
   1.7176390e-02
   0.0000000e+00
   0.0000000e+00
   6.9384231e-03
   5.9053463e-03
   3.5680043e-04
  -2.1986959e-04
   0.0000000e+00
   0.0000000e+00
   0.0000000e+00
   0.0000000e+00
   0.0000000e+00
   0.0000000e+00
   0.0000000e+00
   0.0000000e+00
   0.0000000e+00
   0.0000000e+00
  -1.7267734e-02
  -1.3540506e-02
  -5.6893895e-03
   0.0000000e+00
   0.0000000e+00
   0.0000000e+00
   0.0000000e+00
   0.0000000e+00
   0.0000000e+00
   7.1519059e-04
   4.4568634e-04
  -2.7958001e-03
  -5.4632106e-03
  -7.8513832e-03
  -9.2045672e-03
  -8.7300869e-03
  -6.9708562e-03
  -3.1229258e-03
   2.1350461e-03
   7.9760416e-03
   1.1270343e-02
   0.0000000e+00
   0.0000000e+00
   0.0000000e+00
   0.0000000e+00
   0.0000000e+00
   0.0000000e+00
   1.7912359e-02
   1.3826075e-02
  -1.4037527e-04
  -8.6342696e-03
  -1.1699247e-02
  -1.1502324e-02
  -1.0112488e-02
  -4.3743700e-03
  -2.7407360e-03
  -1.0794537e-03
   9.1696199e-04
   3.8850273e-03
   6.4159397e-03
   8.5311596e-03
   1.0137504e-02
   1.0704631e-02
   1.0780142e-02
   1.0188418e-02
   8.9228889e-03
   7.2110604e-03
   5.1541832e-03
   3.4523529e-03
   1.9049643e-03
   5.8354463e-04
   6.2219609e-04
   1.8091621e-03
   6.4825942e-03
   1.4274822e-02
   2.3859687e-02
   0.0000000e+00
   0.0000000e+00
   6.8685177e-03
   6.3086951e-03
   0.0000000e+00
   0.0000000e+00
   0.0000000e+00
   0.0000000e+00
   0.0000000e+00
   0.0000000e+00
   0.0000000e+00
   0.0000000e+00
   0.0000000e+00
   0.0000000e+00
   0.0000000e+00
  -0.0000000e+00
  -1.6079551e-02
  -1.1453582e-02
  -2.0003859e-03
   3.1103877e-03
   2.4133442e-03
   0.0000000e+00
   0.0000000e+00
   0.0000000e+00
   3.8504812e-03
   4.1147075e-03
   2.8462781e-03
  -5.5343053e-04
  -3.1273122e-03
  -5.4084806e-03
  -6.5867470e-03
  -6.1883378e-03
  -4.7900562e-03
  -1.2233330e-03
   3.8737914e-03
   1.0083460e-02
   1.7405504e-02
   2.6904181e-02
   3.0533463e-02
   0.0000000e+00
   0.0000000e+00
   0.0000000e+00
   1.6972923e-02
   1.6376161e-02
   8.4961252e-03
  -1.6544496e-03
  -5.9453312e-03
  -6.8215806e-03
  -6.3053972e-03
  -5.5129834e-03
  -1.0297878e-03
   1.9905956e-04
   1.6113332e-03
   3.4311939e-03
   6.2095516e-03
   8.5881203e-03
   1.0663848e-02
   1.2367460e-02
   1.3037629e-02
   1.3174142e-02
   1.2577030e-02
   1.1289378e-02
   9.4174487e-03
   6.8735227e-03
   4.6701223e-03
   2.6770202e-03
   1.0104659e-03
   9.9864844e-04
   2.4508685e-03
   7.6407234e-03
   1.6354430e-02
   2.8447292e-02
   3.4307211e-02
   2.1073182e-02
   0.0000000e+00
   0.0000000e+00
   0.0000000e+00
   0.0000000e+00
   0.0000000e+00
   0.0000000e+00
   0.0000000e+00
   0.0000000e+00
   0.0000000e+00
   0.0000000e+00
   0.0000000e+00
   0.0000000e+00
   0.0000000e+00
  -0.0000000e+00
  -1.4475802e-02
  -9.0435494e-03
   6.2131453e-04
   5.1163390e-03
   4.9236596e-03
   0.0000000e+00
   0.0000000e+00
   8.8286693e-03
   6.3469431e-03
   6.7987202e-03
   4.7676541e-03
   1.5503206e-03
  -8.0249564e-04
  -2.9004245e-03
  -4.0087789e-03
  -3.7874515e-03
  -2.7144217e-03
   7.1033987e-04
   5.7808081e-03
   1.2211369e-02
   2.1058390e-02
   2.8404043e-02
   3.1778850e-02
   0.0000000e+00
   0.0000000e+00
   2.1291156e-02
   1.7886608e-02
   1.4871366e-02
   6.4449956e-03
   8.9047045e-05
  -1.7395047e-03
  -1.8789004e-03
  -1.8253517e-03
  -1.6508725e-03
   1.7478195e-03
   2.7057736e-03
   4.0264824e-03
   5.7834560e-03
   8.4857710e-03
   1.0878892e-02
   1.3010090e-02
   1.4776579e-02
   1.5414805e-02
   1.5460218e-02
   1.4686699e-02
   1.3163383e-02
   1.0976444e-02
   7.8355998e-03
   5.1526535e-03
   2.7958719e-03
   9.6146788e-04
   1.0000179e-03
   2.8005344e-03
   8.7313505e-03
   1.8319842e-02
   3.1298036e-02
   3.4307211e-02
   2.1073182e-02
   0.0000000e+00
   0.0000000e+00
   0.0000000e+00
   0.0000000e+00
   0.0000000e+00
   0.0000000e+00
   0.0000000e+00
   0.0000000e+00
   0.0000000e+00
   0.0000000e+00
   0.0000000e+00
   0.0000000e+00
   0.0000000e+00
  -1.4079707e-02
  -1.2086044e-02
  -6.5588805e-03
   2.9156265e-03
   8.9622949e-03
   9.7366192e-03
   0.0000000e+00
   0.0000000e+00
   8.8286693e-03
   1.0216113e-02
   8.5419670e-03
   6.1578770e-03
   3.3863048e-03
   1.3838070e-03
  -4.3811057e-04
  -1.5113146e-03
  -1.5179796e-03
  -7.1831687e-04
   2.6791240e-03
   7.8202772e-03
   1.4417768e-02
   2.3740221e-02
   3.1279687e-02
   3.4166598e-02
   0.0000000e+00
   0.0000000e+00
   2.1291156e-02
   1.9797672e-02
   1.3404567e-02
   7.4300903e-03
   4.3604168e-03
   3.4259756e-03
   2.8571478e-03
   1.9440801e-03
   1.5418323e-03
   5.1914664e-03
   6.2705904e-03
   7.7543823e-03
   9.6158946e-03
   1.2364762e-02
   1.4733516e-02
   1.6648658e-02
   1.8045008e-02
   1.8307738e-02
   1.7912196e-02
   1.6427307e-02
   1.4194791e-02
   1.1303908e-02
   7.3236105e-03
   4.1829251e-03
   1.6629323e-03
   1.0903318e-04
   7.8402603e-04
   3.6122587e-03
   1.0998010e-02
   2.1346207e-02
   3.4119504e-02
   3.6944740e-02
   3.0191714e-02
   0.0000000e+00
   0.0000000e+00
   0.0000000e+00
   0.0000000e+00
   0.0000000e+00
   0.0000000e+00
   0.0000000e+00
   0.0000000e+00
   0.0000000e+00
   0.0000000e+00
   0.0000000e+00
   0.0000000e+00
   0.0000000e+00
  -1.0498979e-02
  -7.8097089e-03
  -2.1817291e-03
   7.4520811e-03
   1.3842193e-02
   1.6066424e-02
   0.0000000e+00
   1.3821114e-02
   1.4205452e-02
   1.0994557e-02
   9.0404292e-03
   7.7501611e-03
   6.3638366e-03
   4.8338980e-03
   3.1045755e-03
   1.7623726e-03
   1.5953697e-03
   2.6668800e-03
   6.6660087e-03
   1.2041269e-02
   1.8662561e-02
   2.7311084e-02
   3.2152084e-02
   3.2909601e-02
   0.0000000e+00
   3.0036200e-02
   2.8607591e-02
   2.1598409e-02
   1.5516827e-02
   1.2844272e-02
   1.0873038e-02
   9.0283031e-03
   7.2358921e-03
   5.5049468e-03
   4.9818287e-03
   7.1105141e-03
   8.3545546e-03
   9.9063562e-03
   1.1799804e-02
   1.4496745e-02
   1.6677421e-02
   1.8290709e-02
   1.9228522e-02
   1.9091859e-02
   1.8297570e-02
   1.6245558e-02
   1.3489173e-02
   1.0164800e-02
   5.8922533e-03
   2.7820108e-03
   5.4020224e-04
  -3.3410983e-04
   1.0693301e-03
   4.7237362e-03
   1.2982154e-02
   2.3723032e-02
   3.6852813e-02
   4.4359942e-02
   4.1129175e-02
   0.0000000e+00
   0.0000000e+00
   0.0000000e+00
   0.0000000e+00
   0.0000000e+00
   0.0000000e+00
   0.0000000e+00
   0.0000000e+00
   0.0000000e+00
   0.0000000e+00
   0.0000000e+00
   0.0000000e+00
   0.0000000e+00
  -7.2312067e-03
  -5.1660568e-03
   1.2066005e-03
   1.0983859e-02
   1.6372987e-02
   1.8285000e-02
   2.0363465e-02
   1.8975228e-02
   1.5578512e-02
   1.1766152e-02
   1.0528649e-02
   9.8065810e-03
   8.5519711e-03
   6.8314095e-03
   4.9194861e-03
   3.4288714e-03
   3.4281427e-03
   5.1219331e-03
   9.9547041e-03
   1.5753711e-02
   2.2482420e-02
   3.0637103e-02
   3.5260423e-02
   3.7029997e-02
   3.6049577e-02
   3.5698102e-02
   3.1612512e-02
   2.2595697e-02
   1.7723070e-02
   1.5627623e-02
   1.3030654e-02
   1.0646401e-02
   8.5917932e-03
   6.9736746e-03
   6.6734761e-03
   8.8050265e-03
   1.0168286e-02
   1.1746732e-02
   1.3629461e-02
   1.6211088e-02
   1.8149352e-02
   1.9433696e-02
   1.9902789e-02
   1.9378833e-02
   1.8196668e-02
   1.5577339e-02
   1.2360317e-02
   8.6980290e-03
   4.2972342e-03
   1.3484110e-03
  -4.9964374e-04
  -6.3653164e-04
   1.4706537e-03
   5.8637416e-03
   1.4880547e-02
   2.6010496e-02
   3.9559146e-02
   5.0589484e-02
   5.0185053e-02
   0.0000000e+00
   0.0000000e+00
   0.0000000e+00
   0.0000000e+00
   0.0000000e+00
   0.0000000e+00
   0.0000000e+00
   0.0000000e+00
   0.0000000e+00
   0.0000000e+00
   0.0000000e+00
   0.0000000e+00
   2.9704295e-03
  -4.3865643e-03
  -2.6958686e-03
   4.5583754e-03
   1.4201295e-02
   1.8491222e-02
   2.0211755e-02
   2.1042246e-02
   2.0631919e-02
   1.6560971e-02
   1.2910011e-02
   1.2249139e-02
   1.1804382e-02
   1.0441613e-02
   8.5148989e-03
   6.4918305e-03
   5.0032793e-03
   5.2799837e-03
   7.6232625e-03
   1.3346772e-02
   1.9642188e-02
   2.6546804e-02
   3.4330384e-02
   3.8696892e-02
   3.9416166e-02
   3.8167433e-02
   3.8660835e-02
   3.3518849e-02
   2.3492616e-02
   1.9597697e-02
   1.7695916e-02
   1.4506076e-02
   1.1772255e-02
   9.6267006e-03
   8.2203586e-03
   8.1646484e-03
   1.0759614e-02
   1.2194021e-02
   1.3719220e-02
   1.5491755e-02
   1.7765754e-02
   1.9232492e-02
   1.9980530e-02
   1.9748497e-02
   1.8690753e-02
   1.6971223e-02
   1.3530212e-02
   9.7867301e-03
   5.8474173e-03
   1.6250004e-03
  -7.9942591e-04
  -1.8209535e-03
  -7.6196307e-04
   2.3091378e-03
   7.5773411e-03
   1.7438331e-02
   2.9123492e-02
   4.3416971e-02
   5.6975618e-02
   5.9117872e-02
   0.0000000e+00
   0.0000000e+00
   0.0000000e+00
   0.0000000e+00
   0.0000000e+00
   0.0000000e+00
   0.0000000e+00
   0.0000000e+00
   0.0000000e+00
   0.0000000e+00
   0.0000000e+00
   0.0000000e+00
   2.9704295e-03
  -1.2078585e-03
   4.9495308e-04
   9.3292809e-03
   1.8161135e-02
   2.0641840e-02
   2.2353185e-02
   2.3531526e-02
   2.0987235e-02
   1.7116177e-02
   1.5392173e-02
   1.5255291e-02
   1.4566294e-02
   1.2514508e-02
   1.0254898e-02
   8.2295442e-03
   7.0779873e-03
   8.0030424e-03
   1.1346917e-02
   1.8486598e-02
   2.5661905e-02
   3.2973190e-02
   4.0492002e-02
   4.4399885e-02
   4.5880433e-02
   4.5934209e-02
   4.3242212e-02
   3.3839969e-02
   2.4568219e-02
   2.1575334e-02
   1.9102787e-02
   1.5127654e-02
   1.2309424e-02
   1.0412335e-02
   9.5321985e-03
   9.8782864e-03
   1.1896741e-02
   1.3222724e-02
   1.4548578e-02
   1.6065185e-02
   1.7802335e-02
   1.8684918e-02
   1.8829721e-02
   1.7916769e-02
   1.6372639e-02
   1.4101293e-02
   1.0105759e-02
   6.2104664e-03
   2.4483043e-03
  -1.0807879e-03
  -2.6429594e-03
  -2.7336698e-03
  -6.1681628e-04
   3.2633272e-03
   9.2119536e-03
   1.9656488e-02
   3.1550760e-02
   4.6360283e-02
   6.4238534e-02
   7.1548317e-02
   0.0000000e+00
   0.0000000e+00
   0.0000000e+00
   0.0000000e+00
   0.0000000e+00
   0.0000000e+00
   0.0000000e+00
   0.0000000e+00
   0.0000000e+00
   0.0000000e+00
   0.0000000e+00
   0.0000000e+00
   2.9704295e-03
  -9.3286479e-04
   3.2631662e-03
   1.3409243e-02
   2.0303251e-02
   2.2184671e-02
   2.4000633e-02
   2.4316911e-02
   2.1947414e-02
   1.9531595e-02
   1.8477594e-02
   1.7721452e-02
   1.6179166e-02
   1.3619037e-02
   1.1540454e-02
   9.9949745e-03
   9.5198332e-03
   1.1254818e-02
   1.5155225e-02
   2.3714770e-02
   3.2078896e-02
   4.0249375e-02
   4.7538538e-02
   5.0332554e-02
   5.0695703e-02
   4.8190721e-02
   4.1489579e-02
   3.1941777e-02
   2.4959724e-02
   2.1871669e-02
   1.8672816e-02
   1.4531217e-02
   1.2077403e-02
   1.0662952e-02
   1.0315836e-02
   1.0929020e-02
   1.2252510e-02
   1.3441268e-02
   1.4588090e-02
   1.5870841e-02
   1.7192574e-02
   1.7678860e-02
   1.7443425e-02
   1.6140727e-02
   1.4310562e-02
   1.1751035e-02
   7.6041548e-03
   3.8203764e-03
   3.6930320e-04
  -2.5309818e-03
  -3.4609379e-03
  -2.9375719e-03
  -1.4492213e-04
   4.2066682e-03
   1.0490183e-02
   2.1097236e-02
   3.2908182e-02
   4.7778728e-02
   6.5948784e-02
   7.3367588e-02
   0.0000000e+00
   0.0000000e+00
   0.0000000e+00
   0.0000000e+00
   0.0000000e+00
   0.0000000e+00
   0.0000000e+00
   0.0000000e+00
   0.0000000e+00
   0.0000000e+00
   0.0000000e+00
   0.0000000e+00
   0.0000000e+00
  -0.0000000e+00
   6.3688061e-03
   1.5934806e-02
   2.1521330e-02
   2.3458877e-02
   2.5243221e-02
   2.5193262e-02
   2.3134151e-02
   2.1326914e-02
   2.0178161e-02
   1.8859105e-02
   1.6849217e-02
   1.4255010e-02
   1.2561757e-02
   1.1516921e-02
   1.1802322e-02
   1.5290265e-02
   2.0637918e-02
   2.7499626e-02
   3.6482421e-02
   4.5304825e-02
   5.2097610e-02
   5.3534356e-02
   5.2729232e-02
   4.8225239e-02
   3.9836152e-02
   3.0840381e-02
   2.4756079e-02
   2.1419293e-02
   1.7887457e-02
   1.3863138e-02
   1.1732980e-02
   1.0641023e-02
   1.0584732e-02
   1.1304411e-02
   1.2315507e-02
   1.3271230e-02
   1.4150616e-02
   1.5081217e-02
   1.5829378e-02
   1.5814020e-02
   1.5124292e-02
   1.3395519e-02
   1.1244222e-02
   8.4002088e-03
   4.2712791e-03
   8.2854697e-04
  -2.0508397e-03
  -4.0075071e-03
  -4.0931508e-03
  -2.8086808e-03
   8.0039809e-04
   5.6766204e-03
   1.2265963e-02
   2.2861276e-02
   3.4356898e-02
   4.9035319e-02
   6.5115885e-02
   6.9507446e-02
   0.0000000e+00
   0.0000000e+00
   0.0000000e+00
   0.0000000e+00
   0.0000000e+00
   0.0000000e+00
   0.0000000e+00
   0.0000000e+00
   0.0000000e+00
   0.0000000e+00
   0.0000000e+00
   0.0000000e+00
   0.0000000e+00
   0.0000000e+00
   1.6519263e-02
   1.8905933e-02
   2.2844083e-02
   2.5283840e-02
   2.6932561e-02
   2.6622707e-02
   2.5135227e-02
   2.3745486e-02
   2.1964930e-02
   1.9800251e-02
   1.7302152e-02
   1.4954418e-02
   1.3993563e-02
   1.3745617e-02
   1.5274838e-02
   2.2103226e-02
   3.0279654e-02
   3.2512414e-02
   4.2103301e-02
   5.1815270e-02
   5.7662346e-02
   5.6820396e-02
   5.4154165e-02
   4.6874564e-02
   3.7310412e-02
   2.9619859e-02
   2.4061025e-02
   2.0237769e-02
   1.6433298e-02
   1.2771963e-02
   1.1122723e-02
   1.0434394e-02
   1.0680279e-02
   1.1465147e-02
   1.0752891e-02
   1.1268635e-02
   1.1716028e-02
   1.2139802e-02
   1.2246831e-02
   1.1774001e-02
   1.0795830e-02
   8.9321720e-03
   6.7952641e-03
   4.2225611e-03
   9.8498430e-04
  -1.3832436e-03
  -3.0044681e-03
  -3.4278779e-03
  -2.4176559e-03
  -2.4134018e-04
   4.0532759e-03
   9.1361669e-03
   1.5603749e-02
   2.5332699e-02
   3.5269115e-02
   4.6821700e-02
   5.2277357e-02
   4.6393161e-02
   0.0000000e+00
   0.0000000e+00
   0.0000000e+00
   0.0000000e+00
  -0.0000000e+00
  -0.0000000e+00
   0.0000000e+00
   0.0000000e+00
   0.0000000e+00
   0.0000000e+00
   0.0000000e+00
   0.0000000e+00
   0.0000000e+00
   0.0000000e+00
   0.0000000e+00
   2.2295854e-02
   2.3390143e-02
   2.6171102e-02
   2.8044604e-02
   2.8223019e-02
   2.7064106e-02
   2.5337798e-02
   2.2516540e-02
   1.9905788e-02
   1.7582441e-02
   1.6318469e-02
   1.6593854e-02
   1.7486987e-02
   1.9018066e-02
   2.3948693e-02
   3.2438500e-02
   3.5474271e-02
   4.5219884e-02
   5.5181065e-02
   5.9949681e-02
   5.6925039e-02
   5.2324980e-02
   4.2859180e-02
   3.3604741e-02
   2.6819547e-02
   2.1112642e-02
   1.7093532e-02
   1.3585002e-02
   1.0761383e-02
   9.6979958e-03
   9.3493630e-03
   9.6642566e-03
   1.0240620e-02
   8.7062567e-03
   8.8949607e-03
   9.0543437e-03
   9.1776139e-03
   8.9764557e-03
   8.3587731e-03
   7.3541042e-03
   5.6270538e-03
   3.7719399e-03
   1.6879516e-03
  -6.8345656e-04
  -2.1929155e-03
  -2.9234752e-03
  -2.3890851e-03
  -7.5378362e-04
   1.8803159e-03
   6.4781337e-03
   1.1590265e-02
   1.7809980e-02
   2.6631718e-02
   3.5008097e-02
   4.3699947e-02
   4.4041453e-02
   2.6883409e-02
  -1.2699662e-02
  -1.7448850e-02
  -1.0169958e-02
  -5.4785344e-03
  -2.7626354e-03
  -2.8426621e-03
  -2.8712567e-03
   0.0000000e+00
   0.0000000e+00
   0.0000000e+00
   0.0000000e+00
   0.0000000e+00
   0.0000000e+00
   0.0000000e+00
   0.0000000e+00
   2.4107074e-02
   2.2710532e-02
   2.5612511e-02
   2.8098147e-02
   2.8720292e-02
   2.7633428e-02
   2.5665165e-02
   2.2512667e-02
   1.9954486e-02
   1.7950374e-02
   1.7313399e-02
   1.8221431e-02
   1.9650447e-02
   2.0810941e-02
   2.3455194e-02
   3.0205418e-02
   3.7216920e-02
   5.0820064e-02
   5.9948093e-02
   5.8981262e-02
   5.5175483e-02
   4.9511589e-02
   3.9166957e-02
   3.0241932e-02
   2.3855055e-02
   1.8228678e-02
   1.4361625e-02
   1.1232161e-02
   8.9312374e-03
   8.1349525e-03
   7.8861101e-03
   8.1026652e-03
   8.4578305e-03
   5.0170551e-03
   4.7027705e-03
   4.4394394e-03
   4.1471633e-03
   3.5750151e-03
   2.8539544e-03
   1.9234836e-03
   5.5143859e-04
  -7.0443210e-04
  -1.8611756e-03
  -2.7758519e-03
  -2.9277682e-03
  -2.3157299e-03
  -4.1950866e-04
   2.0612483e-03
   5.2739307e-03
   1.0211831e-02
   1.5292846e-02
   2.1035075e-02
   2.8300486e-02
   3.4032174e-02
   3.7995533e-02
   3.2174221e-02
   1.1168102e-02
  -1.2699662e-02
  -1.7448850e-02
  -1.0169958e-02
  -5.4785344e-03
  -2.8602050e-03
  -3.1238199e-03
  -2.8712567e-03
   0.0000000e+00
   0.0000000e+00
   0.0000000e+00
   0.0000000e+00
   0.0000000e+00
   0.0000000e+00
   0.0000000e+00
   0.0000000e+00
   2.5945470e-02
   2.1001235e-02
   2.4008229e-02
   2.7707588e-02
   2.9061614e-02
   2.7980233e-02
   2.5644869e-02
   2.2253516e-02
   2.0011184e-02
   1.8613885e-02
   1.8831990e-02
   2.0537917e-02
   2.2600078e-02
   2.2963063e-02
   2.1555131e-02
   2.4423188e-02
   3.9616371e-02
   6.1441882e-02
   6.8665523e-02
   5.5859317e-02
   5.1366795e-02
   4.4295268e-02
   3.3055466e-02
   2.4697769e-02
   1.8755489e-02
   1.3369559e-02
   9.9184479e-03
   7.4693133e-03
   5.9111275e-03
   5.4226495e-03
   5.2338657e-03
   5.2076382e-03
   5.1820947e-03
  -2.3255403e-03
  -3.0517394e-03
  -3.5944371e-03
  -4.0741273e-03
  -4.6400237e-03
  -5.1607791e-03
  -5.7380471e-03
  -6.3676811e-03
  -6.6858813e-03
  -6.6715447e-03
  -5.9744546e-03
  -4.7157159e-03
  -2.8543817e-03
   1.4016139e-04
   3.2421491e-03
   6.8320626e-03
   1.1808772e-02
   1.6474546e-02
   2.1232478e-02
   2.6129762e-02
   2.8526858e-02
   2.7947247e-02
   1.9328385e-02
   4.6348184e-03
  -9.3474248e-03
  -1.2645146e-02
  -8.1346467e-03
  -5.7098272e-03
  -1.4164557e-03
  -6.2004277e-04
  -6.1782774e-04
   0.0000000e+00
   0.0000000e+00
   0.0000000e+00
   0.0000000e+00
   0.0000000e+00
   0.0000000e+00
   0.0000000e+00
   0.0000000e+00
   2.9355662e-02
   1.7776128e-02
   2.0743334e-02
   2.5580117e-02
   2.7573376e-02
   2.6507717e-02
   2.4162677e-02
   2.1285990e-02
   1.9738479e-02
   1.8860239e-02
   1.9334434e-02
   2.2181092e-02
   2.6169995e-02
   3.0154712e-02
   3.1670808e-02
   2.4423188e-02
   3.9616371e-02
   6.1441882e-02
   6.8665523e-02
   4.6937969e-02
   4.1156585e-02
   3.2596659e-02
   2.1651773e-02
   1.4517898e-02
   9.6004556e-03
   5.3443070e-03
   2.8238592e-03
   1.1517873e-03
   5.1452536e-05
  -4.6128002e-04
  -8.7823542e-04
  -1.3329049e-03
  -1.7689842e-03
  -6.9467974e-03
  -7.8058242e-03
  -8.4303687e-03
  -8.9491712e-03
  -9.4716278e-03
  -9.8903805e-03
  -1.0305824e-02
  -1.0640467e-02
  -1.0623156e-02
  -1.0206748e-02
  -8.9512183e-03
  -7.1901421e-03
  -4.8740814e-03
  -1.4664716e-03
   1.8699227e-03
   5.5966941e-03
   1.0537113e-02
   1.4901247e-02
   1.9042689e-02
   2.2659806e-02
   2.3497322e-02
   2.1182342e-02
   1.2214891e-02
   7.6821983e-04
  -8.7567311e-03
  -1.0829719e-02
  -7.5909129e-03
  -5.9530580e-03
   0.0000000e+00
   5.2046979e-04
   9.7982804e-04
   0.0000000e+00
   0.0000000e+00
   0.0000000e+00
   0.0000000e+00
   0.0000000e+00
   0.0000000e+00
   0.0000000e+00
   0.0000000e+00
   3.0252214e-02
   1.6110215e-02
   1.8778748e-02
   2.3578738e-02
   2.5750402e-02
   2.4856453e-02
   2.2766051e-02
   2.0608369e-02
   1.9931521e-02
   2.1575983e-02
   2.1850972e-02
   2.3027601e-02
   2.8437224e-02
   3.7365810e-02
   3.6989703e-02
   0.0000000e+00
   0.0000000e+00
   0.0000000e+00
   0.0000000e+00
   4.0473246e-02
   3.3826695e-02
   2.4928053e-02
   1.4788566e-02
   8.5959480e-03
   4.3764637e-03
   7.5926940e-04
  -1.3540999e-03
  -2.7656750e-03
  -3.7920172e-03
  -4.4069907e-03
  -4.9803597e-03
  -5.6405236e-03
  -6.2454916e-03
  -1.4962240e-02
  -1.5894347e-02
  -1.6543914e-02
  -1.7032454e-02
  -1.7430410e-02
  -1.7702185e-02
  -1.7912194e-02
  -1.7949530e-02
  -1.7667127e-02
  -1.6970150e-02
  -1.5313378e-02
  -1.3160681e-02
  -1.0468455e-02
  -6.6905433e-03
  -3.1424102e-03
   6.9660853e-04
   5.4985357e-03
   9.2893399e-03
   1.2365236e-02
   1.4023584e-02
   1.2826890e-02
   8.9003810e-03
   1.0854010e-03
  -5.6330674e-03
  -9.6224234e-03
  -9.1839049e-03
  -7.5394203e-03
   0.0000000e+00
  -0.0000000e+00
   1.9570100e-03
   3.9741441e-03
   0.0000000e+00
   0.0000000e+00
   0.0000000e+00
   0.0000000e+00
   0.0000000e+00
   0.0000000e+00
   0.0000000e+00
   0.0000000e+00
   0.0000000e+00
   1.3673525e-02
   1.5483543e-02
   1.9283186e-02
   2.1485674e-02
   2.1090895e-02
   1.9766579e-02
   1.9347593e-02
   2.0720109e-02
   2.9472616e-02
   2.8953665e-02
   2.4262334e-02
   3.2395060e-02
   5.8496713e-02
   0.0000000e+00
   0.0000000e+00
   0.0000000e+00
   0.0000000e+00
   0.0000000e+00
   2.8202921e-02
   1.9988588e-02
   1.1246596e-02
   3.2752449e-03
  -1.0720037e-03
  -4.0150125e-03
  -6.6136765e-03
  -8.2432833e-03
  -9.4874391e-03
  -1.0651931e-02
  -1.1552461e-02
  -1.2413062e-02
  -1.3349821e-02
  -1.4136366e-02
  -1.9537013e-02
  -2.0410498e-02
  -2.1041112e-02
  -2.1563343e-02
  -2.2083012e-02
  -2.2478686e-02
  -2.2843899e-02
  -2.3146904e-02
  -2.3170487e-02
  -2.2882916e-02
  -2.1847330e-02
  -2.0321628e-02
  -1.8288183e-02
  -1.5229580e-02
  -1.2254460e-02
  -9.0567175e-03
  -5.2364594e-03
  -2.4517788e-03
  -4.6446925e-04
   8.2921140e-05
  -1.4866424e-03
  -4.9127665e-03
  -1.0645508e-02
  -1.4692640e-02
  -1.6055302e-02
  -1.3418761e-02
  -1.1166833e-02
   0.0000000e+00
  -0.0000000e+00
   1.9570100e-03
   3.9741441e-03
   0.0000000e+00
   0.0000000e+00
   0.0000000e+00
   0.0000000e+00
   0.0000000e+00
   0.0000000e+00
   0.0000000e+00
   0.0000000e+00
   0.0000000e+00
   1.7003403e-02
   1.2640992e-02
   1.2847235e-02
   1.4992161e-02
   1.5578696e-02
   1.5439492e-02
   1.6632792e-02
   1.9422530e-02
   3.3202617e-02
   4.4669692e-02
   4.5507973e-02
   5.1399986e-02
   5.8496713e-02
   0.0000000e+00
   0.0000000e+00
   0.0000000e+00
   0.0000000e+00
   2.4242601e-02
   1.7694221e-02
   8.7990905e-03
   1.9791946e-03
  -3.6424223e-03
  -6.7064499e-03
  -8.9798112e-03
  -1.1189694e-02
  -1.2693016e-02
  -1.3945841e-02
  -1.5220666e-02
  -1.6189320e-02
  -1.7057887e-02
  -1.7980786e-02
  -1.8753117e-02
  -2.0866738e-02
  -2.1680743e-02
  -2.2289611e-02
  -2.2823651e-02
  -2.3402811e-02
  -2.3863838e-02
  -2.4313153e-02
  -2.4764950e-02
  -2.4962911e-02
  -2.4911978e-02
  -2.4262401e-02
  -2.3149887e-02
  -2.1580281e-02
  -1.9104999e-02
  -1.6655813e-02
  -1.4057140e-02
  -1.1094755e-02
  -9.1217755e-03
  -7.9541051e-03
  -8.1805794e-03
  -9.9949336e-03
  -1.3138680e-02
  -1.7732785e-02
  -2.0402922e-02
  -2.0467099e-02
  -1.6676582e-02
  -1.4167455e-02
  -1.5675786e-02
   0.0000000e+00
   0.0000000e+00
   0.0000000e+00
   0.0000000e+00
   0.0000000e+00
   0.0000000e+00
   0.0000000e+00
   0.0000000e+00
   0.0000000e+00
   0.0000000e+00
   0.0000000e+00
   0.0000000e+00
   1.8324965e-02
   1.0739465e-02
   8.8675474e-03
   1.1070122e-02
   1.2792581e-02
   1.4332915e-02
   1.6735360e-02
   1.9878984e-02
   3.4503435e-02
   5.1439089e-02
   5.4659150e-02
   5.9586015e-02
   0.0000000e+00
   0.0000000e+00
   0.0000000e+00
   2.7549501e-02
   2.3065008e-02
   2.2909644e-02
   1.1748335e-02
   2.9739854e-03
  -2.6309113e-03
  -6.9210733e-03
  -9.2726454e-03
  -1.1152512e-02
  -1.3078489e-02
  -1.4434131e-02
  -1.5604297e-02
  -1.6832163e-02
  -1.7755406e-02
  -1.8560009e-02
  -1.9414725e-02
  -2.0139183e-02
  -1.6850935e-02
  -1.7450429e-02
  -1.7974171e-02
  -1.8491269e-02
  -1.9114711e-02
  -1.9650853e-02
  -2.0208279e-02
  -2.0875420e-02
  -2.1340224e-02
  -2.1667160e-02
  -2.1759888e-02
  -2.1544319e-02
  -2.1103303e-02
  -2.0342009e-02
  -1.9642088e-02
  -1.9066754e-02
  -1.8830781e-02
  -1.9228838e-02
  -2.0259349e-02
  -2.2336742e-02
  -2.4678682e-02
  -2.7403500e-02
  -3.0482546e-02
  -3.1734028e-02
  -3.0751079e-02
  -2.5661911e-02
  -1.8674052e-02
  -1.5675786e-02
   0.0000000e+00
   0.0000000e+00
   0.0000000e+00
   0.0000000e+00
   0.0000000e+00
   0.0000000e+00
   0.0000000e+00
   0.0000000e+00
   0.0000000e+00
   0.0000000e+00
   0.0000000e+00
   0.0000000e+00
   1.7618518e-02
   6.4957187e-03
   1.2999330e-03
   4.0191802e-03
   1.0211582e-02
   1.9078585e-02
   2.4706593e-02
   2.6242355e-02
   2.6837206e-02
   0.0000000e+00
   0.0000000e+00
   0.0000000e+00
   0.0000000e+00
   0.0000000e+00
   0.0000000e+00
   2.7549501e-02
   2.3065008e-02
   1.6644324e-02
   2.8525066e-03
  -3.3271331e-03
  -6.5060987e-03
  -8.7948716e-03
  -1.0145395e-02
  -1.1366863e-02
  -1.2563068e-02
  -1.3334085e-02
  -1.3962822e-02
  -1.4598554e-02
  -1.5053308e-02
  -1.5435535e-02
  -1.5900361e-02
  -1.6363159e-02
  -1.0511598e-02
  -1.0873839e-02
  -1.1196502e-02
  -1.1514503e-02
  -1.1906638e-02
  -1.2262096e-02
  -1.2658394e-02
  -1.3161108e-02
  -1.3530543e-02
  -1.3816723e-02
  -1.4002025e-02
  -1.4004122e-02
  -1.3895739e-02
  -1.3708442e-02
  -1.3647940e-02
  -1.3815219e-02
  -1.4522955e-02
  -1.5707823e-02
  -1.7505875e-02
  -2.0482546e-02
  -2.3586520e-02
  -2.7061850e-02
  -3.1033376e-02
  -3.3164118e-02
  -3.3325445e-02
  -2.9582628e-02
  -2.3064017e-02
  -2.0301974e-02
  -1.5980306e-02
   0.0000000e+00
   0.0000000e+00
   0.0000000e+00
   0.0000000e+00
   0.0000000e+00
   0.0000000e+00
   0.0000000e+00
   0.0000000e+00
   0.0000000e+00
   0.0000000e+00
   0.0000000e+00
   1.7618518e-02
   6.4957187e-03
  -6.2772083e-04
  -9.9390324e-05
   4.8695322e-03
   1.3172943e-02
   2.4706593e-02
   2.6242355e-02
   2.6837206e-02
   0.0000000e+00
   0.0000000e+00
   0.0000000e+00
   0.0000000e+00
  -0.0000000e+00
   1.1129095e-02
   2.6389518e-02
   1.9517665e-02
   1.2164400e-02
   1.5020198e-03
  -2.6498995e-03
  -4.5230995e-03
  -5.7862489e-03
  -6.5901552e-03
  -7.3523775e-03
  -8.0707756e-03
  -8.5068175e-03
  -8.8465383e-03
  -9.1965990e-03
  -9.4544452e-03
  -9.6734564e-03
  -9.9444101e-03
  -1.0220329e-02
  -5.7351012e-03
  -5.9185791e-03
  -6.0897362e-03
  -6.2577223e-03
  -6.4755759e-03
  -6.6948936e-03
  -6.9697867e-03
  -7.3486095e-03
  -7.6461875e-03
  -7.9016592e-03
  -8.1567131e-03
  -8.3228137e-03
  -8.4650595e-03
  -8.7102518e-03
  -9.1315332e-03
  -9.8583483e-03
  -1.1277139e-02
  -1.3054846e-02
  -1.5431217e-02
  -1.9085465e-02
  -2.2763608e-02
  -2.6804428e-02
  -3.1448410e-02
  -3.4241646e-02
  -3.5265151e-02
  -3.2536768e-02
  -2.6371721e-02
  -2.1173397e-02
  -1.5980306e-02
   0.0000000e+00
   0.0000000e+00
   0.0000000e+00
   0.0000000e+00
   0.0000000e+00
   0.0000000e+00
   0.0000000e+00
   0.0000000e+00
   0.0000000e+00
   0.0000000e+00
   0.0000000e+00
   0.0000000e+00
   0.0000000e+00
  -2.5642918e-03
  -3.2026072e-03
   8.4446143e-04
   8.7232224e-03
   0.0000000e+00
   0.0000000e+00
   0.0000000e+00
   0.0000000e+00
   0.0000000e+00
   0.0000000e+00
   0.0000000e+00
  -0.0000000e+00
   1.1129095e-02
   2.5515506e-02
   1.6844850e-02
   8.7889141e-03
   4.8446939e-04
  -2.1396247e-03
  -3.0289702e-03
  -3.5193437e-03
  -3.9113908e-03
  -4.3275859e-03
  -4.6859709e-03
  -4.8696190e-03
  -4.9915755e-03
  -5.1263911e-03
  -5.2358731e-03
  -5.3319064e-03
  -5.4567835e-03
  -5.5918937e-03
   5.2518630e-03
   5.1909364e-03
   5.1427455e-03
   5.0978728e-03
   5.0274065e-03
   4.9534139e-03
   4.8656956e-03
   4.7321468e-03
   4.5952223e-03
   4.4406623e-03
   4.2073241e-03
   3.9364637e-03
   3.5559302e-03
   2.8377806e-03
   1.8775533e-03
   5.0064758e-04
  -1.7920617e-03
  -4.2632680e-03
  -7.2035441e-03
  -1.1238140e-02
  -1.4893762e-02
  -1.8668409e-02
  -2.3239973e-02
  -2.7006759e-02
  -3.0473249e-02
  -3.2190177e-02
  -2.9844987e-02
  -2.3646950e-02
  -1.4747661e-02
   0.0000000e+00
   0.0000000e+00
   0.0000000e+00
   0.0000000e+00
   0.0000000e+00
   0.0000000e+00
   0.0000000e+00
   0.0000000e+00
   0.0000000e+00
   0.0000000e+00
   0.0000000e+00
   0.0000000e+00
   0.0000000e+00
  -1.0268912e-02
  -7.5080377e-03
  -5.7585932e-03
  -5.3784972e-03
   0.0000000e+00
   0.0000000e+00
   0.0000000e+00
   0.0000000e+00
   0.0000000e+00
   0.0000000e+00
   0.0000000e+00
   0.0000000e+00
   1.2016086e-02
   1.7846250e-02
   1.0403326e-02
   5.3619226e-03
   2.7929024e-03
   3.2838444e-03
   4.3351864e-03
   5.1098830e-03
   5.3416922e-03
   5.4341944e-03
   5.5129730e-03
   5.5752064e-03
   5.6143509e-03
   5.6073816e-03
   5.5393747e-03
   5.4445406e-03
   5.3420902e-03
   5.2914270e-03
   9.5195069e-03
   9.5901719e-03
   9.6574404e-03
   9.7203339e-03
   9.7808507e-03
   9.8297861e-03
   9.8827503e-03
   9.9322652e-03
   9.9413044e-03
   9.9052794e-03
   9.7309896e-03
   9.4006815e-03
   8.8359270e-03
   7.6929912e-03
   6.2113501e-03
   4.1952572e-03
   1.0056252e-03
  -2.2674215e-03
  -6.0172651e-03
  -1.1019421e-02
  -1.5422677e-02
  -1.9834149e-02
  -2.4886532e-02
  -2.8700217e-02
  -3.1985259e-02
  -3.3939853e-02
  -3.2419423e-02
  -2.6712691e-02
  -1.6650634e-02
   0.0000000e+00
   0.0000000e+00
   0.0000000e+00
   0.0000000e+00
   0.0000000e+00
   0.0000000e+00
   0.0000000e+00
   0.0000000e+00
   0.0000000e+00
   0.0000000e+00
   0.0000000e+00
  -0.0000000e+00
  -8.2625649e-03
  -8.4384901e-03
  -7.6114072e-03
  -7.0880114e-03
  -7.2718124e-03
   0.0000000e+00
   0.0000000e+00
   0.0000000e+00
  -0.0000000e+00
  -1.6762830e-02
  -1.4225615e-02
   0.0000000e+00
   0.0000000e+00
   8.9733315e-03
   1.3369136e-02
   7.0916697e-03
   3.4105693e-03
   2.6872568e-03
   4.2717822e-03
   6.0450807e-03
   7.4041843e-03
   8.0164189e-03
   8.4555392e-03
   8.8713723e-03
   9.1489696e-03
   9.3483645e-03
   9.4812178e-03
   9.5008386e-03
   9.4710900e-03
   9.4401964e-03
   9.4638614e-03
   1.5183498e-02
   1.5428810e-02
   1.5649316e-02
   1.5855236e-02
   1.6089593e-02
   1.6301677e-02
   1.6541355e-02
   1.6833831e-02
   1.7036592e-02
   1.7157886e-02
   1.7061965e-02
   1.6652758e-02
   1.5843506e-02
   1.4136797e-02
   1.1963139e-02
   9.0987205e-03
   4.7186981e-03
   3.8145362e-04
  -4.4428429e-03
  -1.0729139e-02
  -1.6124650e-02
  -2.1381313e-02
  -2.7071836e-02
  -3.0947763e-02
  -3.3991990e-02
  -3.6262013e-02
  -3.5836199e-02
  -3.0781523e-02
  -1.9176247e-02
   0.0000000e+00
   0.0000000e+00
   0.0000000e+00
   0.0000000e+00
   0.0000000e+00
   0.0000000e+00
   0.0000000e+00
   0.0000000e+00
   0.0000000e+00
   0.0000000e+00
   0.0000000e+00
  -9.5050066e-03
  -8.2625649e-03
  -6.6164969e-03
  -7.7485986e-03
  -8.8524072e-03
  -9.7846088e-03
   0.0000000e+00
   0.0000000e+00
   0.0000000e+00
  -1.9256070e-02
  -1.6762830e-02
  -1.4225615e-02
   0.0000000e+00
  -2.7470588e-03
   4.9350065e-03
   7.4271367e-03
   2.6964598e-03
   8.2074512e-04
   2.5470446e-03
   5.5829673e-03
   8.3144420e-03
   1.0449167e-02
   1.1566300e-02
   1.2465449e-02
   1.3328619e-02
   1.3892046e-02
   1.4304125e-02
   1.4622549e-02
   1.4758469e-02
   1.4815102e-02
   1.4879178e-02
   1.5001491e-02
   1.9596393e-02
   2.0040994e-02
   2.0398723e-02
   2.0706521e-02
   2.1025034e-02
   2.1278031e-02
   2.1502585e-02
   2.1705627e-02
   2.1763491e-02
   2.1664187e-02
   2.1135931e-02
   2.0189887e-02
   1.8695449e-02
   1.5986720e-02
   1.2927085e-02
   9.1905400e-03
   3.8489773e-03
  -1.2014740e-03
  -6.6478458e-03
  -1.3507076e-02
  -1.9228111e-02
  -2.4817857e-02
  -3.1244379e-02
  -3.6256903e-02
  -4.0865808e-02
  -4.4963739e-02
  -4.5712758e-02
  -4.1642809e-02
  -2.9024423e-02
   0.0000000e+00
   0.0000000e+00
   0.0000000e+00
   0.0000000e+00
   0.0000000e+00
   0.0000000e+00
   0.0000000e+00
   0.0000000e+00
   0.0000000e+00
   0.0000000e+00
   0.0000000e+00
  -3.0041428e-02
  -1.1210911e-02
  -5.8068389e-03
  -6.6212190e-03
  -6.6598887e-03
  -1.2707728e-02
  -2.2890589e-02
  -3.1770463e-02
  -3.0624118e-02
  -2.1631355e-02
  -1.7317770e-02
  -1.4040864e-02
  -1.6654057e-02
  -1.2922320e-02
  -4.3724574e-03
  -3.1546780e-03
  -6.0004099e-03
  -6.1672345e-03
  -2.6811116e-03
   1.3567445e-03
   4.8228350e-03
   7.8067808e-03
   9.7773633e-03
   1.1645879e-02
   1.3704831e-02
   1.5193417e-02
   1.6413396e-02
   1.7502286e-02
   1.8132296e-02
   1.8548220e-02
   1.8922940e-02
   1.9242270e-02
   1.9253261e-02
   1.9790703e-02
   2.0192347e-02
   2.0508545e-02
   2.0800562e-02
   2.1002950e-02
   2.1141164e-02
   2.1194604e-02
   2.1093942e-02
   2.0808148e-02
   2.0024731e-02
   1.8846987e-02
   1.7128715e-02
   1.4202408e-02
   1.1042842e-02
   7.2886673e-03
   2.0484379e-03
  -2.8417289e-03
  -8.1015002e-03
  -1.4755757e-02
  -2.0365138e-02
  -2.5926979e-02
  -3.2462948e-02
  -3.7770588e-02
  -4.2981245e-02
  -4.8329987e-02
  -5.0484787e-02
  -4.8276703e-02
  -3.6616943e-02
   0.0000000e+00
   0.0000000e+00
   0.0000000e+00
   0.0000000e+00
   0.0000000e+00
   0.0000000e+00
   0.0000000e+00
   0.0000000e+00
   0.0000000e+00
   0.0000000e+00
  -6.1944837e-02
  -3.3195228e-02
  -1.4412595e-02
  -4.7474518e-03
  -2.3729104e-03
  -4.8401766e-03
  -1.1800919e-02
  -2.2870475e-02
  -2.8994352e-02
  -2.6301602e-02
  -2.0390084e-02
  -1.7792304e-02
  -1.5282325e-02
  -1.6979248e-02
  -1.4734693e-02
  -8.9207251e-03
  -8.4468979e-03
  -1.0674732e-02
  -1.0459929e-02
  -6.7468823e-03
  -2.6498970e-03
   8.5073984e-04
   3.9796029e-03
   6.2285458e-03
   8.4826217e-03
   1.1086879e-02
   1.3029549e-02
   1.4671486e-02
   1.6191275e-02
   1.7104767e-02
   1.7747226e-02
   1.8333375e-02
   1.8791416e-02
   1.6821887e-02
   1.7501046e-02
   1.7953809e-02
   1.8251770e-02
   1.8451096e-02
   1.8520836e-02
   1.8464202e-02
   1.8203452e-02
   1.7788428e-02
   1.7151393e-02
   1.5935746e-02
   1.4418950e-02
   1.2434844e-02
   9.3745956e-03
   6.3112372e-03
   2.8392097e-03
  -1.8095605e-03
  -6.0634002e-03
  -1.0659508e-02
  -1.6625651e-02
  -2.1855225e-02
  -2.7228887e-02
  -3.3746303e-02
  -3.9318045e-02
  -4.5346112e-02
  -5.2921630e-02
  -5.7904919e-02
  -5.9654604e-02
  -5.0595724e-02
   0.0000000e+00
   0.0000000e+00
   0.0000000e+00
   0.0000000e+00
   0.0000000e+00
   0.0000000e+00
   0.0000000e+00
   0.0000000e+00
   0.0000000e+00
   0.0000000e+00
  -6.1944837e-02
  -3.8615262e-02
  -2.0753511e-02
  -2.5878838e-03
   7.0724517e-03
  -1.4276938e-03
  -9.4249276e-03
  -2.2823777e-02
  -2.2549251e-02
  -1.6266323e-02
  -1.7288335e-02
  -1.8688420e-02
  -1.8232979e-02
  -1.7734220e-02
  -1.7057649e-02
  -1.6032185e-02
  -1.6813459e-02
  -1.8305038e-02
  -1.7837291e-02
  -1.4249335e-02
  -1.0386237e-02
  -7.0775336e-03
  -3.9268186e-03
  -1.3477848e-03
   1.4423190e-03
   4.8695991e-03
   7.5237587e-03
   9.8460411e-03
   1.2080803e-02
   1.3469399e-02
   1.4504691e-02
   1.5466618e-02
   1.6173715e-02
   9.7363157e-03
   1.0694551e-02
   1.1400294e-02
   1.1929206e-02
   1.2404590e-02
   1.2659138e-02
   1.2740701e-02
   1.2596461e-02
   1.2242815e-02
   1.1660797e-02
   1.0545254e-02
   9.1947521e-03
   7.4661073e-03
   4.8638264e-03
   2.3255784e-03
  -4.5129747e-04
  -3.9949298e-03
  -7.1230725e-03
  -1.0502989e-02
  -1.5098301e-02
  -1.9462644e-02
  -2.4311159e-02
  -3.0764675e-02
  -3.6736247e-02
  -4.3619791e-02
  -5.3705104e-02
  -6.2892537e-02
  -7.0977285e-02
  -6.7228317e-02
   0.0000000e+00
   0.0000000e+00
   0.0000000e+00
   0.0000000e+00
   0.0000000e+00
   0.0000000e+00
   0.0000000e+00
   0.0000000e+00
   0.0000000e+00
   0.0000000e+00
  -6.1944837e-02
  -4.8662468e-02
  -2.8619266e-02
  -5.4193507e-03
   8.9260337e-03
   6.7937159e-03
  -9.4249276e-03
  -2.1626853e-02
  -1.8441260e-02
  -1.6769543e-02
  -2.0439472e-02
  -2.2117983e-02
  -2.2120056e-02
  -2.1757961e-02
  -2.1421390e-02
  -2.1175239e-02
  -2.2541989e-02
  -2.4153547e-02
  -2.4325169e-02
  -2.2130695e-02
  -1.9548668e-02
  -1.7386907e-02
  -1.5190694e-02
  -1.2955734e-02
  -1.0062144e-02
  -6.0540000e-03
  -2.7300796e-03
   2.7786941e-04
   3.2649552e-03
   5.1895472e-03
   6.6382744e-03
   7.9319273e-03
   8.8635702e-03
   4.9786776e-03
   6.1010921e-03
   6.9724855e-03
   7.6831349e-03
   8.3897403e-03
   8.8442234e-03
   9.1321795e-03
   9.2362819e-03
   9.0820006e-03
   8.7027232e-03
   7.8514646e-03
   6.7582362e-03
   5.3267793e-03
   3.1213132e-03
   9.3744246e-04
  -1.4444310e-03
  -4.4445813e-03
  -7.0576363e-03
  -9.8901819e-03
  -1.3835730e-02
  -1.7741743e-02
  -2.2263543e-02
  -2.8613878e-02
  -3.4766343e-02
  -4.2047200e-02
  -5.3270610e-02
  -6.4613388e-02
  -7.6226446e-02
  -7.5386716e-02
   0.0000000e+00
   0.0000000e+00
   0.0000000e+00
   0.0000000e+00
   0.0000000e+00
   0.0000000e+00
   0.0000000e+00
   0.0000000e+00
   0.0000000e+00
   0.0000000e+00
   0.0000000e+00
  -5.4684058e-02
  -3.4280622e-02
  -7.2130041e-03
   9.1641097e-03
   1.2313732e-02
   0.0000000e+00
  -0.0000000e+00
  -1.7270412e-02
  -1.6761554e-02
  -2.1314500e-02
  -2.3299571e-02
  -2.3649187e-02
  -2.3407448e-02
  -2.3213894e-02
  -2.3333585e-02
  -2.4945762e-02
  -2.6637028e-02
  -2.7184223e-02
  -2.5811278e-02
  -2.4010235e-02
  -2.2609837e-02
  -2.1192966e-02
  -1.9426792e-02
  -1.6782330e-02
  -1.2773574e-02
  -9.2615754e-03
  -5.9847582e-03
  -2.6213373e-03
  -3.7165545e-04
   1.3587742e-03
   2.8921168e-03
   3.9721017e-03
  -4.0700484e-03
  -2.6795090e-03
  -1.5010765e-03
  -3.9406303e-04
   8.3952827e-04
   1.8185116e-03
   2.7150510e-03
   3.6149934e-03
   4.1406541e-03
   4.4622839e-03
   4.4884494e-03
   4.1614613e-03
   3.5342038e-03
   2.2533004e-03
   7.4683613e-04
  -1.0202372e-03
  -3.3643434e-03
  -5.4556091e-03
  -7.7591283e-03
  -1.0983640e-02
  -1.4251151e-02
  -1.8200815e-02
  -2.4240278e-02
  -3.0570247e-02
  -3.8269965e-02
  -5.0617492e-02
  -6.4790098e-02
  -8.1734269e-02
  -8.5179945e-02
   0.0000000e+00
   0.0000000e+00
   0.0000000e+00
   0.0000000e+00
   0.0000000e+00
   0.0000000e+00
   0.0000000e+00
   0.0000000e+00
   0.0000000e+00
   0.0000000e+00
   0.0000000e+00
  -6.4758643e-02
  -4.5770561e-02
  -1.0419891e-02
   7.2156660e-03
   0.0000000e+00
   0.0000000e+00
  -0.0000000e+00
  -1.8062510e-02
  -1.6088589e-02
  -2.0619037e-02
  -2.3414633e-02
  -2.4501971e-02
  -2.4543520e-02
  -2.4459800e-02
  -2.4975910e-02
  -2.6773996e-02
  -2.8615239e-02
  -2.9774560e-02
  -2.9747064e-02
  -2.9280797e-02
  -2.9311807e-02
  -2.9640464e-02
  -2.9218047e-02
  -2.7653333e-02
  -2.4383970e-02
  -2.1011822e-02
  -1.7587866e-02
  -1.3753655e-02
  -1.0951866e-02
  -8.6778607e-03
  -6.6564070e-03
  -5.2989072e-03
  -1.1563903e-02
  -1.0268590e-02
  -9.1250063e-03
  -7.9650640e-03
  -6.5102528e-03
  -5.2046154e-03
  -3.8324235e-03
  -2.1104271e-03
  -7.2663016e-04
   5.3018130e-04
   1.7837736e-03
   2.5439665e-03
   2.9533516e-03
   2.7485444e-03
   1.9066597e-03
   6.1774023e-04
  -1.4027893e-03
  -3.3567086e-03
  -5.5372225e-03
  -8.5372627e-03
  -1.1515415e-02
  -1.5092985e-02
  -2.0600870e-02
  -2.6534884e-02
  -3.3899762e-02
  -4.5648253e-02
  -5.9510575e-02
  -7.7781359e-02
  -8.5831246e-02
   0.0000000e+00
   0.0000000e+00
   0.0000000e+00
   0.0000000e+00
   0.0000000e+00
   0.0000000e+00
   0.0000000e+00
   0.0000000e+00
   0.0000000e+00
   0.0000000e+00
  -6.2983223e-02
  -7.2216723e-02
  -5.7575747e-02
  -2.1323920e-02
   7.2156660e-03
   0.0000000e+00
   0.0000000e+00
  -0.0000000e+00
  -1.3172755e-02
  -1.3836034e-02
  -1.9153363e-02
  -2.2264641e-02
  -2.3798062e-02
  -2.4171094e-02
  -2.4123974e-02
  -2.4614161e-02
  -2.6228374e-02
  -2.7917757e-02
  -2.9267756e-02
  -2.9809891e-02
  -2.9876774e-02
  -3.0486979e-02
  -3.1739591e-02
  -3.2285314e-02
  -3.1794790e-02
  -2.9772915e-02
  -2.7262122e-02
  -2.4464235e-02
  -2.1107602e-02
  -1.8462506e-02
  -1.6157030e-02
  -1.4060387e-02
  -1.2688403e-02
  -1.6338355e-02
  -1.5204663e-02
  -1.4177867e-02
  -1.3093748e-02
  -1.1632566e-02
  -1.0221986e-02
  -8.6418625e-03
  -6.4857093e-03
  -4.5813938e-03
  -2.7108426e-03
  -6.1809273e-04
   9.2328696e-04
   2.1110694e-03
   2.7522898e-03
   2.4659263e-03
   1.5936157e-03
  -1.0298576e-04
  -1.9047515e-03
  -3.9685176e-03
  -6.8007889e-03
  -9.5732699e-03
  -1.2878926e-02
  -1.7964354e-02
  -2.3511808e-02
  -3.0485349e-02
  -4.1594892e-02
  -5.4843644e-02
  -7.3304828e-02
  -8.5007950e-02
   0.0000000e+00
   0.0000000e+00
   0.0000000e+00
   0.0000000e+00
   0.0000000e+00
   0.0000000e+00
   0.0000000e+00
   0.0000000e+00
  -0.0000000e+00
  -2.4344087e-02
  -5.8415979e-02
  -7.6283703e-02
  -6.6287093e-02
  -2.6396154e-02
   0.0000000e+00
   0.0000000e+00
   0.0000000e+00
   0.0000000e+00
  -0.0000000e+00
  -1.1461764e-02
  -1.7803128e-02
  -2.1118500e-02
  -2.2942559e-02
  -2.3595263e-02
  -2.3609796e-02
  -2.4059227e-02
  -2.5496250e-02
  -2.7041606e-02
  -2.8473185e-02
  -2.9379813e-02
  -2.9782501e-02
  -3.0741410e-02
  -3.2553388e-02
  -3.3703115e-02
  -3.3901052e-02
  -3.2697045e-02
  -3.0771732e-02
  -2.8423393e-02
  -2.5436864e-02
  -2.2969766e-02
  -2.0727669e-02
  -1.8664886e-02
  -1.7340418e-02
  -2.2430097e-02
  -2.1851080e-02
  -2.1299776e-02
  -2.0690525e-02
  -1.9685720e-02
  -1.8497379e-02
  -1.6980264e-02
  -1.4579400e-02
  -1.2101436e-02
  -9.3859529e-03
  -6.0252680e-03
  -3.1815959e-03
  -5.9356547e-04
   1.6808711e-03
   2.5593014e-03
   2.6050357e-03
   1.7282575e-03
   3.4377454e-04
  -1.4385568e-03
  -3.9713236e-03
  -6.4078081e-03
  -9.2462474e-03
  -1.3503466e-02
  -1.8094169e-02
  -2.3953969e-02
  -3.3360165e-02
  -4.4390530e-02
  -6.0834416e-02
  -7.9683362e-02
   0.0000000e+00
   0.0000000e+00
   0.0000000e+00
   0.0000000e+00
   0.0000000e+00
   0.0000000e+00
   0.0000000e+00
   0.0000000e+00
  -0.0000000e+00
  -2.4344087e-02
  -4.2221680e-02
  -7.9109429e-02
  -9.6732504e-02
   0.0000000e+00
   0.0000000e+00
   0.0000000e+00
   0.0000000e+00
   0.0000000e+00
   0.0000000e+00
  -5.1907640e-03
  -1.4642938e-02
  -1.8228961e-02
  -2.0446045e-02
  -2.1691956e-02
  -2.1917474e-02
  -2.2231230e-02
  -2.3234927e-02
  -2.4433341e-02
  -2.5831264e-02
  -2.7208381e-02
  -2.8026150e-02
  -2.9359869e-02
  -3.1784410e-02
  -3.3660558e-02
  -3.4750982e-02
  -3.4670142e-02
  -3.3618516e-02
  -3.2018658e-02
  -2.9731583e-02
  -2.7761400e-02
  -2.5888149e-02
  -2.4150795e-02
  -2.3082824e-02
  -2.4469041e-02
  -2.4173735e-02
  -2.3948186e-02
  -2.3708892e-02
  -2.3303526e-02
  -2.2674442e-02
  -2.1686665e-02
  -1.9809911e-02
  -1.7563303e-02
  -1.4905166e-02
  -1.1324576e-02
  -8.0382329e-03
  -4.7437974e-03
  -1.3619557e-03
   5.5367416e-04
   1.5497643e-03
   1.7062618e-03
   1.0375080e-03
  -2.2094453e-04
  -2.2831094e-03
  -4.3652450e-03
  -6.8140076e-03
  -1.0431263e-02
  -1.4260944e-02
  -1.9200062e-02
  -2.7237649e-02
  -3.6432268e-02
  -4.9732891e-02
  -6.8124984e-02
   0.0000000e+00
   0.0000000e+00
   0.0000000e+00
   0.0000000e+00
   0.0000000e+00
   0.0000000e+00
   0.0000000e+00
   0.0000000e+00
  -0.0000000e+00
  -1.9518050e-02
  -3.4539689e-02
  -6.8290876e-02
  -9.4881871e-02
   0.0000000e+00
   0.0000000e+00
   0.0000000e+00
   0.0000000e+00
   0.0000000e+00
   0.0000000e+00
   1.8071816e-03
  -1.0560546e-02
  -1.4667734e-02
  -1.7134506e-02
  -1.8787423e-02
  -1.9291744e-02
  -1.9615575e-02
  -2.0288171e-02
  -2.1200985e-02
  -2.2453785e-02
  -2.4087102e-02
  -2.5283087e-02
  -2.6926307e-02
  -2.9730248e-02
  -3.2059913e-02
  -3.3726191e-02
  -3.4331811e-02
  -3.3823932e-02
  -3.2739320e-02
  -3.0888385e-02
  -2.9182705e-02
  -2.7539340e-02
  -2.5987712e-02
  -2.5034119e-02
  -2.5306796e-02
  -2.5154991e-02
  -2.5116448e-02
  -2.5067785e-02
  -2.5017099e-02
  -2.4780550e-02
  -2.4199727e-02
  -2.2803658e-02
  -2.0860211e-02
  -1.8394484e-02
  -1.4893633e-02
  -1.1498010e-02
  -7.9050036e-03
  -3.9395275e-03
  -1.3914152e-03
   2.5682234e-04
   1.1740871e-03
   1.0928112e-03
   2.9712200e-04
  -1.3455896e-03
  -3.1190113e-03
  -5.2619864e-03
  -8.4178064e-03
  -1.1696407e-02
  -1.5948159e-02
  -2.2974853e-02
  -3.0902729e-02
  -4.1914059e-02
  -5.8387258e-02
  -6.3142067e-02
  -6.9570423e-02
   0.0000000e+00
   0.0000000e+00
   0.0000000e+00
   0.0000000e+00
   0.0000000e+00
   0.0000000e+00
  -0.0000000e+00
  -1.6828758e-02
  -3.0406784e-02
  -6.3368197e-02
  -9.4039793e-02
   0.0000000e+00
   0.0000000e+00
   0.0000000e+00
   0.0000000e+00
   0.0000000e+00
   0.0000000e+00
   6.5899574e-03
  -7.0542877e-03
  -1.1576247e-02
  -1.4243212e-02
  -1.6146312e-02
  -1.6851238e-02
  -1.7224670e-02
  -1.7722844e-02
  -1.8446641e-02
  -1.9587097e-02
  -2.1375288e-02
  -2.2843354e-02
  -2.4704659e-02
  -2.7760693e-02
  -3.0394782e-02
  -3.2471485e-02
  -3.3574801e-02
  -3.3442503e-02
  -3.2718614e-02
  -3.1183421e-02
  -2.9656589e-02
  -2.8173663e-02
  -2.6742317e-02
  -2.5844641e-02
  -2.4993892e-02
  -2.4892168e-02
  -2.4988437e-02
  -2.5017273e-02
  -2.5251378e-02
  -2.5494774e-02
  -2.5491351e-02
  -2.4937263e-02
  -2.3681745e-02
  -2.1794194e-02
  -1.8918397e-02
  -1.5843100e-02
  -1.2329557e-02
  -8.0868749e-03
  -4.9806911e-03
  -2.5686493e-03
  -6.4114397e-04
   1.8770694e-04
   1.7206449e-04
  -7.5688650e-04
  -2.0176257e-03
  -3.7139738e-03
  -6.2779878e-03
  -8.8446322e-03
  -1.2163210e-02
  -1.7840579e-02
  -2.4268626e-02
  -3.2293635e-02
  -4.6710876e-02
  -6.3142067e-02
  -6.9570423e-02
   0.0000000e+00
   0.0000000e+00
   0.0000000e+00
   0.0000000e+00
   0.0000000e+00
   0.0000000e+00
  -8.6844228e-03
  -1.5113740e-02
  -2.1543056e-02
   0.0000000e+00
   0.0000000e+00
   0.0000000e+00
   0.0000000e+00
   0.0000000e+00
   0.0000000e+00
   0.0000000e+00
   1.9020149e-02
   1.2147096e-02
  -1.3229022e-03
  -6.4623656e-03
  -9.4303102e-03
  -1.1559325e-02
  -1.2520608e-02
  -1.3050538e-02
  -1.3466096e-02
  -1.3984572e-02
  -1.4964041e-02
  -1.6885365e-02
  -1.8701010e-02
  -2.0830886e-02
  -2.4163138e-02
  -2.7138133e-02
  -2.9730721e-02
  -3.1478348e-02
  -3.1791596e-02
  -3.1506676e-02
  -3.0379222e-02
  -2.9055732e-02
  -2.7766912e-02
  -2.6459925e-02
  -2.5575712e-02
  -2.2858410e-02
  -2.2703468e-02
  -2.2846278e-02
  -2.2810484e-02
  -2.2930589e-02
  -2.3240980e-02
  -2.3480004e-02
  -2.3516457e-02
  -2.2972232e-02
  -2.1756926e-02
  -1.9669974e-02
  -1.7314738e-02
  -1.4397481e-02
  -1.0618177e-02
  -7.6725132e-03
  -5.1417984e-03
  -2.8196402e-03
  -1.4331110e-03
  -7.5555007e-04
  -9.5581811e-04
  -1.7172022e-03
  -2.9304080e-03
  -5.0150369e-03
  -7.0851890e-03
  -9.6517805e-03
  -1.4037932e-02
  -1.9119783e-02
  -2.5420978e-02
  -3.5432084e-02
  -4.8750798e-02
  -5.5363608e-02
   0.0000000e+00
   0.0000000e+00
   0.0000000e+00
  -0.0000000e+00
  -1.7863080e-02
  -6.9013590e-03
  -1.6851863e-03
  -1.4074084e-02
  -2.0794601e-02
   0.0000000e+00
   0.0000000e+00
   0.0000000e+00
   0.0000000e+00
   0.0000000e+00
   0.0000000e+00
   0.0000000e+00
   1.3366514e-02
   1.2883699e-02
   4.2596005e-03
  -3.5654212e-04
  -3.4004396e-03
  -5.5560603e-03
  -6.6403760e-03
  -7.4179821e-03
  -8.1688865e-03
  -8.8088703e-03
  -9.7599175e-03
  -1.1739682e-02
  -1.3808498e-02
  -1.6190199e-02
  -1.9668446e-02
  -2.2803819e-02
  -2.5709023e-02
  -2.7926536e-02
  -2.8605610e-02
  -2.8631275e-02
  -2.7835936e-02
  -2.6701036e-02
  -2.5566827e-02
  -2.4395420e-02
  -2.3516388e-02
  -2.0732144e-02
  -2.0531242e-02
  -2.0689044e-02
  -2.0644292e-02
  -2.0610117e-02
  -2.0832933e-02
  -2.1092288e-02
  -2.1343756e-02
  -2.1234762e-02
  -2.0500467e-02
  -1.8926982e-02
  -1.7069764e-02
  -1.4644723e-02
  -1.1340466e-02
  -8.6523383e-03
  -6.2542825e-03
  -3.9253453e-03
  -2.3513042e-03
  -1.3414391e-03
  -1.0751512e-03
  -1.4994805e-03
  -2.3852889e-03
  -4.1133334e-03
  -5.8851240e-03
  -8.0170780e-03
  -1.1606919e-02
  -1.5817261e-02
  -2.1110736e-02
  -2.9014004e-02
  -3.9050549e-02
  -4.2792681e-02
   0.0000000e+00
   0.0000000e+00
   0.0000000e+00
  -7.9122024e-03
  -1.2891447e-02
  -5.4622067e-03
  -2.4968034e-03
  -1.3101763e-02
  -1.7443262e-02
  -1.9302142e-02
  -2.6628036e-02
  -3.0218572e-02
  -3.0162276e-02
   0.0000000e+00
   0.0000000e+00
   0.0000000e+00
   7.4129317e-03
   1.0474264e-02
   7.1351206e-03
   3.8033752e-03
   1.3082442e-03
  -5.2379078e-04
  -1.4544871e-03
  -2.2336644e-03
  -3.3002219e-03
  -4.2285106e-03
  -5.3528599e-03
  -7.4862788e-03
  -9.7674230e-03
  -1.2370135e-02
  -1.5975289e-02
  -1.9195799e-02
  -2.2281060e-02
  -2.4796367e-02
  -2.5716388e-02
  -2.5959567e-02
  -2.5410070e-02
  -2.4419037e-02
  -2.3383428e-02
  -2.2270266e-02
  -2.1405179e-02
  -1.8181264e-02
  -1.7928402e-02
  -1.8090007e-02
  -1.8059569e-02
  -1.7821856e-02
  -1.7869801e-02
  -1.8053520e-02
  -1.8394182e-02
  -1.8683816e-02
  -1.8441373e-02
  -1.7360836e-02
  -1.6002030e-02
  -1.4121575e-02
  -1.1393419e-02
  -9.0584664e-03
  -6.9330497e-03
  -4.7707098e-03
  -3.1381103e-03
  -1.8915217e-03
  -1.1826879e-03
  -1.2751131e-03
  -1.8376689e-03
  -3.1925463e-03
  -4.6950709e-03
  -6.4477122e-03
  -9.3036273e-03
  -1.2680573e-02
  -1.7085729e-02
  -2.3491526e-02
  -2.9507594e-02
  -3.9200456e-02
  -2.7584684e-02
  -2.0163990e-02
  -8.0862258e-03
  -2.3277806e-03
  -4.6774709e-03
  -3.0844843e-03
  -4.6260483e-03
  -1.1963705e-02
  -1.6143315e-02
  -1.9302142e-02
  -2.6628036e-02
  -3.0218572e-02
  -3.0162276e-02
  -5.1550264e-03
   0.0000000e+00
  -0.0000000e+00
  -1.1498642e-03
   6.1616192e-03
   9.3709596e-03
   7.9254907e-03
   6.3712326e-03
   5.0858019e-03
   4.4643393e-03
   3.7941478e-03
   2.3571570e-03
   1.0072814e-03
  -4.1619707e-04
  -2.7771499e-03
  -5.2950391e-03
  -8.1494469e-03
  -1.1898499e-02
  -1.5187420e-02
  -1.8429323e-02
  -2.1224948e-02
  -2.2378242e-02
  -2.2840869e-02
  -2.2547922e-02
  -2.1709617e-02
  -2.0767257e-02
  -1.9689247e-02
  -1.8844861e-02
  -1.3373832e-02
  -1.3014313e-02
  -1.3119941e-02
  -1.3209806e-02
  -1.2867758e-02
  -1.2632174e-02
  -1.2570663e-02
  -1.2628831e-02
  -1.3018448e-02
  -1.3191687e-02
  -1.2701159e-02
  -1.1872545e-02
  -1.0754261e-02
  -8.9676195e-03
  -7.2565142e-03
  -5.6406786e-03
  -4.0586324e-03
  -2.7856105e-03
  -1.6750187e-03
  -7.9287550e-04
  -5.1969095e-04
  -7.3136800e-04
  -1.5926338e-03
  -2.6710595e-03
  -3.9697532e-03
  -6.0161981e-03
  -8.3874844e-03
  -1.1604558e-02
  -1.7172875e-02
  -2.2128052e-02
  -2.5754297e-02
  -2.7584684e-02
  -2.0163990e-02
  -8.0862258e-03
  -1.7705548e-03
  -2.2613620e-03
  -2.8787015e-03
  -7.3521078e-03
  -1.3316480e-02
  -1.6437901e-02
  -1.7674444e-02
  -1.9440789e-02
  -1.9784345e-02
  -5.1550264e-03
  -5.1550264e-03
   0.0000000e+00
  -0.0000000e+00
  -1.5848990e-02
  -3.2708273e-03
   6.1228203e-03
   8.3609772e-03
   9.8932859e-03
   1.1011842e-02
   1.2472288e-02
   1.4092503e-02
   1.3903707e-02
   1.2228532e-02
   9.9672330e-03
   6.7087344e-03
   3.5400993e-03
   8.3201678e-05
  -4.1379357e-03
  -7.6381766e-03
  -1.1138063e-02
  -1.4358705e-02
  -1.5864513e-02
  -1.6630116e-02
  -1.6778583e-02
  -1.6309332e-02
  -1.5621001e-02
  -1.4681009e-02
  -1.3923013e-02
  -9.7030571e-03
  -9.3920890e-03
  -9.4501048e-03
  -9.6498513e-03
  -9.4317227e-03
  -9.1141265e-03
  -8.9206732e-03
  -8.7355057e-03
  -8.9462977e-03
  -9.1368678e-03
  -8.8743827e-03
  -8.2493679e-03
  -7.4499166e-03
  -6.1622569e-03
  -4.8353959e-03
  -3.5572666e-03
  -2.3190828e-03
  -1.3611511e-03
  -4.8617924e-04
   2.6474609e-04
   5.7986330e-04
   4.7627367e-04
  -1.5123108e-04
  -9.6189954e-04
  -1.9583444e-03
  -3.5639472e-03
  -5.3860186e-03
  -7.8229285e-03
  -1.2177544e-02
  -1.6709245e-02
  -2.0635911e-02
  -2.2195840e-02
  -1.6910721e-02
  -7.8073238e-03
  -1.6648539e-03
  -1.1996694e-03
  -2.6512984e-03
  -8.0345772e-03
  -1.3966546e-02
  -1.6204743e-02
  -1.5529400e-02
  -1.4362095e-02
  -1.2692396e-02
  -0.0000000e+00
  -5.1550264e-03
   2.8024088e-02
  -6.5539904e-04
  -1.3405251e-02
  -5.1664150e-03
   3.1777963e-03
   6.7204696e-03
   9.9254726e-03
   1.1705226e-02
   1.3252010e-02
   1.6910480e-02
   2.0220680e-02
   1.9839235e-02
   1.7774512e-02
   1.4047871e-02
   1.0430338e-02
   6.5586766e-03
   1.9132268e-03
  -1.8123939e-03
  -5.4728251e-03
  -8.9306954e-03
  -1.0650256e-02
  -1.1582268e-02
  -1.1985253e-02
  -1.1789815e-02
  -1.1352492e-02
  -1.0694884e-02
  -1.0110376e-02
  -5.3838050e-03
  -5.2021544e-03
  -5.2541315e-03
  -5.5307396e-03
  -5.4934878e-03
  -5.1740062e-03
  -4.8687931e-03
  -4.4804242e-03
  -4.4757678e-03
  -4.5946098e-03
  -4.5365792e-03
  -4.1159375e-03
  -3.6012668e-03
  -2.7959454e-03
  -1.8369848e-03
  -8.9185999e-04
   3.7551988e-06
   6.7025623e-04
   1.3031161e-03
   1.8874682e-03
   2.2066058e-03
   2.1936129e-03
   1.7953439e-03
   1.2541796e-03
   5.7920209e-04
  -5.6150976e-04
  -1.8620745e-03
  -3.5729917e-03
  -6.6486800e-03
  -1.0244142e-02
  -1.3934880e-02
  -1.5637507e-02
  -1.2416300e-02
  -6.0331737e-03
  -4.6156663e-04
   3.1922586e-04
  -2.1540814e-03
  -8.4081570e-03
  -1.3800621e-02
  -1.6083134e-02
  -1.4410600e-02
  -1.1713179e-02
  -8.9934182e-03
   0.0000000e+00
   0.0000000e+00
   2.8024088e-02
   6.2642325e-03
  -1.0051188e-02
  -6.8498902e-03
  -3.7713307e-04
   5.0315219e-03
   9.0120970e-03
   1.0976829e-02
   1.2546225e-02
   1.6828516e-02
   2.4096544e-02
   2.6059172e-02
   2.4914415e-02
   2.1217773e-02
   1.7315936e-02
   1.3143393e-02
   8.1604690e-03
   4.2365871e-03
   4.3707467e-04
  -3.2398401e-03
  -5.1217373e-03
  -6.1520827e-03
  -6.6637966e-03
  -6.6350647e-03
  -6.3888119e-03
  -5.9803309e-03
  -5.6098402e-03
  -3.3446868e-04
  -3.5417955e-04
  -4.3693812e-04
  -7.3762521e-04
  -9.2886533e-04
  -7.0177200e-04
  -3.1026447e-04
   2.2010655e-04
   4.7276010e-04
   5.3422112e-04
   4.3020273e-04
   6.4767463e-04
   9.1261356e-04
   1.2537232e-03
   1.8633376e-03
   2.4886008e-03
   3.0376751e-03
   3.4336325e-03
   3.8149951e-03
   4.1923672e-03
   4.4751294e-03
   4.5312286e-03
   4.3492727e-03
   4.0773082e-03
   3.7376170e-03
   3.0941041e-03
   2.2840909e-03
   1.2295607e-03
  -5.2708294e-04
  -2.6731698e-03
  -5.5106835e-03
  -7.6868224e-03
  -6.3537334e-03
  -2.3460226e-03
   2.1646582e-03
   2.4991454e-03
  -1.1933054e-03
  -8.1623201e-03
  -1.1935227e-02
   0.0000000e+00
   0.0000000e+00
   0.0000000e+00
   0.0000000e+00
   0.0000000e+00
   0.0000000e+00
   0.0000000e+00
   1.3195491e-02
  -6.7482651e-03
  -8.7798784e-03
  -4.5329565e-03
   3.4924235e-03
   7.2940955e-03
   8.9635212e-03
   1.0841319e-02
   1.3788008e-02
   2.4836589e-02
   3.0219150e-02
   3.0809618e-02
   2.7769368e-02
   2.3813032e-02
   1.9499522e-02
   1.4326311e-02
   1.0266596e-02
   6.3863959e-03
   2.5418588e-03
   5.6524667e-04
  -4.7450001e-04
  -9.1663979e-04
  -8.9825063e-04
  -7.3549995e-04
  -4.9979846e-04
  -3.5816116e-04
   6.2445743e-03
   6.1243864e-03
   6.0841756e-03
   5.9136758e-03
   5.5731929e-03
   5.6177740e-03
   6.0848260e-03
   6.6271810e-03
   7.1215481e-03
   7.5198591e-03
   7.3713913e-03
   7.3526168e-03
   7.2832629e-03
   7.0396822e-03
   7.2164530e-03
   7.5156269e-03
   7.5768757e-03
   7.5852558e-03
   7.6278732e-03
   7.7268129e-03
   7.9727189e-03
   8.0925168e-03
   8.1065345e-03
   8.1524126e-03
   8.1666931e-03
   8.2074750e-03
   8.0079906e-03
   7.6790813e-03
   7.2869860e-03
   6.5271987e-03
   5.0755709e-03
   3.4469356e-03
   3.3365324e-03
   5.0019955e-03
   7.6361466e-03
   6.7988006e-03
   1.6365078e-03
  -4.1454602e-03
   0.0000000e+00
   0.0000000e+00
   0.0000000e+00
   0.0000000e+00
   0.0000000e+00
   0.0000000e+00
   0.0000000e+00
   0.0000000e+00
   2.6533604e-04
  -1.2568714e-02
  -1.5778712e-02
  -1.0693847e-02
   0.0000000e+00
   0.0000000e+00
   0.0000000e+00
   1.8412537e-02
   1.1900182e-02
   2.1230402e-02
   3.0257366e-02
   3.3287401e-02
   3.1870481e-02
   2.8327158e-02
   2.4178119e-02
   1.9267514e-02
   1.5351036e-02
   1.1703875e-02
   7.9504448e-03
   5.9652037e-03
   5.0543332e-03
   4.8850212e-03
   5.2690142e-03
   5.7304208e-03
   6.1319381e-03
   6.2660606e-03
   1.1452421e-02
   1.1398585e-02
   1.1404348e-02
   1.1419804e-02
   1.1385482e-02
   1.1387839e-02
   1.1742220e-02
   1.2554744e-02
   1.3191273e-02
   1.3791726e-02
   1.3880969e-02
   1.3745335e-02
   1.3407759e-02
   1.2834119e-02
   1.2555806e-02
   1.2424804e-02
   1.2109532e-02
   1.1707002e-02
   1.1399258e-02
   1.1176219e-02
   1.1268579e-02
   1.1374148e-02
   1.1499613e-02
   1.1722612e-02
   1.2094945e-02
   1.2555936e-02
   1.3016832e-02
   1.3565915e-02
   1.4093895e-02
   1.4386997e-02
   1.4103600e-02
   1.3242550e-02
   1.2706983e-02
   1.2868394e-02
   1.3579372e-02
   1.2074457e-02
   6.2577738e-03
  -4.1454602e-03
   0.0000000e+00
   0.0000000e+00
   0.0000000e+00
   0.0000000e+00
   0.0000000e+00
   0.0000000e+00
   0.0000000e+00
   0.0000000e+00
  -1.8239437e-02
  -2.0718115e-02
  -2.4524477e-02
  -1.8894988e-02
   0.0000000e+00
   0.0000000e+00
   0.0000000e+00
   3.4966147e-03
   1.0014321e-03
   1.1647955e-02
   2.3386665e-02
   2.9053370e-02
   2.9558990e-02
   2.7249485e-02
   2.3683491e-02
   1.9505111e-02
   1.6224547e-02
   1.3327307e-02
   1.0249017e-02
   8.6590917e-03
   8.1096829e-03
   8.3217015e-03
   9.0640234e-03
   9.8945925e-03
   1.0849182e-02
   1.1298947e-02
   1.5006580e-02
   1.5208285e-02
   1.5282759e-02
   1.5382366e-02
   1.5485132e-02
   1.5684054e-02
   1.6050347e-02
   1.6945913e-02
   1.7762192e-02
   1.8489022e-02
   1.8820697e-02
   1.8655066e-02
   1.8220535e-02
   1.7418981e-02
   1.6874616e-02
   1.6335735e-02
   1.5629274e-02
   1.4900216e-02
   1.4285235e-02
   1.3769411e-02
   1.3684681e-02
   1.3793414e-02
   1.4010496e-02
   1.4433611e-02
   1.5020408e-02
   1.5958523e-02
   1.7021033e-02
   1.8283861e-02
   1.9706137e-02
   2.0735869e-02
   2.1324072e-02
   2.1260183e-02
   2.0747503e-02
   2.0005077e-02
   1.9251701e-02
   1.7136321e-02
   1.1346670e-02
   0.0000000e+00
   0.0000000e+00
   0.0000000e+00
   0.0000000e+00
   0.0000000e+00
   0.0000000e+00
   0.0000000e+00
   0.0000000e+00
  -4.4850819e-02
  -2.4313545e-02
  -2.6813876e-02
  -3.1281169e-02
  -2.6603292e-02
  -1.2719184e-02
   1.3170922e-03
   1.0040595e-02
   9.4722066e-03
  -8.1248325e-03
   5.2279034e-04
   1.2723078e-02
   2.0609229e-02
   2.3384502e-02
   2.2801153e-02
   2.0364392e-02
   1.7195883e-02
   1.4863656e-02
   1.2869917e-02
   1.0868290e-02
   9.8493345e-03
   9.8808777e-03
   1.0555445e-02
   1.1529611e-02
   1.2530769e-02
   1.3863908e-02
   1.4585019e-02
   1.6865647e-02
   1.7390230e-02
   1.7650625e-02
   1.7900374e-02
   1.8067495e-02
   1.8457588e-02
   1.8912850e-02
   1.9892957e-02
   2.0800320e-02
   2.1650808e-02
   2.2172829e-02
   2.2089980e-02
   2.1627010e-02
   2.0708638e-02
   1.9937127e-02
   1.9003235e-02
   1.7969860e-02
   1.6947397e-02
   1.6112349e-02
   1.5227456e-02
   1.5007035e-02
   1.5035907e-02
   1.5565596e-02
   1.6112429e-02
   1.7004564e-02
   1.8329770e-02
   2.0112722e-02
   2.1979700e-02
   2.4390299e-02
   2.6005349e-02
   2.7365941e-02
   2.7974981e-02
   2.7749096e-02
   2.6558965e-02
   2.4777508e-02
   2.2026899e-02
   1.6635875e-02
   0.0000000e+00
   0.0000000e+00
   0.0000000e+00
   0.0000000e+00
   0.0000000e+00
   0.0000000e+00
   0.0000000e+00
   0.0000000e+00
  -3.7144390e-02
  -2.5141020e-02
  -3.0120252e-02
  -3.3947630e-02
  -3.1246765e-02
  -1.9532855e-02
  -7.7483620e-03
  -6.7227529e-05
   9.9764026e-04
  -1.0234877e-02
  -4.3296143e-03
   5.6951545e-03
   1.3503136e-02
   1.7773709e-02
   1.8350482e-02
   1.7078320e-02
   1.4771435e-02
   1.3089007e-02
   1.1811664e-02
   1.0595827e-02
   1.0118190e-02
   1.0582527e-02
   1.1684024e-02
   1.2724528e-02
   1.3845551e-02
   1.5307366e-02
   1.6252495e-02
   1.6406799e-02
   1.7191879e-02
   1.7813016e-02
   1.8247206e-02
   1.8711552e-02
   1.9215219e-02
   1.9867498e-02
   2.0878307e-02
   2.1790210e-02
   2.2666418e-02
   2.3369526e-02
   2.3433712e-02
   2.3049886e-02
   2.2082739e-02
   2.1122838e-02
   1.9839210e-02
   1.8526197e-02
   1.7283425e-02
   1.6324124e-02
   1.5107164e-02
   1.4793579e-02
   1.4747668e-02
   1.5694279e-02
   1.6394622e-02
   1.7677106e-02
   1.9347093e-02
   2.1837247e-02
   2.4213738e-02
   2.7623386e-02
   2.9737561e-02
   3.1773440e-02
   3.2907009e-02
   3.3187254e-02
   3.1800169e-02
   2.9258719e-02
   2.6025646e-02
   2.1596521e-02
   0.0000000e+00
   0.0000000e+00
   0.0000000e+00
   0.0000000e+00
   0.0000000e+00
   0.0000000e+00
   0.0000000e+00
  -0.0000000e+00
  -2.3383519e-02
  -2.4374850e-02
  -3.1271540e-02
  -3.4065914e-02
  -3.1994561e-02
  -2.4758035e-02
  -1.5531194e-02
  -8.6996498e-03
  -6.6573452e-03
  -6.2661849e-03
  -1.8775304e-03
   4.7242774e-03
   1.0608735e-02
   1.4636575e-02
   1.5444692e-02
   1.4781412e-02
   1.2879026e-02
   1.1319139e-02
   1.0163210e-02
   9.2190149e-03
   8.8581030e-03
   9.4888518e-03
   1.0704513e-02
   1.1832375e-02
   1.2860317e-02
   1.4464731e-02
   1.5484935e-02
   1.3621152e-02
   1.4640871e-02
   1.5719381e-02
   1.6360038e-02
   1.7304079e-02
   1.7920165e-02
   1.8770055e-02
   1.9818793e-02
   2.0607971e-02
   2.1440880e-02
   2.2045035e-02
   2.2353193e-02
   2.2061311e-02
   2.1288039e-02
   2.0122135e-02
   1.8738679e-02
   1.7046006e-02
   1.5768059e-02
   1.4720059e-02
   1.3483353e-02
   1.3052330e-02
   1.3085556e-02
   1.4219652e-02
   1.5282947e-02
   1.6959358e-02
   1.9094753e-02
   2.2003528e-02
   2.4783388e-02
   2.8996206e-02
   3.1503352e-02
   3.4127776e-02
   3.5580393e-02
   3.6476537e-02
   3.5047136e-02
   3.2288272e-02
   2.8700269e-02
   2.4781947e-02
   0.0000000e+00
   0.0000000e+00
   0.0000000e+00
   0.0000000e+00
   0.0000000e+00
   0.0000000e+00
   0.0000000e+00
  -0.0000000e+00
  -1.6262390e-02
  -2.4769552e-02
  -3.2199270e-02
  -3.4335315e-02
  -3.0445448e-02
  -2.4042892e-02
  -1.5752173e-02
  -8.7314262e-03
  -4.5664103e-03
  -1.6173129e-03
   2.8492174e-03
   6.8410016e-03
   1.0673186e-02
   1.3041035e-02
   1.3386796e-02
   1.2492081e-02
   1.0657776e-02
   8.8558084e-03
   7.4437740e-03
   6.2037291e-03
   5.6474904e-03
   6.0941582e-03
   7.1761399e-03
   8.4477233e-03
   9.3213864e-03
   1.1159431e-02
   1.2235028e-02
   9.5514721e-03
   1.0949455e-02
   1.2356804e-02
   1.3271364e-02
   1.4459097e-02
   1.5167161e-02
   1.6037570e-02
   1.7104261e-02
   1.7700245e-02
   1.8443980e-02
   1.8599051e-02
   1.9052888e-02
   1.8804717e-02
   1.8310424e-02
   1.7100365e-02
   1.5787217e-02
   1.4016091e-02
   1.2670460e-02
   1.1744824e-02
   1.0662441e-02
   1.0308865e-02
   1.0409997e-02
   1.1424331e-02
   1.2944262e-02
   1.4857094e-02
   1.7732900e-02
   2.0585863e-02
   2.3847609e-02
   2.8208453e-02
   3.1149491e-02
   3.4017314e-02
   3.5858644e-02
   3.7162221e-02
   3.6041836e-02
   3.3761741e-02
   3.0240444e-02
   2.8554906e-02
   0.0000000e+00
   0.0000000e+00
   0.0000000e+00
   0.0000000e+00
   0.0000000e+00
   0.0000000e+00
  -0.0000000e+00
  -1.3875751e-02
  -1.6309755e-02
  -2.6991295e-02
  -3.3586952e-02
  -3.5117393e-02
  -3.0675577e-02
  -2.4326646e-02
  -1.6252344e-02
  -8.8684420e-03
  -3.7282491e-03
   2.4264273e-04
   4.8242777e-03
   7.8796474e-03
   1.0134299e-02
   1.1254050e-02
   1.0765452e-02
   9.4286035e-03
   7.3923105e-03
   5.4331501e-03
   3.9031925e-03
   2.0719886e-03
   1.4202554e-03
   1.3943932e-03
   2.3826061e-03
   3.5345778e-03
   4.6456763e-03
   6.5433977e-03
   7.8755936e-03
   4.9455674e-03
   6.6027501e-03
   8.0799590e-03
   9.2182957e-03
   1.0460896e-02
   1.1231737e-02
   1.2022320e-02
   1.2941637e-02
   1.3480693e-02
   1.4046611e-02
   1.4038144e-02
   1.4215384e-02
   1.4073486e-02
   1.3438952e-02
   1.2506087e-02
   1.1280726e-02
   9.8890513e-03
   8.5992268e-03
   7.7969338e-03
   7.0422344e-03
   6.9174502e-03
   7.0372948e-03
   7.9144032e-03
   9.4422279e-03
   1.1521567e-02
   1.4719393e-02
   1.7607441e-02
   2.1192802e-02
   2.5388977e-02
   2.8754543e-02
   3.1479983e-02
   3.4058457e-02
   3.5435382e-02
   3.5050316e-02
   3.2906899e-02
   2.9914035e-02
   4.7316448e-02
   0.0000000e+00
   0.0000000e+00
   0.0000000e+00
   1.6608137e-02
  -4.1798085e-03
  -5.1496571e-03
  -1.0309168e-02
  -1.3628838e-02
  -1.9364263e-02
  -2.9607530e-02
  -3.4674385e-02
  -3.5798442e-02
  -3.1643162e-02
  -2.5568092e-02
  -1.7999294e-02
  -1.0296000e-02
  -5.0406700e-03
  -6.2142056e-04
   3.7741654e-03
   6.6791177e-03
   8.1341721e-03
   8.7989190e-03
   7.9093786e-03
   6.3524809e-03
   3.9062197e-03
   1.9274335e-03
   2.6887197e-04
  -1.5633763e-03
  -2.5487620e-03
  -2.9369963e-03
  -2.3230706e-03
  -1.4866925e-03
  -1.1222790e-04
   1.7512370e-03
   3.3073444e-03
  -1.1770745e-04
   1.5464648e-03
   2.8427509e-03
   3.9524295e-03
   5.2060975e-03
   5.9984337e-03
   6.7694081e-03
   7.5380025e-03
   8.1073028e-03
   8.7620287e-03
   8.8527322e-03
   8.9205896e-03
   8.7928011e-03
   8.0783483e-03
   7.4336931e-03
   6.4783641e-03
   5.4408882e-03
   4.5974794e-03
   3.7931139e-03
   3.5200145e-03
   3.4381777e-03
   3.6583761e-03
   4.4742305e-03
   5.7176197e-03
   7.8432053e-03
   1.0583972e-02
   1.3557862e-02
   1.6995434e-02
   2.1052813e-02
   2.4589490e-02
   2.7217150e-02
   3.0246230e-02
   3.2043811e-02
   3.1952794e-02
   3.0443492e-02
   2.6674133e-02
   3.4586415e-02
   0.0000000e+00
   0.0000000e+00
   4.7275062e-02
   1.3093359e-02
  -1.4710180e-03
  -4.2699808e-03
  -8.5731257e-03
  -1.4365786e-02
  -2.1924800e-02
  -2.9977721e-02
  -3.4166756e-02
  -3.4833527e-02
  -3.1590325e-02
  -2.6197505e-02
  -1.9604265e-02
  -1.2218776e-02
  -7.0282744e-03
  -2.7237304e-03
   1.5480522e-03
   4.1169511e-03
   5.3507963e-03
   5.6689794e-03
   4.8651124e-03
   3.2821363e-03
   7.8690384e-04
  -1.4954581e-03
  -3.2396990e-03
  -4.8480724e-03
  -6.1202645e-03
  -6.7364718e-03
  -6.7660026e-03
  -6.1652328e-03
  -5.0148548e-03
  -3.1403248e-03
  -1.4973955e-03
  -4.6385936e-03
  -3.1677431e-03
  -1.9821642e-03
  -9.4866407e-04
   1.7758227e-04
   8.8173178e-04
   1.5903671e-03
   2.3546242e-03
   2.8858641e-03
   3.4764604e-03
   3.9208066e-03
   4.1415886e-03
   4.1178141e-03
   3.6647864e-03
   3.2042375e-03
   2.6608242e-03
   2.0097678e-03
   1.6481402e-03
   1.2965043e-03
   9.8565543e-04
   9.8727613e-04
   1.1931790e-03
   2.0653210e-03
   3.5889160e-03
   5.3596514e-03
   7.7020107e-03
   1.0284814e-02
   1.3078291e-02
   1.6858590e-02
   1.9925495e-02
   2.2457069e-02
   2.5749491e-02
   2.7864599e-02
   2.8921456e-02
   2.9040571e-02
   2.5498925e-02
   2.2892853e-02
   2.5242593e-02
   2.5810932e-02
   2.4592566e-02
   1.3442240e-02
   7.5000771e-03
   1.4739420e-03
  -6.7376304e-03
  -1.4080468e-02
  -2.0978112e-02
  -2.7426553e-02
  -3.0843580e-02
  -3.1583112e-02
  -2.9054065e-02
  -2.4980068e-02
  -1.9659911e-02
  -1.2862340e-02
  -7.8672844e-03
  -3.7505082e-03
  -3.2341224e-06
   2.0175193e-03
   3.0447908e-03
   2.8327154e-03
   1.9776236e-03
   6.8579837e-04
  -1.7448552e-03
  -3.9472329e-03
  -5.8870677e-03
  -7.6918811e-03
  -8.8770683e-03
  -9.6994363e-03
  -1.0079378e-02
  -9.8124943e-03
  -9.0404878e-03
  -7.3294093e-03
  -5.8075546e-03
  -8.5590113e-03
  -7.5033891e-03
  -6.4587999e-03
  -5.3369704e-03
  -4.1943933e-03
  -3.4577992e-03
  -2.7977743e-03
  -2.0265924e-03
  -1.4875249e-03
  -9.3081776e-04
  -1.4435753e-04
   2.6378748e-04
   4.0418754e-04
   4.2515102e-04
   3.0037803e-04
   1.9239476e-04
   2.4827840e-04
   4.4837284e-04
   6.4741332e-04
   6.6549341e-04
   5.6663070e-04
   7.3411070e-04
   1.6279155e-03
   2.9753787e-03
   4.6385708e-03
   7.0456681e-03
   9.5229012e-03
   1.2172506e-02
   1.5416172e-02
   1.8071942e-02
   2.0918252e-02
   2.4460037e-02
   2.7009012e-02
   2.9136946e-02
   3.0252570e-02
   2.9135015e-02
   2.7132313e-02
   2.6224550e-02
   2.6427672e-02
   2.5680595e-02
   2.1734371e-02
   1.5781549e-02
   7.6394504e-03
  -2.8683970e-03
  -1.0544501e-02
  -1.6767464e-02
  -2.2275980e-02
  -2.5176268e-02
  -2.6272687e-02
  -2.4901153e-02
  -2.2118522e-02
  -1.8397351e-02
  -1.3151752e-02
  -8.8527534e-03
  -5.2617017e-03
  -2.0757374e-03
  -3.7126259e-04
   3.0584574e-04
  -5.5331394e-05
  -9.5633802e-04
  -2.2794577e-03
  -4.4941579e-03
  -6.4331230e-03
  -8.2743242e-03
  -1.0018790e-02
  -1.1129909e-02
  -1.2080276e-02
  -1.2704036e-02
  -1.2653383e-02
  -1.2102847e-02
  -1.0775371e-02
  -9.5713175e-03
  -1.0724819e-02
  -9.8995108e-03
  -9.1170486e-03
  -8.1833234e-03
  -7.0422332e-03
  -6.2150298e-03
  -5.4880730e-03
  -4.8194326e-03
  -4.2580111e-03
  -3.5359385e-03
  -2.6913628e-03
  -2.1707271e-03
  -1.8224549e-03
  -1.5259593e-03
  -1.1928344e-03
  -8.0271107e-04
  -2.9517233e-04
   2.6595188e-04
   7.7993278e-04
   1.2047142e-03
   1.5833833e-03
   2.0561402e-03
   2.7939343e-03
   3.7693064e-03
   5.1613240e-03
   7.4996624e-03
   9.8343754e-03
   1.2213091e-02
   1.5142171e-02
   1.7698696e-02
   2.0369718e-02
   2.3539565e-02
   2.5924134e-02
   2.7932630e-02
   2.9315977e-02
   2.9666716e-02
   2.9789741e-02
   2.9508316e-02
   2.8688127e-02
   2.6768746e-02
   2.1988677e-02
   1.6098148e-02
   9.1458707e-03
   5.2878486e-04
  -5.8877684e-03
  -1.1222890e-02
  -1.6133438e-02
  -1.8939022e-02
  -2.0375073e-02
  -2.0203975e-02
  -1.8708921e-02
  -1.6386887e-02
  -1.3017961e-02
  -1.0096582e-02
  -7.4445362e-03
  -5.0506612e-03
  -3.7447210e-03
  -3.1092246e-03
  -3.2219287e-03
  -3.9110497e-03
  -4.9270926e-03
  -6.5937202e-03
  -8.1680398e-03
  -9.6535765e-03
  -1.1172308e-02
  -1.2187447e-02
  -1.3142390e-02
  -1.3815254e-02
  -1.3791970e-02
  -1.3324657e-02
  -1.2369652e-02
  -1.1526285e-02
  -1.0601062e-02
  -9.9313037e-03
  -9.2816678e-03
  -8.5633980e-03
  -7.5696735e-03
  -6.8072227e-03
  -6.1454006e-03
  -5.4984114e-03
  -4.9430732e-03
  -4.3427390e-03
  -3.5654030e-03
  -2.8946378e-03
  -2.2884818e-03
  -1.7060941e-03
  -1.2077355e-03
  -5.8069261e-04
   2.7463197e-04
   9.9031039e-04
   1.7303813e-03
   2.5300864e-03
   3.1422460e-03
   3.7638829e-03
   4.5897496e-03
   5.4972568e-03
   6.6536630e-03
   8.3276636e-03
   9.8338909e-03
   1.1421050e-02
   1.3511427e-02
   1.5459353e-02
   1.7426789e-02
   1.9579342e-02
   2.1228596e-02
   2.2688880e-02
   2.3788692e-02
   2.4096573e-02
   2.4104250e-02
   2.3515853e-02
   2.2264422e-02
   2.0181139e-02
   1.6518671e-02
   1.2691087e-02
   8.5023627e-03
   3.2881770e-03
  -9.1297419e-04
  -4.7129726e-03
  -8.4036201e-03
  -1.0654389e-02
  -1.2146760e-02
  -1.2777039e-02
  -1.2442040e-02
  -1.1610844e-02
  -1.0283458e-02
  -9.0351872e-03
  -7.8129548e-03
  -6.5735978e-03
  -5.8023350e-03
  -5.3311816e-03
  -5.2572080e-03
  -5.5414343e-03
  -6.0728246e-03
  -6.9523415e-03
  -7.8612777e-03
  -8.8326485e-03
  -1.0005186e-02
  -1.0926967e-02
  -1.1726925e-02
  -1.2347280e-02
  -1.2477898e-02
  -1.2248001e-02
  -1.1662513e-02
  -1.1116976e-02
  -7.1353769e-03
  -6.6063968e-03
  -6.1157691e-03
  -5.5983670e-03
  -4.9414541e-03
  -4.3782398e-03
  -3.8175245e-03
  -3.1536888e-03
  -2.5862312e-03
  -2.0161495e-03
  -1.3167437e-03
  -7.2148557e-04
  -1.5151705e-04
   5.3547090e-04
   1.1556437e-03
   1.8086169e-03
   2.6116859e-03
   3.3034790e-03
   3.9954284e-03
   4.8183260e-03
   5.5153183e-03
   6.2241453e-03
   7.1017761e-03
   7.8499350e-03
   8.6128032e-03
   9.5411419e-03
   1.0297590e-02
   1.1058853e-02
   1.1956493e-02
   1.2704045e-02
   1.3437809e-02
   1.4213308e-02
   1.4746249e-02
   1.5106006e-02
   1.5237121e-02
   1.5078400e-02
   1.4718754e-02
   1.3969685e-02
   1.3073473e-02
   1.1960147e-02
   1.0329674e-02
   8.7510996e-03
   7.0742806e-03
   5.0114699e-03
   3.3071078e-03
   1.6618048e-03
  -1.5367293e-04
  -1.4800306e-03
  -2.6138728e-03
  -3.6555879e-03
  -4.2563602e-03
  -4.6626341e-03
  -4.9539242e-03
  -5.0915061e-03
  -5.1785831e-03
  -5.2550069e-03
  -5.3231734e-03
  -5.4194415e-03
  -5.5910638e-03
  -5.8020180e-03
  -6.0664695e-03
  -6.4332600e-03
  -6.7707912e-03
  -7.1287233e-03
  -7.5510344e-03
  -7.8592576e-03
  -8.0901637e-03
  -8.2191961e-03
  -8.1916283e-03
  -8.0544315e-03
  -7.7841301e-03
  -7.4913968e-03
