   1.0963425e+00   1.1163344e+00   1.1377597e+00   1.1637964e+00   1.1850041e+00   1.2062490e+00   1.2318236e+00   1.2526662e+00   1.2728263e+00   1.2951487e+00   1.3115090e+00   1.3253018e+00   1.3377762e+00   1.3445147e+00   1.3475320e+00   1.3461509e+00   1.3413747e+00   1.3332226e+00   1.3181715e+00   1.3016034e+00   1.2822386e+00   1.2551884e+00   1.2299658e+00   1.2030571e+00   1.1685345e+00   1.1375047e+00   1.1049185e+00   1.0640246e+00   1.0282008e+00   9.9048324e-01   9.4176536e-01   8.9835498e-01   8.5262858e-01   7.9554729e-01   7.4731829e-01   7.0000367e-01   6.4621529e-01   6.0531016e-01   5.6845728e-01   5.3299567e-01   5.1270308e-01   5.0091027e-01   4.9728691e-01   5.0178980e-01   5.1213795e-01   5.3107435e-01   5.5093077e-01   5.7386346e-01   6.0426846e-01   6.3075496e-01   6.5747951e-01   6.8964586e-01   7.1648620e-01   7.4321957e-01   7.7406821e-01   7.9787282e-01   8.1961396e-01   8.4373241e-01   8.6227100e-01   8.8006173e-01   9.0082067e-01   9.1665422e-01   9.3122894e-01   9.4868299e-01   9.6329716e-01   9.7783546e-01   9.9566588e-01   1.0106695e+00   1.0254423e+00   1.0430069e+00   1.0582232e+00   1.0747697e+00
   1.8486323e+00   1.8757443e+00   1.9041554e+00   1.9370810e+00   1.9606274e+00   1.9808179e+00   2.0041423e+00   2.0262406e+00   2.0504134e+00   2.0809631e+00   2.1052258e+00   2.1251335e+00   2.1405611e+00   2.1493359e+00   2.1553683e+00   2.1519983e+00   2.1348109e+00   2.1044364e+00   2.0549526e+00   2.0094767e+00   1.9639970e+00   1.9056085e+00   1.8520420e+00   1.7965645e+00   1.7258564e+00   1.6643049e+00   1.6033231e+00   1.5342488e+00   1.4788785e+00   1.4233371e+00   1.3514025e+00   1.2864827e+00   1.2199018e+00   1.1400256e+00   1.0728054e+00   1.0060432e+00   9.2757046e-01   8.6430532e-01   8.0440265e-01   7.4256909e-01   7.0732152e-01   6.9256490e-01   7.0636094e-01   7.3925745e-01   7.8453195e-01   8.5002041e-01   9.1039014e-01   9.7399855e-01   1.0489107e+00   1.1050339e+00   1.1551367e+00   1.2083681e+00   1.2472266e+00   1.2802647e+00   1.3114302e+00   1.3328724e+00   1.3520405e+00   1.3748422e+00   1.3941103e+00   1.4131981e+00   1.4383759e+00   1.4650106e+00   1.4982822e+00   1.5458605e+00   1.5878800e+00   1.6286466e+00   1.6732258e+00   1.7050509e+00   1.7330731e+00   1.7659260e+00   1.7933221e+00   1.8189758e+00
   2.0327163e+00   2.0470810e+00   2.0555944e+00   2.0589499e+00   2.0632780e+00   2.0751710e+00   2.0997722e+00   2.1223259e+00   2.1399057e+00   2.1553981e+00   2.1678071e+00   2.1812947e+00   2.1973784e+00   2.2032094e+00   2.1946328e+00   2.1556864e+00   2.1027818e+00   2.0386412e+00   1.9558942e+00   1.8877517e+00   1.8185271e+00   1.7351193e+00   1.6727161e+00   1.6151389e+00   1.5448959e+00   1.4840360e+00   1.4243889e+00   1.3613853e+00   1.3144535e+00   1.2679882e+00   1.2046382e+00   1.1412529e+00   1.0697392e+00   9.7699559e-01   8.9575714e-01   8.1368178e-01   7.1792841e-01   6.4633363e-01   5.8493900e-01   5.3526062e-01   5.2189291e-01   5.3840536e-01   5.9891403e-01   6.7053837e-01   7.4841660e-01   8.4390551e-01   9.2105430e-01   9.9133313e-01   1.0615712e+00   1.1068368e+00   1.1432477e+00   1.1778523e+00   1.1975003e+00   1.2089930e+00   1.2190686e+00   1.2295403e+00   1.2408531e+00   1.2493954e+00   1.2523395e+00   1.2588499e+00   1.2878578e+00   1.3380219e+00   1.4067810e+00   1.4960657e+00   1.5697329e+00   1.6445656e+00   1.7346375e+00   1.8042529e+00   1.8664366e+00   1.9297738e+00   1.9727912e+00   2.0058784e+00
   1.4262406e+00   1.4506226e+00   1.4509163e+00   1.4332583e+00   1.4179754e+00   1.4136546e+00   1.4275558e+00   1.4431438e+00   1.4585432e+00   1.4810909e+00   1.4971817e+00   1.5093684e+00   1.5238445e+00   1.5208583e+00   1.4885501e+00   1.4223375e+00   1.3713007e+00   1.3283633e+00   1.2756404e+00   1.2294619e+00   1.1726872e+00   1.0842661e+00   1.0120804e+00   9.5391214e-01   9.0106773e-01   8.6701733e-01   8.3237177e-01   7.8354287e-01   7.4796247e-01   7.2379124e-01   6.9803256e-01   6.6611737e-01   6.1577427e-01   5.3527898e-01   4.6226901e-01   3.8792893e-01   2.9953444e-01   2.4726777e-01   2.3891038e-01   2.8440034e-01   3.5207012e-01   4.4247085e-01   5.7096469e-01   6.7739904e-01   7.7497876e-01   8.6798668e-01   9.1322696e-01   9.4037867e-01   9.6224213e-01   9.6081501e-01   9.4030476e-01   9.0627682e-01   8.7564129e-01   8.4803283e-01   8.2323170e-01   8.0809206e-01   7.9190916e-01   7.7448612e-01   7.7176178e-01   7.9115379e-01   8.4597093e-01   9.0643126e-01   9.6585149e-01   1.0188884e+00   1.0498680e+00   1.0791017e+00   1.1034321e+00   1.1185811e+00   1.1530502e+00   1.2299714e+00   1.3017014e+00   1.3657695e+00
   8.4682900e-01   8.0178779e-01   7.6844943e-01   7.5384879e-01   7.4580640e-01   7.4789101e-01   7.6922256e-01   7.7210027e-01   7.5905663e-01   7.4353057e-01   7.2725356e-01   7.0763719e-01   6.5529740e-01   5.6352359e-01   4.6364960e-01   4.3045723e-01   4.8453945e-01   5.5156904e-01   6.2981510e-01   6.9376683e-01   7.3575312e-01   7.3650461e-01   7.2048575e-01   7.0754230e-01   6.8976343e-01   6.8079990e-01   6.7477989e-01   6.5438998e-01   6.3843411e-01   6.3941675e-01   6.5780604e-01   6.8040013e-01   6.9243461e-01   6.9207108e-01   7.1547914e-01   7.5868344e-01   8.0259442e-01   8.4215188e-01   8.9845592e-01   9.8816359e-01   1.0755233e+00   1.1668108e+00   1.2650414e+00   1.3290113e+00   1.3829147e+00   1.4299479e+00   1.4351958e+00   1.4173535e+00   1.3903189e+00   1.3506925e+00   1.2883960e+00   1.1962317e+00   1.1192610e+00   1.0588539e+00   1.0188868e+00   1.0026569e+00   9.9148208e-01   9.8283869e-01   9.7895551e-01   9.8059434e-01   1.0027008e+00   1.0254283e+00   1.0404589e+00   1.0502748e+00   1.0423921e+00   1.0174690e+00   9.8085165e-01   9.4454598e-01   9.1742951e-01   9.2848080e-01   9.3522060e-01   9.0458488e-01
   2.1217756e+00   2.1426816e+00   2.1335711e+00   2.1033390e+00   2.0748162e+00   2.0451038e+00   2.0188379e+00   1.9989052e+00   1.9660283e+00   1.9198616e+00   1.8948092e+00   1.8977389e+00   1.9408672e+00   1.9888728e+00   2.0380318e+00   2.0992689e+00   2.1508598e+00   2.2002151e+00   2.2602696e+00   2.3049269e+00   2.3245099e+00   2.3106287e+00   2.2770734e+00   2.2339962e+00   2.1774988e+00   2.1223922e+00   2.0541358e+00   1.9645959e+00   1.9018900e+00   1.8557577e+00   1.8129292e+00   1.7870901e+00   1.7664490e+00   1.7540618e+00   1.7729964e+00   1.8078034e+00   1.8502481e+00   1.8973051e+00   1.9528321e+00   2.0182631e+00   2.0794420e+00   2.1528375e+00   2.2470961e+00   2.3154643e+00   2.3627186e+00   2.3969426e+00   2.4052277e+00   2.3907580e+00   2.3634686e+00   2.3360882e+00   2.2997341e+00   2.2517786e+00   2.2154548e+00   2.1958992e+00   2.2018402e+00   2.2138109e+00   2.2272282e+00   2.2396481e+00   2.2406023e+00   2.2394931e+00   2.2363865e+00   2.2283671e+00   2.2111578e+00   2.1785033e+00   2.1390450e+00   2.0763702e+00   1.9812073e+00   1.9134645e+00   1.8622327e+00   1.8603768e+00   1.9393277e+00   2.0428669e+00
   3.5467691e+00   3.7064145e+00   3.8077538e+00   3.8477755e+00   3.8365400e+00   3.8002295e+00   3.7359908e+00   3.6871307e+00   3.6503797e+00   3.6226380e+00   3.6276071e+00   3.6648357e+00   3.7392769e+00   3.8125298e+00   3.8805814e+00   3.9532847e+00   4.0148735e+00   4.0706053e+00   4.1216631e+00   4.1361933e+00   4.1175065e+00   4.0647283e+00   3.9933794e+00   3.9043350e+00   3.7962184e+00   3.6981120e+00   3.5924416e+00   3.4665694e+00   3.3636930e+00   3.2638459e+00   3.1514304e+00   3.0741906e+00   3.0112069e+00   2.9738827e+00   2.9774106e+00   2.9885077e+00   3.0168276e+00   3.0577571e+00   3.1049585e+00   3.1566637e+00   3.1938858e+00   3.2432961e+00   3.3239906e+00   3.3958356e+00   3.4575207e+00   3.5022871e+00   3.5180252e+00   3.5151107e+00   3.4972599e+00   3.4842334e+00   3.4818408e+00   3.4941196e+00   3.5124726e+00   3.5450690e+00   3.6051462e+00   3.6492074e+00   3.6833463e+00   3.7281477e+00   3.7638073e+00   3.7885137e+00   3.7985458e+00   3.7929640e+00   3.7795141e+00   3.7483892e+00   3.7076085e+00   3.6446245e+00   3.5102305e+00   3.3851376e+00   3.2678854e+00   3.1425138e+00   3.1571512e+00   3.3124256e+00
   5.0026813e+00   5.2134504e+00   5.3756294e+00   5.4633474e+00   5.4471540e+00   5.3850513e+00   5.2848682e+00   5.2095013e+00   5.1649580e+00   5.1605358e+00   5.2003498e+00   5.2700872e+00   5.3757982e+00   5.4774222e+00   5.5770931e+00   5.6735129e+00   5.7362595e+00   5.7836242e+00   5.8013949e+00   5.7679272e+00   5.6993032e+00   5.5935726e+00   5.4911232e+00   5.3777728e+00   5.2365656e+00   5.1213660e+00   5.0126405e+00   4.8753967e+00   4.7463598e+00   4.6089530e+00   4.4417944e+00   4.3144813e+00   4.2100973e+00   4.1340852e+00   4.1021609e+00   4.0730448e+00   4.0572600e+00   4.0727053e+00   4.1083660e+00   4.1607003e+00   4.1960464e+00   4.2393823e+00   4.3132501e+00   4.3903894e+00   4.4783478e+00   4.5692205e+00   4.6178336e+00   4.6400619e+00   4.6525874e+00   4.6708598e+00   4.7081566e+00   4.7759295e+00   4.8409252e+00   4.9107523e+00   5.0070395e+00   5.0951967e+00   5.1792808e+00   5.2672725e+00   5.3247261e+00   5.3678231e+00   5.3958225e+00   5.4032378e+00   5.4113498e+00   5.4286118e+00   5.4383545e+00   5.4319224e+00   5.3498292e+00   5.2408261e+00   5.1069303e+00   4.8935690e+00   4.7852230e+00   4.8115206e+00
   6.5327811e+00   6.6752526e+00   6.8100533e+00   6.8298273e+00   6.7041122e+00   6.5558562e+00   6.4255834e+00   6.3555014e+00   6.3168311e+00   6.3334780e+00   6.3960397e+00   6.4925971e+00   6.6362343e+00   6.7639114e+00   6.8767500e+00   6.9793239e+00   7.0404111e+00   7.0696392e+00   7.0392122e+00   6.9687291e+00   6.8725481e+00   6.7298422e+00   6.6024563e+00   6.4765468e+00   6.3266950e+00   6.2112310e+00   6.1098375e+00   5.9652762e+00   5.8134954e+00   5.6481886e+00   5.4432817e+00   5.2835668e+00   5.1488280e+00   5.0296159e+00   4.9568085e+00   4.8918710e+00   4.8317432e+00   4.8139633e+00   4.8281183e+00   4.8698869e+00   4.9131841e+00   4.9710832e+00   5.0643849e+00   5.1531642e+00   5.2488456e+00   5.3665957e+00   5.4547408e+00   5.5229893e+00   5.5993333e+00   5.6649630e+00   5.7362151e+00   5.8357234e+00   5.9257004e+00   6.0219746e+00   6.1494241e+00   6.2706520e+00   6.3975315e+00   6.5354171e+00   6.6239058e+00   6.6941242e+00   6.7611704e+00   6.8004662e+00   6.8411469e+00   6.9240403e+00   7.0132114e+00   7.1026087e+00   7.1014509e+00   7.0262991e+00   6.9197512e+00   6.7281322e+00   6.5921861e+00   6.4965782e+00
   7.7715483e+00   7.8112884e+00   7.8780041e+00   7.7732558e+00   7.4214564e+00   7.0926690e+00   6.9091983e+00   6.8896266e+00   6.9007349e+00   6.9604173e+00   7.0611616e+00   7.1988597e+00   7.3846602e+00   7.5246258e+00   7.6332564e+00   7.7246275e+00   7.7748580e+00   7.7892761e+00   7.7426887e+00   7.6609912e+00   7.5554495e+00   7.4033918e+00   7.2743264e+00   7.1512146e+00   7.0125227e+00   6.8971540e+00   6.7831712e+00   6.6216116e+00   6.4592821e+00   6.2890835e+00   6.0852060e+00   5.9209039e+00   5.7625127e+00   5.5939555e+00   5.4756869e+00   5.3812766e+00   5.2903180e+00   5.2419055e+00   5.2248392e+00   5.2415471e+00   5.2849100e+00   5.3568821e+00   5.4665098e+00   5.5671933e+00   5.6685038e+00   5.7963796e+00   5.9128687e+00   6.0329976e+00   6.1729889e+00   6.2795822e+00   6.3766212e+00   6.5010009e+00   6.6150138e+00   6.7356114e+00   6.8842096e+00   7.0124623e+00   7.1503983e+00   7.3136082e+00   7.4368268e+00   7.5374012e+00   7.6510935e+00   7.7298055e+00   7.8205099e+00   7.9532123e+00   8.1727114e+00   8.3719683e+00   8.3155823e+00   8.1655073e+00   8.1087732e+00   8.0643702e+00   7.9880629e+00   7.8571811e+00
   8.3856487e+00   8.3390608e+00   8.4625874e+00   8.3519325e+00   7.7526755e+00   7.2306404e+00   6.9653559e+00   7.0156755e+00   7.1032925e+00   7.2222457e+00   7.3487911e+00   7.4994392e+00   7.6745095e+00   7.7885752e+00   7.8823519e+00   7.9478631e+00   7.9758148e+00   7.9640427e+00   7.9142981e+00   7.8272519e+00   7.7170949e+00   7.5722370e+00   7.4494705e+00   7.3312440e+00   7.1922607e+00   7.0884323e+00   6.9741673e+00   6.8277159e+00   6.6761808e+00   6.5210781e+00   6.3283186e+00   6.1717768e+00   6.0067401e+00   5.7990828e+00   5.6390915e+00   5.5061889e+00   5.3971591e+00   5.3240027e+00   5.2778325e+00   5.2566829e+00   5.2885842e+00   5.3579731e+00   5.4690509e+00   5.5744677e+00   5.6828065e+00   5.8357954e+00   5.9748755e+00   6.1393042e+00   6.3164940e+00   6.4553862e+00   6.5747275e+00   6.7255969e+00   6.8597469e+00   6.9871387e+00   7.1462851e+00   7.2668419e+00   7.4098239e+00   7.5627470e+00   7.7134113e+00   7.8327684e+00   7.9884338e+00   8.1027279e+00   8.2077255e+00   8.3981113e+00   8.6166881e+00   8.8877787e+00   8.5942469e+00   8.3681269e+00   8.3385353e+00   8.4814396e+00   8.5802555e+00   8.4951696e+00
   8.2607174e+00   8.2120504e+00   8.6623020e+00   8.5970297e+00   7.8698673e+00   7.2880564e+00   7.0221815e+00   7.1181035e+00   7.2657776e+00   7.4239640e+00   7.5355134e+00   7.6513386e+00   7.7485571e+00   7.8018241e+00   7.8465395e+00   7.8455434e+00   7.8184414e+00   7.7489967e+00   7.6574402e+00   7.5468884e+00   7.4222183e+00   7.2826409e+00   7.1673346e+00   7.0567579e+00   6.9128842e+00   6.8190308e+00   6.7177639e+00   6.5939026e+00   6.4702663e+00   6.3432045e+00   6.1659050e+00   6.0132771e+00   5.8482666e+00   5.6333680e+00   5.4541798e+00   5.2932777e+00   5.1625428e+00   5.0659676e+00   4.9968038e+00   4.9393435e+00   4.9538851e+00   5.0059929e+00   5.1039219e+00   5.2102318e+00   5.3263168e+00   5.5133071e+00   5.6732364e+00   5.8577995e+00   6.0530272e+00   6.2065287e+00   6.3446407e+00   6.5060301e+00   6.6407037e+00   6.7625728e+00   6.9172549e+00   7.0428610e+00   7.1850314e+00   7.3317170e+00   7.4957666e+00   7.6283703e+00   7.8262959e+00   7.9540186e+00   8.0479393e+00   8.2395868e+00   8.3573151e+00   5.3552122e+00   8.4037743e+00   8.1299419e+00   8.0406160e+00   8.2228470e+00   8.4363489e+00   8.3811522e+00
   7.4847898e+00   7.5681281e+00   8.5701351e+00   8.4845943e+00   7.8351073e+00   7.3846655e+00   7.2359800e+00   7.3117661e+00   7.4572515e+00   7.5924039e+00   7.6504440e+00   7.6990895e+00   7.6935220e+00   7.6757631e+00   7.6302605e+00   7.5200438e+00   7.4002609e+00   7.2516041e+00   7.0820799e+00   6.9399090e+00   6.7951136e+00   6.6507950e+00   6.5453820e+00   6.4484129e+00   6.3180237e+00   6.2185345e+00   6.1215148e+00   5.9890528e+00   5.9007978e+00   5.8108287e+00   5.6704626e+00   5.5220890e+00   5.3517938e+00   5.1544418e+00   4.9779825e+00   4.8152671e+00   4.6493297e+00   4.5297141e+00   4.4369869e+00   4.3566585e+00   4.3472719e+00   4.3730297e+00   4.4470153e+00   4.5574293e+00   4.6905894e+00   4.9003215e+00   5.0742836e+00   5.2481251e+00   5.4516854e+00   5.5961308e+00   5.7435970e+00   5.8937588e+00   6.0143452e+00   6.1362467e+00   6.2750621e+00   6.4224648e+00   6.5499010e+00   6.7247314e+00   6.8872900e+00   7.0379949e+00   7.2659283e+00   7.3769360e+00   7.4752717e+00   7.5447006e+00   7.5719971e+00   7.4563202e+00   8.2589149e+00   7.9061480e+00   7.7128935e+00   7.7499609e+00   7.8497925e+00   7.7188516e+00
   5.9739561e+00   6.3412993e+00   7.9810649e+00   8.0637851e+00   7.7655597e+00   7.6291819e+00   7.5325081e+00   7.4703723e+00   7.4559361e+00   7.4343323e+00   7.3786440e+00   7.2995457e+00   7.1845775e+00   7.0601529e+00   6.9065855e+00   6.6890841e+00   6.4883439e+00   6.2848493e+00   6.0684941e+00   5.9339568e+00   5.8129202e+00   5.6667757e+00   5.5456550e+00   5.4253748e+00   5.2911295e+00   5.2005907e+00   5.1351484e+00   5.0630496e+00   4.9922812e+00   4.9141808e+00   4.7971526e+00   4.6746757e+00   4.5284001e+00   4.3344883e+00   4.1691644e+00   3.9997415e+00   3.8083994e+00   3.6738669e+00   3.5602481e+00   3.4600839e+00   3.4097211e+00   3.3973245e+00   3.4616321e+00   3.5884437e+00   3.7483935e+00   3.9469164e+00   4.1130736e+00   4.2711353e+00   4.4460990e+00   4.5874879e+00   4.7255801e+00   4.8698044e+00   4.9759745e+00   5.0973669e+00   5.2625348e+00   5.4050385e+00   5.5479460e+00   5.7348334e+00   5.9095619e+00   6.0918188e+00   6.2771909e+00   6.3780735e+00   6.4251057e+00   6.3475988e+00   6.5955645e+00   7.4563201e+00   7.3018774e+00   6.9961569e+00   6.8952118e+00   6.7877258e+00   6.6756033e+00   6.3943914e+00
   3.5442533e+00   4.1905856e+00   6.0632129e+00   6.2772727e+00   6.0303741e+00   6.0491085e+00   6.3436360e+00   6.3435931e+00   6.2915835e+00   6.2062511e+00   6.1163297e+00   5.9940982e+00   5.7927709e+00   5.5968876e+00   5.3921347e+00   5.1527801e+00   4.9612646e+00   4.7744231e+00   4.5665288e+00   4.4177852e+00   4.2760792e+00   4.1119304e+00   3.9943571e+00   3.8958271e+00   3.8042586e+00   3.7471352e+00   3.6988316e+00   3.6466351e+00   3.6023495e+00   3.5541773e+00   3.4864120e+00   3.4054246e+00   3.2899165e+00   3.1165864e+00   2.9593883e+00   2.7952085e+00   2.6054876e+00   2.4581578e+00   2.3302526e+00   2.2091451e+00   2.1365819e+00   2.1098108e+00   2.1691685e+00   2.2815497e+00   2.4176238e+00   2.5822732e+00   2.7224200e+00   2.8632176e+00   3.0256417e+00   3.1602767e+00   3.2948582e+00   3.4455273e+00   3.5756094e+00   3.7267976e+00   3.9150877e+00   4.0705481e+00   4.2304230e+00   4.4296117e+00   4.5905228e+00   4.7302871e+00   4.8554544e+00   4.8960495e+00   4.8541069e+00   4.6739526e+00   4.6516981e+00   5.1646519e+00   5.2302904e+00   5.2771578e+00   5.3082228e+00   5.1147981e+00   4.7924385e+00   4.3158450e+00
   1.8930523e+00   2.8303409e+00   4.5089998e+00   4.8161983e+00   4.6615725e+00   4.5870113e+00   4.9405041e+00   4.9459777e+00   4.8791871e+00   4.7593541e+00   4.6290722e+00   4.4644756e+00   4.2277718e+00   4.0224390e+00   3.8251386e+00   3.5975468e+00   3.4137518e+00   3.2431889e+00   3.0643482e+00   2.9395351e+00   2.8227961e+00   2.6903579e+00   2.5994971e+00   2.5200133e+00   2.4466441e+00   2.4052398e+00   2.3731165e+00   2.3492696e+00   2.3358166e+00   2.3183625e+00   2.2890551e+00   2.2423759e+00   2.1661718e+00   2.0372539e+00   1.8997238e+00   1.7442307e+00   1.5584723e+00   1.4068296e+00   1.2695503e+00   1.1332680e+00   1.0494483e+00   1.0092990e+00   1.0376447e+00   1.1136011e+00   1.2202877e+00   1.3603987e+00   1.4843686e+00   1.6093166e+00   1.7607945e+00   1.8944788e+00   2.0365880e+00   2.2179756e+00   2.3834789e+00   2.5595777e+00   2.7675831e+00   2.9377508e+00   3.1068153e+00   3.2853749e+00   3.3962212e+00   3.4765830e+00   3.5331268e+00   3.5181839e+00   3.4184999e+00   3.2014239e+00   3.1440821e+00   3.2950785e+00   3.2841067e+00   3.5466671e+00   3.6603420e+00   3.4822032e+00   3.2496355e+00   3.0049732e+00
   1.1206160e+00   2.2432362e+00   3.0143161e+00   3.2910490e+00   3.2554910e+00   3.0946693e+00   3.4011655e+00   3.4022899e+00   3.3288200e+00   3.1805258e+00   3.0206680e+00   2.8341563e+00   2.5911384e+00   2.3958766e+00   2.2166216e+00   2.0146394e+00   1.8707759e+00   1.7649734e+00   1.6922303e+00   1.6624122e+00   1.6327443e+00   1.5929686e+00   1.5710233e+00   1.5475992e+00   1.5294603e+00   1.5239369e+00   1.5207250e+00   1.5305109e+00   1.5417888e+00   1.5428586e+00   1.5276146e+00   1.4945167e+00   1.4363852e+00   1.3309768e+00   1.2130599e+00   1.0860244e+00   9.5367599e-01   8.6414015e-01   7.9736066e-01   7.3798597e-01   7.0517325e-01   6.9555151e-01   7.2168803e-01   7.6881480e-01   8.2670277e-01   8.9399123e-01   9.5054215e-01   9.9541759e-01   1.0278957e+00   1.0428867e+00   1.0529755e+00   1.1013649e+00   1.2916861e+00   1.5040828e+00   1.7394432e+00   1.9172606e+00   2.0713856e+00   2.1917570e+00   2.2317417e+00   2.2402554e+00   2.2347231e+00   2.2333221e+00   2.2674594e+00   2.3838406e+00   2.5273800e+00   2.3363018e+00   1.8021808e+00   1.9046175e+00   2.1002569e+00   2.3424571e+00   2.7480328e+00   2.5792095e+00
   8.2144833e-01   2.4033656e+00   1.5779948e+00   1.7122330e+00   1.8141000e+00   1.5996181e+00   1.7923241e+00   1.7853390e+00   1.7108020e+00   1.5376429e+00   1.3596917e+00   1.1710026e+00   9.4431773e-01   7.7131970e-01   6.1401719e-01   4.4682741e-01   3.7239474e-01   3.7545345e-01   4.7678143e-01   6.0288963e-01   7.1226029e-01   8.1549964e-01   8.9829449e-01   9.6466738e-01   1.0376218e+00   1.0877796e+00   1.1248463e+00   1.1715950e+00   1.2008245e+00   1.2083940e+00   1.1849165e+00   1.1462235e+00   1.0848932e+00   9.8043202e-01   8.8048179e-01   7.9949254e-01   7.6558772e-01   7.9837717e-01   8.7512416e-01   9.7694507e-01   1.0514821e+00   1.1128979e+00   1.1665159e+00   1.1947950e+00   1.1873385e+00   1.1372297e+00   1.0788182e+00   9.8496992e-01   7.9945331e-01   5.8721668e-01   3.3603656e-01   9.8164351e-02   3.0159365e-01   5.6058220e-01   8.3014158e-01   1.0086017e+00   1.1261715e+00   1.1575741e+00   1.1123433e+00   1.0406911e+00   9.8160112e-01   1.0580337e+00   1.4001465e+00   2.1843323e+00   2.7235176e+00   2.2189600e+00   7.8245724e-01   3.8781601e-01   6.6751213e-01   1.6915026e+00   3.2071957e+00   3.9594829e+00
   1.3288692e+00   0.0000000e+00   0.0000000e+00   1.0630659e+00   3.9093184e-01   5.4064727e-01   6.8382478e-01   7.9094946e-01   8.5201168e-01   9.8538852e-01   1.1363595e+00   1.2860510e+00   1.4506752e+00   1.5771787e+00   1.7089539e+00   1.8649923e+00   1.9694390e+00   2.0670714e+00   2.1899662e+00   2.2800598e+00   2.3576698e+00   2.4590650e+00   2.5409346e+00   2.6126649e+00   2.6974695e+00   2.7532794e+00   2.7923999e+00   2.8132977e+00   2.7874351e+00   2.7168121e+00   2.6019397e+00   2.4933128e+00   2.3744404e+00   2.2400432e+00   2.1597466e+00   2.1263392e+00   2.1605520e+00   2.2470169e+00   2.3624351e+00   2.4984329e+00   2.5941539e+00   2.6789222e+00   2.7680624e+00   2.8087831e+00   2.7909551e+00   2.7049994e+00   2.5980906e+00   2.4396386e+00   2.1746237e+00   1.9020629e+00   1.6110742e+00   1.2748543e+00   1.0539879e+00   9.1803044e-01   8.6130220e-01   8.6688310e-01   8.6377507e-01   8.0518723e-01   7.4083948e-01   7.7082539e-01   1.1284914e+00   1.7475494e+00   2.6645448e+00   4.3447685e+00   5.2623348e+00   0.0000000e+00   2.2574747e+00   2.1050715e+00   2.4117975e+00   4.0249548e+00   5.0074759e+00   5.4614534e+00
   9.3367481e-01   1.2760480e+00   1.3840241e+00   1.4621264e+00   1.6845744e+00   1.8139150e+00   1.9672875e+00   2.0754840e+00   2.1473787e+00   2.2766898e+00   2.4049997e+00   2.5209968e+00   2.6443119e+00   2.7393626e+00   2.8394084e+00   2.9561222e+00   3.0381678e+00   3.1232147e+00   3.2278996e+00   3.3037897e+00   3.3742681e+00   3.4670410e+00   3.5471478e+00   3.6273758e+00   3.7250762e+00   3.7903497e+00   3.8303547e+00   3.8317816e+00   3.7781906e+00   3.6817594e+00   3.5445950e+00   3.4171057e+00   3.2804475e+00   3.1331065e+00   3.0473014e+00   3.0046568e+00   3.0236647e+00   3.0997778e+00   3.2095461e+00   3.3421762e+00   3.4350751e+00   3.5190513e+00   3.6018972e+00   3.6336043e+00   3.6073680e+00   3.4976611e+00   3.3468104e+00   3.1305099e+00   2.7976096e+00   2.4829225e+00   2.1577940e+00   1.8044252e+00   1.5901429e+00   1.4621828e+00   1.4150869e+00   1.4362486e+00   1.4799092e+00   1.5424982e+00   1.6236053e+00   1.7880495e+00   2.2112010e+00   2.8259751e+00   3.7706721e+00   5.4331017e+00   6.0863545e+00   3.9681950e+00   3.0483752e+00   3.1396848e+00   3.9400039e+00   5.3955727e+00   5.0074753e+00   5.0578403e+00
   7.7998328e-01   0.0000000e+00   0.0000000e+00   2.7027843e+00   2.7860727e+00   2.9499464e+00   3.1002607e+00   3.2051127e+00   3.2766223e+00   3.3866680e+00   3.4847097e+00   3.5664499e+00   3.6543217e+00   3.7237256e+00   3.7966251e+00   3.8817635e+00   3.9495163e+00   4.0273223e+00   4.1202884e+00   4.1876802e+00   4.2556105e+00   4.3471122e+00   4.4318643e+00   4.5236616e+00   4.6351008e+00   4.7086763e+00   4.7489328e+00   4.7337713e+00   4.6588879e+00   4.5455256e+00   4.3925447e+00   4.2507586e+00   4.1002684e+00   3.9369097e+00   3.8408160e+00   3.7864797e+00   3.7896464e+00   3.8525620e+00   3.9500175e+00   4.0740905e+00   4.1638136e+00   4.2452083e+00   4.3159423e+00   4.3313370e+00   4.2875390e+00   4.1418109e+00   3.9390690e+00   3.6618924e+00   3.2636905e+00   2.9117231e+00   2.5658710e+00   2.2253890e+00   2.0428410e+00   1.9451115e+00   1.9295008e+00   1.9803289e+00   2.0748694e+00   2.2440107e+00   2.4409676e+00   2.7079411e+00   3.1797318e+00   3.7827287e+00   4.7171364e+00   6.2549324e+00   6.6396332e+00   3.5993519e+00   3.6645665e+00   4.0229383e+00   5.2669606e+00   6.8042412e+00   6.6946173e+00   4.5152087e+00
   1.0935593e+00   0.0000000e+00   0.0000000e+00   3.7094769e+00   3.9541005e+00   4.2898424e+00   4.4063133e+00   4.4965187e+00   4.5425739e+00   4.5909925e+00   4.6283307e+00   4.6592333e+00   4.7088181e+00   4.7539793e+00   4.7977595e+00   4.8543880e+00   4.9194481e+00   4.9986367e+00   5.0890460e+00   5.1567992e+00   5.2312169e+00   5.3371966e+00   5.4428933e+00   5.5582610e+00   5.6914564e+00   5.7744713e+00   5.8136904e+00   5.7809158e+00   5.6894872e+00   5.5713260e+00   5.4098203e+00   5.2574712e+00   5.0957363e+00   4.9023668e+00   4.7807681e+00   4.7040588e+00   4.6828806e+00   4.7203725e+00   4.7852180e+00   4.8853848e+00   4.9697234e+00   5.0434121e+00   5.0836975e+00   5.0592774e+00   4.9697411e+00   4.7446333e+00   4.4491271e+00   4.0771084e+00   3.5901117e+00   3.1949317e+00   2.8488613e+00   2.5937023e+00   2.5129181e+00   2.5083027e+00   2.5867758e+00   2.7118133e+00   2.8891338e+00   3.1800579e+00   3.4790050e+00   3.8235287e+00   4.3283379e+00   4.8976481e+00   5.7328387e+00   6.8530674e+00   6.8396015e+00   3.2513689e+00   4.1687664e+00   4.9655639e+00   6.7411532e+00   7.9137784e+00   6.3090954e+00   3.4211207e+00
   1.8962797e+00   2.4682852e+00   0.0000000e+00   5.6111345e+00   4.9266718e+00   5.2005533e+00   5.2621496e+00   5.3219155e+00   5.3238538e+00   5.3045362e+00   5.2882098e+00   5.2901848e+00   5.3306173e+00   5.3705767e+00   5.4091900e+00   5.4720300e+00   5.5473593e+00   5.6281117e+00   5.7186726e+00   5.7958630e+00   5.8880027e+00   6.0203704e+00   6.1478895e+00   6.2781414e+00   6.4210304e+00   6.5048374e+00   6.5399584e+00   6.4924778e+00   6.3965086e+00   6.2826547e+00   6.1184477e+00   5.9574689e+00   5.7779640e+00   5.5578288e+00   5.4145454e+00   5.3158181e+00   5.2713011e+00   5.2799257e+00   5.3106106e+00   5.3787630e+00   5.4349249e+00   5.4645141e+00   5.4216941e+00   5.2926601e+00   5.0903066e+00   4.7439864e+00   4.3725846e+00   3.9687262e+00   3.5245921e+00   3.2399146e+00   3.0603415e+00   3.0012786e+00   3.0448288e+00   3.1431229e+00   3.3282363e+00   3.5307588e+00   3.7684028e+00   4.1099737e+00   4.4283121e+00   4.7710913e+00   5.2318762e+00   5.6945184e+00   6.3023757e+00   6.8601894e+00   6.5246572e+00   2.8097431e+00   4.6309054e+00   5.6371377e+00   7.5452642e+00   8.2438654e+00   6.1528157e+00   4.3224614e+00
   2.1142652e+00   2.3779230e+00   3.5818470e+00   5.7602225e+00   5.4065717e+00   5.6140202e+00   5.6455043e+00   5.6871741e+00   5.6666344e+00   5.6178191e+00   5.5797823e+00   5.5726603e+00   5.6109660e+00   5.6530488e+00   5.7013438e+00   5.7806456e+00   5.8638594e+00   5.9457171e+00   6.0405757e+00   6.1273119e+00   6.2303288e+00   6.3722899e+00   6.5060751e+00   6.6377594e+00   6.7788731e+00   6.8586046e+00   6.8873311e+00   6.8318349e+00   6.7348949e+00   6.6260306e+00   6.4637930e+00   6.2960617e+00   6.1029436e+00   5.8630893e+00   5.6991442e+00   5.5808599e+00   5.5127848e+00   5.4927419e+00   5.4885448e+00   5.5037997e+00   5.5020626e+00   5.4643124e+00   5.3325332e+00   5.1266683e+00   4.8616527e+00   4.4789638e+00   4.1258693e+00   3.7904058e+00   3.4858003e+00   3.3437332e+00   3.3074149e+00   3.3845773e+00   3.5101636e+00   3.6723359e+00   3.9138827e+00   4.1488976e+00   4.4036488e+00   4.7438406e+00   5.0452036e+00   5.3596395e+00   5.7616136e+00   6.1274683e+00   6.5662443e+00   6.8020870e+00   6.3127586e+00   2.6577024e+00   5.1984595e+00   6.1383974e+00   7.8828135e+00   8.2897014e+00   5.7411158e+00   4.0321507e+00
   2.0858646e+00   2.1778342e+00   2.7057158e+00   5.8686252e+00   5.8464066e+00   5.9469622e+00   5.9469580e+00   5.9681037e+00   5.9260515e+00   5.8552328e+00   5.8034063e+00   5.7945797e+00   5.8339989e+00   5.8840357e+00   5.9568739e+00   6.0684281e+00   6.1624779e+00   6.2457759e+00   6.3499843e+00   6.4517319e+00   6.5674511e+00   6.7138121e+00   6.8475764e+00   6.9729930e+00   7.1040811e+00   7.1743534e+00   7.1916178e+00   7.1278014e+00   7.0316011e+00   6.9309784e+00   6.7747767e+00   6.5976612e+00   6.3858604e+00   6.1195887e+00   5.9239443e+00   5.7765983e+00   5.6715038e+00   5.6067075e+00   5.5474457e+00   5.4666874e+00   5.3555208e+00   5.1976550e+00   4.9229060e+00   4.6143290e+00   4.2829204e+00   3.8969323e+00   3.6320516e+00   3.4670275e+00   3.4419686e+00   3.5434589e+00   3.7167142e+00   3.9692904e+00   4.1965658e+00   4.4340653e+00   4.7322191e+00   4.9896593e+00   5.2438711e+00   5.5490142e+00   5.8008128e+00   6.0540588e+00   6.3546159e+00   6.5751930e+00   6.7860951e+00   6.6698920e+00   6.0461735e+00   2.6027508e+00   6.1536183e+00   6.8154608e+00   8.1163005e+00   8.1817607e+00   4.9351197e+00   2.8243189e+00
   1.5688063e+00   1.9439423e+00   2.1953974e+00   6.0651743e+00   5.8749721e+00   5.8407817e+00   5.8218884e+00   5.8303907e+00   5.7816057e+00   5.7174373e+00   5.6914642e+00   5.7134924e+00   5.7861300e+00   5.8732536e+00   5.9932752e+00   6.1521177e+00   6.2623493e+00   6.3568726e+00   6.4798360e+00   6.5890667e+00   6.6931815e+00   6.8090348e+00   6.9126264e+00   7.0093136e+00   7.0943975e+00   7.1255518e+00   7.1124735e+00   7.0320206e+00   6.9379627e+00   6.8419461e+00   6.6808610e+00   6.4924871e+00   6.2770925e+00   5.9979644e+00   5.7543347e+00   5.5240612e+00   5.2638249e+00   5.0281171e+00   4.7547874e+00   4.3814688e+00   4.0752897e+00   3.8025947e+00   3.5227971e+00   3.3464354e+00   3.2385304e+00   3.2009301e+00   3.2662121e+00   3.4421339e+00   3.7714100e+00   4.0969272e+00   4.4412489e+00   4.8383117e+00   5.1401366e+00   5.4142084e+00   5.7092204e+00   5.9319995e+00   6.1286073e+00   6.3329616e+00   6.4891722e+00   6.6422749e+00   6.7998142e+00   6.8782741e+00   6.8623328e+00   6.1131105e+00   5.0252293e+00   2.8817124e+00   7.3075372e+00   7.3092967e+00   7.7972822e+00   7.3375270e+00   2.8685600e+00   1.4593923e+00
   1.2936122e+00   1.7577643e+00   2.0308173e+00   6.1067490e+00   5.7425993e+00   5.6309505e+00   5.5993080e+00   5.5956330e+00   5.5450234e+00   5.4958773e+00   5.4987712e+00   5.5507941e+00   5.6557841e+00   5.7730618e+00   5.9216604e+00   6.1050954e+00   6.2295761e+00   6.3374701e+00   6.4677057e+00   6.5703034e+00   6.6563745e+00   6.7444735e+00   6.8200068e+00   6.8863955e+00   6.9295311e+00   6.9214101e+00   6.8703179e+00   6.7562933e+00   6.6445169e+00   6.5250101e+00   6.3232956e+00   6.1037064e+00   5.8705955e+00   5.5731640e+00   5.3002367e+00   5.0155640e+00   4.6520181e+00   4.3213229e+00   3.9612052e+00   3.5278897e+00   3.2370124e+00   3.0282736e+00   2.8826189e+00   2.8575401e+00   2.9119687e+00   3.0679262e+00   3.2855539e+00   3.5975659e+00   4.0542140e+00   4.4563656e+00   4.8547430e+00   5.2922788e+00   5.6106768e+00   5.8904486e+00   6.1791615e+00   6.3852825e+00   6.5539217e+00   6.7056575e+00   6.8047142e+00   6.8933883e+00   6.9635353e+00   6.9510508e+00   6.8024693e+00   5.8518853e+00   4.7373136e+00   3.1416798e+00   7.7764692e+00   7.4513950e+00   7.3741531e+00   6.5519740e+00   2.1207528e+00   9.4293123e-01
   9.3712972e-01   1.4638829e+00   1.9090627e+00   2.9685157e+00   5.1474845e+00   5.2281489e+00   5.1776895e+00   5.1535846e+00   5.1021136e+00   5.0822394e+00   5.1354314e+00   5.2379075e+00   5.3973432e+00   5.5625781e+00   5.7511554e+00   5.9659559e+00   6.1137063e+00   6.2452431e+00   6.3825866e+00   6.4675181e+00   6.5200777e+00   6.5623848e+00   6.5913184e+00   6.6056383e+00   6.5795140e+00   6.5047481e+00   6.3857342e+00   6.2071042e+00   6.0562610e+00   5.8841637e+00   5.5973269e+00   5.3157523e+00   5.0461901e+00   4.7152556e+00   4.4011617e+00   4.0372557e+00   3.5221674e+00   3.0649892e+00   2.6156396e+00   2.1863779e+00   2.0170708e+00   1.9980384e+00   2.1430531e+00   2.3830718e+00   2.6848460e+00   3.0984867e+00   3.4934891e+00   3.9430256e+00   4.5123697e+00   4.9773947e+00   5.4141953e+00   5.8730353e+00   6.1931619e+00   6.4685572e+00   6.7451586e+00   6.9312264e+00   7.0659369e+00   7.1503866e+00   7.1700404e+00   7.1657502e+00   7.1130554e+00   6.9696859e+00   6.6391142e+00   5.5434967e+00   4.5826082e+00   3.5736954e+00   8.2598467e+00   7.5323156e+00   6.6095939e+00   5.2471217e+00   0.0000000e+00   4.5332591e-01
   6.3604200e-01   1.1691422e+00   1.5922697e+00   2.1931307e+00   4.5365353e+00   4.4972601e+00   4.4814196e+00   4.4239668e+00   4.3917022e+00   4.4427524e+00   4.5593485e+00   4.7181168e+00   4.9439363e+00   5.1536273e+00   5.3662486e+00   5.5934148e+00   5.7492183e+00   5.8848963e+00   5.9996843e+00   6.0389831e+00   6.0292525e+00   5.9755158e+00   5.9080799e+00   5.8146620e+00   5.6466041e+00   5.4411481e+00   5.1932759e+00   4.8825812e+00   4.6471571e+00   4.4068131e+00   4.0898213e+00   3.8486953e+00   3.6618376e+00   3.4535196e+00   3.2294417e+00   2.9217048e+00   2.4352691e+00   2.0765304e+00   1.9030244e+00   1.9590986e+00   2.1079473e+00   2.3002646e+00   2.5972769e+00   2.8958808e+00   3.2269032e+00   3.6538029e+00   4.0446463e+00   4.4616609e+00   4.9669342e+00   5.3760732e+00   5.7562385e+00   6.1552448e+00   6.4440643e+00   6.7030520e+00   6.9716868e+00   7.1590224e+00   7.2990508e+00   7.3809848e+00   7.3691707e+00   7.2910810e+00   7.0958929e+00   6.7953159e+00   6.3241520e+00   5.1011763e+00   4.0893335e+00   4.1398616e+00   7.4206021e+00   6.8496124e+00   5.3755364e+00   3.7487692e+00   2.7229596e+00   1.1281052e+00
   5.0922862e-01   1.0229098e+00   1.4478566e+00   1.9520047e+00   4.2380638e+00   4.1011956e+00   4.0892236e+00   4.0195479e+00   4.0014622e+00   4.0870249e+00   4.2292542e+00   4.4085934e+00   4.6564463e+00   4.8789353e+00   5.0969065e+00   5.3225778e+00   5.4710045e+00   5.5900000e+00   5.6703790e+00   5.6671224e+00   5.6042560e+00   5.4794582e+00   5.3516922e+00   5.1953433e+00   4.9454926e+00   4.6692667e+00   4.3587826e+00   4.0067656e+00   3.7713335e+00   3.5665757e+00   3.3625648e+00   3.2581835e+00   3.2137968e+00   3.1684286e+00   3.0679398e+00   2.8777782e+00   2.5191928e+00   2.2338815e+00   2.1382774e+00   2.3295037e+00   2.5702958e+00   2.8193192e+00   3.1374423e+00   3.4217541e+00   3.7230568e+00   4.1011651e+00   4.4407339e+00   4.7925494e+00   5.2159050e+00   5.5627933e+00   5.8852028e+00   6.2217659e+00   6.4699402e+00   6.6949305e+00   6.9307494e+00   7.0992808e+00   7.2287559e+00   7.3078918e+00   7.2953396e+00   7.2045984e+00   6.9615650e+00   6.5896730e+00   6.0409654e+00   4.8483079e+00   3.9809251e+00   4.0190380e+00   7.1642560e+00   6.2883329e+00   4.6991108e+00   3.2580668e+00   2.7695895e+00   3.1206522e+00
   3.6727170e-01   8.1813721e-01   1.2657735e+00   1.8409723e+00   3.8274413e+00   3.4937917e+00   3.4662316e+00   3.3862630e+00   3.3953731e+00   3.5281971e+00   3.6971274e+00   3.8936588e+00   4.1551583e+00   4.3809535e+00   4.5960309e+00   4.8075651e+00   4.9277115e+00   4.9937713e+00   4.9893168e+00   4.8950352e+00   4.7226704e+00   4.4614149e+00   4.2294087e+00   3.9699747e+00   3.5876353e+00   3.2029480e+00   2.8068714e+00   2.4351877e+00   2.2659676e+00   2.2206620e+00   2.3768074e+00   2.6480793e+00   2.9633128e+00   3.3073082e+00   3.5044673e+00   3.6205489e+00   3.6203598e+00   3.4766801e+00   3.3971079e+00   3.6108402e+00   3.8763541e+00   4.1287775e+00   4.3907519e+00   4.5866115e+00   4.7764805e+00   4.9988678e+00   5.1889595e+00   5.3720321e+00   5.6015506e+00   5.8067725e+00   6.0014955e+00   6.1989139e+00   6.3505324e+00   6.4871021e+00   6.6314092e+00   6.7429294e+00   6.8368085e+00   6.9095801e+00   6.9194696e+00   6.8488360e+00   6.5748745e+00   6.1136666e+00   5.4440742e+00   4.4414648e+00   4.0442995e+00   3.2157523e+00   6.5649686e+00   5.1510564e+00   3.6506235e+00   2.6764309e+00   2.8390392e+00   3.1206525e+00
   4.4260675e-01   6.0337818e-01   1.1195612e+00   1.8240408e+00   3.6607351e+00   3.0744898e+00   3.0375781e+00   2.9797320e+00   2.9996953e+00   3.1311138e+00   3.2801218e+00   3.4469905e+00   3.6616302e+00   3.8418994e+00   4.0092955e+00   4.1698508e+00   4.2513776e+00   4.2615242e+00   4.1584945e+00   3.9499502e+00   3.6326897e+00   3.2002888e+00   2.9194736e+00   2.6983638e+00   2.3308785e+00   1.9188595e+00   1.5206429e+00   1.3369720e+00   1.4959329e+00   1.8114679e+00   2.3564923e+00   2.9013348e+00   3.4729855e+00   4.1262407e+00   4.5627875e+00   4.8672962e+00   5.0562558e+00   4.9432669e+00   4.7879586e+00   4.9639874e+00   5.2393436e+00   5.4944386e+00   5.7506819e+00   5.9401660e+00   6.1108232e+00   6.2745914e+00   6.3699422e+00   6.4281278e+00   6.4800954e+00   6.5217562e+00   6.5392246e+00   6.5166774e+00   6.4926653e+00   6.4507456e+00   6.3629441e+00   6.2753081e+00   6.1638250e+00   5.9860663e+00   5.8139329e+00   5.6191392e+00   5.2922082e+00   4.8707433e+00   4.3150353e+00   3.8564206e+00   4.0442991e+00   2.8394413e+00   5.6965294e+00   4.2243214e+00   3.1864092e+00   2.7443371e+00   2.9670553e+00   3.1932659e+00
   5.3450030e-01   5.0806975e-01   1.0202682e+00   1.8229023e+00   3.6304202e+00   2.8628883e+00   2.8051906e+00   2.7638996e+00   2.7853689e+00   2.9099877e+00   3.0420225e+00   3.1861999e+00   3.3680384e+00   3.5170422e+00   3.6521220e+00   3.7790093e+00   3.8387656e+00   3.8206234e+00   3.6680925e+00   3.4018040e+00   3.0060494e+00   2.4574618e+00   2.1450403e+00   1.9966218e+00   1.6920742e+00   1.2872725e+00   8.8870323e-01   7.7163291e-01   1.1105745e+00   1.6109579e+00   2.3575287e+00   3.0521908e+00   3.7716374e+00   4.5904031e+00   5.1437960e+00   5.5290499e+00   5.8196945e+00   5.7429438e+00   5.5344009e+00   5.6914740e+00   5.9815750e+00   6.2469201e+00   6.5099006e+00   6.7041016e+00   6.8702660e+00   7.0100718e+00   7.0659924e+00   7.0720487e+00   7.0411401e+00   7.0008240e+00   6.9262223e+00   6.7841625e+00   6.6600657e+00   6.5156050e+00   6.2934337e+00   6.0879254e+00   5.8508244e+00   5.5140061e+00   5.2149282e+00   4.9145136e+00   4.5062237e+00   4.0710096e+00   3.5535972e+00   3.3148909e+00   1.9979489e+00   2.5776432e+00   5.1186180e+00   3.7532220e+00   3.0064273e+00   2.8581524e+00   3.0960188e+00   3.2805023e+00
   9.0704408e-01   4.9049064e-01   7.9268053e-01   1.8614723e+00   3.8904435e+00   2.6686408e+00   2.5059186e+00   2.5086619e+00   2.5102722e+00   2.5960716e+00   2.6755115e+00   2.7575508e+00   2.8603184e+00   2.9362699e+00   2.9975372e+00   3.0510375e+00   3.0786076e+00   3.0341116e+00   2.8374465e+00   2.5177166e+00   2.0211691e+00   1.2064214e+00   8.2767667e-01   1.0313661e+00   1.0811628e+00   7.9537089e-01   4.0036787e-01   1.9316088e-01   7.7415502e-01   1.4589366e+00   2.4188627e+00   3.3139704e+00   4.2674904e+00   5.2886994e+00   5.9281639e+00   6.3108092e+00   6.7281296e+00   6.7956440e+00   6.4579189e+00   6.5979700e+00   6.9539060e+00   7.2762768e+00   7.5969522e+00   7.8379260e+00   8.0277888e+00   8.1756660e+00   8.2402213e+00   8.2567071e+00   8.1856912e+00   8.0731310e+00   7.9000126e+00   7.6027367e+00   7.3255008e+00   7.0202250e+00   6.5825087e+00   6.1758926e+00   5.7058998e+00   5.0485249e+00   4.4452325e+00   3.8180465e+00   3.0428567e+00   2.4141924e+00   1.8293583e+00   2.0267876e+00   1.1617023e+00   0.0000000e+00   3.8410865e+00   3.3024612e+00   3.1315816e+00   3.3881341e+00   3.5586757e+00   3.6312053e+00
   1.1525173e+00   6.2990886e-01   6.8061113e-01   1.6946523e+00   3.8904434e+00   2.3710317e+00   2.4432931e+00   2.4469562e+00   2.4121568e+00   2.4446080e+00   2.4754138e+00   2.5125036e+00   2.5695584e+00   2.6232567e+00   2.6675215e+00   2.7050672e+00   2.7462516e+00   2.7243485e+00   2.5551972e+00   2.2782803e+00   1.8389845e+00   1.0292205e+00   6.6109204e-01   1.0065669e+00   1.1773760e+00   9.7215194e-01   6.2446290e-01   2.7911761e-01   6.6598493e-01   1.3818288e+00   2.3770940e+00   3.3021750e+00   4.2619915e+00   5.2623978e+00   6.1657820e+00   7.0587845e+00   7.5772853e+00   7.5088825e+00   6.8122706e+00   6.7596197e+00   7.1115046e+00   7.4155650e+00   7.6984520e+00   7.9175310e+00   8.0923424e+00   8.2404289e+00   8.3137331e+00   8.3417168e+00   8.2792997e+00   8.1703310e+00   7.9938889e+00   7.6826391e+00   7.3827929e+00   7.0412126e+00   6.5540986e+00   6.1069374e+00   5.5968714e+00   4.8886185e+00   4.2384400e+00   3.5450459e+00   2.6455576e+00   1.8489752e+00   1.2195976e+00   1.8356380e+00   1.1645212e+00   1.2250360e+00   3.4033911e+00   3.2461283e+00   3.3713965e+00   3.7495162e+00   3.7789359e+00   3.7360632e+00
   1.3374739e+00   7.3495638e-01   5.9617043e-01   1.5689588e+00   2.5539136e+00   2.0720455e+00   2.3961070e+00   2.4004626e+00   2.3382297e+00   2.3304846e+00   2.3246465e+00   2.3278682e+00   2.3504796e+00   2.3874111e+00   2.4188652e+00   2.4443898e+00   2.4958315e+00   2.4909515e+00   2.3425312e+00   2.0978723e+00   1.7017140e+00   8.9570510e-01   5.3557563e-01   9.8788154e-01   1.2498701e+00   1.1053512e+00   7.9331172e-01   3.4388340e-01   5.8448201e-01   1.3237306e+00   2.3456225e+00   3.2932882e+00   4.2578478e+00   5.2425795e+00   6.3448200e+00   7.6223617e+00   8.2170982e+00   8.0462875e+00   7.0792632e+00   6.8814173e+00   7.2302513e+00   7.5205154e+00   7.7749286e+00   7.9775114e+00   8.1409807e+00   8.2892265e+00   8.3691216e+00   8.4057693e+00   8.3498306e+00   8.2435684e+00   8.0646229e+00   7.7428436e+00   7.4259615e+00   7.0570259e+00   6.5326924e+00   6.0549812e+00   5.5147219e+00   4.7681346e+00   4.0826283e+00   3.3393486e+00   2.3462050e+00   1.4231014e+00   7.6016152e-01   1.6916127e+00   1.1666455e+00   1.2250360e+00   3.0736015e+00   3.2036836e+00   3.5520902e+00   4.0218067e+00   3.9448957e+00   3.8150709e+00
   1.5468395e+00   9.2960244e-01   4.2696315e-01   1.0450445e+00   1.8102367e+00   2.1479115e+00   2.4128122e+00   2.3926029e+00   2.2650669e+00   2.0849075e+00   1.9236846e+00   1.8099313e+00   1.7652600e+00   1.8096936e+00   1.8050892e+00   1.8679500e+00   1.9727201e+00   2.0550637e+00   1.9309208e+00   1.7617836e+00   1.5013423e+00   1.1272463e+00   1.0695379e+00   1.0959593e+00   1.1022507e+00   1.0788121e+00   9.3570936e-01   7.9323238e-01   1.0210165e+00   1.5655951e+00   2.3942802e+00   3.1143594e+00   3.6852148e+00   4.2766023e+00   4.8908553e+00   0.0000000e+00   0.0000000e+00   0.0000000e+00   6.8998267e+00   7.1241937e+00   7.3730135e+00   7.6613898e+00   7.9427328e+00   8.1244125e+00   8.2661285e+00   8.3864202e+00   8.4384289e+00   8.4490013e+00   8.3713188e+00   8.2456207e+00   8.0479755e+00   7.6984839e+00   7.3522744e+00   6.9510527e+00   6.3944340e+00   5.8911591e+00   5.3368182e+00   4.5763836e+00   3.8741908e+00   3.1134088e+00   2.1041422e+00   1.1846685e+00   5.2088076e-01   1.3152050e+00   1.5092845e+00   8.2602270e-01   2.1714621e+00   3.0666008e+00   3.8137872e+00   4.3861647e+00   4.1744080e+00   3.9325581e+00
   1.5378739e+00   8.8625282e-01   3.9580745e-01   9.2091173e-01   1.7637929e+00   2.2754583e+00   2.4329543e+00   2.4355581e+00   2.3095059e+00   2.0632403e+00   1.7810576e+00   1.4893452e+00   1.3193896e+00   1.4771310e+00   1.6171007e+00   1.6746235e+00   1.7009388e+00   1.8043054e+00   1.6938028e+00   1.5165263e+00   1.3237995e+00   1.0357438e+00   1.1711549e+00   1.2032795e+00   9.4989568e-01   9.4648731e-01   8.5739613e-01   7.9662263e-01   1.0393456e+00   1.5252329e+00   2.2066379e+00   2.7351675e+00   3.0839663e+00   4.2766021e+00   4.8908551e+00   1.5753862e+00   2.0140977e+00   3.6106362e+00   6.8998263e+00   7.0026653e+00   7.0359306e+00   7.3728056e+00   7.6087818e+00   7.7975011e+00   7.9345851e+00   8.0499077e+00   8.1054077e+00   8.1226988e+00   8.0620213e+00   7.9502630e+00   7.7707458e+00   7.4524055e+00   7.1415358e+00   6.7801318e+00   6.2686291e+00   5.7952814e+00   5.2628098e+00   4.5171261e+00   3.8229198e+00   3.0829883e+00   2.1562295e+00   1.4089637e+00   9.5451659e-01   1.5880941e+00   1.7427137e+00   8.4475621e-01   2.1083908e+00   3.0648553e+00   3.7992477e+00   4.3598261e+00   4.2582836e+00   4.0935135e+00
   1.5259749e+00   8.2871949e-01   3.5445784e-01   7.5616345e-01   1.7021530e+00   2.4447380e+00   2.4596866e+00   2.4925674e+00   2.3684858e+00   2.0344842e+00   1.5917639e+00   1.0638656e+00   7.2763328e-01   1.0357561e+00   1.3676037e+00   1.4180417e+00   1.3402325e+00   1.4715007e+00   1.3791014e+00   1.1910226e+00   1.0881660e+00   9.1430239e-01   1.3060202e+00   1.3457141e+00   7.4769114e-01   7.7086680e-01   7.5345939e-01   8.0112215e-01   1.0636720e+00   1.4716644e+00   1.9576008e+00   2.2319069e+00   2.2859929e+00   0.0000000e+00   1.2531826e+00   5.8833030e-01   8.0293538e-01   2.5747348e+00   4.3913347e+00   6.3574969e+00   6.5885571e+00   6.9897987e+00   7.1655650e+00   7.3636262e+00   7.4945621e+00   7.6032902e+00   7.6634235e+00   7.6896321e+00   7.6515239e+00   7.5582653e+00   7.4028079e+00   7.1258127e+00   6.8618450e+00   6.5532883e+00   6.1016624e+00   5.6680325e+00   5.1645866e+00   4.4384800e+00   3.7548739e+00   3.0426151e+00   2.2253599e+00   1.7066467e+00   1.5300353e+00   1.8597266e+00   1.7427137e+00   8.6340340e-01   2.0246832e+00   3.0625389e+00   3.7799513e+00   4.3248700e+00   4.3696022e+00   4.3071328e+00
   1.4074551e+00   6.8062216e-01   2.9294583e-01   6.2701344e-01   1.5746856e+00   2.6984831e+00   2.6064057e+00   2.7435386e+00   2.7445011e+00   2.5367134e+00   2.1607316e+00   1.5806063e+00   8.8628995e-01   1.7746472e+00   2.2257473e+00   1.9644591e+00   1.9492015e+00   1.4557754e+00   1.4722211e+00   1.9999366e+00   1.9170245e+00   9.1430246e-01   1.5203903e+00   1.5080080e+00   8.4816825e-01   6.9035143e-01   4.9579936e-01   4.1454834e-01   7.0611680e-01   1.0491177e+00   1.3047458e+00   1.3550465e+00   1.6437892e+00   8.7657070e-01   8.0628479e-01   1.6003563e+00   2.4795799e+00   2.8713970e+00   4.2211270e+00   5.0708170e+00   5.3255782e+00   5.7366199e+00   5.9123778e+00   6.1062508e+00   6.2522264e+00   6.3974972e+00   6.5086031e+00   6.5964503e+00   6.6504350e+00   6.6493182e+00   6.6092844e+00   6.5012593e+00   6.3874683e+00   6.2326508e+00   5.9669423e+00   5.6765094e+00   5.3163962e+00   4.7865372e+00   4.3015404e+00   3.8111429e+00   3.2587774e+00   2.8773687e+00   2.5987313e+00   2.3142588e+00   1.5545090e+00   7.9810244e-01   2.0644922e+00   3.0124784e+00   3.6188574e+00   4.1495395e+00   4.7795792e+00   5.0412774e+00
   1.3292780e+00   6.0721654e-01   2.7420235e-01   5.7815254e-01   1.5014406e+00   2.8033005e+00   2.6772001e+00   2.8518345e+00   2.8993499e+00   2.7444713e+00   2.4222600e+00   1.9056545e+00   1.2422665e+00   1.8985518e+00   2.7734608e+00   2.3132125e+00   2.2348733e+00   1.8242228e+00   1.8542795e+00   2.1290094e+00   2.4460465e+00   7.5182152e-01   1.6979780e+00   1.6874427e+00   1.0930064e+00   9.1649908e-01   6.6319615e-01   4.4952777e-01   6.0994220e-01   8.6903155e-01   1.0564896e+00   1.0276396e+00   9.9320138e-01   7.4743390e-01   1.0899575e+00   2.2661920e+00   7.4962763e+00   7.7939914e+00   5.2094326e+00   4.7416736e+00   4.9294271e+00   5.3780103e+00   5.6089358e+00   5.8420296e+00   6.0336714e+00   6.2391829e+00   6.4015560e+00   6.5408449e+00   6.6587586e+00   6.7134647e+00   6.7321954e+00   6.6993814e+00   6.6433716e+00   6.5446754e+00   6.3479304e+00   6.1152725e+00   5.8155284e+00   5.3577719e+00   4.9200087e+00   4.4522452e+00   3.8823111e+00   3.4397459e+00   3.0398774e+00   2.5593674e+00   1.7306166e+00   1.0409514e+00   2.1189578e+00   2.9761314e+00   3.5323336e+00   4.1070266e+00   4.8436135e+00   5.1584196e+00
   1.1916851e+00   4.9165817e-01   2.5347389e-01   5.1255877e-01   1.3786129e+00   2.9526492e+00   2.7872070e+00   3.0102867e+00   3.1195596e+00   3.0407592e+00   2.8186604e+00   2.4688717e+00   2.0099392e+00   1.9264320e+00   1.9402896e+00   1.7270509e+00   3.1101415e+00   2.6854478e+00   2.9909503e+00   0.0000000e+00   1.0265659e+00   4.8063300e-01   1.9514463e+00   2.0439025e+00   1.6242088e+00   1.4713577e+00   1.1472794e+00   6.7394272e-01   5.1911568e-01   6.0746925e-01   7.2197909e-01   5.9235263e-01   4.3438716e-01   8.0330604e-01   1.9140935e+00   0.0000000e+00   7.4962771e+00   7.7939923e+00   0.0000000e+00   4.6697990e+00   4.4775771e+00   5.0096855e+00   5.3686941e+00   5.6943987e+00   5.9864888e+00   6.3183185e+00   6.5808332e+00   6.8167163e+00   7.0489348e+00   7.1991073e+00   7.3115108e+00   7.3907127e+00   7.4132170e+00   7.3878610e+00   7.2823527e+00   7.1307783e+00   6.9180922e+00   6.5550319e+00   6.1533540e+00   5.6559497e+00   4.9471001e+00   4.3116868e+00   3.6681610e+00   2.9600396e+00   2.2091937e+00   1.6289479e+00   2.2306602e+00   2.9102932e+00   3.3911341e+00   4.0732789e+00   4.8371948e+00   2.9894837e+00
   9.8456377e-01   5.3439236e-01   3.6255019e-01   4.8546767e-01   1.2202750e+00   3.0316947e+00   2.8359448e+00   3.0019488e+00   3.1426565e+00   3.1064095e+00   2.9394310e+00   2.7068779e+00   2.5504982e+00   2.5831432e+00   1.2588800e+00   1.2080971e+00   3.1101411e+00   3.6803384e+00   2.9909499e+00   1.0521939e+00   4.2458811e-01   5.0213841e-01   1.9514461e+00   2.3559026e+00   2.1813768e+00   2.2411661e+00   2.0327424e+00   1.6687324e+00   1.4909085e+00   1.4853520e+00   1.6354049e+00   1.9241569e+00   3.0512100e+00   2.6978933e+00   3.2768033e+00   6.1519843e+00   6.8902516e+00   7.0084188e+00   6.6566285e+00   4.7911146e+00   4.9160938e+00   5.4197753e+00   5.8642620e+00   6.2474318e+00   6.5987143e+00   6.9869718e+00   7.2777719e+00   7.5310740e+00   7.7774296e+00   7.9355516e+00   8.0489373e+00   8.1236959e+00   8.1330919e+00   8.0913758e+00   7.9672680e+00   7.7979345e+00   7.5604343e+00   7.1624131e+00   6.7222848e+00   6.1765879e+00   5.3926714e+00   4.6713028e+00   3.9147568e+00   3.0762143e+00   2.4572849e+00   2.0783283e+00   2.4291946e+00   2.9122622e+00   3.2551481e+00   3.7065842e+00   4.8371947e+00   1.9110284e+00
   8.7921113e-01   5.4568237e-01   3.8987112e-01   5.0855720e-01   1.1708038e+00   3.0608581e+00   2.8362505e+00   2.9423676e+00   3.0998669e+00   3.1079288e+00   2.9877057e+00   2.8272467e+00   2.8227594e+00   2.9292758e+00   1.1625295e+00   9.0373826e-01   1.8142855e+00   2.2027166e+00   1.9170173e+00   6.7702985e-01   2.3053110e-01   5.4871702e-01   1.2076514e+00   2.6837587e+00   2.5458081e+00   2.7078280e+00   2.5703754e+00   2.2800798e+00   2.1115417e+00   2.0868044e+00   2.2700372e+00   2.7110965e+00   3.5830579e+00   6.0142754e+00   6.3032966e+00   6.1330476e+00   6.6105747e+00   6.7924995e+00   6.5064859e+00   4.9293795e+00   5.1541195e+00   5.6004505e+00   6.0489521e+00   6.4315052e+00   6.7881670e+00   7.1829486e+00   7.4758196e+00   7.7278938e+00   7.9700809e+00   8.1231356e+00   8.2305822e+00   8.2990303e+00   8.3027229e+00   8.2578459e+00   8.1370649e+00   7.9765067e+00   7.7519817e+00   7.3769894e+00   6.9576931e+00   6.4301586e+00   5.6529722e+00   4.9096079e+00   4.0998974e+00   3.1647339e+00   2.5483048e+00   2.2303243e+00   2.4811187e+00   2.8742228e+00   3.1476891e+00   3.4587425e+00   2.3485928e+00   1.3988345e+00
   7.4296346e-01   5.3405701e-01   3.5450800e-01   6.3097568e-01   1.1848170e+00   3.0708494e+00   2.7751779e+00   2.7263839e+00   2.9076139e+00   3.0298763e+00   3.0171101e+00   2.9811732e+00   3.1680962e+00   3.4072746e+00   1.6661574e+00   4.0872382e-01   8.3120304e-01   1.7554173e+00   9.9422715e-01   3.8756973e-01   2.6108520e-01   6.9842575e-01   1.3454669e+00   3.3996141e+00   3.2205213e+00   3.4998652e+00   3.4846813e+00   3.3351703e+00   3.2313165e+00   3.2535374e+00   3.5175921e+00   4.0037363e+00   4.7706622e+00   6.0142755e+00   6.3032965e+00   6.0790254e+00   6.3206245e+00   6.4727690e+00   5.9353904e+00   5.3003808e+00   5.4995340e+00   5.7640204e+00   6.1186460e+00   6.4254716e+00   6.7270159e+00   7.0745544e+00   7.3391830e+00   7.5643454e+00   7.7726233e+00   7.8962485e+00   7.9798538e+00   8.0299689e+00   8.0287077e+00   7.9926973e+00   7.9083254e+00   7.8038187e+00   7.6603366e+00   7.4175821e+00   7.1266194e+00   6.7298411e+00   6.0741083e+00   5.3568374e+00   4.4892265e+00   3.3530848e+00   2.5777174e+00   2.2346393e+00   2.4251056e+00   2.7270170e+00   2.9125938e+00   3.1403579e+00   1.3736850e+00   8.2772755e-01
   6.0704607e-01   6.0544292e-01   4.0019596e-01   6.9905388e-01   1.2999944e+00   3.0577389e+00   2.7236724e+00   2.5442473e+00   2.7028534e+00   2.9670908e+00   3.0858054e+00   3.1535447e+00   3.3210721e+00   3.6315910e+00   3.8540818e+00   6.4521360e-01   4.9483049e-01   7.2349787e-01   5.0211746e-01   3.4706794e-01   4.2758399e-01   8.8287711e-01   1.5920194e+00   3.9257291e+00   3.8677359e+00   4.1586516e+00   4.2056565e+00   4.1554456e+00   4.0805328e+00   4.0895619e+00   4.3223028e+00   4.7033647e+00   5.1980362e+00   5.8422174e+00   6.0492524e+00   6.0371146e+00   6.0821066e+00   6.0540661e+00   5.6926579e+00   5.3960900e+00   5.4434870e+00   5.5530281e+00   5.7462435e+00   5.9350852e+00   6.1418247e+00   6.4100533e+00   6.6305794e+00   6.8275938e+00   7.0233922e+00   7.1551318e+00   7.2651320e+00   7.3641157e+00   7.4160232e+00   7.4418321e+00   7.4417815e+00   7.4156499e+00   7.3625274e+00   7.2495365e+00   7.0929346e+00   6.8565578e+00   6.4010243e+00   5.8154157e+00   4.9995990e+00   3.7330182e+00   2.7265388e+00   2.2030005e+00   2.2918105e+00   2.5460202e+00   2.5154769e+00   3.1403580e+00   1.1763428e+00   7.8395259e-01
   5.6128466e-01   5.9661042e-01   4.4869322e-01   7.4179494e-01   1.4042743e+00   3.0360963e+00   2.6862178e+00   2.4395015e+00   2.5775177e+00   2.9378865e+00   3.1535834e+00   3.3005874e+00   3.4846811e+00   3.7820318e+00   3.9532592e+00   9.1060829e-01   4.8156786e-01   3.5729051e-01   2.9988694e-01   3.6156304e-01   5.5488467e-01   1.0061479e+00   1.7573139e+00   4.2791646e+00   4.3175483e+00   4.6043038e+00   4.6833372e+00   4.6997929e+00   4.6435456e+00   4.6346726e+00   4.8255043e+00   5.1314729e+00   5.4596248e+00   5.7740831e+00   5.9156067e+00   5.9934230e+00   5.9295611e+00   5.8072474e+00   5.5425611e+00   5.3996119e+00   5.3556813e+00   5.3682089e+00   5.4507704e+00   5.5563720e+00   5.6935678e+00   5.8987136e+00   6.0801899e+00   6.2488213e+00   6.4269929e+00   6.5605861e+00   6.6874619e+00   6.8238363e+00   6.9194595e+00   6.9982157e+00   7.0718470e+00   7.1144043e+00   7.1365719e+00   7.1242070e+00   7.0630923e+00   6.9357152e+00   6.6190333e+00   6.1374242e+00   5.3819222e+00   4.0608492e+00   2.9037849e+00   2.2253675e+00   2.2219038e+00   2.4426621e+00   2.3307500e+00   1.6711054e+00   1.0393445e+00   8.0369818e-01
   6.4384563e-01   3.9786433e-01   5.7749594e-01   7.9414418e-01   1.6439796e+00   2.9626075e+00   2.6224134e+00   2.3448509e+00   2.4352754e+00   2.9378940e+00   3.3229443e+00   3.6166808e+00   3.9217469e+00   4.2466110e+00   4.4221361e+00   1.6452224e+00   1.1586059e+00   8.9535032e-01   4.2604154e-01   5.1916102e-01   7.9055987e-01   1.1832903e+00   1.9965606e+00   4.7930692e+00   5.0207739e+00   5.2624142e+00   5.3561037e+00   5.4693553e+00   5.4377108e+00   5.3732090e+00   5.4347789e+00   5.6168289e+00   5.7564561e+00   5.8303525e+00   5.8424632e+00   5.8790285e+00   5.7329148e+00   5.5611727e+00   5.3667619e+00   5.2057789e+00   5.0638256e+00   4.9584494e+00   4.8728451e+00   4.8443906e+00   4.8612974e+00   4.9426224e+00   5.0364781e+00   5.1328254e+00   5.2551003e+00   5.3796230e+00   5.5282260e+00   5.7338994e+00   5.9192758e+00   6.1123918e+00   6.3489290e+00   6.5438726e+00   6.7232578e+00   6.9012560e+00   6.9960899e+00   7.0312674e+00   6.9307613e+00   6.6512833e+00   6.0670177e+00   4.7751820e+00   3.4144605e+00   2.4006904e+00   2.1845446e+00   2.2614683e+00   0.0000000e+00   6.6428946e-01   8.2565315e-01   9.9331564e-01
   1.0218563e+00   6.5203724e-01   5.3422528e-01   8.2923259e-01   1.3951702e+00   2.8778478e+00   2.4409697e+00   2.2370176e+00   2.3647744e+00   2.8985058e+00   3.3992978e+00   3.8078010e+00   4.1887908e+00   4.5064091e+00   5.0970880e+00   2.7042076e+00   1.5762158e+00   1.2376626e+00   7.4761131e-01   7.3882923e-01   9.6464390e-01   1.2992372e+00   2.1344790e+00   4.8366549e+00   5.2286242e+00   5.5508807e+00   5.6291697e+00   5.7760566e+00   5.7689154e+00   5.6821230e+00   5.6383422e+00   5.7071326e+00   5.7410138e+00   5.7033756e+00   5.6392048e+00   5.5871046e+00   5.3940967e+00   5.2196587e+00   5.0412935e+00   4.8619136e+00   4.7074126e+00   4.5707588e+00   4.4223761e+00   4.3316660e+00   4.2876200e+00   4.2986951e+00   4.3383035e+00   4.3831400e+00   4.4464173e+00   4.5294332e+00   4.6480641e+00   4.8364824e+00   5.0289711e+00   5.2514504e+00   5.5563105e+00   5.8344305e+00   6.1189582e+00   6.4421246e+00   6.6620447e+00   6.8214113e+00   6.8868925e+00   6.7835137e+00   6.4314911e+00   5.4179981e+00   4.0426922e+00   2.6759626e+00   2.3410262e+00   2.2614682e+00   1.0812172e+00   8.6066379e-01   1.1859020e+00   1.3292491e+00
   1.4438482e+00   1.0949823e+00   7.9144763e-01   9.1610080e-01   1.3419766e+00   2.8392805e+00   2.3308438e+00   2.1152954e+00   2.2477921e+00   2.8133251e+00   3.3923867e+00   3.8831301e+00   4.3388331e+00   4.6676054e+00   5.1760648e+00   5.8500818e+00   2.0621223e+00   1.6014982e+00   1.0412675e+00   8.8315564e-01   1.0702580e+00   1.3428984e+00   2.0624657e+00   4.8564875e+00   5.3232007e+00   5.6544698e+00   5.7021340e+00   5.8779448e+00   5.8881807e+00   5.7910951e+00   5.6812261e+00   5.6673317e+00   5.6222433e+00   5.5184740e+00   5.4087124e+00   5.2946189e+00   5.0721648e+00   4.8957329e+00   4.7292865e+00   4.5493329e+00   4.3941936e+00   4.2462433e+00   4.0708430e+00   3.9497514e+00   3.8745487e+00   3.8459182e+00   3.8500600e+00   3.8613698e+00   3.8872793e+00   3.9419155e+00   4.0360568e+00   4.2021263e+00   4.3871703e+00   4.6142919e+00   4.9447158e+00   5.2609382e+00   5.5988487e+00   6.0045046e+00   6.3041620e+00   6.5462908e+00   6.7245602e+00   6.7491322e+00   6.5905856e+00   5.8574508e+00   4.5343636e+00   2.8012172e+00   2.4359628e+00   1.7520320e+00   8.6930018e-01   1.1202951e+00   1.6601248e+00   1.7898420e+00
   2.3129011e+00   2.2327650e+00   1.7540919e+00   1.1625825e+00   1.5506275e+00   0.0000000e+00   1.9475301e+00   1.8627173e+00   1.9526377e+00   2.5795099e+00   3.2475829e+00   3.8426816e+00   4.4380170e+00   4.8170273e+00   5.1837023e+00   5.8500817e+00   0.0000000e+00   2.3248470e+00   1.5534585e+00   1.0374120e+00   1.1620415e+00   1.3112728e+00   1.5939604e+00   1.6496030e+00   2.2049478e+00   5.4620864e+00   5.5238431e+00   5.7469998e+00   5.7788828e+00   5.6812726e+00   5.5083044e+00   5.3861275e+00   5.2337804e+00   5.0765380e+00   4.9289529e+00   4.7396013e+00   4.4889578e+00   4.3098630e+00   4.1594654e+00   4.0066215e+00   3.8691117e+00   3.7313648e+00   3.5613437e+00   3.4331130e+00   3.3460139e+00   3.2904738e+00   3.2571327e+00   3.2333700e+00   3.2226990e+00   3.2443346e+00   3.3007467e+00   3.4164221e+00   3.5643342e+00   3.7611489e+00   4.0723671e+00   4.3894815e+00   4.7466500e+00   5.2094391e+00   5.5884295e+00   5.9218267e+00   6.2296276e+00   6.4204447e+00   6.5671233e+00   6.3683310e+00   5.9653233e+00   3.1572661e+00   2.1838226e+00   1.4104027e+00   5.3949538e-01   1.7122397e+00   2.7388482e+00   2.8596448e+00
   2.4641166e+00   2.5587380e+00   2.1497502e+00   1.8677183e+00   1.8373814e+00   0.0000000e+00   1.9475303e+00   1.5408463e+00   1.4747555e+00   2.0696301e+00   2.7058809e+00   3.3542280e+00   4.0483403e+00   4.5507708e+00   4.9767184e+00   5.5842752e+00   5.8515524e+00   3.4057705e+00   1.9088999e+00   1.1571157e+00   1.2382537e+00   1.2801090e+00   1.2794000e+00   1.1857605e+00   1.7179081e+00   4.9194956e+00   4.9297738e+00   5.1606541e+00   5.2115130e+00   5.1435809e+00   4.9573145e+00   4.7609038e+00   4.5198541e+00   4.3122749e+00   4.1456232e+00   3.9515135e+00   3.7373137e+00   3.5763483e+00   3.4459162e+00   3.3394682e+00   3.2469864e+00   3.1546564e+00   3.0455706e+00   2.9618316e+00   2.8979893e+00   2.8501236e+00   2.8084950e+00   2.7650235e+00   2.7219133e+00   2.7097182e+00   2.7241921e+00   2.7770159e+00   2.8696752e+00   3.0128627e+00   3.2581336e+00   3.5178351e+00   3.8220203e+00   4.2383747e+00   4.6069660e+00   4.9677148e+00   5.3569999e+00   5.6831460e+00   6.1220355e+00   6.4563956e+00   6.4422522e+00   2.6007535e+00   9.0475607e-01   9.0492094e-01   7.3559272e-01   1.9267532e+00   2.5898502e+00   3.2051322e+00
   2.3449035e+00   2.3569433e+00   2.0145144e+00   1.9045359e+00   1.5322852e+00   1.2823433e+00   1.0002509e+00   1.3653095e+00   1.2543082e+00   1.7183473e+00   2.1997244e+00   2.7994132e+00   3.5327363e+00   4.0997710e+00   4.5975828e+00   5.2142448e+00   5.5059132e+00   5.3752757e+00   2.3253546e+00   1.2898148e+00   1.2716832e+00   1.2523979e+00   1.1703585e+00   1.0987875e+00   1.5305882e+00   4.3560271e+00   4.3469253e+00   4.5534234e+00   4.6042952e+00   4.5507154e+00   4.3554935e+00   4.1224475e+00   3.8480082e+00   3.6180904e+00   3.4468666e+00   3.2708318e+00   3.1076436e+00   2.9820687e+00   2.8801489e+00   2.8108687e+00   2.7584523e+00   2.7070205e+00   2.6539636e+00   2.6149189e+00   2.5793068e+00   2.5472219e+00   2.5126931e+00   2.4672804e+00   2.4057724e+00   2.3655431e+00   2.3437252e+00   2.3477550e+00   2.3953144e+00   2.4913557e+00   2.6774344e+00   2.8791803e+00   3.1167669e+00   3.4529734e+00   3.7732818e+00   4.1260657e+00   4.5751743e+00   5.0097989e+00   5.6476088e+00   6.3182231e+00   6.5723023e+00   2.4885688e+00   5.8507019e-01   7.3818037e-01   7.3410773e-01   1.6169839e+00   2.4352908e+00   2.9871497e+00
   2.0798182e+00   1.8766894e+00   1.6128317e+00   1.6476893e+00   8.9902854e-01   7.9672498e-01   7.8672534e-01   9.1736829e-01   1.0557452e+00   1.3676785e+00   1.6075151e+00   2.1028230e+00   2.8564279e+00   3.4745979e+00   4.0644369e+00   4.6927052e+00   5.2203865e+00   5.3752756e+00   2.8532748e+00   1.4551270e+00   1.2925792e+00   1.2206535e+00   1.1319182e+00   1.1640620e+00   1.4405234e+00   3.6695297e+00   3.6515999e+00   3.8143342e+00   3.8566813e+00   3.8134410e+00   3.6094139e+00   3.3492866e+00   3.0596409e+00   2.8154943e+00   2.6453083e+00   2.5012782e+00   2.4059513e+00   2.3306804e+00   2.2668719e+00   2.2380967e+00   2.2315907e+00   2.2272677e+00   2.2393274e+00   2.2540815e+00   2.2546327e+00   2.2451625e+00   2.2260981e+00   2.1863570e+00   2.1090674e+00   2.0377617e+00   1.9748777e+00   1.9266065e+00   1.9245467e+00   1.9668546e+00   2.0848489e+00   2.2167070e+00   2.3681312e+00   2.5928392e+00   2.8380632e+00   3.1653638e+00   3.6766002e+00   4.2294836e+00   5.0642977e+00   5.9609439e+00   6.0733509e+00   2.5539384e+00   6.3313550e-01   6.9042468e-01   6.4330947e-01   1.0085517e+00   2.2470589e+00   2.4713583e+00
   5.4892636e-01   1.4807663e+00   1.1302512e+00   5.6074294e-01   3.3866798e-01   5.4361310e-01   6.5393101e-01   8.2296603e-01   1.3292788e+00   1.2140211e+00   8.5613330e-01   8.2597366e-01   1.4145842e+00   2.0600188e+00   2.7028405e+00   3.4602836e+00   4.1034112e+00   4.7598464e+00   0.0000000e+00   2.2265512e+00   1.3084891e+00   1.1457112e+00   1.0671141e+00   1.0493938e+00   1.1445580e+00   2.5513690e+00   2.4970748e+00   2.5224808e+00   2.5095063e+00   2.4396894e+00   2.2189883e+00   1.9213499e+00   1.6145192e+00   1.3618261e+00   1.2224356e+00   1.1504144e+00   1.1734435e+00   1.2072009e+00   1.2462765e+00   1.3102915e+00   1.3777196e+00   1.4527520e+00   1.5585971e+00   1.6359176e+00   1.6877138e+00   1.7130921e+00   1.7147446e+00   1.6986612e+00   1.6230032e+00   1.5209263e+00   1.4140703e+00   1.3022092e+00   1.2352441e+00   1.2064312e+00   1.2188590e+00   1.2363050e+00   1.2334039e+00   1.2353045e+00   1.3149898e+00   1.5923443e+00   2.2710790e+00   3.0653617e+00   4.0465527e+00   5.1863122e+00   5.7161635e+00   2.4789249e+00   1.2002402e+00   8.4787795e-01   8.8642814e-01   1.0759685e+00   1.3037683e+00   2.5303746e+00
   9.8886865e-01   1.3254369e+00   1.1581800e+00   6.0455459e-01   4.2207456e-01   5.6321347e-01   6.4670098e-01   8.6586386e-01   1.7246653e+00   1.7012722e+00   1.3567607e+00   1.0486815e+00   8.7520015e-01   1.1064339e+00   1.6753408e+00   2.4673674e+00   3.1788239e+00   3.9263637e+00   4.0309563e+00   2.1217623e+00   1.2107097e+00   1.0424680e+00   9.6882844e-01   9.4247234e-01   1.2586813e+00   1.9200596e+00   1.8579792e+00   1.8215060e+00   1.7741516e+00   1.6951709e+00   1.5039530e+00   1.2382784e+00   9.1632336e-01   6.1502075e-01   5.3481674e-01   5.1103371e-01   5.1700062e-01   5.6548238e-01   6.3197416e-01   7.3659432e-01   8.4439313e-01   9.6103644e-01   1.1056607e+00   1.2037396e+00   1.2741687e+00   1.3134387e+00   1.3124517e+00   1.2925575e+00   1.2133923e+00   1.1085641e+00   9.9325395e-01   8.6956787e-01   8.0502844e-01   7.9156268e-01   8.0670822e-01   7.9957592e-01   7.3321241e-01   5.8177477e-01   6.2851769e-01   1.0444174e+00   1.9356357e+00   2.8374529e+00   3.7655313e+00   4.7480443e+00   4.6873484e+00   2.3263011e+00   1.2112048e+00   1.0440015e+00   1.0000926e+00   1.4546878e+00   1.5088469e+00   2.1402109e+00
   1.5353054e+00   1.5462856e+00   1.3760462e+00   9.8353297e-01   5.9254754e-01   5.4343605e-01   7.2710574e-01   9.5928496e-01   2.1230017e+00   2.2270877e+00   1.9744219e+00   1.5863957e+00   1.0324476e+00   8.4544331e-01   9.7027582e-01   1.4128038e+00   2.1359432e+00   2.9721665e+00   3.6815405e+00   1.9742858e+00   1.1220754e+00   9.0379345e-01   8.2906508e-01   8.6332715e-01   1.3698002e+00   1.2977736e+00   1.2483861e+00   1.2072021e+00   1.1937857e+00   1.1955292e+00   1.1540768e+00   1.0471733e+00   8.6155999e-01   6.5524894e-01   6.1883765e-01   5.9417623e-01   5.3439504e-01   5.1795095e-01   5.1333207e-01   5.2381682e-01   5.5757213e-01   6.1766547e-01   7.1727198e-01   7.9488397e-01   8.6190057e-01   9.0439975e-01   9.0146804e-01   8.7265384e-01   7.8160107e-01   6.8177962e-01   5.9850317e-01   5.5559009e-01   5.7530415e-01   6.3807350e-01   7.2247696e-01   7.6455742e-01   7.4702990e-01   6.4231008e-01   7.1150112e-01   1.1161284e+00   2.0423381e+00   2.9527457e+00   3.7842822e+00   4.5398420e+00   3.5803308e+00   2.0212131e+00   1.3058330e+00   1.4487228e+00   1.4848570e+00   1.9997023e+00   1.9777395e+00   2.1669245e+00
   2.2185309e+00   2.1970949e+00   1.8684785e+00   1.7342844e+00   9.1703820e-01   5.6106794e-01   9.1290569e-01   1.0816631e+00   2.4973989e+00   2.7650094e+00   2.6940708e+00   2.4475384e+00   1.9437435e+00   1.3956902e+00   7.7821720e-01   4.9872112e-01   1.0590385e+00   1.8721211e+00   2.8358171e+00   1.7284013e+00   1.0669467e+00   7.6868415e-01   6.7235351e-01   8.0777681e-01   1.1369634e+00   9.8099673e-01   7.5186032e-01   7.8381658e-01   8.8421828e-01   1.0520971e+00   1.2740282e+00   1.4371061e+00   1.5224718e+00   1.5385193e+00   1.5231787e+00   1.4494603e+00   1.2826875e+00   1.1276815e+00   9.5976359e-01   7.4932694e-01   6.0033786e-01   5.0779313e-01   4.7337216e-01   4.8128721e-01   5.1162344e-01   5.3757191e-01   5.3159606e-01   4.9360961e-01   3.9853513e-01   3.2684484e-01   3.2460159e-01   4.5126957e-01   6.2771600e-01   8.2024503e-01   1.0371270e+00   1.2006869e+00   1.3423117e+00   1.4821292e+00   1.6282558e+00   1.8741207e+00   2.6548109e+00   3.4752090e+00   4.1780210e+00   4.6525548e+00   2.5033512e+00   1.6051868e+00   1.5054650e+00   2.0399919e+00   2.3102403e+00   2.6707666e+00   2.7413061e+00   2.6984982e+00
   3.2766772e+00   3.2064243e+00   3.1339965e+00   2.7405824e+00   1.8907712e+00   1.3515290e+00   1.2411118e+00   9.8595018e-01   2.7091487e+00   3.1560745e+00   3.3554177e+00   3.3407039e+00   3.0394296e+00   2.6257237e+00   2.0806609e+00   1.3338044e+00   6.1089832e-01   3.5074472e-01   1.2096487e+00   1.7284012e+00   1.2225956e+00   1.0020321e+00   7.4537134e-01   0.0000000e+00   5.0702732e-01   4.8120414e-01   9.0030283e-01   1.1728322e+00   1.4681947e+00   1.7249230e+00   2.1110297e+00   2.3555355e+00   2.4905378e+00   2.5074689e+00   2.4618634e+00   2.3777049e+00   2.1893766e+00   1.9861071e+00   1.7581602e+00   1.4618308e+00   1.2360542e+00   1.0557994e+00   8.7504281e-01   7.5420785e-01   6.5005138e-01   5.7716699e-01   5.4960357e-01   5.5092311e-01   6.1336851e-01   7.1735803e-01   8.6361942e-01   1.0877111e+00   1.3015326e+00   1.5345165e+00   1.8290775e+00   2.0673792e+00   2.2935881e+00   2.5473785e+00   2.7339712e+00   2.9314020e+00   3.6530887e+00   4.4487874e+00   5.1345286e+00   5.4648161e+00   2.2497737e+00   1.6099410e+00   1.8887410e+00   2.3937262e+00   2.7379830e+00   2.9874645e+00   3.7703372e+00   3.8496357e+00
   2.6970596e+00   2.7639966e+00   3.2371702e+00   3.1857150e+00   2.3436990e+00   1.7277350e+00   1.8674315e+00   1.6536249e+00   3.1443119e+00   3.4028502e+00   3.5565100e+00   3.6816421e+00   3.6282957e+00   3.3813553e+00   3.0154016e+00   2.4332342e+00   1.8479965e+00   1.2615973e+00   7.2397053e-01   3.6442275e-01   2.3716874e-01   1.9159726e-01   1.5492923e-01   4.6674634e-01   1.0402894e+00   1.3477945e+00   1.7013533e+00   2.0767918e+00   2.3893149e+00   2.6226182e+00   3.2822168e+00   3.6003911e+00   3.5515215e+00   3.3049133e+00   3.1325600e+00   3.0207789e+00   2.8076696e+00   2.5809667e+00   2.3314121e+00   2.0208185e+00   1.7615545e+00   1.5561677e+00   1.3647907e+00   1.2402297e+00   1.1476908e+00   1.0731746e+00   1.0573239e+00   1.0805914e+00   1.1963065e+00   1.3428478e+00   1.5237254e+00   1.7786616e+00   2.0093763e+00   2.2716596e+00   2.6039889e+00   2.8684177e+00   3.1231778e+00   3.3862951e+00   3.5973923e+00   3.7561469e+00   4.5198231e+00   5.5401368e+00   5.6550505e+00   5.4648158e+00   2.1015782e+00   1.8268589e+00   1.9002219e+00   2.0911832e+00   2.3032539e+00   2.5666702e+00   3.1366382e+00   3.1351442e+00
   2.1514242e+00   2.0875626e+00   2.4868472e+00   2.5995440e+00   2.0354145e+00   1.6976817e+00   2.0138810e+00   1.5846499e+00   3.2153601e+00   3.4179115e+00   3.5846326e+00   3.7418203e+00   3.7992239e+00   3.7038875e+00   3.5519221e+00   3.1715906e+00   2.7799723e+00   2.2813034e+00   1.6586437e+00   1.2326716e+00   1.0268449e+00   9.4019139e-01   9.9566197e-01   1.3067396e+00   1.7878983e+00   2.1691921e+00   2.4755640e+00   2.9486113e+00   3.1788139e+00   3.3697555e+00   3.4734341e+00   3.8036362e+00   3.7247458e+00   3.8718164e+00   3.6422954e+00   3.4026322e+00   3.1382697e+00   2.9302289e+00   2.6890786e+00   2.4133356e+00   2.1711097e+00   1.9674399e+00   1.7801793e+00   1.6701907e+00   1.5959474e+00   1.5490500e+00   1.5543547e+00   1.6171978e+00   1.7644013e+00   1.9370316e+00   2.1426644e+00   2.4189551e+00   2.6731539e+00   2.9346955e+00   3.2926161e+00   3.5493803e+00   3.8199167e+00   4.0503502e+00   4.2572598e+00   4.4035416e+00   5.0658488e+00   5.7183187e+00   5.9949878e+00   2.1669214e+00   1.9544792e+00   1.9069260e+00   1.9654608e+00   2.0840151e+00   2.1995456e+00   2.3890734e+00   2.6161997e+00   2.5344646e+00
   1.8806055e+00   1.7702632e+00   1.8681046e+00   1.7876734e+00   1.5923977e+00   1.6091874e+00   2.1947665e+00   1.3637232e+00   1.0975655e+00   3.3701489e+00   3.5201340e+00   3.5897017e+00   3.6422601e+00   3.6923287e+00   3.7242379e+00   3.5955474e+00   3.4087381e+00   3.1082439e+00   2.7026308e+00   2.3446889e+00   2.0928724e+00   1.9604402e+00   2.0308502e+00   2.2537651e+00   2.5986030e+00   2.9361744e+00   3.2310622e+00   3.8169444e+00   3.9124904e+00   3.8417525e+00   2.2382171e+00   1.7005794e+00   1.9706020e+00   4.0785037e+00   3.8654864e+00   3.7013021e+00   3.3143153e+00   3.1043742e+00   2.9031572e+00   2.6773872e+00   2.4843588e+00   2.3185186e+00   2.1519332e+00   2.0732753e+00   2.0262682e+00   2.0326037e+00   2.0688837e+00   2.1759095e+00   2.3409193e+00   2.5425355e+00   2.7542830e+00   3.0522587e+00   3.3051839e+00   3.5768681e+00   3.9104137e+00   4.1663017e+00   4.4072971e+00   4.6275196e+00   4.7915888e+00   4.8915892e+00   5.3211181e+00   2.7339103e+00   2.2852485e+00   1.9686970e+00   1.9695956e+00   2.0121722e+00   2.0753484e+00   2.1361451e+00   2.1893673e+00   2.2825594e+00   2.2951994e+00   2.1686642e+00
   1.6716574e+00   1.5905265e+00   1.4375989e+00   1.1172330e+00   1.2754692e+00   1.6575400e+00   2.1997526e+00   1.3962924e+00   1.1097097e+00   1.1507034e+00   3.0624641e+00   3.1689105e+00   3.2136190e+00   3.3702908e+00   3.5452943e+00   3.6504474e+00   3.6534772e+00   3.5485456e+00   3.3791804e+00   3.1732803e+00   3.0194800e+00   2.8877137e+00   2.9180497e+00   3.0182083e+00   3.3090279e+00   3.5657423e+00   3.8610864e+00   4.2572134e+00   4.3245952e+00   4.1192980e+00   2.1956849e+00   1.5688661e+00   1.4667964e+00   1.7067699e+00   3.9220581e+00   3.8417320e+00   3.3525138e+00   3.1637355e+00   2.9881189e+00   2.8062832e+00   2.6618792e+00   2.5508494e+00   2.4308271e+00   2.3972575e+00   2.3910832e+00   2.4614789e+00   2.5364596e+00   2.6817219e+00   2.8745878e+00   3.1016618e+00   3.3189213e+00   3.6193688e+00   3.8551874e+00   4.1180840e+00   4.4056621e+00   4.6360296e+00   4.8278918e+00   5.0273476e+00   5.1483129e+00   5.1540098e+00   2.9612677e+00   2.1554868e+00   2.1189172e+00   2.1045568e+00   2.1055753e+00   2.1043551e+00   2.1492360e+00   2.1544487e+00   2.1593173e+00   2.1428719e+00   2.0816111e+00   1.9317018e+00
   1.3182322e+00   1.2163696e+00   1.1032029e+00   8.6006439e-01   1.1540209e+00   1.7446182e+00   1.9929841e+00   1.5564158e+00   1.3036983e+00   9.1474837e-01   2.3038170e+00   2.5208392e+00   2.5837846e+00   2.8013305e+00   3.0646846e+00   3.3500316e+00   3.4955755e+00   3.5675666e+00   3.5828075e+00   3.5488396e+00   3.5068111e+00   3.4642940e+00   3.4775620e+00   3.5565019e+00   3.7978373e+00   4.0153022e+00   4.2348108e+00   2.7103179e+00   4.4450351e+00   4.2616092e+00   3.8111694e+00   3.8447125e+00   1.7424643e+00   1.4455218e+00   1.4591665e+00   1.8050640e+00   3.2532028e+00   3.0236486e+00   2.8670919e+00   2.7971139e+00   2.6935832e+00   2.6537979e+00   2.5971289e+00   2.6120102e+00   2.6535265e+00   2.7710140e+00   2.8956763e+00   3.0518563e+00   3.2960470e+00   3.5130134e+00   3.7580009e+00   4.0122814e+00   4.2528367e+00   4.4436455e+00   4.7083707e+00   4.8495864e+00   5.0233154e+00   5.1331635e+00   5.2416604e+00   5.1474833e+00   2.6745234e+00   2.1843343e+00   2.2225456e+00   2.1757274e+00   2.0962074e+00   2.0579107e+00   2.0714645e+00   2.0402257e+00   1.9933199e+00   1.8834667e+00   1.7843433e+00   1.6157691e+00
   9.4715893e-01   7.8838456e-01   7.5926495e-01   9.3469286e-01   1.3781178e+00   1.9187430e+00   1.6958168e+00   1.1202904e+00   9.4922620e-01   1.3261968e+00   1.6198927e+00   1.9718134e+00   2.0207152e+00   2.2542160e+00   2.4679799e+00   2.8290379e+00   3.0475256e+00   3.2184558e+00   3.3819683e+00   3.4547725e+00   3.5711493e+00   3.6211157e+00   3.7117205e+00   3.8372736e+00   4.0049448e+00   4.2401128e+00   4.3227965e+00   1.9622042e+00   1.6964972e+00   2.2082207e+00   3.5285745e+00   3.5532883e+00   3.3275666e+00   1.6798854e+00   1.3512319e+00   1.1829613e+00   2.5612986e+00   2.5882740e+00   2.5638485e+00   2.6463046e+00   2.6454260e+00   2.6653862e+00   2.6946750e+00   2.7351003e+00   2.8095789e+00   2.9548464e+00   3.0993652e+00   3.2702270e+00   3.5022020e+00   3.7104423e+00   3.9275424e+00   4.1451306e+00   4.3676887e+00   4.4870090e+00   4.7268581e+00   4.7704215e+00   4.9371881e+00   4.9227891e+00   5.0038681e+00   4.8584752e+00   2.6167588e+00   2.1459582e+00   2.1642592e+00   1.9481004e+00   1.7444069e+00   1.6765196e+00   1.6719378e+00   1.5824492e+00   1.5416772e+00   1.3856144e+00   1.2684200e+00   1.1255330e+00
   7.3206109e-01   5.7938159e-01   4.8966855e-01   1.0689492e+00   1.5635148e+00   1.5427780e+00   1.0208398e+00   8.3857602e-01   8.8484961e-01   1.3107741e+00   1.5224366e+00   1.8826305e+00   1.9787110e+00   2.1394410e+00   2.1244085e+00   2.3366873e+00   2.5330334e+00   2.6761510e+00   2.9280334e+00   3.0595870e+00   3.3173490e+00   3.4840975e+00   3.6628363e+00   3.7741399e+00   3.9276760e+00   4.0492539e+00   3.9705975e+00   1.5455327e+00   1.3263907e+00   1.4230199e+00   3.1678551e+00   3.1172846e+00   3.1849247e+00   1.4211992e+00   1.1068048e+00   1.1564082e+00   2.0371821e+00   2.1224651e+00   2.2594740e+00   2.3878286e+00   2.5204592e+00   2.5767195e+00   2.6828945e+00   2.7490892e+00   2.8216188e+00   2.9835212e+00   3.1029725e+00   3.2824605e+00   3.4741147e+00   3.6484618e+00   3.7980847e+00   3.9814072e+00   4.1290989e+00   4.2534308e+00   4.3979230e+00   4.4457817e+00   4.5265064e+00   4.4668489e+00   4.4697385e+00   4.2671223e+00   2.2478683e+00   1.6375003e+00   1.6516006e+00   1.3695391e+00   1.1398468e+00   1.0617617e+00   9.7181839e-01   8.6896622e-01   8.2796204e-01   5.9099376e-01   5.4088247e-01   5.0443685e-01
   7.7254999e-01   6.2318933e-01   9.2509657e-01   1.1539787e+00   1.0768046e+00   7.5823677e-01   6.5454149e-01   7.9752576e-01   1.3457474e+00   1.6834519e+00   1.7257088e+00   2.0369081e+00   2.1032449e+00   2.2090060e+00   2.0597672e+00   1.8757181e+00   2.0790484e+00   2.1701913e+00   2.3577609e+00   2.5980239e+00   2.8457758e+00   3.1712072e+00   3.3449416e+00   3.4206910e+00   3.5913892e+00   3.5380630e+00   3.4282508e+00   1.4768018e+00   1.3806220e+00   1.2058871e+00   9.7425771e-01   1.0248480e+00   1.2100395e+00   8.9451861e-01   1.0368925e+00   1.6963733e+00   1.7036402e+00   1.8401170e+00   1.9705651e+00   2.1118388e+00   2.2593410e+00   2.3531523e+00   2.4851940e+00   2.5489342e+00   2.6284943e+00   2.7614298e+00   2.8808296e+00   3.0482614e+00   3.1949990e+00   3.3327501e+00   3.4424448e+00   3.5461340e+00   3.6664197e+00   3.7278955e+00   3.8089211e+00   3.8450379e+00   3.8235207e+00   3.7821949e+00   3.7073138e+00   3.5329039e+00   2.0579886e+00   1.4945301e+00   1.1357968e+00   7.5953156e-01   7.2673416e-01   6.2945771e-01   4.7831404e-01   5.5680716e-01   5.8093673e-01   4.6924937e-01   3.3913118e-01   5.6941527e-01
   7.4919361e-01   8.9867522e-01   1.0421894e+00   1.0787826e+00   7.4119499e-01   3.8889158e-01   2.1080711e-01   2.2085446e-01   1.3457473e+00   1.7028531e+00   1.6949135e+00   1.8641877e+00   5.7696998e-01   3.5358413e-01   5.2288955e-01   1.7170154e+00   1.9484639e+00   2.0219629e+00   1.7348465e+00   1.9979764e+00   2.3655529e+00   2.6805797e+00   2.8549785e+00   2.9567275e+00   2.9560387e+00   2.9184123e+00   2.6760192e+00   2.0059134e+00   1.4726564e+00   1.3286016e+00   1.1081445e+00   7.9449501e-01   6.1760026e-01   7.6536489e-01   1.4518104e+00   1.4911991e+00   1.5179677e+00   1.5662863e+00   1.6772046e+00   1.7986314e+00   1.8647242e+00   1.9600676e+00   2.0733867e+00   2.1095118e+00   2.2110019e+00   2.3439243e+00   2.4235203e+00   2.5788147e+00   2.6786704e+00   2.7501110e+00   2.8785989e+00   2.9044373e+00   2.9554299e+00   3.0270898e+00   2.9755542e+00   2.9771057e+00   2.9475050e+00   2.7928793e+00   2.7575819e+00   2.7226465e+00   2.1598230e+00   1.6835994e+00   1.7330099e+00   1.2529591e+00   8.6898609e-01   1.0616492e+00   1.0133982e+00   7.2556499e-01   6.9457901e-01   6.1487436e-01   6.5445630e-01   8.6711168e-01
   1.0759647e+00   9.0138865e-01   5.7228744e-01   3.5883892e-01   3.2073760e-01   1.5370266e-01   1.8467385e-01   2.0864964e-01   2.9409769e-01   8.7758458e-01   8.5966533e-01   3.2385391e-01   9.2099406e-02   1.9001094e-01   1.8348373e-01   1.7328714e-01   2.2333857e-01   2.8918287e-01   6.5791225e-01   1.6348608e+00   1.8759754e+00   2.1250334e+00   2.2598236e+00   2.2852924e+00   2.1482968e+00   2.0361137e+00   1.9010661e+00   1.7284428e+00   1.5309754e+00   1.1600143e+00   1.0842119e+00   1.0986818e+00   1.2339560e+00   1.1350874e+00   1.2196603e+00   1.2706240e+00   1.2375374e+00   1.2704895e+00   1.3310781e+00   1.3641286e+00   1.3884553e+00   1.4241763e+00   1.4877433e+00   1.5476353e+00   1.6145821e+00   1.7409695e+00   1.8484699e+00   1.9212091e+00   2.0185616e+00   2.1194506e+00   2.1713417e+00   2.1509070e+00   2.1587491e+00   2.1753294e+00   2.0632546e+00   1.9551423e+00   1.9154236e+00   1.7496804e+00   1.5991607e+00   1.6967063e+00   1.8703315e+00   1.4578814e+00   1.1534835e+00   1.0594556e+00   9.9406737e-01   8.9209706e-01   6.9996309e-01   8.3554298e-01   8.1211889e-01   9.3831980e-01   1.1535621e+00   1.1608118e+00
   4.7321686e-01   3.1406041e-01   1.9941369e-01   1.1786269e-01   1.3041986e-01   1.2980965e-01   2.3306942e-01   2.6707318e-01   4.0385509e-01   5.4071683e-01   3.3572324e-01   1.1857291e-01   5.8068007e-02   7.1463770e-02   1.0675928e-01   1.1931098e-01   1.4994749e-01   2.8210294e-01   6.1517972e-01   1.4498156e+00   1.5842524e+00   1.6296991e+00   1.5653935e+00   1.4894513e+00   1.3570936e+00   1.2238241e+00   1.0398943e+00   7.7091670e-01   6.0457604e-01   6.0715926e-01   6.8778327e-01   8.8261151e-01   1.0095169e+00   1.0026338e+00   1.0227518e+00   1.0425820e+00   9.9234617e-01   9.4700325e-01   9.3463045e-01   9.3465418e-01   9.2279733e-01   9.1462392e-01   9.7107589e-01   1.0492808e+00   1.0997413e+00   1.1845311e+00   1.3121582e+00   1.4165224e+00   1.4966120e+00   1.5708131e+00   1.6044800e+00   1.5621864e+00   1.5378627e+00   1.5109518e+00   1.4002613e+00   1.2988125e+00   1.1990753e+00   1.0209348e+00   9.6673277e-01   9.6727898e-01   1.5052355e+00   8.9749145e-01   6.6953760e-01   6.6789817e-01   7.9010197e-01   9.6746844e-01   7.0727134e-01   4.5117689e-01   3.3703139e-01   4.1308892e-01   6.3278429e-01   6.6529155e-01
   1.8583889e-01   1.6055043e-01   1.7302917e-01   1.5249327e-01   9.8884359e-02   6.2007084e-02   8.1005983e-02   1.1483554e-01   1.4616047e-01   1.3208976e-01   9.4351128e-02   9.2063770e-02   1.3554275e-01   1.5283656e-01   1.4761177e-01   1.8379766e-01   3.3698082e-01   5.4845124e-01   8.3642638e-01   1.3996711e+00   1.4033272e+00   1.3610671e+00   1.3225750e+00   1.3403726e+00   1.3596368e+00   1.2977198e+00   1.1722744e+00   1.0015709e+00   8.8633525e-01   8.3137512e-01   8.8268602e-01   9.3163800e-01   9.1996598e-01   8.6973399e-01   8.5069764e-01   8.2868826e-01   7.4514765e-01   6.4347947e-01   5.6715548e-01   5.2889645e-01   5.1371944e-01   5.1019716e-01   5.4653287e-01   6.0730326e-01   6.8255925e-01   7.9601848e-01   9.0591007e-01   1.0156267e+00   1.1172166e+00   1.1535654e+00   1.1528752e+00   1.1486288e+00   1.1638267e+00   1.1646514e+00   1.1035331e+00   1.0160906e+00   9.2431682e-01   8.0759087e-01   7.1945046e-01   4.7342306e-01   5.2197903e-01   5.7808208e-01   6.1789644e-01   7.0831355e-01   6.8203660e-01   7.0528561e-01   5.7996899e-01   4.0852064e-01   3.6932445e-01   4.3901390e-01   4.2320529e-01   3.1491536e-01
   3.0493405e-01   2.5394049e-01   2.2132480e-01   1.9246638e-01   1.7340215e-01   1.5502739e-01   1.4983253e-01   1.5945872e-01   1.7023179e-01   2.1082492e-01   2.4402267e-01   2.5673714e-01   2.2116268e-01   1.6200782e-01   1.5199555e-01   2.8476897e-01   4.2533428e-01   5.2480674e-01   6.0869545e-01   6.5893622e-01   6.5823024e-01   7.1278208e-01   1.1936215e+00   1.1901370e+00   1.1945087e+00   1.1960922e+00   1.1890284e+00   1.1789309e+00   1.1640394e+00   1.1316081e+00   1.0713004e+00   1.0071230e+00   9.2731193e-01   8.1482267e-01   7.1993991e-01   6.3208732e-01   5.3766198e-01   4.5864511e-01   3.6657664e-01   2.3831207e-01   1.5010856e-01   1.5645437e-01   2.5615045e-01   3.4534412e-01   4.3457734e-01   5.5022896e-01   6.5038607e-01   7.4058837e-01   8.2246660e-01   8.7274581e-01   9.2019948e-01   9.8677841e-01   1.0364048e+00   1.0389143e+00   9.2093053e-01   8.0673033e-01   8.5044134e-01   1.0664817e+00   7.4218264e-01   6.3873327e-01   5.5226862e-01   5.2850771e-01   5.6440139e-01   5.9621823e-01   5.5758482e-01   5.2371711e-01   5.7259899e-01   6.0208957e-01   5.8361417e-01   5.3674626e-01   4.7425556e-01   3.9392573e-01
