   0.0000000e+00
   0.0000000e+00
   0.0000000e+00
   0.0000000e+00
   0.0000000e+00
   0.0000000e+00
   0.0000000e+00
   0.0000000e+00
   0.0000000e+00
   0.0000000e+00
   0.0000000e+00
   0.0000000e+00
   0.0000000e+00
   3.6568090e-02
   2.9184574e-02
   2.1896516e-02
   1.3384210e-02
   7.3424134e-03
   1.9067283e-03
  -5.2140492e-03
  -0.0000000e+00
   0.0000000e+00
   0.0000000e+00
   0.0000000e+00
   0.0000000e+00
   0.0000000e+00
   0.0000000e+00
   0.0000000e+00
   0.0000000e+00
   0.0000000e+00
   0.0000000e+00
   0.0000000e+00
   0.0000000e+00
   0.0000000e+00
   0.0000000e+00
   0.0000000e+00
   0.0000000e+00
   0.0000000e+00
   0.0000000e+00
   0.0000000e+00
   0.0000000e+00
   0.0000000e+00
   0.0000000e+00
   0.0000000e+00
   0.0000000e+00
   0.0000000e+00
   0.0000000e+00
   0.0000000e+00
   0.0000000e+00
   0.0000000e+00
   0.0000000e+00
   0.0000000e+00
   0.0000000e+00
   0.0000000e+00
   0.0000000e+00
   0.0000000e+00
   0.0000000e+00
   0.0000000e+00
   0.0000000e+00
   0.0000000e+00
   0.0000000e+00
   0.0000000e+00
   0.0000000e+00
   0.0000000e+00
   0.0000000e+00
   0.0000000e+00
   0.0000000e+00
   0.0000000e+00
   0.0000000e+00
   0.0000000e+00
   0.0000000e+00
   0.0000000e+00
   5.6998213e-02
   3.4180309e-02
   2.3898583e-02
   2.1511955e-02
   1.7913987e-02
   8.6487020e-03
  -1.7315130e-03
  -7.0678507e-03
   0.0000000e+00
   0.0000000e+00
   0.0000000e+00
   0.0000000e+00
   0.0000000e+00
   0.0000000e+00
   0.0000000e+00
   0.0000000e+00
   1.9877828e-02
   1.5909664e-02
   1.1584201e-02
   4.6966271e-03
  -1.7779420e-03
  -7.7107180e-03
  -2.5933629e-02
   0.0000000e+00
   0.0000000e+00
   0.0000000e+00
   0.0000000e+00
   0.0000000e+00
   0.0000000e+00
   0.0000000e+00
   0.0000000e+00
   0.0000000e+00
   0.0000000e+00
   0.0000000e+00
   0.0000000e+00
   0.0000000e+00
   0.0000000e+00
   0.0000000e+00
   0.0000000e+00
   0.0000000e+00
   0.0000000e+00
   0.0000000e+00
   0.0000000e+00
   0.0000000e+00
   0.0000000e+00
   0.0000000e+00
   0.0000000e+00
   0.0000000e+00
   0.0000000e+00
   0.0000000e+00
   0.0000000e+00
   0.0000000e+00
   0.0000000e+00
   0.0000000e+00
   0.0000000e+00
   0.0000000e+00
   0.0000000e+00
   0.0000000e+00
   0.0000000e+00
   0.0000000e+00
   0.0000000e+00
   0.0000000e+00
   0.0000000e+00
   0.0000000e+00
   0.0000000e+00
   0.0000000e+00
   0.0000000e+00
   0.0000000e+00
   0.0000000e+00
   0.0000000e+00
   0.0000000e+00
   0.0000000e+00
   3.3656925e-02
   2.2582855e-02
   1.7526647e-02
   1.5444160e-02
   1.1868801e-02
   6.4541308e-03
   2.3847166e-03
   1.4116428e-03
  -8.7207890e-04
  -8.8674442e-03
  -1.5068265e-02
  -1.4987571e-02
  -1.8624814e-02
   0.0000000e+00
   0.0000000e+00
   0.0000000e+00
   0.0000000e+00
   0.0000000e+00
   0.0000000e+00
   6.9057218e-03
   5.1189650e-03
  -1.6216720e-03
  -1.3031422e-02
  -1.4302712e-02
  -1.8952031e-02
   0.0000000e+00
   0.0000000e+00
   0.0000000e+00
   0.0000000e+00
   0.0000000e+00
   0.0000000e+00
   0.0000000e+00
   0.0000000e+00
   0.0000000e+00
   0.0000000e+00
   0.0000000e+00
   0.0000000e+00
   0.0000000e+00
   0.0000000e+00
   0.0000000e+00
   0.0000000e+00
   0.0000000e+00
   0.0000000e+00
   0.0000000e+00
   0.0000000e+00
   0.0000000e+00
   0.0000000e+00
   0.0000000e+00
   0.0000000e+00
   0.0000000e+00
   0.0000000e+00
   0.0000000e+00
   0.0000000e+00
   0.0000000e+00
   0.0000000e+00
   0.0000000e+00
   0.0000000e+00
   0.0000000e+00
   0.0000000e+00
   0.0000000e+00
   0.0000000e+00
   0.0000000e+00
   0.0000000e+00
   0.0000000e+00
   0.0000000e+00
   0.0000000e+00
   0.0000000e+00
   0.0000000e+00
   0.0000000e+00
   0.0000000e+00
   0.0000000e+00
   3.6545722e-02
   1.4696634e-02
   1.0260414e-02
   7.7834162e-03
   4.4047562e-03
  -1.4783104e-04
  -1.5340279e-03
  -2.3388569e-03
  -4.4711391e-03
  -4.4460809e-03
  -4.3634158e-03
  -7.5162677e-03
  -1.1172930e-02
  -1.2888275e-02
  -2.1342218e-02
   0.0000000e+00
   0.0000000e+00
   0.0000000e+00
   0.0000000e+00
   0.0000000e+00
   0.0000000e+00
   2.9206964e-03
  -4.9936827e-03
  -6.8622222e-03
  -1.0638368e-02
  -1.5045153e-02
  -1.7207654e-02
  -2.8217458e-02
  -3.2514631e-02
   0.0000000e+00
   0.0000000e+00
   0.0000000e+00
   0.0000000e+00
   0.0000000e+00
   0.0000000e+00
   0.0000000e+00
   0.0000000e+00
   0.0000000e+00
   0.0000000e+00
   0.0000000e+00
   0.0000000e+00
   0.0000000e+00
   0.0000000e+00
   0.0000000e+00
   0.0000000e+00
   0.0000000e+00
   0.0000000e+00
   0.0000000e+00
   0.0000000e+00
   0.0000000e+00
   0.0000000e+00
   0.0000000e+00
   0.0000000e+00
   0.0000000e+00
   0.0000000e+00
   0.0000000e+00
   0.0000000e+00
   0.0000000e+00
   0.0000000e+00
   0.0000000e+00
   0.0000000e+00
   0.0000000e+00
   0.0000000e+00
   0.0000000e+00
   0.0000000e+00
   0.0000000e+00
   0.0000000e+00
   0.0000000e+00
   0.0000000e+00
   0.0000000e+00
   0.0000000e+00
   2.0163030e-02
   1.8712182e-02
   4.7766203e-03
  -6.9468108e-04
  -3.3506884e-03
  -6.9334195e-03
  -1.0508902e-02
  -1.0316560e-02
  -1.0823905e-02
  -1.0796365e-02
  -9.9072230e-03
  -1.0756255e-02
  -1.0428341e-02
  -1.0162594e-02
  -1.1644837e-02
  -1.5332927e-02
  -2.2177882e-02
  -2.5161889e-02
  -3.4718879e-02
   0.0000000e+00
   0.0000000e+00
   0.0000000e+00
   0.0000000e+00
  -0.0000000e+00
  -8.5339836e-03
  -1.1407938e-02
  -1.0941263e-02
  -9.3710171e-03
  -1.7000255e-02
  -2.5466040e-02
   0.0000000e+00
   0.0000000e+00
   0.0000000e+00
   0.0000000e+00
   0.0000000e+00
   0.0000000e+00
   0.0000000e+00
   0.0000000e+00
   0.0000000e+00
   0.0000000e+00
   0.0000000e+00
   0.0000000e+00
   0.0000000e+00
   0.0000000e+00
   0.0000000e+00
   0.0000000e+00
   0.0000000e+00
   0.0000000e+00
   0.0000000e+00
   0.0000000e+00
   0.0000000e+00
   0.0000000e+00
   0.0000000e+00
   0.0000000e+00
   0.0000000e+00
   0.0000000e+00
   0.0000000e+00
   0.0000000e+00
   0.0000000e+00
   0.0000000e+00
   0.0000000e+00
   0.0000000e+00
   0.0000000e+00
   0.0000000e+00
   0.0000000e+00
   0.0000000e+00
   0.0000000e+00
   0.0000000e+00
   0.0000000e+00
   0.0000000e+00
   0.0000000e+00
   0.0000000e+00
   1.3066424e-02
   7.9978956e-03
  -3.8380539e-03
  -7.6860590e-03
  -1.1802892e-02
  -1.4527697e-02
  -1.5269991e-02
  -1.5717588e-02
  -1.4333607e-02
  -1.3179133e-02
  -1.2428545e-02
  -1.1606450e-02
  -1.1319388e-02
  -1.1049622e-02
  -1.1268769e-02
  -1.3911434e-02
  -1.6505368e-02
  -2.0894166e-02
  -2.9176706e-02
  -2.7103973e-02
  -2.9995235e-02
   0.0000000e+00
   0.0000000e+00
   0.0000000e+00
   0.0000000e+00
  -1.7794187e-03
  -7.1361591e-03
  -2.6089894e-03
   7.8706164e-03
   0.0000000e+00
   0.0000000e+00
   0.0000000e+00
   0.0000000e+00
   0.0000000e+00
   0.0000000e+00
   0.0000000e+00
   0.0000000e+00
   0.0000000e+00
   0.0000000e+00
   0.0000000e+00
   0.0000000e+00
   0.0000000e+00
   0.0000000e+00
   0.0000000e+00
   0.0000000e+00
   0.0000000e+00
   0.0000000e+00
   0.0000000e+00
   0.0000000e+00
   0.0000000e+00
   0.0000000e+00
   0.0000000e+00
   0.0000000e+00
   0.0000000e+00
   0.0000000e+00
   0.0000000e+00
  -0.0000000e+00
   0.0000000e+00
   0.0000000e+00
   0.0000000e+00
   0.0000000e+00
   0.0000000e+00
   0.0000000e+00
   0.0000000e+00
   0.0000000e+00
   0.0000000e+00
   0.0000000e+00
   0.0000000e+00
   0.0000000e+00
   0.0000000e+00
   0.0000000e+00
   1.9066773e-02
   7.5644581e-03
   1.9098120e-03
  -8.9431386e-03
  -1.3138355e-02
  -1.6599292e-02
  -1.7677413e-02
  -1.7384807e-02
  -1.6932197e-02
  -1.5041715e-02
  -1.3635434e-02
  -1.2430197e-02
  -1.1574915e-02
  -1.1053104e-02
  -1.0196563e-02
  -9.6653802e-03
  -1.2172508e-02
  -1.3954381e-02
  -1.7814102e-02
  -2.0480899e-02
  -2.3999140e-02
  -2.9815625e-02
   0.0000000e+00
   0.0000000e+00
   0.0000000e+00
   0.0000000e+00
   7.8692276e-03
  -1.0656473e-03
  -9.4672544e-04
   1.2291544e-02
   0.0000000e+00
   0.0000000e+00
   0.0000000e+00
   0.0000000e+00
   0.0000000e+00
   0.0000000e+00
   0.0000000e+00
   0.0000000e+00
   0.0000000e+00
   0.0000000e+00
   0.0000000e+00
   0.0000000e+00
   0.0000000e+00
   0.0000000e+00
   0.0000000e+00
   0.0000000e+00
   0.0000000e+00
   0.0000000e+00
   0.0000000e+00
   0.0000000e+00
   0.0000000e+00
   0.0000000e+00
   0.0000000e+00
   0.0000000e+00
   0.0000000e+00
  -0.0000000e+00
  -2.3663532e-02
  -2.6068809e-02
   0.0000000e+00
   0.0000000e+00
   0.0000000e+00
   0.0000000e+00
   0.0000000e+00
   0.0000000e+00
   0.0000000e+00
   0.0000000e+00
   0.0000000e+00
   0.0000000e+00
   0.0000000e+00
   0.0000000e+00
   0.0000000e+00
   0.0000000e+00
   1.7698841e-02
   4.3301303e-03
  -2.4960889e-03
  -9.2464546e-03
  -1.4775101e-02
  -1.6933797e-02
  -1.6852243e-02
  -1.6424743e-02
  -1.4356025e-02
  -1.3497273e-02
  -1.0687912e-02
  -1.0411097e-02
  -9.0522431e-03
  -8.2168998e-03
  -7.7396142e-03
  -7.1463487e-03
  -9.9487621e-03
  -1.2319801e-02
  -1.5788984e-02
  -1.8222924e-02
  -1.9671343e-02
  -2.3461269e-02
  -2.2305785e-02
   0.0000000e+00
   0.0000000e+00
   0.0000000e+00
   1.1776641e-02
   1.2533139e-02
   0.0000000e+00
   0.0000000e+00
   0.0000000e+00
   0.0000000e+00
   0.0000000e+00
   0.0000000e+00
   0.0000000e+00
   0.0000000e+00
   0.0000000e+00
   0.0000000e+00
   0.0000000e+00
   0.0000000e+00
   0.0000000e+00
   0.0000000e+00
   0.0000000e+00
   0.0000000e+00
   0.0000000e+00
   0.0000000e+00
   0.0000000e+00
   0.0000000e+00
   0.0000000e+00
   0.0000000e+00
   0.0000000e+00
   0.0000000e+00
   0.0000000e+00
   0.0000000e+00
  -1.3430411e-02
  -2.1067628e-02
  -2.4883481e-02
  -2.9174300e-02
  -3.3975982e-02
   0.0000000e+00
   0.0000000e+00
   0.0000000e+00
   0.0000000e+00
   0.0000000e+00
   0.0000000e+00
   0.0000000e+00
   0.0000000e+00
   0.0000000e+00
   0.0000000e+00
   0.0000000e+00
   0.0000000e+00
   3.6722776e-02
   2.2040429e-02
   6.7618792e-03
  -2.3914478e-03
  -7.4309702e-03
  -1.2339554e-02
  -1.3946201e-02
  -1.3406101e-02
  -1.2614600e-02
  -1.0660291e-02
  -9.6557448e-03
  -7.3286272e-03
  -6.9089784e-03
  -5.2401177e-03
  -4.9009565e-03
  -4.6467179e-03
  -6.0267658e-03
  -8.4230052e-03
  -1.1857144e-02
  -1.4729436e-02
  -1.7186195e-02
  -1.7774785e-02
  -1.7243855e-02
  -1.5943966e-02
  -1.0093819e-02
   0.0000000e+00
   0.0000000e+00
   0.0000000e+00
   1.6317790e-02
   0.0000000e+00
   0.0000000e+00
   0.0000000e+00
   0.0000000e+00
   0.0000000e+00
  -8.6841532e-04
   0.0000000e+00
   0.0000000e+00
   0.0000000e+00
   0.0000000e+00
   0.0000000e+00
   0.0000000e+00
   0.0000000e+00
   0.0000000e+00
   0.0000000e+00
   0.0000000e+00
   0.0000000e+00
   0.0000000e+00
   0.0000000e+00
   0.0000000e+00
   0.0000000e+00
   0.0000000e+00
   0.0000000e+00
   0.0000000e+00
   0.0000000e+00
  -0.0000000e+00
  -1.4675793e-02
  -2.1347316e-02
  -2.4627452e-02
  -2.9030956e-02
  -3.0956169e-02
  -4.2804553e-02
   0.0000000e+00
   0.0000000e+00
   0.0000000e+00
   0.0000000e+00
   0.0000000e+00
   0.0000000e+00
   0.0000000e+00
   0.0000000e+00
   0.0000000e+00
   0.0000000e+00
   0.0000000e+00
   3.5562217e-02
   2.4304930e-02
   9.7917393e-03
  -4.3733040e-04
  -1.1225877e-02
  -1.3514017e-02
  -1.3422050e-02
  -1.2249425e-02
  -1.0441503e-02
  -8.5626784e-03
  -6.8335156e-03
  -4.9156081e-03
  -3.8126838e-03
  -2.6407777e-03
  -2.3330392e-03
  -3.3233574e-03
  -4.9248287e-03
  -8.2495892e-03
  -1.1031949e-02
  -1.4226797e-02
  -1.5403327e-02
  -1.5906876e-02
  -1.3892163e-02
  -1.1360422e-02
  -8.3690416e-03
  -1.0067204e-02
   0.0000000e+00
   0.0000000e+00
   1.2235449e-02
   0.0000000e+00
   0.0000000e+00
   0.0000000e+00
   0.0000000e+00
  -0.0000000e+00
  -7.7745800e-04
   0.0000000e+00
   0.0000000e+00
   0.0000000e+00
   0.0000000e+00
   0.0000000e+00
   0.0000000e+00
   0.0000000e+00
   0.0000000e+00
   0.0000000e+00
   0.0000000e+00
   0.0000000e+00
   0.0000000e+00
   0.0000000e+00
   0.0000000e+00
   0.0000000e+00
   0.0000000e+00
   0.0000000e+00
   0.0000000e+00
  -0.0000000e+00
  -8.1140789e-03
  -1.4064928e-02
  -1.9166464e-02
  -2.0628936e-02
  -2.4039075e-02
  -2.4285799e-02
  -4.2804558e-02
   0.0000000e+00
   0.0000000e+00
   0.0000000e+00
   0.0000000e+00
   0.0000000e+00
   0.0000000e+00
   0.0000000e+00
   0.0000000e+00
   0.0000000e+00
   0.0000000e+00
   0.0000000e+00
   2.7320620e-02
   1.5859038e-02
   1.9499246e-03
  -6.6290341e-03
  -1.7859265e-02
  -1.6936418e-02
  -1.5460616e-02
  -1.3118526e-02
  -1.0545422e-02
  -8.0471812e-03
  -5.6054071e-03
  -3.2416605e-03
  -1.6084490e-03
  -7.6215091e-04
  -6.7281345e-04
  -2.2755181e-03
  -3.8534901e-03
  -7.4678957e-03
  -9.7500039e-03
  -1.2577227e-02
  -1.2855078e-02
  -1.2894529e-02
  -1.0364029e-02
  -7.8724390e-03
  -4.0329034e-03
  -3.9334456e-03
   0.0000000e+00
   0.0000000e+00
   1.3402837e-02
   0.0000000e+00
   0.0000000e+00
   4.1077993e-03
   1.3311622e-03
  -1.9038845e-03
  -1.0827523e-03
   0.0000000e+00
   0.0000000e+00
   0.0000000e+00
   0.0000000e+00
   0.0000000e+00
   0.0000000e+00
   0.0000000e+00
   0.0000000e+00
   0.0000000e+00
  -1.2008463e-02
   0.0000000e+00
   0.0000000e+00
   0.0000000e+00
   0.0000000e+00
   0.0000000e+00
   0.0000000e+00
   0.0000000e+00
   0.0000000e+00
  -5.4196066e-03
  -7.1220268e-03
  -1.1232659e-02
  -1.4899160e-02
  -1.6023632e-02
  -1.8524330e-02
  -1.6281816e-02
   0.0000000e+00
   0.0000000e+00
   0.0000000e+00
   0.0000000e+00
   0.0000000e+00
   0.0000000e+00
   0.0000000e+00
   0.0000000e+00
   0.0000000e+00
   0.0000000e+00
   0.0000000e+00
   2.4637185e-02
   1.8800819e-02
   3.5187125e-03
  -1.0348476e-02
  -1.5983857e-02
  -2.0225501e-02
  -1.7991547e-02
  -1.5786307e-02
  -1.2951112e-02
  -1.0044832e-02
  -7.1596531e-03
  -4.4908430e-03
  -1.3726734e-03
   2.3604333e-04
   9.7574695e-04
   7.9143385e-04
  -7.6912169e-04
  -2.3138493e-03
  -5.7258438e-03
  -7.7995081e-03
  -9.3543530e-03
  -9.9771507e-03
  -8.7926183e-03
  -7.3081716e-03
  -2.9085295e-03
   2.7191984e-03
  -1.8267062e-04
   0.0000000e+00
   0.0000000e+00
   1.9819222e-02
   1.1709734e-02
   5.2425269e-03
   4.3559307e-03
   1.5066830e-03
  -4.8792211e-04
  -2.8157856e-03
   0.0000000e+00
   0.0000000e+00
   0.0000000e+00
   0.0000000e+00
   0.0000000e+00
   0.0000000e+00
   0.0000000e+00
   0.0000000e+00
  -1.4531711e-02
  -1.1462395e-02
   0.0000000e+00
   0.0000000e+00
   0.0000000e+00
   0.0000000e+00
   0.0000000e+00
   0.0000000e+00
   0.0000000e+00
  -2.6652530e-03
  -4.7554406e-03
  -6.0308222e-03
  -8.7038809e-03
  -1.1626512e-02
  -1.3436198e-02
  -1.5169526e-02
  -1.1919819e-02
  -4.7430423e-03
  -3.6511142e-03
   0.0000000e+00
   0.0000000e+00
   0.0000000e+00
   0.0000000e+00
   0.0000000e+00
   0.0000000e+00
   0.0000000e+00
   0.0000000e+00
   2.5601881e-02
   2.3841064e-02
   1.0644971e-02
  -5.8378153e-03
  -1.7780509e-02
  -2.0505555e-02
  -1.7605424e-02
  -1.6024176e-02
  -1.3180683e-02
  -1.0710682e-02
  -7.5609041e-03
  -4.7782930e-03
  -2.3709033e-03
   1.2564044e-03
   2.3251781e-03
   2.9234749e-03
   2.5427442e-03
   1.2160545e-03
   2.5599242e-05
  -3.3444026e-03
  -4.9039237e-03
  -5.6487666e-03
  -6.4428397e-03
  -4.8232316e-03
  -4.0185764e-03
   1.8128679e-03
   8.6934138e-03
  -3.9727602e-04
   0.0000000e+00
   0.0000000e+00
   1.9711984e-02
   1.2045160e-02
   6.9142249e-03
   5.0483105e-03
   1.8775377e-03
   1.9066297e-03
   0.0000000e+00
   0.0000000e+00
   0.0000000e+00
   0.0000000e+00
   0.0000000e+00
   0.0000000e+00
   0.0000000e+00
   0.0000000e+00
  -0.0000000e+00
  -1.4698489e-02
  -1.0312997e-02
   0.0000000e+00
   0.0000000e+00
   0.0000000e+00
   0.0000000e+00
   0.0000000e+00
   0.0000000e+00
  -0.0000000e+00
  -2.3087273e-03
  -2.8613524e-03
  -4.3803044e-03
  -7.5748535e-03
  -1.0342369e-02
  -1.2743521e-02
  -1.3588590e-02
  -9.1945361e-03
  -4.2564096e-03
  -8.5898358e-04
   4.6326611e-03
   0.0000000e+00
   0.0000000e+00
   0.0000000e+00
   0.0000000e+00
   0.0000000e+00
   0.0000000e+00
   0.0000000e+00
   2.6093955e-02
   2.2195980e-02
   3.7754930e-03
  -1.0860197e-02
  -1.9199736e-02
  -1.9673590e-02
  -1.2800826e-02
  -1.0840571e-02
  -8.8047585e-03
  -6.6352353e-03
  -3.3443852e-03
  -7.5960026e-04
   1.5377726e-03
   4.3046355e-03
   5.3799564e-03
   5.5963534e-03
   5.2730164e-03
   4.2339553e-03
   2.7712300e-03
   7.0142926e-04
  -1.0445591e-03
  -2.1366544e-03
  -2.2282071e-03
  -1.4860364e-03
  -4.8731788e-04
   6.0904148e-03
   1.3632341e-02
   9.8425354e-03
   0.0000000e+00
   0.0000000e+00
   1.7991524e-02
   1.4099610e-02
   1.0135972e-02
   9.1668328e-03
   0.0000000e+00
   0.0000000e+00
   0.0000000e+00
   0.0000000e+00
   0.0000000e+00
   0.0000000e+00
   0.0000000e+00
   0.0000000e+00
   0.0000000e+00
   0.0000000e+00
  -0.0000000e+00
  -1.5464619e-02
  -1.0339808e-02
   0.0000000e+00
   0.0000000e+00
   0.0000000e+00
   0.0000000e+00
   0.0000000e+00
   0.0000000e+00
  -1.9283099e-03
  -6.7096280e-04
  -8.2489931e-04
  -2.5978475e-03
  -6.5234795e-03
  -9.7776341e-03
  -1.1472809e-02
  -1.1446016e-02
  -7.5619111e-03
  -1.2758300e-03
   3.4164016e-03
   4.6326612e-03
   0.0000000e+00
   0.0000000e+00
   0.0000000e+00
   0.0000000e+00
   0.0000000e+00
   0.0000000e+00
   0.0000000e+00
   2.9107860e-02
   1.3872451e-02
  -3.2089177e-03
  -1.2867656e-02
  -1.6165893e-02
  -1.4646328e-02
  -6.0345661e-03
  -4.9824258e-03
  -3.7927367e-03
  -1.8013426e-03
   1.4426541e-03
   3.7093125e-03
   5.7200920e-03
   8.1905816e-03
   9.1470554e-03
   9.3349759e-03
   8.9337546e-03
   7.8594917e-03
   6.3796947e-03
   4.0854416e-03
   2.0737299e-03
   7.2307279e-04
   2.4179648e-05
   6.9603941e-04
   2.4448952e-03
   9.3515702e-03
   1.8891528e-02
   2.4298571e-02
   0.0000000e+00
   0.0000000e+00
   1.7341359e-02
   1.4099611e-02
   1.0135972e-02
   9.1668333e-03
   0.0000000e+00
   0.0000000e+00
   0.0000000e+00
   0.0000000e+00
   0.0000000e+00
   0.0000000e+00
   0.0000000e+00
   0.0000000e+00
   0.0000000e+00
   0.0000000e+00
  -1.7627914e-02
  -1.4476819e-02
  -7.5461020e-03
   0.0000000e+00
   0.0000000e+00
   0.0000000e+00
   0.0000000e+00
   0.0000000e+00
   0.0000000e+00
   2.4929366e-03
   2.8824408e-03
   1.6244043e-03
  -1.1175614e-03
  -4.6563908e-03
  -6.8075843e-03
  -8.1428364e-03
  -8.0247931e-03
  -4.2758519e-03
   1.8397315e-03
   8.4428499e-03
   1.0425178e-02
   0.0000000e+00
   0.0000000e+00
   0.0000000e+00
   0.0000000e+00
   0.0000000e+00
   0.0000000e+00
   2.7355204e-02
   2.2938897e-02
   6.6625117e-03
  -3.6023050e-03
  -7.6778810e-03
  -7.9670334e-03
  -6.9820462e-03
  -1.7513775e-03
  -1.4160734e-03
  -3.6561574e-04
   1.6186177e-03
   4.6646013e-03
   6.9052298e-03
   9.1917440e-03
   1.1529638e-02
   1.2264406e-02
   1.2275243e-02
   1.1438610e-02
   1.0019706e-02
   8.2237674e-03
   5.3701433e-03
   3.0606170e-03
   1.3734351e-03
   3.9479768e-04
   1.2696097e-03
   3.7435188e-03
   1.1463016e-02
   2.2541061e-02
   3.5080545e-02
   0.0000000e+00
   0.0000000e+00
   0.0000000e+00
   0.0000000e+00
   0.0000000e+00
   0.0000000e+00
   0.0000000e+00
   0.0000000e+00
   0.0000000e+00
   0.0000000e+00
   0.0000000e+00
   0.0000000e+00
   0.0000000e+00
   0.0000000e+00
   0.0000000e+00
  -0.0000000e+00
  -1.4979525e-02
  -1.1194760e-02
  -2.6978117e-03
   3.7617028e-03
   3.8668442e-03
   0.0000000e+00
   0.0000000e+00
   0.0000000e+00
   6.6191283e-03
   5.7773180e-03
   5.5549471e-03
   4.0343245e-03
   1.1710618e-03
  -2.1013527e-03
  -4.4467035e-03
  -5.8448971e-03
  -5.5940403e-03
  -1.5519978e-03
   4.5462237e-03
   1.1584738e-02
   1.9112860e-02
   2.5417858e-02
   0.0000000e+00
   0.0000000e+00
   0.0000000e+00
   0.0000000e+00
   2.2055884e-02
   2.5360923e-02
   1.6635621e-02
   5.0964630e-03
   2.0967273e-04
  -1.3382430e-03
  -1.8091943e-03
  -1.8364325e-03
   1.4404168e-03
   1.4979193e-03
   2.5775945e-03
   4.5740400e-03
   7.5153559e-03
   9.9270474e-03
   1.2451828e-02
   1.4544282e-02
   1.4969739e-02
   1.4611932e-02
   1.3137105e-02
   1.1261841e-02
   9.0413289e-03
   5.6607728e-03
   3.0911539e-03
   1.1461402e-03
   1.7948961e-04
   1.4168466e-03
   4.6882341e-03
   1.3426323e-02
   2.6035197e-02
   4.2501830e-02
   0.0000000e+00
   0.0000000e+00
   0.0000000e+00
   0.0000000e+00
   0.0000000e+00
   0.0000000e+00
   0.0000000e+00
   0.0000000e+00
   0.0000000e+00
   0.0000000e+00
   0.0000000e+00
   0.0000000e+00
   0.0000000e+00
   0.0000000e+00
   0.0000000e+00
  -0.0000000e+00
  -1.2549314e-02
  -8.0930637e-03
   5.6883006e-04
   5.7712412e-03
   6.2144110e-03
   0.0000000e+00
   0.0000000e+00
   1.3417918e-02
   9.3224021e-03
   8.8258525e-03
   8.0934931e-03
   6.3729980e-03
   3.4438604e-03
   3.0221924e-04
  -2.2667148e-03
  -3.7025388e-03
  -3.3702150e-03
   9.8261668e-04
   7.2028576e-03
   1.4595769e-02
   2.4579018e-02
   2.8236168e-02
   0.0000000e+00
   0.0000000e+00
   0.0000000e+00
   2.6769981e-02
   2.2208298e-02
   2.2282584e-02
   1.3301182e-02
   6.7479126e-03
   5.0272532e-03
   4.2033237e-03
   2.7988972e-03
   1.9272396e-03
   3.7628073e-03
   3.9446925e-03
   5.1437536e-03
   7.1539588e-03
   1.0095656e-02
   1.2831821e-02
   1.5499709e-02
   1.7230799e-02
   1.7281968e-02
   1.6398460e-02
   1.4144553e-02
   1.1748705e-02
   9.0407039e-03
   5.2090018e-03
   2.4243750e-03
   3.0955554e-04
  -4.0198157e-04
   1.3130523e-03
   5.4327328e-03
   1.5311541e-02
   2.9450469e-02
   4.6924834e-02
   0.0000000e+00
   0.0000000e+00
   0.0000000e+00
   0.0000000e+00
   0.0000000e+00
   0.0000000e+00
   0.0000000e+00
   0.0000000e+00
   0.0000000e+00
   0.0000000e+00
   0.0000000e+00
   0.0000000e+00
   0.0000000e+00
   0.0000000e+00
   0.0000000e+00
  -1.0605630e-02
  -9.2869516e-03
  -5.4584719e-03
   3.2582656e-03
   9.6240590e-03
   1.0715321e-02
   0.0000000e+00
   0.0000000e+00
   1.3417918e-02
   1.3427286e-02
   1.1473404e-02
   1.0527215e-02
   8.5901850e-03
   5.5677117e-03
   2.4373481e-03
  -2.5291334e-04
  -1.6610249e-03
  -1.3016211e-03
   3.3298581e-03
   9.7857113e-03
   1.7589432e-02
   2.8712145e-02
   3.3639615e-02
   0.0000000e+00
   0.0000000e+00
   0.0000000e+00
   2.6769984e-02
   2.3579756e-02
   1.8450752e-02
   1.3007477e-02
   1.0848228e-02
   1.0269089e-02
   8.7449433e-03
   6.0281458e-03
   4.5369726e-03
   6.4032460e-03
   7.0567406e-03
   8.5535292e-03
   1.0914173e-02
   1.4180182e-02
   1.7060429e-02
   1.9326866e-02
   2.0241296e-02
   1.9316442e-02
   1.7136944e-02
   1.3455093e-02
   1.0267213e-02
   6.8632457e-03
   2.7615840e-03
   6.2114123e-05
  -1.6079651e-03
  -1.1490459e-03
   1.7144298e-03
   7.4148844e-03
   1.9333437e-02
   3.4588546e-02
   5.1478606e-02
   4.8058271e-02
   3.6503859e-02
   0.0000000e+00
   0.0000000e+00
   0.0000000e+00
   0.0000000e+00
   0.0000000e+00
   0.0000000e+00
   0.0000000e+00
   0.0000000e+00
   0.0000000e+00
   0.0000000e+00
   0.0000000e+00
   0.0000000e+00
   0.0000000e+00
  -6.9644172e-03
  -5.3443015e-03
  -1.4779835e-03
   8.1649292e-03
   1.4985416e-02
   1.7128082e-02
   0.0000000e+00
   1.9603331e-02
   1.9618474e-02
   1.6079053e-02
   1.4468595e-02
   1.3664810e-02
   1.1348812e-02
   8.1090964e-03
   4.9808132e-03
   2.5036621e-03
   1.5110313e-03
   2.4383883e-03
   7.6232692e-03
   1.4292529e-02
   2.2474138e-02
   3.3513591e-02
   3.8755149e-02
   3.9045140e-02
   0.0000000e+00
   0.0000000e+00
   3.2139229e-02
   2.4006996e-02
   1.9188726e-02
   1.7423831e-02
   1.6741127e-02
   1.5031424e-02
   1.1982417e-02
   8.4827812e-03
   6.8704635e-03
   7.6111918e-03
   8.6902473e-03
   1.0541511e-02
   1.3056805e-02
   1.6271183e-02
   1.8843088e-02
   2.0662319e-02
   2.0792358e-02
   1.8973589e-02
   1.5820559e-02
   1.1424814e-02
   7.8925127e-03
   4.3405229e-03
   5.5926252e-04
  -1.6480999e-03
  -2.5695688e-03
  -1.0093846e-03
   2.9213667e-03
   9.7078448e-03
   2.2688963e-02
   3.8295589e-02
   5.5519715e-02
   5.8773156e-02
   5.0586910e-02
   0.0000000e+00
   0.0000000e+00
   0.0000000e+00
   0.0000000e+00
   0.0000000e+00
   0.0000000e+00
   0.0000000e+00
   0.0000000e+00
   0.0000000e+00
   0.0000000e+00
   0.0000000e+00
   0.0000000e+00
   0.0000000e+00
  -4.5366772e-03
  -3.3573569e-03
   1.7600172e-03
   1.1692334e-02
   1.7880035e-02
   2.0920441e-02
   2.5618368e-02
   2.5039797e-02
   2.1869363e-02
   1.7929321e-02
   1.6566086e-02
   1.5588041e-02
   1.2763736e-02
   9.3511108e-03
   6.3178753e-03
   4.1011465e-03
   3.6462220e-03
   5.3952020e-03
   1.1369467e-02
   1.8544858e-02
   2.6976559e-02
   3.7396140e-02
   4.2519732e-02
   4.2412050e-02
   4.1578915e-02
   4.4240910e-02
   3.6323194e-02
   2.4763469e-02
   2.0863544e-02
   1.9813376e-02
   1.8440939e-02
   1.5861133e-02
   1.2520897e-02
   9.1431485e-03
   7.7584712e-03
   8.6877262e-03
   1.0165717e-02
   1.2256567e-02
   1.4819279e-02
   1.7903225e-02
   2.0130768e-02
   2.1435760e-02
   2.0696713e-02
   1.8007597e-02
   1.4050401e-02
   9.1142571e-03
   5.3531034e-03
   1.8188258e-03
  -1.5062609e-03
  -3.0972871e-03
  -3.1931493e-03
  -5.5036187e-04
   4.3286057e-03
   1.2009747e-02
   2.5851615e-02
   4.1800786e-02
   5.9289984e-02
   6.7080595e-02
   6.1895471e-02
   0.0000000e+00
   0.0000000e+00
   0.0000000e+00
   0.0000000e+00
   0.0000000e+00
   0.0000000e+00
   0.0000000e+00
   0.0000000e+00
   0.0000000e+00
   0.0000000e+00
   0.0000000e+00
   0.0000000e+00
   4.4339870e-03
  -2.6318487e-03
  -1.3767451e-03
   5.0298134e-03
   1.5069311e-02
   2.0638902e-02
   2.4175890e-02
   2.6659578e-02
   2.7200283e-02
   2.3678038e-02
   1.9790096e-02
   1.8598234e-02
   1.7300505e-02
   1.3920666e-02
   1.0396041e-02
   7.5054625e-03
   5.6384569e-03
   5.8080317e-03
   8.4417164e-03
   1.5349100e-02
   2.3150800e-02
   3.1910561e-02
   4.1889042e-02
   4.6751108e-02
   4.5325980e-02
   4.4108573e-02
   4.5602728e-02
   3.8140912e-02
   2.5325589e-02
   2.2290248e-02
   2.1506747e-02
   1.9383302e-02
   1.6201975e-02
   1.2780132e-02
   9.6323388e-03
   8.5171936e-03
   9.9544315e-03
   1.1950819e-02
   1.4133468e-02
   1.6526810e-02
   1.9247036e-02
   2.0896113e-02
   2.1307924e-02
   1.9122782e-02
   1.5226061e-02
   1.0480707e-02
   5.1473751e-03
   1.3114591e-03
  -1.8292948e-03
  -4.1926598e-03
  -4.6157314e-03
  -3.3455401e-03
   8.2299832e-04
   6.8103263e-03
   1.5361827e-02
   3.0001759e-02
   4.6426869e-02
   6.4146653e-02
   7.3762704e-02
   7.2107236e-02
   0.0000000e+00
   0.0000000e+00
   0.0000000e+00
   0.0000000e+00
   0.0000000e+00
   0.0000000e+00
   0.0000000e+00
   0.0000000e+00
   0.0000000e+00
   0.0000000e+00
   0.0000000e+00
   0.0000000e+00
   4.4339866e-03
  -1.0351187e-03
   1.4763268e-03
   9.8337381e-03
   1.9623905e-02
   2.4331295e-02
   2.7696717e-02
   3.0477988e-02
   2.9089773e-02
   2.5314710e-02
   2.2507086e-02
   2.1394926e-02
   1.9311639e-02
   1.5022780e-02
   1.1471218e-02
   8.8928303e-03
   7.7302951e-03
   8.9965466e-03
   1.3050952e-02
   2.1628164e-02
   3.0603254e-02
   4.0011010e-02
   4.9747763e-02
   5.3912545e-02
   5.4143778e-02
   5.3385545e-02
   5.0596908e-02
   3.7841703e-02
   2.5707930e-02
   2.3804813e-02
   2.2412799e-02
   1.9066178e-02
   1.5610256e-02
   1.2535569e-02
   9.9605321e-03
   9.3285396e-03
   1.0862749e-02
   1.2937155e-02
   1.4900586e-02
   1.6920992e-02
   1.9010675e-02
   1.9784564e-02
   1.9055010e-02
   1.5534014e-02
   1.1045351e-02
   6.2157795e-03
   1.0875588e-03
  -2.2248006e-03
  -4.5116039e-03
  -5.5887912e-03
  -4.8325434e-03
  -2.5462116e-03
   2.5445266e-03
   9.1453632e-03
   1.8248488e-02
   3.3385081e-02
   4.9552970e-02
   6.6909593e-02
   7.8940192e-02
   7.2107232e-02
   0.0000000e+00
   0.0000000e+00
   0.0000000e+00
   0.0000000e+00
   0.0000000e+00
   0.0000000e+00
   0.0000000e+00
   0.0000000e+00
   0.0000000e+00
   0.0000000e+00
   0.0000000e+00
   0.0000000e+00
   4.4339870e-03
   1.7982881e-03
   5.7341820e-03
   1.5048805e-02
   2.4235077e-02
   2.8185688e-02
   3.0869447e-02
   3.2033632e-02
   3.0063853e-02
   2.7225265e-02
   2.4812871e-02
   2.2761632e-02
   1.9630852e-02
   1.5086519e-02
   1.2067671e-02
   1.0193941e-02
   9.8924615e-03
   1.2270289e-02
   1.7702512e-02
   2.7862763e-02
   3.7957795e-02
   4.7975845e-02
   5.7084720e-02
   6.0232181e-02
   5.9826799e-02
   5.5531475e-02
   4.6894789e-02
   3.3883294e-02
   2.5516083e-02
   2.3701273e-02
   2.1440079e-02
   1.7610031e-02
   1.4448491e-02
   1.1858482e-02
   9.9527339e-03
   9.8407250e-03
   1.1078441e-02
   1.3065686e-02
   1.4785943e-02
   1.6487831e-02
   1.8009817e-02
   1.8110748e-02
   1.6654037e-02
   1.2563596e-02
   8.0482885e-03
   3.5256807e-03
  -1.0549350e-03
  -3.7595770e-03
  -5.3470212e-03
  -5.5854379e-03
  -4.2008799e-03
  -1.4124052e-03
   4.1461745e-03
   1.1070028e-02
   2.0410029e-02
   3.5476684e-02
   5.1025645e-02
   6.7924469e-02
   7.9918368e-02
   0.0000000e+00
   0.0000000e+00
   0.0000000e+00
   0.0000000e+00
   0.0000000e+00
   0.0000000e+00
   0.0000000e+00
   0.0000000e+00
   0.0000000e+00
   0.0000000e+00
   0.0000000e+00
   0.0000000e+00
   0.0000000e+00
   0.0000000e+00
   2.6133371e-03
   9.3352038e-03
   1.8756173e-02
   2.7179908e-02
   3.0481057e-02
   3.2539714e-02
   3.2819744e-02
   3.0752424e-02
   2.8294137e-02
   2.5590311e-02
   2.2808555e-02
   1.9224112e-02
   1.4946847e-02
   1.2595611e-02
   1.1380640e-02
   1.1684654e-02
   1.4686601e-02
   2.0889006e-02
   3.1967696e-02
   4.2688774e-02
   5.3139192e-02
   6.1591037e-02
   6.3458927e-02
   6.1923634e-02
   5.4898065e-02
   4.3799127e-02
   3.1607121e-02
   2.4996069e-02
   2.2950565e-02
   2.0221220e-02
   1.6271753e-02
   1.3388933e-02
   1.1165048e-02
   9.7076350e-03
   9.9029539e-03
   1.0978249e-02
   1.2724611e-02
   1.4049030e-02
   1.5286677e-02
   1.5959654e-02
   1.5134895e-02
   1.2801674e-02
   8.3042605e-03
   4.1046141e-03
   3.0986380e-04
  -3.1969475e-03
  -4.8969917e-03
  -5.4873065e-03
  -4.6954563e-03
  -2.6756054e-03
   5.7404144e-04
   6.5777972e-03
   1.3823697e-02
   2.3335562e-02
   3.7934530e-02
   5.2285860e-02
   6.8408174e-02
   7.7703959e-02
   0.0000000e+00
   0.0000000e+00
   0.0000000e+00
   0.0000000e+00
   0.0000000e+00
   0.0000000e+00
   0.0000000e+00
   0.0000000e+00
   0.0000000e+00
   0.0000000e+00
   0.0000000e+00
   0.0000000e+00
   0.0000000e+00
   0.0000000e+00
   0.0000000e+00
   1.9779655e-02
   2.3606991e-02
   3.0736664e-02
   3.3088915e-02
   3.4204707e-02
   3.3563934e-02
   3.1649914e-02
   2.9435389e-02
   2.5841221e-02
   2.2047664e-02
   1.8128420e-02
   1.4599601e-02
   1.3378799e-02
   1.3166113e-02
   1.4256473e-02
   1.7927329e-02
   2.4951340e-02
   3.7047715e-02
   4.8436643e-02
   5.9451461e-02
   6.6856260e-02
   6.6555189e-02
   6.2939148e-02
   5.2149406e-02
   3.9336204e-02
   2.9107219e-02
   2.3974527e-02
   2.1366183e-02
   1.8157473e-02
   1.4251169e-02
   1.1794784e-02
   1.0069132e-02
   9.1739102e-03
   9.7159188e-03
   8.4472923e-03
   9.4465865e-03
   1.0098523e-02
   1.0645652e-02
   1.0390787e-02
   8.9875831e-03
   6.5447525e-03
   2.9682717e-03
   3.1957873e-04
  -1.6258238e-03
  -2.9227894e-03
  -3.0481537e-03
  -2.2906517e-03
  -2.3169330e-04
   2.5406288e-03
   6.3497233e-03
   1.2745282e-02
   1.9898060e-02
   2.8716851e-02
   4.1055575e-02
   5.2364481e-02
   6.3994743e-02
   6.4496979e-02
   0.0000000e+00
   0.0000000e+00
   0.0000000e+00
   0.0000000e+00
   0.0000000e+00
   1.0699167e-05
   2.6582141e-04
   0.0000000e+00
   0.0000000e+00
   0.0000000e+00
   0.0000000e+00
   0.0000000e+00
   0.0000000e+00
   0.0000000e+00
   0.0000000e+00
   0.0000000e+00
   2.8676027e-02
   3.1355284e-02
   3.2858960e-02
   3.3693358e-02
   3.3183530e-02
   3.1529963e-02
   2.8832516e-02
   2.4153557e-02
   2.0023345e-02
   1.6613901e-02
   1.5075257e-02
   1.5829897e-02
   1.7333606e-02
   1.9415660e-02
   2.2644141e-02
   2.9005244e-02
   4.0828116e-02
   5.2621567e-02
   6.4135537e-02
   6.9474071e-02
   6.5722286e-02
   5.9265804e-02
   4.5464136e-02
   3.2940268e-02
   2.4671827e-02
   2.0159237e-02
   1.7129902e-02
   1.3766436e-02
   1.0275654e-02
   8.4425313e-03
   7.2450065e-03
   6.8137860e-03
   7.4445396e-03
   5.5493307e-03
   6.1197313e-03
   6.4574670e-03
   6.7016752e-03
   6.1562811e-03
   4.7346300e-03
   2.6228181e-03
  -1.0757940e-05
  -1.5840946e-03
  -2.3585805e-03
  -2.3047840e-03
  -1.4381682e-03
   1.9315648e-04
   3.1090525e-03
   6.4095975e-03
   1.0609050e-02
   1.7175652e-02
   2.4044828e-02
   3.2042384e-02
   4.2439047e-02
   5.1164466e-02
   5.8843348e-02
   5.1295298e-02
   4.1379340e-03
  -1.9765913e-02
  -1.8070952e-02
  -9.6619472e-03
  -4.6370407e-03
  -2.5226416e-05
   2.5347799e-04
   3.3939251e-04
   0.0000000e+00
   0.0000000e+00
   0.0000000e+00
   0.0000000e+00
   0.0000000e+00
   0.0000000e+00
   0.0000000e+00
   0.0000000e+00
   3.0884599e-02
   2.9819515e-02
   3.1151265e-02
   3.2587480e-02
   3.2458495e-02
   3.0889718e-02
   2.7971761e-02
   2.3072502e-02
   1.9125021e-02
   1.6295772e-02
   1.5911473e-02
   1.7728933e-02
   2.0095358e-02
   2.1845290e-02
   2.3429639e-02
   2.8763872e-02
   3.9904676e-02
   5.1489893e-02
   6.3194074e-02
   6.7705914e-02
   6.2392719e-02
   5.4429799e-02
   3.9588831e-02
   2.7885951e-02
   2.0741295e-02
   1.6544985e-02
   1.3454880e-02
   1.0189984e-02
   7.0752143e-03
   5.5587267e-03
   4.5848270e-03
   4.2675254e-03
   4.8048508e-03
   4.7031229e-04
   4.5840581e-04
   4.2647542e-04
   3.3347127e-04
  -4.1458175e-04
  -1.6128590e-03
  -2.9632234e-03
  -3.9885556e-03
  -3.9553911e-03
  -3.0536329e-03
  -1.1008932e-03
   1.1821966e-03
   4.0791439e-03
   8.2610672e-03
   1.2354995e-02
   1.7139228e-02
   2.3895376e-02
   3.0197214e-02
   3.6744476e-02
   4.3993964e-02
   4.8548963e-02
   4.9776025e-02
   3.4514169e-02
   4.1379335e-03
  -1.9765910e-02
  -1.8070953e-02
  -9.6619459e-03
  -4.6370404e-03
  -1.0245737e-04
   2.4021032e-04
   3.3939249e-04
   0.0000000e+00
   0.0000000e+00
   0.0000000e+00
   0.0000000e+00
   0.0000000e+00
   0.0000000e+00
   0.0000000e+00
   0.0000000e+00
   3.2559166e-02
   2.6236702e-02
   2.7584702e-02
   3.0442630e-02
   3.1072829e-02
   2.9567886e-02
   2.6395498e-02
   2.1515922e-02
   1.8114338e-02
   1.6300560e-02
   1.7492841e-02
   2.0696826e-02
   2.4137401e-02
   2.4722410e-02
   2.2973441e-02
   2.6401596e-02
   3.6200499e-02
   4.7154095e-02
   5.9040222e-02
   6.2714474e-02
   5.5613715e-02
   4.5703937e-02
   2.9998308e-02
   1.9928777e-02
   1.4308494e-02
   1.0510133e-02
   7.4808130e-03
   4.4981960e-03
   2.0028063e-03
   8.8359690e-04
   1.5028883e-04
  -1.3310334e-04
   1.6301726e-04
  -7.4249697e-03
  -7.6546930e-03
  -7.7716978e-03
  -7.8839334e-03
  -8.3252303e-03
  -8.8598654e-03
  -9.2065465e-03
  -8.8816062e-03
  -7.7585541e-03
  -5.7969275e-03
  -2.3975656e-03
   1.2524123e-03
   5.4481784e-03
   1.0860523e-02
   1.5582865e-02
   2.0559357e-02
   2.6765447e-02
   3.1815499e-02
   3.6267400e-02
   3.9586660e-02
   3.9500706e-02
   3.5283167e-02
   1.9689504e-02
   8.5556414e-05
  -1.3101257e-02
  -1.2530939e-02
  -6.5001859e-03
  -3.8438304e-03
   1.5222206e-03
   2.1073748e-03
   1.6271960e-03
   0.0000000e+00
   0.0000000e+00
   0.0000000e+00
   0.0000000e+00
   0.0000000e+00
   0.0000000e+00
   0.0000000e+00
   0.0000000e+00
   3.2559167e-02
   2.0658875e-02
   2.2285065e-02
   2.6494093e-02
   2.7821854e-02
   2.6491534e-02
   2.3737798e-02
   2.0004369e-02
   1.7714672e-02
   1.6561449e-02
   1.8061103e-02
   2.2474963e-02
   2.7359914e-02
   2.8490580e-02
   2.2973444e-02
   2.6401598e-02
   3.6200502e-02
   4.7154105e-02
   5.9040223e-02
   4.9790025e-02
   4.0032335e-02
   2.9476216e-02
   1.5995018e-02
   8.7468214e-03
   4.6953065e-03
   1.5409903e-03
  -1.0192543e-03
  -3.4048960e-03
  -5.3470116e-03
  -6.3077789e-03
  -7.0316279e-03
  -7.4472949e-03
  -7.4192025e-03
  -1.2098093e-02
  -1.2433081e-02
  -1.2597205e-02
  -1.2712920e-02
  -1.3004918e-02
  -1.3261078e-02
  -1.3239431e-02
  -1.2509186e-02
  -1.1152876e-02
  -9.0204464e-03
  -5.3240828e-03
  -1.2884355e-03
   3.3493538e-03
   9.2402553e-03
   1.4177480e-02
   1.9108440e-02
   2.4835402e-02
   2.9095173e-02
   3.2386525e-02
   3.3810394e-02
   3.1810120e-02
   2.5833826e-02
   1.1347858e-02
  -3.1578811e-03
  -1.1739199e-02
  -1.1017135e-02
  -6.0857134e-03
  -3.0096805e-03
   0.0000000e+00
   2.0569854e-03
   2.1066663e-03
   0.0000000e+00
   0.0000000e+00
   0.0000000e+00
   0.0000000e+00
   0.0000000e+00
   0.0000000e+00
   0.0000000e+00
   0.0000000e+00
   0.0000000e+00
   1.7509102e-02
   1.9312700e-02
   2.3470893e-02
   2.4955481e-02
   2.3884287e-02
   2.1723365e-02
   1.9287656e-02
   1.8378744e-02
   1.7021180e-02
   1.8519349e-02
   2.3488002e-02
   2.9564086e-02
   2.9811465e-02
   0.0000000e+00
   0.0000000e+00
   0.0000000e+00
   0.0000000e+00
   0.0000000e+00
   4.0983355e-02
   3.0530218e-02
   2.0338686e-02
   8.6805807e-03
   2.8607161e-03
  -4.7796746e-04
  -3.3160254e-03
  -5.6323055e-03
  -7.7620517e-03
  -9.5350441e-03
  -1.0499790e-02
  -1.1265503e-02
  -1.1789502e-02
  -1.1930056e-02
  -1.9835217e-02
  -2.0313184e-02
  -2.0551047e-02
  -2.0662059e-02
  -2.0749563e-02
  -2.0695931e-02
  -2.0363128e-02
  -1.9483011e-02
  -1.8285401e-02
  -1.6474200e-02
  -1.3026024e-02
  -8.9120067e-03
  -3.9746713e-03
   2.3781619e-03
   7.4633477e-03
   1.2108107e-02
   1.6838638e-02
   1.9724658e-02
   2.1199930e-02
   2.0055767e-02
   1.5987641e-02
   9.0362214e-03
  -1.8903302e-03
  -9.6457896e-03
  -1.2901217e-02
  -1.0846407e-02
  -8.5686064e-03
   0.0000000e+00
  -0.0000000e+00
   4.4466275e-04
   2.5263830e-03
   0.0000000e+00
   0.0000000e+00
   0.0000000e+00
   0.0000000e+00
   0.0000000e+00
   0.0000000e+00
   0.0000000e+00
   0.0000000e+00
   0.0000000e+00
   1.2494817e-02
   1.4609033e-02
   1.7557705e-02
   1.8963169e-02
   1.8527097e-02
   1.7804155e-02
   1.8336469e-02
   2.0669858e-02
   2.1681667e-02
   2.2199282e-02
   2.5113119e-02
   3.3606165e-02
   0.0000000e+00
   0.0000000e+00
   0.0000000e+00
   0.0000000e+00
   0.0000000e+00
   0.0000000e+00
   2.4871867e-02
   1.4427879e-02
   5.8285107e-03
  -2.1410471e-03
  -5.9157103e-03
  -8.3595828e-03
  -1.0759951e-02
  -1.2716865e-02
  -1.4551865e-02
  -1.6254362e-02
  -1.7355048e-02
  -1.8252867e-02
  -1.8995972e-02
  -1.9428987e-02
  -2.3361769e-02
  -2.4012126e-02
  -2.4442060e-02
  -2.4827361e-02
  -2.5297087e-02
  -2.5610926e-02
  -2.5753595e-02
  -2.5581077e-02
  -2.5016109e-02
  -2.3930114e-02
  -2.1557147e-02
  -1.8511415e-02
  -1.4755981e-02
  -9.8140454e-03
  -5.8504664e-03
  -2.3363619e-03
   9.0267428e-04
   2.5159724e-03
   2.8219977e-03
   8.1171130e-04
  -3.0534912e-03
  -8.6043216e-03
  -1.6121199e-02
  -2.0339200e-02
  -2.0778269e-02
  -1.6660605e-02
  -1.3961483e-02
   0.0000000e+00
  -0.0000000e+00
   4.4466270e-04
   2.5263829e-03
   0.0000000e+00
   0.0000000e+00
   0.0000000e+00
   0.0000000e+00
   0.0000000e+00
   0.0000000e+00
   0.0000000e+00
   0.0000000e+00
   0.0000000e+00
   1.5540757e-02
   1.1175756e-02
   1.0224825e-02
   1.1253413e-02
   1.2208681e-02
   1.3518889e-02
   1.6549589e-02
   2.0894881e-02
   2.2635017e-02
   0.0000000e+00
   2.5113115e-02
   3.3606163e-02
   0.0000000e+00
   0.0000000e+00
   0.0000000e+00
   0.0000000e+00
   0.0000000e+00
   2.3776532e-02
   1.5136869e-02
   4.7925119e-03
  -1.7405511e-03
  -7.3207682e-03
  -1.0182906e-02
  -1.2233232e-02
  -1.4356076e-02
  -1.6112562e-02
  -1.7794941e-02
  -1.9415168e-02
  -2.0474317e-02
  -2.1350741e-02
  -2.2193883e-02
  -2.2790838e-02
  -2.3924733e-02
  -2.4651207e-02
  -2.5187142e-02
  -2.5725374e-02
  -2.6402226e-02
  -2.6912484e-02
  -2.7307512e-02
  -2.7514962e-02
  -2.7299654e-02
  -2.6624041e-02
  -2.4893668e-02
  -2.2531776e-02
  -1.9573653e-02
  -1.5657915e-02
  -1.2546625e-02
  -9.8822638e-03
  -7.7191591e-03
  -7.0132357e-03
  -7.5385123e-03
  -1.0177482e-02
  -1.3997905e-02
  -1.8831821e-02
  -2.4563104e-02
  -2.7002661e-02
  -2.6091617e-02
  -2.0892836e-02
  -1.7980573e-02
  -1.6280834e-02
  -1.2000343e-02
   0.0000000e+00
   0.0000000e+00
   0.0000000e+00
   0.0000000e+00
   0.0000000e+00
   0.0000000e+00
   0.0000000e+00
   0.0000000e+00
   0.0000000e+00
   0.0000000e+00
   0.0000000e+00
   1.6852739e-02
   9.1186130e-03
   5.9225298e-03
   6.7326059e-03
   8.9078185e-03
   1.1673090e-02
   1.5779924e-02
   2.0991806e-02
   2.3045656e-02
   0.0000000e+00
   0.0000000e+00
   0.0000000e+00
   0.0000000e+00
   0.0000000e+00
   0.0000000e+00
   3.2845491e-02
   2.3836281e-02
   2.2639673e-02
   9.8330192e-03
   1.2074626e-05
  -5.2842828e-03
  -9.5417583e-03
  -1.1865119e-02
  -1.3644757e-02
  -1.5539600e-02
  -1.7104845e-02
  -1.8607697e-02
  -2.0073317e-02
  -2.1031143e-02
  -2.1831565e-02
  -2.2657992e-02
  -2.3295455e-02
  -1.7933181e-02
  -1.8671337e-02
  -1.9353100e-02
  -2.0109315e-02
  -2.1052492e-02
  -2.1801755e-02
  -2.2494836e-02
  -2.3173451e-02
  -2.3441738e-02
  -2.3380384e-02
  -2.2774736e-02
  -2.1814772e-02
  -2.0663007e-02
  -1.9369927e-02
  -1.8572308e-02
  -1.8181248e-02
  -1.8734919e-02
  -2.0279957e-02
  -2.2858782e-02
  -2.7099724e-02
  -3.1187289e-02
  -3.5309040e-02
  -3.9054026e-02
  -3.9897032e-02
  -3.8127284e-02
  -3.1721600e-02
  -2.3295727e-02
  -1.6280835e-02
  -1.2000343e-02
   0.0000000e+00
   0.0000000e+00
   0.0000000e+00
   0.0000000e+00
   0.0000000e+00
   0.0000000e+00
   0.0000000e+00
   0.0000000e+00
   0.0000000e+00
   0.0000000e+00
   0.0000000e+00
   0.0000000e+00
   1.8697931e-03
  -1.2457364e-03
  -7.8772861e-04
   1.6465107e-03
   0.0000000e+00
   0.0000000e+00
   0.0000000e+00
   0.0000000e+00
   0.0000000e+00
   0.0000000e+00
   0.0000000e+00
   0.0000000e+00
   0.0000000e+00
   0.0000000e+00
   3.2845495e-02
   2.3836279e-02
   1.7296067e-02
   2.8722873e-03
  -3.9373322e-03
  -7.0609923e-03
  -9.4785988e-03
  -1.0888685e-02
  -1.2034249e-02
  -1.3249343e-02
  -1.4157096e-02
  -1.4946833e-02
  -1.5665584e-02
  -1.6100542e-02
  -1.6482396e-02
  -1.6934065e-02
  -1.7382819e-02
  -1.1197294e-02
  -1.1692039e-02
  -1.2149074e-02
  -1.2659041e-02
  -1.3289109e-02
  -1.3783118e-02
  -1.4254478e-02
  -1.4794236e-02
  -1.5122925e-02
  -1.5253753e-02
  -1.5062785e-02
  -1.4620461e-02
  -1.4095761e-02
  -1.3647404e-02
  -1.3609854e-02
  -1.4036453e-02
  -1.5556395e-02
  -1.7774940e-02
  -2.0836236e-02
  -2.5513154e-02
  -3.0076612e-02
  -3.4852706e-02
  -3.9644875e-02
  -4.1627016e-02
  -4.1179731e-02
  -3.6214452e-02
  -2.8516166e-02
  -2.0235257e-02
  -1.2708316e-02
   0.0000000e+00
   0.0000000e+00
   0.0000000e+00
   0.0000000e+00
   0.0000000e+00
   0.0000000e+00
   0.0000000e+00
   0.0000000e+00
   0.0000000e+00
   0.0000000e+00
   0.0000000e+00
   0.0000000e+00
   0.0000000e+00
  -2.9990812e-03
  -4.1001136e-03
  -2.1693853e-03
   0.0000000e+00
   0.0000000e+00
   0.0000000e+00
   0.0000000e+00
   0.0000000e+00
   0.0000000e+00
   0.0000000e+00
   0.0000000e+00
   0.0000000e+00
   1.6998800e-02
   3.0687546e-02
   2.0921797e-02
   1.3560595e-02
   2.1564183e-03
  -2.6741722e-03
  -4.6379599e-03
  -6.0734791e-03
  -6.9116717e-03
  -7.6194517e-03
  -8.3661275e-03
  -8.8962652e-03
  -9.3374336e-03
  -9.7521590e-03
  -1.0009234e-02
  -1.0232965e-02
  -1.0511409e-02
  -1.0816502e-02
  -6.1220108e-03
  -6.4333524e-03
  -6.7210598e-03
  -7.0454897e-03
  -7.4396371e-03
  -7.7413190e-03
  -8.0456212e-03
  -8.4807528e-03
  -8.8549536e-03
  -9.1305878e-03
  -9.2520667e-03
  -9.1997646e-03
  -9.1475425e-03
  -9.3356576e-03
  -9.8707937e-03
  -1.0913476e-02
  -1.3161475e-02
  -1.5887484e-02
  -1.9312313e-02
  -2.4317719e-02
  -2.9239750e-02
  -3.4508873e-02
  -4.0090062e-02
  -4.2930506e-02
  -4.3479659e-02
  -3.9599679e-02
  -3.2449614e-02
  -2.3214793e-02
  -1.3241753e-02
   0.0000000e+00
   0.0000000e+00
   0.0000000e+00
   0.0000000e+00
   0.0000000e+00
   0.0000000e+00
   0.0000000e+00
   0.0000000e+00
   0.0000000e+00
   0.0000000e+00
   0.0000000e+00
   0.0000000e+00
   0.0000000e+00
  -4.7605373e-03
  -6.5958947e-03
  -5.0445469e-03
   0.0000000e+00
   0.0000000e+00
   0.0000000e+00
   0.0000000e+00
   0.0000000e+00
   0.0000000e+00
   0.0000000e+00
   0.0000000e+00
   0.0000000e+00
   1.6998803e-02
   2.9061599e-02
   1.8725822e-02
   1.0746030e-02
   1.6170332e-03
  -1.7224194e-03
  -2.8122799e-03
  -3.5078258e-03
  -3.9151125e-03
  -4.2930376e-03
  -4.6867738e-03
  -4.9323901e-03
  -5.1109241e-03
  -5.2965721e-03
  -5.4196198e-03
  -5.5242078e-03
  -5.6721335e-03
  -5.8689825e-03
   4.8607201e-03
   4.6422947e-03
   4.4675125e-03
   4.3042507e-03
   4.1284407e-03
   4.0334840e-03
   3.9702011e-03
   3.8440207e-03
   3.6777018e-03
   3.5435967e-03
   3.4192405e-03
   3.2456266e-03
   2.9457812e-03
   2.1190837e-03
   8.2718558e-04
  -1.0422342e-03
  -4.1815247e-03
  -7.4961251e-03
  -1.1197435e-02
  -1.5888404e-02
  -1.9889496e-02
  -2.3933511e-02
  -2.8831020e-02
  -3.2911979e-02
  -3.6845163e-02
  -3.8827211e-02
  -3.6479354e-02
  -2.9769201e-02
  -1.7376012e-02
   0.0000000e+00
   0.0000000e+00
   0.0000000e+00
   0.0000000e+00
   0.0000000e+00
   0.0000000e+00
   0.0000000e+00
   0.0000000e+00
   0.0000000e+00
   0.0000000e+00
   0.0000000e+00
   0.0000000e+00
   0.0000000e+00
  -1.3195821e-02
  -9.9374810e-03
  -8.3843218e-03
   0.0000000e+00
   0.0000000e+00
   0.0000000e+00
   0.0000000e+00
   0.0000000e+00
   0.0000000e+00
   0.0000000e+00
   0.0000000e+00
   0.0000000e+00
   1.5781714e-02
   2.0394389e-02
   1.2387339e-02
   7.0990874e-03
   3.4719661e-03
   3.2745516e-03
   4.1468325e-03
   4.8952452e-03
   5.2320948e-03
   5.4166261e-03
   5.5176327e-03
   5.5802478e-03
   5.6430153e-03
   5.6060376e-03
   5.4986877e-03
   5.3773485e-03
   5.1989574e-03
   5.0348099e-03
   9.5210345e-03
   9.4114346e-03
   9.3387337e-03
   9.2976717e-03
   9.2779603e-03
   9.3287313e-03
   9.4380146e-03
   9.5486231e-03
   9.5895575e-03
   9.6356515e-03
   9.6074352e-03
   9.3532130e-03
   8.8204313e-03
   7.5204740e-03
   5.6590023e-03
   3.0966876e-03
  -9.5210742e-04
  -5.0827386e-03
  -9.6270517e-03
  -1.5244124e-02
  -1.9829238e-02
  -2.4210408e-02
  -2.9051419e-02
  -3.2766879e-02
  -3.6338061e-02
  -3.8953084e-02
  -3.8219169e-02
  -3.3091959e-02
  -2.0635744e-02
   0.0000000e+00
   0.0000000e+00
   0.0000000e+00
   0.0000000e+00
   0.0000000e+00
   0.0000000e+00
   0.0000000e+00
   0.0000000e+00
   0.0000000e+00
   0.0000000e+00
   0.0000000e+00
  -1.9923560e-02
  -1.1557711e-02
  -1.0714998e-02
  -8.7601226e-03
  -7.5463488e-03
  -7.1746106e-03
   0.0000000e+00
   0.0000000e+00
   0.0000000e+00
  -0.0000000e+00
  -8.1396382e-03
  -9.7753237e-03
   0.0000000e+00
   0.0000000e+00
   1.1994841e-02
   1.5402401e-02
   8.9255935e-03
   5.1260898e-03
   3.5437148e-03
   4.6094651e-03
   6.3502807e-03
   7.8249015e-03
   8.5811187e-03
   9.1001904e-03
   9.4821751e-03
   9.7355926e-03
   9.9616935e-03
   1.0048815e-02
   9.9876998e-03
   9.8851910e-03
   9.7345058e-03
   9.6206050e-03
   1.5706173e-02
   1.5741007e-02
   1.5803790e-02
   1.5924909e-02
   1.6112373e-02
   1.6356551e-02
   1.6694863e-02
   1.7119737e-02
   1.7435735e-02
   1.7720991e-02
   1.7820366e-02
   1.7459164e-02
   1.6617232e-02
   1.4689166e-02
   1.2071760e-02
   8.5898400e-03
   3.3339552e-03
  -1.8797077e-03
  -7.5428508e-03
  -1.4389037e-02
  -1.9749264e-02
  -2.4577906e-02
  -2.9343937e-02
  -3.2574309e-02
  -3.5665040e-02
  -3.9120141e-02
  -4.0528242e-02
  -3.7501891e-02
  -2.4962042e-02
   0.0000000e+00
   0.0000000e+00
   0.0000000e+00
   0.0000000e+00
   0.0000000e+00
   0.0000000e+00
   0.0000000e+00
   0.0000000e+00
   0.0000000e+00
   0.0000000e+00
   0.0000000e+00
  -1.9923561e-02
  -1.1557711e-02
  -8.2456018e-03
  -7.1975375e-03
  -6.9902725e-03
  -7.1746109e-03
   0.0000000e+00
   0.0000000e+00
   0.0000000e+00
  -8.3020651e-03
  -8.1396390e-03
  -9.7753238e-03
   0.0000000e+00
   1.2509642e-03
   6.9689254e-03
   8.7770667e-03
   4.3311850e-03
   2.5075403e-03
   3.6389392e-03
   6.3811541e-03
   9.2746843e-03
   1.1713124e-02
   1.3025922e-02
   1.3988996e-02
   1.4743893e-02
   1.5250542e-02
   1.5693420e-02
   1.5945242e-02
   1.5945487e-02
   1.5867974e-02
   1.5754061e-02
   1.5706845e-02
   2.2997512e-02
   2.3228537e-02
   2.3421321e-02
   2.3688233e-02
   2.4031924e-02
   2.4321336e-02
   2.4669759e-02
   2.5107665e-02
   2.5357546e-02
   2.5424510e-02
   2.5015401e-02
   2.3954723e-02
   2.2169434e-02
   1.8933037e-02
   1.5271608e-02
   1.0874535e-02
   4.6944143e-03
  -1.1598796e-03
  -7.4216165e-03
  -1.5030267e-02
  -2.1022905e-02
  -2.6502797e-02
  -3.2486949e-02
  -3.7196219e-02
  -4.1818094e-02
  -4.6539631e-02
  -4.8802137e-02
  -4.8013423e-02
  -3.6963339e-02
   0.0000000e+00
   0.0000000e+00
   0.0000000e+00
   0.0000000e+00
   0.0000000e+00
   0.0000000e+00
   0.0000000e+00
   0.0000000e+00
   0.0000000e+00
   0.0000000e+00
   0.0000000e+00
  -2.8874263e-02
  -1.4278319e-02
  -8.7995537e-03
  -4.1142320e-03
  -4.1014776e-03
  -7.1657663e-03
  -8.2914187e-03
  -1.0030573e-02
  -1.2789948e-02
  -1.5506212e-02
  -1.4580433e-02
  -1.3614660e-02
  -1.3696831e-02
  -9.7490661e-03
  -4.2460887e-03
  -3.5844054e-03
  -5.7307496e-03
  -5.5194981e-03
  -2.0028618e-03
   2.2523920e-03
   6.3877730e-03
   1.0344191e-02
   1.2898339e-02
   1.5121575e-02
   1.7312240e-02
   1.8835906e-02
   2.0175807e-02
   2.1373138e-02
   2.1978395e-02
   2.2332057e-02
   2.2616697e-02
   2.2811864e-02
   2.3852898e-02
   2.4179270e-02
   2.4403749e-02
   2.4652166e-02
   2.4919827e-02
   2.5104310e-02
   2.5315885e-02
   2.5578657e-02
   2.5657915e-02
   2.5507580e-02
   2.4790173e-02
   2.3445144e-02
   2.1389553e-02
   1.7900465e-02
   1.4141795e-02
   9.7741755e-03
   3.8075757e-03
  -1.7463124e-03
  -7.6857628e-03
  -1.5069638e-02
  -2.1124512e-02
  -2.6916036e-02
  -3.3493724e-02
  -3.8731594e-02
  -4.3977723e-02
  -4.9918227e-02
  -5.3669143e-02
  -5.5043802e-02
  -4.6102971e-02
   0.0000000e+00
   0.0000000e+00
   0.0000000e+00
   0.0000000e+00
   0.0000000e+00
   0.0000000e+00
   0.0000000e+00
   0.0000000e+00
   0.0000000e+00
   0.0000000e+00
  -5.7653091e-02
  -3.4359146e-02
  -1.7879339e-02
  -1.1743054e-02
  -0.0000000e+00
  -3.3677672e-03
  -8.2915863e-03
  -1.1741608e-02
  -1.1818158e-02
  -1.4354398e-02
  -1.7621193e-02
  -1.7594356e-02
  -1.6366139e-02
  -1.5963446e-02
  -1.3448259e-02
  -9.7301528e-03
  -9.6272277e-03
  -1.1210170e-02
  -1.0598179e-02
  -6.7418721e-03
  -2.3101866e-03
   2.0117406e-03
   6.4127431e-03
   9.4924634e-03
   1.2289445e-02
   1.5231763e-02
   1.7328229e-02
   1.9165998e-02
   2.0894904e-02
   2.1895450e-02
   2.2569191e-02
   2.3155043e-02
   2.3543175e-02
   2.3137725e-02
   2.3612781e-02
   2.3862692e-02
   2.4014149e-02
   2.4047425e-02
   2.3971557e-02
   2.3861659e-02
   2.3713018e-02
   2.3420648e-02
   2.2846688e-02
   2.1601900e-02
   1.9855821e-02
   1.7522162e-02
   1.3931082e-02
   1.0333410e-02
   6.3731887e-03
   1.2446835e-03
  -3.3744522e-03
  -8.3439242e-03
  -1.4923503e-02
  -2.0888584e-02
  -2.7162354e-02
  -3.4666761e-02
  -4.0583992e-02
  -4.6712206e-02
  -5.5013560e-02
  -6.1903496e-02
  -6.7471776e-02
  -6.2875971e-02
   0.0000000e+00
   0.0000000e+00
   0.0000000e+00
   0.0000000e+00
   0.0000000e+00
   0.0000000e+00
   0.0000000e+00
   0.0000000e+00
   0.0000000e+00
   0.0000000e+00
  -5.7653093e-02
  -4.3777255e-02
  -2.5231741e-02
  -1.7755937e-02
  -1.2004100e-03
  -2.7345087e-03
  -1.0906144e-02
  -1.9751678e-02
  -1.5968271e-02
  -1.7986478e-02
  -2.1864213e-02
  -2.2205595e-02
  -2.1331785e-02
  -2.1225693e-02
  -1.9998954e-02
  -1.8307554e-02
  -1.9077161e-02
  -2.0203945e-02
  -1.9415408e-02
  -1.5654118e-02
  -1.1373323e-02
  -7.0783435e-03
  -2.2075155e-03
   1.6325361e-03
   5.2947212e-03
   9.4502256e-03
   1.2499772e-02
   1.5161108e-02
   1.7773871e-02
   1.9468008e-02
   2.0725110e-02
   2.1862630e-02
   2.2608975e-02
   1.6256423e-02
   1.6955338e-02
   1.7439593e-02
   1.7823874e-02
   1.8090454e-02
   1.8080663e-02
   1.7941390e-02
   1.7685144e-02
   1.7303970e-02
   1.6675477e-02
   1.5455190e-02
   1.3934905e-02
   1.1932074e-02
   8.9002946e-03
   6.0017975e-03
   2.9593894e-03
  -7.4575776e-04
  -3.9748531e-03
  -7.5016073e-03
  -1.2528936e-02
  -1.7569397e-02
  -2.3306543e-02
  -3.0933244e-02
  -3.7647955e-02
  -4.4953192e-02
  -5.5770333e-02
  -6.6760406e-02
  -7.8749468e-02
  -8.2279579e-02
   0.0000000e+00
   0.0000000e+00
   0.0000000e+00
   0.0000000e+00
   0.0000000e+00
   0.0000000e+00
   0.0000000e+00
   0.0000000e+00
   0.0000000e+00
   0.0000000e+00
  -6.0793653e-02
  -5.3488220e-02
  -3.2684453e-02
  -7.8029802e-03
   5.7056997e-03
   3.4077784e-03
  -1.0906144e-02
  -1.9591452e-02
  -1.6176492e-02
  -1.7824468e-02
  -2.2470740e-02
  -2.3854036e-02
  -2.3846833e-02
  -2.3999078e-02
  -2.3643004e-02
  -2.3264663e-02
  -2.4811200e-02
  -2.6395589e-02
  -2.6635119e-02
  -2.4709845e-02
  -2.2124801e-02
  -1.9420945e-02
  -1.5767102e-02
  -1.2096537e-02
  -8.0415975e-03
  -2.8823749e-03
   1.2449378e-03
   4.8839066e-03
   8.4811929e-03
   1.0817049e-02
   1.2609021e-02
   1.4305222e-02
   1.5454222e-02
   1.1424672e-02
   1.2315941e-02
   1.2974374e-02
   1.3536029e-02
   1.4043516e-02
   1.4216469e-02
   1.4210286e-02
   1.4061420e-02
   1.3775041e-02
   1.3276190e-02
   1.2237353e-02
   1.0964443e-02
   9.2909113e-03
   6.7152395e-03
   4.2757550e-03
   1.7610408e-03
  -1.2384815e-03
  -3.8317011e-03
  -6.7023290e-03
  -1.0946924e-02
  -1.5400330e-02
  -2.0652466e-02
  -2.8050270e-02
  -3.5020351e-02
  -4.2865880e-02
  -5.4788921e-02
  -6.7730381e-02
  -8.3165459e-02
  -9.0287646e-02
   0.0000000e+00
   0.0000000e+00
   0.0000000e+00
   0.0000000e+00
   0.0000000e+00
   0.0000000e+00
   0.0000000e+00
   0.0000000e+00
   0.0000000e+00
   0.0000000e+00
  -6.2329382e-02
  -5.9702832e-02
  -3.8511573e-02
  -8.1550702e-03
   6.1754070e-03
   7.5318311e-03
   0.0000000e+00
  -0.0000000e+00
  -1.6319716e-02
  -1.7652825e-02
  -2.2392388e-02
  -2.4296504e-02
  -2.4730107e-02
  -2.5036070e-02
  -2.5088087e-02
  -2.5279280e-02
  -2.7121490e-02
  -2.8897802e-02
  -2.9647332e-02
  -2.8767558e-02
  -2.7233910e-02
  -2.5613019e-02
  -2.3081122e-02
  -2.0002828e-02
  -1.6198734e-02
  -1.0895086e-02
  -6.3333448e-03
  -2.1773814e-03
   2.0014222e-03
   4.7475089e-03
   6.8970029e-03
   8.9703174e-03
   1.0401711e-02
   1.8331999e-03
   3.1702702e-03
   4.1919804e-03
   5.1309993e-03
   6.2569129e-03
   7.0405935e-03
   7.5781320e-03
   7.9751199e-03
   8.1627068e-03
   8.2266073e-03
   7.8466649e-03
   7.2263735e-03
   6.3829394e-03
   4.8279681e-03
   3.2416189e-03
   1.5620995e-03
  -5.7098424e-04
  -2.5205254e-03
  -4.7377121e-03
  -7.9871535e-03
  -1.1388271e-02
  -1.5480812e-02
  -2.1851806e-02
  -2.8774917e-02
  -3.7172577e-02
  -5.0089582e-02
  -6.5217905e-02
  -8.5561637e-02
  -9.5970683e-02
   0.0000000e+00
   0.0000000e+00
   0.0000000e+00
   0.0000000e+00
   0.0000000e+00
   0.0000000e+00
   0.0000000e+00
   0.0000000e+00
   0.0000000e+00
   0.0000000e+00
  -6.4160478e-02
  -7.0940983e-02
  -5.1159466e-02
  -1.2671617e-02
   5.6180090e-03
   0.0000000e+00
   0.0000000e+00
  -0.0000000e+00
  -1.6598610e-02
  -1.7206804e-02
  -2.1319876e-02
  -2.3874562e-02
  -2.4878236e-02
  -2.5439046e-02
  -2.5931518e-02
  -2.6612335e-02
  -2.8587114e-02
  -3.0509110e-02
  -3.1885745e-02
  -3.2638228e-02
  -3.2938410e-02
  -3.3405010e-02
  -3.3586633e-02
  -3.2544732e-02
  -3.0196279e-02
  -2.5624982e-02
  -2.0787045e-02
  -1.5912967e-02
  -1.0779434e-02
  -7.2923913e-03
  -4.4659840e-03
  -1.6716468e-03
   3.1971508e-04
  -6.9170138e-03
  -5.4141209e-03
  -4.2551216e-03
  -3.1363154e-03
  -1.7198792e-03
  -4.2361463e-04
   8.0247218e-04
   2.1224597e-03
   3.1275123e-03
   4.1012904e-03
   4.9258098e-03
   5.2484367e-03
   5.3736423e-03
   4.8834151e-03
   3.9542122e-03
   2.6950969e-03
   8.6740503e-04
  -8.9767639e-04
  -2.9673791e-03
  -5.9474939e-03
  -9.0058399e-03
  -1.2701910e-02
  -1.8418973e-02
  -2.4755698e-02
  -3.2786962e-02
  -4.5094229e-02
  -5.9159420e-02
  -7.9033509e-02
  -9.1287216e-02
   0.0000000e+00
   0.0000000e+00
   0.0000000e+00
   0.0000000e+00
   0.0000000e+00
   0.0000000e+00
   0.0000000e+00
   0.0000000e+00
   0.0000000e+00
   0.0000000e+00
  -6.1266457e-02
  -8.0046080e-02
  -6.6127896e-02
  -1.8293433e-02
   5.6180092e-03
   0.0000000e+00
   0.0000000e+00
  -0.0000000e+00
  -1.3259187e-02
  -1.5313365e-02
  -1.9712135e-02
  -2.2498358e-02
  -2.3873542e-02
  -2.4658520e-02
  -2.5340440e-02
  -2.6063439e-02
  -2.7761493e-02
  -2.9401345e-02
  -3.0667128e-02
  -3.1798527e-02
  -3.2821640e-02
  -3.4160215e-02
  -3.5768680e-02
  -3.6231883e-02
  -3.5584599e-02
  -3.2930791e-02
  -2.9320508e-02
  -2.5087547e-02
  -2.0132035e-02
  -1.6662724e-02
  -1.3786907e-02
  -1.0869553e-02
  -8.6556096e-03
  -1.2667774e-02
  -1.1142304e-02
  -9.9835850e-03
  -8.8323001e-03
  -7.3388475e-03
  -5.8311445e-03
  -4.2491821e-03
  -2.3889160e-03
  -8.7319793e-04
   7.2036986e-04
   2.4311347e-03
   3.4844361e-03
   4.3554101e-03
   4.7116275e-03
   4.3330783e-03
   3.4398495e-03
   1.8645211e-03
   2.5180567e-04
  -1.6945716e-03
  -4.5032785e-03
  -7.3421971e-03
  -1.0775234e-02
  -1.6037418e-02
  -2.1882166e-02
  -2.9445415e-02
  -4.1092057e-02
  -5.4208291e-02
  -7.3280409e-02
  -8.8438342e-02
   0.0000000e+00
   0.0000000e+00
   0.0000000e+00
   0.0000000e+00
   0.0000000e+00
   0.0000000e+00
   0.0000000e+00
   0.0000000e+00
  -0.0000000e+00
  -2.6296649e-02
  -5.6344681e-02
  -8.5309520e-02
  -7.7494269e-02
  -2.3852394e-02
   0.0000000e+00
   0.0000000e+00
   0.0000000e+00
   0.0000000e+00
  -0.0000000e+00
  -1.3157752e-02
  -1.8266797e-02
  -2.1225431e-02
  -2.2870801e-02
  -2.3874715e-02
  -2.4667031e-02
  -2.5391690e-02
  -2.6859827e-02
  -2.8270405e-02
  -2.9422220e-02
  -3.0731101e-02
  -3.2175235e-02
  -3.4023996e-02
  -3.6477245e-02
  -3.7821050e-02
  -3.8195524e-02
  -3.6805876e-02
  -3.4089315e-02
  -3.0420883e-02
  -2.5730351e-02
  -2.2347243e-02
  -1.9534672e-02
  -1.6698619e-02
  -1.4473403e-02
  -2.0612206e-02
  -1.9344678e-02
  -1.8489209e-02
  -1.7579752e-02
  -1.6361100e-02
  -1.4981049e-02
  -1.3230858e-02
  -1.0846174e-02
  -8.7139484e-03
  -6.1912012e-03
  -2.9393852e-03
  -5.0533807e-04
   1.7611702e-03
   3.7775390e-03
   4.5571119e-03
   4.4691298e-03
   3.4152841e-03
   2.1172468e-03
   4.2957097e-04
  -2.1610711e-03
  -4.7164299e-03
  -7.7778339e-03
  -1.2327600e-02
  -1.7136030e-02
  -2.3292401e-02
  -3.3156759e-02
  -4.4124662e-02
  -6.0438156e-02
  -8.5269537e-02
   0.0000000e+00
   0.0000000e+00
   0.0000000e+00
   0.0000000e+00
   0.0000000e+00
   0.0000000e+00
   0.0000000e+00
   0.0000000e+00
  -0.0000000e+00
  -2.6296650e-02
  -4.3666646e-02
  -9.0169527e-02
  -9.8312501e-02
  -7.9522500e-02
   0.0000000e+00
   0.0000000e+00
   0.0000000e+00
   0.0000000e+00
  -0.0000000e+00
  -7.1307357e-03
  -1.4969410e-02
  -1.8233968e-02
  -2.0339664e-02
  -2.1885661e-02
  -2.2783246e-02
  -2.3423005e-02
  -2.4412743e-02
  -2.5359874e-02
  -2.6216657e-02
  -2.7531324e-02
  -2.9376041e-02
  -3.1719180e-02
  -3.5028423e-02
  -3.7225436e-02
  -3.8689248e-02
  -3.9059223e-02
  -3.7868078e-02
  -3.5458609e-02
  -3.1629308e-02
  -2.8614771e-02
  -2.6209854e-02
  -2.4028699e-02
  -2.2239706e-02
  -2.3770210e-02
  -2.2578531e-02
  -2.1885031e-02
  -2.1341522e-02
  -2.0719136e-02
  -1.9847897e-02
  -1.8491286e-02
  -1.6422173e-02
  -1.4607496e-02
  -1.2235619e-02
  -8.4964222e-03
  -5.3356041e-03
  -2.2759339e-03
   9.8106090e-04
   2.8660753e-03
   3.8223085e-03
   3.6788448e-03
   2.8851453e-03
   1.6406597e-03
  -4.9127341e-04
  -2.6595671e-03
  -5.2672753e-03
  -9.2231825e-03
  -1.3368094e-02
  -1.8613780e-02
  -2.7163961e-02
  -3.6828029e-02
  -5.0251687e-02
  -7.4951937e-02
  -9.0030591e-02
   0.0000000e+00
   0.0000000e+00
   0.0000000e+00
   0.0000000e+00
   0.0000000e+00
   0.0000000e+00
   0.0000000e+00
  -0.0000000e+00
  -2.2366197e-02
  -3.2851793e-02
  -7.9751147e-02
  -1.1054636e-01
  -7.9522504e-02
   0.0000000e+00
   0.0000000e+00
   0.0000000e+00
   0.0000000e+00
   0.0000000e+00
  -3.3531427e-04
  -1.1038369e-02
  -1.4837632e-02
  -1.7166339e-02
  -1.9240981e-02
  -2.0399965e-02
  -2.0979709e-02
  -2.1529065e-02
  -2.2036665e-02
  -2.2664045e-02
  -2.3835276e-02
  -2.5846057e-02
  -2.8464472e-02
  -3.2212268e-02
  -3.4917753e-02
  -3.6991089e-02
  -3.8265164e-02
  -3.7973284e-02
  -3.6498650e-02
  -3.3500328e-02
  -3.0733004e-02
  -2.8420115e-02
  -2.6443950e-02
  -2.5092912e-02
  -2.5372168e-02
  -2.4234764e-02
  -2.3599512e-02
  -2.3232804e-02
  -2.3001046e-02
  -2.2513685e-02
  -2.1460717e-02
  -1.9673254e-02
  -1.8175026e-02
  -1.6128396e-02
  -1.2384861e-02
  -8.9297123e-03
  -5.4735056e-03
  -1.5354978e-03
   1.0538640e-03
   2.7504644e-03
   3.3730243e-03
   3.0308568e-03
   2.1752602e-03
   4.5122232e-04
  -1.3761784e-03
  -3.6091381e-03
  -7.0918756e-03
  -1.0754087e-02
  -1.5359356e-02
  -2.2931441e-02
  -3.1601237e-02
  -4.3118364e-02
  -6.7099717e-02
  -8.2890377e-02
  -7.6589408e-02
   0.0000000e+00
   0.0000000e+00
   0.0000000e+00
   0.0000000e+00
   0.0000000e+00
   0.0000000e+00
  -0.0000000e+00
  -2.0718261e-02
  -2.7754846e-02
  -7.6165410e-02
  -1.1509941e-01
   0.0000000e+00
   0.0000000e+00
   0.0000000e+00
   0.0000000e+00
   0.0000000e+00
   0.0000000e+00
   4.2243938e-03
  -7.6307235e-03
  -1.1954286e-02
  -1.4480272e-02
  -1.6863697e-02
  -1.8221625e-02
  -1.8806926e-02
  -1.9094722e-02
  -1.9291167e-02
  -1.9741628e-02
  -2.0817175e-02
  -2.2888770e-02
  -2.5669105e-02
  -2.9688287e-02
  -3.2733144e-02
  -3.5225185e-02
  -3.7112197e-02
  -3.7422115e-02
  -3.6599277e-02
  -3.4218559e-02
  -3.1643910e-02
  -2.9419178e-02
  -2.7560567e-02
  -2.6460198e-02
  -2.5945765e-02
  -2.4877066e-02
  -2.4188083e-02
  -2.3857148e-02
  -2.4040182e-02
  -2.4082455e-02
  -2.3462503e-02
  -2.2154978e-02
  -2.1254538e-02
  -2.0099950e-02
  -1.7112272e-02
  -1.3783540e-02
  -1.0203467e-02
  -5.8604556e-03
  -2.5711316e-03
   4.7497413e-05
   1.8929759e-03
   2.3227266e-03
   2.1180046e-03
   1.0863667e-03
  -1.6823195e-04
  -1.8160913e-03
  -4.5932944e-03
  -7.6270312e-03
  -1.1446519e-02
  -1.7697164e-02
  -2.4972932e-02
  -3.4433452e-02
  -5.2042928e-02
  -7.0479373e-02
  -7.6589406e-02
   0.0000000e+00
   0.0000000e+00
   0.0000000e+00
   0.0000000e+00
   0.0000000e+00
   0.0000000e+00
  -1.7105410e-02
  -2.1206688e-02
  -2.5307965e-02
  -9.2224015e-02
  -9.2224015e-02
   0.0000000e+00
   0.0000000e+00
   0.0000000e+00
   0.0000000e+00
   0.0000000e+00
   1.3307873e-02
   9.3264858e-03
  -2.0026902e-03
  -7.3031027e-03
  -1.0162149e-02
  -1.2782794e-02
  -1.4418835e-02
  -1.5118388e-02
  -1.5193494e-02
  -1.5003526e-02
  -1.5201817e-02
  -1.6171632e-02
  -1.8191943e-02
  -2.1099738e-02
  -2.5368645e-02
  -2.8788988e-02
  -3.1772425e-02
  -3.4360125e-02
  -3.5339611e-02
  -3.5303928e-02
  -3.3755765e-02
  -3.1459893e-02
  -2.9396042e-02
  -2.7621852e-02
  -2.6700129e-02
  -2.4335787e-02
  -2.3477025e-02
  -2.2773344e-02
  -2.2368429e-02
  -2.2490408e-02
  -2.2814129e-02
  -2.2603519e-02
  -2.1670764e-02
  -2.1075770e-02
  -2.0525957e-02
  -1.8772911e-02
  -1.6301958e-02
  -1.3201714e-02
  -9.1304528e-03
  -5.9413649e-03
  -3.0952892e-03
  -5.0180068e-04
   5.9317425e-04
   1.0287891e-03
   6.5034535e-04
  -1.0184583e-04
  -1.1734231e-03
  -3.2937578e-03
  -5.7786740e-03
  -8.8965967e-03
  -1.3885075e-02
  -1.9638909e-02
  -2.7041532e-02
  -4.0052690e-02
  -5.7471197e-02
  -6.5702938e-02
   0.0000000e+00
   0.0000000e+00
   0.0000000e+00
  -0.0000000e+00
  -9.7552728e-03
  -3.7319686e-03
  -5.0792183e-03
  -2.0142348e-02
  -2.6228890e-02
  -0.0000000e+00
  -6.0847357e-02
   0.0000000e+00
   0.0000000e+00
   0.0000000e+00
   0.0000000e+00
   0.0000000e+00
   6.3856018e-03
   9.6495645e-03
   3.9091511e-03
  -1.1209138e-03
  -4.5147520e-03
  -7.1192198e-03
  -8.7888697e-03
  -9.8215537e-03
  -1.0242765e-02
  -1.0081180e-02
  -1.0210326e-02
  -1.1299373e-02
  -1.3369430e-02
  -1.6351579e-02
  -2.0619564e-02
  -2.4123147e-02
  -2.7335085e-02
  -3.0248731e-02
  -3.1551950e-02
  -3.2023735e-02
  -3.1150443e-02
  -2.9167628e-02
  -2.7306605e-02
  -2.5711911e-02
  -2.4909943e-02
  -2.2342373e-02
  -2.1657320e-02
  -2.0971460e-02
  -2.0555122e-02
  -2.0611459e-02
  -2.1012475e-02
  -2.1013839e-02
  -2.0327622e-02
  -1.9919989e-02
  -1.9641291e-02
  -1.8592086e-02
  -1.6773233e-02
  -1.4187246e-02
  -1.0475969e-02
  -7.4994224e-03
  -4.7373683e-03
  -1.9641730e-03
  -5.5912846e-04
   2.2915256e-04
   3.1855277e-04
  -1.2176009e-04
  -8.7755773e-04
  -2.5640607e-03
  -4.6459389e-03
  -7.2781020e-03
  -1.1448982e-02
  -1.6259637e-02
  -2.2435047e-02
  -3.2792475e-02
  -4.6677606e-02
  -5.2446408e-02
   0.0000000e+00
   0.0000000e+00
   7.7619441e-04
  -1.2573299e-03
  -6.8991404e-03
  -3.0659577e-03
  -5.1466106e-03
  -1.8104687e-02
  -1.9089662e-02
  -3.0998583e-02
  -4.2583062e-02
  -3.6569433e-02
  -3.2071878e-02
   0.0000000e+00
   0.0000000e+00
  -0.0000000e+00
   8.7087847e-05
   6.2571778e-03
   6.4397892e-03
   3.0013936e-03
   3.5520352e-05
  -2.1842404e-03
  -3.4650518e-03
  -4.4243834e-03
  -5.3032408e-03
  -5.5411964e-03
  -5.8583431e-03
  -7.1972450e-03
  -9.4260348e-03
  -1.2559494e-02
  -1.6927188e-02
  -2.0483516e-02
  -2.3780925e-02
  -2.6843118e-02
  -2.8284639e-02
  -2.8987281e-02
  -2.8569642e-02
  -2.6839337e-02
  -2.5089230e-02
  -2.3547379e-02
  -2.2792508e-02
  -1.9774236e-02
  -1.9281596e-02
  -1.8631805e-02
  -1.8229922e-02
  -1.8205315e-02
  -1.8607246e-02
  -1.8774401e-02
  -1.8326668e-02
  -1.8090991e-02
  -1.7987750e-02
  -1.7545180e-02
  -1.6417276e-02
  -1.4464745e-02
  -1.1225795e-02
  -8.5552484e-03
  -6.0344790e-03
  -3.3013697e-03
  -1.6837332e-03
  -6.0127076e-04
  -3.3189175e-05
  -1.8456977e-04
  -6.7827123e-04
  -1.9439418e-03
  -3.6071877e-03
  -5.7528587e-03
  -9.1415560e-03
  -1.3079583e-02
  -1.8154545e-02
  -2.6199188e-02
  -3.4705192e-02
  -4.8197042e-02
   0.0000000e+00
   0.0000000e+00
   7.7619442e-04
   1.9481675e-03
  -2.1803372e-03
  -1.9655968e-03
  -6.6124508e-03
  -1.5217640e-02
  -1.6037142e-02
  -2.2203721e-02
  -3.4563083e-02
  -3.6569431e-02
  -3.2071879e-02
   0.0000000e+00
   0.0000000e+00
  -0.0000000e+00
  -8.7598041e-03
   5.0684111e-04
   7.9574445e-03
   7.0269550e-03
   5.0090821e-03
   3.4176351e-03
   2.7943878e-03
   2.1063299e-03
   6.2729279e-04
  -2.5798651e-04
  -9.1688876e-04
  -2.6148786e-03
  -5.0835144e-03
  -8.4334603e-03
  -1.2966298e-02
  -1.6572280e-02
  -1.9907951e-02
  -2.3068726e-02
  -2.4592904e-02
  -2.5448322e-02
  -2.5479455e-02
  -2.4025321e-02
  -2.2367086e-02
  -2.0831665e-02
  -2.0100657e-02
  -1.4582535e-02
  -1.4295523e-02
  -1.3781616e-02
  -1.3451128e-02
  -1.3447218e-02
  -1.3682561e-02
  -1.3750288e-02
  -1.3508361e-02
  -1.3312139e-02
  -1.3204890e-02
  -1.3111732e-02
  -1.2664565e-02
  -1.1585469e-02
  -9.3600744e-03
  -7.3834563e-03
  -5.3584027e-03
  -3.1372222e-03
  -1.8875689e-03
  -9.0883571e-04
  -4.4954199e-06
   3.5426600e-04
   1.7130178e-04
  -7.1079249e-04
  -1.8881086e-03
  -3.4861968e-03
  -5.9624758e-03
  -8.8110792e-03
  -1.2497756e-02
  -1.9251416e-02
  -2.6070081e-02
  -3.0806226e-02
  -3.1663578e-02
  -2.0445136e-02
  -3.7313275e-03
   2.5947005e-03
   4.3058557e-04
  -1.8772165e-03
  -8.1328071e-03
  -1.4500140e-02
  -1.6987350e-02
  -2.0499276e-02
  -2.4086801e-02
  -2.3964472e-02
   1.4044764e-03
   1.4044764e-03
   0.0000000e+00
  -0.0000000e+00
  -2.1639201e-02
  -1.0663569e-02
   9.9467267e-04
   4.1537046e-03
   6.0188997e-03
   7.5667277e-03
   1.0654772e-02
   1.3993197e-02
   1.4291602e-02
   1.2297611e-02
   1.0208091e-02
   7.4790665e-03
   4.2888767e-03
   2.5579042e-04
  -4.9738909e-03
  -9.0262919e-03
  -1.2591725e-02
  -1.5871687e-02
  -1.7464688e-02
  -1.8472769e-02
  -1.9065575e-02
  -1.8294185e-02
  -1.7025959e-02
  -1.5573377e-02
  -1.4780220e-02
  -1.0674535e-02
  -1.0597451e-02
  -1.0357449e-02
  -1.0115288e-02
  -1.0129835e-02
  -1.0225339e-02
  -1.0038938e-02
  -9.6984915e-03
  -9.4376104e-03
  -9.1712177e-03
  -9.0791909e-03
  -8.8150725e-03
  -8.0641825e-03
  -6.3936864e-03
  -4.9495725e-03
  -3.3891548e-03
  -1.5446000e-03
  -5.1404920e-04
   2.3887047e-04
   9.8003179e-04
   1.3956197e-03
   1.4669334e-03
   8.6472748e-04
  -4.5268767e-05
  -1.3030288e-03
  -3.3101137e-03
  -5.5534914e-03
  -8.3133308e-03
  -1.3071144e-02
  -1.8594082e-02
  -2.3492506e-02
  -2.4094224e-02
  -1.6086431e-02
  -3.6621250e-03
   3.1383377e-03
   1.7171933e-03
  -1.8606376e-03
  -9.0756165e-03
  -1.4664475e-02
  -1.5739681e-02
  -1.6837915e-02
  -2.4086799e-02
  -2.3964470e-02
   0.0000000e+00
   1.4044762e-03
   1.4619306e-02
  -9.4949082e-03
  -2.1370765e-02
  -1.3502358e-02
  -3.2699453e-03
   1.1818730e-03
   4.5710364e-03
   6.4362162e-03
   9.4887391e-03
   1.6765043e-02
   2.2422297e-02
   2.1887951e-02
   1.9443668e-02
   1.5854511e-02
   1.2103521e-02
   7.5847488e-03
   1.7355343e-03
  -2.7971119e-03
  -6.6343709e-03
  -1.0002980e-02
  -1.1602262e-02
  -1.2580033e-02
  -1.3352899e-02
  -1.3082720e-02
  -1.2321327e-02
  -1.1318417e-02
  -1.0742740e-02
  -5.9697949e-03
  -6.1585680e-03
  -6.2899473e-03
  -6.2505477e-03
  -6.3439226e-03
  -6.3784593e-03
  -5.9890994e-03
  -5.4449309e-03
  -5.0725844e-03
  -4.6109450e-03
  -4.4066799e-03
  -4.2560846e-03
  -3.7712317e-03
  -2.6125712e-03
  -1.6555800e-03
  -5.9151021e-04
   8.0213230e-04
   1.6047969e-03
   2.1412044e-03
   2.6908119e-03
   3.0775932e-03
   3.3275310e-03
   3.0473862e-03
   2.4401729e-03
   1.5860073e-03
   1.1820049e-04
  -1.5151013e-03
  -3.4618767e-03
  -6.5087914e-03
  -1.0452246e-02
  -1.4814797e-02
  -1.5733315e-02
  -1.0757204e-02
  -2.1044635e-03
   4.6558660e-03
   3.8025738e-03
  -1.0574501e-03
  -8.9275036e-03
  -1.4059720e-02
  -1.5088928e-02
  -1.4291676e-02
   0.0000000e+00
   0.0000000e+00
   0.0000000e+00
   0.0000000e+00
   1.4619305e-02
  -4.3846574e-03
  -1.9847199e-02
  -1.5707586e-02
  -7.4537266e-03
  -6.7968882e-04
   3.0928953e-03
   5.0290013e-03
   6.8730181e-03
   1.5774895e-02
   2.7674856e-02
   2.9959036e-02
   2.8139789e-02
   2.4225211e-02
   2.0061404e-02
   1.5160181e-02
   8.7578846e-03
   3.6717104e-03
  -4.9481395e-04
  -3.9505302e-03
  -5.5062817e-03
  -6.3330159e-03
  -7.0428317e-03
  -7.0493887e-03
  -6.6750580e-03
  -6.1218785e-03
  -5.8261189e-03
  -3.5252183e-04
  -8.3498785e-04
  -1.4067325e-03
  -1.6853517e-03
  -1.9456284e-03
  -2.0111219e-03
  -1.4935037e-03
  -6.4641912e-04
  -9.2458475e-05
   5.9279357e-04
   1.0196758e-03
   1.1499182e-03
   1.4494236e-03
   2.1492084e-03
   2.6865527e-03
   3.2358463e-03
   4.0788045e-03
   4.6295184e-03
   4.9525183e-03
   5.2761091e-03
   5.5485521e-03
   5.8692899e-03
   5.9280531e-03
   5.6624413e-03
   5.2760746e-03
   4.4409623e-03
   3.4240377e-03
   2.1661881e-03
   5.0544890e-04
  -1.6387806e-03
  -4.7005494e-03
  -6.3777063e-03
  -4.0824902e-03
   1.4558625e-03
   7.4939458e-03
   6.9321208e-03
   7.8887463e-04
  -7.7456855e-03
  -1.1509135e-02
   0.0000000e+00
   0.0000000e+00
   0.0000000e+00
   0.0000000e+00
   0.0000000e+00
   0.0000000e+00
   0.0000000e+00
   7.6229498e-04
  -1.7813470e-02
  -1.7869735e-02
  -1.1541007e-02
  -1.2550739e-03
   1.7575737e-03
   3.5189624e-03
   3.0022740e-03
   1.0647240e-02
   2.9140573e-02
   3.5692208e-02
   3.5652895e-02
   3.2105800e-02
   2.7726831e-02
   2.2589806e-02
   1.5760573e-02
   1.0072521e-02
   5.5382089e-03
   1.9866012e-03
   5.3105113e-04
   1.4651960e-06
  -3.4077786e-04
  -3.2226450e-04
  -1.2897422e-04
   5.0492163e-05
   5.2407471e-05
   7.1406910e-03
   6.6053724e-03
   5.8356639e-03
   5.2474427e-03
   4.5641503e-03
   4.4028803e-03
   4.9010510e-03
   5.9814062e-03
   6.9468854e-03
   7.8085946e-03
   8.3894422e-03
   8.6601071e-03
   8.8497386e-03
   9.0292496e-03
   9.2103244e-03
   9.2657833e-03
   9.2357023e-03
   9.3306193e-03
   9.3176098e-03
   9.3228647e-03
   9.5261604e-03
   9.6936597e-03
   9.9006180e-03
   1.0066639e-02
   1.0223723e-02
   1.0347950e-02
   1.0116861e-02
   9.7255139e-03
   9.6756497e-03
   8.9400563e-03
   7.5524587e-03
   6.6625696e-03
   7.0707810e-03
   9.5723343e-03
   1.3542625e-02
   1.2530469e-02
   4.8883734e-03
   0.0000000e+00
   0.0000000e+00
   0.0000000e+00
   0.0000000e+00
   0.0000000e+00
   0.0000000e+00
   0.0000000e+00
   0.0000000e+00
   0.0000000e+00
  -8.5749138e-03
  -2.3459204e-02
  -2.6785355e-02
  -1.8296415e-02
   0.0000000e+00
   0.0000000e+00
   0.0000000e+00
  -5.2177898e-04
   3.8445090e-03
   2.4778898e-02
   3.6393113e-02
   3.9424337e-02
   3.7391507e-02
   3.3088992e-02
   2.7981195e-02
   2.1127875e-02
   1.4983590e-02
   1.0216605e-02
   6.4441794e-03
   5.1374340e-03
   5.1206334e-03
   5.6187794e-03
   6.2147453e-03
   6.9016107e-03
   7.3380404e-03
   7.4877256e-03
   1.2949523e-02
   1.2471313e-02
   1.1799611e-02
   1.1274809e-02
   1.0782964e-02
   1.0513674e-02
   1.0932313e-02
   1.2091749e-02
   1.3195278e-02
   1.4232304e-02
   1.5007059e-02
   1.5449485e-02
   1.5652144e-02
   1.5703902e-02
   1.5578201e-02
   1.5279753e-02
   1.4647566e-02
   1.4152573e-02
   1.3719217e-02
   1.3239456e-02
   1.3165757e-02
   1.3085477e-02
   1.3143959e-02
   1.3441198e-02
   1.4087437e-02
   1.4851315e-02
   1.5484454e-02
   1.6161948e-02
   1.7288562e-02
   1.7926406e-02
   1.7816881e-02
   1.7940141e-02
   1.7914291e-02
   1.8736351e-02
   2.0271998e-02
   1.8559489e-02
   1.1111788e-02
   0.0000000e+00
   0.0000000e+00
   0.0000000e+00
   0.0000000e+00
   0.0000000e+00
   0.0000000e+00
   0.0000000e+00
   0.0000000e+00
   0.0000000e+00
  -1.5479681e-02
  -2.7658118e-02
  -3.4088455e-02
  -2.3972139e-02
   0.0000000e+00
   0.0000000e+00
   0.0000000e+00
  -2.3034479e-02
  -1.2340078e-02
   1.3922858e-02
   2.8993415e-02
   3.4815542e-02
   3.4563497e-02
   3.0918386e-02
   2.6026778e-02
   2.0154458e-02
   1.4584446e-02
   1.0312602e-02
   6.9521936e-03
   6.0868380e-03
   6.6000698e-03
   8.0213081e-03
   9.3065333e-03
   1.0646814e-02
   1.2044325e-02
   1.2841675e-02
   1.6736016e-02
   1.6495803e-02
   1.5851650e-02
   1.5304266e-02
   1.5077041e-02
   1.5010473e-02
   1.5556453e-02
   1.6586296e-02
   1.7580878e-02
   1.8706568e-02
   1.9820791e-02
   2.0374779e-02
   2.0660097e-02
   2.0723583e-02
   2.0527318e-02
   1.9968625e-02
   1.8938862e-02
   1.7948214e-02
   1.7117158e-02
   1.6061403e-02
   1.5604451e-02
   1.5189177e-02
   1.5044448e-02
   1.5478242e-02
   1.6322715e-02
   1.7726505e-02
   1.9138137e-02
   2.0892832e-02
   2.3044370e-02
   2.4774192e-02
   2.5782762e-02
   2.7002666e-02
   2.6905460e-02
   2.6722608e-02
   2.6511103e-02
   2.4060365e-02
   1.7951908e-02
   0.0000000e+00
   0.0000000e+00
   0.0000000e+00
   0.0000000e+00
   0.0000000e+00
   0.0000000e+00
   0.0000000e+00
   0.0000000e+00
  -2.0907674e-02
  -1.7906014e-02
  -2.7233813e-02
  -3.4497097e-02
  -2.7762521e-02
  -1.9102644e-02
  -1.2588321e-02
  -1.0966739e-02
  -2.3110130e-02
  -2.3743041e-02
  -1.3458240e-03
   1.4916151e-02
   2.3509193e-02
   2.5790744e-02
   2.3610357e-02
   1.9597586e-02
   1.5116244e-02
   1.1354107e-02
   8.4139528e-03
   5.9911306e-03
   5.7232827e-03
   6.9102687e-03
   9.1042286e-03
   1.0853053e-02
   1.2442374e-02
   1.4415251e-02
   1.5858509e-02
   1.7862990e-02
   1.8182460e-02
   1.7686903e-02
   1.7244129e-02
   1.7120661e-02
   1.7484598e-02
   1.8197259e-02
   1.9310942e-02
   2.0053634e-02
   2.1159658e-02
   2.2513179e-02
   2.3236213e-02
   2.3703299e-02
   2.3912206e-02
   2.3776047e-02
   2.3034869e-02
   2.1753196e-02
   2.0255430e-02
   1.9072464e-02
   1.7382357e-02
   1.6636180e-02
   1.5742907e-02
   1.5665816e-02
   1.6043466e-02
   1.7206850e-02
   1.8871507e-02
   2.1317493e-02
   2.3868099e-02
   2.7468499e-02
   2.9832553e-02
   3.2256942e-02
   3.4187358e-02
   3.4544200e-02
   3.3425119e-02
   3.2484520e-02
   2.9393651e-02
   2.4638116e-02
   0.0000000e+00
   0.0000000e+00
   0.0000000e+00
   0.0000000e+00
   0.0000000e+00
   0.0000000e+00
   0.0000000e+00
   0.0000000e+00
  -1.9381317e-02
  -2.0151075e-02
  -2.7483607e-02
  -3.2266885e-02
  -2.9292429e-02
  -2.1517847e-02
  -1.4550397e-02
  -1.2535689e-02
  -1.9310843e-02
  -2.4240183e-02
  -1.0263116e-02
   3.6453442e-03
   1.3020054e-02
   1.7328462e-02
   1.6774256e-02
   1.4043003e-02
   1.0793668e-02
   8.4141884e-03
   6.6954698e-03
   5.0087301e-03
   5.1021706e-03
   6.4393929e-03
   9.1230636e-03
   1.1114314e-02
   1.2900669e-02
   1.4836140e-02
   1.6631177e-02
   1.5711078e-02
   1.6277673e-02
   1.6449850e-02
   1.6220773e-02
   1.6495949e-02
   1.7189262e-02
   1.8253893e-02
   1.9544080e-02
   2.0260384e-02
   2.1137418e-02
   2.2625882e-02
   2.3463191e-02
   2.4206217e-02
   2.4531072e-02
   2.4564688e-02
   2.3771137e-02
   2.2386188e-02
   2.0368250e-02
   1.9008383e-02
   1.6860619e-02
   1.5942689e-02
   1.4641223e-02
   1.4898731e-02
   1.5071273e-02
   1.6647162e-02
   1.8407559e-02
   2.1860083e-02
   2.4729116e-02
   2.9933834e-02
   3.2643810e-02
   3.6697805e-02
   3.9044235e-02
   4.0264952e-02
   3.8210556e-02
   3.7349313e-02
   3.3758282e-02
   3.0632827e-02
   0.0000000e+00
   0.0000000e+00
   0.0000000e+00
   0.0000000e+00
   0.0000000e+00
   0.0000000e+00
   0.0000000e+00
  -0.0000000e+00
  -1.5812734e-02
  -2.4266951e-02
  -3.0020729e-02
  -3.2149654e-02
  -2.8702406e-02
  -2.2689656e-02
  -1.5192116e-02
  -1.2180619e-02
  -1.2668476e-02
  -1.5369127e-02
  -7.9747476e-03
   1.2685938e-03
   9.0714302e-03
   1.3365650e-02
   1.3845675e-02
   1.1932519e-02
   9.0576475e-03
   6.8071383e-03
   5.3922827e-03
   3.7882917e-03
   3.5888246e-03
   4.5427685e-03
   6.7755608e-03
   8.8644678e-03
   1.0622360e-02
   1.2627000e-02
   1.4333304e-02
   1.1588127e-02
   1.2085817e-02
   1.3164173e-02
   1.3230692e-02
   1.4180293e-02
   1.4773801e-02
   1.6065102e-02
   1.7373830e-02
   1.8295096e-02
   1.8981814e-02
   2.0176739e-02
   2.1153677e-02
   2.1939654e-02
   2.2564899e-02
   2.2602066e-02
   2.2171609e-02
   2.0629376e-02
   1.8561916e-02
   1.7008089e-02
   1.5075204e-02
   1.3807944e-02
   1.2695895e-02
   1.2789425e-02
   1.3159574e-02
   1.4660748e-02
   1.7110562e-02
   2.0755808e-02
   2.3949740e-02
   2.9761707e-02
   3.3211283e-02
   3.8406730e-02
   4.1441977e-02
   4.3557702e-02
   4.1097209e-02
   4.0666364e-02
   3.6766078e-02
   3.4168435e-02
   0.0000000e+00
   0.0000000e+00
   0.0000000e+00
   0.0000000e+00
   0.0000000e+00
   0.0000000e+00
   0.0000000e+00
  -0.0000000e+00
  -1.6128201e-02
  -2.8678369e-02
  -3.3854372e-02
  -3.4459040e-02
  -2.8209645e-02
  -2.1896274e-02
  -1.4405750e-02
  -9.7605800e-03
  -6.4967532e-03
  -5.8460739e-03
  -4.8286689e-04
   5.1904268e-03
   1.0447987e-02
   1.3118350e-02
   1.3284739e-02
   1.1346856e-02
   8.2636988e-03
   5.1560852e-03
   3.2559950e-03
   9.7337738e-04
   2.9265755e-04
   5.3631741e-04
   1.9123758e-03
   3.9038958e-03
   5.7265349e-03
   8.2348464e-03
   9.8823605e-03
   8.1022382e-03
   8.9562107e-03
   1.0302944e-02
   1.0911298e-02
   1.2197331e-02
   1.2606684e-02
   1.3517784e-02
   1.4554146e-02
   1.5269429e-02
   1.6007943e-02
   1.6411386e-02
   1.7427580e-02
   1.7777300e-02
   1.8694121e-02
   1.8745383e-02
   1.8598443e-02
   1.7286856e-02
   1.5361437e-02
   1.4003833e-02
   1.2194753e-02
   1.0869967e-02
   1.0170257e-02
   9.5858984e-03
   1.0540591e-02
   1.1444371e-02
   1.4979488e-02
   1.8068286e-02
   2.1883788e-02
   2.7162185e-02
   3.1542413e-02
   3.7111372e-02
   4.1056152e-02
   4.3990716e-02
   4.2424005e-02
   4.2052943e-02
   3.9023638e-02
   3.7396040e-02
   0.0000000e+00
   0.0000000e+00
   0.0000000e+00
   0.0000000e+00
   0.0000000e+00
   0.0000000e+00
  -0.0000000e+00
  -1.1898350e-02
  -2.0653896e-02
  -3.1049034e-02
  -3.5804778e-02
  -3.5362076e-02
  -2.8789442e-02
  -2.2289027e-02
  -1.4833231e-02
  -8.9333514e-03
  -4.2066630e-03
  -1.0218611e-03
   3.3485591e-03
   8.2205329e-03
   1.1373973e-02
   1.3397601e-02
   1.2237052e-02
   1.0319646e-02
   7.3250430e-03
   3.3218104e-03
   1.0123041e-03
  -2.2709274e-03
  -3.0267350e-03
  -3.4398607e-03
  -2.4897673e-03
  -6.8770314e-04
   1.2744730e-03
   4.1992860e-03
   6.1241537e-03
   4.1485960e-03
   5.9258393e-03
   6.9448212e-03
   8.0871889e-03
   9.5712915e-03
   1.0097951e-02
   1.0908953e-02
   1.1306263e-02
   1.1784624e-02
   1.2421023e-02
   1.2672245e-02
   1.3498642e-02
   1.3437667e-02
   1.4081901e-02
   1.4246297e-02
   1.3990796e-02
   1.3312181e-02
   1.1518423e-02
   1.0699153e-02
   8.6962767e-03
   7.7837002e-03
   7.0375376e-03
   6.1252262e-03
   6.9388058e-03
   7.7479542e-03
   1.1156273e-02
   1.4213186e-02
   1.7944718e-02
   2.3053546e-02
   2.7545184e-02
   3.3115409e-02
   3.7756193e-02
   4.1258305e-02
   4.1746121e-02
   4.0216103e-02
   3.9520971e-02
   3.9120641e-02
   0.0000000e+00
   0.0000000e+00
   0.0000000e+00
  -3.9964788e-03
  -2.7187108e-03
  -8.8374847e-03
  -1.0841350e-02
  -1.3677538e-02
  -2.3273109e-02
  -3.1133484e-02
  -3.4684002e-02
  -3.4156382e-02
  -2.8086657e-02
  -2.2289272e-02
  -1.4925219e-02
  -9.0540173e-03
  -3.6305003e-03
   2.6225339e-04
   4.2460477e-03
   8.6789317e-03
   1.0779585e-02
   1.3065002e-02
   1.1409350e-02
   9.8124333e-03
   7.1903532e-03
   2.7384972e-03
  -6.2099862e-06
  -3.8249181e-03
  -5.1352959e-03
  -5.6542442e-03
  -5.6554363e-03
  -3.8763029e-03
  -2.4265777e-03
   3.1376022e-04
   2.3949814e-03
  -2.3343982e-03
  -1.4971898e-05
   1.0634013e-03
   2.1720622e-03
   3.7579751e-03
   4.7236080e-03
   5.7720100e-03
   6.0278587e-03
   6.4042234e-03
   7.0340433e-03
   7.8780530e-03
   8.9141373e-03
   9.1337264e-03
   9.2676478e-03
   9.4137443e-03
   9.2266668e-03
   9.0220086e-03
   8.0773169e-03
   7.0475773e-03
   6.0053165e-03
   5.1137921e-03
   4.3867342e-03
   3.5364146e-03
   3.7706962e-03
   4.8364396e-03
   7.1665905e-03
   1.0155512e-02
   1.3305349e-02
   1.7835340e-02
   2.2372641e-02
   2.6938692e-02
   3.2225259e-02
   3.5815205e-02
   3.7343413e-02
   3.6586091e-02
   3.5101030e-02
   3.6262208e-02
   0.0000000e+00
   0.0000000e+00
   1.5509864e-02
   2.2147510e-03
  -1.8959091e-04
  -4.8796027e-03
  -9.2002843e-03
  -1.5070205e-02
  -2.2823175e-02
  -2.9063422e-02
  -3.2001331e-02
  -3.1215020e-02
  -2.7239213e-02
  -2.1982038e-02
  -1.6048485e-02
  -1.0045121e-02
  -4.7348277e-03
  -9.2595461e-04
   3.3770804e-03
   6.4452868e-03
   8.1753908e-03
   9.7512472e-03
   8.6295847e-03
   7.3740035e-03
   4.7551235e-03
   6.8342139e-04
  -2.6994434e-03
  -6.4802370e-03
  -8.5599767e-03
  -9.6913492e-03
  -1.0322982e-02
  -8.9768441e-03
  -7.8097987e-03
  -5.7273018e-03
  -3.9263023e-03
  -9.5378859e-03
  -7.4731149e-03
  -6.1315848e-03
  -4.8153861e-03
  -3.1565456e-03
  -1.9500528e-03
  -9.3274115e-04
  -4.4336321e-04
  -3.5198685e-04
   2.3610287e-04
   1.6806689e-03
   3.0930180e-03
   3.7487675e-03
   3.8714453e-03
   4.1222409e-03
   4.2693242e-03
   4.2804568e-03
   3.7637551e-03
   2.9310070e-03
   2.6729277e-03
   2.5226043e-03
   2.0451036e-03
   1.6680764e-03
   2.0708332e-03
   3.2072943e-03
   5.4300870e-03
   7.6623997e-03
   1.0197517e-02
   1.4352142e-02
   1.8243244e-02
   2.1982290e-02
   2.6511051e-02
   2.9409185e-02
   3.1241640e-02
   3.1067643e-02
   2.8430589e-02
   2.9498393e-02
   3.2969691e-02
   3.1687197e-02
   2.4440623e-02
   1.6020009e-02
   9.7601973e-03
   2.3141843e-03
  -6.5448075e-03
  -1.3868727e-02
  -2.0553676e-02
  -2.6220642e-02
  -2.8276619e-02
  -2.7802985e-02
  -2.5066102e-02
  -2.1222021e-02
  -1.6569892e-02
  -1.0941084e-02
  -6.5221353e-03
  -2.8249221e-03
   7.2463107e-04
   2.9623504e-03
   4.2073056e-03
   4.5878999e-03
   3.6366151e-03
   2.2163931e-03
  -6.3565047e-04
  -3.8550631e-03
  -7.1444307e-03
  -1.0190550e-02
  -1.2263812e-02
  -1.3972154e-02
  -1.4922005e-02
  -1.4523232e-02
  -1.3731015e-02
  -1.2141913e-02
  -1.0868415e-02
  -1.4699852e-02
  -1.3342217e-02
  -1.2054701e-02
  -1.0683191e-02
  -9.0507157e-03
  -7.8519899e-03
  -6.8235728e-03
  -5.9990161e-03
  -5.6314208e-03
  -5.0042765e-03
  -3.8614366e-03
  -2.6393826e-03
  -1.6306355e-03
  -7.4849493e-04
  -3.9995127e-04
  -1.7408500e-05
   5.4443994e-04
   6.3870149e-04
   2.8836800e-04
   1.8364159e-04
   4.3973504e-04
   6.0707977e-04
   8.0725295e-04
   1.3243266e-03
   2.5896672e-03
   4.8383093e-03
   6.8296324e-03
   9.3541592e-03
   1.3539350e-02
   1.7261822e-02
   2.0623492e-02
   2.4289070e-02
   2.7316637e-02
   2.9755017e-02
   3.0826259e-02
   3.0281827e-02
   3.0777613e-02
   3.3034325e-02
   3.3387933e-02
   3.0959439e-02
   2.4249256e-02
   1.6148292e-02
   7.1374690e-03
  -2.9956785e-03
  -1.0285173e-02
  -1.6434414e-02
  -2.1311158e-02
  -2.2954965e-02
  -2.2989729e-02
  -2.1238785e-02
  -1.8772203e-02
  -1.5531719e-02
  -1.1168708e-02
  -7.8161545e-03
  -4.7929129e-03
  -2.1055101e-03
  -7.6582830e-04
  -5.6558929e-07
   1.6993860e-04
  -6.4651162e-04
  -2.3743897e-03
  -5.3562252e-03
  -8.2949474e-03
  -1.1261503e-02
  -1.3755009e-02
  -1.5271870e-02
  -1.6616311e-02
  -1.7556129e-02
  -1.7762152e-02
  -1.7598426e-02
  -1.6752252e-02
  -1.5702704e-02
  -1.6698251e-02
  -1.5833469e-02
  -1.5009215e-02
  -1.4098579e-02
  -1.2808912e-02
  -1.1724093e-02
  -1.0736182e-02
  -9.6171806e-03
  -8.5462742e-03
  -7.3131262e-03
  -6.1229235e-03
  -5.4078940e-03
  -4.6227896e-03
  -3.5955363e-03
  -2.7535565e-03
  -2.0925263e-03
  -1.3713940e-03
  -7.3551631e-04
  -2.2332708e-04
   1.3082333e-05
   8.4360770e-05
   3.6142097e-04
   1.0042089e-03
   1.7735842e-03
   2.8905733e-03
   4.6516643e-03
   6.5334835e-03
   9.0029230e-03
   1.2782999e-02
   1.6136304e-02
   1.9222306e-02
   2.2752982e-02
   2.6125126e-02
   2.9332615e-02
   3.2009758e-02
   3.3303373e-02
   3.3810344e-02
   3.3479422e-02
   3.1827126e-02
   2.8421272e-02
   2.1953177e-02
   1.5324249e-02
   8.2737375e-03
   2.5601458e-04
  -5.5250051e-03
  -1.0336927e-02
  -1.4484199e-02
  -1.6252924e-02
  -1.6706897e-02
  -1.5924199e-02
  -1.4611920e-02
  -1.2933813e-02
  -1.0286432e-02
  -7.9245903e-03
  -5.5967900e-03
  -3.3859815e-03
  -2.3053845e-03
  -1.7745310e-03
  -1.9650694e-03
  -3.0116937e-03
  -4.7514411e-03
  -7.4726767e-03
  -9.7767208e-03
  -1.1971245e-02
  -1.4292573e-02
  -1.5822994e-02
  -1.7087188e-02
  -1.8019969e-02
  -1.8444907e-02
  -1.8584793e-02
  -1.8213630e-02
  -1.7464489e-02
  -1.6840709e-02
  -1.6357353e-02
  -1.5879724e-02
  -1.5340312e-02
  -1.4492836e-02
  -1.3616627e-02
  -1.2617011e-02
  -1.1317680e-02
  -1.0094261e-02
  -8.7991636e-03
  -7.4928682e-03
  -6.6339313e-03
  -5.8122221e-03
  -4.9050632e-03
  -3.9899056e-03
  -3.0338755e-03
  -2.0162377e-03
  -1.1927580e-03
  -2.9335869e-04
   4.3566892e-04
   8.0746785e-04
   1.2378278e-03
   2.0310341e-03
   2.9898491e-03
   4.2087431e-03
   5.9671905e-03
   7.7657611e-03
   9.7054970e-03
   1.2174424e-02
   1.4337265e-02
   1.6630353e-02
   1.9605437e-02
   2.2112001e-02
   2.4466477e-02
   2.6478497e-02
   2.7233869e-02
   2.6949942e-02
   2.5469091e-02
   2.3551140e-02
   2.0899506e-02
   1.6803933e-02
   1.2921448e-02
   8.9212740e-03
   4.2995824e-03
   8.1958063e-04
  -2.2500837e-03
  -5.0558965e-03
  -6.6642594e-03
  -7.7076219e-03
  -8.1081931e-03
  -7.9500638e-03
  -7.5377231e-03
  -6.6910577e-03
  -5.7996451e-03
  -4.8687346e-03
  -3.8190335e-03
  -3.2522772e-03
  -3.1128048e-03
  -3.5573000e-03
  -4.4627665e-03
  -5.7366928e-03
  -7.5504966e-03
  -9.0238936e-03
  -1.0253482e-02
  -1.1596379e-02
  -1.2713467e-02
  -1.3766704e-02
  -1.4926839e-02
  -1.5754353e-02
  -1.6460413e-02
  -1.6928589e-02
  -1.7008226e-02
  -1.2141391e-02
  -1.2121581e-02
  -1.1914230e-02
  -1.1572435e-02
  -1.0990011e-02
  -1.0431268e-02
  -9.8219362e-03
  -9.0100458e-03
  -8.2577696e-03
  -7.4168026e-03
  -6.3648128e-03
  -5.4747616e-03
  -4.6017941e-03
  -3.5823373e-03
  -2.6967140e-03
  -1.7613701e-03
  -6.1957210e-04
   3.4723862e-04
   1.2875276e-03
   2.2896193e-03
   3.0169372e-03
   3.7411237e-03
   4.6728654e-03
   5.5146429e-03
   6.4562428e-03
   7.7653329e-03
   8.9326758e-03
   1.0100448e-02
   1.1520058e-02
   1.2726774e-02
   1.3892857e-02
   1.5160019e-02
   1.6025395e-02
   1.6679169e-02
   1.7146267e-02
   1.7164370e-02
   1.6811030e-02
   1.6028748e-02
   1.5148261e-02
   1.4048781e-02
   1.2465253e-02
   1.0981323e-02
   9.4127204e-03
   7.5389964e-03
   6.0681697e-03
   4.6931412e-03
   3.2380507e-03
   2.1978319e-03
   1.2609936e-03
   3.0277753e-04
  -3.4544828e-04
  -8.6825814e-04
  -1.3685213e-03
  -1.7762643e-03
  -2.2091283e-03
  -2.7415157e-03
  -3.2286262e-03
  -3.7803666e-03
  -4.4955948e-03
  -5.1081041e-03
  -5.7573249e-03
  -6.5831687e-03
  -7.2885768e-03
  -7.9705932e-03
  -8.7045388e-03
  -9.2732780e-03
  -9.8060261e-03
  -1.0385244e-02
  -1.0840547e-02
  -1.1273132e-02
  -1.1712412e-02
  -1.1977903e-02
