   5   5   5   5   6   6   6   7   8   9   9   9   9   9  11  11   8   6   5   5   6   7   7   7   7   7   7   7   8  10  11  11  90  90  90  90  90  90  90  90  90  90  90  90  90  10  10   9   9  10  10  10  10  10  10  10  10  10   8   7   7   6   6   6   5   5   5   5   5   5   5   5
   3   3   3   3   4   4   4   4   5   5   5   5   5   5   6   5   5   4   4   4   4   4   4   3   3   3   3   3   3   3   4   5   5  90  90  90  90  90  90  90  90  90  90  90  90  90  90  90  90  90  90  90  90  90  90  90   8   5   4   4   4   4   4   3   3   3   3   3   3   3   3   3
   3   3   3   3   4   4   4   3   3   3   3   3   3   3   3   3   3   4   4   4   5   6   6   3   3   3   3   3   3   3   4   5   5   6  90  90  90  90  90  90  90  90  90  90  90  90  90  90  90  90  90  90  90  90  90   4   4   3   3   3   3   3   3   3   3   3   3   3   3   3   3   3
   4   4   3   3   3   3   3   3   3   3   3   3   3   3   3   3   3   3   3   6   6  90   5   3   3   3   3   4   8   7   6   5   5   6  14  14  90  90  90  90  90  90  90  90  90  90  90  90  90  90  90  90  90  90   3   3   3   3   3   3   3   3   3   3   3   3   3   3   4   4   4   4
   3   3   3   3   3   3   3   3   3   3   3   3   3   3   3   3   3   3   3   3   5   5   5   3   3   3   4   8  13  14  11   8   8   9  14  15  15  90  90  90  90  90  90  90  90  90  90  90  90  90  90  90  90   5   3   3   3   3   3   3   3   3   3   3   3   3   4   4   4   4   3   3
   3   3   3   3   3   3   3   3   3   3   3   3   3   3   3   3   3   3   3   3   3   4  90   3   3   3   5  11  15  15  15  15  90  15  15  15  15  15  90  90  90  90  90  90  90  90  90  90  90  90  90  90  90   5   3   3   3   3  90  90  90  90   5   5   5   5   5   3   3   3   3   3
   3   3   3   3   3   3   3   3   3   3   3   3   3   3   3   3   3   3   3   3   3   3   6  90   4   4   6  11  90  90  15  15  15  15  90  15  15  15  15  90  90  90  90  90  90  90  90  90  90  90  90  90  90  90  90  90  90  90  90  90  90  90  90  90  90  90   4   3   3   3   3   3
   3   3   3   3   3   3   3   3   3   3   3   3   3   3   3   3   3   3   3   3   3   3   6   7   4   4   9  90  90  90  15  15  15  90  90  15  15  15  15  90  90  90  90  90  90  90  90  90  90  90  90  90  90  90  90  90  90  90  90  90  90  90  90  90  90  90   3   3   3   3   3   3
   3   3   3   3   3   3   3   3   3   3   3   3   3   3   3   3   3   3   3   3   3   4   7   7   4   4  11  90  90  90  15  15  15  90  90  15  15  90  90  90  90  90  90  90  90  90  90  90  90  90  90  90  90  90  90  90  90  90  90  90  90  90  90  90  90  90   3   3   3   3   3   3
   3   3   3   3   3   3   3   3   3   3   3   3   3   3   3   3   3   3   3   3   3   4  90   7   6   6  11  90  90  90  15  15  90  90  90  90  90  90  90  90  90  90  90  90  90  90  90  90  90  90  90  90  90  90  90  90  90  90  90  90  90  90  90  90  90   3   3   3   3   3   3   3
   3   3   3   3   3   3   3   3   3   3   3   3   3   3   3   3   3   3   3   3   3  90  90  11  11  90  90  90  90  90  90  90  90  90  90  90  90  90  90  90  90  90  90  90  90  90  90  90  90  90  90  90  90  90  90  90  90  90  90  90  90  90  90   5   4   3   3   3   3   3   3   3
   3   3   3   3   3   3   3   3   3   3   3   3   3   3   3   3   3   3   3   3   3   6   9  11  11  90  90  90  90  90  90  90  90  90  90  90  90  90  90  90  90  90  90  90  90  90  90  90  90  90  90  13  15  15  90  90  90  90  90  90  90  90   5   5   3   3   3   3   3   3   3   3
   3   3   3   3   3   3   3   3   3   3   3   3   3   3   3   3   3   3   3   3   4   6   6   7  10  13  90  90  90  90  90  90  90  90  90  90  90  90  90  90  90  90  90  90  90  90  90  90  90   5   5   9  15  15  15  90  90  90  90  90   7   6   4   3   3   3   3   3   3   3   3   3
   3   3   3   3   3   3   3   3   3   3   3   3   3   3   3   3   3   3   3   3   4   5   4   4   7  13  90  90  90  90  90  90  90  90  90  90  90  90  90  90  90  90  90  90  90  90  90  90  90   4   4   7  12  15  15  15  15  90  90  90   7   4   3   3   3   3   3   3   3   3   3   3
   3   3   3   3   3   3   3   3   3   3   3   3   3   3   3   3   3   3   3   3   4   4   3   3   5  12  90  90  90  90  90  90  90  90  90  90  90  90  90  90  90  90  90  90  90  90  90  90   3   3   3   4   9  14  15  15  15  90  90  90   5   3   3   3   3   3   3   3   3   3   3   3
   3   3   3   3   3   3   3   3   3   3   3   3   3   3   3   3   3   3   3   3   4   4   3   3   4  11  15  90  90  90  90  90  90  90  90  90  90  90  90  90  90  90  90  90  90  90  90   3   3   3   3   3   6  12  15  15  15  90  90  90   4   3   3   3   3   3   3   3   3   3   3   3
   3   3   3   3   3   3   3   3   3   3   3   3   3   3   3   3   3   3   3   3   3   4   3   3   4  11  15  90  90  90  90  90  90  90  90  90  90  90  90  90  90  90  90  90  90   4   4   3   3   3   3   3   3   7  13  15  15  90  90  90   3   3   3   3   3   3   3   3   3   3   3   3
   3   3   3   3   3   3   3   3   3   3   3   3   3   3   3   3   3   3   3   3   3   4   3   3   4  10  15  90  90  90  90  90  90  90  90  90  90  90  90  90  90  90  90   4   4   3   3   3   3   3   3   3   3   6  13  90  90  90  90   4   3   3   3   3   3   3   3   3   3   3   3   3
   3   3   3   3   3   3   3   3   3   3   3   3   3   3   3   3   3   3   3   3   3   4   3   3   4  10  15  90  90  90  90  90  90  90  90  90  90  90  90  90  90  90  90   4   3   3   3   3   3   3   3   3   3   6  13  90  90  90  90   4   3   3   3   3   3   3   3   3   3   3   3   3
   3   3   3   3   3   3   3   3   3   3   3   3   3   3   3   3   3   3   3   3   3   4   4   4   4  10  15  90  90  90  90  90  90  90  90  90  90  90  90   4   4   4   4   4   3   3   3   3   3   3   3   3   3   6  13  90  90  90   7   4   3   3   3   3   3   3   3   3   3   3   3   3
   3   3   3   3   3   3   3   3   3   3   3   3   3   3   3   3   3   3   3   3   3   4  90   4   4  10  15  90  90  90  90  90  90  90  90  90  90  90  90   4   4   5   6   6   7   7   7   6   4   4   4   4   4   7  14  90  90  13   7   4   3   3   3   3   3   3   3   3   3   3   3   3
   3   3   3   3   3   3   3   3   3   3   3   3   3   3   3   3   3   3   3   3   3   3   4   4   4  10  15  90  90  90  90  90  90  90  90  90  90  90  90   5   4   5   8   8  10  10  10   9   6   4   4   5   5   7  14  90  90  13   6   3   3   3   3   3   3   3   3   3   3   3   3   3
   3   3   3   3   3   3   3   3   3   3   3   3   3   3   3   3   3   3   3   3   3   3   4  90   5  10  15  90  90  90  90  90  90  90  90  90  90  90  12   6   4   5  10  12  13  13  13  13  90  90  90   5   5   7  90  90  90  12   5   3   3   3   3   3   3   3   3   3   3   3   3   3
   3   3   3   3   3   3   3   3   3   3   3   3   3   3   3   3   3   3   3   3   3   3   4  90   5  10  15  90  90  90  90  90  90  90  90  90  90  15  14   7   4   4   8  14  15  15  15  15  90  13  13  90   8   8  90  90  90  11   4   3   3   3   3   3   3   3   3   3   3   3   3   3
   3   3   3   3   3   3   3   3   3   3   3   3   3   3   3   3   3   3   3   3   3   3   3   4   5  10  15  90  90  90  90  90  90  90  90  90  90  15  14   9   4   4   6  12  15  15  15  15  15  15  15  90  90  10  90  90  15  11   4   3   3   3   3   3   3   3   3   3   3   3   3   3
   3   3   3   3   3   3   3   3   3   3   3   3   3   3   3   3   3   3   3   3   3   3   3   4   5  90  90  90  90  90  90  90  90  90  90  90  90  90  15  11   4   4   4  10  14  15  15  15  15  15  15  90  90  11  90  90  15  11   4   3   3   3   3   3   3   3   3   3   3   3   3   3
   3   3   3   3   3   3   3   3   3   3   3   3   3   3   3   3   3   3   3   3   3   3   3   3  90  90  90  90  90  90  90  90  90  90  90  90  90  15  15  13   6   3   3   5  10  13  15  15  15  15  15  15  90  14  14  90  15  11   4   3   3   3   3   3   3   3   3   3   3   3   3   3
   3   3   3   3   3   3   3   3   3   3   3   3   3   3   3   3   3   3   3   3   3   3   3   3  90  90  90  90  90  90  90  90  90  90  90  90  90  15  15  14   6   3   3   4   6   8  12  14  14  14  14  15  90  14  14  15  15  12   5   3   3   3   3   3   3   3   3   3   3   3   3   3
   3   3   3   3   3   3   3   3   3   3   3   3   3   3   3   3   3   3   3   3   3   3   3   3  90  90  90  90  90  90  90  90  90  90  90  90  90  90  15  15   7   3   3   3   4   6  10  12  13  13  13  15  90  15  15  15  15  13   6   3   3   3   3   3   3   3   3   3   3   3   3   3
   3   3   3   3   3   3   3   3   3   3   3   3   3   3   3   3   3   3   3   3   3   3   3   3   4  90  90  90  90  90  90  90  90  90  90  90  90  90  15  15  10   4   3   3   3   3   4   7   7   7   8  12  15  15  15  15  15  15   9   4   3   3   3   3   3   3   3   3   3   3   3   3
   3   3   3   3   3   3   3   3   3   3   3   3   3   3   3   3   3   3   4   4   4   3   3   3   4  90  90  90  90  90  90  90  90  90  90  90  90  90  15  15  11   5   3   3   3   3   4   5   5   5   6   8  13  15  15  15  15  15  10   4   3   3   3   3   3   3   3   3   3   3   3   3
   3   3   3   3   3   3   3   3   3   3   3   3   3   3   3   3   3   3   4   5   5   4   3   3   4  90  90  90  90  90  90  90  90  90  90  90  90  90  90  15  13   7   3   3   3   3   3   3   3   3   4   6  12  15  15  15  15  15  11   4   3   3   3   3   3   3   3   3   3   3   3   3
   3   3   3   3   3   3   3   3   3   3   3   3   3   3   3   3   3   3   4   8   8   5   3   3   4   8  90  90  90  90  90  90  90  90  90  90  90  90  90  15  15  11   6   3   3   3   3   3   3   3   3   4   7  13  15  15  15  15  12   5   3   3   3   3   3   3   3   3   3   3   3   3
   3   3   3   3   3   3   3   3   3   3   3   3   3   3   3   3   3   3   3   6   7   5   3   3   4   8  90  90  90  90  90  90  90  90  90  90  90  90  90  15  15  12   8   4   3   3   3   3   3   3   3   3   5  10  14  15  15  15  12   5   3   3   3   3   3   3   3   3   3   3   3   3
   3   3   3   3   3   3   3   3   3   3   3   3   3   3   3   3   3   3   3   4   5   5   3   3   4   7  90  90  90  90  90  90  90  90  90  90  90  90  90  90  15  15  13   7   4   3   3   3   3   3   3   3   3   7  13  15  15  15  12   5   3   3   3   3   3   3   3   3   3   3   3   3
   3   3   3   3   3   3   3   3   3   3   3   3   3   3   3   3   3   3   3   3   4   5   3   3   3   6  90  90  90  90  90  90  90  90  90  90  90  90  90  90  90  15  15  10   4   3   3   3   3   3   3   3   3   4   9  90  90  15  10   4   3   3   3   3   3   3   3   3   3   3   3   3
   3   3   3   3   3   3   3   3   3   3   3   3   3   3   3   3   3   3   3   3   3   5   4   3   3   6  90  90  90  90  90  90  90  90  90  90  90  90  90  90  90  90  15  12   5   3   3   3   3   3   3   3   3   4   7  90  90  13   8   3   3   3   3   3   3   3   3   3   3   3   3   3
   3   3   3   3   3   3   3   3   3   3   3   3   3   3   3   3   3   3   3   3   3   4   5   3   3   6  90  90  90  90  90  90  90  90  90  90  90  90  90  90  90  90  90  13   7   3   3   3   3   3   3   3   3   3   4  10  10  10   4   3   3   3   3   3   3   3   3   3   3   3   3   3
   3   3   3   3   3   3   3   3   3   3   3   3   3   3   3   3   3   3   3   3   3   3   5   3   3   6  90  90  90  90  90  90  90  90  90  90  90  90  90  90  90  90  90  14   9   4   3   3   3   3   3   3   3   3   3   6   7   6   3   3   3   3   3   3   3   3   3   3   3   3   3   3
   3   3   3   3   3   3   3   3   3   3   3   3   3   3   3   3   3   3   3   3   3   3   5   4   4   6  90  90  90  90  90  90  90  90  90  90  90  90  90  90  90  90  90  15  10   4   3   3   3   3   3   3   3   3   3   4   5   4   3   3   3   3   3   3   3   3   3   3   3   3   3   3
   3   3   3   3   3   3   3   3   3   3   3   3   3   3   3   3   3   3   3   3   3   3   4   4   4   6  90  90  90  90  90  90  90  90  90  90  90  90  90  90  90  90  90  15  13   6   3   3   3   3   3   3   3   3   3   3   3   3   3   3   3   3   3   3   3   3   3   3   3   3   3   3
   3   3   3   3   3   3   3   3   3   3   3   3   3   3   3   3   3   3   3   3   3   3   4   4   4   8  90  90  90  90  90  90  90  90  90  90  90  90  90  90  90  90  90  15  14   7   3   3   3   3   3   3   3   3   3   3   3   3   3   3   3   3   3   3   3   3   3   3   3   3   3   3
   3   3   3   3   3   3   3   3   3   3   3   3   3   3   3   3   3   3   3   3   3   3   4   4   4   9  14  90  90  90  90  90  90  90  90  90  90  90  90  90  90  90  90  15  15   9   3   3   3   3   3   3   3   3   3   3   3   3   3   3   3   3   3   3   3   3   3   3   3   3   3   3
   3   3   3   3   3   3   3   3   3   3   3   3   3   3   3   3   3   3   3   3   3   3   4   4   4   9  15  90  90  90  90  90  90  90  90  90  90  90  90  90  90  90  90  15  15  11   4   3   3   3   3   3   3   3   3   3   3   3   3   3   3   3   3   3   3   3   3   3   3   3   3   3
   3   3   3   3   3   3   3   3   3   3   3   3   3   3   3   3   3   3   3   3   3   3   4   4   4   9  15  90  90  90  90  90  90  90  90  90  90  90  90  90  90  90  90  15  15  11   4   3   3   3   3   3   3   3   3   3   3   3   3   3   3   3   3   3   3   3   3   3   3   3   3   3
   3   3   3   3   3   3   3   3   3   3   3   3   3   3   3   3   3   3   3   3   3   3   4   4   4  10  15  90  90  90  90  90  90  90  90  90  90  90  90  90  90  90  90  15  15  11   4   3   3   3   3   3   3   3   3   3   3   3   3   3   3   3   3   3   3   3   3   3   3   3   3   3
   3   3   3   3   3   3   3   3   3   3   3   3   3   3   3   3   3   3   3   3   3   3   3   3   4   9  13  90  90  90  90  90  90  90  90  90  90  90  90  90  90  90  90  90  90  11   4   3   3   3   3   3   3   3   3   3   3   3   3   3   3   3   3   3   3   3   3   3   3   3   3   3
   3   3   3   3   3   3   3   3   3   3   3   3   3   3   3   3   3   3   3   3   3   3   3   3   3   7  90  90  90  90  90  90  90  90  90  90  90  90  90  90  90  90  90  90  90  11   5   3   3   3   3   3   3   3   3   3   3   3   3   3   3   3   3   3   3   3   3   3   3   3   3   3
   3   3   3   3   3   3   3   3   3   3   3   3   3   3   3   3   3   3   3   3   3   3   3   3   3   5  90  90  90  90  90  90  90  90  90  90  90  90  90  90  90  90  90  90  90  12   6   3   3   3   3   3   3   3   3   3   3   3   3   3   3   3   3   3   3   3   3   3   3   3   3   3
   3   3   3   3   3   3   3   3   3   3   3   3   3   3   3   3   3   3   3   3   3   3   3   3   3   4   7  90  90  90  90  90  90  90  90  90  90  90  90  90  90  90  90  90  90  14   6   3   3   3   3   3   3   3   3   3   3   3   3   3   3   3   3   3   3   3   3   3   3   3   3   3
   3   3   3   3   3   3   3   3   3   3   3   3   3   3   3   3   3   3   3   3   3   3   3   3   3   4   7  90  90  90  90  90  90  90  90  90  90  90  90  90  90  90  90  90  90  14   7   3   3   3   3   3   3   3   3   3   3   3   3   3   3   3   3   3   3   3   3   3   3   3   3   3
   3   3   3   3   3   3   3   3   3   3   3   3   3   3   3   3   3   3   3   3   3   3   3   3   3   3   5  90  90  90  90  90  90  90  90  90  90  90  90  90  90  90  90  90  90  14   9   4   3   3   3   3   3   3   3   3   3   3   3   3   3   3   3   3   3   3   3   3   3   3   3   3
   3   3   3   3   3   3   3   3   3   3   3   3   3   3   3   3   3   3   3   3   3   3   3   3   3   3   3  90  90  90  90  90  90  90  90  90  90  90  90  90  90  90  90  90  90  90  12   6   4   3   3   3   3   3   3   3   3   3   3   3   3   3   3   3   3   3   3   3   3   3   3   3
   3   3   3   3   3   3   3   3   3   3   3   3   3   3   3   3   3   3   3   3   3   3   3   3   3   3   3  90  90  90  90  90  90  90  90  90  90  90  90  90  90  90  90  90  90  90  14  10   7   5   4   4   5   4   4   4   4   4   3   3   3   3   3   3   3   3   3   3   3   3   3   3
   3   3   3   3   3   3   3   3   3   3   3   3   3   3   3   3   3   3   3   3   3   3   3   3   3   3   3   4  90  90  90  90  90  90  90  90  90  90  90  90  90  90  90  90  90  90  15  13  10   7   6   6   7   6   5   5   6   5   3   3   3   3   3   3   3   3   3   3   3   3   3   3
   3   3   3   3   3   3   3   3   3   3   3   3   3   3   3   3   3   3   3   3   3   3   3   3   3   3   3   4  90  90  90  90  90  90  90  90  90  90  90  90  90  90  90  90  90  90  15  15  14  12  12  12  12  11  10  10  10  90   4   3   3   3   3   3   3   3   3   3   3   3   3   3
   3   3   3   3   3   3   3   3   3   3   3   3   3   3   3   3   3   3   3   3   3   3   3   3   3   3   3   4  90  90  90  90  90  90  90  90  90  90  90  90  90  90  90  90  90  90  15  15  15  15  90  90  90  90  90  90  90  90   4   4   3   3   3   3   3   3   3   3   3   3   3   3
   3   3   3   3   3   3   3   3   3   3   3   3   3   3   3   3   3   3   3   3   3   3   3   3   3   3   3   3  90  90  90  90  90  90  90  90  90  90  90  90  90  90  90  90  90  90  90  15  15  90  90  90  90  90  90  90  90  90  90   4   3   3   3   3   3   3   3   3   3   3   3   3
   3   3   3   3   3   3   3   3   3   3   3   3   3   3   3   3   3   3   3   3   3   3   3   3   3   3   3   3  90  90  90  90  90  90  90  90  90  90  90  90  90  90  90  90  90  90  90  90  90  90  90  90  90  90  90  90  90  90  90   4   3   3   3   3   3   3   3   3   3   3   3   3
   3   3   3   3   3   3   3   3   3   3   3   3   3   3   3   3   3   3   3   3   3   3   3   3   3   3   3   3  90  90  90  90  90  90  90  90  90  90  90  90  90  90  90  90  90  90  90  90  90  90  90  90  90  90  90  90  90  90  90   5   3   3   3   3   3   3   3   3   3   3   3   3
   3   3   3   3   3   3   3   3   3   3   3   3   3   3   3   3   3   3   3   3   3   3   3   3   3   3   3   3  90  90  90  90  90  90  90  90  90  90  90  90  90  90  90  90  90  90  90  90  90  90  90  90  90  90  90  90  90  90  11   5   3   3   3   3   3   3   3   3   3   3   3   3
   3   3   3   3   3   3   3   3   3   3   3   3   3   3   3   3   3   3   3   3   3   3   3   3   3   3   3   3  90  90  90  90  90  90  90  90  90  90  90  90  90  90  90  90  90  90  90  90  90  90  90  90  90  90  90  90  90  90  12   5   3   3   3   3   3   3   3   3   3   3   3   3
   3   3   3   3   3   3   3   3   3   3   3   3   3   3   3   3   3   3   3   3   3   3   3   3   3   3   3   3  90  90  90  90  90  90  90  90  90  90  90  90  90  90  90  90  90  90  90  90  90  90  90  90  90  90  90  90  90  90  12   5   3   3   3   3   3   3   3   3   3   3   3   3
   3   3   3   3   3   3   3   3   3   3   3   3   3   3   3   3   3   3   3   3   3   3   3   3   3   3   3   3  90  90  90  90  90  90  90  90  90  90  90  90  90  90  90  90  90  90  90  90  90  90  90  90  90  90  90  90  90  90  12   7   3   3   3   3   3   3   3   3   3   3   3   3
   3   3   3   3   3   3   3   3   3   3   3   3   3   3   3   3   3   3   3   3   3   3   3   3   3   3   3   4  90  90  90  90  90  90  90  90  90  90  90  90  90  90  90  90  90  90  90  90  90  90  90  90  90  90  90  90  90  90  90   9   4   3   3   3   3   3   3   3   3   3   3   3
   3   3   3   3   3   3   3   3   3   3   3   3   3   3   3   3   3   3   3   3   3   3   3   3   3   3   3   4  90  90  90  90  90  90  90  90  90  90  90  90  90  90  90  90  90  90  90  90  90  90  90  90  90  90  90  90  90  90  90   9   4   3   3   3   3   3   3   3   3   3   3   3
   3   3   3   3   3   3   3   3   3   3   3   3   3   3   3   3   3   3   3   3   3   3   3   3   3   3   3   4  90  90  90  90  90  90  90  90  90  90  90  90  90  90  90  90  90  90  90  90  90  90  90  90  90  90  90  90  90  90  90   8   4   3   3   3   3   3   3   3   3   3   3   3
   3   3   3   3   3   3   3   3   3   3   3   3   3   3   3   3   3   3   3   3   3   3   3   3   3   3   3   4  90  90  90  90  90  90  90  90  90  90  90  90  90  90  90  90  90  90  90  90  90  90  90  90  90  90  90  90  90  90  10   6   3   3   3   3   3   3   3   3   3   3   3   3
   3   3   3   3   3   3   3   3   3   3   3   3   3   3   3   3   3   3   3   3   3   3   3   3   3   3   3   4   9  90  90  90  90  90  90  90  90  90  90  90  90  90  90  90  90  90  90  90  90  90  90  90  90  90  90  90  90  13  10   4   3   3   3   3   3   3   3   3   3   3   3   3
   3   3   3   3   3   3   3   3   3   3   3   3   3   3   3   3   3   3   3   3   3   3   3   3   3   3   3   4   9  11  90  90  90  90  90  90  90  90  90  90  90  90  90  90  90  90  90  90  90  90  90  90  90  90  90  90  90  13   6   3   3   3   3   3   3   3   3   3   3   3   3   3
   3   3   3   3   3   3   3   3   3   3   3   3   3   3   3   3   3   3   3   3   3   3   3   3   3   3   3   5   8  11  11  90  90  90  90  90  90  90  90  90  90  90  90  90  90  90  90  90  90  90  90  90  90  90  90  90   8   8   4   3   3   3   3   3   3   3   3   3   3   3   3   3
   4   4   4   4   4   4   4   4   4   4   4   4   4   4   4   4   4   4   4   4   4   4   4   4   4   4   5   5   7   7   7   7   7   7   7   7   7   7   7   7   7   7   7   7   7   7   7   7   7   8   8   7   5   5   5   5   5   5   4   4   4   4   4   4   4   4   4   4   4   4   4   4
