  -1.4609436e-02
  -2.7495653e-01
  -4.9414649e-01
  -5.9687088e-01
  -5.0517992e-01
  -3.0934338e-01
  -5.9111348e-02
   6.9646990e-02
   8.5310234e-02
  -5.5817136e-02
  -2.7118747e-01
  -5.3356069e-01
  -8.2796110e-01
  -9.7101895e-01
  -9.3046404e-01
  -4.6699714e-01
   2.8700107e-01
   1.2557588e+00
   2.4440708e+00
   2.7042777e+00
   1.9465563e+00
   2.5110317e+00
   2.7070183e+00
   2.8166007e+00
   2.2540677e+00
   1.8041895e+00
   1.4359343e+00
   1.1285473e+00
   9.6778215e-01
   8.5921617e-01
   7.4632740e-01
   6.1010603e-01
   4.1621087e-01
   2.1392371e-02
  -4.6066856e-01
  -1.0100772e+00
  -1.6111145e+00
  -1.8570778e+00
  -2.1608037e+00
  -1.9680601e+00
  -1.2717944e+00
  -3.8528162e-01
   5.6025720e-01
   1.0736188e+00
   1.3329614e+00
   1.4137968e+00
   1.3760690e+00
   1.3334131e+00
   1.3039462e+00
   1.2656304e+00
   1.2136787e+00
   1.1416677e+00
   1.0636734e+00
   9.8885873e-01
   9.1325065e-01
   8.7396943e-01
   8.7361772e-01
   9.4649572e-01
   1.0286362e+00
   1.0987599e+00
   1.1322780e+00
   1.0954508e+00
   1.0020551e+00
   8.3210416e-01
   6.6925143e-01
   5.1544610e-01
   3.8018594e-01
   3.2991125e-01
   3.3383055e-01
   3.6152661e-01
   3.3983487e-01
   2.3954375e-01
  -1.0554837e-01
  -7.4944578e-01
  -1.2338617e+00
  -1.3006344e+00
  -8.8741780e-01
  -2.3372129e-01
   6.5307471e-01
   1.2712077e+00
   1.5711758e+00
   1.3876817e+00
   8.6003075e-01
   2.1007978e-01
  -3.7183329e-01
  -5.4123952e-01
  -4.4557393e-01
   2.5452765e-02
   7.0712109e-01
   1.4858803e+00
   2.2655011e+00
   2.5182522e+00
   2.3426644e+00
   2.0624836e+00
   2.1556474e+00
   2.0422677e+00
   1.5832916e+00
   1.2034030e+00
   8.5528659e-01
   5.4374328e-01
   3.6034985e-01
   1.9232701e-01
   9.6901460e-03
  -5.6394540e-02
  -1.6506734e-02
   3.0631112e-02
  -1.1141348e-01
  -4.3901710e-01
  -7.0837976e-01
  -6.9202009e-01
  -7.9287534e-01
  -9.3821578e-01
  -7.9181845e-01
  -4.2248120e-01
   2.6517837e-01
   8.9066036e-01
   1.2939376e+00
   1.3390249e+00
   1.1394727e+00
   9.6558900e-01
   9.3786824e-01
   1.0243468e+00
   1.1150046e+00
   1.1261026e+00
   1.0035380e+00
   7.6721321e-01
   3.9719622e-01
   1.4210724e-01
   6.2917483e-02
   2.8597905e-01
   6.3407229e-01
   9.4648442e-01
   1.0401736e+00
   8.6525265e-01
   6.0875713e-01
   4.2262084e-01
   4.8027039e-01
   6.5681038e-01
   8.0068929e-01
   7.7029417e-01
   6.7895749e-01
   6.4473662e-01
   6.4099953e-01
   4.8169858e-01
   1.3415729e-01
  -3.9010199e-02
  -1.1516898e-01
   1.5683483e-01
   5.8621935e-01
   9.6117140e-01
   1.2546073e+00
   1.5490029e+00
   1.7751451e+00
   1.6735867e+00
   1.3497110e+00
   9.2393984e-01
   6.0076472e-01
   4.9862381e-01
   5.1269020e-01
   7.5239560e-01
   1.0431779e+00
   1.2581224e+00
   1.3654817e+00
   1.4087564e+00
   1.4743844e+00
   1.5212991e+00
   1.4397005e+00
   1.4390644e+00
   1.3470613e+00
   9.0517457e-01
   3.0734781e-01
  -1.1827143e-01
  -2.2576404e-01
  -2.6690323e-01
  -3.3025932e-01
  -3.3588444e-01
  -2.6907415e-01
  -8.4265330e-02
   1.2458877e-01
   1.6105897e-01
  -4.3676832e-02
  -1.1571738e-01
   1.3479529e-02
   4.4381911e-02
  -2.7226712e-01
  -5.9005987e-01
  -2.9358996e-01
   4.6209517e-01
   9.3401018e-01
   8.6808608e-01
   6.3708938e-01
   5.3001555e-01
   6.4003988e-01
   7.9530952e-01
   8.8042217e-01
   7.6871629e-01
   5.3700919e-01
   3.1326862e-01
   1.7197749e-01
   1.4094008e-01
   1.5090455e-01
   2.2712321e-01
   3.3120096e-01
   4.1208076e-01
   4.3592335e-01
   4.4168652e-01
   4.8446323e-01
   5.5820004e-01
   5.9152436e-01
   5.9188319e-01
   5.4919999e-01
   5.0525640e-01
   4.6812005e-01
   4.1200933e-01
   3.4995727e-01
   2.7933826e-01
   6.7560491e-02
   2.1238095e-01
   2.7069591e-01
   5.0479476e-01
   7.5183108e-01
   7.9807931e-01
   7.5192658e-01
   8.8884324e-01
   1.1375276e+00
   1.0462290e+00
   6.7266384e-01
   4.1703507e-01
   4.2344973e-01
   5.0296337e-01
   5.9924941e-01
   7.0697868e-01
   4.7191190e-01
   1.3464461e-01
   1.7779816e-01
   5.6840671e-01
   8.7008625e-01
   9.4717086e-01
   9.7540210e-01
   1.1430059e+00
   1.1069936e+00
   4.0649421e-01
  -3.5020820e-01
  -6.0651194e-01
  -4.8017459e-01
  -4.2536654e-01
  -5.1625176e-01
  -4.6515460e-01
  -2.9866949e-01
  -9.5992361e-02
   1.9143253e-01
   4.6179438e-01
   3.1637678e-01
   1.1139951e-01
   1.3801123e-01
  -1.1035414e-01
  -6.9566282e-01
  -8.1390981e-01
   1.5286131e-01
   8.1132634e-01
   8.8716018e-01
   6.6247612e-01
   4.8578302e-01
   4.7680108e-01
   6.4567557e-01
   7.1850865e-01
   6.8448508e-01
   5.4108413e-01
   3.1569254e-01
   1.3667212e-01
   1.1225827e-01
   1.1754407e-01
   1.2647881e-01
   1.3205574e-01
   6.0500599e-02
   6.7506875e-02
   2.7931998e-01
   4.1342480e-01
   4.8123450e-01
   5.3134205e-01
   4.5160242e-01
   3.2252432e-01
   2.7014875e-01
   2.5216412e-01
   2.4289058e-01
   2.0680154e-01
   3.5110306e-02
  -9.0139073e-02
   2.0949087e-01
   4.2449847e-01
   6.7654184e-01
   6.8347420e-01
   5.9408266e-01
   6.6467926e-01
   5.9613276e-01
   5.8473192e-01
   7.3977765e-01
   1.2197272e-01
  -5.7674406e-01
  -4.4974791e-01
   2.9479450e-01
   5.1233963e-01
   4.7564832e-01
   6.2250367e-01
   2.0639627e-01
  -4.4266084e-01
  -3.8291671e-01
   2.6904771e-01
   4.4940778e-01
   4.2854022e-01
   6.0250250e-01
   7.2639835e-01
   6.4390709e-01
  -5.5621208e-02
  -7.2420486e-01
  -7.5760443e-01
  -4.7253325e-01
  -4.5917790e-01
  -4.8286392e-01
  -4.0438604e-01
  -2.9974147e-01
  -1.3257352e-01
   3.9675674e-02
   4.0874491e-01
   6.7968550e-01
   4.0949823e-01
   2.3353828e-01
  -2.2007755e-01
  -7.3784643e-01
  -3.1668101e-01
   6.5888765e-01
   6.1362217e-01
   6.0751559e-01
   7.4867835e-01
   4.8600636e-01
   4.2412084e-01
   5.2754765e-01
   5.3657211e-01
   5.0242654e-01
   3.7235946e-01
   1.8637347e-01
   3.2519670e-02
   3.4207750e-02
   6.7744745e-02
  -8.9039048e-02
  -2.9210715e-01
  -1.5218427e-01
   1.7962920e-01
   4.4579751e-01
   4.6032811e-01
   3.8553477e-01
   2.9394459e-01
   1.9056849e-01
   4.1162787e-02
  -5.6913142e-02
  -5.8908168e-02
  -3.3973694e-02
  -7.2616967e-03
  -3.9787282e-02
   6.1584801e-03
   1.2247164e-01
   3.9592830e-01
   5.1058034e-01
   5.4653928e-01
   4.4166873e-01
   4.9372022e-01
   3.9666880e-01
   2.8304584e-01
   3.7538253e-01
  -1.2441401e-01
  -3.5486020e-01
  -7.3812763e-03
   1.3453397e-01
   1.1009024e-01
   1.3218241e-01
   2.1672531e-01
  -2.8931586e-02
  -2.5273526e-01
   3.7108659e-02
   2.5601156e-03
  -1.7649324e-01
   1.4413583e-01
   2.2678145e-01
   3.3298844e-01
   3.5322108e-01
  -3.4977523e-01
  -8.2880536e-01
  -7.4246677e-01
  -4.5018319e-01
  -4.1309930e-01
  -4.3881549e-01
  -3.9749953e-01
  -3.4097408e-01
  -1.7292426e-01
  -3.6766850e-02
   2.7264235e-01
   6.5801395e-01
   5.4570323e-01
   4.1859292e-01
  -2.7033576e-01
  -5.9671736e-01
   1.9238048e-01
   6.6908294e-01
   4.4365652e-01
   7.0426572e-01
   9.3908857e-01
   5.8994001e-01
   3.4987590e-01
   2.7916114e-01
   3.1841677e-01
   2.9642493e-01
   1.7048244e-01
   5.0504228e-02
  -7.2184849e-02
  -1.9536735e-01
  -4.2113051e-01
  -5.5525126e-01
  -2.2859167e-01
   1.5347331e-01
   4.0416380e-01
   3.7038248e-01
   2.7731434e-01
   2.3487063e-01
   1.0122880e-01
   3.2693725e-03
  -1.5085191e-01
  -3.2765685e-01
  -2.3222376e-01
  -1.6739870e-01
  -6.7199724e-02
   6.8760419e-02
   1.3463204e-02
   3.4513595e-02
   3.7654297e-01
   4.0807117e-01
   2.6018524e-01
   1.5281676e-01
   2.4742240e-01
   9.9186463e-02
  -1.4642054e-01
   8.6540894e-02
  -1.5002249e-01
  -3.6052773e-01
  -2.9214770e-01
  -4.6146879e-01
  -3.1418604e-01
  -1.8041532e-01
  -1.9414359e-01
  -2.0952629e-01
  -2.7252084e-01
  -3.3668006e-01
  -4.1863767e-01
  -3.8889702e-01
  -1.3947987e-01
  -8.3489235e-02
   7.5202178e-03
   6.8401645e-02
  -4.3200762e-01
  -8.5444119e-01
  -9.4044192e-01
  -8.0706053e-01
  -6.2939857e-01
  -4.4515121e-01
  -4.5245605e-01
  -3.7629144e-01
  -1.3267560e-01
  -1.1632970e-01
   1.6456244e-01
   5.2755188e-01
   5.6400514e-01
   5.4934783e-01
  -2.3973704e-01
  -1.6493395e-01
   4.8384557e-01
   2.2920695e-01
   2.4000162e-01
   6.5161192e-01
   8.1374888e-01
   6.1667317e-01
   2.6695727e-01
   1.2927036e-01
   1.7856170e-01
   1.4764988e-01
  -2.5990201e-02
  -1.8132128e-01
  -4.2849548e-01
  -5.2869573e-01
  -4.0306045e-01
  -1.2212899e-01
   1.8109452e-01
   2.5573342e-01
   2.5634008e-01
   9.2745186e-02
   5.0709785e-02
   7.8314777e-03
  -1.0719086e-01
  -1.3892623e-01
  -2.5396201e-01
  -1.5852521e-01
   1.8688534e-02
  -2.8187901e-02
  -3.0681575e-02
   3.2474911e-02
  -7.2790605e-02
  -4.9902500e-02
   3.1057448e-01
   4.3118332e-01
   3.2098339e-01
   6.0490590e-02
  -2.8199467e-02
  -4.0334300e-02
  -3.5423525e-01
  -3.1448799e-01
  -4.1294876e-01
  -5.2559340e-01
  -6.3166535e-01
  -7.3978401e-01
  -5.4003358e-01
  -4.6127448e-01
  -4.2748197e-01
  -4.3691105e-01
  -4.5121543e-01
  -4.8224936e-01
  -5.0104476e-01
  -4.6421494e-01
  -4.0550956e-01
  -3.1959373e-01
  -2.7961728e-01
  -2.2153977e-01
  -3.9156377e-01
  -7.8197086e-01
  -1.1260444e+00
  -1.1072949e+00
  -8.7593592e-01
  -5.7450930e-01
  -4.4474034e-01
  -2.7738466e-01
  -8.5430425e-02
  -9.7652157e-02
   1.0304088e-01
   3.0620768e-01
   4.6473307e-01
   4.3388369e-01
   1.8850326e-01
   3.0210802e-01
   1.3949150e-01
  -2.4076648e-01
   1.9431212e-02
   2.8179626e-01
   5.2600684e-01
   4.6467792e-01
   1.9406299e-01
   1.2581660e-01
   1.6900352e-01
   1.1852670e-01
  -1.4953254e-01
  -2.5694708e-01
  -2.8211713e-01
  -9.5466495e-02
   6.9399016e-02
   8.8022182e-02
   6.8895822e-02
  -1.2855518e-02
  -8.1488347e-02
  -2.0617065e-01
  -2.3365225e-01
  -2.6959411e-01
  -3.8248049e-01
  -3.2210880e-01
  -2.9724053e-01
  -1.2082606e-01
  -6.6042944e-02
  -9.1530779e-02
  -6.4111545e-02
  -2.0262256e-01
  -2.5932051e-01
  -5.2446620e-02
   2.1604895e-01
   3.3079855e-01
   3.9029499e-01
   7.6054629e-02
  -3.2790463e-01
  -2.9837749e-01
  -5.2964138e-01
  -6.8077124e-01
  -7.7068863e-01
  -7.6006734e-01
  -7.4986367e-01
  -7.9212888e-01
  -6.8132395e-01
  -6.2871846e-01
  -6.0027961e-01
  -6.2231763e-01
  -6.1668036e-01
  -6.2444322e-01
  -5.9483184e-01
  -5.8783254e-01
  -5.3878493e-01
  -4.9987937e-01
  -4.5780460e-01
  -4.1855329e-01
  -3.7876177e-01
  -5.3891245e-01
  -6.4232498e-01
  -5.7221012e-01
  -5.1460180e-01
  -7.2979155e-01
  -6.6694701e-01
  -2.3435766e-01
  -1.4337407e-01
  -1.7977998e-01
  -6.6738559e-02
   3.0796049e-02
   2.1605165e-01
   3.1535368e-01
   4.0732014e-01
   1.8492778e-01
  -2.7077456e-01
  -3.8878906e-01
  -1.4051600e-01
   1.2863493e-02
   2.3831775e-01
   2.4003507e-01
   1.0055683e-01
   7.3951267e-02
   1.0155419e-01
   1.5806232e-02
  -1.8839839e-01
  -3.0884222e-01
  -3.4797824e-01
  -2.7451647e-01
  -3.5750141e-01
  -4.2950858e-01
  -4.1760791e-01
  -3.9915048e-01
  -4.6369500e-01
  -5.6054035e-01
  -5.9834692e-01
  -6.5502286e-01
  -7.0961091e-01
  -5.9442379e-01
  -4.6686686e-01
  -3.7128501e-01
  -3.1205497e-01
  -3.3149569e-01
  -3.5052978e-01
  -4.7370675e-01
  -4.1670124e-01
  -5.7965697e-02
   1.4286688e-01
   1.2932345e-01
   2.5162596e-01
   6.4582379e-02
  -4.1389391e-01
  -5.1719216e-01
  -6.5830493e-01
  -8.2092979e-01
  -9.5578459e-01
  -9.4668426e-01
  -8.9105832e-01
  -8.4657119e-01
  -7.7419638e-01
  -7.3966187e-01
  -7.2895437e-01
  -7.4911276e-01
  -7.3619844e-01
  -7.2668976e-01
  -6.8348821e-01
  -6.7041055e-01
  -6.2670127e-01
  -6.0234473e-01
  -5.6876581e-01
  -5.1160898e-01
  -3.8057946e-01
  -2.5809014e-01
  -1.8530505e-01
  -1.9960266e-01
  -2.5753354e-01
  -6.9935870e-01
  -8.3387719e-01
  -4.7415807e-01
  -2.7950515e-01
  -4.0115980e-01
  -3.4168956e-01
  -2.2274212e-01
  -7.9788722e-02
   1.1918194e-01
   2.2533650e-01
  -4.7770775e-02
  -3.0686506e-01
  -5.5757376e-01
  -4.0691984e-01
  -2.1611385e-01
  -2.6891381e-02
  -1.6580574e-02
  -7.6345605e-02
  -1.0258488e-01
  -2.4001214e-02
  -1.0088906e-01
  -3.0799376e-01
  -5.1841822e-01
  -7.6226055e-01
  -8.0780575e-01
  -8.8259984e-01
  -8.4631420e-01
  -7.7805490e-01
  -7.3614296e-01
  -8.4921948e-01
  -9.4959053e-01
  -9.7944168e-01
  -9.9178895e-01
  -9.4368212e-01
  -8.0741266e-01
  -7.2163160e-01
  -5.8812490e-01
  -5.2366422e-01
  -5.3373776e-01
  -4.9704350e-01
  -5.5330875e-01
  -4.6216157e-01
  -1.0973020e-01
  -1.4816083e-01
  -1.7743324e-01
  -6.3523184e-02
  -1.2329257e-01
  -5.5379772e-01
  -7.5264620e-01
  -8.3255296e-01
  -9.2773540e-01
  -1.0265424e+00
  -9.9430018e-01
  -9.5103530e-01
  -8.8431761e-01
  -8.3074103e-01
  -8.1026824e-01
  -8.0076689e-01
  -8.1230398e-01
  -7.9318561e-01
  -7.6906010e-01
  -7.2720937e-01
  -6.9835375e-01
  -6.7371399e-01
  -6.4233847e-01
  -6.2170802e-01
  -5.4142672e-01
  -3.9760019e-01
  -1.4123851e-01
   2.3996163e-03
  -6.9271013e-02
  -1.6691418e-01
  -4.8285145e-01
  -6.6022960e-01
  -6.8751392e-01
  -5.1873485e-01
  -6.4079107e-01
  -6.0596011e-01
  -4.4229635e-01
  -3.2570975e-01
  -1.8722500e-01
  -4.6400467e-02
  -1.9512174e-01
  -3.3190602e-01
  -6.8703576e-01
  -6.8297623e-01
  -5.0536589e-01
  -2.9172943e-01
  -2.9955430e-01
  -2.9248976e-01
  -2.8801881e-01
  -1.9116172e-01
  -2.3352264e-01
  -3.9519818e-01
  -5.4384628e-01
  -7.7764581e-01
  -8.9391694e-01
  -9.6487946e-01
  -9.8268549e-01
  -1.0357149e+00
  -1.0630285e+00
  -1.2282081e+00
  -1.2310095e+00
  -1.1627726e+00
  -1.0611801e+00
  -9.9779741e-01
  -9.3991665e-01
  -9.1613067e-01
  -7.5166223e-01
  -6.3808477e-01
  -5.8032379e-01
  -5.2583469e-01
  -5.5874139e-01
  -4.3693287e-01
  -1.5861382e-01
  -4.5105549e-01
  -4.8037205e-01
  -3.9456038e-01
  -4.5243937e-01
  -7.8043934e-01
  -9.9209301e-01
  -1.0504883e+00
  -1.0486769e+00
  -1.0652458e+00
  -1.0137258e+00
  -9.4670321e-01
  -8.8271153e-01
  -8.3733776e-01
  -8.2699556e-01
  -8.0392368e-01
  -8.1456713e-01
  -7.8523234e-01
  -7.6044742e-01
  -7.2147948e-01
  -6.8612031e-01
  -6.7412175e-01
  -6.3455736e-01
  -6.0778579e-01
  -5.2324739e-01
  -3.9158492e-01
  -1.7901084e-01
   9.6446031e-02
   1.6905197e-01
   8.5638510e-02
  -1.0600803e-01
  -3.3983982e-01
  -6.7387096e-01
  -7.4362283e-01
  -7.9148458e-01
  -7.9526252e-01
  -6.1265176e-01
  -5.0437867e-01
  -4.6246626e-01
  -3.4821351e-01
  -3.8212341e-01
  -4.1797207e-01
  -6.2027861e-01
  -7.8808081e-01
  -6.8752373e-01
  -6.3423739e-01
  -5.3181441e-01
  -4.3000487e-01
  -3.7275248e-01
  -3.4519123e-01
  -3.8754451e-01
  -4.4330032e-01
  -4.8268009e-01
  -6.0315025e-01
  -7.2501984e-01
  -7.9966013e-01
  -8.1011959e-01
  -9.5609122e-01
  -1.0793250e+00
  -1.2634616e+00
  -1.2303311e+00
  -1.1149172e+00
  -9.4127269e-01
  -8.8463730e-01
  -9.5628715e-01
  -9.6631850e-01
  -8.2616712e-01
  -6.6642242e-01
  -5.4598340e-01
  -5.1653760e-01
  -5.6795883e-01
  -4.2176081e-01
  -1.7648861e-01
  -3.9608312e-01
  -6.2724190e-01
  -6.1181606e-01
  -7.3521887e-01
  -9.7557253e-01
  -1.1468109e+00
  -1.1554034e+00
  -1.1023368e+00
  -1.0368350e+00
  -9.5606458e-01
  -8.9238852e-01
  -8.1642919e-01
  -7.8532791e-01
  -7.7653468e-01
  -7.5542037e-01
  -7.6337450e-01
  -7.3139833e-01
  -7.0673268e-01
  -6.7656151e-01
  -6.4402457e-01
  -6.3359927e-01
  -5.8527509e-01
  -5.3635106e-01
  -4.4612930e-01
  -2.7753118e-01
  -2.1443927e-01
   4.6074263e-02
   3.1712693e-01
   3.2991001e-01
   3.8402020e-01
   2.4037807e-02
  -4.2692579e-01
  -7.2508912e-01
  -7.9047260e-01
  -8.7257173e-01
  -7.3767947e-01
  -6.3998742e-01
  -6.4449463e-01
  -6.1791838e-01
  -5.7672606e-01
  -5.2446473e-01
  -4.8947585e-01
  -7.1451241e-01
  -7.3179665e-01
  -9.5319770e-01
  -6.6667702e-01
  -4.7111865e-01
  -3.7212200e-01
  -4.2718427e-01
  -4.9555174e-01
  -5.2466692e-01
  -5.0373136e-01
  -4.8155024e-01
  -5.6505631e-01
  -6.0672870e-01
  -4.6810602e-01
  -5.4209193e-01
  -6.7353814e-01
  -8.5512841e-01
  -9.6982432e-01
  -9.7788411e-01
  -8.2188681e-01
  -6.8065866e-01
  -7.7569483e-01
  -8.6358078e-01
  -7.9938573e-01
  -6.2465919e-01
  -4.6684545e-01
  -5.3828315e-01
  -5.6859759e-01
  -4.2414763e-01
  -7.0518055e-02
  -2.9039419e-01
  -5.3173913e-01
  -7.2365597e-01
  -9.6124158e-01
  -1.1543136e+00
  -1.2484089e+00
  -1.2032739e+00
  -1.0985500e+00
  -9.6181534e-01
  -8.5239884e-01
  -7.7138238e-01
  -6.9613013e-01
  -6.6586673e-01
  -6.6056718e-01
  -6.6191379e-01
  -6.6490796e-01
  -6.4153428e-01
  -6.0887774e-01
  -5.9559030e-01
  -5.8034500e-01
  -5.3603170e-01
  -4.8979012e-01
  -4.2636449e-01
  -2.3293326e-01
  -4.3332701e-02
  -2.0878503e-01
   1.1113469e-01
   4.0762293e-01
   4.3160042e-01
   5.8736211e-01
   5.8313229e-01
   3.6700947e-01
  -3.2889280e-01
  -5.9108360e-01
  -8.5284573e-01
  -8.5985408e-01
  -7.8429813e-01
  -8.1803095e-01
  -8.2349769e-01
  -7.4690516e-01
  -6.5862399e-01
  -5.2889350e-01
  -5.4215319e-01
  -9.2716526e-01
  -7.2154910e-01
  -7.5313414e-01
  -5.1031358e-01
  -4.2262667e-01
  -4.8236057e-01
  -5.1873465e-01
  -5.1661854e-01
  -4.5629922e-01
  -3.8161401e-01
  -3.8581137e-01
  -3.6635759e-01
  -2.6874740e-01
  -3.4707295e-01
  -4.6355462e-01
  -6.0931869e-01
  -7.8904471e-01
  -8.3218584e-01
  -7.2479994e-01
  -5.2396839e-01
  -4.8346606e-01
  -5.6166452e-01
  -5.8970760e-01
  -4.0902783e-01
  -3.3115093e-01
  -5.2116733e-01
  -5.9249930e-01
  -5.1965224e-01
  -1.6459136e-01
  -4.3644382e-01
  -7.7139258e-01
  -1.0783663e+00
  -1.2417215e+00
  -1.3053681e+00
  -1.2495345e+00
  -1.1299032e+00
  -9.7918705e-01
  -7.9808342e-01
  -6.6786318e-01
  -5.7722856e-01
  -5.1277125e-01
  -4.9021981e-01
  -4.9788666e-01
  -5.2098939e-01
  -5.1830814e-01
  -4.9855215e-01
  -4.7778126e-01
  -4.7211853e-01
  -4.5640074e-01
  -4.0200208e-01
  -3.4732471e-01
  -2.5465319e-01
   9.0403495e-02
   3.6087059e-01
   3.6299124e-02
   1.4786780e-01
   2.6416058e-01
   3.3229380e-01
   5.4182591e-01
   9.6361547e-01
   9.2545278e-01
   9.5057442e-01
  -4.6434916e-02
  -5.3769377e-01
  -9.8207006e-01
  -1.0196047e+00
  -1.0087645e+00
  -1.0014374e+00
  -9.0910042e-01
  -7.8415686e-01
  -5.3140600e-01
  -5.3092980e-01
  -5.7428919e-01
  -6.6272958e-01
  -5.6882499e-01
  -7.3402927e-01
  -5.1502656e-01
  -5.1222365e-01
  -4.6080689e-01
  -2.9652998e-01
  -1.4177176e-01
   4.3522414e-02
   9.9610430e-02
   6.8561187e-02
   2.5303956e-02
  -5.2258649e-02
  -1.7118589e-01
  -3.1349247e-01
  -5.3573918e-01
  -6.1851973e-01
  -5.3051685e-01
  -2.6447263e-01
  -2.6771252e-02
  -8.1249915e-03
  -9.7516968e-02
  -6.9304282e-02
  -9.9259030e-02
  -3.9343500e-01
  -5.3491724e-01
  -4.2408352e-01
  -3.4178381e-01
  -6.5480676e-01
  -9.4225922e-01
  -1.1518342e+00
  -1.2178490e+00
  -1.1952794e+00
  -1.0720648e+00
  -9.3203007e-01
  -7.7591400e-01
  -5.9298940e-01
  -4.6972440e-01
  -3.9037924e-01
  -3.4098757e-01
  -3.3139537e-01
  -3.5116420e-01
  -3.7762704e-01
  -3.7540204e-01
  -3.6506257e-01
  -3.5795927e-01
  -3.5822396e-01
  -3.4128277e-01
  -2.8458410e-01
  -2.2122182e-01
  -9.5003741e-02
   3.7432870e-01
   7.8080846e-01
   3.5099229e-01
   1.0229115e-01
   5.3338626e-02
   1.4775681e-01
   6.1405284e-01
   1.3115205e+00
   1.3028994e+00
   1.5487120e+00
   3.5781202e-01
  -2.2958620e-01
  -1.0949060e+00
  -1.2244943e+00
  -1.1839925e+00
  -1.1376186e+00
  -1.0377199e+00
  -8.6290725e-01
  -5.7176638e-01
  -4.5375381e-01
  -4.3858087e-01
  -4.0627761e-01
  -5.4518451e-01
  -5.7683990e-01
  -4.5474973e-01
  -4.0476170e-01
  -2.6650772e-01
   6.2396378e-02
   4.4334785e-01
   7.2703783e-01
   6.9859962e-01
   4.4503177e-01
   2.1370549e-01
   1.3023177e-01
   2.7923103e-02
  -1.1541470e-01
  -3.6549208e-01
  -4.2970200e-01
  -2.8323654e-01
   1.6903943e-01
   4.5722565e-01
   3.4708105e-01
   7.2707109e-02
   5.3172144e-02
  -2.2064171e-02
  -3.4307837e-01
  -5.3448304e-01
  -3.9551560e-01
  -5.0476908e-01
  -7.7128990e-01
  -9.6375130e-01
  -1.0631141e+00
  -1.0549040e+00
  -9.8055697e-01
  -8.3023529e-01
  -6.9074473e-01
  -5.4462784e-01
  -3.7584110e-01
  -2.6918429e-01
  -2.0632506e-01
  -1.7187836e-01
  -1.7384811e-01
  -2.0127157e-01
  -2.2695405e-01
  -2.3017366e-01
  -2.3368851e-01
  -2.4042085e-01
  -2.4524420e-01
  -2.2743358e-01
  -1.6986345e-01
  -9.4710028e-02
   6.9318742e-02
   6.2315972e-01
   1.1881477e+00
   7.7383566e-01
   2.8063495e-02
  -1.2077982e-02
   2.0762709e-01
   9.9149856e-01
   1.9019024e+00
   1.7744902e+00
   2.0556682e+00
   9.5162592e-01
   5.3153226e-02
  -1.0166433e+00
  -1.3179641e+00
  -1.3386855e+00
  -1.2798709e+00
  -1.1603176e+00
  -9.3020329e-01
  -5.9307119e-01
  -3.8025327e-01
  -2.8330105e-01
  -1.7070856e-01
  -3.6830797e-01
  -3.4692033e-01
  -3.1592560e-01
  -2.1918471e-01
  -1.9608526e-03
   5.0714834e-01
   1.0770793e+00
   1.2922806e+00
   1.0360193e+00
   6.1993794e-01
   3.3388738e-01
   2.3719677e-01
   1.3130015e-01
  -1.7926259e-02
  -2.4377910e-01
  -2.3915543e-01
   2.0728819e-02
   6.4934714e-01
   8.8930734e-01
   7.4379920e-01
   2.8580530e-01
   2.1415564e-01
   9.2094935e-02
  -3.3267777e-01
  -5.3660436e-01
  -4.4193622e-01
  -6.4234474e-01
  -7.8195677e-01
  -8.5057667e-01
  -8.5077392e-01
  -7.9417877e-01
  -6.9764271e-01
  -5.5091326e-01
  -4.2649987e-01
  -3.0074798e-01
  -1.5670168e-01
  -7.2671888e-02
  -2.8779014e-02
  -8.3824524e-03
  -1.9806978e-02
  -5.0587692e-02
  -7.3372936e-02
  -8.6013347e-02
  -1.0666283e-01
  -1.2687427e-01
  -1.3501626e-01
  -1.1676331e-01
  -5.8942497e-02
   3.0611551e-02
   2.3511591e-01
   8.3652208e-01
   1.5719820e+00
   1.2813823e+00
  -6.3416691e-02
   6.7583848e-02
   5.0444834e-01
   1.6358217e+00
   2.7091781e+00
   2.3404151e+00
   2.5294711e+00
   1.7227427e+00
   3.0563958e-01
  -7.6118564e-01
  -1.3070557e+00
  -1.4716736e+00
  -1.4283124e+00
  -1.2774152e+00
  -9.8952234e-01
  -5.9226311e-01
  -3.1836891e-01
  -9.2611407e-02
   2.0372796e-02
  -3.6048290e-02
  -9.0731798e-02
  -1.2119553e-01
   2.2201289e-02
   3.0911131e-01
   1.0083857e+00
   1.7148999e+00
   1.7072594e+00
   1.1077244e+00
   6.0620223e-01
   3.9694381e-01
   2.8112206e-01
   1.5086081e-01
  -8.2535758e-03
  -1.6285027e-01
  -4.9333406e-02
   3.6545910e-01
   1.1451106e+00
   1.2591180e+00
   1.1887896e+00
   5.6488257e-01
   4.2825460e-01
   2.5308008e-01
  -3.5275759e-01
  -5.3559888e-01
  -5.5142519e-01
  -5.7357985e-01
  -4.6063634e-01
  -3.7681260e-01
  -3.1175351e-01
  -2.5755755e-01
  -1.8895762e-01
  -9.3248100e-02
  -1.5646996e-02
   6.6351144e-02
   1.6448646e-01
   2.1562496e-01
   2.4035262e-01
   2.4492740e-01
   2.2627692e-01
   1.9903371e-01
   1.6474664e-01
   1.2323241e-01
   8.0074941e-02
   4.8978898e-02
   4.0137072e-02
   5.8520620e-02
   1.2286997e-01
   2.4833189e-01
   5.1022109e-01
   1.1167537e+00
   1.9300883e+00
   1.8102251e+00
   1.3548531e-03
   5.6361154e-01
   1.2343620e+00
   2.1462447e+00
   2.7552038e+00
   2.5890820e+00
   2.8939983e+00
   2.4703062e+00
   4.4792735e-01
   1.0134192e-01
  -4.8269279e-01
  -1.3487014e+00
  -1.7659312e+00
  -1.4786932e+00
  -1.0347642e+00
  -5.2385908e-01
  -1.5745047e-01
   1.0777774e-01
   2.9329723e-01
   2.7928260e-01
   2.2588801e-01
   2.7342705e-01
   4.7865683e-01
   8.9072981e-01
   1.8143862e+00
   2.7328655e+00
   2.9199031e+00
   1.8222662e+00
   9.1438173e-01
   1.0777583e+00
   4.1079227e-01
   5.3858784e-02
  -1.6098420e-01
  -4.1089833e-02
   3.5318558e-01
   1.1267768e+00
   2.1784725e+00
   2.2378342e+00
   1.8399008e+00
   8.8506086e-01
   6.7717454e-01
   3.5554184e-01
  -3.8818103e-01
  -5.9874344e-01
  -7.2092005e-01
  -3.2877715e-01
  -1.1925478e-01
  -1.7281130e-02
   2.8318710e-02
   5.6319458e-02
   9.9064503e-02
   1.5868425e-01
   2.0947694e-01
   2.7141595e-01
   3.4795996e-01
   3.8561039e-01
   4.0195943e-01
   3.9585627e-01
   3.7211153e-01
   3.4271510e-01
   2.9236785e-01
   2.3556226e-01
   1.8522384e-01
   1.5168426e-01
   1.4496543e-01
   1.6909843e-01
   2.5203835e-01
   4.0682875e-01
   6.9287221e-01
   1.2877197e+00
   2.0362282e+00
   1.8826862e+00
   1.0042685e-01
   9.7231473e-01
   1.8032389e+00
   2.6215809e+00
   3.1097602e+00
   2.7698451e+00
   3.0591029e+00
   2.7220697e+00
   6.5082522e-01
   2.8099344e-01
  -1.3061215e-01
  -9.5467734e-01
  -1.9529354e+00
  -1.6424587e+00
  -1.0299986e+00
  -4.3501989e-01
  -1.7292422e-02
   2.7359225e-01
   4.6377400e-01
   4.7846032e-01
   4.6089002e-01
   5.5059968e-01
   8.0163612e-01
   1.2675044e+00
   2.2393011e+00
   3.2459130e+00
   3.3214104e+00
   2.1104636e+00
   9.3232142e-01
   9.7577476e-01
   5.3599696e-01
   1.2594269e-01
  -1.8710638e-01
   1.8825159e-02
   6.6863952e-01
   1.6756186e+00
   2.8081452e+00
   2.7616657e+00
   2.0166700e+00
   1.0001482e+00
   7.4922946e-01
   3.3791551e-01
  -3.6514254e-01
  -7.7162342e-01
  -7.8499432e-01
  -5.7960996e-02
   2.0283674e-01
   3.0623094e-01
   3.2950508e-01
   3.3433954e-01
   3.5412991e-01
   3.8224817e-01
   4.1050150e-01
   4.5556243e-01
   5.1289975e-01
   5.3867700e-01
   5.4705615e-01
   5.3017380e-01
   5.0049679e-01
   4.6675976e-01
   4.0187960e-01
   3.3313133e-01
   2.7745150e-01
   2.4312725e-01
   2.4121942e-01
   2.7500063e-01
   3.7933918e-01
   5.6029630e-01
   8.6471557e-01
   1.4422299e+00
   2.1090983e+00
   1.9544088e+00
   3.3191611e-01
   1.3994615e+00
   2.3192481e+00
   3.0839989e+00
   3.4613143e+00
   2.9717112e+00
   3.1701162e+00
   2.8380218e+00
   8.0155083e-01
   3.2943103e-01
   3.6317970e-02
  -6.2785307e-01
  -1.9607403e+00
  -1.7667550e+00
  -1.0209618e+00
  -3.3143733e-01
   1.3138709e-01
   4.4014078e-01
   6.3081487e-01
   6.6818775e-01
   6.8274181e-01
   8.1412147e-01
   1.1053298e+00
   1.6116801e+00
   2.6050439e+00
   3.6277777e+00
   3.5884086e+00
   2.3293381e+00
   9.8204427e-01
   8.6383412e-01
   5.6879667e-01
   1.8431181e-01
  -1.4106112e-01
   1.1256282e-01
   9.8601273e-01
   2.1973063e+00
   3.3816557e+00
   3.1648144e+00
   2.1297961e+00
   1.0784767e+00
   7.6838184e-01
   2.6798213e-01
  -3.9013326e-01
  -8.4444898e-01
  -7.1164878e-01
   3.9181520e-01
   6.2628020e-01
   6.9459702e-01
   6.7918979e-01
   6.5721185e-01
   6.5021048e-01
   6.4291154e-01
   6.4801275e-01
   6.7570181e-01
   7.1052848e-01
   7.2270261e-01
   7.2045173e-01
   6.8774065e-01
   6.4761592e-01
   6.0274013e-01
   5.2021210e-01
   4.4160858e-01
   3.8227972e-01
   3.5050168e-01
   3.6152479e-01
   4.1792681e-01
   5.5947513e-01
   7.7129317e-01
   1.0894871e+00
   1.6293727e+00
   2.1407371e+00
   2.0565952e+00
   9.6094478e-01
   2.0587401e+00
   2.9488758e+00
   3.7247232e+00
   3.9635620e+00
   3.3107752e+00
   3.2107540e+00
   2.7044173e+00
   9.0393630e-01
   1.0829680e-01
  -1.3300779e-01
  -3.0390269e-01
  -1.5742742e+00
  -1.8590782e+00
  -9.9839950e-01
  -1.4876517e-01
   3.6553116e-01
   6.8286648e-01
   8.6499746e-01
   9.2186145e-01
   9.7470626e-01
   1.1652964e+00
   1.5021503e+00
   2.0375513e+00
   3.0031523e+00
   3.8893831e+00
   3.6763493e+00
   2.4923073e+00
   1.1245717e+00
   6.7968664e-01
   4.1116838e-01
   2.3836482e-01
   8.5782696e-02
   3.2333336e-01
   1.4497038e+00
   2.8922308e+00
   4.0872101e+00
   3.4805376e+00
   2.1522909e+00
   1.1102723e+00
   6.7868029e-01
   5.0641415e-02
  -5.3291938e-01
  -7.2778303e-01
  -3.0044565e-01
   7.6149956e-01
   9.4140177e-01
   9.6818904e-01
   9.2594598e-01
   8.8660805e-01
   8.5777559e-01
   8.2805935e-01
   8.2128413e-01
   8.3654944e-01
   8.5337163e-01
   8.5428720e-01
   8.3970377e-01
   7.9063768e-01
   7.3610068e-01
   6.7721321e-01
   5.8021544e-01
   4.9626336e-01
   4.4030537e-01
   4.2415694e-01
   4.5837128e-01
   5.4209459e-01
   7.1753261e-01
   9.4459746e-01
   1.2591241e+00
   1.7459470e+00
   2.1584663e+00
   2.2055878e+00
   1.7904994e+00
   2.8013096e+00
   3.6905078e+00
   4.3825699e+00
   4.3003271e+00
   3.2074172e+00
   2.7428966e+00
   2.0773002e+00
   6.3077013e-01
  -3.4915211e-01
  -4.6263156e-01
  -4.7481283e-01
  -8.8500318e-01
  -1.3821954e+00
  -9.4118855e-01
   9.1289081e-02
   6.0677906e-01
   8.9531404e-01
   1.0677499e+00
   1.1461968e+00
   1.2407289e+00
   1.4847458e+00
   1.8502671e+00
   2.3833333e+00
   3.2476967e+00
   3.9347114e+00
   3.8923309e+00
   2.6504749e+00
   1.3798328e+00
   4.8094850e-01
   3.5533790e-01
   3.9541028e-01
   2.3721913e-01
   5.9717874e-01
   1.8897197e+00
   3.4258507e+00
   4.4015205e+00
   3.4102065e+00
   1.9525192e+00
   9.8091837e-01
   4.1947956e-01
  -2.2130892e-01
  -7.1942012e-01
  -5.6207403e-01
   1.0550040e-01
   9.7242973e-01
   1.1070426e+00
   1.1065396e+00
   1.0491260e+00
   1.0001948e+00
   9.6053428e-01
   9.2196932e-01
   9.0978448e-01
   9.1709936e-01
   9.2294508e-01
   9.1591625e-01
   8.9138284e-01
   8.2875710e-01
   7.6424674e-01
   6.9531916e-01
   5.9117176e-01
   5.0956226e-01
   4.6292429e-01
   4.6474038e-01
   5.1833328e-01
   6.2230502e-01
   8.2103639e-01
   1.0585472e+00
   1.3716367e+00
   1.8317033e+00
   2.2028789e+00
   2.3412530e+00
   2.3678970e+00
   3.4261834e+00
   4.1229439e+00
   4.4709568e+00
   4.3439674e+00
   3.0520785e+00
   2.3248572e+00
   1.5812339e+00
   3.9161431e-01
  -5.4031163e-01
  -6.0992472e-01
  -5.0119324e-01
  -4.6222901e-01
  -9.0097025e-01
  -7.5053298e-01
   2.5933770e-01
   7.5795825e-01
   1.0271102e+00
   1.1987178e+00
   1.2964701e+00
   1.4200650e+00
   1.6947988e+00
   2.0714911e+00
   2.5888007e+00
   3.3648467e+00
   3.9168181e+00
   3.9131088e+00
   2.8133111e+00
   1.6571232e+00
   5.4750085e-01
   3.3466814e-01
   5.1095802e-01
   4.6429095e-01
   9.0318309e-01
   2.1494493e+00
   3.6500043e+00
   4.3343009e+00
   3.0949045e+00
   1.6230705e+00
   7.8052065e-01
   2.6349401e-01
  -3.0452742e-01
  -7.4053984e-01
  -3.3754751e-01
   4.0237340e-01
   1.2022811e+00
   1.2718554e+00
   1.2376311e+00
   1.1638424e+00
   1.1048030e+00
   1.0551470e+00
   1.0113071e+00
   9.9474170e-01
   9.9243806e-01
   9.8554302e-01
   9.6817231e-01
   9.2956832e-01
   8.4748199e-01
   7.7016445e-01
   6.8802973e-01
   5.7731718e-01
   5.0423724e-01
   4.7595083e-01
   5.0736668e-01
   5.8888660e-01
   7.2008609e-01
   9.4858461e-01
   1.1994136e+00
   1.5116630e+00
   1.9464730e+00
   2.2892760e+00
   2.5452129e+00
   3.1124091e+00
   4.3300246e+00
   4.6044582e+00
   4.2493231e+00
   4.2269777e+00
   2.7760326e+00
   1.7019062e+00
   8.8748531e-01
   3.8714188e-02
  -6.7122962e-01
  -7.2524696e-01
  -4.5112246e-01
   3.1152976e-02
  -1.4486193e-01
  -3.6769790e-01
   4.7689869e-01
   9.3769076e-01
   1.1824519e+00
   1.3583683e+00
   1.4849036e+00
   1.6460157e+00
   1.9544804e+00
   2.3375998e+00
   2.8217574e+00
   3.4677093e+00
   3.8488382e+00
   3.8222319e+00
   3.0711844e+00
   2.1051509e+00
   8.1940203e-01
   3.2453751e-01
   6.6561497e-01
   8.6758989e-01
   1.4025666e+00
   2.4420844e+00
   3.8052792e+00
   3.9878701e+00
   2.4464289e+00
   1.0253351e+00
   4.2188306e-01
   8.4548102e-02
  -3.1549333e-01
  -6.6905151e-01
   5.1134694e-02
   7.9817683e-01
   1.2944975e+00
   1.3052464e+00
   1.2438910e+00
   1.1645895e+00
   1.1054067e+00
   1.0576463e+00
   1.0153682e+00
   9.9287516e-01
   9.7710476e-01
   9.5361437e-01
   9.1907078e-01
   8.6222581e-01
   7.6290247e-01
   6.7605535e-01
   5.9054350e-01
   5.0010897e-01
   4.6400068e-01
   4.7979048e-01
   5.6491514e-01
   6.8550428e-01
   8.5446793e-01
   1.1224192e+00
   1.3940628e+00
   1.7084373e+00
   2.1306617e+00
   2.4907836e+00
   2.8783140e+00
   3.6757488e+00
   4.4964200e+00
   3.9410962e+00
   2.9891063e+00
   3.3697378e+00
   2.2012993e+00
   7.7065578e-01
   9.1934437e-02
  -3.1502528e-01
  -5.9587543e-01
  -4.9829457e-01
  -3.1907233e-01
   1.0626104e-02
  -5.5222420e-02
  -3.2046318e-02
   7.5422308e-01
   1.1092032e+00
   1.3415398e+00
   1.5365844e+00
   1.6997164e+00
   1.8928047e+00
   2.2142750e+00
   2.5742037e+00
   2.9932683e+00
   3.4809732e+00
   3.7016425e+00
   3.6035229e+00
   2.9782822e+00
   2.0634870e+00
   1.0611362e+00
   5.0604918e-01
   6.5020791e-01
   8.6320301e-01
   1.5625447e+00
   2.6500408e+00
   3.7033974e+00
   3.4716422e+00
   1.5817119e+00
   1.3830060e-01
   1.8727314e-02
  -7.7395416e-02
  -2.4215831e-01
  -2.1793912e-01
   3.8865504e-01
   1.0075221e+00
   1.2735322e+00
   1.2562421e+00
   1.1842977e+00
   1.1051899e+00
   1.0481496e+00
   1.0035018e+00
   9.6339347e-01
   9.3760174e-01
   9.1604592e-01
   8.8361242e-01
   8.4051751e-01
   7.7812865e-01
   6.7800706e-01
   5.9575962e-01
   5.2135826e-01
   4.5775458e-01
   4.5126042e-01
   4.9607434e-01
   6.1199638e-01
   7.5454605e-01
   9.4288133e-01
   1.2289241e+00
   1.5081825e+00
   1.8215327e+00
   2.2387545e+00
   2.6107174e+00
   3.0460933e+00
   3.8788493e+00
   4.5197086e+00
   3.4686944e+00
   2.1900893e+00
   2.8600573e+00
   2.0016467e+00
   3.4942965e-01
  -2.4608828e-01
  -4.2625760e-01
  -5.3103682e-01
  -4.3633759e-01
  -2.8961918e-01
   5.9827057e-03
   6.8978576e-03
   2.1222615e-01
   8.8436977e-01
   1.1947690e+00
   1.4248440e+00
   1.6344862e+00
   1.8150435e+00
   2.0197101e+00
   2.3379421e+00
   2.6745570e+00
   3.0482607e+00
   3.4465567e+00
   3.5865391e+00
   3.4456335e+00
   2.8636470e+00
   2.0537449e+00
   1.2175151e+00
   7.2375837e-01
   6.5102875e-01
   7.9316307e-01
   1.4635997e+00
   2.6211176e+00
   3.5342990e+00
   3.2018166e+00
   1.5023926e+00
   2.5859617e-01
   1.7327835e-03
  -1.4380088e-01
  -2.4858578e-01
  -8.4035878e-02
   5.1745385e-01
   1.0649099e+00
   1.1865298e+00
   1.1357116e+00
   1.0533404e+00
   9.7715596e-01
   9.2478684e-01
   8.8596816e-01
   8.4981420e-01
   8.1962651e-01
   7.9175707e-01
   7.4764428e-01
   6.9397501e-01
   6.2796265e-01
   5.3396296e-01
   4.6593695e-01
   4.1695597e-01
   4.0181116e-01
   4.4216832e-01
   5.2933459e-01
   6.8704099e-01
   8.5903483e-01
   1.0718423e+00
   1.3788375e+00
   1.6650009e+00
   1.9751827e+00
   2.3873733e+00
   2.7769160e+00
   3.2553099e+00
   4.0593044e+00
   4.4941106e+00
   2.7547909e+00
   1.0454452e+00
   2.1541737e+00
   1.8337847e+00
  -1.3264548e-01
  -6.1100187e-01
  -5.0452786e-01
  -4.2591493e-01
  -4.0634471e-01
  -2.8634774e-01
   5.3344802e-03
   9.9680263e-02
   5.8472421e-01
   1.0380484e+00
   1.3007245e+00
   1.5315870e+00
   1.7639124e+00
   1.9652887e+00
   2.1803055e+00
   2.4856625e+00
   2.7827036e+00
   3.0884915e+00
   3.3665386e+00
   3.4060283e+00
   3.2056617e+00
   2.6594542e+00
   2.0517471e+00
   1.4437699e+00
   1.1092420e+00
   6.5979920e-01
   6.4458956e-01
   1.1781482e+00
   2.4643788e+00
   3.2171075e+00
   2.8564971e+00
   1.7250773e+00
   9.2055098e-01
   1.4852052e-01
  -2.1291750e-01
  -2.9574991e-01
  -1.3059414e-03
   6.4086277e-01
   1.0930866e+00
   8.3095313e-01
   7.6068842e-01
   6.7151596e-01
   5.9841065e-01
   5.5416669e-01
   5.2224021e-01
   4.8935848e-01
   4.6247888e-01
   4.4095990e-01
   4.0563352e-01
   3.6743488e-01
   3.2952650e-01
   2.8653904e-01
   2.7187831e-01
   2.8440930e-01
   3.4664363e-01
   4.4450978e-01
   5.8025117e-01
   7.8582907e-01
   9.8977183e-01
   1.2237706e+00
   1.5401299e+00
   1.8215749e+00
   2.1196745e+00
   2.5052294e+00
   2.8571335e+00
   3.2599865e+00
   3.7785832e+00
   3.7081784e+00
   1.5637591e+00
  -7.6676983e-03
   1.3821510e+00
   1.1709832e+00
  -6.8461546e-01
  -7.4661684e-01
  -3.6548394e-01
  -3.2886865e-01
  -3.6754054e-01
  -2.4511995e-01
   4.2097359e-02
   2.1425452e-01
   8.7038447e-01
   1.1348917e+00
   1.3938271e+00
   1.6179236e+00
   1.8744871e+00
   2.0893997e+00
   2.3001548e+00
   2.5658951e+00
   2.8000165e+00
   3.0165771e+00
   3.1625377e+00
   3.1066038e+00
   2.8578597e+00
   2.3702593e+00
   1.9669860e+00
   1.6770261e+00
   1.0120913e+00
   3.9184968e-01
   5.4742291e-01
   1.1039086e+00
   2.0879385e+00
   2.6816010e+00
   2.2676687e+00
   1.5228513e+00
   8.8018885e-01
   5.5471522e-02
  -3.5034210e-01
  -5.0197541e-01
   4.1259888e-03
   6.1291269e-01
   8.4833218e-01
   5.3044982e-01
   4.4985476e-01
   3.5648743e-01
   2.8277846e-01
   2.4037686e-01
   2.0988650e-01
   1.7823027e-01
   1.5497634e-01
   1.3903628e-01
   1.1470847e-01
   9.2698987e-02
   7.7892565e-02
   7.1730492e-02
   9.2429738e-02
   1.4277164e-01
   2.4928386e-01
   3.7971600e-01
   5.4391339e-01
   7.7892204e-01
   1.0030156e+00
   1.2512756e+00
   1.5762803e+00
   1.8583920e+00
   2.1505476e+00
   2.5132974e+00
   2.8256770e+00
   3.1552576e+00
   3.4819646e+00
   3.1745873e+00
   1.0677042e+00
  -2.8974171e-01
   1.0697442e+00
   8.7159642e-01
  -7.8185116e-01
  -6.9389624e-01
  -3.1653453e-01
  -2.8650238e-01
  -3.6239098e-01
  -2.5346084e-01
   2.4010540e-02
   2.6007898e-01
   1.0112767e+00
   1.1696752e+00
   1.4227235e+00
   1.6364035e+00
   1.9070447e+00
   2.1327337e+00
   2.3390221e+00
   2.5778539e+00
   2.7748863e+00
   2.9423965e+00
   3.0217119e+00
   2.9223294e+00
   2.6578564e+00
   2.2043204e+00
   1.8762734e+00
   1.6624147e+00
   8.7842081e-01
   3.4740610e-01
   4.9860056e-01
   9.9773961e-01
   1.7887879e+00
   2.3334259e+00
   1.9013636e+00
   1.3577052e+00
   7.4160000e-01
  -3.4499070e-02
  -3.8648100e-01
  -5.0376778e-01
   1.8607219e-02
   4.8380818e-01
   5.9377156e-01
  -8.6216503e-02
  -1.8235409e-01
  -2.8289076e-01
  -3.6080920e-01
  -4.0408587e-01
  -4.3569584e-01
  -4.6626419e-01
  -4.8130880e-01
  -4.8560377e-01
  -4.8405033e-01
  -4.6995160e-01
  -4.3795178e-01
  -3.7436882e-01
  -2.9013239e-01
  -1.7533246e-01
   2.4754135e-03
   1.8487701e-01
   3.9579757e-01
   6.8098399e-01
   9.4008199e-01
   1.2142273e+00
   1.5576512e+00
   1.8454438e+00
   2.1293557e+00
   2.4450335e+00
   2.6691551e+00
   2.8396323e+00
   2.8182484e+00
   2.2006311e+00
   5.2280399e-01
  -3.0525181e-01
   7.4375038e-01
   4.9885211e-01
  -6.3923048e-01
  -4.3065028e-01
  -2.7961491e-01
  -2.3630289e-01
  -3.7744028e-01
  -3.1059299e-01
  -5.8655826e-02
   3.0685293e-01
   1.2072529e+00
   1.1974464e+00
   1.4358879e+00
   1.6238381e+00
   1.9174319e+00
   2.1646207e+00
   2.3609414e+00
   2.5506441e+00
   2.6864713e+00
   2.7777484e+00
   2.7619841e+00
   2.6079073e+00
   2.3344671e+00
   1.9365041e+00
   1.6724408e+00
   1.4362216e+00
   5.5632953e-01
   4.2485783e-01
   4.2926421e-01
   7.3962632e-01
   1.1924898e+00
   1.7156644e+00
   1.2713551e+00
   1.0241429e+00
   3.6038533e-01
  -2.2963092e-01
  -3.8650927e-01
  -3.4760599e-01
   5.7489478e-02
   1.2112492e-01
   2.7169664e-02
  -7.4803109e-01
  -8.5842596e-01
  -9.6560485e-01
  -1.0558645e+00
  -1.1102777e+00
  -1.1540856e+00
  -1.1947480e+00
  -1.2155081e+00
  -1.2240692e+00
  -1.2181909e+00
  -1.1913782e+00
  -1.1375129e+00
  -1.0355212e+00
  -9.1469521e-01
  -7.6089917e-01
  -5.3582070e-01
  -3.1715339e-01
  -7.4242769e-02
   2.4068197e-01
   5.1855433e-01
   8.0565575e-01
   1.1533335e+00
   1.4376149e+00
   1.7096258e+00
   1.9898847e+00
   2.1479256e+00
   2.1980739e+00
   1.9729204e+00
   1.3590105e+00
   3.0859621e-01
   4.6230596e-02
   7.2608842e-01
   5.6619471e-01
  -3.4148015e-02
  -3.4236390e-01
  -3.8834595e-01
  -4.2823225e-01
  -3.8655661e-01
  -5.5202860e-01
  -5.0400513e-01
   1.8465820e-01
   1.2638871e+00
   1.1327847e+00
   1.3166296e+00
   1.4361222e+00
   1.7080453e+00
   1.9978985e+00
   2.2074922e+00
   2.3617043e+00
   2.4570333e+00
   2.5054702e+00
   2.4460531e+00
   2.2801497e+00
   2.0269671e+00
   1.6783497e+00
   1.4110695e+00
   1.1351318e+00
   5.4561440e-01
   3.6109613e-01
   3.4230790e-01
   5.8942887e-01
   1.0101820e+00
   1.4596109e+00
   6.3312949e-01
   5.0183467e-01
   6.6545414e-02
  -3.8288167e-01
  -5.9081205e-01
  -4.4548606e-01
  -2.6988310e-01
  -4.8712692e-01
  -6.1851663e-01
  -1.0892707e+00
  -1.2035939e+00
  -1.3102724e+00
  -1.4035011e+00
  -1.4620017e+00
  -1.5110540e+00
  -1.5567522e+00
  -1.5811156e+00
  -1.5928242e+00
  -1.5865344e+00
  -1.5554805e+00
  -1.4936141e+00
  -1.3766111e+00
  -1.2415999e+00
  -1.0735152e+00
  -8.3184464e-01
  -6.0097013e-01
  -3.4783646e-01
  -2.4320125e-02
   2.5810384e-01
   5.4716433e-01
   8.9110597e-01
   1.1670937e+00
   1.4253412e+00
   1.6772895e+00
   1.7930680e+00
   1.7745987e+00
   1.4477417e+00
   8.5173623e-01
   1.2704329e-01
   1.3297592e-01
   6.4692017e-01
   5.3089091e-01
   1.3652200e-01
  -4.3186143e-01
  -6.2242288e-01
  -5.4090024e-01
  -3.9411086e-01
  -6.9417352e-01
  -7.4292094e-01
   1.4345511e-01
   1.2857521e+00
   1.0854934e+00
   1.2361783e+00
   1.3067295e+00
   1.5448531e+00
   1.8600212e+00
   2.0875170e+00
   2.2248094e+00
   2.2980005e+00
   2.3238964e+00
   2.2445480e+00
   2.0762775e+00
   1.8372108e+00
   1.5148350e+00
   1.2466858e+00
   9.6210790e-01
   5.0951393e-01
   2.8149861e-01
   2.4456851e-01
   4.6908438e-01
   8.6872196e-01
   1.2922577e+00
   2.8763988e-01
   1.2863804e-01
  -1.8518941e-01
  -4.9087121e-01
  -6.8976861e-01
  -5.3038220e-01
  -4.6720485e-01
  -8.1095740e-01
  -9.5418615e-01
  -1.4413238e+00
  -1.5417796e+00
  -1.6273915e+00
  -1.7059137e+00
  -1.7599671e+00
  -1.8089599e+00
  -1.8589693e+00
  -1.8904865e+00
  -1.9104040e+00
  -1.9132099e+00
  -1.8898974e+00
  -1.8369117e+00
  -1.7295130e+00
  -1.6043733e+00
  -1.4520077e+00
  -1.2339571e+00
  -1.0244759e+00
  -7.9362853e-01
  -4.9654461e-01
  -2.3627545e-01
   3.0088395e-02
   3.3913243e-01
   5.7262216e-01
   7.7673838e-01
   9.4687303e-01
   9.7617020e-01
   8.5248829e-01
   4.3830966e-01
  -5.5495281e-02
  -4.3252454e-01
  -2.7218741e-01
   1.9844319e-01
   1.2785198e-01
  -4.2725480e-01
  -1.2310734e+00
  -1.7958908e+00
  -7.2889947e-01
  -4.1684504e-01
  -9.3326828e-01
  -1.0380356e+00
   2.1508847e-01
   1.2699021e+00
   9.6366493e-01
   1.0539129e+00
   1.0025412e+00
   1.0873387e+00
   1.4459886e+00
   1.7498487e+00
   1.8769080e+00
   1.9206809e+00
   1.9209550e+00
   1.8345331e+00
   1.6833534e+00
   1.4780676e+00
   1.1869449e+00
   9.2203372e-01
   6.9052484e-01
   3.1219390e-01
  -4.5225393e-02
  -1.3323974e-01
   1.2032330e-01
   4.7430774e-01
   9.3464035e-01
  -1.5472500e-01
  -8.0028051e-01
  -9.6963164e-01
  -7.5396056e-01
  -7.5843588e-01
  -7.9821283e-01
  -8.2011638e-01
  -1.1984948e+00
  -1.3148680e+00
  -1.0405247e+00
  -1.1058459e+00
  -1.1601191e+00
  -1.2097107e+00
  -1.2438305e+00
  -1.2737286e+00
  -1.3001819e+00
  -1.3110398e+00
  -1.3115610e+00
  -1.2968678e+00
  -1.2669920e+00
  -1.2165477e+00
  -1.1258599e+00
  -1.0272376e+00
  -9.1154823e-01
  -7.4859840e-01
  -5.9311321e-01
  -4.2119978e-01
  -1.9779998e-01
  -1.5237395e-03
   1.9901970e-01
   4.2930314e-01
   5.9706902e-01
   7.3341001e-01
   8.2398073e-01
   7.9762589e-01
   6.3867268e-01
   2.3602047e-01
  -2.0604829e-01
  -5.8411486e-01
  -6.1645996e-01
  -3.3830870e-01
  -5.3215230e-01
  -1.1706798e+00
  -1.7967495e+00
  -2.2457644e+00
  -1.1436336e+00
  -6.6819406e-01
  -1.0285881e+00
  -5.9190751e-01
   5.2770759e-01
   1.2837700e+00
   1.0479546e+00
   1.1230822e+00
   9.7803173e-01
   8.5638078e-01
   1.1303490e+00
   1.4559849e+00
   1.5507020e+00
   1.5724358e+00
   1.5662439e+00
   1.4967800e+00
   1.3759826e+00
   1.2092533e+00
   9.6360958e-01
   7.2702410e-01
   5.0042333e-01
   2.7694485e-01
  -4.1382610e-02
  -5.5322826e-02
  -2.0075790e-01
  -4.5878542e-02
   4.3704103e-01
  -3.1770442e-01
  -1.0392728e+00
  -1.3958073e+00
  -8.9700937e-01
  -6.7232517e-01
  -5.5741398e-01
  -5.8092784e-01
  -8.9150830e-01
  -9.5970648e-01
  -7.3853489e-01
  -7.7738313e-01
  -8.0804362e-01
  -8.3583698e-01
  -8.5493728e-01
  -8.7044818e-01
  -8.7915273e-01
  -8.7444448e-01
  -8.6035108e-01
  -8.3247288e-01
  -7.9765185e-01
  -7.4912245e-01
  -6.7102571e-01
  -5.9238346e-01
  -5.0432854e-01
  -3.8289547e-01
  -2.6809466e-01
  -1.4058611e-01
   2.7294952e-02
   1.7535449e-01
   3.2630427e-01
   4.9724401e-01
   6.1548898e-01
   7.0076341e-01
   7.3138514e-01
   6.6309822e-01
   4.7756917e-01
   8.3601748e-02
  -3.1948538e-01
  -6.9833353e-01
  -8.7585879e-01
  -7.4273483e-01
  -1.0294453e+00
  -1.7308277e+00
  -2.2229691e+00
  -2.5847304e+00
  -1.4561231e+00
  -8.5757786e-01
  -1.1004087e+00
  -2.5576362e-01
   7.6325653e-01
   1.2942190e+00
   1.1114643e+00
   1.1751992e+00
   9.5956461e-01
   6.8236103e-01
   8.9252428e-01
   1.2345676e+00
   1.3049158e+00
   1.3100438e+00
   1.2989799e+00
   1.2422933e+00
   1.1443882e+00
   1.0067099e+00
   7.9533322e-01
   5.8009032e-01
   3.5718767e-01
   2.5038576e-01
  -3.8487190e-02
   3.3851830e-03
  -4.4268276e-01
  -4.3782299e-01
   6.2115161e-02
  -4.4050442e-01
  -1.2193461e+00
  -1.7169176e+00
  -1.0047923e+00
  -6.0744338e-01
  -3.7597941e-01
  -4.0070659e-01
  -6.6020334e-01
  -6.9210314e-01
   6.9197449e-01
   6.8964887e-01
   6.8158904e-01
   6.7150619e-01
   6.6125134e-01
   6.5067252e-01
   6.4587921e-01
   6.5468220e-01
   6.7073849e-01
   6.9787351e-01
   7.2998999e-01
   7.7019544e-01
   8.3082446e-01
   8.9037670e-01
   9.5768168e-01
   1.0507375e+00
   1.1362273e+00
   1.2255521e+00
   1.3380586e+00
   1.4320845e+00
   1.5187852e+00
   1.5971631e+00
   1.6268270e+00
   1.6081080e+00
   1.4940580e+00
   1.3042700e+00
   1.0240792e+00
   5.9352875e-01
   2.0691718e-01
  -1.8859231e-01
  -7.8668113e-01
  -1.1198342e+00
  -1.2192679e+00
  -1.3288228e+00
  -1.5310346e+00
  -2.0103807e+00
  -2.2274407e+00
  -1.1294329e+00
  -2.7966799e-01
   7.3809292e-01
   1.2733670e+00
   1.6397492e+00
   1.8822297e+00
   1.9417551e+00
   1.6346495e+00
   1.0435569e+00
   1.0437532e+00
   1.3951044e+00
   1.3517910e+00
   1.2560130e+00
   1.1861156e+00
   1.1035779e+00
   1.0127912e+00
   8.9445084e-01
   7.0096306e-01
   4.9164441e-01
   2.4910134e-01
   5.3303748e-02
  -1.6490902e-01
  -2.4458541e-01
  -5.8556696e-01
  -1.1540277e+00
  -6.4812428e-01
  -4.7839817e-01
  -7.5963777e-01
  -1.1608973e+00
  -5.5250269e-01
   2.0253700e-01
   7.2895911e-01
   6.5950712e-01
   6.0015257e-01
   6.6222509e-01
   1.0635162e+00
   1.0810330e+00
   1.0885978e+00
   1.0942516e+00
   1.0945541e+00
   1.0909507e+00
   1.0889291e+00
   1.0963209e+00
   1.1094375e+00
   1.1315340e+00
   1.1575407e+00
   1.1890212e+00
   1.2355568e+00
   1.2816128e+00
   1.3340264e+00
   1.4058760e+00
   1.4695858e+00
   1.5338352e+00
   1.6099941e+00
   1.6652930e+00
   1.7058154e+00
   1.7220491e+00
   1.6967319e+00
   1.6223702e+00
   1.4419286e+00
   1.2064050e+00
   9.0414714e-01
   4.9340678e-01
   1.5208464e-01
  -1.7654086e-01
  -6.0184300e-01
  -8.4236067e-01
  -9.7854600e-01
  -1.1506971e+00
  -1.3755229e+00
  -1.7831478e+00
  -2.0763258e+00
  -1.0863379e+00
  -9.7812389e-02
   6.9876892e-01
   1.1384953e+00
   1.4449859e+00
   1.7011815e+00
   1.9283223e+00
   1.4509456e+00
   8.7930466e-01
   1.0000889e+00
   1.2075389e+00
   1.1487969e+00
   1.0545577e+00
   9.9212246e-01
   9.2292636e-01
   8.4488404e-01
   7.4064945e-01
   5.6850223e-01
   3.8360804e-01
   1.6736986e-01
  -8.7360737e-02
  -4.3167020e-01
  -5.7483417e-01
  -5.3744026e-01
  -8.4092610e-01
  -4.4397917e-01
  -2.5687156e-01
  -4.9500769e-01
  -7.3693032e-01
  -1.8832936e-01
   5.1708809e-01
   9.2567062e-01
   8.9900450e-01
   9.0663322e-01
   1.0007481e+00
   1.5566241e+00
   1.6004757e+00
   1.6287774e+00
   1.6553166e+00
   1.6696309e+00
   1.6752852e+00
   1.6769422e+00
   1.6824610e+00
   1.6916762e+00
   1.7070856e+00
   1.7249833e+00
   1.7448842e+00
   1.7727152e+00
   1.8008590e+00
   1.8335088e+00
   1.8772137e+00
   1.9120173e+00
   1.9429867e+00
   1.9709052e+00
   1.9748059e+00
   1.9540409e+00
   1.8877969e+00
   1.7895092e+00
   1.6412989e+00
   1.3727428e+00
   1.0765192e+00
   7.4497405e-01
   3.6052551e-01
   7.9311235e-02
  -1.6054625e-01
  -3.5652695e-01
  -4.7409949e-01
  -6.5906140e-01
  -9.1428963e-01
  -1.1691287e+00
  -1.4815658e+00
  -1.8757669e+00
  -1.0291425e+00
   1.4354525e-01
   6.4657835e-01
   9.5949435e-01
   1.1864973e+00
   1.4608954e+00
   1.9104943e+00
   1.2071349e+00
   6.6131005e-01
   9.4213785e-01
   9.5860312e-01
   8.7938431e-01
   7.8718739e-01
   7.3465599e-01
   6.8316669e-01
   6.2203865e-01
   5.3652518e-01
   3.9270102e-01
   2.4022283e-01
   5.8896344e-02
  -2.7404978e-01
  -7.8571402e-01
  -1.0131383e+00
  -4.7356679e-01
  -4.2537949e-01
  -1.7303901e-01
   3.7137196e-02
  -1.4379227e-01
  -1.7424396e-01
   2.9499925e-01
   9.3455838e-01
   1.1867449e+00
   1.2168639e+00
   1.3133925e+00
   1.4500337e+00
   1.4509894e+00
   1.5113099e+00
   1.5558433e+00
   1.5997591e+00
   1.6295092e+00
   1.6497126e+00
   1.6586630e+00
   1.6591198e+00
   1.6575275e+00
   1.6546523e+00
   1.6492457e+00
   1.6392954e+00
   1.6262984e+00
   1.6163049e+00
   1.6057241e+00
   1.5919960e+00
   1.5755229e+00
   1.5531392e+00
   1.5111668e+00
   1.4488130e+00
   1.3538566e+00
   1.1912011e+00
   1.0131410e+00
   7.9451142e-01
   4.7341833e-01
   1.7556607e-01
  -1.1058652e-01
  -3.9065098e-01
  -5.6293234e-01
  -6.8554847e-01
  -7.4037659e-01
  -7.7925124e-01
  -9.2090672e-01
  -1.1329316e+00
  -1.2698386e+00
  -1.3748405e+00
  -1.3923460e+00
  -8.2359816e-01
   1.3865906e-02
   1.9847517e-01
   3.5371787e-01
   4.3970955e-01
   6.2456747e-01
   9.6935529e-01
   3.4984838e-01
   1.6911634e-01
   5.3629821e-01
   4.4551805e-01
   2.4612354e-01
   1.8623186e-01
   1.6905500e-01
   1.5787936e-01
   1.3170249e-01
   8.6064925e-02
   3.0756339e-03
  -8.5039096e-02
  -1.9452157e-01
  -4.3455875e-01
  -9.2045412e-01
  -1.3011142e+00
  -5.9769579e-01
  -2.2742422e-01
  -6.1649321e-02
  -2.4820570e-02
  -5.5308144e-02
   7.5658719e-02
   4.6128987e-01
   8.1522611e-01
   9.5286078e-01
   1.0491573e+00
   1.1809945e+00
   1.3271299e+00
   1.2057629e+00
   1.2682198e+00
   1.3149908e+00
   1.3606312e+00
   1.3898551e+00
   1.4096363e+00
   1.4172062e+00
   1.4142703e+00
   1.4084915e+00
   1.4002001e+00
   1.3878297e+00
   1.3697137e+00
   1.3480898e+00
   1.3309604e+00
   1.3112222e+00
   1.2828671e+00
   1.2508732e+00
   1.2103091e+00
   1.1450802e+00
   1.0630244e+00
   9.4770904e-01
   7.6003123e-01
   5.6409311e-01
   3.3639178e-01
   2.4376659e-02
  -2.4900523e-01
  -4.9988703e-01
  -7.3315601e-01
  -8.6491054e-01
  -9.4471790e-01
  -9.6065531e-01
  -9.7722706e-01
  -1.0803950e+00
  -1.2369221e+00
  -1.3318317e+00
  -1.3820722e+00
  -1.3071502e+00
  -8.5613601e-01
  -1.9863385e-01
  -8.4825607e-02
   2.1013013e-02
   7.9028048e-02
   1.8386430e-01
   3.6920079e-01
  -3.6041836e-02
  -1.5383449e-01
   2.2270576e-01
   1.5648942e-01
  -6.3167269e-02
  -1.2444293e-01
  -1.3490928e-01
  -1.3415680e-01
  -1.4526500e-01
  -1.6927247e-01
  -2.1817270e-01
  -2.7116906e-01
  -3.3747729e-01
  -4.9789138e-01
  -8.5013518e-01
  -1.1672239e+00
  -6.0812501e-01
  -2.5959291e-01
  -1.6756567e-01
  -1.7479190e-01
  -1.5897664e-01
  -6.2949343e-03
   3.1058837e-01
   5.6480836e-01
   6.7442159e-01
   7.9359917e-01
   9.3368852e-01
   1.0799609e+00
   6.7557001e-01
   7.3688601e-01
   7.8283909e-01
   8.2604620e-01
   8.4833030e-01
   8.6174131e-01
   8.6340472e-01
   8.5446707e-01
   8.4297253e-01
   8.2888034e-01
   8.0897557e-01
   7.8296025e-01
   7.5643231e-01
   7.3686383e-01
   7.1188032e-01
   6.7084263e-01
   6.2181069e-01
   5.5880298e-01
   4.6547196e-01
   3.6221925e-01
   2.2712206e-01
   1.7067199e-02
  -1.9082551e-01
  -4.1350148e-01
  -6.8497869e-01
  -9.0094612e-01
  -1.0867578e+00
  -1.2500539e+00
  -1.3280741e+00
  -1.3519272e+00
  -1.3298645e+00
  -1.3238107e+00
  -1.3536676e+00
  -1.3973541e+00
  -1.4384488e+00
  -1.4383977e+00
  -1.2884396e+00
  -1.0078203e+00
  -6.4394004e-01
  -5.7654607e-01
  -5.2699564e-01
  -4.8169469e-01
  -5.2946910e-01
  -6.7549240e-01
  -6.1435582e-01
  -7.2127442e-01
  -3.5499718e-01
  -3.2445659e-01
  -5.4663569e-01
  -6.2309185e-01
  -6.3107593e-01
  -6.1756487e-01
  -6.0663679e-01
  -5.9519915e-01
  -5.8749337e-01
  -5.8280120e-01
  -5.7548932e-01
  -5.8546605e-01
  -6.3696647e-01
  -7.4969998e-01
  -5.8635444e-01
  -4.0760882e-01
  -4.5472824e-01
  -5.0001760e-01
  -4.3243521e-01
  -2.8913687e-01
  -1.0088667e-01
   2.7637560e-02
   1.1463090e-01
   2.6241465e-01
   4.0858241e-01
   5.5165566e-01
  -3.5518421e-02
   4.3970254e-02
   1.1043694e-01
   1.7529045e-01
   2.0554995e-01
   2.2199155e-01
   2.2666138e-01
   2.2056697e-01
   2.1219247e-01
   2.0093706e-01
   1.8122573e-01
   1.5101887e-01
   1.1490143e-01
   8.5971949e-02
   5.0464790e-02
  -3.5296690e-03
  -6.0865928e-02
  -1.3127214e-01
  -2.2992220e-01
  -3.3336383e-01
  -4.5916061e-01
  -6.4039769e-01
  -8.0824449e-01
  -9.7633976e-01
  -1.1707312e+00
  -1.3232798e+00
  -1.4566285e+00
  -1.5779883e+00
  -1.6374338e+00
  -1.6527573e+00
  -1.6282464e+00
  -1.6023917e+00
  -1.5778321e+00
  -1.5385280e+00
  -1.5056272e+00
  -1.4593728e+00
  -1.3599550e+00
  -1.2177878e+00
  -1.0027656e+00
  -9.2246784e-01
  -9.0906274e-01
  -8.7124785e-01
  -7.6722710e-01
  -8.9146353e-01
  -8.5620704e-01
  -1.0919779e+00
  -7.4188604e-01
  -7.7290636e-01
  -9.8508194e-01
  -1.0884726e+00
  -1.1145936e+00
  -1.1119800e+00
  -1.1012005e+00
  -1.0812830e+00
  -1.0546466e+00
  -1.0314291e+00
  -1.0033077e+00
  -9.8324619e-01
  -9.7839512e-01
  -9.9042244e-01
  -9.3266377e-01
  -8.7493551e-01
  -9.1683375e-01
  -9.5663750e-01
  -9.2453983e-01
  -8.3846565e-01
  -7.3123891e-01
  -6.5602056e-01
  -5.8423828e-01
  -4.4741981e-01
  -3.0837439e-01
  -1.6799202e-01
  -4.5966872e-01
  -3.6853951e-01
  -2.8686412e-01
  -2.0175979e-01
  -1.5822306e-01
  -1.3238560e-01
  -1.1810712e-01
  -1.1707991e-01
  -1.1968127e-01
  -1.2564200e-01
  -1.4168331e-01
  -1.7190337e-01
  -2.1299347e-01
  -2.4694002e-01
  -2.8789640e-01
  -3.4927317e-01
  -4.1087259e-01
  -4.8451277e-01
  -5.8416473e-01
  -6.8474653e-01
  -8.0213764e-01
  -9.6489057e-01
  -1.1119138e+00
  -1.2545005e+00
  -1.4149538e+00
  -1.5389557e+00
  -1.6485779e+00
  -1.7533474e+00
  -1.8097726e+00
  -1.8284210e+00
  -1.8120124e+00
  -1.7823839e+00
  -1.7335551e+00
  -1.6459029e+00
  -1.5616176e+00
  -1.4773815e+00
  -1.3945240e+00
  -1.3134973e+00
  -1.1647262e+00
  -1.0754279e+00
  -1.0758282e+00
  -1.0807791e+00
  -8.5396359e-01
  -9.5297519e-01
  -9.6584659e-01
  -1.2367804e+00
  -9.8424357e-01
  -1.0316846e+00
  -1.2290153e+00
  -1.3447640e+00
  -1.3840325e+00
  -1.3926668e+00
  -1.3863495e+00
  -1.3685343e+00
  -1.3413740e+00
  -1.3129124e+00
  -1.2743234e+00
  -1.2364858e+00
  -1.2131307e+00
  -1.1972950e+00
  -1.1807475e+00
  -1.1605247e+00
  -1.1884921e+00
  -1.2190665e+00
  -1.2033666e+00
  -1.1485386e+00
  -1.0834097e+00
  -1.0369229e+00
  -9.7908701e-01
  -8.5713277e-01
  -7.2924897e-01
  -5.9566273e-01
  -1.1649879e+00
  -1.0527872e+00
  -9.3945725e-01
  -8.0496632e-01
  -7.2111132e-01
  -6.6340493e-01
  -6.1641725e-01
  -5.9193230e-01
  -5.7655861e-01
  -5.6600248e-01
  -5.6833120e-01
  -5.9324918e-01
  -6.4100856e-01
  -6.8208501e-01
  -7.3033052e-01
  -8.0324231e-01
  -8.7045333e-01
  -9.4694709e-01
  -1.0436180e+00
  -1.1330806e+00
  -1.2303753e+00
  -1.3596188e+00
  -1.4785717e+00
  -1.5938279e+00
  -1.7236245e+00
  -1.8200256e+00
  -1.9063918e+00
  -2.0016066e+00
  -2.0702624e+00
  -2.1124497e+00
  -2.1299858e+00
  -2.1112869e+00
  -2.0396321e+00
  -1.8740527e+00
  -1.6888044e+00
  -1.5190966e+00
  -1.4346926e+00
  -1.4094311e+00
  -1.3225762e+00
  -1.2155201e+00
  -1.2222765e+00
  -1.3803353e+00
  -8.8028042e-01
  -9.1116531e-01
  -1.0740525e+00
  -1.3141993e+00
  -1.4120626e+00
  -1.4433536e+00
  -1.5969929e+00
  -1.7253541e+00
  -1.7914723e+00
  -1.8289740e+00
  -1.8394402e+00
  -1.8404494e+00
  -1.8354697e+00
  -1.8107170e+00
  -1.7588845e+00
  -1.6917895e+00
  -1.6700078e+00
  -1.6767852e+00
  -1.6821642e+00
  -1.6500695e+00
  -1.6317156e+00
  -1.6341892e+00
  -1.6355497e+00
  -1.6265003e+00
  -1.6180365e+00
  -1.6127674e+00
  -1.5885557e+00
  -1.5091382e+00
  -1.4146149e+00
  -1.3034429e+00
  -1.6513958e+00
  -1.5588029e+00
  -1.4491188e+00
  -1.2944316e+00
  -1.1753455e+00
  -1.0798312e+00
  -9.9515957e-01
  -9.4264839e-01
  -9.0196102e-01
  -8.6523888e-01
  -8.4458148e-01
  -8.4920133e-01
  -8.8819102e-01
  -9.2720639e-01
  -9.7425744e-01
  -1.0446501e+00
  -1.1072942e+00
  -1.1826786e+00
  -1.2780720e+00
  -1.3570759e+00
  -1.4378688e+00
  -1.5473067e+00
  -1.6503879e+00
  -1.7512718e+00
  -1.8718388e+00
  -1.9579007e+00
  -2.0344439e+00
  -2.1356038e+00
  -2.2293058e+00
  -2.3115077e+00
  -2.3848381e+00
  -2.4088801e+00
  -2.3607188e+00
  -2.1635484e+00
  -1.8945878e+00
  -1.6165230e+00
  -1.4542661e+00
  -1.4578903e+00
  -1.4073855e+00
  -1.2615887e+00
  -1.1833194e+00
  -1.2016606e+00
  -9.8724201e-01
  -9.4707217e-01
  -1.1641223e+00
  -1.4700530e+00
  -1.6054047e+00
  -1.6509554e+00
  -1.7820113e+00
  -1.9012666e+00
  -1.9778523e+00
  -2.0313570e+00
  -2.0540172e+00
  -2.0759105e+00
  -2.1058846e+00
  -2.1077184e+00
  -2.0729079e+00
  -2.0079313e+00
  -1.9838099e+00
  -1.9945214e+00
  -1.9929024e+00
  -1.9457931e+00
  -1.9056881e+00
  -1.8732093e+00
  -1.8565962e+00
  -1.8541275e+00
  -1.8695662e+00
  -1.8953163e+00
  -1.9059611e+00
  -1.8706536e+00
  -1.8191814e+00
  -1.7508362e+00
  -1.9370053e+00
  -1.8636783e+00
  -1.7642741e+00
  -1.6068551e+00
  -1.4717918e+00
  -1.3559868e+00
  -1.2496061e+00
  -1.1799056e+00
  -1.1224744e+00
  -1.0664665e+00
  -1.0281812e+00
  -1.0162419e+00
  -1.0446060e+00
  -1.0799013e+00
  -1.1245395e+00
  -1.1905469e+00
  -1.2483680e+00
  -1.3214537e+00
  -1.4149904e+00
  -1.4866083e+00
  -1.5558409e+00
  -1.6514479e+00
  -1.7431944e+00
  -1.8335662e+00
  -1.9474375e+00
  -2.0270507e+00
  -2.0965714e+00
  -2.2001076e+00
  -2.3096915e+00
  -2.4204790e+00
  -2.5377576e+00
  -2.5985122e+00
  -2.5774320e+00
  -2.3732123e+00
  -2.0545941e+00
  -1.6915475e+00
  -1.4477156e+00
  -1.4711919e+00
  -1.4485815e+00
  -1.2824370e+00
  -1.1465522e+00
  -1.0868315e+00
  -1.0147284e+00
  -9.6743255e-01
  -1.2064811e+00
  -1.5388300e+00
  -1.6983341e+00
  -1.7587586e+00
  -1.8761505e+00
  -1.9872488e+00
  -2.0680508e+00
  -2.1294236e+00
  -2.1585780e+00
  -2.1928832e+00
  -2.2448744e+00
  -2.2658294e+00
  -2.2466091e+00
  -2.1894172e+00
  -2.1646393e+00
  -2.1750393e+00
  -2.1686393e+00
  -2.1142486e+00
  -2.0610012e+00
  -2.0074526e+00
  -1.9798067e+00
  -1.9780399e+00
  -2.0041661e+00
  -2.0450938e+00
  -2.0754423e+00
  -2.0681589e+00
  -2.0449637e+00
  -2.0060940e+00
  -2.2175775e+00
  -2.1922118e+00
  -2.1333900e+00
  -2.0074715e+00
  -1.8743524e+00
  -1.7457655e+00
  -1.6196252e+00
  -1.5302936e+00
  -1.4493721e+00
  -1.3597314e+00
  -1.2886578e+00
  -1.2430713e+00
  -1.2404874e+00
  -1.2627279e+00
  -1.2985860e+00
  -1.3494013e+00
  -1.3944642e+00
  -1.4591221e+00
  -1.5466906e+00
  -1.6063904e+00
  -1.6572600e+00
  -1.7310350e+00
  -1.8040996e+00
  -1.8763801e+00
  -1.9788948e+00
  -2.0507581e+00
  -2.1086807e+00
  -2.2103773e+00
  -2.3399647e+00
  -2.4978967e+00
  -2.7002458e+00
  -2.8405706e+00
  -2.8958553e+00
  -2.7277823e+00
  -2.3584976e+00
  -1.8319813e+00
  -1.3737014e+00
  -1.4275071e+00
  -1.4568319e+00
  -1.2796881e+00
  -1.0584024e+00
  -9.3689410e-01
  -9.0944801e-01
  -9.8472427e-01
  -1.2086604e+00
  -1.5212356e+00
  -1.7124807e+00
  -1.8118641e+00
  -1.9143216e+00
  -2.0068825e+00
  -2.0845975e+00
  -2.1479745e+00
  -2.1810150e+00
  -2.2280717e+00
  -2.3072829e+00
  -2.3601682e+00
  -2.3772191e+00
  -2.3521719e+00
  -2.3294354e+00
  -2.3297108e+00
  -2.3160987e+00
  -2.2603029e+00
  -2.1927571e+00
  -2.1164639e+00
  -2.0761857e+00
  -2.0632655e+00
  -2.0873523e+00
  -2.1318186e+00
  -2.1786645e+00
  -2.2068637e+00
  -2.2226760e+00
  -2.2289733e+00
  -2.2196875e+00
  -2.2237588e+00
  -2.1980886e+00
  -2.1124224e+00
  -2.0073245e+00
  -1.8924501e+00
  -1.7727421e+00
  -1.6873733e+00
  -1.6038084e+00
  -1.5014528e+00
  -1.4148833e+00
  -1.3492871e+00
  -1.3172104e+00
  -1.3208843e+00
  -1.3448245e+00
  -1.3834345e+00
  -1.4167041e+00
  -1.4689737e+00
  -1.5485450e+00
  -1.6014704e+00
  -1.6384721e+00
  -1.6928293e+00
  -1.7532383e+00
  -1.8132440e+00
  -1.9011157e+00
  -1.9664504e+00
  -2.0153992e+00
  -2.1013029e+00
  -2.2237722e+00
  -2.3984917e+00
  -2.6721807e+00
  -2.8939402e+00
  -3.0362061e+00
  -2.9585084e+00
  -2.5945085e+00
  -1.8404320e+00
  -1.1397860e+00
  -1.2744487e+00
  -1.3638169e+00
  -1.1493904e+00
  -8.1055457e-01
  -6.4794656e-01
  -6.9957699e-01
  -8.3351234e-01
  -1.0633277e+00
  -1.3832579e+00
  -1.5907054e+00
  -1.7092343e+00
  -1.8097847e+00
  -1.8930517e+00
  -1.9647752e+00
  -2.0220280e+00
  -2.0516979e+00
  -2.0983201e+00
  -2.1872878e+00
  -2.2581103e+00
  -2.3017713e+00
  -2.3137955e+00
  -2.3096648e+00
  -2.3126306e+00
  -2.2992934e+00
  -2.2447183e+00
  -2.1718736e+00
  -2.0874753e+00
  -2.0372808e+00
  -2.0103444e+00
  -2.0213503e+00
  -2.0552557e+00
  -2.1007180e+00
  -2.1433392e+00
  -2.1736074e+00
  -2.1996780e+00
  -2.1741429e+00
  -2.1971730e+00
  -2.1935409e+00
  -2.1365224e+00
  -2.0532438e+00
  -1.9515320e+00
  -1.8383665e+00
  -1.7590609e+00
  -1.6792691e+00
  -1.5731660e+00
  -1.4787091e+00
  -1.4019019e+00
  -1.3497509e+00
  -1.3390178e+00
  -1.3536126e+00
  -1.3831469e+00
  -1.4077318e+00
  -1.4498726e+00
  -1.5215392e+00
  -1.5705946e+00
  -1.5997440e+00
  -1.6401350e+00
  -1.6913249e+00
  -1.7439580e+00
  -1.8219413e+00
  -1.8838534e+00
  -1.9286105e+00
  -2.0030383e+00
  -2.1140837e+00
  -2.2872641e+00
  -2.6027432e+00
  -2.8870507e+00
  -3.0995996e+00
  -3.1022109e+00
  -2.7131975e+00
  -1.7324793e+00
  -8.8405449e-01
  -1.1127112e+00
  -1.2785622e+00
  -9.9349107e-01
  -5.6043135e-01
  -3.7190570e-01
  -4.9409819e-01
  -6.7640112e-01
  -9.1710821e-01
  -1.2415214e+00
  -1.4597070e+00
  -1.5932892e+00
  -1.6942787e+00
  -1.7712373e+00
  -1.8396338e+00
  -1.8933026e+00
  -1.9199711e+00
  -1.9650681e+00
  -2.0593047e+00
  -2.1409849e+00
  -2.2030597e+00
  -2.2429916e+00
  -2.2552421e+00
  -2.2637283e+00
  -2.2534467e+00
  -2.2022239e+00
  -2.1263148e+00
  -2.0358604e+00
  -1.9776488e+00
  -1.9400290e+00
  -1.9407798e+00
  -1.9667434e+00
  -2.0080221e+00
  -2.0572979e+00
  -2.0957655e+00
  -2.1338637e+00
  -2.0124761e+00
  -2.0548500e+00
  -2.0753900e+00
  -2.0542892e+00
  -2.0025379e+00
  -1.9248937e+00
  -1.8242975e+00
  -1.7598009e+00
  -1.6973072e+00
  -1.5982888e+00
  -1.5009245e+00
  -1.4167955e+00
  -1.3415113e+00
  -1.3100633e+00
  -1.3110221e+00
  -1.3283129e+00
  -1.3413613e+00
  -1.3678869e+00
  -1.4247242e+00
  -1.4710422e+00
  -1.4948306e+00
  -1.5173857e+00
  -1.5565458e+00
  -1.6029658e+00
  -1.6697357e+00
  -1.7300769e+00
  -1.7744569e+00
  -1.8339720e+00
  -1.9165632e+00
  -2.0578388e+00
  -2.4057481e+00
  -2.7786795e+00
  -3.0979683e+00
  -3.2368044e+00
  -2.7524762e+00
  -1.3438304e+00
  -3.6505382e-01
  -7.9256571e-01
  -1.1293199e+00
  -6.5763773e-01
  -8.2965423e-02
   1.3064681e-01
  -1.1175957e-01
  -3.6941715e-01
  -6.3868793e-01
  -9.6705138e-01
  -1.1969369e+00
  -1.3525653e+00
  -1.4580979e+00
  -1.5278272e+00
  -1.5941356e+00
  -1.6450324e+00
  -1.6665984e+00
  -1.7070806e+00
  -1.8042008e+00
  -1.8952530e+00
  -1.9792484e+00
  -2.0575570e+00
  -2.0973232e+00
  -2.1207447e+00
  -2.1206505e+00
  -2.0791507e+00
  -2.0009702e+00
  -1.9022836e+00
  -1.8318879e+00
  -1.7792994e+00
  -1.7650915e+00
  -1.7801521e+00
  -1.8090761e+00
  -1.8586724e+00
  -1.9027772e+00
  -1.9514097e+00
  -1.7457804e+00
  -1.8011588e+00
  -1.8348638e+00
  -1.8368606e+00
  -1.8076508e+00
  -1.7547405e+00
  -1.6689248e+00
  -1.6115527e+00
  -1.5690591e+00
  -1.4920145e+00
  -1.4037125e+00
  -1.3234118e+00
  -1.2378913e+00
  -1.1920075e+00
  -1.1771731e+00
  -1.1854464e+00
  -1.1921739e+00
  -1.2061616e+00
  -1.2452059e+00
  -1.2859834e+00
  -1.3106781e+00
  -1.3246601e+00
  -1.3518958e+00
  -1.3943020e+00
  -1.4571788e+00
  -1.5201208e+00
  -1.5786490e+00
  -1.6559253e+00
  -1.7527526e+00
  -1.8681379e+00
  -2.1761683e+00
  -2.6038059e+00
  -3.0274906e+00
  -3.2592305e+00
  -2.9311337e+00
  -1.8141960e+00
  -7.8735899e-01
  -7.7663857e-01
  -6.8978415e-01
   5.8089405e-02
   8.2255641e-01
   9.0103219e-01
   3.9847638e-01
   5.2055774e-02
  -2.6679269e-01
  -6.0261151e-01
  -8.3738062e-01
  -1.0149520e+00
  -1.1392698e+00
  -1.2052847e+00
  -1.2654923e+00
  -1.3163396e+00
  -1.3375318e+00
  -1.3739102e+00
  -1.4690226e+00
  -1.5645718e+00
  -1.6627728e+00
  -1.7710116e+00
  -1.8338762e+00
  -1.8751107e+00
  -1.8909479e+00
  -1.8665698e+00
  -1.7968913e+00
  -1.6951676e+00
  -1.6166228e+00
  -1.5497635e+00
  -1.5201086e+00
  -1.5316261e+00
  -1.5523245e+00
  -1.5902504e+00
  -1.6278259e+00
  -1.6769257e+00
  -1.5171968e+00
  -1.5783387e+00
  -1.6190940e+00
  -1.6320885e+00
  -1.6142861e+00
  -1.5768675e+00
  -1.5048651e+00
  -1.4503272e+00
  -1.4163435e+00
  -1.3564776e+00
  -1.2788312e+00
  -1.2065463e+00
  -1.1215899e+00
  -1.0694321e+00
  -1.0440367e+00
  -1.0437612e+00
  -1.0462930e+00
  -1.0529389e+00
  -1.0806265e+00
  -1.1154615e+00
  -1.1399600e+00
  -1.1508661e+00
  -1.1696785e+00
  -1.2058031e+00
  -1.2634041e+00
  -1.3249499e+00
  -1.3907642e+00
  -1.4807178e+00
  -1.5995584e+00
  -1.7295168e+00
  -2.0304453e+00
  -2.4907486e+00
  -2.9946100e+00
  -3.2846928e+00
  -2.8133887e+00
  -1.7120138e+00
  -6.8632448e-01
  -5.4381566e-01
  -3.8169674e-01
   2.4316353e-01
   1.1224544e+00
   1.3448468e+00
   7.8298144e-01
   4.0202598e-01
   4.4720835e-02
  -3.0918650e-01
  -5.4341425e-01
  -7.2797138e-01
  -8.6699476e-01
  -9.3735511e-01
  -9.9498801e-01
  -1.0453677e+00
  -1.0691668e+00
  -1.1055228e+00
  -1.1965749e+00
  -1.2931750e+00
  -1.3978624e+00
  -1.5213810e+00
  -1.5971386e+00
  -1.6494729e+00
  -1.6780460e+00
  -1.6684932e+00
  -1.6094499e+00
  -1.5081461e+00
  -1.4261148e+00
  -1.3539983e+00
  -1.3154903e+00
  -1.3235878e+00
  -1.3406269e+00
  -1.3745313e+00
  -1.4072643e+00
  -1.4517077e+00
  -1.2596889e+00
  -1.3244942e+00
  -1.3709666e+00
  -1.3917255e+00
  -1.3826147e+00
  -1.3596480e+00
  -1.3038086e+00
  -1.2507436e+00
  -1.2218093e+00
  -1.1804259e+00
  -1.1163016e+00
  -1.0555355e+00
  -9.7612272e-01
  -9.2010296e-01
  -8.8437404e-01
  -8.7403705e-01
  -8.7248437e-01
  -8.7264895e-01
  -8.8958939e-01
  -9.1710234e-01
  -9.4086842e-01
  -9.5055489e-01
  -9.6082289e-01
  -9.8837763e-01
  -1.0390157e+00
  -1.0970833e+00
  -1.1685613e+00
  -1.2714584e+00
  -1.4202550e+00
  -1.5859547e+00
  -1.8931156e+00
  -2.3827422e+00
  -2.9720368e+00
  -3.3166574e+00
  -2.5383660e+00
  -1.3312846e+00
  -3.2914330e-01
  -1.6632838e-01
  -7.0702175e-02
   2.2649087e-01
   1.2099846e+00
   1.7310327e+00
   1.1883793e+00
   7.9035560e-01
   3.9184907e-01
   1.1415208e-02
  -2.1971799e-01
  -4.0593107e-01
  -5.6078754e-01
  -6.4000071e-01
  -6.9612817e-01
  -7.4575786e-01
  -7.7403233e-01
  -8.1219997e-01
  -8.9744831e-01
  -9.9375899e-01
  -1.1027630e+00
  -1.2380424e+00
  -1.3246952e+00
  -1.3873433e+00
  -1.4297809e+00
  -1.4370081e+00
  -1.3917059e+00
  -1.2924640e+00
  -1.2083437e+00
  -1.1339706e+00
  -1.0877952e+00
  -1.0918384e+00
  -1.1065373e+00
  -1.1390552e+00
  -1.1667290e+00
  -1.2032688e+00
  -8.3075404e-01
  -8.8232309e-01
  -9.2823182e-01
  -9.5343017e-01
  -9.4754065e-01
  -9.2985707e-01
  -8.9492311e-01
  -8.5250548e-01
  -8.2268544e-01
  -7.9482410e-01
  -7.5457972e-01
  -7.1715225e-01
  -6.6277393e-01
  -6.1450101e-01
  -5.7446990e-01
  -5.5027036e-01
  -5.3860845e-01
  -5.2467381e-01
  -5.2461700e-01
  -5.4130939e-01
  -5.5970887e-01
  -5.6850957e-01
  -5.7249762e-01
  -5.8413975e-01
  -6.1386069e-01
  -6.5203545e-01
  -7.1616219e-01
  -8.1969893e-01
  -9.8072234e-01
  -1.2100421e+00
  -1.5991928e+00
  -2.1790223e+00
  -2.9580788e+00
  -3.4780610e+00
  -2.1473814e+00
  -2.2622170e-01
   7.8787665e-01
   8.7486054e-01
   6.0207545e-01
   2.2860734e-01
   1.0919135e+00
   1.4752091e+00
   1.1495960e+00
   1.1098552e+00
   8.4794235e-01
   4.7733456e-01
   2.6749309e-01
   1.1734769e-01
  -1.3776647e-02
  -9.4982656e-02
  -1.5788240e-01
  -2.1262448e-01
  -2.4650619e-01
  -2.9184056e-01
  -3.7660450e-01
  -4.6912607e-01
  -5.7611045e-01
  -7.1842262e-01
  -8.1289519e-01
  -8.8342485e-01
  -9.4185960e-01
  -9.6946036e-01
  -9.5463880e-01
  -8.8088661e-01
  -8.0327190e-01
  -7.2650187e-01
  -6.8607384e-01
  -6.9945992e-01
  -7.0257152e-01
  -7.1563731e-01
  -7.5307649e-01
  -7.9444284e-01
  -5.4166507e-01
  -5.8557925e-01
  -6.2690858e-01
  -6.5363209e-01
  -6.4987913e-01
  -6.3197928e-01
  -6.0251287e-01
  -5.6716435e-01
  -5.3860209e-01
  -5.1029053e-01
  -4.7905561e-01
  -4.5342571e-01
  -4.1885289e-01
  -3.8351951e-01
  -3.5205489e-01
  -3.2495843e-01
  -3.0765658e-01
  -2.8625354e-01
  -2.7258570e-01
  -2.7955264e-01
  -2.9147169e-01
  -2.9976358e-01
  -3.0607588e-01
  -3.1329739e-01
  -3.3283861e-01
  -3.5871637e-01
  -4.1014136e-01
  -5.0109259e-01
  -6.4308259e-01
  -8.7859426e-01
  -1.3005875e+00
  -1.9294674e+00
  -2.7952910e+00
  -2.8062613e+00
  -1.5011334e+00
  -8.4224921e-02
   4.6322638e-01
   4.9065035e-01
   4.0515500e-01
   1.5668543e-01
   6.2254469e-01
   8.6321916e-01
   6.8559455e-01
   7.9469735e-01
   7.7798568e-01
   5.4166410e-01
   3.9536064e-01
   3.0505009e-01
   2.4312358e-01
   2.0079108e-01
   1.5762917e-01
   1.1189246e-01
   8.0388347e-02
   3.7078165e-02
  -4.4785530e-02
  -1.3303422e-01
  -2.3441365e-01
  -3.7284674e-01
  -4.6662797e-01
  -5.3332907e-01
  -5.8964710e-01
  -6.1998510e-01
  -6.1798742e-01
  -5.6784653e-01
  -5.0803702e-01
  -4.3801351e-01
  -4.0295602e-01
  -4.4175968e-01
  -4.5971684e-01
  -4.1977897e-01
  -4.4223126e-01
  -4.9418403e-01
  -2.2487855e-01
  -2.6598602e-01
  -3.0307485e-01
  -3.2985242e-01
  -3.2848188e-01
  -3.1091768e-01
  -2.8489178e-01
  -2.5491284e-01
  -2.2763490e-01
  -2.0142963e-01
  -1.7921030e-01
  -1.6355354e-01
  -1.4725723e-01
  -1.2712592e-01
  -1.0757954e-01
  -8.2945021e-02
  -6.4208672e-02
  -3.9170064e-02
  -1.3423507e-02
  -9.6286196e-03
  -1.3196890e-02
  -1.7328411e-02
  -2.5686237e-02
  -3.1297909e-02
  -4.2750126e-02
  -5.8872788e-02
  -9.5514956e-02
  -1.6574943e-01
  -2.7969720e-01
  -4.9895336e-01
  -9.2757978e-01
  -1.5833591e+00
  -2.5082678e+00
  -2.2228252e+00
  -1.0538007e+00
  -1.3621282e-01
   3.0928888e-01
   3.8322818e-01
   4.3457602e-01
   1.8633910e-01
   3.2179645e-01
   4.5904443e-01
   3.5405238e-01
   4.4548129e-01
   5.5280159e-01
   4.6543123e-01
   3.9766360e-01
   3.7950408e-01
   4.0641859e-01
   4.2527635e-01
   4.2325754e-01
   4.0263249e-01
   3.7959520e-01
   3.4282603e-01
   2.6878322e-01
   1.8738475e-01
   9.3723667e-02
  -3.5791427e-02
  -1.2470755e-01
  -1.8493195e-01
  -2.3212813e-01
  -2.5630827e-01
  -2.5656860e-01
  -2.2092954e-01
  -1.7676681e-01
  -1.1566283e-01
  -8.8915462e-02
  -1.5263393e-01
  -2.1523614e-01
  -1.4127857e-01
  -1.2059132e-01
  -1.6318174e-01
   1.2028369e-01
   7.7089800e-02
   4.3693207e-02
   1.8396117e-02
   1.7808552e-02
   3.4321583e-02
   5.9270640e-02
   8.6320329e-02
   1.1263196e-01
   1.3436392e-01
   1.4799220e-01
   1.5564583e-01
   1.5603304e-01
   1.5901011e-01
   1.6305561e-01
   1.7910472e-01
   1.9348132e-01
   2.1656180e-01
   2.5215669e-01
   2.6672004e-01
   2.7304075e-01
   2.7782206e-01
   2.6811704e-01
   2.6067997e-01
   2.5531084e-01
   2.4515491e-01
   2.2427488e-01
   1.8485177e-01
   1.0847788e-01
  -6.7621532e-02
  -4.6446939e-01
  -1.1161891e+00
  -2.0565427e+00
  -1.7466287e+00
  -7.3520477e-01
  -2.9428196e-01
   3.2215707e-01
   5.3928371e-01
   6.9221671e-01
   3.4133986e-01
   2.1982246e-01
   2.7483767e-01
   1.3693258e-01
   5.0696168e-02
   1.5891246e-01
   2.3090870e-01
   2.5546409e-01
   3.2047673e-01
   4.5600917e-01
   5.5914244e-01
   6.2289367e-01
   6.4849881e-01
   6.4195228e-01
   6.1728450e-01
   5.5770787e-01
   4.8638723e-01
   4.0311600e-01
   2.8819689e-01
   2.0876497e-01
   1.5732283e-01
   1.2616894e-01
   1.1802732e-01
   1.2778701e-01
   1.6028000e-01
   1.9358296e-01
   2.4487135e-01
   2.6169541e-01
   1.7702707e-01
   3.6488697e-02
   1.1741856e-01
   2.0851723e-01
   1.9816134e-01
   5.3749624e-01
   4.9542647e-01
   4.6496944e-01
   4.4087416e-01
   4.4444192e-01
   4.5854284e-01
   4.8360701e-01
   5.1258627e-01
   5.4099908e-01
   5.6111526e-01
   5.6804981e-01
   5.6544485e-01
   5.5249883e-01
   5.3879517e-01
   5.2400555e-01
   5.2655380e-01
   5.2387466e-01
   5.3095632e-01
   5.7359797e-01
   5.9097952e-01
   6.0496273e-01
   6.2834510e-01
   6.2071606e-01
   6.0743314e-01
   6.1233749e-01
   5.9996755e-01
   5.8660383e-01
   5.9773940e-01
   5.6590727e-01
   4.6737987e-01
   2.0463258e-01
  -3.7685322e-01
  -1.2079236e+00
  -1.2513166e+00
   5.0861464e-01
   5.1458540e-01
   1.5376661e-01
   3.6978419e-01
   8.3938092e-01
   6.7622860e-01
   2.3434709e-01
  -2.0124155e-02
  -4.2317820e-01
  -5.2710469e-01
  -3.3206530e-01
  -1.1268682e-01
   3.6060902e-03
   1.5033994e-01
   4.0697726e-01
   6.0432900e-01
   7.6324262e-01
   8.8109880e-01
   9.0856651e-01
   9.0522026e-01
   8.7610740e-01
   8.2147192e-01
   7.5479763e-01
   6.6002261e-01
   5.9319175e-01
   5.4724784e-01
   5.2944269e-01
   5.4324921e-01
   5.7288597e-01
   6.1504222e-01
   6.5794579e-01
   7.1096027e-01
   7.3050857e-01
   6.5213518e-01
   4.0577332e-01
   4.3474647e-01
   5.8180168e-01
   6.2278531e-01
   8.3249391e-01
   7.9856919e-01
   7.8417147e-01
   7.6557943e-01
   7.8509547e-01
   8.0423638e-01
   8.3471585e-01
   8.6428208e-01
   8.8972023e-01
   9.2369664e-01
   9.2680329e-01
   9.2467123e-01
   8.9734025e-01
   8.7651381e-01
   8.5907604e-01
   8.3867316e-01
   8.2741908e-01
   8.2079779e-01
   8.4247496e-01
   8.6219878e-01
   8.8371435e-01
   9.0342239e-01
   9.0924514e-01
   8.9974575e-01
   8.9725930e-01
   8.8466303e-01
   8.8960082e-01
   8.9580588e-01
   9.0484485e-01
   8.9591775e-01
   7.4222350e-01
   4.2795462e-01
  -2.4257349e-01
  -5.8260849e-01
   1.1486202e-01
   7.4814420e-01
   9.3481183e-01
   6.3383309e-01
   4.1663452e-01
  -3.5083018e-02
  -4.2281705e-01
  -3.4053705e-01
  -5.8333055e-01
  -7.8622860e-01
  -6.9454698e-01
  -4.5422541e-01
  -2.5493539e-01
  -2.1075420e-02
   2.8960777e-01
   5.6508398e-01
   8.0939080e-01
   1.0050629e+00
   1.1041819e+00
   1.1336910e+00
   1.1369640e+00
   1.1000668e+00
   1.0529396e+00
   9.8298888e-01
   9.3281009e-01
   8.9890852e-01
   8.8440435e-01
   9.1097289e-01
   9.5017487e-01
   1.0118229e+00
   1.0642728e+00
   1.1156848e+00
   1.1701726e+00
   1.1242033e+00
   7.4066816e-01
   5.1585592e-01
   7.1346053e-01
   8.7338912e-01
   1.0759885e+00
   1.0425162e+00
   1.0365730e+00
   1.0195583e+00
   1.0399027e+00
   1.0663543e+00
   1.0993146e+00
   1.1337679e+00
   1.1541919e+00
   1.1948857e+00
   1.2005667e+00
   1.2051575e+00
   1.1662226e+00
   1.1431151e+00
   1.1180340e+00
   1.0932927e+00
   1.0736599e+00
   1.0495137e+00
   1.0590885e+00
   1.0672098e+00
   1.0946255e+00
   1.0997335e+00
   1.1169553e+00
   1.1073846e+00
   1.1046302e+00
   1.0925234e+00
   1.0964477e+00
   1.1247796e+00
   1.1440532e+00
   1.1875986e+00
   1.1169875e+00
   1.0117753e+00
   6.3917041e-01
   3.1095476e-01
   4.3045653e-01
   7.1019193e-01
   6.7032103e-01
   8.2271513e-01
   4.1350359e-01
   3.0212678e-01
  -1.3000284e-01
  -2.2212638e-01
  -5.2562874e-01
  -7.5598249e-01
  -7.5491869e-01
  -5.4817977e-01
  -3.3077008e-01
  -6.8336525e-02
   2.8506745e-01
   5.8390639e-01
   8.6990014e-01
   1.1107885e+00
   1.2611521e+00
   1.3227857e+00
   1.3563352e+00
   1.3326113e+00
   1.2993372e+00
   1.2438919e+00
   1.2072129e+00
   1.1881081e+00
   1.1805328e+00
   1.2193088e+00
   1.2613454e+00
   1.3353709e+00
   1.3894114e+00
   1.4408240e+00
   1.5159347e+00
   1.5199348e+00
   1.1927929e+00
   7.6407735e-01
   8.8095961e-01
   1.0644102e+00
   1.2805256e+00
   1.2472652e+00
   1.2427641e+00
   1.2265052e+00
   1.2433387e+00
   1.2646800e+00
   1.3042889e+00
   1.3362108e+00
   1.3583442e+00
   1.3902027e+00
   1.4084382e+00
   1.4119816e+00
   1.3755529e+00
   1.3431834e+00
   1.3140211e+00
   1.2864596e+00
   1.2615251e+00
   1.2302251e+00
   1.2184721e+00
   1.2192335e+00
   1.2338574e+00
   1.2413644e+00
   1.2530993e+00
   1.2525949e+00
   1.2419056e+00
   1.2329554e+00
   1.2337924e+00
   1.2817270e+00
   1.3149643e+00
   1.3797191e+00
   1.3864118e+00
   1.4120291e+00
   1.3121285e+00
   1.1793297e+00
   1.1099495e+00
   1.1204528e+00
   8.4485424e-01
   9.3511494e-01
   5.9834203e-01
   6.1091402e-01
   3.2670953e-01
   5.1164363e-02
  -3.4291817e-01
  -5.7943138e-01
  -6.3515243e-01
  -5.0243266e-01
  -3.0952594e-01
  -5.1696276e-02
   3.0450200e-01
   6.1435756e-01
   9.0768778e-01
   1.1880954e+00
   1.3631567e+00
   1.4637080e+00
   1.5202489e+00
   1.5147571e+00
   1.4878778e+00
   1.4432237e+00
   1.4155709e+00
   1.4027713e+00
   1.4058781e+00
   1.4486375e+00
   1.5009000e+00
   1.5775287e+00
   1.6386446e+00
   1.6886623e+00
   1.7801073e+00
   1.8197490e+00
   1.5988335e+00
   1.0860460e+00
   1.0832326e+00
   1.2446867e+00
   1.3958636e+00
   1.3681400e+00
   1.3581614e+00
   1.3493600e+00
   1.3604446e+00
   1.3753007e+00
   1.4121914e+00
   1.4421062e+00
   1.4653598e+00
   1.4913762e+00
   1.5179091e+00
   1.5218397e+00
   1.4881911e+00
   1.4493639e+00
   1.4171972e+00
   1.3875119e+00
   1.3588342e+00
   1.3273995e+00
   1.2985000e+00
   1.2931764e+00
   1.2914576e+00
   1.3014546e+00
   1.3043153e+00
   1.3097217e+00
   1.2957092e+00
   1.2890018e+00
   1.2901841e+00
   1.3430118e+00
   1.3965305e+00
   1.4707461e+00
   1.5380725e+00
   1.6285587e+00
   1.6968598e+00
   1.7745438e+00
   1.7698115e+00
   1.7682513e+00
   1.4846388e+00
   1.2996949e+00
   1.0838979e+00
   9.3636079e-01
   7.5139226e-01
   4.0457791e-01
  -4.0365396e-02
  -3.0266033e-01
  -4.1115016e-01
  -3.7183880e-01
  -2.3167473e-01
  -1.4273731e-02
   3.0900919e-01
   6.0477175e-01
   8.8915178e-01
   1.1874734e+00
   1.3752456e+00
   1.5065169e+00
   1.5910376e+00
   1.6035521e+00
   1.5837426e+00
   1.5450833e+00
   1.5220127e+00
   1.5093158e+00
   1.5189548e+00
   1.5566269e+00
   1.6185155e+00
   1.6944433e+00
   1.7657501e+00
   1.8149843e+00
   1.9196953e+00
   1.9749086e+00
   1.8268792e+00
   1.3517476e+00
   1.2480693e+00
   1.3617392e+00
   1.3863045e+00
   1.3658899e+00
   1.3518042e+00
   1.3515094e+00
   1.3581498e+00
   1.3706149e+00
   1.3948327e+00
   1.4225071e+00
   1.4462976e+00
   1.4773085e+00
   1.5026728e+00
   1.5110796e+00
   1.4784826e+00
   1.4408413e+00
   1.4077389e+00
   1.3763849e+00
   1.3453838e+00
   1.3116995e+00
   1.2790188e+00
   1.2637361e+00
   1.2553136e+00
   1.2574001e+00
   1.2595150e+00
   1.2615099e+00
   1.2540583e+00
   1.2505386e+00
   1.2547535e+00
   1.3011230e+00
   1.3686469e+00
   1.4549929e+00
   1.5598410e+00
   1.6861667e+00
   1.8284779e+00
   2.0049540e+00
   2.1062356e+00
   2.1591993e+00
   2.0041319e+00
   1.8185293e+00
   1.6225672e+00
   1.3320005e+00
   1.0667399e+00
   7.0715473e-01
   2.5842799e-01
  -3.7383861e-02
  -2.0885982e-01
  -2.5500881e-01
  -1.7938239e-01
  -2.3503202e-02
   2.4478794e-01
   4.9972930e-01
   7.6439127e-01
   1.0521057e+00
   1.2476749e+00
   1.3966595e+00
   1.5152335e+00
   1.5508611e+00
   1.5467200e+00
   1.5180690e+00
   1.4965502e+00
   1.4878537e+00
   1.4944931e+00
   1.5240183e+00
   1.5814202e+00
   1.6575891e+00
   1.7344770e+00
   1.7922343e+00
   1.9030630e+00
   1.9461238e+00
   1.8205755e+00
   1.4561108e+00
   1.3153107e+00
   1.3714262e+00
   1.2207409e+00
   1.2113486e+00
   1.2098316e+00
   1.2118703e+00
   1.2224559e+00
   1.2335453e+00
   1.2503268e+00
   1.2695456e+00
   1.2987167e+00
   1.3330136e+00
   1.3547816e+00
   1.3640076e+00
   1.3423396e+00
   1.3074640e+00
   1.2763214e+00
   1.2454090e+00
   1.2145019e+00
   1.1778909e+00
   1.1434862e+00
   1.1204141e+00
   1.1074718e+00
   1.1069881e+00
   1.1093930e+00
   1.1087756e+00
   1.1060597e+00
   1.1102850e+00
   1.1230627e+00
   1.1657290e+00
   1.2329668e+00
   1.3237562e+00
   1.4507593e+00
   1.5974563e+00
   1.7678534e+00
   1.9708588e+00
   2.1189850e+00
   2.1960643e+00
   2.1337523e+00
   1.9829125e+00
   1.7774214e+00
   1.4687572e+00
   1.1644351e+00
   8.1183080e-01
   3.8984918e-01
   9.4453771e-02
  -1.1743668e-01
  -2.2770502e-01
  -2.1335215e-01
  -1.1872647e-01
   7.9126817e-02
   2.8975216e-01
   5.1766163e-01
   7.7638052e-01
   9.6273869e-01
   1.1194723e+00
   1.2619937e+00
   1.3297921e+00
   1.3505906e+00
   1.3436602e+00
   1.3292289e+00
   1.3294491e+00
   1.3352763e+00
   1.3573340e+00
   1.3965483e+00
   1.4657203e+00
   1.5417827e+00
   1.6168066e+00
   1.7222630e+00
   1.7330210e+00
   1.6074904e+00
   1.3378348e+00
   1.2102907e+00
   1.2226814e+00
   9.1164644e-01
   9.1743997e-01
   9.3411542e-01
   9.4230741e-01
   9.6211229e-01
   9.8224991e-01
   9.9353533e-01
   1.0083174e+00
   1.0377329e+00
   1.0729943e+00
   1.0881975e+00
   1.0984367e+00
   1.0907034e+00
   1.0624568e+00
   1.0307894e+00
   1.0023652e+00
   9.7135593e-01
   9.3443905e-01
   9.0002610e-01
   8.7623187e-01
   8.5941981e-01
   8.5732787e-01
   8.5990229e-01
   8.5804297e-01
   8.5722770e-01
   8.7002219e-01
   9.0112588e-01
   9.5149046e-01
   1.0115811e+00
   1.0967113e+00
   1.2321015e+00
   1.3829507e+00
   1.5528522e+00
   1.7575040e+00
   1.9013622e+00
   1.9782777e+00
   1.9515964e+00
   1.8396912e+00
   1.6604372e+00
   1.3631040e+00
   1.0663924e+00
   7.4848294e-01
   3.7411547e-01
   9.9155418e-02
  -1.2137431e-01
  -2.6989048e-01
  -3.0086061e-01
  -2.6754635e-01
  -1.4246601e-01
   1.8965984e-02
   2.0318764e-01
   4.1698682e-01
   5.7837577e-01
   7.2593986e-01
   8.7909277e-01
   9.6882475e-01
   1.0168285e+00
   1.0335208e+00
   1.0391263e+00
   1.0496346e+00
   1.0659989e+00
   1.0820686e+00
   1.1019181e+00
   1.1558316e+00
   1.2258547e+00
   1.3092704e+00
   1.3998515e+00
   1.3947711e+00
   1.2819764e+00
   1.0617151e+00
   9.3774933e-01
   9.1539871e-01
   6.0208913e-01
   6.0184112e-01
   6.1142671e-01
   6.2068097e-01
   6.4285842e-01
   6.6823824e-01
   6.7498645e-01
   6.8180036e-01
   7.0143113e-01
   7.2614995e-01
   7.3819968e-01
   7.4721660e-01
   7.5074023e-01
   7.3343195e-01
   7.0703469e-01
   6.8122694e-01
   6.5016549e-01
   6.1363565e-01
   5.8601059e-01
   5.6691686e-01
   5.4609016e-01
   5.3833375e-01
   5.4097856e-01
   5.3826021e-01
   5.3752633e-01
   5.6083121e-01
   6.0538309e-01
   6.6696074e-01
   7.2670993e-01
   8.0595666e-01
   9.3517186e-01
   1.0725859e+00
   1.2247831e+00
   1.4072366e+00
   1.5298109e+00
   1.5953195e+00
   1.5781058e+00
   1.4904937e+00
   1.3409758e+00
   1.0814955e+00
   8.2340742e-01
   5.5617741e-01
   2.4261861e-01
   1.9840924e-03
  -1.9867103e-01
  -3.5461655e-01
  -4.1727437e-01
  -4.2837988e-01
  -3.6450210e-01
  -2.5746512e-01
  -1.2714532e-01
   3.3607819e-02
   1.6343236e-01
   2.9110016e-01
   4.3439258e-01
   5.3281480e-01
   5.9853537e-01
   6.3972177e-01
   6.6694419e-01
   6.9260183e-01
   7.2101846e-01
   7.3482232e-01
   7.4634061e-01
   7.8777670e-01
   8.4825450e-01
   9.2210136e-01
   9.8395503e-01
   9.7611957e-01
   9.2183948e-01
   7.9346797e-01
   6.7772539e-01
   6.1972971e-01
   2.7748412e-01
   2.6659523e-01
   2.6124427e-01
   2.6895824e-01
   2.8680329e-01
   3.0380732e-01
   3.1049129e-01
   3.1442752e-01
   3.2342741e-01
   3.3261079e-01
   3.3684810e-01
   3.4069816e-01
   3.4395010e-01
   3.4041919e-01
   3.2976151e-01
   3.1229269e-01
   2.8893206e-01
   2.6237810e-01
   2.4435998e-01
   2.3428812e-01
   2.1557380e-01
   2.0459588e-01
   2.0937631e-01
   2.0814095e-01
   2.1196233e-01
   2.3935535e-01
   2.7777992e-01
   3.3403245e-01
   3.9783498e-01
   4.7582926e-01
   5.8721815e-01
   6.9877373e-01
   8.2132514e-01
   9.6289155e-01
   1.0548764e+00
   1.1023887e+00
   1.0856001e+00
   1.0174113e+00
   8.9890073e-01
   6.8885898e-01
   4.8782611e-01
   2.8267904e-01
   3.1127525e-02
  -1.6376379e-01
  -3.2382517e-01
  -4.6623784e-01
  -5.4381987e-01
  -5.7672779e-01
  -5.5241271e-01
  -4.9411274e-01
  -4.2015516e-01
  -3.1315487e-01
  -2.1210030e-01
  -1.1224989e-01
  -7.0840816e-04
   8.5934643e-02
   1.5750128e-01
   2.1840647e-01
   2.6213739e-01
   3.0284511e-01
   3.3544833e-01
   3.4743472e-01
   3.5923715e-01
   3.9312221e-01
   4.4343708e-01
   4.9408499e-01
   5.1703749e-01
   5.0709689e-01
   4.9353980e-01
   4.4176917e-01
   3.6343091e-01
   3.0373159e-01
  -8.2251755e-02
  -8.7128046e-02
  -8.5737517e-02
  -7.4343372e-02
  -6.1991915e-02
  -5.3533502e-02
  -4.3790541e-02
  -3.3254649e-02
  -2.3538446e-02
  -1.7319258e-02
  -2.0178548e-02
  -2.9091213e-02
  -3.7615924e-02
  -3.9318781e-02
  -4.0553790e-02
  -4.2956162e-02
  -4.7601922e-02
  -5.5249338e-02
  -6.4541498e-02
  -6.9084609e-02
  -7.5270548e-02
  -7.7862406e-02
  -7.1366176e-02
  -6.5232728e-02
  -5.7917265e-02
  -4.1305521e-02
  -1.6811683e-02
   2.2001554e-02
   7.1353096e-02
   1.3586613e-01
   2.2505738e-01
   3.0608203e-01
   3.8803755e-01
   4.7580277e-01
   5.2556380e-01
   5.4163533e-01
   5.2258280e-01
   4.8065008e-01
   4.0152023e-01
   2.5429157e-01
   1.1539667e-01
  -2.8511324e-02
  -2.0714559e-01
  -3.4129126e-01
  -4.5006916e-01
  -5.5575894e-01
  -6.1997177e-01
  -6.5043939e-01
  -6.4636026e-01
  -6.2679963e-01
  -5.9531227e-01
  -5.3125051e-01
  -4.6088983e-01
  -3.9227962e-01
  -3.1832815e-01
  -2.5727919e-01
  -2.0016856e-01
  -1.4225250e-01
  -9.8010842e-02
  -5.8458747e-02
  -2.8246679e-02
  -1.4324714e-02
  -2.6900262e-03
   2.0125379e-02
   5.4042896e-02
   8.0976751e-02
   7.6813978e-02
   5.9207275e-02
   4.8838759e-02
   2.4075970e-02
  -1.7803751e-02
  -5.8367850e-02
  -2.9740404e-01
  -2.9446600e-01
  -2.8618427e-01
  -2.7903454e-01
  -2.7426945e-01
  -2.6666001e-01
  -2.5365814e-01
  -2.4160040e-01
  -2.3012701e-01
  -2.2226209e-01
  -2.2605243e-01
  -2.3747850e-01
  -2.5206943e-01
  -2.6051901e-01
  -2.6663751e-01
  -2.7086637e-01
  -2.7025298e-01
  -2.6639852e-01
  -2.6296283e-01
  -2.6261394e-01
  -2.6044695e-01
  -2.5207089e-01
  -2.4499101e-01
  -2.4173116e-01
  -2.3959008e-01
  -2.3208157e-01
  -2.1842245e-01
  -1.9784622e-01
  -1.7128498e-01
  -1.3006660e-01
  -6.5335747e-02
  -8.8451307e-03
   4.1438109e-02
   8.6342723e-02
   1.0356315e-01
   1.0159179e-01
   8.3786926e-02
   6.2648530e-02
   2.8087763e-02
  -4.3668697e-02
  -1.2518588e-01
  -2.1456984e-01
  -3.1854004e-01
  -3.9875202e-01
  -4.7280019e-01
  -5.4481281e-01
  -5.8333459e-01
  -6.0059480e-01
  -6.0145854e-01
  -5.9269194e-01
  -5.7322838e-01
  -5.3361782e-01
  -4.9441423e-01
  -4.5850793e-01
  -4.1808256e-01
  -3.8003909e-01
  -3.3960760e-01
  -2.9544816e-01
  -2.6472698e-01
  -2.3841868e-01
  -2.1361180e-01
  -2.0106315e-01
  -1.9412259e-01
  -1.8181776e-01
  -1.6616826e-01
  -1.6109684e-01
  -1.8295139e-01
  -2.1117434e-01
  -2.2891480e-01
  -2.4028349e-01
  -2.5768676e-01
  -2.8113629e-01
  -3.7098463e-01
  -3.7204512e-01
  -3.7254284e-01
  -3.7021192e-01
  -3.6441306e-01
  -3.5441077e-01
  -3.3912717e-01
  -3.2761101e-01
  -3.2063788e-01
  -3.1911174e-01
  -3.2036211e-01
  -3.2091006e-01
  -3.2251695e-01
  -3.2762484e-01
  -3.3580358e-01
  -3.4457510e-01
  -3.4489311e-01
  -3.3922995e-01
  -3.2833295e-01
  -3.1894858e-01
  -3.1028148e-01
  -3.0014567e-01
  -2.9342503e-01
  -2.8918028e-01
  -2.8646361e-01
  -2.8270189e-01
  -2.7695050e-01
  -2.6720920e-01
  -2.5338972e-01
  -2.3161272e-01
  -1.9567781e-01
  -1.6372764e-01
  -1.3845856e-01
  -1.2419361e-01
  -1.2600340e-01
  -1.3524679e-01
  -1.4599735e-01
  -1.5092328e-01
  -1.5765699e-01
  -1.7694551e-01
  -2.0463388e-01
  -2.3815477e-01
  -2.8126243e-01
  -3.1991065e-01
  -3.5969319e-01
  -3.9977077e-01
  -4.1850321e-01
  -4.2296073e-01
  -4.1524119e-01
  -4.0251138e-01
  -3.8634111e-01
  -3.6496151e-01
  -3.4861085e-01
  -3.3496807e-01
  -3.1988133e-01
  -3.0535925e-01
  -2.8919096e-01
  -2.6717976e-01
  -2.4777704e-01
  -2.3184066e-01
  -2.2290286e-01
  -2.2421764e-01
  -2.2901593e-01
  -2.3485480e-01
  -2.4311498e-01
  -2.6328634e-01
  -3.0576241e-01
  -3.4336771e-01
  -3.6932456e-01
  -3.7882243e-01
  -3.7648320e-01
  -3.7291182e-01
  -3.0192919e-01
  -3.0244401e-01
  -3.0196838e-01
  -2.9926873e-01
  -2.9522710e-01
  -2.8997258e-01
  -2.8278539e-01
  -2.7726801e-01
  -2.7284868e-01
  -2.6868189e-01
  -2.6505028e-01
  -2.6055342e-01
  -2.5526676e-01
  -2.5160604e-01
  -2.4840762e-01
  -2.4553154e-01
  -2.4285873e-01
  -2.3880978e-01
  -2.3184808e-01
  -2.2459156e-01
  -2.1742997e-01
  -2.1037489e-01
  -2.0574983e-01
  -2.0177547e-01
  -1.9762983e-01
  -1.9370004e-01
  -1.8881225e-01
  -1.8153304e-01
  -1.7404245e-01
  -1.6557229e-01
  -1.5502329e-01
  -1.4679710e-01
  -1.3996670e-01
  -1.3444258e-01
  -1.3219272e-01
  -1.3176686e-01
  -1.3118471e-01
  -1.2900151e-01
  -1.2484421e-01
  -1.1785836e-01
  -1.1216245e-01
  -1.0778187e-01
  -1.0561414e-01
  -1.0648454e-01
  -1.0863601e-01
  -1.1110898e-01
  -1.1167738e-01
  -1.1016740e-01
  -1.0512603e-01
  -9.9294124e-02
  -9.2710192e-02
  -8.4747107e-02
  -7.8604216e-02
  -7.3031099e-02
  -6.7313468e-02
  -6.3293245e-02
  -6.0713773e-02
  -6.0966135e-02
  -6.4664629e-02
  -7.1151932e-02
  -8.1956192e-02
  -9.2997095e-02
  -1.0622070e-01
  -1.2715391e-01
  -1.4998091e-01
  -1.7744496e-01
  -2.1335836e-01
  -2.4198315e-01
  -2.6615376e-01
  -2.8612111e-01
  -2.9546453e-01
  -3.0006072e-01
