   0.0000000e+00
   0.0000000e+00
   0.0000000e+00
   0.0000000e+00
   0.0000000e+00
   0.0000000e+00
   0.0000000e+00
   0.0000000e+00
   0.0000000e+00
   0.0000000e+00
   0.0000000e+00
   0.0000000e+00
   0.0000000e+00
   0.0000000e+00
   0.0000000e+00
   0.0000000e+00
   0.0000000e+00
   0.0000000e+00
   0.0000000e+00
   0.0000000e+00
   0.0000000e+00
   0.0000000e+00
   0.0000000e+00
   0.0000000e+00
   0.0000000e+00
   0.0000000e+00
   0.0000000e+00
   0.0000000e+00
   0.0000000e+00
   0.0000000e+00
   0.0000000e+00
   0.0000000e+00
   0.0000000e+00
   0.0000000e+00
   0.0000000e+00
   0.0000000e+00
   0.0000000e+00
   0.0000000e+00
  -0.0000000e+00
   0.0000000e+00
   0.0000000e+00
   0.0000000e+00
   0.0000000e+00
   0.0000000e+00
  -0.0000000e+00
  -0.0000000e+00
   0.0000000e+00
   0.0000000e+00
   0.0000000e+00
   0.0000000e+00
   0.0000000e+00
   0.0000000e+00
   0.0000000e+00
   0.0000000e+00
   0.0000000e+00
   0.0000000e+00
   0.0000000e+00
   0.0000000e+00
   0.0000000e+00
   0.0000000e+00
   0.0000000e+00
   0.0000000e+00
   0.0000000e+00
   0.0000000e+00
   0.0000000e+00
   0.0000000e+00
   0.0000000e+00
   0.0000000e+00
   0.0000000e+00
   0.0000000e+00
   0.0000000e+00
   0.0000000e+00
   0.0000000e+00
   0.0000000e+00
   0.0000000e+00
   0.0000000e+00
   0.0000000e+00
   0.0000000e+00
   0.0000000e+00
   0.0000000e+00
   0.0000000e+00
   0.0000000e+00
   0.0000000e+00
   0.0000000e+00
   0.0000000e+00
   1.9014478e-02
   2.1753641e-02
   2.3787569e-02
   2.5194047e-02
   1.9724525e-02
   1.5950208e-02
   1.2526702e-02
   1.1343460e-02
   5.1011544e-03
  -5.5663007e-03
   1.3794997e-02
   9.1702695e-03
   2.9385011e-03
  -3.4121813e-03
  -1.1319930e-02
  -5.8779371e-03
  -6.2825873e-03
  -1.7843490e-02
  -2.3465961e-02
  -1.9958976e-02
  -2.0354699e-02
  -2.8856520e-02
   0.0000000e+00
   0.0000000e+00
   0.0000000e+00
   0.0000000e+00
   1.1290230e-02
   4.4846558e-03
  -1.3207102e-03
   3.5824068e-03
   9.0103820e-03
   8.1937015e-03
   4.8007786e-03
  -9.1224498e-04
  -1.1756655e-02
  -1.0908281e-02
   0.0000000e+00
   0.0000000e+00
   0.0000000e+00
   0.0000000e+00
   0.0000000e+00
   0.0000000e+00
   0.0000000e+00
   0.0000000e+00
   0.0000000e+00
   0.0000000e+00
   0.0000000e+00
   0.0000000e+00
   0.0000000e+00
   0.0000000e+00
   0.0000000e+00
   0.0000000e+00
   0.0000000e+00
   0.0000000e+00
   0.0000000e+00
   0.0000000e+00
   0.0000000e+00
   0.0000000e+00
   0.0000000e+00
   0.0000000e+00
   0.0000000e+00
   0.0000000e+00
   0.0000000e+00
   0.0000000e+00
   0.0000000e+00
   0.0000000e+00
   0.0000000e+00
   0.0000000e+00
   0.0000000e+00
  -0.0000000e+00
  -9.3556551e-04
   6.1103030e-03
   1.3929873e-02
   2.8044702e-02
   3.5258281e-02
   3.9000396e-02
   4.2708237e-02
   4.5449635e-02
   4.6656691e-02
   4.6958789e-02
   4.6714196e-02
   4.4380300e-02
   3.9069094e-02
   3.5288777e-02
   3.2790028e-02
   3.0052669e-02
   2.8051645e-02
   2.7488109e-02
   2.7545791e-02
   2.5062552e-02
   1.9395702e-02
   1.4214484e-02
   1.4651335e-02
   1.1477686e-02
  -9.0885628e-04
  -1.5384958e-02
  -1.9220983e-02
   0.0000000e+00
   4.4227951e-03
   5.6471682e-04
   3.0703170e-03
   1.3112910e-02
   1.7753491e-02
   1.5331537e-02
   1.6846996e-02
   1.8307736e-02
   1.0826816e-02
   5.0035389e-03
   3.1279025e-03
  -5.5005806e-03
  -2.0219900e-02
  -3.5396562e-02
  -4.7546450e-02
  -5.5931936e-02
  -6.6388865e-02
  -6.9559649e-02
  -2.3100225e-02
  -2.2194392e-02
  -2.6563977e-02
   0.0000000e+00
   0.0000000e+00
   0.0000000e+00
   0.0000000e+00
   0.0000000e+00
   0.0000000e+00
   0.0000000e+00
   0.0000000e+00
   0.0000000e+00
   0.0000000e+00
   0.0000000e+00
   0.0000000e+00
   0.0000000e+00
   0.0000000e+00
   0.0000000e+00
   0.0000000e+00
   0.0000000e+00
   0.0000000e+00
   0.0000000e+00
   3.4683053e-03
   1.6072066e-02
   3.0326230e-02
   2.3429621e-02
   2.8613042e-02
   4.0626112e-02
   5.1205665e-02
   5.8254287e-02
   6.1513182e-02
   6.3888617e-02
   6.7819543e-02
   7.0453107e-02
   7.1372688e-02
   7.4608430e-02
   7.5804748e-02
   7.1517602e-02
   6.7864321e-02
   6.7808047e-02
   6.5031037e-02
   6.2618345e-02
   6.3502386e-02
   6.2023014e-02
   5.9004985e-02
   5.8354687e-02
   5.6266032e-02
   5.1245343e-02
   4.6941638e-02
   4.3325815e-02
   3.6748860e-02
   2.2743676e-02
   1.6975631e-02
   0.0000000e+00
   0.0000000e+00
   3.3179303e-02
   3.3098403e-02
   3.5002351e-02
   3.6512684e-02
   3.3967011e-02
   3.3684533e-02
   3.3596125e-02
   3.0646954e-02
   2.9173672e-02
   2.8205998e-02
   2.6163027e-02
   2.4509080e-02
   2.1607345e-02
   1.6988249e-02
   1.4443066e-02
   1.1987962e-02
   8.7967589e-03
   7.8781312e-03
   6.7333104e-03
   7.1990833e-04
  -3.6572872e-03
  -2.5254217e-02
  -5.1524717e-02
  -6.4316149e-02
  -5.3670331e-02
  -1.8327820e-02
  -9.8730503e-03
  -2.7326124e-02
   0.0000000e+00
   0.0000000e+00
   0.0000000e+00
   0.0000000e+00
   1.6604609e-02
   2.5679687e-02
   3.9326507e-02
   5.2298720e-02
   6.2554054e-02
   6.5107595e-02
   6.5654528e-02
   6.7566410e-02
   7.4235119e-02
   7.5087285e-02
   7.3773094e-02
   7.6590978e-02
   8.1215208e-02
   8.3677828e-02
   8.3833419e-02
   8.4015300e-02
   8.4988125e-02
   8.6651981e-02
   8.8377279e-02
   9.0801954e-02
   9.4797000e-02
   9.5915351e-02
   9.3170889e-02
   8.9074552e-02
   8.7673415e-02
   8.6980067e-02
   8.7474182e-02
   8.7745984e-02
   8.6934999e-02
   8.7265499e-02
   8.7180038e-02
   8.5629635e-02
   8.3940439e-02
   8.0808757e-02
   7.6046981e-02
   7.2146922e-02
   7.1768760e-02
   7.2474472e-02
   7.8275064e-02
   7.6711365e-02
   6.9563649e-02
   6.1677061e-02
   5.4549963e-02
   5.0456472e-02
   4.9520839e-02
   4.9111077e-02
   4.8729118e-02
   4.9295809e-02
   5.0542423e-02
   5.2038513e-02
   5.4352194e-02
   5.6805146e-02
   5.9505627e-02
   6.2485147e-02
   6.4669199e-02
   6.6791087e-02
   6.8942048e-02
   7.0144183e-02
   7.0472114e-02
   6.7837514e-02
   6.2981613e-02
   5.6605071e-02
   4.6731744e-02
   3.9770286e-02
   3.8302179e-02
   4.3045986e-02
   4.6097079e-02
   4.3020837e-02
   3.3930056e-02
   1.9028481e-02
   9.9813849e-03
   9.9407196e-03
   8.2708679e-02
   8.4088169e-02
   8.5873850e-02
   9.3789749e-02
   1.0669013e-01
   1.1119734e-01
   1.0940074e-01
   1.0745670e-01
   1.0505005e-01
   1.0110709e-01
   9.5313825e-02
   9.1717921e-02
   9.4493598e-02
   9.6338548e-02
   9.5775470e-02
   9.3562812e-02
   9.1397911e-02
   9.2072643e-02
   9.3374543e-02
   9.5496818e-02
   9.9735186e-02
   1.0129120e-01
   9.9414527e-02
   9.5660850e-02
   9.4924986e-02
   9.6158750e-02
   9.8499119e-02
   1.0080834e-01
   1.0245898e-01
   1.0408527e-01
   1.0515029e-01
   1.0480066e-01
   1.0310169e-01
   1.0007395e-01
   9.6264035e-02
   9.1973908e-02
   9.0591326e-02
   1.0218116e-01
   1.0617489e-01
   9.3891553e-02
   8.3375338e-02
   6.8194237e-02
   5.7502914e-02
   5.4466728e-02
   5.7073988e-02
   5.9449773e-02
   6.2381633e-02
   6.5166682e-02
   6.8705879e-02
   7.2953574e-02
   7.7941611e-02
   8.2714230e-02
   8.7286584e-02
   9.3414158e-02
   9.7784072e-02
   1.0164964e-01
   1.0664171e-01
   1.0997149e-01
   1.1275834e-01
   1.1403380e-01
   1.1366297e-01
   1.1257280e-01
   1.1010680e-01
   1.0767837e-01
   1.0290997e-01
   9.5514268e-02
   9.3764089e-02
   9.7439319e-02
   9.6801266e-02
   8.8814847e-02
   8.2637854e-02
   8.1394531e-02
   1.1750191e-01
   1.1709173e-01
   1.1282428e-01
   1.1215361e-01
   1.2057240e-01
   1.2179171e-01
   1.2113407e-01
   1.1361235e-01
   0.0000000e+00
   0.0000000e+00
   9.5308490e-02
   8.8683486e-02
   9.1606781e-02
   9.3131587e-02
   9.3752243e-02
   9.0861276e-02
   8.6932950e-02
   8.6673968e-02
   8.7763347e-02
   9.0174071e-02
   9.2931323e-02
   9.5814474e-02
   9.4938867e-02
   9.3264371e-02
   9.4105378e-02
   9.6124947e-02
   1.0093350e-01
   1.0360181e-01
   1.0784343e-01
   1.1003657e-01
   1.1202869e-01
   1.1206234e-01
   1.1000081e-01
   1.0900944e-01
   1.0150379e-01
   9.9078149e-02
   8.6001962e-02
   7.6514065e-02
   0.0000000e+00
   0.0000000e+00
   0.0000000e+00
   0.0000000e+00
   5.4332022e-02
   5.6476202e-02
   6.3087240e-02
   6.8563208e-02
   7.3509037e-02
   7.9754621e-02
   8.4769130e-02
   9.0000279e-02
   9.6736923e-02
   1.0223161e-01
   1.0771454e-01
   1.1400075e-01
   1.1903298e-01
   1.2317010e-01
   1.2806627e-01
   1.3175328e-01
   1.3434330e-01
   1.3652626e-01
   1.3766432e-01
   1.3873571e-01
   1.4003932e-01
   1.4060692e-01
   1.3673972e-01
   1.2731296e-01
   1.2499740e-01
   1.3159558e-01
   1.3431491e-01
   1.2694353e-01
   1.2003233e-01
   1.1815283e-01
   1.3538478e-01
   1.3155858e-01
   1.2118097e-01
   1.1291490e-01
   1.1185633e-01
   1.1016086e-01
   1.0952675e-01
   1.1042618e-01
   0.0000000e+00
   8.3351240e-02
   8.0571704e-02
   7.6465026e-02
   7.8964815e-02
   8.2602933e-02
   8.3321988e-02
   8.7168819e-02
   7.8467967e-02
   7.7435523e-02
   7.8547023e-02
   7.9838790e-02
   8.1897810e-02
   8.4497720e-02
   8.5227817e-02
   8.5193068e-02
   8.7603718e-02
   8.9968145e-02
   9.5239341e-02
   9.8574713e-02
   1.0273538e-01
   1.0748875e-01
   1.0903107e-01
   1.1218108e-01
   1.0882705e-01
   1.1024049e-01
   1.0053349e-01
   9.7327955e-02
   7.7196099e-02
   6.1186824e-02
   0.0000000e+00
   0.0000000e+00
   2.9972120e-02
   4.0835481e-02
   4.7352079e-02
   5.6331135e-02
   6.5452233e-02
   7.4789681e-02
   8.0797210e-02
   9.0908766e-02
   9.6514672e-02
   1.0321482e-01
   1.0944024e-01
   1.1503556e-01
   1.1950308e-01
   1.2431460e-01
   1.2745094e-01
   1.3028154e-01
   1.3319424e-01
   1.3524711e-01
   1.3656431e-01
   1.3753051e-01
   1.4023475e-01
   1.4252093e-01
   1.4936370e-01
   1.5255620e-01
   1.5042332e-01
   1.4055257e-01
   1.4195928e-01
   1.5223426e-01
   1.5444295e-01
   1.4709456e-01
   1.3939148e-01
   1.3706949e-01
   1.3844694e-01
   1.3416048e-01
   1.1366166e-01
   9.9458757e-02
   9.2111208e-02
   1.0259483e-01
   9.5979892e-02
   0.0000000e+00
   0.0000000e+00
   0.0000000e+00
   6.1793014e-02
   6.1514080e-02
   6.2963307e-02
   7.0434310e-02
   6.8364084e-02
   0.0000000e+00
   7.3092059e-02
   6.6687696e-02
   6.9469771e-02
   6.9756493e-02
   7.0986666e-02
   7.3624453e-02
   7.4588463e-02
   7.6488085e-02
   7.7617412e-02
   8.0513246e-02
   8.3406985e-02
   8.8203278e-02
   9.0875678e-02
   9.7363502e-02
   9.9235419e-02
   1.0423411e-01
   1.0304884e-01
   1.0432007e-01
   9.6653529e-02
   8.9547478e-02
   6.8024575e-02
   4.9997123e-02
   0.0000000e+00
   0.0000000e+00
   2.7859728e-02
   3.4884777e-02
   4.2462284e-02
   5.4040555e-02
   6.5597340e-02
   7.6345047e-02
   8.4595464e-02
   9.5679060e-02
   1.0224822e-01
   1.0939777e-01
   1.1503078e-01
   1.2005673e-01
   1.2214573e-01
   1.2431695e-01
   1.2386186e-01
   1.2421059e-01
   1.2369694e-01
   1.2380907e-01
   1.2296391e-01
   1.2277996e-01
   1.2597507e-01
   1.3184986e-01
   1.4351191e-01
   1.5082286e-01
   1.4836547e-01
   1.4127086e-01
   1.4728139e-01
   1.6019128e-01
   1.6034472e-01
   1.5429605e-01
   1.4591441e-01
   1.4217037e-01
   1.2541135e-01
   0.0000000e+00
   0.0000000e+00
   7.9148622e-02
   7.7456374e-02
   0.0000000e+00
   0.0000000e+00
   0.0000000e+00
   0.0000000e+00
   0.0000000e+00
   4.8404046e-02
   4.6338949e-02
   4.7843581e-02
   5.5317737e-02
   5.6218160e-02
   5.0255779e-02
   0.0000000e+00
   6.0620496e-02
   6.1814819e-02
   6.2759683e-02
   6.3293055e-02
   6.5259479e-02
   6.5778352e-02
   6.7003369e-02
   6.7029386e-02
   6.8078384e-02
   7.0572741e-02
   7.4020727e-02
   7.7541560e-02
   8.2592472e-02
   8.7019582e-02
   9.0962015e-02
   9.3839347e-02
   9.3614649e-02
   8.9844495e-02
   7.9015009e-02
   5.9418869e-02
   4.2119606e-02
   0.0000000e+00
   0.0000000e+00
   1.8751184e-02
   2.5026128e-02
   3.7172946e-02
   4.9179301e-02
   6.2408246e-02
   7.2947091e-02
   8.3475620e-02
   9.4094343e-02
   1.0218762e-01
   1.0841107e-01
   1.1412555e-01
   1.1663852e-01
   1.1656702e-01
   1.1375021e-01
   1.1014368e-01
   1.0705407e-01
   1.0370743e-01
   1.0302460e-01
   1.0131697e-01
   9.9998541e-02
   1.0366079e-01
   1.1324088e-01
   1.2883651e-01
   1.3906090e-01
   1.3797362e-01
   1.3631523e-01
   1.4484541e-01
   1.5640111e-01
   1.5485461e-01
   1.5066915e-01
   1.4078176e-01
   1.3430275e-01
   1.0307119e-01
   0.0000000e+00
   0.0000000e+00
   0.0000000e+00
   0.0000000e+00
   0.0000000e+00
   0.0000000e+00
   0.0000000e+00
   0.0000000e+00
   0.0000000e+00
   3.7944714e-02
   3.3932079e-02
   3.4523990e-02
   4.0972780e-02
   4.5839306e-02
   4.4063248e-02
   3.9658989e-02
   0.0000000e+00
   5.5306755e-02
   5.6133095e-02
   5.6590959e-02
   5.6798875e-02
   5.6911603e-02
   5.6210764e-02
   5.5878546e-02
   5.5424966e-02
   5.7562672e-02
   5.9630740e-02
   6.3463196e-02
   6.7963064e-02
   7.3450096e-02
   7.6905005e-02
   8.1343792e-02
   8.1086390e-02
   7.9463430e-02
   6.8674386e-02
   5.1461540e-02
   3.7927408e-02
   0.0000000e+00
   0.0000000e+00
   1.1409067e-02
   1.7762516e-02
   3.1089829e-02
   4.3199457e-02
   5.5221450e-02
   6.5463029e-02
   7.7159300e-02
   8.8967562e-02
   9.7252958e-02
   1.0290191e-01
   1.0726960e-01
   1.0720951e-01
   1.0368465e-01
   9.5522560e-02
   8.8497549e-02
   8.2024306e-02
   7.7922150e-02
   7.9073325e-02
   7.9046726e-02
   7.6412149e-02
   8.1715815e-02
   9.2835873e-02
   1.1076000e-01
   1.2160850e-01
   1.2439323e-01
   1.2764241e-01
   1.3637565e-01
   1.4365301e-01
   1.4125328e-01
   1.3717219e-01
   1.2593225e-01
   1.1568059e-01
   7.9025395e-02
   0.0000000e+00
   0.0000000e+00
   0.0000000e+00
   0.0000000e+00
   0.0000000e+00
   0.0000000e+00
   0.0000000e+00
   0.0000000e+00
   0.0000000e+00
   3.0398997e-02
   2.4762835e-02
   2.4079312e-02
   2.9767409e-02
   3.4873348e-02
   3.6989488e-02
   3.4409894e-02
   4.1568107e-02
   4.8033193e-02
   4.8461426e-02
   4.8398010e-02
   4.7720373e-02
   4.6938453e-02
   4.5531131e-02
   4.4689998e-02
   4.4366810e-02
   4.4989064e-02
   4.6873078e-02
   4.9639076e-02
   5.4661039e-02
   5.9359901e-02
   6.3235641e-02
   6.7346975e-02
   6.7874864e-02
   6.6846058e-02
   5.8597546e-02
   4.3713767e-02
   3.3574332e-02
   0.0000000e+00
   0.0000000e+00
   1.0274776e-02
   1.5367539e-02
   2.4548654e-02
   3.7280269e-02
   4.6552688e-02
   5.5966478e-02
   6.7797266e-02
   8.0807500e-02
   8.8388443e-02
   9.3404591e-02
   9.5593736e-02
   9.3159698e-02
   8.5146703e-02
   7.1720228e-02
   6.2625743e-02
   5.5328790e-02
   5.1108129e-02
   5.6240890e-02
   5.8480959e-02
   5.6977134e-02
   6.3836813e-02
   7.5367160e-02
   9.2388168e-02
   1.0292975e-01
   1.0880840e-01
   1.1489043e-01
   1.2210354e-01
   1.2517159e-01
   1.2216146e-01
   1.1675196e-01
   1.0524312e-01
   9.2021845e-02
   5.6444582e-02
   0.0000000e+00
   0.0000000e+00
   0.0000000e+00
   0.0000000e+00
   0.0000000e+00
   0.0000000e+00
   0.0000000e+00
   0.0000000e+00
   0.0000000e+00
   2.3056438e-02
   1.7793041e-02
   1.7236995e-02
   2.0862291e-02
   2.6043070e-02
   2.8326638e-02
   3.0190131e-02
   3.5449479e-02
   3.9567880e-02
   4.0367167e-02
   4.0085394e-02
   3.8865216e-02
   3.7645306e-02
   3.5867825e-02
   3.4935616e-02
   3.4542147e-02
   3.4122381e-02
   3.5514701e-02
   3.7439130e-02
   4.1765839e-02
   4.5982275e-02
   4.9451683e-02
   5.3558674e-02
   5.3968612e-02
   5.3883385e-02
   4.7584828e-02
   3.6145244e-02
   2.7134625e-02
   0.0000000e+00
   0.0000000e+00
   0.0000000e+00
   0.0000000e+00
   1.7892568e-02
   3.1498406e-02
   3.9099708e-02
   4.6910182e-02
   5.7910439e-02
   6.9716029e-02
   7.6697662e-02
   8.0168821e-02
   8.0314890e-02
   7.5145811e-02
   6.2898479e-02
   4.5020344e-02
   4.0754211e-02
   3.5328917e-02
   2.9786827e-02
   3.5401389e-02
   3.9876934e-02
   4.1841786e-02
   4.9492516e-02
   6.0647096e-02
   7.4452624e-02
   8.4126130e-02
   9.0964019e-02
   9.7670414e-02
   1.0259175e-01
   1.0271929e-01
   9.9373281e-02
   9.2543557e-02
   8.1928052e-02
   6.7753650e-02
   3.4867732e-02
   0.0000000e+00
   0.0000000e+00
   0.0000000e+00
   0.0000000e+00
   0.0000000e+00
   0.0000000e+00
   0.0000000e+00
   0.0000000e+00
   0.0000000e+00
   1.3868836e-02
   1.3045038e-02
   1.1552656e-02
   1.3821305e-02
   1.7011444e-02
   1.8978165e-02
   2.1326879e-02
   2.5879259e-02
   2.9758498e-02
   3.1496113e-02
   3.0757157e-02
   2.9648441e-02
   2.8166939e-02
   2.6913696e-02
   2.5655288e-02
   2.4543020e-02
   2.3736099e-02
   2.3978226e-02
   2.5160999e-02
   2.8009657e-02
   3.1894196e-02
   3.5554594e-02
   3.7830925e-02
   3.8897197e-02
   3.8965462e-02
   3.4621669e-02
   2.6434008e-02
   2.0275249e-02
   0.0000000e+00
   0.0000000e+00
   0.0000000e+00
   0.0000000e+00
   1.6569817e-02
   2.5323496e-02
   3.4390153e-02
   4.0569087e-02
   4.9563391e-02
   5.8026587e-02
   6.2116859e-02
   6.3076714e-02
   5.9321354e-02
   5.1865239e-02
   3.5885388e-02
   1.2296830e-02
   0.0000000e+00
   0.0000000e+00
   7.8842334e-03
   1.3556380e-02
   2.0994864e-02
   2.5303324e-02
   3.2827442e-02
   4.1767872e-02
   5.2164231e-02
   6.0061838e-02
   6.6563657e-02
   7.2514494e-02
   7.5162591e-02
   7.4736842e-02
   7.0766586e-02
   6.4298433e-02
   5.5408477e-02
   4.2865055e-02
   1.7743684e-02
   0.0000000e+00
   0.0000000e+00
   0.0000000e+00
   0.0000000e+00
   0.0000000e+00
   0.0000000e+00
   0.0000000e+00
   0.0000000e+00
   0.0000000e+00
   5.7631806e-03
   3.3175205e-03
   4.2077797e-03
   6.1627491e-03
   5.0343866e-03
   6.8535563e-03
   1.0222742e-02
   1.5215717e-02
   1.8452549e-02
   1.9903217e-02
   1.9712230e-02
   1.8751983e-02
   1.7466871e-02
   1.5938206e-02
   1.4154105e-02
   1.2643906e-02
   1.2269598e-02
   1.2359357e-02
   1.2820330e-02
   1.4724817e-02
   1.7054331e-02
   1.9368013e-02
   2.1578273e-02
   2.2270856e-02
   2.2133179e-02
   1.9717496e-02
   1.8983409e-02
   2.1318305e-02
   0.0000000e+00
   0.0000000e+00
   0.0000000e+00
   0.0000000e+00
   0.0000000e+00
   1.0261500e-02
   2.2060722e-02
   2.9685952e-02
   3.7620142e-02
   4.3811269e-02
   4.4176966e-02
   4.1861147e-02
   3.5625763e-02
   2.4013309e-02
   5.7792948e-03
  -1.0774409e-02
   0.0000000e+00
   0.0000000e+00
   0.0000000e+00
   1.9811850e-03
   1.4667809e-03
   6.2427693e-03
   1.2422420e-02
   1.9315757e-02
   2.7711721e-02
   3.3992283e-02
   3.9188933e-02
   4.3195199e-02
   4.4265069e-02
   4.3131802e-02
   3.8798444e-02
   3.3398814e-02
   2.6958646e-02
   2.0668907e-02
   8.6300019e-03
   0.0000000e+00
   0.0000000e+00
   0.0000000e+00
   0.0000000e+00
   0.0000000e+00
   0.0000000e+00
   0.0000000e+00
   0.0000000e+00
  -0.0000000e+00
  -2.7481737e-03
  -1.3680420e-03
   3.5290769e-03
  -3.1152310e-03
  -4.5074434e-03
  -2.6435659e-03
   6.9947646e-04
   5.2500130e-03
   7.9951314e-03
   9.3992865e-03
   9.8011401e-03
   9.2277089e-03
   7.9776440e-03
   6.1979517e-03
   4.6876809e-03
   3.9225756e-03
   4.0707695e-03
   4.2531504e-03
   4.4772029e-03
   5.1650573e-03
   6.2709306e-03
   7.4680359e-03
   8.9396769e-03
   9.5190229e-03
   9.2714010e-03
   7.8463266e-03
   1.0233995e-02
   1.2228502e-02
   0.0000000e+00
   0.0000000e+00
   0.0000000e+00
   0.0000000e+00
  -0.0000000e+00
  -1.3299128e-03
   8.6042052e-03
   1.9082194e-02
   2.6181441e-02
   2.9876398e-02
   2.8517019e-02
   2.4808865e-02
   1.6535467e-02
   4.4568228e-03
  -7.4939607e-03
  -1.0106886e-02
   0.0000000e+00
   0.0000000e+00
   0.0000000e+00
  -0.0000000e+00
  -9.7689480e-03
  -8.2406355e-03
  -3.1393245e-03
   3.0510905e-03
   1.0034793e-02
   1.4658073e-02
   1.8001478e-02
   2.0238046e-02
   2.0247599e-02
   1.8649317e-02
   1.4694789e-02
   1.0386259e-02
   6.3217538e-03
   6.4453594e-03
   7.0394839e-04
  -1.3082656e-03
   0.0000000e+00
   0.0000000e+00
   0.0000000e+00
   0.0000000e+00
   0.0000000e+00
   0.0000000e+00
  -0.0000000e+00
  -1.1049178e-02
  -8.1467461e-03
  -4.1016325e-03
   0.0000000e+00
  -1.2875115e-02
  -1.2998626e-02
  -1.1191103e-02
  -8.2183219e-03
  -4.4997404e-03
  -2.1307103e-03
  -5.6433794e-04
   4.4493651e-04
   3.1490787e-04
  -6.0060457e-04
  -2.0933063e-03
  -3.0198076e-03
  -3.0333214e-03
  -2.5633802e-03
  -2.4379408e-03
  -2.5868274e-03
  -2.9852050e-03
  -2.9691136e-03
  -2.7762798e-03
  -2.1952046e-03
  -1.9472169e-03
  -2.3717883e-03
  -3.0025467e-03
   4.3723802e-04
   1.9868868e-03
   0.0000000e+00
   0.0000000e+00
   0.0000000e+00
   0.0000000e+00
   0.0000000e+00
  -1.5211068e-02
  -5.5455579e-03
   9.2064124e-03
   1.5609856e-02
   1.6755905e-02
   1.4070648e-02
   9.3307551e-03
  -3.7157477e-04
  -1.2441489e-02
  -2.0148572e-02
  -8.5912251e-03
   0.0000000e+00
   0.0000000e+00
   0.0000000e+00
  -0.0000000e+00
  -1.9163499e-02
  -2.0779226e-02
  -1.6961057e-02
  -1.0922939e-02
  -5.4565375e-03
  -2.5884314e-03
  -1.0892074e-03
  -4.9068697e-04
  -1.3113185e-03
  -3.1797201e-03
  -6.5212296e-03
  -9.4992844e-03
  -1.1050243e-02
  -5.5900821e-03
  -2.9852853e-03
  -1.3082656e-03
   0.0000000e+00
   0.0000000e+00
   0.0000000e+00
   0.0000000e+00
   0.0000000e+00
   0.0000000e+00
  -1.6583500e-02
  -1.5793113e-02
  -1.2453979e-02
   0.0000000e+00
   0.0000000e+00
  -1.9725582e-02
  -2.0522453e-02
  -1.8883541e-02
  -1.6495629e-02
  -1.3870590e-02
  -1.1773822e-02
  -9.8756813e-03
  -8.2646512e-03
  -7.9318521e-03
  -8.2234800e-03
  -8.9317853e-03
  -9.0737178e-03
  -8.4578416e-03
  -7.8719129e-03
  -7.9664044e-03
  -8.6536177e-03
  -9.9622350e-03
  -1.0914507e-02
  -1.1617244e-02
  -1.1983238e-02
  -1.2288849e-02
  -1.2958306e-02
  -1.2909505e-02
  -9.9781091e-03
  -8.1883576e-03
   0.0000000e+00
   0.0000000e+00
   0.0000000e+00
   0.0000000e+00
   0.0000000e+00
  -2.7708031e-02
  -1.9888561e-02
   2.3519576e-04
   6.0696218e-03
   4.7019434e-03
   9.0807335e-04
  -4.6788359e-03
  -1.5243137e-02
  -2.7211068e-02
  -3.3520360e-02
   0.0000000e+00
   0.0000000e+00
   0.0000000e+00
   0.0000000e+00
  -0.0000000e+00
  -2.7385274e-02
  -3.1612876e-02
  -2.9264429e-02
  -2.2984999e-02
  -1.9153553e-02
  -1.8085350e-02
  -1.8323351e-02
  -1.9214896e-02
  -2.0677942e-02
  -2.2649392e-02
  -2.5243651e-02
  -2.6700954e-02
  -2.5663836e-02
  -1.6029578e-02
  -1.8784799e-02
  -1.1823021e-02
   0.0000000e+00
   0.0000000e+00
   0.0000000e+00
   0.0000000e+00
   0.0000000e+00
   0.0000000e+00
  -3.4717780e-02
  -2.8972670e-02
  -2.1233529e-02
   0.0000000e+00
  -3.1513616e-02
  -3.0328294e-02
  -2.9820804e-02
  -2.8166497e-02
  -2.6628867e-02
  -2.4898574e-02
  -2.3177750e-02
  -2.1170033e-02
  -1.9111548e-02
  -1.7851908e-02
  -1.6746433e-02
  -1.5550241e-02
  -1.4719645e-02
  -1.3852087e-02
  -1.3602509e-02
  -1.4276439e-02
  -1.5896678e-02
  -1.8622562e-02
  -2.1047747e-02
  -2.3248523e-02
  -2.5421187e-02
  -2.7039193e-02
  -2.8363198e-02
  -2.8039519e-02
  -2.4739236e-02
  -1.5831213e-02
   0.0000000e+00
   0.0000000e+00
   0.0000000e+00
   0.0000000e+00
   0.0000000e+00
   0.0000000e+00
  -3.7123755e-02
  -1.0680714e-02
  -5.6752176e-03
  -1.0361594e-02
  -1.5886942e-02
  -2.2712577e-02
  -3.3719122e-02
  -4.4259351e-02
  -4.3718673e-02
   0.0000000e+00
   0.0000000e+00
   0.0000000e+00
   0.0000000e+00
  -0.0000000e+00
  -3.4063846e-02
  -4.2322177e-02
  -4.3409761e-02
  -3.4730144e-02
  -3.5756648e-02
  -3.7584767e-02
  -4.0058751e-02
  -4.2871632e-02
  -4.5059729e-02
  -4.7026321e-02
  -4.8470117e-02
  -4.7773603e-02
  -4.3650836e-02
  -3.1523474e-02
  -2.7724736e-02
  -1.8952496e-02
  -1.4992374e-02
   0.0000000e+00
   0.0000000e+00
   0.0000000e+00
   0.0000000e+00
   0.0000000e+00
  -3.8465388e-02
  -3.2164644e-02
  -2.6904652e-02
  -3.2802890e-02
  -3.6017229e-02
  -3.4665160e-02
  -3.3623345e-02
  -3.2202873e-02
  -3.0888434e-02
  -2.9254148e-02
  -2.7532232e-02
  -2.5675021e-02
  -2.3444889e-02
  -2.1558215e-02
  -1.9516701e-02
  -1.7263245e-02
  -1.6084772e-02
  -1.5462687e-02
  -1.5979392e-02
  -1.7495291e-02
  -1.9924643e-02
  -2.3790829e-02
  -2.7133640e-02
  -3.0169040e-02
  -3.3380017e-02
  -3.5747881e-02
  -3.7477020e-02
  -3.7071697e-02
  -3.1451832e-02
  -1.6163442e-02
   0.0000000e+00
   0.0000000e+00
   0.0000000e+00
   0.0000000e+00
   0.0000000e+00
   0.0000000e+00
  -3.2775841e-02
  -1.5595199e-02
  -1.2497896e-02
  -1.8409904e-02
  -2.4638516e-02
  -3.1803019e-02
  -4.1378278e-02
  -4.6020748e-02
  -3.6783457e-02
   0.0000000e+00
   0.0000000e+00
   0.0000000e+00
   0.0000000e+00
  -0.0000000e+00
  -3.6076736e-02
  -3.8823728e-02
  -4.3409759e-02
  -3.4926934e-02
  -4.2851441e-02
  -4.6560319e-02
  -4.9908072e-02
  -5.3586818e-02
  -5.6416617e-02
  -5.8729999e-02
  -6.0100645e-02
  -5.8755026e-02
  -5.3566724e-02
  -4.0684249e-02
  -3.5526961e-02
  -2.5438568e-02
  -1.7597766e-02
  -2.0983817e-02
   0.0000000e+00
   0.0000000e+00
  -4.9692965e-02
  -5.1637010e-02
  -4.1461363e-02
  -3.4552652e-02
  -3.0993504e-02
  -3.3403907e-02
  -3.7498470e-02
  -3.7555225e-02
  -3.6402114e-02
  -3.5210345e-02
  -3.4142703e-02
  -3.2654040e-02
  -3.0877991e-02
  -2.8963868e-02
  -2.6396897e-02
  -2.3862246e-02
  -2.1077201e-02
  -1.8240815e-02
  -1.7082581e-02
  -1.7025884e-02
  -1.8562229e-02
  -2.0984661e-02
  -2.4210321e-02
  -2.8982202e-02
  -3.3017457e-02
  -3.6722474e-02
  -4.0787600e-02
  -4.3746974e-02
  -4.5781087e-02
  -4.5082048e-02
  -3.7043750e-02
  -1.6558776e-02
   0.0000000e+00
   0.0000000e+00
   0.0000000e+00
   0.0000000e+00
   0.0000000e+00
   0.0000000e+00
  -0.0000000e+00
  -1.9972833e-02
  -1.8853843e-02
  -2.5686989e-02
  -3.2369930e-02
  -3.9451070e-02
  -4.6895068e-02
  -4.5712028e-02
  -2.9216424e-02
   0.0000000e+00
   0.0000000e+00
   0.0000000e+00
   0.0000000e+00
  -0.0000000e+00
  -3.7364308e-02
  -3.1889324e-02
   0.0000000e+00
  -3.5090442e-02
  -4.8871376e-02
  -5.4027013e-02
  -5.8144085e-02
  -6.2621787e-02
  -6.6093653e-02
  -6.8836123e-02
  -7.0218034e-02
  -6.8351783e-02
  -6.2271468e-02
  -4.8702799e-02
  -4.4296091e-02
  -3.3399645e-02
  -2.4763783e-02
  -2.0983817e-02
   0.0000000e+00
   0.0000000e+00
  -4.9692967e-02
  -5.1637007e-02
  -4.4129951e-02
  -3.6224978e-02
  -3.3400394e-02
  -3.5608002e-02
  -3.7932296e-02
  -3.8527474e-02
  -3.8152232e-02
  -3.7280112e-02
  -3.6622143e-02
  -3.5454412e-02
  -3.3482252e-02
  -3.1025366e-02
  -2.7604113e-02
  -2.4084946e-02
  -2.0650886e-02
  -1.8023525e-02
  -1.7711682e-02
  -1.9183543e-02
  -2.2758310e-02
  -2.6636316e-02
  -3.0986301e-02
  -3.6548522e-02
  -4.1086305e-02
  -4.5394416e-02
  -5.0287218e-02
  -5.3751360e-02
  -5.6004664e-02
  -5.4409690e-02
  -4.2651033e-02
  -1.7271151e-02
   0.0000000e+00
   0.0000000e+00
   0.0000000e+00
   0.0000000e+00
   0.0000000e+00
   0.0000000e+00
  -0.0000000e+00
  -2.5118245e-02
  -2.7018710e-02
  -3.4509417e-02
  -4.1297475e-02
  -4.7320750e-02
  -5.0125788e-02
  -4.0670104e-02
  -1.6859996e-02
   0.0000000e+00
   0.0000000e+00
   0.0000000e+00
   0.0000000e+00
   0.0000000e+00
  -3.7702890e-02
  -1.6812905e-02
   0.0000000e+00
  -3.5107665e-02
  -5.5200022e-02
  -6.1486608e-02
  -6.6485515e-02
  -7.1971272e-02
  -7.6373394e-02
  -7.9919696e-02
  -8.1505294e-02
  -7.9170497e-02
  -7.2184112e-02
  -5.7775080e-02
  -4.9601160e-02
  -3.9273384e-02
  -3.1722175e-02
  -3.0732900e-02
  -3.2216172e-02
   0.0000000e+00
  -0.0000000e+00
  -5.0298262e-02
  -4.2585428e-02
  -3.5441581e-02
  -3.2063687e-02
  -3.2310220e-02
  -3.4014426e-02
  -3.5459643e-02
  -3.6297700e-02
  -3.6506590e-02
  -3.6410990e-02
  -3.5353484e-02
  -3.3122391e-02
  -3.0027585e-02
  -2.5909049e-02
  -2.2355793e-02
  -1.9804900e-02
  -1.9163001e-02
  -2.0962270e-02
  -2.4419795e-02
  -2.9716091e-02
  -3.4584768e-02
  -3.9475633e-02
  -4.5271489e-02
  -4.9844369e-02
  -5.4039873e-02
  -5.8644395e-02
  -6.1724123e-02
  -6.3553784e-02
  -6.0978595e-02
  -4.6406068e-02
  -2.6903953e-02
   0.0000000e+00
   0.0000000e+00
   0.0000000e+00
   0.0000000e+00
   0.0000000e+00
   0.0000000e+00
  -0.0000000e+00
  -3.1652182e-02
  -3.3908388e-02
  -4.2230910e-02
  -4.7838628e-02
  -5.1202971e-02
  -4.8620752e-02
  -3.4074947e-02
  -9.6342979e-03
   0.0000000e+00
   0.0000000e+00
   0.0000000e+00
   0.0000000e+00
   0.0000000e+00
  -3.7702889e-02
  -1.0358038e-02
   0.0000000e+00
  -3.7631314e-02
  -5.8644581e-02
  -6.5843537e-02
  -7.1138230e-02
  -7.6882307e-02
  -8.1773669e-02
  -8.5919057e-02
  -8.7508952e-02
  -8.4439263e-02
  -7.6615442e-02
  -6.2266625e-02
  -5.1168175e-02
  -4.1531081e-02
  -3.4602474e-02
  -3.3044863e-02
  -3.3862933e-02
  -4.0319725e-02
  -4.7282623e-02
  -4.7302617e-02
  -3.9850118e-02
  -3.3009987e-02
  -2.9109478e-02
  -2.8220650e-02
  -2.9673947e-02
  -3.1701028e-02
  -3.3596668e-02
  -3.4666333e-02
  -3.5056680e-02
  -3.4181453e-02
  -3.2070335e-02
  -2.8977130e-02
  -2.5031189e-02
  -2.2240820e-02
  -2.0903548e-02
  -2.1928986e-02
  -2.5025402e-02
  -2.9492313e-02
  -3.5592090e-02
  -4.0820650e-02
  -4.5822227e-02
  -5.1444882e-02
  -5.5728578e-02
  -5.9552037e-02
  -6.3498229e-02
  -6.5945349e-02
  -6.6910788e-02
  -6.2746033e-02
  -4.5806775e-02
  -3.5508852e-02
   0.0000000e+00
   0.0000000e+00
   0.0000000e+00
   0.0000000e+00
   0.0000000e+00
   0.0000000e+00
  -0.0000000e+00
  -3.5017819e-02
  -3.8509651e-02
  -4.7040926e-02
  -5.1510045e-02
  -5.2967255e-02
  -4.6902495e-02
  -2.9937254e-02
  -6.3802816e-03
   0.0000000e+00
   0.0000000e+00
   0.0000000e+00
   0.0000000e+00
   0.0000000e+00
   0.0000000e+00
  -6.6183111e-03
   0.0000000e+00
  -4.1310235e-02
  -6.0184110e-02
  -6.7279674e-02
  -7.2402856e-02
  -7.7925099e-02
  -8.2829525e-02
  -8.7101486e-02
  -8.8592072e-02
  -8.5106847e-02
  -7.6938039e-02
  -6.2995873e-02
  -5.1258212e-02
  -4.2779551e-02
  -3.6533537e-02
  -3.5044266e-02
  -3.7482031e-02
  -4.0319731e-02
  -4.3053287e-02
  -4.1565422e-02
  -3.4815161e-02
  -2.8161323e-02
  -2.3462054e-02
  -2.1317800e-02
  -2.2611681e-02
  -2.5380146e-02
  -2.8833015e-02
  -3.1111000e-02
  -3.2213804e-02
  -3.1669486e-02
  -2.9985710e-02
  -2.7299330e-02
  -2.4173515e-02
  -2.3081285e-02
  -2.3852864e-02
  -2.7287454e-02
  -3.1899984e-02
  -3.7329926e-02
  -4.4107191e-02
  -4.9500386e-02
  -5.4403323e-02
  -5.9497663e-02
  -6.3123595e-02
  -6.6200608e-02
  -6.8882255e-02
  -7.0182091e-02
  -6.9516058e-02
  -6.2477600e-02
  -4.2115834e-02
  -3.0061039e-02
   0.0000000e+00
   0.0000000e+00
   0.0000000e+00
   0.0000000e+00
   0.0000000e+00
   0.0000000e+00
   0.0000000e+00
  -4.1549857e-02
  -4.4266317e-02
  -5.2730519e-02
  -5.5443511e-02
  -5.4390359e-02
  -4.4077734e-02
  -2.5013189e-02
  -3.7968955e-03
   0.0000000e+00
   0.0000000e+00
   0.0000000e+00
   0.0000000e+00
   0.0000000e+00
   0.0000000e+00
  -2.4801675e-03
   0.0000000e+00
  -4.7800000e-02
  -6.1389966e-02
  -6.7681494e-02
  -7.2240785e-02
  -7.7112175e-02
  -8.1735979e-02
  -8.5907416e-02
  -8.7177065e-02
  -8.3243183e-02
  -7.4845599e-02
  -6.1759074e-02
  -4.5270221e-02
  -3.8919449e-02
  -3.3791430e-02
  -3.1757038e-02
  -3.2439291e-02
  -3.4138393e-02
  -3.3468477e-02
  -3.0843869e-02
  -2.4502648e-02
  -1.7742654e-02
  -1.2619763e-02
  -1.0436891e-02
  -1.2124975e-02
  -1.5982086e-02
  -2.1370273e-02
  -2.5281743e-02
  -2.7900651e-02
  -2.9211702e-02
  -2.9270780e-02
  -2.8677193e-02
  -2.8752102e-02
  -3.0367773e-02
  -3.3469304e-02
  -3.8718618e-02
  -4.3966176e-02
  -4.9459919e-02
  -5.5856787e-02
  -6.0619872e-02
  -6.4602494e-02
  -6.8117127e-02
  -7.0190541e-02
  -7.1445666e-02
  -7.1659498e-02
  -7.1038178e-02
  -6.8510585e-02
  -5.7340790e-02
  -4.3607265e-02
  -3.0061039e-02
   0.0000000e+00
   0.0000000e+00
   0.0000000e+00
   0.0000000e+00
   0.0000000e+00
   0.0000000e+00
   0.0000000e+00
  -0.0000000e+00
  -5.0837800e-02
  -5.7725955e-02
  -5.7868571e-02
  -5.3360045e-02
  -3.9114326e-02
  -1.9817356e-02
  -1.4592335e-03
   0.0000000e+00
   0.0000000e+00
   0.0000000e+00
   0.0000000e+00
   0.0000000e+00
   0.0000000e+00
  -4.4138211e-03
   0.0000000e+00
  -5.0612241e-02
  -5.8185734e-02
  -6.3121848e-02
  -6.6404194e-02
  -6.9140546e-02
  -7.1928232e-02
  -7.4563548e-02
  -7.4870229e-02
  -7.0742479e-02
  -6.3223727e-02
  -5.3054810e-02
  -3.9070989e-02
  -3.4217346e-02
  -3.0071193e-02
  -2.7773874e-02
  -2.7321039e-02
  -2.7646014e-02
  -2.5835285e-02
  -2.2874855e-02
  -1.7052229e-02
  -1.1050534e-02
  -6.6316049e-03
  -5.1822248e-03
  -7.3298188e-03
  -1.1733023e-02
  -1.7966377e-02
  -2.2686690e-02
  -2.6279464e-02
  -2.8956519e-02
  -3.0291276e-02
  -3.1175630e-02
  -3.3089392e-02
  -3.5960229e-02
  -3.9929856e-02
  -4.5675837e-02
  -5.1017224e-02
  -5.6385528e-02
  -6.2381987e-02
  -6.6628773e-02
  -6.9898248e-02
  -7.2233334e-02
  -7.3105362e-02
  -7.2992653e-02
  -7.1375117e-02
  -6.8946544e-02
  -6.3947484e-02
  -4.8491117e-02
  -3.5485855e-02
   0.0000000e+00
   0.0000000e+00
   0.0000000e+00
   0.0000000e+00
   0.0000000e+00
   0.0000000e+00
   0.0000000e+00
   0.0000000e+00
  -0.0000000e+00
  -5.3967819e-02
  -5.9462618e-02
  -5.7714645e-02
  -5.1311985e-02
  -3.5822168e-02
  -1.7053981e-02
  -5.1999750e-04
   0.0000000e+00
   0.0000000e+00
   0.0000000e+00
   0.0000000e+00
   0.0000000e+00
   0.0000000e+00
  -1.1762147e-02
  -4.0990370e-02
  -4.9666956e-02
  -5.4564085e-02
  -5.8530789e-02
  -6.0605895e-02
  -6.1557636e-02
  -6.2788252e-02
  -6.4222708e-02
  -6.3899063e-02
  -5.9966128e-02
  -5.3382102e-02
  -4.5122057e-02
  -2.8467022e-02
  -2.5864262e-02
  -2.3320516e-02
  -2.0705825e-02
  -1.8611118e-02
  -1.6499794e-02
  -1.3784208e-02
  -1.0618757e-02
  -5.7249834e-03
  -1.4017040e-03
   1.3112471e-03
   1.1662449e-03
  -1.7899260e-03
  -6.8720677e-03
  -1.4042295e-02
  -1.9758638e-02
  -2.4755586e-02
  -2.9525536e-02
  -3.2810169e-02
  -3.5920112e-02
  -4.0331521e-02
  -4.4669310e-02
  -4.9445669e-02
  -5.5434168e-02
  -6.0688492e-02
  -6.5758148e-02
  -7.1066810e-02
  -7.4490161e-02
  -7.6645062e-02
  -7.7162738e-02
  -7.6158018e-02
  -7.3933263e-02
  -6.9500921e-02
  -6.4060774e-02
  -5.4595201e-02
  -3.1802344e-02
  -1.6670487e-02
   0.0000000e+00
   0.0000000e+00
   0.0000000e+00
   0.0000000e+00
   0.0000000e+00
   0.0000000e+00
   0.0000000e+00
   0.0000000e+00
  -0.0000000e+00
  -5.7708394e-02
  -6.0924482e-02
  -5.6280983e-02
  -4.7377662e-02
  -3.1001829e-02
  -1.3476056e-02
   4.3614675e-04
   0.0000000e+00
   0.0000000e+00
   0.0000000e+00
   0.0000000e+00
   0.0000000e+00
   0.0000000e+00
  -2.2950491e-02
  -4.0990366e-02
  -4.7183770e-02
  -4.8235482e-02
  -5.0734502e-02
  -5.0795022e-02
  -4.8881136e-02
  -4.7599350e-02
  -4.7150757e-02
  -4.5909962e-02
  -4.2483969e-02
  -3.7509742e-02
  -3.2026617e-02
  -1.2297073e-02
  -1.2021995e-02
  -1.1198591e-02
  -8.9027984e-03
  -6.4393370e-03
  -3.5584932e-03
  -9.1696659e-04
   1.1205610e-03
   2.4809884e-03
   3.1714509e-03
   3.0071454e-03
   1.1424625e-03
  -2.0244897e-03
  -6.5739332e-03
  -1.2892012e-02
  -1.8332165e-02
  -2.3754632e-02
  -3.0024525e-02
  -3.5041369e-02
  -4.0041119e-02
  -4.6167180e-02
  -5.1222861e-02
  -5.6255162e-02
  -6.2119480e-02
  -6.6987976e-02
  -7.1592733e-02
  -7.6106273e-02
  -7.8735292e-02
  -7.9817653e-02
  -7.8568630e-02
  -7.5652093e-02
  -7.1087226e-02
  -6.3265353e-02
  -5.4360978e-02
  -4.1578040e-02
  -2.5169945e-02
  -1.6670490e-02
   0.0000000e+00
   0.0000000e+00
   0.0000000e+00
   0.0000000e+00
   0.0000000e+00
   0.0000000e+00
   0.0000000e+00
   0.0000000e+00
  -0.0000000e+00
  -5.6779623e-02
  -5.8001019e-02
  -5.0988525e-02
  -4.0991612e-02
  -2.5513927e-02
  -9.3809851e-03
   4.9732281e-03
   0.0000000e+00
   0.0000000e+00
   0.0000000e+00
   0.0000000e+00
   0.0000000e+00
   0.0000000e+00
  -2.5391638e-02
  -3.7295267e-02
  -3.7732176e-02
  -3.8000625e-02
  -3.7970036e-02
  -3.5528746e-02
  -3.0446205e-02
  -2.6628353e-02
  -2.4547566e-02
  -2.3445657e-02
  -2.1296743e-02
  -1.7879251e-02
  -1.3998111e-02
  -4.3163681e-03
  -5.5308243e-03
  -5.5775585e-03
  -3.3419109e-03
  -1.1130492e-03
   1.3502895e-03
   3.3117021e-03
   4.1901146e-03
   3.5676558e-03
   2.5754578e-03
   1.2047761e-03
  -1.2453730e-03
  -4.2738598e-03
  -8.2494864e-03
  -1.3723442e-02
  -1.8592613e-02
  -2.3724986e-02
  -3.0107623e-02
  -3.5490111e-02
  -4.0968815e-02
  -4.7549999e-02
  -5.2757993e-02
  -5.7778284e-02
  -6.3432384e-02
  -6.7977548e-02
  -7.2245662e-02
  -7.6289256e-02
  -7.8487754e-02
  -7.9079208e-02
  -7.7098434e-02
  -7.3338352e-02
  -6.7657363e-02
  -5.8133963e-02
  -4.7581654e-02
  -3.3634758e-02
  -1.8424714e-02
   0.0000000e+00
   0.0000000e+00
   0.0000000e+00
   0.0000000e+00
   0.0000000e+00
   0.0000000e+00
   0.0000000e+00
   0.0000000e+00
   0.0000000e+00
  -0.0000000e+00
  -5.5224549e-02
  -5.5358737e-02
  -4.7456227e-02
  -3.7200170e-02
  -2.2397190e-02
  -7.4303579e-03
   5.7055729e-03
   0.0000000e+00
   0.0000000e+00
   0.0000000e+00
   0.0000000e+00
   0.0000000e+00
   0.0000000e+00
  -2.5093734e-02
  -3.3438984e-02
  -3.1226428e-02
  -3.1086354e-02
  -2.9998586e-02
  -2.6401698e-02
  -1.9838096e-02
  -1.4810764e-02
  -1.2124447e-02
  -1.1468664e-02
  -1.0308052e-02
  -7.8406767e-03
  -4.8724164e-03
   6.7931434e-03
   2.9645900e-03
   1.6731613e-03
   3.9793874e-03
   5.2206549e-03
   5.8377149e-03
   5.8312258e-03
   4.1402181e-03
   3.7826905e-04
  -2.7812212e-03
  -5.4921559e-03
  -8.3395420e-03
  -1.0790507e-02
  -1.3474036e-02
  -1.7100895e-02
  -2.0485540e-02
  -2.4420553e-02
  -2.9964405e-02
  -3.5079517e-02
  -4.0504939e-02
  -4.7099064e-02
  -5.2198570e-02
  -5.6982634e-02
  -6.2107784e-02
  -6.5991989e-02
  -6.9621384e-02
  -7.2887776e-02
  -7.4425986e-02
  -7.4395014e-02
  -7.1618137e-02
  -6.6842533e-02
  -5.9669447e-02
  -4.7732036e-02
  -3.4983845e-02
  -2.0167690e-02
  -5.2576174e-03
   0.0000000e+00
   0.0000000e+00
   0.0000000e+00
   0.0000000e+00
   0.0000000e+00
   0.0000000e+00
   0.0000000e+00
   0.0000000e+00
   0.0000000e+00
  -0.0000000e+00
  -5.1319700e-02
  -4.9777461e-02
  -4.1079033e-02
  -3.0907466e-02
  -1.7410896e-02
  -4.8268644e-03
   2.1906009e-04
   0.0000000e+00
   0.0000000e+00
   0.0000000e+00
   0.0000000e+00
   0.0000000e+00
   0.0000000e+00
  -2.2294627e-02
  -2.4845783e-02
  -1.9249139e-02
  -1.8505580e-02
  -1.6249736e-02
  -1.1169828e-02
  -2.6759446e-03
   3.9680753e-03
   7.1799180e-03
   6.6155624e-03
   5.8323657e-03
   6.6886994e-03
   8.1922616e-03
   1.0978062e-02
   4.2502768e-03
   9.0963120e-04
   3.7165005e-03
   2.9250993e-03
   4.3419318e-04
  -1.8982224e-03
  -5.6185583e-03
  -1.1005698e-02
  -1.5110727e-02
  -1.8486418e-02
  -2.1707604e-02
  -2.4055410e-02
  -2.6267655e-02
  -2.8847745e-02
  -3.1037357e-02
  -3.3594098e-02
  -3.7230995e-02
  -4.0671363e-02
  -4.4388019e-02
  -4.9027804e-02
  -5.2560195e-02
  -5.5751860e-02
  -5.9059463e-02
  -6.1434526e-02
  -6.3572258e-02
  -6.5050967e-02
  -6.5040939e-02
  -6.3709423e-02
  -5.9808765e-02
  -5.4387067e-02
  -4.6803810e-02
  -3.4555487e-02
  -2.2043489e-02
  -8.8053001e-03
   2.8238986e-03
   0.0000000e+00
   0.0000000e+00
   0.0000000e+00
   0.0000000e+00
   0.0000000e+00
   0.0000000e+00
   0.0000000e+00
   0.0000000e+00
   0.0000000e+00
  -0.0000000e+00
  -4.5107465e-02
  -4.3031521e-02
  -3.4645081e-02
  -2.5164012e-02
  -1.3094132e-02
  -3.3224209e-03
   1.9760744e-04
   0.0000000e+00
   0.0000000e+00
   0.0000000e+00
   0.0000000e+00
   0.0000000e+00
   0.0000000e+00
  -2.3118962e-02
  -1.8551208e-02
  -8.7292837e-03
  -6.3787699e-03
  -4.0018708e-03
   1.8063525e-03
   1.1957668e-02
   1.9164018e-02
   2.1621618e-02
   1.8803786e-02
   1.5748939e-02
   1.4912753e-02
   1.4617478e-02
   1.2700912e-02
   4.3992596e-03
  -5.3505361e-04
   2.6305702e-03
   4.1829649e-04
  -4.0013031e-03
  -7.6569510e-03
  -1.2460916e-02
  -1.8714093e-02
  -2.3337821e-02
  -2.7116766e-02
  -3.0635338e-02
  -3.3014186e-02
  -3.5057664e-02
  -3.7170779e-02
  -3.8785592e-02
  -4.0639997e-02
  -4.3216366e-02
  -4.5656092e-02
  -4.8297744e-02
  -5.1604036e-02
  -5.4029267e-02
  -5.6108989e-02
  -5.8154013e-02
  -5.9508488e-02
  -6.0661137e-02
  -6.0976516e-02
  -5.9999805e-02
  -5.7875928e-02
  -5.3327527e-02
  -4.7594208e-02
  -3.9869696e-02
  -2.7596448e-02
  -1.5346871e-02
  -2.8057245e-03
   8.3657738e-03
   2.4496147e-02
   0.0000000e+00
   0.0000000e+00
   0.0000000e+00
   0.0000000e+00
   0.0000000e+00
   0.0000000e+00
   0.0000000e+00
  -4.7196663e-02
  -4.3408170e-02
  -4.0609196e-02
  -3.8258970e-02
  -3.0179765e-02
  -2.1224156e-02
  -1.0220752e-02
  -2.3764321e-03
   8.0051090e-05
   0.0000000e+00
   0.0000000e+00
   0.0000000e+00
   0.0000000e+00
   0.0000000e+00
   0.0000000e+00
  -2.3138795e-02
  -1.4849033e-02
  -3.0084830e-03
   5.2071561e-04
   3.2045702e-03
   9.5597375e-03
   2.1141928e-02
   2.8374854e-02
   2.9909914e-02
   2.5378807e-02
   2.0898918e-02
   1.9006293e-02
   1.7756350e-02
   1.2201244e-02
   1.8623176e-03
  -7.5279333e-03
  -3.4654116e-03
  -9.0953782e-03
  -1.7212529e-02
  -2.2882306e-02
  -2.8999464e-02
  -3.6293074e-02
  -4.1615100e-02
  -4.6126833e-02
  -5.0500103e-02
  -5.3351915e-02
  -5.5609961e-02
  -5.7622189e-02
  -5.8860601e-02
  -6.0033902e-02
  -6.1111590e-02
  -6.1801070e-02
  -6.2318253e-02
  -6.2542974e-02
  -6.2259886e-02
  -6.1669541e-02
  -6.0708192e-02
  -5.9740349e-02
  -5.8746084e-02
  -5.6596471e-02
  -5.3740836e-02
  -5.0161870e-02
  -4.4587630e-02
  -3.8645427e-02
  -3.1142884e-02
  -1.9552692e-02
  -8.3101640e-03
   4.1221530e-03
   1.8052727e-02
   2.4496145e-02
   0.0000000e+00
   0.0000000e+00
   0.0000000e+00
   0.0000000e+00
   0.0000000e+00
   0.0000000e+00
   0.0000000e+00
  -4.7196663e-02
  -3.9776151e-02
  -2.9187610e-02
  -2.6559107e-02
  -1.9563257e-02
  -1.2036774e-02
  -3.8658227e-03
  -5.0897711e-04
  -5.9877600e-04
   0.0000000e+00
   0.0000000e+00
   0.0000000e+00
   0.0000000e+00
   0.0000000e+00
   0.0000000e+00
  -1.4735080e-02
  -8.6389296e-03
   4.4466656e-03
   1.1024914e-02
   1.5305704e-02
   2.3122590e-02
   3.9198080e-02
   4.5079549e-02
   4.2868999e-02
   3.3683778e-02
   2.6405160e-02
   2.2460589e-02
   2.0083506e-02
   1.2201245e-02
   1.8623174e-03
  -7.9096346e-03
  -8.0654975e-03
  -1.5485665e-02
  -2.4121661e-02
  -2.9755283e-02
  -3.5493217e-02
  -4.2222522e-02
  -4.7110148e-02
  -5.1241867e-02
  -5.5359177e-02
  -5.8129247e-02
  -6.0347553e-02
  -6.2301114e-02
  -6.3523903e-02
  -6.4583980e-02
  -6.5288268e-02
  -6.5495051e-02
  -6.5442719e-02
  -6.4921208e-02
  -6.4001456e-02
  -6.2771805e-02
  -6.1024986e-02
  -5.9489690e-02
  -5.7984821e-02
  -5.5355683e-02
  -5.2313957e-02
  -4.8791867e-02
  -4.3649003e-02
  -3.8352959e-02
  -3.1760328e-02
  -2.1568066e-02
  -1.1448955e-02
   4.3375709e-04
   1.4428521e-02
   1.8720582e-02
   0.0000000e+00
   0.0000000e+00
   0.0000000e+00
   0.0000000e+00
   0.0000000e+00
  -0.0000000e+00
  -3.3258940e-02
  -3.9567061e-02
  -2.9618705e-02
  -2.0254171e-02
  -1.7048284e-02
  -1.0918066e-02
  -3.8073289e-03
   3.3694119e-03
   3.6988668e-03
   2.4879533e-03
   0.0000000e+00
   0.0000000e+00
   0.0000000e+00
   0.0000000e+00
   0.0000000e+00
   0.0000000e+00
  -0.0000000e+00
  -3.5910916e-03
   7.0313006e-03
   1.4134572e-02
   2.0000065e-02
   2.8189888e-02
   3.9198081e-02
   4.7671402e-02
   4.6338648e-02
   3.5558395e-02
   2.6787400e-02
   2.0870935e-02
   2.1824003e-02
   0.0000000e+00
   0.0000000e+00
  -0.0000000e+00
  -1.1531522e-02
  -2.0300550e-02
  -2.9327482e-02
  -3.4933861e-02
  -4.0386070e-02
  -4.6690185e-02
  -5.1250502e-02
  -5.5095896e-02
  -5.9020344e-02
  -6.1728820e-02
  -6.3917175e-02
  -6.5826550e-02
  -6.7037567e-02
  -6.8012327e-02
  -6.8435274e-02
  -6.8278350e-02
  -6.7796908e-02
  -6.6713139e-02
  -6.5313667e-02
  -6.3602321e-02
  -6.1263684e-02
  -5.9300832e-02
  -5.7411239e-02
  -5.4420784e-02
  -5.1238842e-02
  -4.7759615e-02
  -4.2941783e-02
  -3.8132593e-02
  -3.2225557e-02
  -2.3086591e-02
  -1.3813940e-02
  -2.3453368e-03
   1.1697792e-02
   1.4368869e-02
   0.0000000e+00
   0.0000000e+00
   0.0000000e+00
   0.0000000e+00
   0.0000000e+00
  -0.0000000e+00
  -3.3258945e-02
  -3.3818386e-02
  -2.1965381e-02
  -1.3523102e-02
  -9.8821716e-03
  -4.4041779e-03
   2.3933062e-03
   8.8209398e-03
   6.8693496e-03
   4.8137102e-03
   0.0000000e+00
   0.0000000e+00
   0.0000000e+00
   0.0000000e+00
   0.0000000e+00
   0.0000000e+00
   0.0000000e+00
   4.0156930e-03
   8.9787450e-03
   1.6477605e-02
   2.3537122e-02
   3.2007944e-02
   0.0000000e+00
   5.1577169e-02
   4.8952918e-02
   3.6970861e-02
   2.7075410e-02
   1.9673184e-02
   2.3572552e-02
   0.0000000e+00
   0.0000000e+00
  -0.0000000e+00
  -1.4915468e-02
  -2.7256541e-02
  -3.4870498e-02
  -3.9448008e-02
  -4.3545119e-02
  -4.8043262e-02
  -5.1188335e-02
  -5.3848267e-02
  -5.6649398e-02
  -5.8597434e-02
  -6.0049698e-02
  -6.1265573e-02
  -6.2008299e-02
  -6.2678419e-02
  -6.2960833e-02
  -6.3003890e-02
  -6.2936336e-02
  -6.2501840e-02
  -6.1690148e-02
  -6.0522236e-02
  -5.8822945e-02
  -5.7488371e-02
  -5.6306772e-02
  -5.4275956e-02
  -5.1787108e-02
  -4.8900735e-02
  -4.5159753e-02
  -4.2051643e-02
  -3.8672969e-02
  -3.2260150e-02
  -2.3986466e-02
  -1.4488264e-02
  -2.6490663e-03
   1.6928486e-03
   0.0000000e+00
   0.0000000e+00
   0.0000000e+00
   0.0000000e+00
   0.0000000e+00
  -2.2665622e-02
  -2.8048154e-02
  -1.9356387e-02
  -7.0864800e-03
   7.4640894e-04
   3.1038481e-03
   5.3579397e-03
   0.0000000e+00
   0.0000000e+00
   0.0000000e+00
   0.0000000e+00
   0.0000000e+00
   0.0000000e+00
   0.0000000e+00
   0.0000000e+00
   0.0000000e+00
   0.0000000e+00
   0.0000000e+00
   0.0000000e+00
   1.5926011e-02
   1.8870914e-02
   2.4366535e-02
   3.6350429e-02
   0.0000000e+00
   0.0000000e+00
   4.9885191e-02
   3.7895337e-02
   2.5173144e-02
   1.4105611e-02
   0.0000000e+00
   0.0000000e+00
   0.0000000e+00
  -0.0000000e+00
  -1.5980031e-02
  -2.9061956e-02
  -3.6298435e-02
  -4.0616721e-02
  -4.4503346e-02
  -4.8711516e-02
  -5.1633053e-02
  -5.4049451e-02
  -5.6473631e-02
  -5.8084767e-02
  -5.9152305e-02
  -5.9864953e-02
  -6.0213298e-02
  -6.0487680e-02
  -6.0379624e-02
  -6.0215019e-02
  -6.0034126e-02
  -5.9582192e-02
  -5.8827754e-02
  -5.7712805e-02
  -5.6133781e-02
  -5.5017419e-02
  -5.4271944e-02
  -5.3126585e-02
  -5.1585991e-02
  -4.9765844e-02
  -4.7534794e-02
  -4.6051443e-02
  -4.4707816e-02
  -4.0463489e-02
  -3.2649308e-02
  -2.3303734e-02
  -1.1890123e-02
  -6.2775011e-03
   0.0000000e+00
   0.0000000e+00
   0.0000000e+00
   0.0000000e+00
  -0.0000000e+00
  -2.6052679e-02
  -2.5809556e-02
  -1.5066116e-02
  -3.1219174e-03
   4.7380840e-03
   5.4186827e-03
   5.3579394e-03
   0.0000000e+00
   0.0000000e+00
   0.0000000e+00
   0.0000000e+00
   0.0000000e+00
   0.0000000e+00
   0.0000000e+00
   0.0000000e+00
   0.0000000e+00
   0.0000000e+00
   0.0000000e+00
   0.0000000e+00
   1.6298988e-02
   1.9194379e-02
   2.2249464e-02
   3.3373034e-02
   0.0000000e+00
   0.0000000e+00
   4.8122786e-02
   3.8197640e-02
   2.4687117e-02
   1.4125979e-02
   0.0000000e+00
   0.0000000e+00
   0.0000000e+00
  -0.0000000e+00
  -1.7392916e-02
  -3.1458101e-02
  -3.8193583e-02
  -4.2167838e-02
  -4.5775096e-02
  -4.9598427e-02
  -5.2223300e-02
  -5.4316473e-02
  -5.6240355e-02
  -5.7404369e-02
  -5.7961299e-02
  -5.8006066e-02
  -5.7830989e-02
  -5.7580143e-02
  -5.6953870e-02
  -5.6513645e-02
  -5.6182342e-02
  -5.5707257e-02
  -5.5028804e-02
  -5.3984148e-02
  -5.2564737e-02
  -5.1737999e-02
  -5.1571332e-02
  -5.1601148e-02
  -5.1319081e-02
  -5.0914018e-02
  -5.0686941e-02
  -5.1359949e-02
  -5.2717231e-02
  -5.1350912e-02
  -4.4146581e-02
  -3.5003574e-02
  -2.4154794e-02
  -1.6855700e-02
   0.0000000e+00
   0.0000000e+00
   0.0000000e+00
   0.0000000e+00
  -3.2764129e-02
  -2.8300319e-02
  -2.2838504e-02
  -9.3720976e-03
   2.1398260e-03
   1.0035810e-02
   9.5149955e-03
   0.0000000e+00
   0.0000000e+00
   0.0000000e+00
   0.0000000e+00
   0.0000000e+00
   0.0000000e+00
   0.0000000e+00
   0.0000000e+00
   0.0000000e+00
   0.0000000e+00
   0.0000000e+00
   0.0000000e+00
   0.0000000e+00
   1.6959005e-02
   1.9623683e-02
   1.9439699e-02
   1.7566724e-02
   0.0000000e+00
   0.0000000e+00
   4.5783736e-02
   3.8598861e-02
   2.4042064e-02
   1.4153009e-02
   0.0000000e+00
   0.0000000e+00
   0.0000000e+00
  -0.0000000e+00
  -2.5108995e-02
  -3.6379442e-02
  -4.4989724e-02
  -4.9420990e-02
  -5.4073229e-02
  -5.9272021e-02
  -6.3021839e-02
  -6.6113800e-02
  -6.8749458e-02
  -6.9879994e-02
  -6.9806553e-02
  -6.8142980e-02
  -6.5708511e-02
  -6.2650464e-02
  -5.8306869e-02
  -5.4487526e-02
  -5.0874196e-02
  -4.7002636e-02
  -4.4237152e-02
  -4.1728470e-02
  -3.9298944e-02
  -3.8285937e-02
  -3.8656183e-02
  -4.0785898e-02
  -4.3795869e-02
  -4.8143953e-02
  -5.4910619e-02
  -6.1672434e-02
  -6.9087766e-02
  -7.5447530e-02
  -7.0464581e-02
  -5.5974804e-02
  -4.5978487e-02
  -4.1368496e-02
   0.0000000e+00
   0.0000000e+00
   0.0000000e+00
   0.0000000e+00
  -4.2705217e-02
  -3.3983454e-02
  -2.3998812e-02
  -9.1358004e-03
   3.3759472e-03
   1.3973704e-02
   1.5701274e-02
   0.0000000e+00
   0.0000000e+00
   0.0000000e+00
   0.0000000e+00
   0.0000000e+00
   0.0000000e+00
   0.0000000e+00
   0.0000000e+00
   0.0000000e+00
   0.0000000e+00
   0.0000000e+00
   0.0000000e+00
   0.0000000e+00
   6.1759700e-03
   2.0023219e-02
   1.7787552e-02
   1.2250458e-02
   0.0000000e+00
   0.0000000e+00
   4.1537830e-02
   3.9268196e-02
   2.3907525e-02
   1.6575922e-02
   0.0000000e+00
   0.0000000e+00
   0.0000000e+00
   0.0000000e+00
  -0.0000000e+00
  -3.9982140e-02
  -4.9417675e-02
  -5.4460455e-02
  -5.9960030e-02
  -6.6335231e-02
  -7.1176074e-02
  -7.5388096e-02
  -7.9276331e-02
  -8.1264444e-02
  -8.1829056e-02
  -8.0492310e-02
  -7.7910811e-02
  -7.4355476e-02
  -6.9005184e-02
  -6.3949764e-02
  -5.8849294e-02
  -5.2999265e-02
  -4.8643276e-02
  -4.4707656e-02
  -4.0793337e-02
  -3.8643181e-02
  -3.7886340e-02
  -3.8845725e-02
  -4.1230273e-02
  -4.5626603e-02
  -5.3561822e-02
  -6.1840765e-02
  -7.1020395e-02
  -8.1112877e-02
  -8.0737405e-02
  -6.4046755e-02
  -5.5485301e-02
  -6.4575500e-02
  -1.0427483e-01
   0.0000000e+00
  -0.0000000e+00
  -5.9113119e-02
  -4.5755308e-02
  -3.7716094e-02
  -2.7141716e-02
  -1.1843294e-02
   1.7306395e-03
   1.4238822e-02
   1.6688377e-02
   0.0000000e+00
   0.0000000e+00
   0.0000000e+00
   0.0000000e+00
   0.0000000e+00
   0.0000000e+00
   0.0000000e+00
   0.0000000e+00
   0.0000000e+00
   0.0000000e+00
   0.0000000e+00
   0.0000000e+00
   0.0000000e+00
   2.3275814e-03
   1.8680116e-02
   1.7626340e-02
   1.1761967e-02
   0.0000000e+00
   0.0000000e+00
   4.0634507e-02
   3.8034331e-02
   2.3327548e-02
   1.7350657e-02
   0.0000000e+00
   0.0000000e+00
   0.0000000e+00
   0.0000000e+00
  -3.7283713e-02
  -4.6523173e-02
  -5.7180126e-02
  -6.3473319e-02
  -7.0553001e-02
  -7.9149839e-02
  -8.6106914e-02
  -9.2549283e-02
  -9.9081886e-02
  -1.0307337e-01
  -1.0535284e-01
  -1.0540771e-01
  -1.0332182e-01
  -9.9651896e-02
  -9.3341516e-02
  -8.6668167e-02
  -7.9330926e-02
  -7.0145827e-02
  -6.2870423e-02
  -5.6164317e-02
  -4.9177059e-02
  -4.4455863e-02
  -4.0883423e-02
  -3.8347835e-02
  -3.8060856e-02
  -4.0808406e-02
  -4.8865744e-02
  -5.8411344e-02
  -6.9442836e-02
  -8.5339167e-02
  -9.4837673e-02
  -7.5018122e-02
  -6.9472079e-02
  -8.6974213e-02
  -1.0427482e-01
   0.0000000e+00
  -6.1505208e-02
  -5.9113121e-02
  -5.1915831e-02
  -4.4276619e-02
  -3.4008552e-02
  -1.8216628e-02
  -2.5470780e-03
   1.3395550e-02
   0.0000000e+00
   0.0000000e+00
   0.0000000e+00
   0.0000000e+00
   0.0000000e+00
   0.0000000e+00
   0.0000000e+00
   0.0000000e+00
   0.0000000e+00
   0.0000000e+00
   0.0000000e+00
   0.0000000e+00
   0.0000000e+00
   0.0000000e+00
  -2.6124094e-03
   1.5413920e-02
   1.7864096e-02
   1.2597270e-02
   0.0000000e+00
   0.0000000e+00
   0.0000000e+00
   3.4921794e-02
   2.2030885e-02
   1.5559056e-02
   0.0000000e+00
   0.0000000e+00
  -3.1165466e-02
  -5.7348538e-02
  -5.1180911e-02
  -5.3258255e-02
  -6.2585849e-02
  -6.9599122e-02
  -7.7739556e-02
  -8.8217748e-02
  -9.6887380e-02
  -1.0510964e-01
  -1.1391597e-01
  -1.1989477e-01
  -1.2411192e-01
  -1.2662586e-01
  -1.2673286e-01
  -1.2526488e-01
  -1.2146153e-01
  -1.1664803e-01
  -1.1064902e-01
  -1.0198535e-01
  -9.4067186e-02
  -8.5974326e-02
  -7.6511879e-02
  -6.9038413e-02
  -6.1928626e-02
  -5.3630325e-02
  -4.6624452e-02
  -4.0910105e-02
  -3.8078657e-02
  -3.8696416e-02
  -4.0952908e-02
  -5.1875313e-02
  -9.4837671e-02
  -7.0757795e-02
  -7.9808225e-02
  -9.8810181e-02
  -1.1356229e-01
  -1.0845746e-01
  -8.0671159e-02
  -6.8889927e-02
  -6.1649248e-02
  -5.4923281e-02
  -4.5597303e-02
  -2.9829241e-02
  -1.2087336e-02
   8.1147016e-03
   0.0000000e+00
   0.0000000e+00
   0.0000000e+00
   0.0000000e+00
   0.0000000e+00
   0.0000000e+00
   0.0000000e+00
   0.0000000e+00
   0.0000000e+00
   0.0000000e+00
   0.0000000e+00
   0.0000000e+00
   0.0000000e+00
   0.0000000e+00
  -2.6124096e-03
   2.2631192e-02
   2.4956394e-02
   2.2311512e-02
   0.0000000e+00
   0.0000000e+00
   0.0000000e+00
   2.9679915e-02
   2.2891026e-02
   1.5559055e-02
   0.0000000e+00
   0.0000000e+00
  -3.4810123e-02
  -5.9641160e-02
  -5.5113838e-02
  -5.6535009e-02
  -6.4953841e-02
  -7.1916072e-02
  -8.0362655e-02
  -9.1564156e-02
  -1.0087502e-01
  -1.0975700e-01
  -1.1942105e-01
  -1.2615573e-01
  -1.3115953e-01
  -1.3473690e-01
  -1.3587101e-01
  -1.3551642e-01
  -1.3313174e-01
  -1.2955281e-01
  -1.2472047e-01
  -1.1718968e-01
  -1.0976090e-01
  -1.0165780e-01
  -9.1417350e-02
  -8.2738568e-02
  -7.3901229e-02
  -6.2614694e-02
  -5.2067698e-02
  -4.1696358e-02
  -3.2465190e-02
  -2.8005015e-02
  -2.5841761e-02
  -3.6896455e-02
   0.0000000e+00
  -6.6787089e-02
  -8.3490498e-02
  -1.0157189e-01
  -1.1388651e-01
  -1.0680423e-01
  -8.4951316e-02
  -7.4051820e-02
  -6.7270517e-02
  -6.1266288e-02
  -5.2737921e-02
  -3.7658513e-02
  -1.9431876e-02
   3.3446427e-03
   0.0000000e+00
   0.0000000e+00
   0.0000000e+00
   0.0000000e+00
   0.0000000e+00
   0.0000000e+00
   0.0000000e+00
   0.0000000e+00
   0.0000000e+00
   0.0000000e+00
   0.0000000e+00
   0.0000000e+00
   0.0000000e+00
   0.0000000e+00
   0.0000000e+00
   2.4904179e-02
   2.6789658e-02
   2.5572681e-02
   0.0000000e+00
   0.0000000e+00
   0.0000000e+00
   2.6967213e-02
   2.1178596e-02
   0.0000000e+00
   0.0000000e+00
   0.0000000e+00
  -4.8673251e-02
  -6.8361566e-02
  -6.1200539e-02
  -6.0398494e-02
  -6.7058170e-02
  -7.2906762e-02
  -8.1163355e-02
  -9.2713713e-02
  -1.0227686e-01
  -1.1139525e-01
  -1.2141842e-01
  -1.2849075e-01
  -1.3401231e-01
  -1.3849447e-01
  -1.4073524e-01
  -1.4180383e-01
  -1.4161409e-01
  -1.4035623e-01
  -1.3825265e-01
  -1.3436514e-01
  -1.2961859e-01
  -1.2324737e-01
  -1.1320823e-01
  -1.0345932e-01
  -9.2567832e-02
  -7.7273580e-02
  -6.1836945e-02
  -4.4557154e-02
  -2.4887741e-02
  -1.2512997e-02
  -4.7435102e-03
   0.0000000e+00
   0.0000000e+00
  -5.8937344e-02
  -8.4298088e-02
  -9.6962846e-02
  -1.0326023e-01
  -1.0051582e-01
  -8.8994865e-02
  -8.1201657e-02
  -7.6223089e-02
  -7.1798033e-02
  -6.5100491e-02
  -5.2610023e-02
  -3.5185897e-02
  -8.0558514e-03
   0.0000000e+00
   0.0000000e+00
   0.0000000e+00
   0.0000000e+00
   0.0000000e+00
   0.0000000e+00
   0.0000000e+00
   0.0000000e+00
   0.0000000e+00
   0.0000000e+00
   0.0000000e+00
   0.0000000e+00
   0.0000000e+00
   0.0000000e+00
   0.0000000e+00
   2.2623171e-02
   2.2623171e-02
   0.0000000e+00
   0.0000000e+00
   0.0000000e+00
   0.0000000e+00
   1.2468358e-02
   1.2468358e-02
   0.0000000e+00
   0.0000000e+00
   0.0000000e+00
  -5.0717344e-02
  -6.7151889e-02
  -5.9741884e-02
  -5.9117377e-02
  -6.5666266e-02
  -6.9830753e-02
  -7.6702386e-02
  -8.6681448e-02
  -9.5521063e-02
  -1.0413247e-01
  -1.1380818e-01
  -1.2081921e-01
  -1.2663132e-01
  -1.3166736e-01
  -1.3433987e-01
  -1.3587926e-01
  -1.3639024e-01
  -1.3589667e-01
  -1.3492206e-01
  -1.3279749e-01
  -1.2990743e-01
  -1.2553968e-01
  -1.1776849e-01
  -1.0929967e-01
  -9.8724514e-02
  -8.1896141e-02
  -6.3580923e-02
  -4.2508613e-02
  -1.8902335e-02
  -6.3876268e-03
   6.8394831e-05
   0.0000000e+00
   0.0000000e+00
  -5.1046376e-02
  -7.9900824e-02
  -8.8601626e-02
  -9.2411287e-02
  -9.2270747e-02
  -8.6101718e-02
  -8.1153452e-02
  -7.9037920e-02
  -7.6799557e-02
  -7.2885804e-02
  -6.4693019e-02
  -5.1553346e-02
  -2.6698869e-02
   0.0000000e+00
   0.0000000e+00
   0.0000000e+00
   0.0000000e+00
   0.0000000e+00
   0.0000000e+00
   0.0000000e+00
   0.0000000e+00
   0.0000000e+00
   0.0000000e+00
   0.0000000e+00
   0.0000000e+00
   0.0000000e+00
   0.0000000e+00
   0.0000000e+00
   0.0000000e+00
   7.3414999e-03
   0.0000000e+00
   0.0000000e+00
   0.0000000e+00
   0.0000000e+00
   0.0000000e+00
   0.0000000e+00
   0.0000000e+00
   0.0000000e+00
   0.0000000e+00
  -5.2578663e-02
  -6.5563239e-02
  -5.7197277e-02
  -5.7745475e-02
  -6.4625953e-02
  -6.6819846e-02
  -7.2598904e-02
  -8.1217341e-02
  -8.9425754e-02
  -9.7683586e-02
  -1.0719973e-01
  -1.1425401e-01
  -1.2031733e-01
  -1.2579055e-01
  -1.2879644e-01
  -1.3066290e-01
  -1.3165700e-01
  -1.3163595e-01
  -1.3128324e-01
  -1.3010316e-01
  -1.2818524e-01
  -1.2489413e-01
  -1.1840682e-01
  -1.1071397e-01
  -1.0042355e-01
  -8.2996771e-02
  -6.3282408e-02
  -4.0117089e-02
  -1.4441857e-02
  -2.6281429e-03
   2.3221293e-03
   0.0000000e+00
  -0.0000000e+00
  -4.7041523e-02
  -7.5918257e-02
  -8.2149608e-02
  -8.4754691e-02
  -8.5997537e-02
  -8.2923335e-02
  -7.9978824e-02
  -7.9719223e-02
  -7.9024037e-02
  -7.7087171e-02
  -7.1943559e-02
  -6.2113896e-02
  -3.9695110e-02
   0.0000000e+00
   0.0000000e+00
   0.0000000e+00
   0.0000000e+00
   0.0000000e+00
   0.0000000e+00
   0.0000000e+00
   0.0000000e+00
   0.0000000e+00
   0.0000000e+00
   0.0000000e+00
   0.0000000e+00
   0.0000000e+00
   0.0000000e+00
   0.0000000e+00
  -6.6029995e-03
  -1.6481214e-03
   0.0000000e+00
   0.0000000e+00
   0.0000000e+00
   0.0000000e+00
   0.0000000e+00
   0.0000000e+00
   0.0000000e+00
   0.0000000e+00
   0.0000000e+00
  -5.6883006e-02
  -6.0712879e-02
  -4.8375096e-02
  -4.3071349e-02
  -5.7196951e-02
  -5.9349934e-02
  -6.3009457e-02
  -6.8650827e-02
  -7.5466370e-02
  -8.3167464e-02
  -9.2693446e-02
  -1.0008704e-01
  -1.0669886e-01
  -1.1302091e-01
  -1.1665352e-01
  -1.1903083e-01
  -1.2076781e-01
  -1.2130009e-01
  -1.2140459e-01
  -1.2081264e-01
  -1.1940808e-01
  -1.1680098e-01
  -1.1139582e-01
  -1.0455638e-01
  -9.4916414e-02
  -7.8034406e-02
  -5.8035839e-02
  -3.3315852e-02
  -6.5171242e-03
   1.6746959e-03
   2.6129360e-03
   0.0000000e+00
  -0.0000000e+00
  -4.5856479e-02
  -6.6760358e-02
  -7.0034416e-02
  -7.2415573e-02
  -7.4472217e-02
  -7.4259530e-02
  -7.4531545e-02
  -7.6749900e-02
  -7.8541461e-02
  -7.9828543e-02
  -7.9649033e-02
  -7.6045770e-02
  -6.0137738e-02
   0.0000000e+00
   0.0000000e+00
   0.0000000e+00
   0.0000000e+00
   0.0000000e+00
   0.0000000e+00
   0.0000000e+00
   0.0000000e+00
   0.0000000e+00
   0.0000000e+00
   0.0000000e+00
   0.0000000e+00
   0.0000000e+00
   0.0000000e+00
   0.0000000e+00
  -1.4682461e-02
  -1.0541016e-02
   0.0000000e+00
   0.0000000e+00
   0.0000000e+00
   0.0000000e+00
   0.0000000e+00
   0.0000000e+00
   0.0000000e+00
   0.0000000e+00
   0.0000000e+00
  -5.6883007e-02
  -5.6849302e-02
  -4.8722306e-02
  -4.4019396e-02
  -0.0000000e+00
  -5.1872828e-02
  -5.3257668e-02
  -5.7050676e-02
  -6.2611550e-02
  -6.9679408e-02
  -7.9163385e-02
  -8.6977084e-02
  -9.4190303e-02
  -1.0142836e-01
  -1.0576971e-01
  -1.0878769e-01
  -1.1093688e-01
  -1.1157912e-01
  -1.1154644e-01
  -1.1033780e-01
  -1.0842259e-01
  -1.0553041e-01
  -1.0039063e-01
  -9.4014171e-02
  -8.4929695e-02
  -6.8759686e-02
  -4.9812106e-02
  -2.6486835e-02
  -1.8622866e-03
   3.3981939e-03
   2.6129362e-03
   0.0000000e+00
  -0.0000000e+00
  -4.5957303e-02
  -5.6885075e-02
  -5.9109390e-02
  -6.1743170e-02
  -6.3960194e-02
  -6.5074853e-02
  -6.6778384e-02
  -6.9989226e-02
  -7.2903855e-02
  -7.5678980e-02
  -7.8080593e-02
  -7.8400036e-02
  -7.1086838e-02
   0.0000000e+00
   0.0000000e+00
   0.0000000e+00
   0.0000000e+00
   0.0000000e+00
   0.0000000e+00
   0.0000000e+00
   0.0000000e+00
   0.0000000e+00
   0.0000000e+00
   0.0000000e+00
   0.0000000e+00
   0.0000000e+00
   0.0000000e+00
  -2.0888580e-02
  -1.3333646e-02
  -1.2025227e-02
   0.0000000e+00
   0.0000000e+00
   0.0000000e+00
   0.0000000e+00
   0.0000000e+00
   0.0000000e+00
   0.0000000e+00
   0.0000000e+00
   0.0000000e+00
   0.0000000e+00
  -5.4570320e-02
  -4.8611238e-02
  -4.3372483e-02
  -4.2205032e-02
  -4.4778122e-02
  -4.4997739e-02
  -4.7780062e-02
  -5.2542891e-02
  -5.9075717e-02
  -6.8414349e-02
  -7.6443260e-02
  -8.4053656e-02
  -9.1937614e-02
  -9.6834963e-02
  -1.0034911e-01
  -1.0285456e-01
  -1.0361656e-01
  -1.0349369e-01
  -1.0189093e-01
  -9.9652348e-02
  -9.6633924e-02
  -9.1718210e-02
  -8.5784627e-02
  -7.7291389e-02
  -6.1677773e-02
  -4.3466563e-02
  -2.1357867e-02
   6.3863952e-04
   4.9666479e-03
   0.0000000e+00
   0.0000000e+00
  -0.0000000e+00
  -4.4612496e-02
  -4.9133550e-02
  -5.0725515e-02
  -5.3398482e-02
  -5.5718936e-02
  -5.7598300e-02
  -6.0078930e-02
  -6.3882042e-02
  -6.7501266e-02
  -7.1207237e-02
  -7.5156790e-02
  -7.7511308e-02
  -7.4834560e-02
  -5.5865767e-02
   0.0000000e+00
   0.0000000e+00
   0.0000000e+00
   0.0000000e+00
   0.0000000e+00
   0.0000000e+00
   0.0000000e+00
   0.0000000e+00
   0.0000000e+00
   0.0000000e+00
   0.0000000e+00
   0.0000000e+00
  -0.0000000e+00
  -1.6099033e-02
  -8.6314804e-03
  -8.4064161e-03
   0.0000000e+00
   0.0000000e+00
   0.0000000e+00
   0.0000000e+00
   0.0000000e+00
   0.0000000e+00
   0.0000000e+00
   0.0000000e+00
   0.0000000e+00
   0.0000000e+00
  -4.7326096e-02
  -4.7675908e-02
  -4.2435352e-02
  -3.7114465e-02
  -3.1941728e-02
  -3.1708771e-02
  -3.3901347e-02
  -3.7874508e-02
  -4.3549024e-02
  -5.2448838e-02
  -6.0561339e-02
  -6.8601231e-02
  -7.7281615e-02
  -8.2990713e-02
  -8.7216296e-02
  -9.0308219e-02
  -9.1312538e-02
  -9.1093142e-02
  -8.9095858e-02
  -8.6540750e-02
  -8.3534471e-02
  -7.8977948e-02
  -7.3851573e-02
  -6.6535030e-02
  -5.1729354e-02
  -3.4415581e-02
  -1.4329976e-02
   2.4133441e-03
   0.0000000e+00
   0.0000000e+00
   0.0000000e+00
  -0.0000000e+00
  -3.9777956e-02
  -3.7807291e-02
  -3.8861504e-02
  -4.1271124e-02
  -4.3697445e-02
  -4.6135555e-02
  -4.9053274e-02
  -5.3345388e-02
  -5.7637533e-02
  -6.2225652e-02
  -6.7473618e-02
  -7.0697733e-02
  -7.0543480e-02
  -5.5865766e-02
   0.0000000e+00
   0.0000000e+00
   0.0000000e+00
   0.0000000e+00
   0.0000000e+00
   0.0000000e+00
   0.0000000e+00
   0.0000000e+00
   0.0000000e+00
   0.0000000e+00
   0.0000000e+00
   0.0000000e+00
  -1.7758246e-02
  -3.6113780e-03
   5.5813848e-03
   6.5216410e-03
   0.0000000e+00
   0.0000000e+00
   0.0000000e+00
   0.0000000e+00
   0.0000000e+00
   0.0000000e+00
   0.0000000e+00
   0.0000000e+00
   0.0000000e+00
   0.0000000e+00
  -0.0000000e+00
  -3.4573205e-02
  -2.9424839e-02
  -2.0321615e-02
  -1.5749738e-02
  -1.5474848e-02
  -1.8053085e-02
  -2.2279162e-02
  -2.7973315e-02
  -3.6585420e-02
  -4.4304028e-02
  -5.2135859e-02
  -6.1077964e-02
  -6.7242809e-02
  -7.1823061e-02
  -7.5107396e-02
  -7.6095000e-02
  -7.5639762e-02
  -7.3644653e-02
  -7.1360141e-02
  -6.8693280e-02
  -6.5050349e-02
  -6.0946487e-02
  -5.4783203e-02
  -4.1815743e-02
  -2.5619648e-02
  -4.8575317e-03
   6.5804441e-03
   0.0000000e+00
   0.0000000e+00
   0.0000000e+00
  -0.0000000e+00
  -2.8184544e-02
  -2.2753606e-02
  -2.4651151e-02
  -2.8115569e-02
  -3.0969687e-02
  -3.3491828e-02
  -3.6377609e-02
  -4.0640470e-02
  -4.5053061e-02
  -5.0066732e-02
  -5.6526333e-02
  -6.1352700e-02
  -6.2264167e-02
  -4.7343086e-02
  -2.9099039e-02
   0.0000000e+00
   0.0000000e+00
   0.0000000e+00
   0.0000000e+00
   0.0000000e+00
  -0.0000000e+00
  -0.0000000e+00
   0.0000000e+00
   0.0000000e+00
   0.0000000e+00
  -0.0000000e+00
  -4.9838195e-03
   1.1205822e-02
   1.4922175e-02
   6.5216416e-03
   0.0000000e+00
   0.0000000e+00
   0.0000000e+00
   0.0000000e+00
   0.0000000e+00
   0.0000000e+00
   0.0000000e+00
   0.0000000e+00
   0.0000000e+00
   0.0000000e+00
  -0.0000000e+00
  -2.4948739e-02
  -1.5558443e-02
  -4.8262230e-03
  -7.5049247e-04
  -7.9101941e-04
  -4.5004943e-03
  -9.6984131e-03
  -1.6048694e-02
  -2.4800478e-02
  -3.2268222e-02
  -3.9772201e-02
  -4.8605043e-02
  -5.4915172e-02
  -5.9623711e-02
  -6.2888548e-02
  -6.3787259e-02
  -6.3160680e-02
  -6.1080847e-02
  -5.8905580e-02
  -5.6502040e-02
  -5.3537861e-02
  -5.0271479e-02
  -4.5115061e-02
  -3.3698630e-02
  -1.8475916e-02
   1.5594830e-03
   9.2764199e-03
   0.0000000e+00
   0.0000000e+00
   0.0000000e+00
  -0.0000000e+00
  -2.5023229e-02
  -1.8648739e-02
  -1.5896858e-02
  -1.5997667e-02
  -2.0120956e-02
  -2.3160487e-02
  -2.6039973e-02
  -3.0167157e-02
  -3.4476954e-02
  -3.9523765e-02
  -4.6560735e-02
  -5.2190365e-02
  -5.4163210e-02
  -4.1795351e-02
  -2.7938981e-02
   0.0000000e+00
   0.0000000e+00
   0.0000000e+00
   0.0000000e+00
   0.0000000e+00
  -0.0000000e+00
  -2.1360725e-02
  -1.8464843e-02
  -2.6387180e-02
   0.0000000e+00
  -1.1761184e-02
   8.8064991e-04
   1.5053192e-02
   1.8318263e-02
   0.0000000e+00
   0.0000000e+00
   0.0000000e+00
   0.0000000e+00
   0.0000000e+00
   0.0000000e+00
   0.0000000e+00
   0.0000000e+00
   0.0000000e+00
   0.0000000e+00
   0.0000000e+00
   0.0000000e+00
  -4.9522673e-03
   1.4897051e-03
   1.3209290e-02
   1.6735997e-02
   1.6155465e-02
   1.0750739e-02
   4.0611182e-03
  -3.3643444e-03
  -1.2476516e-02
  -1.9707255e-02
  -2.6763299e-02
  -3.5297703e-02
  -4.1642554e-02
  -4.6403255e-02
  -4.9549185e-02
  -5.0308578e-02
  -4.9505129e-02
  -4.7284357e-02
  -4.5167685e-02
  -4.3046270e-02
  -4.0791921e-02
  -3.8448557e-02
  -3.4436058e-02
  -2.4754055e-02
  -1.0635991e-02
   7.8939684e-03
   1.1853274e-02
   0.0000000e+00
   0.0000000e+00
   0.0000000e+00
   0.0000000e+00
   0.0000000e+00
   0.0000000e+00
   2.2625102e-04
  -1.9036655e-03
  -7.9311058e-03
  -1.1787590e-02
  -1.4671062e-02
  -1.8587265e-02
  -2.2672981e-02
  -2.7582804e-02
  -3.5027821e-02
  -4.1262753e-02
  -4.4509057e-02
  -3.5509266e-02
  -2.6022375e-02
   0.0000000e+00
   0.0000000e+00
   0.0000000e+00
   0.0000000e+00
   0.0000000e+00
  -1.7478682e-02
  -1.4236713e-02
  -1.8464843e-02
  -2.6387183e-02
   0.0000000e+00
  -1.1576598e-02
   7.6921838e-03
   1.3777635e-02
   0.0000000e+00
   0.0000000e+00
   0.0000000e+00
   0.0000000e+00
   0.0000000e+00
   0.0000000e+00
   0.0000000e+00
   0.0000000e+00
   0.0000000e+00
   0.0000000e+00
   0.0000000e+00
   0.0000000e+00
   0.0000000e+00
   0.0000000e+00
   3.5168707e-02
   4.5575196e-02
   4.7137127e-02
   4.6568468e-02
   3.9988374e-02
   3.0324740e-02
   2.0123755e-02
   9.2459943e-03
   1.4135429e-03
  -5.6179529e-03
  -1.3595362e-02
  -1.9488719e-02
  -2.3894736e-02
  -2.6629522e-02
  -2.6974119e-02
  -2.5895172e-02
  -2.3506384e-02
  -2.1400104e-02
  -1.9607151e-02
  -1.8437445e-02
  -1.7711160e-02
  -1.5815998e-02
  -9.0208816e-03
   3.4545373e-03
   1.2315466e-02
   0.0000000e+00
   0.0000000e+00
   0.0000000e+00
   0.0000000e+00
   0.0000000e+00
   0.0000000e+00
   0.0000000e+00
   0.0000000e+00
   2.3192481e-02
   1.8887180e-02
   1.0774635e-02
   6.6760725e-03
   2.7646909e-03
  -1.0484716e-03
  -6.0227489e-03
  -1.4518650e-02
  -2.2155766e-02
  -2.7146265e-02
  -1.8772829e-02
  -5.2426220e-03
  -2.5962745e-03
   0.0000000e+00
   0.0000000e+00
   0.0000000e+00
  -0.0000000e+00
  -2.5720702e-03
   5.4423891e-03
   1.4784366e-03
  -1.1564322e-02
  -1.2294419e-02
  -2.2741737e-03
   3.9174750e-03
   0.0000000e+00
   0.0000000e+00
   0.0000000e+00
   0.0000000e+00
   0.0000000e+00
   0.0000000e+00
   0.0000000e+00
   0.0000000e+00
   0.0000000e+00
   0.0000000e+00
   0.0000000e+00
   0.0000000e+00
   0.0000000e+00
   0.0000000e+00
   0.0000000e+00
   4.6461468e-02
   5.5730354e-02
   5.4138064e-02
   5.4737814e-02
   5.3960156e-02
   4.6189241e-02
   3.6268242e-02
   2.5379244e-02
   1.7231539e-02
   9.8675815e-03
   1.9582093e-03
  -3.4295847e-03
  -7.4684466e-03
  -1.0030764e-02
  -1.0329252e-02
  -9.2181182e-03
  -6.8018669e-03
  -4.8690615e-03
  -3.3705311e-03
  -2.8029236e-03
  -3.2304982e-03
  -3.1036860e-03
   1.7295766e-03
   1.2132341e-02
   1.4629548e-02
   0.0000000e+00
   0.0000000e+00
   0.0000000e+00
   0.0000000e+00
   0.0000000e+00
   0.0000000e+00
   0.0000000e+00
   0.0000000e+00
   2.3192480e-02
   3.2542150e-02
   2.9504750e-02
   2.4475774e-02
   1.9201759e-02
   1.4959023e-02
   9.7091412e-03
   8.8401634e-05
  -9.0904720e-03
  -1.6474964e-02
  -1.2389310e-02
  -3.7949389e-03
  -2.5962741e-03
   0.0000000e+00
   0.0000000e+00
   0.0000000e+00
   3.1305369e-03
   5.6290440e-03
   8.9451401e-03
   7.0887541e-03
  -1.1564321e-02
  -4.4349741e-03
  -1.6706094e-03
   3.9174749e-03
   0.0000000e+00
   0.0000000e+00
   0.0000000e+00
   0.0000000e+00
   0.0000000e+00
   0.0000000e+00
   0.0000000e+00
   0.0000000e+00
   0.0000000e+00
   0.0000000e+00
   0.0000000e+00
   0.0000000e+00
   0.0000000e+00
   0.0000000e+00
   0.0000000e+00
   5.2351500e-02
   5.8783647e-02
   5.2235987e-02
   5.4902904e-02
   6.0684416e-02
   5.6874417e-02
   4.9499169e-02
   4.0903952e-02
   3.3656012e-02
   2.6669752e-02
   1.9253451e-02
   1.4401177e-02
   1.0683848e-02
   8.2889544e-03
   7.8634443e-03
   8.8756429e-03
   1.1294515e-02
   1.2959016e-02
   1.3990783e-02
   1.3825191e-02
   1.2077327e-02
   1.0106852e-02
   1.2654532e-02
   1.9218957e-02
   1.6633256e-02
   0.0000000e+00
   0.0000000e+00
   0.0000000e+00
   0.0000000e+00
   0.0000000e+00
   0.0000000e+00
   0.0000000e+00
   0.0000000e+00
   0.0000000e+00
   3.8419642e-02
   4.3562330e-02
   4.1087851e-02
   3.5923589e-02
   3.1258188e-02
   2.5993522e-02
   1.5285865e-02
   4.5822868e-03
  -5.0629596e-03
  -6.4501949e-03
  -2.8791474e-03
   0.0000000e+00
   0.0000000e+00
   5.8386796e-03
   1.0051421e-02
   7.5296839e-03
   1.1119607e-02
   1.0772092e-02
   1.0990364e-02
   0.0000000e+00
  -4.4967302e-03
  -1.2508699e-03
   0.0000000e+00
   0.0000000e+00
   0.0000000e+00
   0.0000000e+00
   0.0000000e+00
   0.0000000e+00
   0.0000000e+00
   0.0000000e+00
   0.0000000e+00
   0.0000000e+00
   0.0000000e+00
   0.0000000e+00
   0.0000000e+00
   0.0000000e+00
   0.0000000e+00
   0.0000000e+00
   0.0000000e+00
   0.0000000e+00
   4.1978508e-02
   4.6019723e-02
   5.7932489e-02
   6.0238492e-02
   5.8176581e-02
   5.4712705e-02
   5.0099816e-02
   4.4561390e-02
   3.8211398e-02
   3.4038123e-02
   3.0659264e-02
   2.8366279e-02
   2.7706537e-02
   2.8541932e-02
   3.0764824e-02
   3.2110691e-02
   3.2579217e-02
   3.1314462e-02
   2.8126124e-02
   2.3767311e-02
   2.3283096e-02
   2.4406202e-02
   2.2792857e-02
   0.0000000e+00
   0.0000000e+00
   0.0000000e+00
   0.0000000e+00
   0.0000000e+00
   0.0000000e+00
   0.0000000e+00
   0.0000000e+00
   0.0000000e+00
   3.6120844e-02
   5.1410741e-02
   5.4887753e-02
   5.1863290e-02
   4.7213145e-02
   4.2494375e-02
   3.0892486e-02
   1.8731060e-02
   7.0019290e-03
  -1.2292070e-03
  -4.2786775e-03
   0.0000000e+00
   0.0000000e+00
   5.8386796e-03
   1.0051421e-02
   1.2423785e-02
   1.5600620e-02
   0.0000000e+00
   0.0000000e+00
   0.0000000e+00
  -1.4705964e-02
   0.0000000e+00
  -2.4021021e-02
  -2.8891070e-02
  -2.2481504e-02
  -1.3306367e-02
   0.0000000e+00
   0.0000000e+00
   0.0000000e+00
   0.0000000e+00
   0.0000000e+00
   0.0000000e+00
   0.0000000e+00
   0.0000000e+00
   0.0000000e+00
   0.0000000e+00
   0.0000000e+00
   0.0000000e+00
   0.0000000e+00
   0.0000000e+00
   0.0000000e+00
   2.6999465e-02
   3.9406177e-02
   4.8460693e-02
   5.5933548e-02
   6.2035353e-02
   6.4667711e-02
   6.3782130e-02
   5.9825536e-02
   5.7566929e-02
   5.5251894e-02
   5.2513343e-02
   5.2338345e-02
   5.3573466e-02
   5.3909431e-02
   5.5361345e-02
   5.5994802e-02
   5.1213100e-02
   4.6796775e-02
   4.0076640e-02
   3.2012896e-02
   2.9363259e-02
   2.5750873e-02
   0.0000000e+00
   0.0000000e+00
   0.0000000e+00
   0.0000000e+00
   0.0000000e+00
   0.0000000e+00
   0.0000000e+00
   0.0000000e+00
   0.0000000e+00
   0.0000000e+00
   4.9847308e-02
   5.7753456e-02
   6.1486199e-02
   6.0971054e-02
   5.9582061e-02
   4.8301484e-02
   3.4765923e-02
   2.0715118e-02
   3.1106880e-03
  -7.5441548e-03
   0.0000000e+00
   0.0000000e+00
   0.0000000e+00
   0.0000000e+00
  -2.7956912e-04
   0.0000000e+00
   0.0000000e+00
   0.0000000e+00
   0.0000000e+00
   0.0000000e+00
   0.0000000e+00
  -0.0000000e+00
  -2.8891071e-02
  -2.2481503e-02
  -1.3306367e-02
   0.0000000e+00
   0.0000000e+00
   0.0000000e+00
   0.0000000e+00
   0.0000000e+00
   0.0000000e+00
   0.0000000e+00
   0.0000000e+00
   0.0000000e+00
   0.0000000e+00
   0.0000000e+00
   0.0000000e+00
   0.0000000e+00
   0.0000000e+00
   0.0000000e+00
  -2.0198027e-03
   1.5782138e-02
   2.9596526e-02
   4.4642556e-02
   6.0324732e-02
   6.8209574e-02
   7.2390236e-02
   7.2742462e-02
   7.3011592e-02
   7.2536752e-02
   7.1397208e-02
   7.2202206e-02
   7.2632812e-02
   7.4170232e-02
   7.4127868e-02
   7.2497346e-02
   6.8522573e-02
   6.0914554e-02
   5.1937886e-02
   3.5875607e-02
   2.8191107e-02
   2.5750873e-02
   0.0000000e+00
   0.0000000e+00
   0.0000000e+00
   0.0000000e+00
   0.0000000e+00
   0.0000000e+00
   0.0000000e+00
   0.0000000e+00
   0.0000000e+00
   0.0000000e+00
   0.0000000e+00
   5.7753459e-02
   6.1486202e-02
   6.0971042e-02
   6.1605737e-02
   5.7291877e-02
   4.5427699e-02
   3.1448212e-02
   1.2506469e-02
   6.4654101e-04
   0.0000000e+00
   0.0000000e+00
   0.0000000e+00
   0.0000000e+00
  -2.7956912e-04
   0.0000000e+00
   0.0000000e+00
   0.0000000e+00
   0.0000000e+00
   0.0000000e+00
   0.0000000e+00
  -1.4730890e-02
  -1.7922396e-02
  -1.4279759e-02
  -1.3306366e-02
   0.0000000e+00
   0.0000000e+00
   0.0000000e+00
   0.0000000e+00
   0.0000000e+00
   0.0000000e+00
   0.0000000e+00
   0.0000000e+00
   0.0000000e+00
   0.0000000e+00
   0.0000000e+00
   0.0000000e+00
   0.0000000e+00
   0.0000000e+00
   0.0000000e+00
  -9.4307636e-03
   4.1838852e-03
   1.9992147e-02
   3.8125105e-02
   5.6072176e-02
   6.8098404e-02
   7.5170852e-02
   8.0790564e-02
   8.3247058e-02
   8.4662706e-02
   8.6248897e-02
   8.7405667e-02
   8.8742137e-02
   8.8920712e-02
   8.8376299e-02
   8.5001186e-02
   7.9403244e-02
   6.9986559e-02
   5.8393922e-02
   3.8989674e-02
   2.6455401e-02
   0.0000000e+00
   0.0000000e+00
   0.0000000e+00
   0.0000000e+00
   0.0000000e+00
   0.0000000e+00
   0.0000000e+00
   0.0000000e+00
   0.0000000e+00
   0.0000000e+00
   0.0000000e+00
   0.0000000e+00
   0.0000000e+00
   0.0000000e+00
   0.0000000e+00
   5.8004906e-02
   6.2662981e-02
   5.0943535e-02
   3.9312858e-02
   2.2010479e-02
   1.3754537e-02
   1.1968852e-02
   0.0000000e+00
   0.0000000e+00
   0.0000000e+00
   0.0000000e+00
   0.0000000e+00
   0.0000000e+00
  -0.0000000e+00
  -6.2605759e-03
  -3.4779514e-03
  -0.0000000e+00
  -4.3056570e-03
  -5.0907684e-03
  -1.2494317e-02
   0.0000000e+00
   0.0000000e+00
   0.0000000e+00
   0.0000000e+00
   0.0000000e+00
   0.0000000e+00
   0.0000000e+00
   0.0000000e+00
   0.0000000e+00
   0.0000000e+00
   0.0000000e+00
   0.0000000e+00
   0.0000000e+00
   0.0000000e+00
   0.0000000e+00
   0.0000000e+00
   2.9168225e-03
   4.6997117e-03
   2.0484099e-02
   3.7357118e-02
   5.6054231e-02
   6.9289610e-02
   7.8276105e-02
   8.7453432e-02
   9.1610931e-02
   9.5092013e-02
   9.7340882e-02
   9.9270947e-02
   9.9493042e-02
   9.9677220e-02
   9.6905470e-02
   9.2931449e-02
   8.3325088e-02
   7.3388681e-02
   5.9076227e-02
   4.0276032e-02
   2.5376335e-02
   0.0000000e+00
   0.0000000e+00
   0.0000000e+00
   0.0000000e+00
   0.0000000e+00
   0.0000000e+00
   0.0000000e+00
   0.0000000e+00
   0.0000000e+00
   0.0000000e+00
   0.0000000e+00
   0.0000000e+00
   0.0000000e+00
   0.0000000e+00
   0.0000000e+00
   5.2092160e-02
   6.1752792e-02
   5.2015655e-02
   4.2391755e-02
   2.8880848e-02
   1.8979603e-02
   1.3818646e-02
   0.0000000e+00
   0.0000000e+00
   0.0000000e+00
   0.0000000e+00
   0.0000000e+00
   0.0000000e+00
  -0.0000000e+00
  -6.0367240e-03
  -4.6780094e-03
   6.1662079e-03
   3.1080487e-03
   1.3469823e-04
   0.0000000e+00
   0.0000000e+00
   0.0000000e+00
   0.0000000e+00
   0.0000000e+00
   0.0000000e+00
   0.0000000e+00
   0.0000000e+00
   0.0000000e+00
   0.0000000e+00
   0.0000000e+00
   0.0000000e+00
   0.0000000e+00
   0.0000000e+00
   0.0000000e+00
   0.0000000e+00
   0.0000000e+00
   2.2995601e-02
   9.2327371e-03
   2.8052383e-02
   3.9810300e-02
   6.1147239e-02
   7.1666918e-02
   8.3313599e-02
   9.1278084e-02
   9.7650002e-02
   1.0032782e-01
   1.0334274e-01
   1.0358849e-01
   1.0308554e-01
   1.0091387e-01
   9.6909571e-02
   9.1098495e-02
   7.9557240e-02
   6.8185299e-02
   5.3419590e-02
   3.5972670e-02
   2.3972618e-02
   0.0000000e+00
   0.0000000e+00
   0.0000000e+00
   0.0000000e+00
   0.0000000e+00
   0.0000000e+00
   0.0000000e+00
   0.0000000e+00
   0.0000000e+00
   0.0000000e+00
   0.0000000e+00
   0.0000000e+00
   0.0000000e+00
   0.0000000e+00
   0.0000000e+00
   5.0355628e-02
   5.6214176e-02
   4.8103949e-02
   4.1118816e-02
   3.0942516e-02
   2.1023276e-02
   1.5368231e-02
   0.0000000e+00
   0.0000000e+00
   0.0000000e+00
   0.0000000e+00
   0.0000000e+00
   0.0000000e+00
  -0.0000000e+00
  -5.8492017e-03
  -4.9293341e-03
   7.9689580e-03
   1.0959298e-02
   0.0000000e+00
   0.0000000e+00
   0.0000000e+00
   0.0000000e+00
   0.0000000e+00
   0.0000000e+00
   0.0000000e+00
   0.0000000e+00
   0.0000000e+00
   0.0000000e+00
   0.0000000e+00
   0.0000000e+00
   0.0000000e+00
   0.0000000e+00
   0.0000000e+00
   0.0000000e+00
   0.0000000e+00
   0.0000000e+00
   3.3261354e-02
   1.4057945e-02
   3.6547466e-02
   4.3405972e-02
   6.6657498e-02
   7.3338813e-02
   8.5885569e-02
   8.9519560e-02
   9.6104245e-02
   9.6281312e-02
   9.9080428e-02
   9.7188200e-02
   9.5792994e-02
   9.0727314e-02
   8.5871314e-02
   7.8712195e-02
   6.6156305e-02
   5.4902540e-02
   4.0490951e-02
   2.8337530e-02
   2.2746466e-02
   0.0000000e+00
   0.0000000e+00
   0.0000000e+00
   0.0000000e+00
   0.0000000e+00
   0.0000000e+00
   0.0000000e+00
   0.0000000e+00
   0.0000000e+00
   0.0000000e+00
   0.0000000e+00
   0.0000000e+00
   0.0000000e+00
   0.0000000e+00
   0.0000000e+00
   5.3245455e-02
   4.6762660e-02
   3.9137914e-02
   3.5392813e-02
   2.9265925e-02
   0.0000000e+00
   0.0000000e+00
   0.0000000e+00
   0.0000000e+00
   0.0000000e+00
   0.0000000e+00
   0.0000000e+00
   0.0000000e+00
   0.0000000e+00
   0.0000000e+00
   0.0000000e+00
   0.0000000e+00
   0.0000000e+00
   0.0000000e+00
   0.0000000e+00
   0.0000000e+00
   0.0000000e+00
   0.0000000e+00
   0.0000000e+00
   0.0000000e+00
   0.0000000e+00
   0.0000000e+00
   0.0000000e+00
   0.0000000e+00
   0.0000000e+00
   0.0000000e+00
   0.0000000e+00
   0.0000000e+00
   0.0000000e+00
   0.0000000e+00
   0.0000000e+00
   0.0000000e+00
   2.2102237e-02
   3.9730407e-02
   4.2317804e-02
   5.8906823e-02
   6.8013504e-02
   7.5671457e-02
   7.8571141e-02
   8.0028735e-02
   8.0509886e-02
   7.9442188e-02
   7.7725455e-02
   7.4039005e-02
   6.9168024e-02
   6.4677529e-02
   5.6998011e-02
   4.5129802e-02
   3.4958787e-02
   2.1893276e-02
   1.0011386e-02
   0.0000000e+00
   0.0000000e+00
   0.0000000e+00
   0.0000000e+00
   0.0000000e+00
   0.0000000e+00
   0.0000000e+00
   0.0000000e+00
   0.0000000e+00
   0.0000000e+00
   0.0000000e+00
   0.0000000e+00
   0.0000000e+00
   0.0000000e+00
   0.0000000e+00
   5.6587473e-02
   4.7309518e-02
   2.9256159e-02
   2.5781641e-02
   2.5275435e-02
   2.4742883e-02
   1.5321229e-02
   0.0000000e+00
   0.0000000e+00
   0.0000000e+00
   0.0000000e+00
   0.0000000e+00
   0.0000000e+00
   0.0000000e+00
   0.0000000e+00
   0.0000000e+00
   0.0000000e+00
   0.0000000e+00
   0.0000000e+00
   0.0000000e+00
   0.0000000e+00
   0.0000000e+00
   0.0000000e+00
   0.0000000e+00
   0.0000000e+00
   0.0000000e+00
   0.0000000e+00
   0.0000000e+00
   0.0000000e+00
   0.0000000e+00
   0.0000000e+00
   0.0000000e+00
   0.0000000e+00
   0.0000000e+00
   0.0000000e+00
   0.0000000e+00
   0.0000000e+00
   0.0000000e+00
   3.6698684e-02
   3.9217598e-02
   3.7220926e-02
   4.0167909e-02
   3.9554480e-02
   4.3860618e-02
   5.1088333e-02
   4.9722098e-02
   4.9680781e-02
   4.8279271e-02
   4.3076608e-02
   3.8094297e-02
   3.2695848e-02
   3.1707257e-02
   2.6840109e-02
   1.9315513e-02
   1.0856681e-02
   3.3512327e-04
  -7.7191916e-03
   0.0000000e+00
   0.0000000e+00
   0.0000000e+00
   0.0000000e+00
   0.0000000e+00
   0.0000000e+00
   0.0000000e+00
   0.0000000e+00
   0.0000000e+00
   0.0000000e+00
   0.0000000e+00
   0.0000000e+00
   0.0000000e+00
   0.0000000e+00
   6.0418045e-02
   4.6125587e-02
   3.3446244e-02
   1.3041713e-02
   9.2883948e-03
   1.2186443e-02
   1.3014970e-02
   8.0250353e-03
   0.0000000e+00
   0.0000000e+00
   0.0000000e+00
   0.0000000e+00
   0.0000000e+00
   0.0000000e+00
   0.0000000e+00
   0.0000000e+00
   0.0000000e+00
   0.0000000e+00
   0.0000000e+00
   0.0000000e+00
   0.0000000e+00
   0.0000000e+00
   0.0000000e+00
   0.0000000e+00
   0.0000000e+00
   0.0000000e+00
   0.0000000e+00
   0.0000000e+00
   0.0000000e+00
   0.0000000e+00
   0.0000000e+00
   0.0000000e+00
   0.0000000e+00
   0.0000000e+00
   0.0000000e+00
   0.0000000e+00
   0.0000000e+00
   0.0000000e+00
   0.0000000e+00
   6.9085054e-02
   3.5819326e-02
   0.0000000e+00
  -0.0000000e+00
  -2.8745767e-03
  -3.3296079e-03
   9.2229294e-03
   1.1188839e-02
   7.3163295e-03
   1.7676218e-03
  -1.2161588e-02
   8.9923793e-04
   1.3476273e-02
  -3.8475827e-03
  -1.0769149e-02
  -1.1955000e-02
  -1.1324013e-02
  -2.5956288e-02
   0.0000000e+00
   0.0000000e+00
   0.0000000e+00
   0.0000000e+00
   0.0000000e+00
   0.0000000e+00
   0.0000000e+00
   0.0000000e+00
   0.0000000e+00
   0.0000000e+00
   0.0000000e+00
   0.0000000e+00
   0.0000000e+00
   0.0000000e+00
   0.0000000e+00
   5.4350235e-02
   3.4232911e-02
   1.9091551e-02
  -0.0000000e+00
  -1.0318215e-02
  -1.8173320e-02
  -1.8088922e-02
   1.0297052e-03
   0.0000000e+00
   0.0000000e+00
   0.0000000e+00
   0.0000000e+00
   0.0000000e+00
   0.0000000e+00
   0.0000000e+00
   0.0000000e+00
   0.0000000e+00
   0.0000000e+00
   0.0000000e+00
   0.0000000e+00
   0.0000000e+00
   0.0000000e+00
   0.0000000e+00
   0.0000000e+00
   0.0000000e+00
   0.0000000e+00
   0.0000000e+00
   0.0000000e+00
   0.0000000e+00
   0.0000000e+00
   0.0000000e+00
   0.0000000e+00
   0.0000000e+00
   0.0000000e+00
   0.0000000e+00
   0.0000000e+00
   0.0000000e+00
   0.0000000e+00
   0.0000000e+00
   8.1689071e-02
   3.3004059e-02
   0.0000000e+00
  -0.0000000e+00
  -3.5938873e-02
  -4.7990080e-02
  -3.2163069e-02
  -2.1190114e-02
  -2.5378631e-02
  -3.1735027e-02
  -3.3089473e-02
  -3.9214382e-02
   0.0000000e+00
  -0.0000000e+00
  -2.4178955e-02
  -2.9448178e-02
  -3.6388033e-02
  -3.9955167e-02
   0.0000000e+00
   0.0000000e+00
   0.0000000e+00
   0.0000000e+00
   0.0000000e+00
   0.0000000e+00
   0.0000000e+00
   0.0000000e+00
   0.0000000e+00
   0.0000000e+00
   0.0000000e+00
   0.0000000e+00
   0.0000000e+00
   0.0000000e+00
   0.0000000e+00
   1.9325050e-02
   8.5251376e-03
   0.0000000e+00
   0.0000000e+00
  -0.0000000e+00
  -3.1478137e-02
  -3.5468789e-02
  -3.0440751e-02
  -3.5263845e-02
  -1.8004039e-02
  -1.1276673e-02
  -2.9519620e-03
   0.0000000e+00
   0.0000000e+00
   0.0000000e+00
   0.0000000e+00
   0.0000000e+00
   0.0000000e+00
   0.0000000e+00
   0.0000000e+00
   0.0000000e+00
   0.0000000e+00
   0.0000000e+00
   0.0000000e+00
   0.0000000e+00
   0.0000000e+00
   0.0000000e+00
   0.0000000e+00
   0.0000000e+00
   0.0000000e+00
   0.0000000e+00
   0.0000000e+00
   0.0000000e+00
   0.0000000e+00
   0.0000000e+00
   0.0000000e+00
   0.0000000e+00
   0.0000000e+00
   0.0000000e+00
   0.0000000e+00
   0.0000000e+00
   0.0000000e+00
   0.0000000e+00
   0.0000000e+00
   0.0000000e+00
  -0.0000000e+00
  -2.7926653e-02
  -2.9660803e-02
   0.0000000e+00
   0.0000000e+00
   0.0000000e+00
   0.0000000e+00
   0.0000000e+00
   0.0000000e+00
   0.0000000e+00
   0.0000000e+00
   0.0000000e+00
   0.0000000e+00
   0.0000000e+00
   0.0000000e+00
   0.0000000e+00
   0.0000000e+00
   0.0000000e+00
   0.0000000e+00
   0.0000000e+00
   0.0000000e+00
   0.0000000e+00
   0.0000000e+00
   0.0000000e+00
   0.0000000e+00
   0.0000000e+00
   0.0000000e+00
   0.0000000e+00
   0.0000000e+00
   0.0000000e+00
   0.0000000e+00
   0.0000000e+00
   0.0000000e+00
   0.0000000e+00
  -0.0000000e+00
  -3.1405520e-02
  -1.5524452e-02
  -2.1582025e-03
  -6.7859446e-04
   0.0000000e+00
   0.0000000e+00
   0.0000000e+00
   0.0000000e+00
   0.0000000e+00
   0.0000000e+00
   0.0000000e+00
   0.0000000e+00
   0.0000000e+00
   0.0000000e+00
   0.0000000e+00
   0.0000000e+00
   0.0000000e+00
   0.0000000e+00
   0.0000000e+00
   0.0000000e+00
   0.0000000e+00
   0.0000000e+00
   0.0000000e+00
   0.0000000e+00
   0.0000000e+00
   0.0000000e+00
   0.0000000e+00
   0.0000000e+00
   0.0000000e+00
   0.0000000e+00
   0.0000000e+00
   0.0000000e+00
   0.0000000e+00
   0.0000000e+00
   0.0000000e+00
   0.0000000e+00
   0.0000000e+00
   0.0000000e+00
   0.0000000e+00
   0.0000000e+00
   0.0000000e+00
   0.0000000e+00
   0.0000000e+00
   0.0000000e+00
   0.0000000e+00
   0.0000000e+00
   0.0000000e+00
   0.0000000e+00
   0.0000000e+00
   0.0000000e+00
   0.0000000e+00
   0.0000000e+00
   0.0000000e+00
   0.0000000e+00
   0.0000000e+00
   0.0000000e+00
   0.0000000e+00
   0.0000000e+00
   0.0000000e+00
   0.0000000e+00
   0.0000000e+00
   0.0000000e+00
   0.0000000e+00
   0.0000000e+00
   0.0000000e+00
   0.0000000e+00
   0.0000000e+00
   0.0000000e+00
   0.0000000e+00
   0.0000000e+00
   0.0000000e+00
   0.0000000e+00
  -8.8363665e-03
  -6.1741322e-03
  -2.0497497e-03
  -1.5705784e-05
   0.0000000e+00
   0.0000000e+00
   0.0000000e+00
   0.0000000e+00
   0.0000000e+00
   0.0000000e+00
   0.0000000e+00
   0.0000000e+00
   0.0000000e+00
   0.0000000e+00
   0.0000000e+00
   0.0000000e+00
   0.0000000e+00
   0.0000000e+00
   0.0000000e+00
   0.0000000e+00
   0.0000000e+00
   0.0000000e+00
   0.0000000e+00
   0.0000000e+00
   0.0000000e+00
   0.0000000e+00
   0.0000000e+00
   0.0000000e+00
   0.0000000e+00
   0.0000000e+00
   0.0000000e+00
   0.0000000e+00
   0.0000000e+00
   0.0000000e+00
   0.0000000e+00
   0.0000000e+00
   0.0000000e+00
   0.0000000e+00
   0.0000000e+00
   0.0000000e+00
   0.0000000e+00
  -0.0000000e+00
  -4.1602958e-02
  -4.8414863e-02
  -0.0000000e+00
   0.0000000e+00
  -0.0000000e+00
  -0.0000000e+00
  -0.0000000e+00
  -1.9269897e-02
  -1.1776014e-02
  -4.3113371e-03
   8.3519959e-04
   0.0000000e+00
   0.0000000e+00
   0.0000000e+00
   0.0000000e+00
   0.0000000e+00
   0.0000000e+00
   0.0000000e+00
   0.0000000e+00
   0.0000000e+00
   0.0000000e+00
   0.0000000e+00
   0.0000000e+00
   0.0000000e+00
   0.0000000e+00
   0.0000000e+00
   0.0000000e+00
   0.0000000e+00
   0.0000000e+00
   0.0000000e+00
   0.0000000e+00
   1.1903810e-04
  -1.1354211e-02
  -1.5667094e-02
   0.0000000e+00
   0.0000000e+00
   0.0000000e+00
   0.0000000e+00
   0.0000000e+00
   0.0000000e+00
   0.0000000e+00
   0.0000000e+00
   0.0000000e+00
   0.0000000e+00
   0.0000000e+00
   0.0000000e+00
   0.0000000e+00
   0.0000000e+00
   0.0000000e+00
   0.0000000e+00
   0.0000000e+00
   0.0000000e+00
   0.0000000e+00
  -1.3460579e-02
  -1.3154628e-02
  -1.6369723e-02
  -1.8437290e-02
  -2.0077242e-02
  -1.7996747e-02
  -1.6545657e-02
  -2.0615425e-02
  -2.0366726e-02
  -1.9809125e-02
  -1.9929482e-02
  -2.0181669e-02
  -2.0436049e-02
  -2.0500092e-02
  -1.9676263e-02
  -2.3174832e-02
  -2.5581813e-02
  -2.4591195e-02
  -2.4490193e-02
  -2.5408965e-02
  -2.6564146e-02
  -2.6484177e-02
  -2.2160962e-02
  -2.3709532e-02
  -1.9223920e-02
  -1.3679989e-02
  -7.4941746e-03
  -4.4652694e-03
  -3.5098867e-03
  -4.5562979e-03
  -5.4789482e-03
  -4.4418402e-03
  -5.8252214e-03
  -8.1292382e-03
  -1.1843916e-02
  -1.1521801e-02
  -0.0000000e+00
  -0.0000000e+00
  -0.0000000e+00
  -0.0000000e+00
  -0.0000000e+00
  -0.0000000e+00
  -0.0000000e+00
  -0.0000000e+00
  -0.0000000e+00
  -0.0000000e+00
  -0.0000000e+00
  -0.0000000e+00
  -6.9095024e-03
  -4.4477819e-03
  -6.4542089e-03
  -8.3728870e-03
  -9.5328625e-03
  -1.0892229e-02
  -1.7136711e-02
  -0.0000000e+00
  -0.0000000e+00
  -0.0000000e+00
  -0.0000000e+00
  -0.0000000e+00
  -0.0000000e+00
  -0.0000000e+00
  -0.0000000e+00
  -0.0000000e+00
  -0.0000000e+00
  -0.0000000e+00
  -0.0000000e+00
  -0.0000000e+00
  -0.0000000e+00
  -0.0000000e+00
  -0.0000000e+00
  -0.0000000e+00
