   1.5122391e-01
   8.1138527e-02
   5.3287571e-02
   4.2361468e-02
   4.0613096e-02
   4.0879400e-02
   3.8686783e-02
   3.3166561e-02
   2.9229714e-02
   2.7951387e-02
   2.8922793e-02
   2.6038358e-02
   1.3497912e-02
  -2.0512199e-02
  -6.3587683e-02
  -1.0545748e-01
  -9.6934818e-02
  -0.0000000e+00
   0.0000000e+00
   0.0000000e+00
   0.0000000e+00
   0.0000000e+00
   1.0603747e-01
   7.6740377e-02
   4.4948268e-02
   1.6999102e-02
   2.3258898e-03
  -1.2696310e-02
  -2.2188955e-02
   0.0000000e+00
   0.0000000e+00
   0.0000000e+00
   0.0000000e+00
   0.0000000e+00
   0.0000000e+00
   0.0000000e+00
   0.0000000e+00
   0.0000000e+00
   0.0000000e+00
   0.0000000e+00
   0.0000000e+00
   0.0000000e+00
   0.0000000e+00
   0.0000000e+00
   0.0000000e+00
   0.0000000e+00
   0.0000000e+00
   0.0000000e+00
   0.0000000e+00
   0.0000000e+00
   0.0000000e+00
   0.0000000e+00
   0.0000000e+00
   0.0000000e+00
   0.0000000e+00
   0.0000000e+00
   0.0000000e+00
   0.0000000e+00
   0.0000000e+00
   0.0000000e+00
   0.0000000e+00
   0.0000000e+00
   0.0000000e+00
   0.0000000e+00
   0.0000000e+00
   0.0000000e+00
   0.0000000e+00
   0.0000000e+00
   0.0000000e+00
   0.0000000e+00
   0.0000000e+00
   2.1665160e-01
   7.9713538e-02
   4.4602696e-02
   3.0838752e-02
   2.3729695e-02
   1.9422077e-02
   1.6941512e-02
   1.4576716e-02
   1.1786710e-02
   9.8388651e-03
   8.0480073e-03
   5.6992555e-03
   3.2989879e-03
   6.3098368e-04
  -4.0428629e-03
  -1.2127973e-02
  -2.6601164e-02
  -5.1803928e-02
  -6.3189808e-02
  -5.3826791e-02
   0.0000000e+00
   0.0000000e+00
   0.0000000e+00
   0.0000000e+00
   2.6120598e-02
   9.8190755e-03
  -1.1995937e-02
  -3.8709823e-02
  -4.5122188e-02
   0.0000000e+00
   0.0000000e+00
   0.0000000e+00
   0.0000000e+00
   0.0000000e+00
   0.0000000e+00
   0.0000000e+00
   0.0000000e+00
   0.0000000e+00
   0.0000000e+00
   0.0000000e+00
   0.0000000e+00
   0.0000000e+00
   0.0000000e+00
   0.0000000e+00
   0.0000000e+00
   0.0000000e+00
   0.0000000e+00
   0.0000000e+00
   0.0000000e+00
   0.0000000e+00
   0.0000000e+00
   0.0000000e+00
   0.0000000e+00
   0.0000000e+00
   0.0000000e+00
   0.0000000e+00
   0.0000000e+00
   0.0000000e+00
   0.0000000e+00
   0.0000000e+00
   0.0000000e+00
   0.0000000e+00
   0.0000000e+00
   0.0000000e+00
   0.0000000e+00
   0.0000000e+00
   0.0000000e+00
   0.0000000e+00
   0.0000000e+00
   0.0000000e+00
   0.0000000e+00
   0.0000000e+00
   1.2723967e-01
   5.0384764e-02
   2.7246553e-02
   2.0274672e-02
   1.3847140e-02
   6.5362137e-03
   3.4728810e-03
   1.8018208e-03
  -1.0288544e-03
  -3.2096327e-03
  -4.0774699e-03
  -5.3999959e-03
  -7.6114852e-03
  -9.2709716e-03
  -1.1042424e-02
  -1.4775470e-02
  -1.9492827e-02
  -2.4829758e-02
  -3.3444762e-02
  -4.6050477e-02
   0.0000000e+00
   0.0000000e+00
   0.0000000e+00
   0.0000000e+00
   0.0000000e+00
  -7.1330386e-03
  -2.9275516e-02
  -5.2666907e-02
  -7.1568610e-02
   0.0000000e+00
   0.0000000e+00
   0.0000000e+00
   0.0000000e+00
   0.0000000e+00
   0.0000000e+00
   0.0000000e+00
   0.0000000e+00
   0.0000000e+00
   0.0000000e+00
   0.0000000e+00
   0.0000000e+00
   0.0000000e+00
   0.0000000e+00
   0.0000000e+00
   0.0000000e+00
   0.0000000e+00
   0.0000000e+00
   0.0000000e+00
   0.0000000e+00
   0.0000000e+00
   0.0000000e+00
   0.0000000e+00
   0.0000000e+00
   0.0000000e+00
   0.0000000e+00
   0.0000000e+00
   0.0000000e+00
   0.0000000e+00
   0.0000000e+00
   0.0000000e+00
   0.0000000e+00
   0.0000000e+00
   0.0000000e+00
   0.0000000e+00
   0.0000000e+00
   0.0000000e+00
   0.0000000e+00
   0.0000000e+00
   0.0000000e+00
   0.0000000e+00
   0.0000000e+00
   0.0000000e+00
   9.6807781e-02
   2.9763261e-02
   1.4303386e-02
   6.2142648e-03
   2.1291568e-04
  -3.1099601e-03
  -6.4663109e-03
  -8.0813412e-03
  -8.9304568e-03
  -1.1496246e-02
  -1.1999129e-02
  -1.1970319e-02
  -1.4611106e-02
  -1.5759720e-02
  -1.7007273e-02
  -2.0212077e-02
  -2.2651605e-02
  -2.7734378e-02
  -3.1285957e-02
  -3.3727780e-02
  -4.2087029e-02
   0.0000000e+00
   0.0000000e+00
   0.0000000e+00
   0.0000000e+00
   0.0000000e+00
  -3.2746217e-02
  -4.1480675e-02
   0.0000000e+00
   0.0000000e+00
   0.0000000e+00
   0.0000000e+00
   0.0000000e+00
   0.0000000e+00
   0.0000000e+00
   0.0000000e+00
   0.0000000e+00
   0.0000000e+00
   0.0000000e+00
   0.0000000e+00
   0.0000000e+00
   0.0000000e+00
   0.0000000e+00
   0.0000000e+00
   0.0000000e+00
   0.0000000e+00
   0.0000000e+00
   0.0000000e+00
   0.0000000e+00
   0.0000000e+00
   0.0000000e+00
   0.0000000e+00
   0.0000000e+00
   0.0000000e+00
   0.0000000e+00
   0.0000000e+00
   0.0000000e+00
   0.0000000e+00
   0.0000000e+00
   0.0000000e+00
   0.0000000e+00
   0.0000000e+00
   0.0000000e+00
   0.0000000e+00
   0.0000000e+00
   0.0000000e+00
   0.0000000e+00
   0.0000000e+00
   0.0000000e+00
   0.0000000e+00
   0.0000000e+00
   0.0000000e+00
   6.6498123e-02
   6.3350578e-03
  -5.2528684e-03
  -9.6046280e-03
  -1.1396293e-02
  -1.3733688e-02
  -1.3905623e-02
  -1.4562455e-02
  -1.6142467e-02
  -1.5960928e-02
  -1.7181410e-02
  -1.8467169e-02
  -1.8738703e-02
  -2.1139625e-02
  -2.1224665e-02
  -2.2906511e-02
  -2.6820168e-02
  -2.6432561e-02
  -3.1188365e-02
  -3.4127533e-02
  -3.5461003e-02
  -4.5569160e-02
   0.0000000e+00
   0.0000000e+00
   0.0000000e+00
   0.0000000e+00
  -0.0000000e+00
  -1.0138339e-02
  -2.0079280e-02
   0.0000000e+00
   0.0000000e+00
   0.0000000e+00
   0.0000000e+00
   0.0000000e+00
   0.0000000e+00
   0.0000000e+00
   0.0000000e+00
   0.0000000e+00
   0.0000000e+00
   0.0000000e+00
   0.0000000e+00
   0.0000000e+00
   0.0000000e+00
   0.0000000e+00
   0.0000000e+00
   0.0000000e+00
   0.0000000e+00
   0.0000000e+00
   0.0000000e+00
   0.0000000e+00
   0.0000000e+00
   0.0000000e+00
   0.0000000e+00
   0.0000000e+00
   0.0000000e+00
   0.0000000e+00
   0.0000000e+00
   0.0000000e+00
   0.0000000e+00
   0.0000000e+00
   0.0000000e+00
   0.0000000e+00
   0.0000000e+00
   0.0000000e+00
   0.0000000e+00
   0.0000000e+00
   0.0000000e+00
   0.0000000e+00
   0.0000000e+00
   0.0000000e+00
   0.0000000e+00
   4.4940480e-02
   2.0897514e-02
  -1.6040152e-02
  -1.8871641e-02
  -1.9615848e-02
  -2.0260677e-02
  -1.7263496e-02
  -1.8134613e-02
  -1.7428780e-02
  -1.7504938e-02
  -1.9220820e-02
  -1.8141918e-02
  -2.1033917e-02
  -2.0974062e-02
  -2.0696973e-02
  -2.4018876e-02
  -2.2362048e-02
  -2.6051890e-02
  -2.7887542e-02
  -2.6934776e-02
  -3.2560941e-02
  -2.9369356e-02
  -3.3666005e-02
  -4.0126355e-02
   0.0000000e+00
   0.0000000e+00
   0.0000000e+00
   0.0000000e+00
  -5.5845757e-03
  -1.2813434e-02
   0.0000000e+00
   0.0000000e+00
   0.0000000e+00
   0.0000000e+00
   0.0000000e+00
   0.0000000e+00
   0.0000000e+00
   0.0000000e+00
   0.0000000e+00
   0.0000000e+00
   0.0000000e+00
   0.0000000e+00
   0.0000000e+00
   0.0000000e+00
   0.0000000e+00
   0.0000000e+00
   0.0000000e+00
   0.0000000e+00
   0.0000000e+00
   0.0000000e+00
   0.0000000e+00
   1.5523890e-02
   1.0170676e-02
   7.6962471e-03
  -2.9771206e-03
  -1.0813961e-02
  -1.4813563e-02
   0.0000000e+00
   0.0000000e+00
   0.0000000e+00
   0.0000000e+00
   0.0000000e+00
   0.0000000e+00
   0.0000000e+00
   0.0000000e+00
   0.0000000e+00
   0.0000000e+00
   0.0000000e+00
   0.0000000e+00
   0.0000000e+00
   0.0000000e+00
   2.6148776e-02
   6.6471319e-03
  -5.0429301e-03
  -2.6066322e-02
  -2.7428297e-02
  -2.4013584e-02
  -2.1707531e-02
  -1.8461009e-02
  -1.7155349e-02
  -1.7014140e-02
  -1.6380507e-02
  -1.7187219e-02
  -1.7720925e-02
  -1.8373802e-02
  -1.9541195e-02
  -1.9756153e-02
  -2.1115547e-02
  -2.2615176e-02
  -2.3044983e-02
  -2.7067950e-02
  -2.5680859e-02
  -2.6862364e-02
  -2.7426984e-02
  -2.6778407e-02
  -3.0201452e-02
   0.0000000e+00
   0.0000000e+00
   0.0000000e+00
   0.0000000e+00
  -0.0000000e+00
  -1.3049550e-05
   0.0000000e+00
   0.0000000e+00
   0.0000000e+00
   0.0000000e+00
   0.0000000e+00
   0.0000000e+00
   0.0000000e+00
   0.0000000e+00
   0.0000000e+00
   0.0000000e+00
   0.0000000e+00
   0.0000000e+00
   0.0000000e+00
   0.0000000e+00
   0.0000000e+00
   0.0000000e+00
   0.0000000e+00
   0.0000000e+00
   0.0000000e+00
   0.0000000e+00
   1.1680988e-02
   1.2594254e-02
   6.2866211e-03
   2.9402687e-03
  -4.9968227e-03
  -1.1439654e-02
  -1.5582932e-02
   0.0000000e+00
   0.0000000e+00
   7.7136002e-03
   0.0000000e+00
   0.0000000e+00
   0.0000000e+00
   0.0000000e+00
   0.0000000e+00
   0.0000000e+00
   0.0000000e+00
   0.0000000e+00
   0.0000000e+00
   0.0000000e+00
   1.3950260e-02
   4.7245421e-03
  -1.3395431e-02
  -2.3077002e-02
  -2.6407517e-02
  -2.5986999e-02
  -2.2284435e-02
  -1.9779610e-02
  -1.6823562e-02
  -1.5412476e-02
  -1.4620519e-02
  -1.3112298e-02
  -1.3818337e-02
  -1.3180904e-02
  -1.5790658e-02
  -1.5421392e-02
  -1.8643156e-02
  -1.8656485e-02
  -2.1963835e-02
  -2.2850707e-02
  -2.4690984e-02
  -2.5489178e-02
  -2.2017969e-02
  -2.4421751e-02
  -1.5548014e-02
  -1.3465598e-02
   0.0000000e+00
   0.0000000e+00
   0.0000000e+00
   0.0000000e+00
   0.0000000e+00
   6.4931534e-03
   0.0000000e+00
   0.0000000e+00
   0.0000000e+00
   0.0000000e+00
   0.0000000e+00
   0.0000000e+00
   0.0000000e+00
   0.0000000e+00
   0.0000000e+00
   0.0000000e+00
   0.0000000e+00
   0.0000000e+00
   0.0000000e+00
   0.0000000e+00
   0.0000000e+00
   0.0000000e+00
   0.0000000e+00
   0.0000000e+00
   0.0000000e+00
   0.0000000e+00
   1.2647634e-02
   9.4894664e-03
   2.9715966e-03
  -2.4044483e-03
  -6.8056984e-03
  -1.1347852e-02
  -1.3685977e-02
  -1.6805040e-02
  -1.4502346e-02
  -7.7233005e-03
   0.0000000e+00
   0.0000000e+00
   0.0000000e+00
   0.0000000e+00
   0.0000000e+00
   0.0000000e+00
   0.0000000e+00
   0.0000000e+00
   0.0000000e+00
   8.4342006e-03
   6.5685897e-03
  -8.1439223e-03
  -1.9495893e-02
  -2.5803372e-02
  -2.4324890e-02
  -2.2623021e-02
  -2.0118882e-02
  -1.7465664e-02
  -1.5546413e-02
  -1.2406720e-02
  -1.1677100e-02
  -8.4382277e-03
  -9.6981756e-03
  -8.8055199e-03
  -1.1964947e-02
  -1.2636126e-02
  -1.6201762e-02
  -1.8240230e-02
  -2.0840735e-02
  -2.2753915e-02
  -2.3076948e-02
  -2.3569605e-02
  -2.0109393e-02
  -1.8897614e-02
  -1.0646772e-02
  -2.9332150e-03
   0.0000000e+00
   0.0000000e+00
   0.0000000e+00
   0.0000000e+00
   0.0000000e+00
   6.4931529e-03
   3.6045427e-03
  -1.7467457e-03
   0.0000000e+00
   0.0000000e+00
   0.0000000e+00
   0.0000000e+00
   0.0000000e+00
   0.0000000e+00
   0.0000000e+00
   0.0000000e+00
   0.0000000e+00
   0.0000000e+00
   0.0000000e+00
   0.0000000e+00
   0.0000000e+00
   0.0000000e+00
   0.0000000e+00
   0.0000000e+00
   0.0000000e+00
   1.8657607e-02
   1.5712094e-02
   1.2811578e-02
   6.5154761e-03
  -1.5264344e-03
  -4.5918813e-03
  -8.6332140e-03
  -1.2058879e-02
  -1.8563017e-02
  -1.7409265e-02
  -1.9720383e-02
  -1.2304298e-02
  -9.7467194e-03
   0.0000000e+00
   0.0000000e+00
   0.0000000e+00
   0.0000000e+00
   0.0000000e+00
   0.0000000e+00
  -1.0776197e-03
   2.1462338e-03
  -7.5799115e-03
  -1.8208049e-02
  -2.3060977e-02
  -2.5631006e-02
  -2.7999710e-02
  -2.3979649e-02
  -2.1466476e-02
  -1.7574735e-02
  -1.4189048e-02
  -9.9754545e-03
  -7.8825504e-03
  -4.9070655e-03
  -5.4247350e-03
  -5.5278661e-03
  -8.0612451e-03
  -1.0332253e-02
  -1.3688481e-02
  -1.6687686e-02
  -1.9119704e-02
  -2.0544725e-02
  -2.1236923e-02
  -2.0339764e-02
  -1.8348113e-02
  -1.3906248e-02
  -8.0853905e-03
   1.5270745e-03
   0.0000000e+00
   0.0000000e+00
   0.0000000e+00
   0.0000000e+00
   0.0000000e+00
   0.0000000e+00
   4.4922610e-03
  -2.0650718e-03
   0.0000000e+00
   0.0000000e+00
   0.0000000e+00
   0.0000000e+00
   0.0000000e+00
   0.0000000e+00
   0.0000000e+00
   0.0000000e+00
   0.0000000e+00
   0.0000000e+00
   0.0000000e+00
   0.0000000e+00
   0.0000000e+00
   0.0000000e+00
   0.0000000e+00
   0.0000000e+00
   0.0000000e+00
   1.7456772e-02
   1.8800177e-02
   1.9057374e-02
   1.1262133e-02
   1.0942461e-03
  -1.9696443e-03
  -5.9477084e-03
  -1.2239208e-02
  -1.9638836e-02
  -1.9892899e-02
  -2.1245820e-02
  -1.3752618e-02
  -1.0298804e-02
   0.0000000e+00
   0.0000000e+00
   0.0000000e+00
   0.0000000e+00
   0.0000000e+00
   4.5111031e-03
   1.4195227e-04
  -8.1588356e-03
  -2.1167196e-02
  -2.7983360e-02
  -3.1589046e-02
  -2.9871524e-02
  -2.9545685e-02
  -2.5106624e-02
  -2.1455716e-02
  -1.6822197e-02
  -1.1825572e-02
  -7.3700836e-03
  -4.5172032e-03
  -1.9456282e-03
  -1.9338661e-03
  -2.3775138e-03
  -4.8272028e-03
  -7.5287269e-03
  -1.0668469e-02
  -1.3626706e-02
  -1.5924895e-02
  -1.7087404e-02
  -1.7987447e-02
  -1.6911298e-02
  -1.5213687e-02
  -1.0665556e-02
  -5.5368752e-03
   4.8495154e-03
   1.3707789e-02
   0.0000000e+00
   0.0000000e+00
   0.0000000e+00
   0.0000000e+00
   0.0000000e+00
   2.2508234e-03
  -6.7557255e-03
   0.0000000e+00
   0.0000000e+00
   0.0000000e+00
   0.0000000e+00
   0.0000000e+00
   0.0000000e+00
   0.0000000e+00
   0.0000000e+00
   0.0000000e+00
   0.0000000e+00
   0.0000000e+00
   0.0000000e+00
   0.0000000e+00
   0.0000000e+00
   0.0000000e+00
   0.0000000e+00
   0.0000000e+00
   1.2973224e-02
   1.5628111e-02
   1.8755527e-02
   1.0802126e-02
   1.6815738e-03
  -1.6716965e-03
  -5.6379647e-03
  -1.2681871e-02
  -1.8276585e-02
  -1.8893331e-02
  -1.8318566e-02
  -1.3594363e-02
  -9.3912881e-03
  -6.3056311e-03
  -4.4749857e-03
   0.0000000e+00
   0.0000000e+00
   0.0000000e+00
   5.0479746e-03
  -3.2397953e-04
  -1.5596671e-02
  -2.6748376e-02
  -3.2462772e-02
  -3.4488942e-02
  -3.2036271e-02
  -2.6257357e-02
  -2.1970037e-02
  -1.7941745e-02
  -1.3242633e-02
  -8.0543477e-03
  -4.0396606e-03
  -1.1601399e-03
   9.6216501e-04
   1.2654527e-03
   6.0506235e-04
  -1.6344214e-03
  -4.2234659e-03
  -6.8987901e-03
  -9.7129084e-03
  -1.1719786e-02
  -1.3152088e-02
  -1.4132753e-02
  -1.3441898e-02
  -1.1685751e-02
  -8.1836004e-03
  -3.1583449e-03
   5.2643977e-03
   1.4200628e-02
   1.6105834e-02
   0.0000000e+00
   0.0000000e+00
   0.0000000e+00
   0.0000000e+00
  -0.0000000e+00
  -0.0000000e+00
   0.0000000e+00
   0.0000000e+00
   0.0000000e+00
   0.0000000e+00
   0.0000000e+00
   0.0000000e+00
   0.0000000e+00
   0.0000000e+00
   0.0000000e+00
   0.0000000e+00
   0.0000000e+00
   0.0000000e+00
   0.0000000e+00
   0.0000000e+00
   0.0000000e+00
   0.0000000e+00
   0.0000000e+00
   0.0000000e+00
   8.1207873e-03
   1.1466498e-02
   4.9192277e-03
  -1.2337357e-03
  -4.3407232e-03
  -7.7380198e-03
  -1.3454184e-02
  -1.6092300e-02
  -1.6063992e-02
  -1.3839061e-02
  -1.0810845e-02
  -7.4234642e-03
  -4.0120827e-03
  -1.2839179e-03
   0.0000000e+00
   0.0000000e+00
   4.8558871e-03
   6.3057509e-03
  -2.0564997e-03
  -1.6898047e-02
  -2.5561305e-02
  -2.9661143e-02
  -3.0486813e-02
  -2.8518926e-02
  -2.0254634e-02
  -1.6308801e-02
  -1.2454318e-02
  -8.0726743e-03
  -3.6102692e-03
  -1.8000422e-04
   2.4399813e-03
   4.1109785e-03
   4.3781386e-03
   3.5954246e-03
   1.7595303e-03
  -5.0398940e-04
  -2.8744391e-03
  -5.4625706e-03
  -7.5163911e-03
  -9.2841536e-03
  -1.0593606e-02
  -1.0144199e-02
  -8.7359017e-03
  -5.8365022e-03
  -1.1378522e-03
   5.2679931e-03
   1.4939823e-02
   1.6328391e-02
   0.0000000e+00
   0.0000000e+00
   0.0000000e+00
   0.0000000e+00
   0.0000000e+00
   0.0000000e+00
   0.0000000e+00
   0.0000000e+00
   0.0000000e+00
   0.0000000e+00
   0.0000000e+00
   0.0000000e+00
   0.0000000e+00
   0.0000000e+00
   0.0000000e+00
   0.0000000e+00
   0.0000000e+00
   0.0000000e+00
   0.0000000e+00
   0.0000000e+00
   0.0000000e+00
   0.0000000e+00
  -0.0000000e+00
  -2.8816051e-03
   2.5398452e-03
   4.0027089e-03
  -1.5715796e-03
  -5.6574121e-03
  -8.5373996e-03
  -1.0633793e-02
  -1.3983189e-02
  -1.3766882e-02
  -1.2534946e-02
  -9.6258707e-03
  -7.6372288e-03
  -3.9045736e-03
   2.2913469e-03
   7.7068880e-03
   1.7938792e-02
   1.6371384e-02
   6.7540775e-03
   7.9027293e-03
  -2.2417263e-03
  -1.4276889e-02
  -1.9943561e-02
  -2.2776214e-02
  -2.3078632e-02
  -2.2100875e-02
  -1.2572469e-02
  -9.3386352e-03
  -5.9580693e-03
  -2.5145796e-03
   1.1540036e-03
   4.2134556e-03
   6.4270832e-03
   7.7773072e-03
   7.7789757e-03
   7.1356161e-03
   5.8500243e-03
   3.8121802e-03
   1.5474956e-03
  -1.1788185e-03
  -3.5864065e-03
  -5.8884929e-03
  -7.3116068e-03
  -7.3137391e-03
  -6.4102068e-03
  -3.6028728e-03
   6.2720293e-04
   6.2193187e-03
   1.4683875e-02
   1.7691516e-02
   0.0000000e+00
   0.0000000e+00
   0.0000000e+00
   0.0000000e+00
   0.0000000e+00
   0.0000000e+00
   0.0000000e+00
   0.0000000e+00
   0.0000000e+00
   0.0000000e+00
   0.0000000e+00
   0.0000000e+00
   0.0000000e+00
   0.0000000e+00
   0.0000000e+00
   0.0000000e+00
   0.0000000e+00
   0.0000000e+00
   0.0000000e+00
   0.0000000e+00
   0.0000000e+00
   0.0000000e+00
  -3.5923412e-03
  -2.0087147e-03
   2.7088196e-05
  -1.5010511e-03
  -5.9408580e-03
  -8.9080765e-03
  -1.0422641e-02
  -1.1117827e-02
  -1.1867383e-02
  -9.4854565e-03
  -7.4222701e-03
  -4.5979952e-03
  -2.8686261e-03
   2.7958521e-03
   1.1217973e-02
   1.8035569e-02
   1.7938791e-02
   1.6371384e-02
   1.6821697e-02
   9.7007095e-03
  -9.4339765e-05
  -8.1914013e-03
  -1.1509571e-02
  -1.3290224e-02
  -1.4353435e-02
  -1.4031382e-02
  -5.4785144e-03
  -2.7494563e-03
  -2.1695680e-04
   2.4656258e-03
   5.7831728e-03
   8.6969249e-03
   1.0724181e-02
   1.1801544e-02
   1.1893445e-02
   1.1708383e-02
   1.0318303e-02
   8.0708889e-03
   5.5250684e-03
   2.0866652e-03
  -8.7083923e-04
  -3.4801636e-03
  -5.2767354e-03
  -5.4500587e-03
  -4.6498897e-03
  -1.9747219e-03
   2.2421845e-03
   7.5405710e-03
   1.5452895e-02
   2.1883723e-02
   2.3332025e-02
   0.0000000e+00
   0.0000000e+00
   0.0000000e+00
   0.0000000e+00
   0.0000000e+00
   0.0000000e+00
   0.0000000e+00
   0.0000000e+00
   0.0000000e+00
   0.0000000e+00
   0.0000000e+00
   0.0000000e+00
   0.0000000e+00
   0.0000000e+00
   0.0000000e+00
   0.0000000e+00
   0.0000000e+00
   0.0000000e+00
   0.0000000e+00
   0.0000000e+00
   1.4479921e-03
   1.0940863e-03
  -1.4873809e-03
  -2.7788363e-03
  -3.5639515e-03
  -5.2767154e-03
  -6.0778377e-03
  -5.6968937e-03
  -5.0038332e-03
  -4.0280023e-03
  -1.1969353e-03
   6.2865257e-04
   2.9686317e-03
   6.4388467e-03
   1.3285851e-02
   2.0841667e-02
   2.5861735e-02
   2.5430452e-02
   2.3434611e-02
   1.8102316e-02
   1.0508412e-02
   4.4614146e-03
   8.5198262e-05
  -2.3385212e-03
  -4.4050990e-03
  -6.3428748e-03
  -6.6009555e-03
  -9.4762957e-04
   1.3917624e-03
   3.6309897e-03
   6.2031383e-03
   9.4888825e-03
   1.2250090e-02
   1.4164243e-02
   1.5175471e-02
   1.5364313e-02
   1.5128903e-02
   1.3203636e-02
   1.0588489e-02
   7.6454938e-03
   3.4806703e-03
   6.4485241e-05
  -2.7227425e-03
  -4.5733456e-03
  -4.6937442e-03
  -3.8054585e-03
  -8.6262845e-04
   3.4407130e-03
   8.6221751e-03
   1.6554952e-02
   2.5164304e-02
   2.8541759e-02
   0.0000000e+00
   0.0000000e+00
   0.0000000e+00
   0.0000000e+00
   0.0000000e+00
   0.0000000e+00
   0.0000000e+00
   0.0000000e+00
   5.7023697e-03
   0.0000000e+00
   0.0000000e+00
   0.0000000e+00
   0.0000000e+00
   0.0000000e+00
   0.0000000e+00
   0.0000000e+00
   0.0000000e+00
   0.0000000e+00
   0.0000000e+00
   0.0000000e+00
   3.2986042e-03
   2.9749756e-03
   8.0975535e-04
  -1.2411064e-04
  -2.5275801e-04
  -6.5062754e-04
  -4.3791661e-04
   7.5534510e-04
   2.1464308e-03
   3.7201005e-03
   6.3177594e-03
   8.0270097e-03
   1.0266400e-02
   1.4692400e-02
   2.0975415e-02
   2.6322771e-02
   2.7940117e-02
   2.6428003e-02
   2.4112593e-02
   1.8848494e-02
   1.3711171e-02
   9.7028781e-03
   6.0592033e-03
   3.3254260e-03
   7.7117607e-04
  -1.5345161e-03
  -1.9272306e-03
   2.7908860e-03
   4.9217786e-03
   7.1170060e-03
   9.6920533e-03
   1.2962524e-02
   1.5537421e-02
   1.7331555e-02
   1.8244350e-02
   1.8325441e-02
   1.7756574e-02
   1.5219035e-02
   1.2178179e-02
   8.7185120e-03
   3.9077336e-03
   1.9821234e-04
  -2.5851098e-03
  -4.2729327e-03
  -4.2284834e-03
  -3.1164335e-03
   2.2146798e-04
   4.6112835e-03
   9.8619536e-03
   1.8207815e-02
   2.8073445e-02
   3.2419961e-02
   0.0000000e+00
   0.0000000e+00
   0.0000000e+00
   0.0000000e+00
   0.0000000e+00
   0.0000000e+00
   0.0000000e+00
   9.4568272e-03
   6.6932827e-03
   0.0000000e+00
   0.0000000e+00
   0.0000000e+00
   0.0000000e+00
   0.0000000e+00
   0.0000000e+00
   0.0000000e+00
   0.0000000e+00
   0.0000000e+00
   0.0000000e+00
   0.0000000e+00
   6.1043817e-03
   5.0002839e-03
   3.7579932e-03
   3.9254539e-03
   4.5159892e-03
   4.9315589e-03
   5.7718931e-03
   7.4381782e-03
   9.0795588e-03
   1.0762538e-02
   1.3054444e-02
   1.4742756e-02
   1.6967045e-02
   2.1675656e-02
   2.6617844e-02
   2.9590350e-02
   2.8925449e-02
   2.7213622e-02
   2.5064752e-02
   2.0827681e-02
   1.7447731e-02
   1.4368898e-02
   1.0645173e-02
   7.4892454e-03
   4.6167737e-03
   2.2804975e-03
   1.8867836e-03
   5.9357977e-03
   8.0230163e-03
   1.0356968e-02
   1.2979220e-02
   1.6219746e-02
   1.8581817e-02
   2.0245370e-02
   2.1011920e-02
   2.0794443e-02
   1.9682476e-02
   1.6516577e-02
   1.3021141e-02
   8.9562030e-03
   3.5927128e-03
  -2.5582901e-04
  -2.8764621e-03
  -4.2319253e-03
  -3.9427788e-03
  -2.5030966e-03
   1.3017366e-03
   5.7663583e-03
   1.1242917e-02
   2.0306574e-02
   3.0446702e-02
   3.4447557e-02
   0.0000000e+00
   0.0000000e+00
   0.0000000e+00
   0.0000000e+00
   0.0000000e+00
   0.0000000e+00
   6.5208467e-03
   9.4568271e-03
   1.2392808e-02
   0.0000000e+00
   0.0000000e+00
   0.0000000e+00
   0.0000000e+00
   0.0000000e+00
   0.0000000e+00
   0.0000000e+00
   0.0000000e+00
   0.0000000e+00
   0.0000000e+00
   0.0000000e+00
   8.6981789e-03
   7.0432681e-03
   7.0760196e-03
   8.6646673e-03
   1.0023895e-02
   1.0895702e-02
   1.2094723e-02
   1.4006515e-02
   1.5536353e-02
   1.6973826e-02
   1.8964889e-02
   2.0711031e-02
   2.2964334e-02
   2.7389618e-02
   3.0459966e-02
   3.1088629e-02
   2.9407822e-02
   2.8402958e-02
   2.6864023e-02
   2.3970569e-02
   2.1364567e-02
   1.8311005e-02
   1.4030291e-02
   1.0472642e-02
   7.4688564e-03
   5.3719675e-03
   5.0604473e-03
   1.0241780e-02
   1.2616859e-02
   1.5068159e-02
   1.7644297e-02
   2.0735271e-02
   2.2722036e-02
   2.3963230e-02
   2.3933493e-02
   2.2730719e-02
   2.0444527e-02
   1.6137723e-02
   1.1751579e-02
   6.8028243e-03
   1.1983544e-03
  -2.2521103e-03
  -4.0758951e-03
  -4.4529974e-03
  -3.4336131e-03
  -1.1762624e-03
   3.3912403e-03
   8.4678587e-03
   1.4862934e-02
   2.5060557e-02
   3.4799654e-02
   3.4414731e-02
   2.0060774e-02
   1.7147232e-02
   0.0000000e+00
   0.0000000e+00
   0.0000000e+00
   0.0000000e+00
   1.6873671e-02
   2.8320186e-02
   3.2163937e-02
   0.0000000e+00
   0.0000000e+00
   0.0000000e+00
   0.0000000e+00
   0.0000000e+00
   0.0000000e+00
   0.0000000e+00
   0.0000000e+00
   0.0000000e+00
   0.0000000e+00
   1.7243413e-02
   1.3983116e-02
   1.1562195e-02
   1.4151860e-02
   1.6919659e-02
   1.8371839e-02
   1.9375194e-02
   2.0648127e-02
   2.2029107e-02
   2.3049738e-02
   2.4289541e-02
   2.5971737e-02
   2.7198229e-02
   2.8535888e-02
   3.1045059e-02
   3.2136299e-02
   3.2094836e-02
   3.1508893e-02
   3.1346411e-02
   3.0246601e-02
   2.7836783e-02
   2.4961375e-02
   2.1356937e-02
   1.6438944e-02
   1.2929078e-02
   1.0440776e-02
   9.0661729e-03
   9.1380868e-03
   1.2809495e-02
   1.5317833e-02
   1.7712241e-02
   2.0225758e-02
   2.3039792e-02
   2.4645942e-02
   2.5323961e-02
   2.4423392e-02
   2.2347520e-02
   1.9179238e-02
   1.4069849e-02
   9.1078615e-03
   3.9920742e-03
  -1.1919802e-03
  -3.8810312e-03
  -4.8779696e-03
  -4.2993980e-03
  -2.5929559e-03
   2.9773128e-04
   5.4670549e-03
   1.1104344e-02
   1.8049866e-02
   2.8545361e-02
   3.7195067e-02
   3.7435252e-02
   2.6888460e-02
   2.9753725e-02
   3.5352354e-02
   0.0000000e+00
   0.0000000e+00
   0.0000000e+00
   2.5016452e-02
   2.8320187e-02
   3.2163935e-02
   0.0000000e+00
   0.0000000e+00
   0.0000000e+00
   0.0000000e+00
   0.0000000e+00
   0.0000000e+00
   0.0000000e+00
   0.0000000e+00
   0.0000000e+00
   0.0000000e+00
   1.2999265e-02
   1.1834279e-02
   1.4597692e-02
   1.8918203e-02
   2.1654002e-02
   2.3069000e-02
   2.4123936e-02
   2.5113244e-02
   2.5971001e-02
   2.6829292e-02
   2.7903784e-02
   2.9085984e-02
   2.9718019e-02
   3.0337460e-02
   3.2074746e-02
   3.3031907e-02
   3.3221588e-02
   3.2864500e-02
   3.2673087e-02
   3.1435560e-02
   2.8655725e-02
   2.5520117e-02
   2.1790238e-02
   1.6944271e-02
   1.3811132e-02
   1.1872531e-02
   1.1066474e-02
   1.1460475e-02
   1.5056988e-02
   1.7605262e-02
   1.9901413e-02
   2.2285892e-02
   2.4734734e-02
   2.5871020e-02
   2.5903698e-02
   2.4124466e-02
   2.1204386e-02
   1.7225292e-02
   1.1440840e-02
   6.1400244e-03
   1.1126003e-03
  -3.4034690e-03
  -5.2394932e-03
  -5.3897602e-03
  -3.8948234e-03
  -1.5425294e-03
   1.8965212e-03
   7.5723319e-03
   1.3682790e-02
   2.1148928e-02
   3.2246552e-02
   4.1031018e-02
   4.0195858e-02
   3.1806703e-02
   3.5400666e-02
   3.4774294e-02
   2.2135749e-02
   2.1512144e-02
   3.1835406e-02
   3.1587855e-02
   0.0000000e+00
   0.0000000e+00
   0.0000000e+00
   0.0000000e+00
   0.0000000e+00
   0.0000000e+00
   0.0000000e+00
   0.0000000e+00
   0.0000000e+00
   0.0000000e+00
   1.8458564e-02
   1.6437407e-02
   1.2845609e-02
   1.2272135e-02
   1.8123895e-02
   2.3257572e-02
   2.5810203e-02
   2.7235229e-02
   2.8284326e-02
   2.8974438e-02
   2.9400624e-02
   3.0037966e-02
   3.0817186e-02
   3.1417541e-02
   3.1577878e-02
   3.1690504e-02
   3.2954019e-02
   3.3832807e-02
   3.4143303e-02
   3.3846159e-02
   3.3506442e-02
   3.2060783e-02
   2.8954124e-02
   2.5659813e-02
   2.1907056e-02
   1.7266430e-02
   1.4538251e-02
   1.3130651e-02
   1.2849777e-02
   1.3522902e-02
   1.7599663e-02
   1.9998608e-02
   2.2060692e-02
   2.4110976e-02
   2.5835265e-02
   2.6093248e-02
   2.5009380e-02
   2.1940821e-02
   1.7862775e-02
   1.2868168e-02
   6.3895540e-03
   1.1243467e-03
  -3.2082636e-03
  -6.2078354e-03
  -6.6056675e-03
  -5.4862906e-03
  -2.7520791e-03
   4.4368651e-04
   4.4879333e-03
   1.0685327e-02
   1.7286511e-02
   2.5440087e-02
   3.8084691e-02
   4.9781445e-02
   5.3873190e-02
   4.3331932e-02
   4.2118400e-02
   3.4244321e-02
   2.2135749e-02
   2.1512142e-02
   3.1835403e-02
   0.0000000e+00
   0.0000000e+00
   0.0000000e+00
   0.0000000e+00
   0.0000000e+00
   0.0000000e+00
   0.0000000e+00
   0.0000000e+00
   0.0000000e+00
   0.0000000e+00
   1.5702888e-02
   1.8458564e-02
   1.8837383e-02
   1.6992434e-02
   1.8647600e-02
   2.4317632e-02
   2.8591482e-02
   3.0543439e-02
   3.2087762e-02
   3.3000940e-02
   3.3223389e-02
   3.3228270e-02
   3.3415667e-02
   3.3478991e-02
   3.3055372e-02
   3.2805342e-02
   3.2653601e-02
   3.3893012e-02
   3.4781970e-02
   3.5022480e-02
   3.4437141e-02
   3.3617781e-02
   3.1714545e-02
   2.8230659e-02
   2.4931887e-02
   2.1373672e-02
   1.7326226e-02
   1.5246919e-02
   1.4566494e-02
   1.4949620e-02
   1.5931431e-02
   1.8591040e-02
   2.0507363e-02
   2.2085648e-02
   2.3450899e-02
   2.4011919e-02
   2.3042757e-02
   2.0822120e-02
   1.6629792e-02
   1.1855204e-02
   6.6752447e-03
   7.0238129e-04
  -3.4398539e-03
  -6.2000001e-03
  -7.1660336e-03
  -6.2544160e-03
  -4.1700194e-03
  -6.5453203e-04
   2.9931413e-03
   7.4005997e-03
   1.4165698e-02
   2.1555897e-02
   3.0965997e-02
   4.6210381e-02
   5.7767611e-02
   6.0191929e-02
   0.0000000e+00
   4.8300527e-02
   4.4631968e-02
   2.2135751e-02
   2.1512143e-02
   3.1835407e-02
   0.0000000e+00
   0.0000000e+00
   0.0000000e+00
   0.0000000e+00
   0.0000000e+00
   0.0000000e+00
   0.0000000e+00
   0.0000000e+00
   8.7929657e-03
   1.6300690e-02
   1.8564159e-02
   1.9495473e-02
   1.8991555e-02
   1.9881053e-02
   2.3706501e-02
   2.8750192e-02
   3.1815618e-02
   3.3376949e-02
   3.4998903e-02
   3.5718787e-02
   3.5661428e-02
   3.5173735e-02
   3.4613561e-02
   3.3710266e-02
   3.2417974e-02
   3.2120917e-02
   3.2548232e-02
   3.4275437e-02
   3.4877412e-02
   3.4793886e-02
   3.3641527e-02
   3.2225162e-02
   2.9987689e-02
   2.6537901e-02
   2.3353335e-02
   2.0142713e-02
   1.6871453e-02
   1.5437020e-02
   1.5307081e-02
   1.6076940e-02
   1.7105766e-02
   1.8319076e-02
   1.9767802e-02
   2.0859507e-02
   2.1590970e-02
   2.1239530e-02
   1.9551180e-02
   1.6777150e-02
   1.2222511e-02
   7.5290418e-03
   2.7872437e-03
  -2.2400694e-03
  -5.3120505e-03
  -6.9036462e-03
  -6.6504512e-03
  -5.0155920e-03
  -2.4193727e-03
   1.5220885e-03
   5.4775335e-03
   1.0215992e-02
   1.7510196e-02
   2.5489247e-02
   3.5596881e-02
   5.1147678e-02
   5.9870594e-02
   6.0216494e-02
   0.0000000e+00
   5.0078862e-02
   4.7620045e-02
   0.0000000e+00
   0.0000000e+00
   0.0000000e+00
   0.0000000e+00
   0.0000000e+00
   0.0000000e+00
   0.0000000e+00
   0.0000000e+00
   0.0000000e+00
   0.0000000e+00
   0.0000000e+00
   9.3682127e-03
   1.5370751e-02
   1.7843121e-02
   1.8970102e-02
   1.9351733e-02
   2.1669043e-02
   2.6061454e-02
   3.0654194e-02
   3.3105694e-02
   3.4521680e-02
   3.6143168e-02
   3.6732148e-02
   3.6523867e-02
   3.5654086e-02
   3.4554645e-02
   3.3170398e-02
   3.1719215e-02
   3.1743180e-02
   3.2643694e-02
   3.4302353e-02
   3.4512296e-02
   3.4137871e-02
   3.2601155e-02
   3.0825805e-02
   2.8436229e-02
   2.5016282e-02
   2.1938161e-02
   1.9027067e-02
   1.6254771e-02
   1.5177263e-02
   1.5288241e-02
   1.6161883e-02
   1.7091309e-02
   1.7094651e-02
   1.7820840e-02
   1.8149042e-02
   1.7920693e-02
   1.6299343e-02
   1.3806202e-02
   1.0534628e-02
   5.8941686e-03
   1.8193147e-03
  -1.8423574e-03
  -5.1113605e-03
  -6.5411655e-03
  -6.5587246e-03
  -4.9115964e-03
  -2.5150800e-03
   5.9590199e-04
   4.9796182e-03
   9.3257641e-03
   1.4562048e-02
   2.2660178e-02
   3.1434542e-02
   4.2280791e-02
   5.6861469e-02
   5.9443613e-02
   5.6275892e-02
   0.0000000e+00
   0.0000000e+00
   0.0000000e+00
   0.0000000e+00
   0.0000000e+00
   0.0000000e+00
   0.0000000e+00
   0.0000000e+00
   0.0000000e+00
   0.0000000e+00
   0.0000000e+00
   0.0000000e+00
   0.0000000e+00
   0.0000000e+00
   1.0632436e-02
   1.3327026e-02
   1.5354069e-02
   1.7159977e-02
   2.0045837e-02
   2.3772371e-02
   2.8038785e-02
   3.2036441e-02
   3.3902639e-02
   3.5246152e-02
   3.6817561e-02
   3.7241027e-02
   3.6877970e-02
   3.5479859e-02
   3.3667896e-02
   3.1837724e-02
   3.0586509e-02
   3.1345713e-02
   3.2920105e-02
   3.4119745e-02
   3.3649534e-02
   3.2840663e-02
   3.0817709e-02
   2.8630826e-02
   2.6118280e-02
   2.2742353e-02
   1.9825970e-02
   1.7353405e-02
   1.5186990e-02
   1.4486217e-02
   1.4778652e-02
   1.5635893e-02
   1.6317145e-02
   1.1287903e-02
   1.0995503e-02
   1.0503892e-02
   9.5205111e-03
   7.4203508e-03
   5.1642394e-03
   2.7307163e-03
  -6.8567490e-05
  -2.0339310e-03
  -3.4533283e-03
  -4.2846459e-03
  -4.0085637e-03
  -2.7198636e-03
  -8.2639395e-05
   2.7900805e-03
   6.1587985e-03
   1.0890696e-02
   1.5513298e-02
   2.0911222e-02
   2.8764090e-02
   3.6559183e-02
   4.5126677e-02
   5.3792916e-02
   5.3068684e-02
   4.6805508e-02
   5.8815030e-02
   0.0000000e+00
   0.0000000e+00
   0.0000000e+00
   0.0000000e+00
   0.0000000e+00
   0.0000000e+00
   0.0000000e+00
   0.0000000e+00
   0.0000000e+00
   0.0000000e+00
   0.0000000e+00
   0.0000000e+00
   0.0000000e+00
   7.7408444e-03
   8.4667820e-03
   1.3110590e-02
   1.7045571e-02
   2.1226976e-02
   2.4953839e-02
   2.8280271e-02
   3.1530414e-02
   3.3128742e-02
   3.4248430e-02
   3.5291493e-02
   3.5255741e-02
   3.4211572e-02
   3.1991743e-02
   3.0211683e-02
   2.9067537e-02
   2.9198866e-02
   3.1291418e-02
   3.3092029e-02
   3.2745596e-02
   3.0825405e-02
   2.9278297e-02
   2.6679687e-02
   2.4111398e-02
   2.1449229e-02
   1.8017268e-02
   1.5313280e-02
   1.3286048e-02
   1.1590388e-02
   1.1000274e-02
   1.1112354e-02
   1.1391054e-02
   1.1338915e-02
   6.4219912e-03
   5.8921687e-03
   5.2777988e-03
   4.2723506e-03
   2.4677562e-03
   7.6830828e-04
  -8.6987996e-04
  -2.4362640e-03
  -3.2445313e-03
  -3.5345661e-03
  -3.1614816e-03
  -2.0543145e-03
  -1.7757992e-04
   2.8650870e-03
   5.8719123e-03
   9.2583513e-03
   1.3931416e-02
   1.8416097e-02
   2.3537517e-02
   3.0688081e-02
   3.7420111e-02
   4.4320807e-02
   5.0287776e-02
   4.9526754e-02
   4.7686506e-02
   5.9619119e-02
   0.0000000e+00
   0.0000000e+00
   0.0000000e+00
   0.0000000e+00
   0.0000000e+00
   0.0000000e+00
   0.0000000e+00
   0.0000000e+00
   0.0000000e+00
   0.0000000e+00
   0.0000000e+00
   0.0000000e+00
   0.0000000e+00
   5.5734714e-03
   6.0732756e-03
   1.2075782e-02
   1.6850261e-02
   2.1434087e-02
   2.4947365e-02
   2.7819751e-02
   3.0611133e-02
   3.1972567e-02
   3.2832004e-02
   3.3367041e-02
   3.2875465e-02
   3.1368598e-02
   2.8877538e-02
   2.7136016e-02
   2.6118545e-02
   2.6449313e-02
   2.8866891e-02
   3.0931044e-02
   3.0325934e-02
   2.7790073e-02
   2.5750354e-02
   2.2828279e-02
   2.0081637e-02
   1.7337795e-02
   1.3861638e-02
   1.1276485e-02
   9.4200214e-03
   7.8671603e-03
   7.2434642e-03
   7.1713054e-03
   7.1064704e-03
   6.7629339e-03
  -1.3980670e-03
  -1.9751138e-03
  -2.4806062e-03
  -3.1901655e-03
  -4.1416435e-03
  -4.7521870e-03
  -5.0616798e-03
  -4.8148549e-03
  -4.0948786e-03
  -2.9766713e-03
  -1.1228822e-03
   9.9521184e-04
   3.5420932e-03
   7.0061476e-03
   1.0084725e-02
   1.3392064e-02
   1.7780331e-02
   2.1842805e-02
   2.6296300e-02
   3.2048632e-02
   3.6940624e-02
   4.1294324e-02
   4.4147936e-02
   4.4811277e-02
   5.0657023e-02
   6.1347724e-02
   0.0000000e+00
   0.0000000e+00
   0.0000000e+00
   0.0000000e+00
   0.0000000e+00
   0.0000000e+00
   0.0000000e+00
   0.0000000e+00
   0.0000000e+00
   0.0000000e+00
   0.0000000e+00
   0.0000000e+00
   0.0000000e+00
   2.6673088e-03
   3.1378771e-03
   1.0871346e-02
   1.6482424e-02
   2.1342247e-02
   2.4396209e-02
   2.6719949e-02
   2.8865009e-02
   2.9838972e-02
   3.0240732e-02
   2.9923889e-02
   2.8661194e-02
   2.6469374e-02
   2.3768894e-02
   2.2095698e-02
   2.1038609e-02
   2.1169453e-02
   2.3679455e-02
   2.6207303e-02
   2.5749128e-02
   2.2549045e-02
   1.9786035e-02
   1.6430352e-02
   1.3473716e-02
   1.0622350e-02
   7.0766596e-03
   4.6503856e-03
   2.9585350e-03
   1.4985980e-03
   7.5238164e-04
   3.6617244e-04
  -1.7410173e-04
  -8.1059078e-04
  -9.8852282e-03
  -9.9394117e-03
  -9.9177975e-03
  -9.9467812e-03
  -9.9084051e-03
  -9.6567310e-03
  -9.1379033e-03
  -7.9508964e-03
  -6.5040402e-03
  -4.6620928e-03
  -1.8840072e-03
   9.5892465e-04
   4.1185161e-03
   8.0429893e-03
   1.1238627e-02
   1.4374944e-02
   1.8089408e-02
   2.1271497e-02
   2.4582855e-02
   2.8679485e-02
   3.2128248e-02
   3.5354082e-02
   3.8215172e-02
   4.0317934e-02
   4.5895483e-02
   4.8026194e-02
   0.0000000e+00
   0.0000000e+00
   0.0000000e+00
   0.0000000e+00
   0.0000000e+00
   0.0000000e+00
   0.0000000e+00
   0.0000000e+00
   0.0000000e+00
   0.0000000e+00
   0.0000000e+00
   0.0000000e+00
   0.0000000e+00
   2.6673088e-03
   1.3163066e-03
   7.8906789e-03
   1.3206601e-02
   1.8581109e-02
   2.1769732e-02
   2.3803417e-02
   2.5208084e-02
   2.5614254e-02
   2.5295300e-02
   2.3866788e-02
   2.1810528e-02
   1.9288996e-02
   1.6518692e-02
   1.4789140e-02
   1.4193419e-02
   1.5127890e-02
   2.3679457e-02
   1.8334514e-02
   1.5771085e-02
   1.2761522e-02
   9.8279351e-03
   6.3292040e-03
   3.4350045e-03
   6.7158270e-04
  -2.5750301e-03
  -4.7473134e-03
  -6.3294279e-03
  -7.7199615e-03
  -8.4456131e-03
  -8.8531505e-03
  -9.2796478e-03
  -9.6494313e-03
  -1.4777525e-02
  -1.4708894e-02
  -1.4539691e-02
  -1.4364233e-02
  -1.4046677e-02
  -1.3572158e-02
  -1.2848977e-02
  -1.1444379e-02
  -9.8295100e-03
  -7.7989376e-03
  -4.7208409e-03
  -1.5808764e-03
   1.8894430e-03
   6.1157652e-03
   9.4481437e-03
   1.2597801e-02
   1.6156166e-02
   1.9082863e-02
   2.2015895e-02
   2.5539001e-02
   2.8476095e-02
   3.1285362e-02
   3.4075046e-02
   3.6268104e-02
   4.0666542e-02
   3.8836989e-02
   0.0000000e+00
   0.0000000e+00
   0.0000000e+00
   0.0000000e+00
   0.0000000e+00
   0.0000000e+00
   0.0000000e+00
   0.0000000e+00
   0.0000000e+00
   0.0000000e+00
   0.0000000e+00
   0.0000000e+00
   0.0000000e+00
   0.0000000e+00
   3.8862002e-05
   5.4352358e-03
   1.0251428e-02
   1.5886470e-02
   1.9423133e-02
   2.1572448e-02
   2.2715825e-02
   2.2810718e-02
   2.2123515e-02
   2.0183186e-02
   1.7807113e-02
   1.5183602e-02
   1.2409042e-02
   1.0662525e-02
   1.0191562e-02
   1.0944936e-02
   0.0000000e+00
   1.2866621e-02
   1.0114243e-02
   7.1961060e-03
   4.2645803e-03
   7.6156516e-04
  -2.0855616e-03
  -4.8039111e-03
  -7.9063126e-03
  -9.9678654e-03
  -1.1505482e-02
  -1.2854977e-02
  -1.3567155e-02
  -1.3992232e-02
  -1.4377802e-02
  -1.4641835e-02
  -2.2704002e-02
  -2.2679003e-02
  -2.2482956e-02
  -2.2231494e-02
  -2.1857514e-02
  -2.1394418e-02
  -2.0711186e-02
  -1.9394723e-02
  -1.7848623e-02
  -1.5822955e-02
  -1.2575039e-02
  -9.1179237e-03
  -5.2018474e-03
  -4.3695616e-04
   3.2110761e-03
   6.5343972e-03
   1.0155458e-02
   1.3010867e-02
   1.5711381e-02
   1.8822718e-02
   2.1365906e-02
   2.3817573e-02
   2.6388704e-02
   2.7723502e-02
   2.8819670e-02
   2.1896981e-02
   0.0000000e+00
   0.0000000e+00
   0.0000000e+00
   0.0000000e+00
   0.0000000e+00
   0.0000000e+00
   0.0000000e+00
   0.0000000e+00
   0.0000000e+00
   0.0000000e+00
   0.0000000e+00
   0.0000000e+00
   0.0000000e+00
   0.0000000e+00
  -2.3398223e-03
   4.5529761e-04
   4.0140512e-03
   1.0022098e-02
   1.4490046e-02
   1.7210938e-02
   1.8155814e-02
   1.7768143e-02
   1.6548440e-02
   1.3954098e-02
   1.1246833e-02
   8.5777511e-03
   5.8451960e-03
   4.0922838e-03
   3.6316304e-03
   4.7933158e-03
   0.0000000e+00
   4.7995840e-03
   1.0779280e-03
  -1.7170762e-03
  -4.5088828e-03
  -7.9126325e-03
  -1.0668437e-02
  -1.3321400e-02
  -1.6228445e-02
  -1.8159069e-02
  -1.9650073e-02
  -2.0931680e-02
  -2.1619830e-02
  -2.2080450e-02
  -2.2433196e-02
  -2.2591100e-02
  -2.5001790e-02
  -2.5426555e-02
  -2.5819505e-02
  -2.6325345e-02
  -2.7062388e-02
  -2.7667001e-02
  -2.8118901e-02
  -2.8125841e-02
  -2.7582563e-02
  -2.6394075e-02
  -2.3888567e-02
  -2.0919692e-02
  -1.7362230e-02
  -1.2704303e-02
  -8.7208245e-03
  -4.8213420e-03
  -4.4198963e-04
   2.8958609e-03
   5.8288574e-03
   8.8755339e-03
   1.1172077e-02
   1.3162267e-02
   1.4730742e-02
   1.5227806e-02
   1.5149293e-02
   9.9631374e-03
   0.0000000e+00
   0.0000000e+00
   0.0000000e+00
   0.0000000e+00
   0.0000000e+00
   0.0000000e+00
   0.0000000e+00
   0.0000000e+00
   0.0000000e+00
   0.0000000e+00
   0.0000000e+00
   0.0000000e+00
   0.0000000e+00
   0.0000000e+00
  -3.3729477e-03
  -4.8467470e-03
  -3.1859912e-03
   2.2640259e-03
   7.3147798e-03
   1.0979204e-02
   1.2563417e-02
   1.2416112e-02
   1.1369366e-02
   8.9494986e-03
   6.4111408e-03
   3.8997633e-03
   1.3077831e-03
  -3.3131434e-04
  -9.2864712e-04
   1.1664521e-03
   0.0000000e+00
  -4.1241882e-04
  -4.2498363e-03
  -7.0088673e-03
  -9.6672904e-03
  -1.2781980e-02
  -1.5275370e-02
  -1.7624550e-02
  -2.0069713e-02
  -2.1578373e-02
  -2.2667244e-02
  -2.3496520e-02
  -2.3902830e-02
  -2.4180520e-02
  -2.4448795e-02
  -2.4687815e-02
  -2.4685655e-02
  -2.5314331e-02
  -2.5982033e-02
  -2.6841499e-02
  -2.8104074e-02
  -2.9232159e-02
  -3.0264989e-02
  -3.1003719e-02
  -3.1070316e-02
  -3.0466691e-02
  -2.8623676e-02
  -2.6194874e-02
  -2.3138743e-02
  -1.8893575e-02
  -1.4970781e-02
  -1.0945040e-02
  -6.3366359e-03
  -2.8717159e-03
   7.5775781e-05
   2.9668920e-03
   5.0232131e-03
   6.6566970e-03
   7.5759599e-03
   7.5915847e-03
   7.0112939e-03
   2.6987309e-03
  -7.5601911e-03
   0.0000000e+00
   0.0000000e+00
   0.0000000e+00
   0.0000000e+00
   0.0000000e+00
   0.0000000e+00
   0.0000000e+00
   0.0000000e+00
   0.0000000e+00
   0.0000000e+00
   0.0000000e+00
   0.0000000e+00
   0.0000000e+00
  -3.3160581e-03
  -7.3295352e-03
  -7.0575322e-03
  -2.2697211e-03
   2.9478227e-03
   7.1172435e-03
   9.0864599e-03
   9.1477623e-03
   8.2840482e-03
   6.0534016e-03
   3.6674382e-03
   1.2820070e-03
  -1.2075480e-03
  -2.7725012e-03
  -3.3732404e-03
  -3.9575246e-04
   0.0000000e+00
  -3.0342021e-03
  -6.8283519e-03
  -9.4584590e-03
  -1.1895262e-02
  -1.4668955e-02
  -1.6867951e-02
  -1.8896181e-02
  -2.0916158e-02
  -2.2087276e-02
  -2.2875449e-02
  -2.3398120e-02
  -2.3624841e-02
  -2.3788068e-02
  -2.4005802e-02
  -2.4281191e-02
  -1.6501660e-02
  -1.7194177e-02
  -1.7993811e-02
  -1.9025181e-02
  -2.0582178e-02
  -2.2108700e-02
  -2.3718068e-02
  -2.5470594e-02
  -2.6652253e-02
  -2.7454105e-02
  -2.7758915e-02
  -2.7396821e-02
  -2.6514548e-02
  -2.4567420e-02
  -2.1930452e-02
  -1.8668757e-02
  -1.4671831e-02
  -1.1712869e-02
  -9.3021070e-03
  -7.2113580e-03
  -5.9947254e-03
  -5.3510305e-03
  -5.7938333e-03
  -6.5340237e-03
  -7.0880282e-03
  -7.2853412e-03
  -7.5601916e-03
   0.0000000e+00
   0.0000000e+00
   0.0000000e+00
   0.0000000e+00
   0.0000000e+00
   0.0000000e+00
   0.0000000e+00
   0.0000000e+00
   0.0000000e+00
   0.0000000e+00
   0.0000000e+00
   0.0000000e+00
   0.0000000e+00
  -1.7067247e-04
  -8.5768792e-03
  -1.1884800e-02
  -9.7407359e-03
  -5.0511475e-03
  -2.6388194e-04
   2.3923546e-03
   3.1121508e-03
   2.9286335e-03
   1.4128764e-03
  -4.7397291e-04
  -2.4958008e-03
  -4.7229167e-03
  -6.1304362e-03
  -6.3835679e-03
   0.0000000e+00
   0.0000000e+00
  -5.3957034e-03
  -8.6061999e-03
  -1.0525430e-02
  -1.1933376e-02
  -1.3350323e-02
  -1.4412692e-02
  -1.5249541e-02
  -1.5851660e-02
  -1.6046415e-02
  -1.6035638e-02
  -1.5857840e-02
  -1.5719838e-02
  -1.5659526e-02
  -1.5788545e-02
  -1.6072871e-02
  -9.7166728e-03
  -1.0040062e-02
  -1.0434010e-02
  -1.0990538e-02
  -1.1887610e-02
  -1.2851413e-02
  -1.3952449e-02
  -1.5327724e-02
  -1.6458848e-02
  -1.7438985e-02
  -1.8228116e-02
  -1.8449847e-02
  -1.8298956e-02
  -1.7482966e-02
  -1.6149826e-02
  -1.4411795e-02
  -1.2227964e-02
  -1.0663276e-02
  -9.5019462e-03
  -8.7032700e-03
  -8.4684100e-03
  -8.7299477e-03
  -1.0068938e-02
  -1.1635993e-02
  -1.3059141e-02
  -1.3386210e-02
  -1.2419312e-02
  -8.2721248e-03
   0.0000000e+00
   0.0000000e+00
   0.0000000e+00
   0.0000000e+00
   0.0000000e+00
   0.0000000e+00
   0.0000000e+00
   0.0000000e+00
   0.0000000e+00
   0.0000000e+00
   0.0000000e+00
   0.0000000e+00
  -2.4214594e-04
  -5.1723383e-03
  -1.0440376e-02
  -1.1201200e-02
  -8.2493741e-03
  -3.7875841e-03
  -1.3084582e-03
  -4.7081057e-04
  -2.4462779e-04
  -1.1101924e-03
  -2.3876487e-03
  -3.9026407e-03
  -5.7745758e-03
  -7.1948124e-03
  -7.8421216e-03
   0.0000000e+00
   0.0000000e+00
  -5.3923925e-03
  -7.0877071e-03
  -8.0114305e-03
  -8.5429726e-03
  -9.0292832e-03
  -9.4286874e-03
  -9.7559504e-03
  -9.9958284e-03
  -1.0022337e-02
  -9.9065341e-03
  -9.6835168e-03
  -9.5127830e-03
  -9.3999784e-03
  -9.3982248e-03
  -9.5134126e-03
  -4.6043908e-03
  -4.6496531e-03
  -4.7379304e-03
  -4.9366802e-03
  -5.3365184e-03
  -5.8763288e-03
  -6.5943524e-03
  -7.6853819e-03
  -8.7784268e-03
  -9.8928986e-03
  -1.1046953e-02
  -1.1708576e-02
  -1.2108762e-02
  -1.2145046e-02
  -1.1794302e-02
  -1.1204304e-02
  -1.0386586e-02
  -9.8724393e-03
  -9.6525196e-03
  -9.8273810e-03
  -1.0332257e-02
  -1.1275860e-02
  -1.3290099e-02
  -1.5480170e-02
  -1.7558193e-02
  -1.7983032e-02
  -1.4249912e-02
  -8.2721254e-03
   0.0000000e+00
   0.0000000e+00
   0.0000000e+00
   0.0000000e+00
   0.0000000e+00
   0.0000000e+00
   0.0000000e+00
   0.0000000e+00
   0.0000000e+00
   0.0000000e+00
   0.0000000e+00
   0.0000000e+00
  -0.0000000e+00
  -2.6071209e-03
  -9.3520470e-03
  -1.2301616e-02
  -1.0659140e-02
  -6.4425869e-03
  -4.0969076e-03
  -3.1704628e-03
  -2.6355833e-03
  -3.0112481e-03
  -3.8295451e-03
  -4.9626520e-03
  -6.5669687e-03
  -7.9967882e-03
  -8.9410972e-03
   0.0000000e+00
   0.0000000e+00
  -5.3898978e-03
  -5.9435684e-03
  -6.1172079e-03
  -5.9884079e-03
  -5.7735112e-03
  -5.6733927e-03
  -5.6166984e-03
  -5.5836374e-03
  -5.4833763e-03
  -5.2884417e-03
  -5.0313547e-03
  -4.8359577e-03
  -4.6836007e-03
  -4.5833141e-03
  -4.5710597e-03
   6.5524811e-03
   6.7641521e-03
   6.9140317e-03
   7.0123533e-03
   7.0914188e-03
   7.0524374e-03
   6.8765893e-03
   6.4126607e-03
   5.7993163e-03
   5.0735343e-03
   4.1561965e-03
   3.3517447e-03
   2.4302707e-03
   1.1541579e-03
  -1.1071519e-05
  -1.2621896e-03
  -2.8571314e-03
  -4.3310816e-03
  -5.9723398e-03
  -8.1300205e-03
  -1.0131401e-02
  -1.2485465e-02
  -1.6148860e-02
  -2.0006251e-02
  -2.3821570e-02
  -2.5517035e-02
  -2.0229794e-02
  -1.5681209e-02
   0.0000000e+00
   0.0000000e+00
   0.0000000e+00
   0.0000000e+00
   0.0000000e+00
   0.0000000e+00
   0.0000000e+00
   0.0000000e+00
   0.0000000e+00
   0.0000000e+00
   0.0000000e+00
   0.0000000e+00
   0.0000000e+00
   3.9976230e-03
  -2.0267223e-03
  -8.7738410e-03
  -1.1260446e-02
  -9.1426745e-03
  -9.3871104e-03
  -9.0774149e-03
  -7.4508763e-03
  -5.9817284e-03
  -5.1134676e-03
  -4.9155522e-03
  -5.9185992e-03
  -7.6263640e-03
  -9.7754002e-03
  -1.1857671e-02
   0.0000000e+00
  -5.8588622e-03
  -2.6598461e-03
  -7.7686249e-04
   9.0656226e-04
   2.5513261e-03
   3.6420466e-03
   4.3536103e-03
   4.7596376e-03
   4.9960474e-03
   5.2628950e-03
   5.5876072e-03
   5.8199186e-03
   6.0352753e-03
   6.2614591e-03
   6.4029628e-03
   1.1410722e-02
   1.1791965e-02
   1.2088143e-02
   1.2342187e-02
   1.2585975e-02
   1.2682000e-02
   1.2594089e-02
   1.2115046e-02
   1.1389194e-02
   1.0453219e-02
   9.1017606e-03
   7.7708834e-03
   6.2145148e-03
   4.0207910e-03
   1.9545578e-03
  -2.4639265e-04
  -2.9226544e-03
  -5.2063284e-03
  -7.6119425e-03
  -1.0634443e-02
  -1.3286128e-02
  -1.6163584e-02
  -1.9970510e-02
  -2.3452023e-02
  -2.6909593e-02
  -2.8539585e-02
  -2.3224075e-02
  -1.5681208e-02
   0.0000000e+00
   0.0000000e+00
   0.0000000e+00
   0.0000000e+00
   0.0000000e+00
   0.0000000e+00
   0.0000000e+00
   0.0000000e+00
   0.0000000e+00
   0.0000000e+00
   0.0000000e+00
   0.0000000e+00
   0.0000000e+00
   3.9976226e-03
  -4.9213163e-04
  -9.5965918e-03
  -1.3871848e-02
  -1.1697536e-02
  -1.2430239e-02
  -1.2156727e-02
  -9.5122783e-03
  -6.8352455e-03
  -5.1336451e-03
  -4.3279845e-03
  -5.1030256e-03
  -6.9790902e-03
  -9.5726885e-03
  -1.2581592e-02
  -1.5166542e-02
  -8.4046505e-03
  -2.9577583e-03
  -8.8747576e-05
   2.4270343e-03
   4.8735356e-03
   6.5773334e-03
   7.7679260e-03
   8.5820407e-03
   9.0326639e-03
   9.4353100e-03
   9.8783039e-03
   1.0187354e-02
   1.0481949e-02
   1.0835322e-02
   1.1115752e-02
   1.7858550e-02
   1.8464847e-02
   1.8955195e-02
   1.9415910e-02
   1.9878313e-02
   2.0153521e-02
   2.0182318e-02
   1.9683220e-02
   1.8808047e-02
   1.7593101e-02
   1.5665484e-02
   1.3635937e-02
   1.1236941e-02
   7.8253694e-03
   4.5633292e-03
   1.1017668e-03
  -3.0096162e-03
  -6.3679510e-03
  -9.7880132e-03
  -1.3958299e-02
  -1.7473062e-02
  -2.1045158e-02
  -2.5042581e-02
  -2.8025235e-02
  -3.1008003e-02
  -3.2551098e-02
  -3.1172067e-02
   0.0000000e+00
   0.0000000e+00
   0.0000000e+00
   0.0000000e+00
   0.0000000e+00
   0.0000000e+00
   0.0000000e+00
   0.0000000e+00
   0.0000000e+00
   0.0000000e+00
   0.0000000e+00
   0.0000000e+00
   0.0000000e+00
   0.0000000e+00
   0.0000000e+00
   2.2234675e-03
  -1.0688540e-02
  -1.7337685e-02
  -1.5088335e-02
  -1.6469064e-02
  -1.6243573e-02
  -1.2248159e-02
  -7.9680300e-03
  -5.1604243e-03
  -3.5481688e-03
  -4.0206014e-03
  -6.1200327e-03
  -9.3036502e-03
  -1.3302181e-02
  -1.5166544e-02
  -1.0938717e-02
  -3.3531453e-03
   8.2451415e-04
   4.4449958e-03
   7.9555575e-03
   1.0473029e-02
   1.2299386e-02
   1.3655111e-02
   1.4390038e-02
   1.4972916e-02
   1.5572893e-02
   1.5983786e-02
   1.6383547e-02
   1.6905725e-02
   1.7370536e-02
   2.3743063e-02
   2.4522902e-02
   2.5064196e-02
   2.5496468e-02
   2.5739897e-02
   2.5628034e-02
   2.5034651e-02
   2.3418339e-02
   2.1330316e-02
   1.8668545e-02
   1.4772759e-02
   1.1117546e-02
   7.3282523e-03
   2.6715070e-03
  -1.3252496e-03
  -5.3314492e-03
  -1.0031424e-02
  -1.3878882e-02
  -1.7780391e-02
  -2.2535965e-02
  -2.6465341e-02
  -2.9938444e-02
  -3.2972783e-02
  -3.4918416e-02
  -3.6986955e-02
  -3.9139889e-02
  -3.9769944e-02
   0.0000000e+00
   0.0000000e+00
   0.0000000e+00
   0.0000000e+00
   0.0000000e+00
   0.0000000e+00
   0.0000000e+00
   0.0000000e+00
   0.0000000e+00
   0.0000000e+00
   0.0000000e+00
   0.0000000e+00
   0.0000000e+00
   0.0000000e+00
   0.0000000e+00
   2.2234674e-03
  -1.0688541e-02
  -3.9816919e-03
  -6.9335047e-03
  -1.9055497e-02
  -2.2661213e-02
  -1.7509485e-02
  -1.0762861e-02
  -5.9540458e-03
  -2.4753273e-03
  -1.9268674e-03
  -3.7121873e-03
  -7.2665606e-03
  -1.5058998e-02
  -2.2758245e-02
  -2.2235395e-02
  -9.9148173e-03
  -4.3294821e-03
   6.2640337e-04
   5.8155232e-03
   9.9305790e-03
   1.3263937e-02
   1.6148943e-02
   1.7854821e-02
   1.9143274e-02
   2.0287432e-02
   2.1016557e-02
   2.1650150e-02
   2.2374865e-02
   2.3038024e-02
   2.2790460e-02
   2.3392664e-02
   2.3750544e-02
   2.3969797e-02
   2.3928730e-02
   2.3542956e-02
   2.2654358e-02
   2.0671088e-02
   1.8298484e-02
   1.5387892e-02
   1.1282760e-02
   7.5339344e-03
   3.7187114e-03
  -8.7140460e-04
  -4.7507109e-03
  -8.6097699e-03
  -1.3142116e-02
  -1.6847450e-02
  -2.0583019e-02
  -2.5136586e-02
  -2.8884800e-02
  -3.2195821e-02
  -3.5254203e-02
  -3.7395097e-02
  -3.9617799e-02
  -4.1542515e-02
  -4.3472830e-02
  -4.7420159e-02
   0.0000000e+00
   0.0000000e+00
   0.0000000e+00
   0.0000000e+00
   0.0000000e+00
   0.0000000e+00
   0.0000000e+00
   0.0000000e+00
   0.0000000e+00
   0.0000000e+00
   0.0000000e+00
   0.0000000e+00
   0.0000000e+00
   0.0000000e+00
   0.0000000e+00
   0.0000000e+00
   0.0000000e+00
  -3.9412082e-03
  -1.8374499e-02
  -2.4552241e-02
  -2.0055510e-02
  -1.2816549e-02
  -6.9655278e-03
  -2.1404556e-03
  -6.2426180e-04
  -1.7249917e-03
  -4.4813622e-03
  -1.3278090e-02
  -2.4003301e-02
  -2.7656674e-02
  -1.4351957e-02
  -8.6317314e-03
  -3.4743494e-03
   2.0612965e-03
   6.7309537e-03
   1.0707251e-02
   1.4309267e-02
   1.6460614e-02
   1.8067129e-02
   1.9450488e-02
   2.0272627e-02
   2.0934639e-02
   2.1622404e-02
   2.2202764e-02
   1.8398950e-02
   1.8524466e-02
   1.8437655e-02
   1.8172896e-02
   1.7552463e-02
   1.6674154e-02
   1.5330649e-02
   1.2909322e-02
   1.0325321e-02
   7.3730262e-03
   3.5109722e-03
   1.4703895e-04
  -3.2133493e-03
  -7.1875054e-03
  -1.0521961e-02
  -1.3837654e-02
  -1.7762783e-02
  -2.0956969e-02
  -2.4128924e-02
  -2.7996694e-02
  -3.1170727e-02
  -3.4142116e-02
  -3.7613102e-02
  -4.0591488e-02
  -4.3510763e-02
  -4.4679712e-02
  -4.6178669e-02
  -4.7420158e-02
   0.0000000e+00
   0.0000000e+00
   0.0000000e+00
   0.0000000e+00
   0.0000000e+00
   0.0000000e+00
   0.0000000e+00
   0.0000000e+00
   0.0000000e+00
   0.0000000e+00
   0.0000000e+00
   0.0000000e+00
   0.0000000e+00
   0.0000000e+00
   0.0000000e+00
   0.0000000e+00
   0.0000000e+00
   1.2935547e-03
  -1.5835333e-02
  -2.6565112e-02
  -2.4017398e-02
  -1.6549120e-02
  -9.0198213e-03
  -1.7604383e-03
   1.6242906e-03
   1.9965641e-03
   1.2302079e-03
  -8.4926721e-03
  -2.4081530e-02
  -3.6058061e-02
  -2.2222603e-02
  -1.6710686e-02
  -1.1580200e-02
  -5.8618659e-03
  -4.9645001e-04
   4.4142473e-03
   9.1143784e-03
   1.1940260e-02
   1.4023819e-02
   1.5760923e-02
   1.6681117e-02
   1.7322490e-02
   1.7849443e-02
   1.8164095e-02
   1.0559294e-02
   1.0878626e-02
   1.1022304e-02
   1.0937444e-02
   1.0506002e-02
   9.8198811e-03
   8.7702186e-03
   6.8485038e-03
   4.8505836e-03
   2.6246299e-03
  -2.1438436e-04
  -2.6309269e-03
  -4.9814995e-03
  -7.6734177e-03
  -9.9110613e-03
  -1.2222573e-02
  -1.5150631e-02
  -1.7748768e-02
  -2.0563972e-02
  -2.4502946e-02
  -2.8307367e-02
  -3.2481866e-02
  -3.7961273e-02
  -4.2834289e-02
  -4.7728564e-02
  -5.1051568e-02
  -5.2135456e-02
  -5.5983384e-02
   0.0000000e+00
   0.0000000e+00
   0.0000000e+00
   0.0000000e+00
   0.0000000e+00
   0.0000000e+00
   0.0000000e+00
   0.0000000e+00
   0.0000000e+00
   0.0000000e+00
   0.0000000e+00
   0.0000000e+00
   0.0000000e+00
   0.0000000e+00
   0.0000000e+00
   0.0000000e+00
   0.0000000e+00
  -1.1662400e-03
  -1.5835334e-02
  -2.6717775e-02
  -2.7739689e-02
  -2.3494163e-02
  -1.5028298e-02
  -4.5797436e-03
   2.2441243e-03
   4.2234799e-03
   3.3699632e-03
  -8.4926725e-03
  -2.4081529e-02
  -3.6058060e-02
  -2.6700636e-02
  -2.3994800e-02
  -2.0290192e-02
  -1.5663945e-02
  -1.0673261e-02
  -5.6660686e-03
  -2.8184189e-04
   3.1946632e-03
   5.7157458e-03
   7.7417963e-03
   8.7822629e-03
   9.4287783e-03
   9.9406546e-03
   1.0267358e-02
   6.0974127e-03
   6.6901897e-03
   7.1414621e-03
   7.3606935e-03
   7.2815134e-03
   6.8850830e-03
   6.1612041e-03
   4.6680090e-03
   3.0610667e-03
   1.2703944e-03
  -9.8214543e-04
  -2.8806174e-03
  -4.7044838e-03
  -6.7431186e-03
  -8.4227705e-03
  -1.0224881e-02
  -1.2678009e-02
  -1.5038807e-02
  -1.7785473e-02
  -2.1925839e-02
  -2.6169137e-02
  -3.1026322e-02
  -3.7580695e-02
  -4.3498258e-02
  -4.9582709e-02
  -5.4754674e-02
  -5.6640667e-02
  -5.9305474e-02
  -6.3812355e-02
   0.0000000e+00
   0.0000000e+00
   0.0000000e+00
   0.0000000e+00
   0.0000000e+00
   0.0000000e+00
   0.0000000e+00
   0.0000000e+00
   0.0000000e+00
   0.0000000e+00
   0.0000000e+00
   0.0000000e+00
   0.0000000e+00
   0.0000000e+00
   0.0000000e+00
   0.0000000e+00
  -1.9920176e-03
   0.0000000e+00
  -0.0000000e+00
  -3.0819189e-02
  -2.8466962e-02
  -1.9810194e-02
  -7.6591019e-03
   2.1065471e-03
   4.7560602e-03
   6.2433114e-03
   0.0000000e+00
   0.0000000e+00
   0.0000000e+00
  -2.8600562e-02
  -2.7194487e-02
  -2.4387550e-02
  -2.0609599e-02
  -1.6084943e-02
  -1.1303421e-02
  -5.8152140e-03
  -2.0703305e-03
   7.0168596e-04
   2.9401614e-03
   4.0745875e-03
   4.7460753e-03
   5.2996860e-03
   5.6927686e-03
  -8.6344446e-04
   5.2194558e-04
   1.8488825e-03
   2.9950638e-03
   4.0144488e-03
   4.4744987e-03
   4.6145765e-03
   4.1133612e-03
   3.2451906e-03
   2.1827002e-03
   8.5456924e-04
  -2.8308397e-04
  -1.3929935e-03
  -2.5840783e-03
  -3.5418631e-03
  -4.6886480e-03
  -6.6084937e-03
  -8.8276450e-03
  -1.1769161e-02
  -1.6584623e-02
  -2.1692297e-02
  -2.7609924e-02
  -3.5688511e-02
  -4.3159873e-02
  -5.1249439e-02
  -6.0703619e-02
  -6.6170617e-02
  -6.9207979e-02
  -6.3812360e-02
   0.0000000e+00
   0.0000000e+00
   0.0000000e+00
   0.0000000e+00
   0.0000000e+00
   0.0000000e+00
   0.0000000e+00
   0.0000000e+00
   0.0000000e+00
   0.0000000e+00
   0.0000000e+00
   0.0000000e+00
   0.0000000e+00
   0.0000000e+00
   0.0000000e+00
   0.0000000e+00
   0.0000000e+00
   0.0000000e+00
  -3.0457518e-02
  -3.7779495e-02
  -3.8513544e-02
  -3.0326585e-02
  -1.5771933e-02
   7.9176157e-04
   3.1203449e-03
   0.0000000e+00
   0.0000000e+00
   0.0000000e+00
   0.0000000e+00
  -3.0109111e-02
  -3.0063776e-02
  -2.8850522e-02
  -2.6904675e-02
  -2.3674142e-02
  -1.9874214e-02
  -1.4864050e-02
  -1.0929146e-02
  -7.7613419e-03
  -5.0838354e-03
  -3.7455958e-03
  -2.9856875e-03
  -2.2540880e-03
  -1.6239051e-03
  -6.7211981e-03
  -5.1370827e-03
  -3.2037571e-03
  -1.1743117e-03
   1.1889092e-03
   2.8456005e-03
   4.1469750e-03
   4.9177730e-03
   4.8644100e-03
   4.4072317e-03
   3.5960749e-03
   2.7646888e-03
   1.8452532e-03
   7.8487396e-04
  -8.0321217e-05
  -1.0875206e-03
  -2.7812142e-03
  -4.7837249e-03
  -7.5183036e-03
  -1.2143308e-02
  -1.7218895e-02
  -2.3287792e-02
  -3.1874578e-02
  -4.0043898e-02
  -4.9162395e-02
  -6.1180457e-02
  -7.0753500e-02
  -7.8138582e-02
  -7.4365239e-02
  -6.5212724e-02
   0.0000000e+00
   0.0000000e+00
   0.0000000e+00
   0.0000000e+00
   0.0000000e+00
   0.0000000e+00
   0.0000000e+00
   0.0000000e+00
   0.0000000e+00
   0.0000000e+00
   0.0000000e+00
   0.0000000e+00
   0.0000000e+00
  -0.0000000e+00
  -3.2376430e-02
  -2.7257951e-02
  -0.0000000e+00
  -2.3804037e-02
  -3.9234959e-02
  -4.4548303e-02
  -3.9265890e-02
  -2.4212619e-02
   7.9176164e-04
   3.1203456e-03
   0.0000000e+00
   0.0000000e+00
   0.0000000e+00
  -2.9853787e-02
  -2.9949522e-02
  -3.0150276e-02
  -2.9351855e-02
  -2.8501632e-02
  -2.6436061e-02
  -2.3724023e-02
  -1.9816430e-02
  -1.6349092e-02
  -1.3377951e-02
  -1.0694702e-02
  -9.2634261e-03
  -8.5068671e-03
  -7.9176761e-03
  -7.4186465e-03
  -1.0684831e-02
  -9.1689667e-03
  -7.0251563e-03
  -4.5524621e-03
  -1.3832235e-03
   1.0835812e-03
   3.2405728e-03
   4.9991105e-03
   5.6171480e-03
   5.6652930e-03
   5.2503431e-03
   4.6219834e-03
   3.8092071e-03
   2.7826305e-03
   1.9310820e-03
   9.8570762e-04
  -5.5491395e-04
  -2.3687116e-03
  -4.8656482e-03
  -9.1860602e-03
  -1.4073470e-02
  -2.0067746e-02
  -2.8772442e-02
  -3.7223592e-02
  -4.6843890e-02
  -6.0227964e-02
  -7.2163551e-02
  -8.2692526e-02
  -8.0633149e-02
  -6.8228795e-02
   0.0000000e+00
   0.0000000e+00
   0.0000000e+00
   0.0000000e+00
   0.0000000e+00
   0.0000000e+00
   0.0000000e+00
   0.0000000e+00
   0.0000000e+00
   0.0000000e+00
   0.0000000e+00
   0.0000000e+00
   0.0000000e+00
  -0.0000000e+00
  -3.2192126e-02
  -2.6535454e-02
  -0.0000000e+00
  -2.2256532e-02
  -3.9965980e-02
  -4.7615983e-02
  -4.4366533e-02
  -3.0448455e-02
   0.0000000e+00
   0.0000000e+00
   0.0000000e+00
   0.0000000e+00
  -0.0000000e+00
  -2.7584598e-02
  -2.9195532e-02
  -2.9535212e-02
  -2.9244613e-02
  -2.9100331e-02
  -2.7795257e-02
  -2.5788819e-02
  -2.2640418e-02
  -1.9551141e-02
  -1.6754406e-02
  -1.4127537e-02
  -1.2665579e-02
  -1.1947237e-02
  -1.1531025e-02
  -1.1211394e-02
  -1.6541345e-02
  -1.5785181e-02
  -1.3979825e-02
  -1.1354041e-02
  -7.3295491e-03
  -3.6644211e-03
  -1.6247960e-05
   3.6146120e-03
   5.6148996e-03
   6.7208538e-03
   7.0421242e-03
   6.7000738e-03
   5.9726603e-03
   4.8184493e-03
   3.8277982e-03
   2.8677401e-03
   1.5534423e-03
   1.5538790e-04
  -1.6731493e-03
  -4.9723991e-03
  -9.0407295e-03
  -1.4349567e-02
  -2.2494047e-02
  -3.0742709e-02
  -4.0472545e-02
  -5.4676225e-02
  -6.8751210e-02
  -8.4582032e-02
  -9.2859938e-02
  -8.2487747e-02
   0.0000000e+00
   0.0000000e+00
   0.0000000e+00
   0.0000000e+00
   0.0000000e+00
   0.0000000e+00
   0.0000000e+00
   0.0000000e+00
   0.0000000e+00
   0.0000000e+00
   0.0000000e+00
   0.0000000e+00
   0.0000000e+00
  -0.0000000e+00
  -3.1320818e-02
  -2.3119733e-02
   0.0000000e+00
   0.0000000e+00
  -4.0306221e-02
  -4.8847490e-02
  -4.8821595e-02
  -4.1366872e-02
   0.0000000e+00
   0.0000000e+00
   0.0000000e+00
   0.0000000e+00
  -1.6941674e-02
  -1.9538634e-02
  -2.5981878e-02
  -2.6437159e-02
  -2.7635077e-02
  -2.8418792e-02
  -2.8147145e-02
  -2.7084094e-02
  -2.5100131e-02
  -2.2769968e-02
  -2.0365244e-02
  -1.8017561e-02
  -1.6615153e-02
  -1.6070122e-02
  -1.6158522e-02
  -1.6398600e-02
  -1.8794303e-02
  -1.8962448e-02
  -1.8040340e-02
  -1.6191635e-02
  -1.2789177e-02
  -9.1785135e-03
  -5.1448553e-03
  -4.7508543e-04
   2.6460219e-03
   4.9297059e-03
   6.4705207e-03
   6.8022601e-03
   6.4928170e-03
   5.5171850e-03
   4.4982419e-03
   3.4930229e-03
   2.2818029e-03
   1.1312432e-03
  -2.8849558e-04
  -2.7733798e-03
  -5.9763563e-03
  -1.0363965e-02
  -1.7431885e-02
  -2.4871335e-02
  -3.3843841e-02
  -4.7356604e-02
  -6.1390266e-02
  -7.8438556e-02
  -9.3413409e-02
  -8.8045020e-02
   0.0000000e+00
   0.0000000e+00
   0.0000000e+00
   0.0000000e+00
   0.0000000e+00
   0.0000000e+00
   0.0000000e+00
   0.0000000e+00
   0.0000000e+00
   0.0000000e+00
   0.0000000e+00
   0.0000000e+00
  -4.3432369e-02
  -4.4702959e-02
  -2.8696694e-02
  -1.8866324e-02
   0.0000000e+00
   0.0000000e+00
  -4.0306224e-02
  -4.2326944e-02
  -4.7264101e-02
  -4.4226675e-02
   0.0000000e+00
   0.0000000e+00
   0.0000000e+00
  -0.0000000e+00
  -1.0833710e-02
  -1.6706643e-02
  -2.1182911e-02
  -2.3123306e-02
  -2.5334631e-02
  -2.6839801e-02
  -2.7050900e-02
  -2.6409396e-02
  -2.4970253e-02
  -2.3236425e-02
  -2.1229818e-02
  -1.9068805e-02
  -1.7633395e-02
  -1.7091969e-02
  -1.7480233e-02
  -1.8127912e-02
  -1.9754731e-02
  -2.0512392e-02
  -2.0249383e-02
  -1.9051208e-02
  -1.6299912e-02
  -1.2971558e-02
  -8.9767413e-03
  -3.9447977e-03
  -2.2866252e-04
   2.7752460e-03
   5.2471890e-03
   6.2412707e-03
   6.4211361e-03
   5.7791936e-03
   4.8487571e-03
   3.8576249e-03
   2.7176134e-03
   1.7311501e-03
   5.5575624e-04
  -1.4232123e-03
  -4.0274172e-03
  -7.7337148e-03
  -1.3928543e-02
  -2.0644208e-02
  -2.8891122e-02
  -4.1588085e-02
  -5.5208072e-02
  -7.2490764e-02
  -9.1151645e-02
  -8.9417657e-02
   0.0000000e+00
   0.0000000e+00
   0.0000000e+00
   0.0000000e+00
   0.0000000e+00
   0.0000000e+00
   0.0000000e+00
   0.0000000e+00
   0.0000000e+00
   0.0000000e+00
   0.0000000e+00
   0.0000000e+00
  -4.3992543e-02
  -4.5333858e-02
  -2.8295979e-02
  -1.6930938e-02
   0.0000000e+00
   0.0000000e+00
   0.0000000e+00
  -3.6376860e-02
  -4.6555410e-02
  -4.4706314e-02
   0.0000000e+00
   0.0000000e+00
   0.0000000e+00
  -8.0850793e-03
  -9.4128741e-03
  -1.4620924e-02
  -1.7843810e-02
  -2.0469337e-02
  -2.3238396e-02
  -2.5316456e-02
  -2.5878178e-02
  -2.5514468e-02
  -2.4395350e-02
  -2.3054312e-02
  -2.1369090e-02
  -1.9393458e-02
  -1.7939427e-02
  -1.7352090e-02
  -1.7865385e-02
  -1.8755474e-02
  -1.9529760e-02
  -2.0874705e-02
  -2.1505824e-02
  -2.1339943e-02
  -1.9868368e-02
  -1.7435275e-02
  -1.4185253e-02
  -9.5376288e-03
  -5.5258904e-03
  -1.8811726e-03
   1.8986148e-03
   4.1294294e-03
   5.3491564e-03
   5.5847549e-03
   5.0067568e-03
   4.1360306e-03
   3.0805159e-03
   2.2730206e-03
   1.3004141e-03
  -2.0798454e-04
  -2.0994710e-03
  -4.8945020e-03
  -9.7570602e-03
  -1.5236619e-02
  -2.2159068e-02
  -3.3112886e-02
  -4.5360147e-02
  -6.1531941e-02
  -8.2413430e-02
  -8.5398858e-02
   0.0000000e+00
   0.0000000e+00
   0.0000000e+00
   0.0000000e+00
   0.0000000e+00
   0.0000000e+00
   0.0000000e+00
   0.0000000e+00
   0.0000000e+00
   0.0000000e+00
   0.0000000e+00
   0.0000000e+00
  -4.5939941e-02
  -4.5478229e-02
  -3.3811677e-02
   0.0000000e+00
   0.0000000e+00
   0.0000000e+00
   0.0000000e+00
  -2.2549718e-02
   0.0000000e+00
  -4.0897926e-02
   0.0000000e+00
   0.0000000e+00
   0.0000000e+00
  -8.2126711e-03
  -9.3043684e-03
  -1.1849891e-02
  -1.3826968e-02
  -1.6485093e-02
  -1.9590003e-02
  -2.2518432e-02
  -2.3535421e-02
  -2.3470625e-02
  -2.2602226e-02
  -2.1683375e-02
  -2.0485647e-02
  -1.8859195e-02
  -1.7392629e-02
  -1.6639990e-02
  -1.7113607e-02
  -1.8201653e-02
  -1.7641135e-02
  -1.9177316e-02
  -2.0094737e-02
  -2.0556226e-02
  -2.0175854e-02
  -1.8756432e-02
  -1.6501229e-02
  -1.2934901e-02
  -9.6580423e-03
  -6.4000548e-03
  -2.6365360e-03
   2.7103827e-04
   2.6106508e-03
   4.1487636e-03
   4.3031941e-03
   3.8697296e-03
   3.0264820e-03
   2.3889388e-03
   1.6308811e-03
   4.0372086e-04
  -1.0360003e-03
  -3.2050852e-03
  -7.0055136e-03
  -1.1312347e-02
  -1.6825028e-02
  -2.5641475e-02
  -3.5802327e-02
  -4.9455538e-02
  -7.1245611e-02
  -8.1555903e-02
   0.0000000e+00
   0.0000000e+00
   0.0000000e+00
   0.0000000e+00
   0.0000000e+00
   0.0000000e+00
   0.0000000e+00
   0.0000000e+00
   0.0000000e+00
   0.0000000e+00
   0.0000000e+00
   0.0000000e+00
  -4.8340023e-02
  -4.5478227e-02
  -3.3811679e-02
   0.0000000e+00
   0.0000000e+00
   0.0000000e+00
   0.0000000e+00
  -2.2549716e-02
   0.0000000e+00
  -4.0897925e-02
   0.0000000e+00
   0.0000000e+00
  -1.0314529e-02
  -9.5290896e-03
  -1.0653224e-02
  -1.0675940e-02
  -1.1755735e-02
  -1.2899795e-02
  -1.5108217e-02
  -1.8412899e-02
  -1.9829120e-02
  -1.9959876e-02
  -1.9287968e-02
  -1.8566018e-02
  -1.7699746e-02
  -1.6565470e-02
  -1.5437618e-02
  -1.4719716e-02
  -1.5023510e-02
  -1.6145520e-02
  -1.5720539e-02
  -1.7430581e-02
  -1.8453128e-02
  -1.9138362e-02
  -1.9259496e-02
  -1.8452784e-02
  -1.6866706e-02
  -1.3992256e-02
  -1.1296550e-02
  -8.5232016e-03
  -5.1296484e-03
  -2.2725344e-03
   4.3178562e-04
   2.7448360e-03
   3.4940048e-03
   3.5125085e-03
   2.9372985e-03
   2.3800805e-03
   1.7607249e-03
   7.4431318e-04
  -4.0346490e-04
  -2.1934623e-03
  -5.3494358e-03
  -8.8912238e-03
  -1.3457269e-02
  -2.0772561e-02
  -2.9352442e-02
  -4.1047849e-02
  -6.0951728e-02
  -7.1269867e-02
  -6.8237568e-02
   0.0000000e+00
   0.0000000e+00
   0.0000000e+00
   0.0000000e+00
   0.0000000e+00
   0.0000000e+00
   0.0000000e+00
   0.0000000e+00
   0.0000000e+00
   0.0000000e+00
  -0.0000000e+00
  -4.5661957e-02
   0.0000000e+00
   0.0000000e+00
   0.0000000e+00
   0.0000000e+00
   0.0000000e+00
   0.0000000e+00
   0.0000000e+00
  -2.8601236e-02
  -2.8601236e-02
   0.0000000e+00
  -0.0000000e+00
  -1.1204894e-02
  -1.1134276e-02
  -1.1323527e-02
  -1.0616517e-02
  -1.1529063e-02
  -1.1742178e-02
  -1.2227688e-02
  -1.4631545e-02
  -1.6187251e-02
  -1.6464297e-02
  -1.5887782e-02
  -1.5308335e-02
  -1.4658242e-02
  -1.3920043e-02
  -1.3191936e-02
  -1.2718789e-02
  -1.2982208e-02
  -1.4120037e-02
  -1.3398244e-02
  -1.5309384e-02
  -1.6376637e-02
  -1.7148890e-02
  -1.7606989e-02
  -1.7355900e-02
  -1.6427144e-02
  -1.4208656e-02
  -1.2142041e-02
  -9.9951625e-03
  -7.2055268e-03
  -4.7366722e-03
  -1.9343211e-03
   1.0722511e-03
   2.4740561e-03
   3.0422918e-03
   2.8142957e-03
   2.3132225e-03
   1.8263670e-03
   1.0314451e-03
   1.6247790e-04
  -1.2832027e-03
  -3.8529350e-03
  -6.6590747e-03
  -1.0296240e-02
  -1.6094295e-02
  -2.3002112e-02
  -3.2597549e-02
  -4.8975796e-02
  -6.3638404e-02
  -6.8237580e-02
   0.0000000e+00
   0.0000000e+00
   0.0000000e+00
   0.0000000e+00
   0.0000000e+00
   0.0000000e+00
   0.0000000e+00
   0.0000000e+00
   0.0000000e+00
   0.0000000e+00
  -3.4624506e-02
  -4.1532539e-02
   0.0000000e+00
   0.0000000e+00
   0.0000000e+00
   0.0000000e+00
   0.0000000e+00
   0.0000000e+00
   0.0000000e+00
  -2.8601239e-02
  -2.8601239e-02
   0.0000000e+00
  -1.3151949e-02
  -1.2308165e-02
  -1.3193239e-02
  -1.1823302e-02
  -1.1047224e-02
  -1.2087686e-02
  -1.1444837e-02
  -9.4876913e-03
  -1.0233728e-02
  -1.1840025e-02
  -1.2270661e-02
  -1.1763230e-02
  -1.1330526e-02
  -1.0888265e-02
  -1.0582714e-02
  -1.0362463e-02
  -1.0278040e-02
  -1.0551260e-02
  -1.1699922e-02
  -8.5882578e-03
  -1.0948413e-02
  -1.2339096e-02
  -1.3239646e-02
  -1.3784468e-02
  -1.3733554e-02
  -1.3215243e-02
  -1.1597643e-02
  -1.0029649e-02
  -8.5711625e-03
  -6.7278283e-03
  -5.1135431e-03
  -3.2110375e-03
  -3.7657635e-04
   1.5539819e-03
   2.9202729e-03
   3.3682241e-03
   3.0069067e-03
   2.3999067e-03
   1.6897055e-03
   1.1021522e-03
   1.8075514e-04
  -1.6585071e-03
  -3.6008434e-03
  -6.0944232e-03
  -1.0011513e-02
  -1.4592541e-02
  -2.1150236e-02
  -3.2955950e-02
  -4.4692821e-02
  -4.8929805e-02
   0.0000000e+00
   0.0000000e+00
   0.0000000e+00
   0.0000000e+00
   0.0000000e+00
   0.0000000e+00
   0.0000000e+00
   0.0000000e+00
   0.0000000e+00
  -0.0000000e+00
  -2.9823817e-02
  -3.5142025e-02
   0.0000000e+00
   0.0000000e+00
   0.0000000e+00
   0.0000000e+00
   0.0000000e+00
   0.0000000e+00
   0.0000000e+00
  -0.0000000e+00
  -1.4208259e-02
  -1.0645998e-02
  -9.3076302e-03
  -1.1526332e-02
  -6.7914852e-03
  -6.5110600e-03
  -5.7840447e-03
  -7.5063616e-03
  -1.0578989e-02
  -7.8255763e-03
  -2.7921533e-03
  -2.3643932e-03
  -2.4725019e-03
  -2.2752421e-03
  -2.2887411e-03
  -2.4149860e-03
  -2.8695002e-03
  -3.5056172e-03
  -4.3825601e-03
  -5.3257028e-03
  -6.6973506e-03
  -4.5712828e-03
  -7.2325561e-03
  -8.9064855e-03
  -9.9667786e-03
  -1.0635664e-02
  -1.0619182e-02
  -1.0070676e-02
  -8.5564489e-03
  -7.1860068e-03
  -5.9319111e-03
  -4.4791903e-03
  -3.1759758e-03
  -1.7782936e-03
   3.3053567e-04
   1.9947703e-03
   3.4054879e-03
   4.2148870e-03
   4.1262922e-03
   3.4915209e-03
   2.6485536e-03
   2.0684798e-03
   1.3846043e-03
   6.8686568e-05
  -1.3910092e-03
  -3.2303021e-03
  -6.1450712e-03
  -9.5015010e-03
  -1.4367118e-02
  -2.3388429e-02
  -3.3240438e-02
  -3.7136376e-02
   0.0000000e+00
   0.0000000e+00
   0.0000000e+00
   0.0000000e+00
  -0.0000000e+00
  -1.8244425e-02
  -1.6700925e-02
  -1.5768651e-02
  -1.9633681e-02
  -2.3921944e-02
  -3.0175719e-02
  -3.3149607e-02
   0.0000000e+00
   0.0000000e+00
   0.0000000e+00
   0.0000000e+00
   0.0000000e+00
   0.0000000e+00
   0.0000000e+00
  -0.0000000e+00
  -6.3704159e-03
  -8.6695058e-03
  -1.0519683e-02
  -1.2509899e-02
  -6.7914847e-03
  -6.5110597e-03
  -5.7840445e-03
  -7.5063607e-03
  -1.0874664e-02
  -1.0492346e-02
  -8.2932034e-04
   3.2852245e-03
   4.9122865e-03
   5.7154810e-03
   5.5176993e-03
   4.7818827e-03
   3.5245232e-03
   2.3296080e-03
   8.8599126e-04
  -8.6079759e-04
  -2.5135151e-03
   1.4632056e-04
  -2.8158433e-03
  -4.7499384e-03
  -5.9723202e-03
  -6.7751408e-03
  -6.7848866e-03
  -6.1864583e-03
  -4.7117439e-03
  -3.4887865e-03
  -2.4166135e-03
  -1.2836405e-03
  -3.0947971e-04
   6.7897525e-04
   2.1384005e-03
   3.3605706e-03
   4.5297681e-03
   5.4462408e-03
   5.5617108e-03
   4.9736938e-03
   4.0235915e-03
   3.3925958e-03
   2.8796284e-03
   2.1309755e-03
   1.2356176e-03
   8.6244021e-05
  -1.7640516e-03
  -3.9078393e-03
  -7.2035166e-03
  -1.3684028e-02
  -2.1553403e-02
  -2.4968760e-02
   0.0000000e+00
   0.0000000e+00
   0.0000000e+00
   0.0000000e+00
  -1.2254869e-02
  -1.3979063e-02
  -1.4089407e-02
  -1.4381330e-02
  -1.8743020e-02
  -2.3875023e-02
  -3.0359267e-02
  -3.2110408e-02
   0.0000000e+00
   0.0000000e+00
   0.0000000e+00
   0.0000000e+00
   0.0000000e+00
   0.0000000e+00
   0.0000000e+00
   0.0000000e+00
   4.2531453e-04
  -6.3637039e-03
  -1.0858645e-02
  -1.4326187e-02
   0.0000000e+00
   0.0000000e+00
   0.0000000e+00
   0.0000000e+00
  -0.0000000e+00
  -1.3682494e-02
  -1.5982724e-03
   7.0293401e-03
   1.1210373e-02
   1.3422532e-02
   1.3563309e-02
   1.2600781e-02
   1.0718109e-02
   9.0516144e-03
   7.0874691e-03
   4.5222230e-03
   2.4585789e-03
   5.6297393e-03
   2.3514635e-03
   1.9122958e-04
  -1.1997799e-03
  -2.1358489e-03
  -2.1535554e-03
  -1.4620009e-03
   8.4482221e-05
   1.2495073e-03
   2.1936507e-03
   3.1147576e-03
   3.7549566e-03
   4.4335369e-03
   5.3460132e-03
   5.9513366e-03
   6.5511810e-03
   7.2545847e-03
   7.4553583e-03
   6.9628181e-03
   5.9510469e-03
   5.2045416e-03
   4.7843256e-03
   4.6235174e-03
   4.3799076e-03
   3.9613298e-03
   3.2379671e-03
   2.2858065e-03
   4.1780519e-04
  -3.8572014e-03
  -9.6631963e-03
  -1.0474528e-02
   0.0000000e+00
   0.0000000e+00
   0.0000000e+00
   0.0000000e+00
  -2.6218232e-03
  -5.4584364e-03
  -8.8324863e-03
  -1.1603870e-02
  -1.6985187e-02
  -2.3758516e-02
   0.0000000e+00
   0.0000000e+00
   0.0000000e+00
   0.0000000e+00
   0.0000000e+00
   0.0000000e+00
   0.0000000e+00
   0.0000000e+00
   0.0000000e+00
   0.0000000e+00
   5.6659156e-03
  -3.6688682e-03
  -1.0048957e-02
  -1.3641779e-02
   0.0000000e+00
   0.0000000e+00
   0.0000000e+00
   0.0000000e+00
   0.0000000e+00
  -1.9382677e-02
  -5.6259292e-03
   8.2943290e-03
   1.5843624e-02
   2.0300461e-02
   2.1377238e-02
   2.0695711e-02
   1.8531505e-02
   1.6590096e-02
   1.4222512e-02
   1.0898020e-02
   8.3091361e-03
   1.2553412e-02
   8.7291583e-03
   6.3689274e-03
   4.7275136e-03
   3.7331626e-03
   3.7946089e-03
   4.8108853e-03
   6.8461091e-03
   8.2726014e-03
   9.3366963e-03
   1.0283856e-02
   1.0644083e-02
   1.0885937e-02
   1.1294767e-02
   1.1284106e-02
   1.1013120e-02
   1.1038730e-02
   1.0926987e-02
   1.0243656e-02
   9.3217956e-03
   8.4210544e-03
   8.0646963e-03
   8.3830211e-03
   8.9442438e-03
   9.4652783e-03
   1.0110257e-02
   1.0582250e-02
   1.0424821e-02
   8.2601946e-03
   4.8052340e-03
  -1.3248688e-03
   0.0000000e+00
   0.0000000e+00
   0.0000000e+00
   0.0000000e+00
   0.0000000e+00
   1.4950405e-03
  -4.1415669e-03
  -9.2761633e-03
  -1.5764592e-02
  -2.1719832e-02
   0.0000000e+00
   0.0000000e+00
   0.0000000e+00
   0.0000000e+00
   0.0000000e+00
   0.0000000e+00
   0.0000000e+00
   0.0000000e+00
   0.0000000e+00
   0.0000000e+00
   8.2577919e-03
   1.1495231e-05
  -7.1474076e-03
  -1.0947025e-02
   0.0000000e+00
   0.0000000e+00
   0.0000000e+00
   0.0000000e+00
   0.0000000e+00
  -3.3119072e-02
  -1.3380019e-02
   6.0453062e-03
   1.7086466e-02
   2.3989658e-02
   2.6507443e-02
   2.7043440e-02
   2.5961408e-02
   2.4645232e-02
   2.2408253e-02
   1.8848370e-02
   1.5858740e-02
   1.7005576e-02
   1.2931809e-02
   1.0655615e-02
   9.0621337e-03
   7.8264717e-03
   8.0062170e-03
   9.4725303e-03
   1.2208408e-02
   1.4272122e-02
   1.5927823e-02
   1.7374564e-02
   1.8060124e-02
   1.8343337e-02
   1.8245105e-02
   1.7700259e-02
   1.6990356e-02
   1.5909499e-02
   1.5379916e-02
   1.4505875e-02
   1.3159079e-02
   1.2227686e-02
   1.1769492e-02
   1.2316329e-02
   1.3247783e-02
   1.4452964e-02
   1.6279608e-02
   1.8009268e-02
   1.9425642e-02
   1.9309945e-02
   1.7195866e-02
   1.3573902e-02
   9.3429897e-03
   5.7323728e-03
   4.2177961e-03
   0.0000000e+00
   0.0000000e+00
   6.0193906e-03
   6.1578373e-04
  -5.4976209e-03
  -1.2457726e-02
  -2.1719834e-02
   0.0000000e+00
   0.0000000e+00
   0.0000000e+00
   0.0000000e+00
   0.0000000e+00
   0.0000000e+00
   0.0000000e+00
   0.0000000e+00
   0.0000000e+00
   0.0000000e+00
   6.0923640e-03
   3.7301606e-03
  -2.6390951e-03
  -1.2800364e-03
   0.0000000e+00
   0.0000000e+00
   0.0000000e+00
   0.0000000e+00
   0.0000000e+00
  -4.1943267e-02
  -2.3975261e-02
  -8.0603361e-04
   1.2935322e-02
   2.1225212e-02
   2.4918370e-02
   2.6421251e-02
   2.7354246e-02
   2.7485542e-02
   2.5999464e-02
   2.3098528e-02
   2.0211611e-02
   1.8978119e-02
   1.5384484e-02
   1.3295246e-02
   1.1933198e-02
   1.0853691e-02
   1.0781359e-02
   1.2203177e-02
   1.5579614e-02
   1.8360816e-02
   2.0677231e-02
   2.2541748e-02
   2.3791973e-02
   2.4461407e-02
   2.4584856e-02
   2.3648625e-02
   2.2674911e-02
   2.0870157e-02
   1.9964630e-02
   1.8695913e-02
   1.7094456e-02
   1.5976833e-02
   1.5434036e-02
   1.5955759e-02
   1.6953744e-02
   1.8849295e-02
   2.1150060e-02
   2.4147928e-02
   2.6539797e-02
   2.8829671e-02
   2.7947653e-02
   2.6027862e-02
   2.0124519e-02
   1.6626544e-02
   1.6508234e-02
   0.0000000e+00
   0.0000000e+00
   9.9458868e-03
   5.7458254e-03
  -9.1072721e-05
  -1.1917819e-02
   0.0000000e+00
   0.0000000e+00
   0.0000000e+00
   0.0000000e+00
   0.0000000e+00
   0.0000000e+00
   0.0000000e+00
   0.0000000e+00
   0.0000000e+00
   0.0000000e+00
   0.0000000e+00
   2.4890506e-03
   3.2832935e-03
  -3.6411639e-04
   3.3808938e-05
   5.1594365e-03
   6.3131310e-03
   3.0969177e-03
  -2.1684564e-03
  -1.3277178e-02
  -3.9505284e-02
  -3.0905347e-02
  -9.6243462e-03
   5.0667683e-03
   1.4499417e-02
   1.9205336e-02
   2.1782162e-02
   2.4703847e-02
   2.6507877e-02
   2.6440062e-02
   2.4084531e-02
   2.1780055e-02
   1.9610884e-02
   1.6774543e-02
   1.4727933e-02
   1.3683636e-02
   1.2473365e-02
   1.2480996e-02
   1.3512791e-02
   1.7158963e-02
   2.0273557e-02
   2.3366550e-02
   2.5778182e-02
   2.7548816e-02
   2.8655244e-02
   2.9409945e-02
   2.8586276e-02
   2.7490690e-02
   2.5467081e-02
   2.4091281e-02
   2.2579191e-02
   2.0584261e-02
   1.9441903e-02
   1.8770540e-02
   1.9307921e-02
   2.0208111e-02
   2.2560749e-02
   2.5362642e-02
   2.9169608e-02
   3.2368395e-02
   3.6694258e-02
   3.7420291e-02
   3.7223328e-02
   3.2761894e-02
   2.9345006e-02
   2.5293007e-02
   2.5222468e-02
   2.0520864e-02
   1.5048397e-02
   1.1944868e-02
   9.5642433e-03
   0.0000000e+00
   0.0000000e+00
   0.0000000e+00
   0.0000000e+00
   0.0000000e+00
   0.0000000e+00
   0.0000000e+00
   0.0000000e+00
   0.0000000e+00
   0.0000000e+00
   0.0000000e+00
  -0.0000000e+00
  -2.4579549e-03
   2.5288918e-04
  -7.6386554e-04
   6.8356778e-05
   4.1538933e-03
   5.7609840e-03
   4.2974660e-03
  -2.3321752e-04
  -1.0327611e-02
  -3.2234248e-02
  -3.3479579e-02
  -1.7455371e-02
  -3.7324028e-03
   6.4807208e-03
   1.1981688e-02
   1.5746489e-02
   2.0082666e-02
   2.3235807e-02
   2.4782902e-02
   2.3458255e-02
   2.1978121e-02
   1.9627310e-02
   1.7301213e-02
   1.5508723e-02
   1.4416273e-02
   1.2961252e-02
   1.2949614e-02
   1.3833921e-02
   1.7164677e-02
   2.0147617e-02
   2.3547854e-02
   2.6564073e-02
   2.8780744e-02
   3.0265123e-02
   3.1708214e-02
   3.1330034e-02
   3.0427272e-02
   2.8467882e-02
   2.6837590e-02
   2.5081469e-02
   2.2900028e-02
   2.1732849e-02
   2.1063766e-02
   2.1391990e-02
   2.2302245e-02
   2.4661651e-02
   2.8234147e-02
   3.2351065e-02
   3.6389891e-02
   4.1986313e-02
   4.4625296e-02
   4.6076912e-02
   4.3874010e-02
   4.0839712e-02
   3.6757983e-02
   3.0647419e-02
   2.5929006e-02
   2.1987576e-02
   1.9769989e-02
   1.7232169e-02
   1.6247684e-02
   0.0000000e+00
   0.0000000e+00
   0.0000000e+00
   0.0000000e+00
   0.0000000e+00
   0.0000000e+00
   0.0000000e+00
   0.0000000e+00
   0.0000000e+00
   0.0000000e+00
  -0.0000000e+00
  -7.0725242e-03
  -4.5684814e-03
  -3.6232290e-03
  -1.9950147e-03
   2.5937227e-03
   4.8712263e-03
   5.9931153e-03
   2.4896839e-03
  -5.0320955e-03
  -2.0768445e-02
  -2.7137190e-02
  -1.8312215e-02
  -7.8494148e-03
   1.4393838e-03
   7.0929388e-03
   1.1364626e-02
   1.6169110e-02
   1.9740426e-02
   2.2324100e-02
   2.2354228e-02
   2.1477313e-02
   1.8850779e-02
   1.6786445e-02
   1.5584159e-02
   1.4157632e-02
   1.2756465e-02
   1.2090113e-02
   1.3115500e-02
   1.5598055e-02
   1.8340295e-02
   2.1165639e-02
   2.4475798e-02
   2.6896108e-02
   2.8605347e-02
   3.0462999e-02
   3.0551130e-02
   3.0154893e-02
   2.8404146e-02
   2.6937604e-02
   2.4987314e-02
   2.2989891e-02
   2.1741524e-02
   2.1262988e-02
   2.1255253e-02
   2.2364146e-02
   2.4492836e-02
   2.8844964e-02
   3.3161260e-02
   3.8037926e-02
   4.4347439e-02
   4.8689747e-02
   5.1619858e-02
   5.1910028e-02
   5.0143173e-02
   4.6514522e-02
   4.1217625e-02
   3.6173198e-02
   3.1844731e-02
   2.8032122e-02
   2.3263295e-02
   2.1308472e-02
   0.0000000e+00
   0.0000000e+00
   0.0000000e+00
   0.0000000e+00
   0.0000000e+00
   0.0000000e+00
   0.0000000e+00
   0.0000000e+00
   0.0000000e+00
   0.0000000e+00
  -0.0000000e+00
  -1.0028368e-02
  -9.8278010e-03
  -8.5644116e-03
  -6.0308687e-03
  -2.1641600e-04
   3.1958475e-03
   5.8570891e-03
   4.1078934e-03
  -5.6193506e-04
  -9.3069477e-03
  -1.4519469e-02
  -1.1483070e-02
  -5.4592690e-03
   1.0210205e-03
   5.8958896e-03
   9.5978910e-03
   1.4293681e-02
   1.7307376e-02
   2.0142268e-02
   2.0908222e-02
   2.0291767e-02
   1.6419576e-02
   1.4933335e-02
   1.3966547e-02
   1.2705550e-02
   1.1410626e-02
   1.0240830e-02
   1.0944785e-02
   1.2426865e-02
   1.4842109e-02
   1.6801225e-02
   1.9753266e-02
   2.1966381e-02
   2.3547122e-02
   2.5516888e-02
   2.5904391e-02
   2.6093695e-02
   2.4888705e-02
   2.3778655e-02
   2.2171963e-02
   2.0426530e-02
   1.9482194e-02
   1.9023094e-02
   1.9288920e-02
   2.0445714e-02
   2.2637874e-02
   2.7158495e-02
   3.1791404e-02
   3.7217498e-02
   4.3974902e-02
   4.9374167e-02
   5.3480286e-02
   5.5964138e-02
   5.5843461e-02
   5.3493526e-02
   4.9431842e-02
   4.4829112e-02
   4.1078556e-02
   3.5435267e-02
   3.1716458e-02
   2.7922208e-02
   0.0000000e+00
   0.0000000e+00
   0.0000000e+00
   0.0000000e+00
   0.0000000e+00
   0.0000000e+00
   0.0000000e+00
   0.0000000e+00
   0.0000000e+00
  -0.0000000e+00
  -1.7250772e-02
  -1.1448763e-02
  -1.4976637e-02
  -1.4348773e-02
  -1.1373432e-02
  -5.0506978e-03
  -4.5433262e-04
   2.7300995e-03
   3.4433166e-03
   7.0069317e-04
  -2.9844963e-03
  -5.8002616e-03
  -4.7885398e-03
  -2.0169124e-03
   1.9155010e-03
   5.3889225e-03
   8.3390027e-03
   1.2492539e-02
   1.4903586e-02
   1.7381478e-02
   1.8121423e-02
   1.7715169e-02
   1.2621898e-02
   1.1848511e-02
   1.0594109e-02
   9.8368917e-03
   8.6242026e-03
   7.7510155e-03
   7.8410227e-03
   8.5290577e-03
   1.0322257e-02
   1.1618727e-02
   1.3789730e-02
   1.5592778e-02
   1.6880322e-02
   1.8699175e-02
   1.9075276e-02
   1.9585822e-02
   1.9190285e-02
   1.8480752e-02
   1.7747384e-02
   1.6370691e-02
   1.5839908e-02
   1.5443353e-02
   1.6089650e-02
   1.7445864e-02
   1.9652955e-02
   2.4086887e-02
   2.8793020e-02
   3.4284052e-02
   4.1383151e-02
   4.6966184e-02
   5.2032627e-02
   5.6064155e-02
   5.7419375e-02
   5.6915142e-02
   5.3784419e-02
   5.1322926e-02
   4.7398504e-02
   4.2333364e-02
   3.7894402e-02
   3.0685481e-02
   0.0000000e+00
   0.0000000e+00
   0.0000000e+00
   0.0000000e+00
   0.0000000e+00
   0.0000000e+00
   0.0000000e+00
   0.0000000e+00
   0.0000000e+00
  -0.0000000e+00
  -1.7519470e-02
  -1.2297535e-02
  -1.8565174e-02
  -1.8824778e-02
  -1.6526842e-02
  -1.0191241e-02
  -5.4576239e-03
  -2.0469211e-03
  -1.5046197e-04
  -1.0432357e-03
  -1.9340091e-03
  -3.0198419e-03
  -2.5661113e-03
  -1.0007281e-03
   1.4429984e-03
   3.9175176e-03
   6.2853605e-03
   9.2442632e-03
   1.1451420e-02
   1.2975286e-02
   1.3875925e-02
   1.3517745e-02
   7.6263752e-03
   7.4147629e-03
   6.0784575e-03
   5.3728521e-03
   4.8864814e-03
   4.1050725e-03
   3.8661442e-03
   4.1064085e-03
   5.0532133e-03
   6.2125726e-03
   7.3910425e-03
   8.7232273e-03
   1.0125203e-02
   1.1339870e-02
   1.1757977e-02
   1.2163165e-02
   1.2287302e-02
   1.2363694e-02
   1.2495279e-02
   1.1819996e-02
   1.1238199e-02
   1.1084331e-02
   1.1764615e-02
   1.3328169e-02
   1.5532250e-02
   1.9654553e-02
   2.4349857e-02
   2.9532023e-02
   3.6647309e-02
   4.2355333e-02
   4.7631830e-02
   5.2836712e-02
   5.5389032e-02
   5.5864654e-02
   5.4985192e-02
   5.3650133e-02
   5.1157758e-02
   4.7226094e-02
   4.2054780e-02
   3.6842708e-02
   3.4630002e-02
   0.0000000e+00
   0.0000000e+00
   0.0000000e+00
   0.0000000e+00
   0.0000000e+00
   0.0000000e+00
   0.0000000e+00
   0.0000000e+00
  -0.0000000e+00
  -1.1841904e-02
  -1.3858743e-02
  -1.9640721e-02
  -2.1574046e-02
  -1.9698860e-02
  -1.4428137e-02
  -1.0357167e-02
  -6.8083429e-03
  -4.8374957e-03
  -4.6174545e-03
  -3.8888555e-03
  -3.6539913e-03
  -3.1380896e-03
  -1.9990832e-03
  -6.0037471e-04
   1.6674518e-03
   3.2808364e-03
   4.9762428e-03
   6.6509442e-03
   7.4602324e-03
   8.3646076e-03
   8.1258444e-03
   1.8571995e-03
   1.6132196e-03
   5.2774965e-04
   5.3338020e-04
  -2.8508779e-04
  -9.9360687e-04
  -7.3027238e-04
  -1.2009650e-03
  -7.2192930e-04
   4.0857121e-04
   5.8071525e-04
   1.7814725e-03
   3.0510486e-03
   3.3978792e-03
   4.2660860e-03
   4.7773640e-03
   4.7882218e-03
   5.9231962e-03
   6.5965229e-03
   6.3840663e-03
   6.5272688e-03
   6.3261348e-03
   6.8850452e-03
   8.4138233e-03
   1.0414767e-02
   1.4050463e-02
   1.8229173e-02
   2.3078797e-02
   2.9594492e-02
   3.5194695e-02
   4.0950730e-02
   4.6265215e-02
   4.9623974e-02
   5.1973343e-02
   5.1762935e-02
   5.2341666e-02
   5.2714564e-02
   4.8301682e-02
   4.5095745e-02
   4.0759951e-02
   3.3138044e-02
   3.1809543e-02
   3.4421463e-02
   0.0000000e+00
   0.0000000e+00
   0.0000000e+00
   0.0000000e+00
   0.0000000e+00
  -0.0000000e+00
  -6.8995957e-03
  -1.0917730e-02
  -1.4784895e-02
  -2.0178480e-02
  -2.2479191e-02
  -2.0921603e-02
  -1.7589878e-02
  -1.4226454e-02
  -1.0766249e-02
  -9.0251639e-03
  -8.1541762e-03
  -7.1223541e-03
  -6.0639740e-03
  -5.1554609e-03
  -4.1945609e-03
  -3.2161849e-03
  -1.8310931e-03
  -3.6973602e-04
   3.6707486e-04
   5.8814185e-04
   1.4938501e-03
   1.9562566e-03
   1.4611202e-03
  -4.5642713e-03
  -5.2117221e-03
  -5.5240076e-03
  -5.2698813e-03
  -6.1645168e-03
  -6.4628068e-03
  -5.9760832e-03
  -6.0534626e-03
  -5.7947533e-03
  -5.2757566e-03
  -5.1597971e-03
  -4.4920100e-03
  -3.8583851e-03
  -3.6980782e-03
  -2.8993499e-03
  -2.1440645e-03
  -1.6350623e-03
  -2.9749691e-04
   4.6741375e-04
   3.4159559e-04
   1.3985764e-03
   1.8657852e-03
   1.8238573e-03
   3.4749364e-03
   5.1522264e-03
   7.3528728e-03
   1.1314567e-02
   1.5426566e-02
   2.0293957e-02
   2.6044860e-02
   3.1253770e-02
   3.5815138e-02
   4.0123925e-02
   4.3133184e-02
   4.4628471e-02
   4.6958178e-02
   4.8041552e-02
   4.6816755e-02
   4.5623541e-02
   4.0754382e-02
   3.4295920e-02
   3.2823201e-02
   2.7906516e-02
   0.0000000e+00
   0.0000000e+00
   0.0000000e+00
   0.0000000e+00
  -0.0000000e+00
  -5.1311728e-03
  -4.6883710e-03
  -9.1488045e-03
  -1.2688489e-02
  -1.7936673e-02
  -2.0923747e-02
  -2.0089062e-02
  -1.8317560e-02
  -1.6677303e-02
  -1.4029657e-02
  -1.2113946e-02
  -1.0767238e-02
  -9.3235364e-03
  -8.3808573e-03
  -7.1448279e-03
  -5.9763510e-03
  -6.1885570e-03
  -5.3760260e-03
  -4.1632708e-03
  -4.6954942e-03
  -4.7007063e-03
  -4.3076947e-03
  -4.9668043e-03
  -5.0416351e-03
  -9.6205967e-03
  -1.0019848e-02
  -1.0357251e-02
  -1.0468764e-02
  -1.0684572e-02
  -1.0700964e-02
  -1.0302423e-02
  -9.7726546e-03
  -9.4269179e-03
  -9.0966243e-03
  -8.6907726e-03
  -8.4033646e-03
  -8.0599608e-03
  -7.4211108e-03
  -6.7778304e-03
  -6.1211349e-03
  -5.2087563e-03
  -4.3938393e-03
  -3.8721093e-03
  -3.2879638e-03
  -2.5401502e-03
  -1.8727982e-03
  -1.0448626e-03
  -3.1296891e-05
   1.2074674e-03
   3.3398492e-03
   5.8112433e-03
   8.8485507e-03
   1.3258527e-02
   1.7373996e-02
   2.1441087e-02
   2.5713846e-02
   2.8979186e-02
   3.1910967e-02
   3.4593735e-02
   3.6728203e-02
   3.8877025e-02
   3.9786994e-02
   3.8623661e-02
   3.6256380e-02
   3.2624859e-02
   2.8055366e-02
   2.3044819e-02
   1.9746570e-02
   1.7670743e-02
   1.1911157e-02
   1.0130061e-02
   3.6623837e-03
   5.7494699e-04
  -2.9924116e-04
  -3.1432714e-03
  -7.9888497e-03
  -1.3000887e-02
  -1.5132034e-02
  -1.5558812e-02
  -1.5117720e-02
  -1.4573994e-02
  -1.3709199e-02
  -1.2144980e-02
  -1.0702960e-02
  -9.3768863e-03
  -8.0282111e-03
  -7.3177065e-03
  -6.9915676e-03
  -6.8160919e-03
  -6.5790433e-03
  -6.6467710e-03
  -7.1329223e-03
  -7.5824559e-03
  -8.4157931e-03
  -9.3472227e-03
  -9.5023178e-03
  -1.2573138e-02
  -1.2966907e-02
  -1.3286375e-02
  -1.3555701e-02
  -1.3803910e-02
  -1.3861542e-02
  -1.3681389e-02
  -1.3240001e-02
  -1.2796554e-02
  -1.2195159e-02
  -1.1422885e-02
  -1.0920316e-02
  -1.0455539e-02
  -9.7971484e-03
  -9.1167744e-03
  -8.4183840e-03
  -7.6768342e-03
  -7.0211547e-03
  -6.3038850e-03
  -5.4731318e-03
  -4.7675744e-03
  -4.1376729e-03
  -3.2602190e-03
  -2.2633052e-03
  -1.0330621e-03
   6.5191236e-04
   2.2069751e-03
   4.0723244e-03
   6.8422956e-03
   9.4764428e-03
   1.2151528e-02
   1.5155192e-02
   1.7437330e-02
   1.9484859e-02
   2.1579567e-02
   2.3173606e-02
   2.4474252e-02
   2.5332311e-02
   2.5304308e-02
   2.4318371e-02
   2.1743076e-02
   1.8831417e-02
   1.5892738e-02
   1.3077022e-02
   1.1202722e-02
   9.7985314e-03
   8.8509219e-03
   8.3701871e-03
   7.7474397e-03
   6.6208849e-03
   3.9288122e-03
   7.1810384e-05
  -3.7757077e-03
  -5.7690055e-03
  -6.9833095e-03
  -8.0736931e-03
  -8.6271167e-03
  -8.9146188e-03
  -8.7814126e-03
  -8.3893407e-03
  -7.9742586e-03
  -7.5993682e-03
  -7.4131950e-03
  -7.3182164e-03
  -7.4632666e-03
  -7.7704862e-03
  -8.2166838e-03
  -8.9435074e-03
  -9.6676778e-03
  -1.0566480e-02
  -1.1473734e-02
  -1.2051687e-02
  -1.3764801e-02
  -1.4345407e-02
  -1.4572587e-02
  -1.4757897e-02
  -1.4989470e-02
  -1.5000394e-02
  -1.4827943e-02
  -1.4546014e-02
  -1.4217600e-02
  -1.3764271e-02
  -1.3123193e-02
  -1.2502776e-02
  -1.1803761e-02
  -1.0883857e-02
  -1.0096715e-02
  -9.3259805e-03
  -8.4056261e-03
  -7.5617515e-03
  -6.6542299e-03
  -5.5901180e-03
  -4.6241577e-03
  -3.6999655e-03
  -2.5934999e-03
  -1.5792528e-03
  -5.0132447e-04
   9.4426073e-04
   2.2530317e-03
   3.5954741e-03
   5.3194356e-03
   6.8658434e-03
   8.3886147e-03
   1.0105575e-02
   1.1499147e-02
   1.2820728e-02
   1.4213170e-02
   1.5189911e-02
   1.6017364e-02
   1.6792561e-02
   1.7234709e-02
   1.7407598e-02
   1.7269401e-02
   1.6974469e-02
   1.6593732e-02
   1.6119258e-02
   1.5705000e-02
   1.5253370e-02
   1.4550231e-02
   1.3573290e-02
   1.2303398e-02
   1.0135471e-02
   8.0836197e-03
   6.1762775e-03
   4.0926859e-03
   2.4487685e-03
   9.4561439e-04
  -7.1207841e-04
  -1.8536510e-03
  -2.8002827e-03
  -3.8524030e-03
  -4.6630303e-03
  -5.4098029e-03
  -6.2640164e-03
  -6.9216826e-03
  -7.5697693e-03
  -8.3324819e-03
  -8.9339063e-03
  -9.5572845e-03
  -1.0386301e-02
  -1.1082694e-02
  -1.1763202e-02
  -1.2569723e-02
  -1.3195065e-02
